-0.050000	29.104700
-0.049900	29.104700
-0.049800	29.104700
-0.049700	-48.680698
-0.049600	-29.234400
-0.049500	58.274300
-0.049400	-9.788000
-0.049300	-9.788000
-0.049200	29.104700
-0.049100	48.551102
-0.049000	19.381500
-0.048900	29.104700
-0.048800	-29.234400
-0.048700	-87.573502
-0.048600	-9.788000
-0.048500	-19.511200
-0.048400	9.658360
-0.048300	29.104700
-0.048200	-38.957500
-0.048100	-87.573502
-0.048000	19.381500
-0.047900	67.997398
-0.047800	29.104700
-0.047700	-29.234400
-0.047600	-87.573502
-0.047500	9.658360
-0.047400	29.104700
-0.047300	-29.234400
-0.047200	9.658360
-0.047100	9.658360
-0.047000	-87.573502
-0.046900	-87.573502
-0.046800	-0.064821
-0.046700	126.336998
-0.046600	116.612999
-0.046500	-29.234400
-0.046400	-29.234400
-0.046300	9.658360
-0.046200	67.997398
-0.046100	29.104700
-0.046000	-68.127098
-0.045900	-9.788000
-0.045800	29.104700
-0.045700	-9.788000
-0.045600	-165.358994
-0.045500	-87.573502
-0.045400	-9.788000
-0.045300	-87.573502
-0.045200	-48.680698
-0.045100	-29.234400
-0.045000	-48.680698
-0.044900	-19.511200
-0.044800	-87.573502
-0.044700	-9.788000
-0.044600	19.381500
-0.044500	87.443802
-0.044400	97.167000
-0.044300	87.443802
-0.044200	106.889999
-0.044100	29.104700
-0.044000	9.658360
-0.043900	9.658360
-0.043800	29.104700
-0.043700	48.551102
-0.043600	97.167000
-0.043500	87.443802
-0.043400	106.889999
-0.043300	145.783005
-0.043200	87.443802
-0.043100	-58.403900
-0.043000	-29.234400
-0.042900	9.658360
-0.042800	-0.064821
-0.042700	29.104700
-0.042600	48.551102
-0.042500	48.551102
-0.042400	126.336998
-0.042300	77.720596
-0.042200	9.658360
-0.042100	-19.511200
-0.042000	-48.680698
-0.041900	-58.403900
-0.041800	87.443802
-0.041700	97.167000
-0.041600	87.443802
-0.041500	-9.788000
-0.041400	-48.680698
-0.041300	9.658360
-0.041200	58.274300
-0.041100	19.381500
-0.041000	-9.788000
-0.040900	-29.234400
-0.040800	29.104700
-0.040700	-48.680698
-0.040600	-38.957500
-0.040500	9.658360
-0.040400	-58.403900
-0.040300	-48.680698
-0.040200	-9.788000
-0.040100	-9.788000
-0.040000	-0.064821
-0.039900	67.997398
-0.039800	48.551102
-0.039700	-19.511200
-0.039600	58.274300
-0.039500	29.104700
-0.039400	-9.788000
-0.039300	-9.788000
-0.039200	106.889999
-0.039100	145.783005
-0.039000	9.658360
-0.038900	-87.573502
-0.038800	-87.573502
-0.038700	87.443802
-0.038600	-9.788000
-0.038500	-48.680698
-0.038400	48.551102
-0.038300	106.889999
-0.038200	58.274300
-0.038100	-9.788000
-0.038000	-126.466003
-0.037900	-87.573502
-0.037800	-19.511200
-0.037700	58.274300
-0.037600	-9.788000
-0.037500	-48.680698
-0.037400	126.336998
-0.037300	97.167000
-0.037200	-9.788000
-0.037100	29.104700
-0.037000	9.658360
-0.036900	126.336998
-0.036800	97.167000
-0.036700	-9.788000
-0.036600	-48.680698
-0.036500	-9.788000
-0.036400	87.443802
-0.036300	9.658360
-0.036200	-48.680698
-0.036100	-48.680698
-0.036000	-87.573502
-0.035900	-9.788000
-0.035800	19.381500
-0.035700	-68.127098
-0.035600	-29.234400
-0.035500	29.104700
-0.035400	-19.511200
-0.035300	-38.957500
-0.035200	-9.788000
-0.035100	67.997398
-0.035000	106.889999
-0.034900	97.167000
-0.034800	-29.234400
-0.034700	-87.573502
-0.034600	67.997398
-0.034500	106.889999
-0.034400	-38.957500
-0.034300	-48.680698
-0.034200	67.997398
-0.034100	29.104700
-0.034000	-29.234400
-0.033900	-9.788000
-0.033800	9.658360
-0.033700	29.104700
-0.033600	-48.680698
-0.033500	-29.234400
-0.033400	19.381500
-0.033300	19.381500
-0.033200	-19.511200
-0.033100	-9.788000
-0.033000	19.381500
-0.032900	106.889999
-0.032800	48.551102
-0.032700	-29.234400
-0.032600	-9.788000
-0.032500	-9.788000
-0.032400	-19.511200
-0.032300	-58.403900
-0.032200	-29.234400
-0.032100	-48.680698
-0.032000	-19.511200
-0.031900	-9.788000
-0.031800	-87.573502
-0.031700	9.658360
-0.031600	106.889999
-0.031500	9.658360
-0.031400	-9.788000
-0.031300	29.104700
-0.031200	9.658360
-0.031100	-87.573502
-0.031000	-19.511200
-0.030900	67.997398
-0.030800	-9.788000
-0.030700	-87.573502
-0.030600	-29.234400
-0.030500	-87.573502
-0.030400	-38.957500
-0.030300	67.997398
-0.030200	-9.788000
-0.030100	-145.912994
-0.030000	-0.064821
-0.029900	106.889999
-0.029800	-9.788000
-0.029700	-29.234400
-0.029600	48.551102
-0.029500	-9.788000
-0.029400	-87.573502
-0.029300	-136.188995
-0.029200	-48.680698
-0.029100	67.997398
-0.029000	106.889999
-0.028900	58.274300
-0.028800	29.104700
-0.028700	29.104700
-0.028600	106.889999
-0.028500	48.551102
-0.028400	-48.680698
-0.028300	-87.573502
-0.028200	-87.573502
-0.028100	19.381500
-0.028000	-38.957500
-0.027900	-87.573502
-0.027800	-9.788000
-0.027700	-58.403900
-0.027600	9.658360
-0.027500	-9.788000
-0.027400	-97.296600
-0.027300	-48.680698
-0.027200	-68.127098
-0.027100	-97.296600
-0.027000	9.658360
-0.026900	48.551102
-0.026800	-9.788000
-0.026700	48.551102
-0.026600	-9.788000
-0.026500	9.658360
-0.026400	-9.788000
-0.026300	-29.234400
-0.026200	9.658360
-0.026100	9.658360
-0.026000	-58.403900
-0.025900	-145.912994
-0.025800	-9.788000
-0.025700	87.443802
-0.025600	29.104700
-0.025500	-58.403900
-0.025400	-9.788000
-0.025300	-87.573502
-0.025200	-29.234400
-0.025100	48.551102
-0.025000	67.997398
-0.024900	29.104700
-0.024800	67.997398
-0.024700	29.104700
-0.024600	-9.788000
-0.024500	19.381500
-0.024400	106.889999
-0.024300	58.274300
-0.024200	29.104700
-0.024100	29.104700
-0.024000	-9.788000
-0.023900	-9.788000
-0.023800	48.551102
-0.023700	-9.788000
-0.023600	97.167000
-0.023500	184.675995
-0.023400	97.167000
-0.023300	-48.680698
-0.023200	9.658360
-0.023100	67.997398
-0.023000	38.827900
-0.022900	-0.064821
-0.022800	-48.680698
-0.022700	9.658360
-0.022600	67.997398
-0.022500	-9.788000
-0.022400	-87.573502
-0.022300	-48.680698
-0.022200	-9.788000
-0.022100	-9.788000
-0.022000	9.658360
-0.021900	-9.788000
-0.021800	-29.234400
-0.021700	-48.680698
-0.021600	-0.064821
-0.021500	-38.957500
-0.021400	-87.573502
-0.021300	-87.573502
-0.021200	-9.788000
-0.021100	48.551102
-0.021000	-29.234400
-0.020900	87.443802
-0.020800	67.997398
-0.020700	-48.680698
-0.020600	-48.680698
-0.020500	136.059998
-0.020400	29.104700
-0.020300	-107.019997
-0.020200	-9.788000
-0.020100	67.997398
-0.020000	29.104700
-0.019900	9.658360
-0.019800	29.104700
-0.019700	48.551102
-0.019600	-9.788000
-0.019500	19.381500
-0.019400	-9.788000
-0.019300	-48.680698
-0.019200	-87.573502
-0.019100	-29.234400
-0.019000	29.104700
-0.018900	67.997398
-0.018800	106.889999
-0.018700	48.551102
-0.018600	-87.573502
-0.018500	-29.234400
-0.018400	-9.788000
-0.018300	-126.466003
-0.018200	-29.234400
-0.018100	67.997398
-0.018000	-48.680698
-0.017900	-87.573502
-0.017800	-87.573502
-0.017700	-48.680698
-0.017600	9.658360
-0.017500	48.551102
-0.017400	48.551102
-0.017300	9.658360
-0.017200	-9.788000
-0.017100	9.658360
-0.017000	9.658360
-0.016900	29.104700
-0.016800	67.997398
-0.016700	-126.466003
-0.016600	-165.358994
-0.016500	-9.788000
-0.016400	48.551102
-0.016300	-9.788000
-0.016200	-0.064821
-0.016100	29.104700
-0.016000	116.612999
-0.015900	48.551102
-0.015800	-58.403900
-0.015700	-9.788000
-0.015600	-19.511200
-0.015500	-9.788000
-0.015400	-9.788000
-0.015300	-116.742996
-0.015200	-9.788000
-0.015100	19.381500
-0.015000	-87.573502
-0.014900	-87.573502
-0.014800	19.381500
-0.014700	77.720596
-0.014600	9.658360
-0.014500	19.381500
-0.014400	106.889999
-0.014300	19.381500
-0.014200	-19.511200
-0.014100	-38.957500
-0.014000	-29.234400
-0.013900	-19.511200
-0.013800	48.551102
-0.013700	38.827900
-0.013600	-29.234400
-0.013500	29.104700
-0.013400	-9.788000
-0.013300	9.658360
-0.013200	-19.511200
-0.013100	29.104700
-0.013000	19.381500
-0.012900	29.104700
-0.012800	9.658360
-0.012700	-0.064821
-0.012600	29.104700
-0.012500	-29.234400
-0.012400	-87.573502
-0.012300	48.551102
-0.012200	-48.680698
-0.012100	-107.019997
-0.012000	-107.019997
-0.011900	-58.403900
-0.011800	67.997398
-0.011700	19.381500
-0.011600	-9.788000
-0.011500	-9.788000
-0.011400	145.783005
-0.011300	106.889999
-0.011200	29.104700
-0.011100	58.274300
-0.011000	-29.234400
-0.010900	-87.573502
-0.010800	29.104700
-0.010700	106.889999
-0.010600	19.381500
-0.010500	-126.466003
-0.010400	-107.019997
-0.010300	-19.511200
-0.010200	-9.788000
-0.010100	-9.788000
-0.010000	-48.680698
-0.009900	-97.296600
-0.009800	-87.573502
-0.009700	-9.788000
-0.009600	87.443802
-0.009500	145.783005
-0.009400	19.381500
-0.009300	9.658360
-0.009200	48.551102
-0.009100	38.827900
-0.009000	29.104700
-0.008900	-29.234400
-0.008800	-29.234400
-0.008700	67.997398
-0.008600	126.336998
-0.008500	145.783005
-0.008400	29.104700
-0.008300	-29.234400
-0.008200	-9.788000
-0.008100	-87.573502
-0.008000	-29.234400
-0.007900	-29.234400
-0.007800	-29.234400
-0.007700	-9.788000
-0.007600	-87.573502
-0.007500	-48.680698
-0.007400	-48.680698
-0.007300	-87.573502
-0.007200	-87.573502
-0.007100	-48.680698
-0.007000	87.443802
-0.006900	-9.788000
-0.006800	-126.466003
-0.006700	-48.680698
-0.006600	-9.788000
-0.006500	-29.234400
-0.006400	67.997398
-0.006300	19.381500
-0.006200	-87.573502
-0.006100	-29.234400
-0.006000	-9.788000
-0.005900	-58.403900
-0.005800	48.551102
-0.005700	48.551102
-0.005600	-58.403900
-0.005500	29.104700
-0.005400	106.889999
-0.005300	-9.788000
-0.005200	-9.788000
-0.005100	-48.680698
-0.005000	-126.466003
-0.004900	-87.573502
-0.004800	9.658360
-0.004700	-9.788000
-0.004600	29.104700
-0.004500	-9.788000
-0.004400	-58.403900
-0.004300	-87.573502
-0.004200	-126.466003
-0.004100	-29.234400
-0.004000	9.658360
-0.003900	-19.511200
-0.003800	9.658360
-0.003700	48.551102
-0.003600	-9.788000
-0.003500	29.104700
-0.003400	87.443802
-0.003300	29.104700
-0.003200	67.997398
-0.003100	184.675995
-0.003000	48.551102
-0.002900	-58.403900
-0.002800	-9.788000
-0.002700	29.104700
-0.002600	-87.573502
-0.002500	-58.403900
-0.002400	-58.403900
-0.002300	-87.573502
-0.002200	-126.466003
-0.002100	9.658360
-0.002000	48.551102
-0.001900	9.658360
-0.001800	-29.234400
-0.001700	-0.064821
-0.001600	106.889999
-0.001500	-9.788000
-0.001400	-48.680698
-0.001300	-29.234400
-0.001200	-0.064821
-0.001100	-87.573502
-0.001000	-48.680698
-0.000900	87.443802
-0.000800	9.658360
-0.000700	-29.234400
-0.000600	116.612999
-0.000500	106.889999
-0.000400	-48.680698
-0.000300	-48.680698
-0.000200	106.889999
-0.000100	67.997398
0.000000	-29.234400
0.000100	-48.680698
0.000200	67.997398
0.000300	67.997398
0.000400	19.381500
0.000500	-29.234400
0.000600	-87.573502
0.000700	-87.573502
0.000800	145.783005
0.000900	340.247009
0.001000	87.443802
0.001100	-204.251999
0.001200	145.783005
0.001300	534.710022
0.001400	330.523010
0.001500	-48.680698
0.001600	-9.788000
0.001700	340.247009
0.001800	476.371002
0.001900	-495.946991
0.002000	-1021.000000
0.002100	184.675995
0.002200	534.710022
0.002300	29.104700
0.002400	-184.804993
0.002500	145.783005
0.002600	418.032013
0.002700	-145.912994
0.002800	-204.251999
0.002900	184.675995
0.003000	174.951996
0.003100	106.889999
0.003200	165.229004
0.003300	67.997398
0.003400	-38.957500
0.003500	223.567993
0.003600	67.997398
0.003700	165.229004
0.003800	136.059998
0.003900	-165.358994
0.004000	-165.358994
0.004100	-204.251999
0.004200	-87.573502
0.004300	29.104700
0.004400	-107.019997
0.004500	-87.573502
0.004600	-126.466003
0.004700	-136.188995
0.004800	29.104700
0.004900	9.658360
0.005000	-398.714996
0.005100	-29.234400
0.005200	87.443802
0.005300	-282.036987
0.005400	-291.760010
0.005500	-320.929993
0.005600	-145.912994
0.005700	-223.697998
0.005800	-369.545990
0.005900	-359.822998
0.006000	-340.376007
0.006100	-437.608002
0.006200	-418.161987
0.006300	-282.036987
0.006400	-320.929993
0.006500	-223.697998
0.006600	-87.573502
0.006700	-204.251999
0.006800	-165.358994
0.006900	-9.788000
0.007000	67.997398
0.007100	-87.573502
0.007200	67.997398
0.007300	204.121994
0.007400	9.658360
0.007500	-9.788000
0.007600	48.551102
0.007700	281.907013
0.007800	87.443802
0.007900	-107.019997
0.008000	252.738007
0.008100	145.783005
0.008200	-87.573502
0.008300	-68.127098
0.008400	48.551102
0.008500	291.631012
0.008600	262.460999
0.008700	243.014999
0.008800	77.720596
0.008900	-87.573502
0.009000	-184.804993
0.009100	106.889999
0.009200	359.692993
0.009300	-29.234400
0.009400	-136.188995
0.009500	281.907013
0.009600	330.523010
0.009700	281.907013
0.009800	262.460999
0.009900	349.970001
0.010000	184.675995
0.010100	-0.064821
0.010200	301.354004
0.010300	690.281006
0.010400	359.692993
0.010500	301.354004
0.010600	476.371002
0.010700	223.567993
0.010800	174.951996
0.010900	204.121994
0.011000	19.381500
0.011100	-126.466003
0.011200	-408.437988
0.011300	-379.269012
0.011400	-320.929993
0.011500	-709.856995
0.011600	-865.427979
0.011700	-1059.890015
0.011800	-1001.549988
0.011900	-709.856995
0.012000	-1448.819946
0.012100	-2061.379883
0.012200	-1458.540039
0.012300	-1332.140015
0.012400	-1779.410034
0.012500	-1954.420044
0.012600	-1798.849976
0.012700	-1565.500000
0.012800	-2051.659912
0.012900	-2168.330078
0.013000	-1584.939941
0.013100	-1448.819946
0.013200	-1798.849976
0.013300	-1565.500000
0.013400	-1176.569946
0.013500	-1118.229980
0.013600	-1098.780029
0.013700	-515.393005
0.013800	67.997398
0.013900	67.997398
0.014000	-38.957500
0.014100	67.997398
0.014200	204.121994
0.014300	398.585999
0.014400	670.835022
0.014500	534.710022
0.014600	456.924988
0.014700	534.710022
0.014800	641.664978
0.014900	476.371002
0.015000	-204.251999
0.015100	-291.760010
0.015200	-29.234400
0.015300	-243.143997
0.015400	-690.411011
0.015500	-845.981995
0.015600	-787.642029
0.015700	-777.919006
0.015800	-982.106018
0.015900	-1059.890015
0.016000	-651.518005
0.016100	-320.929993
0.016200	-262.591003
0.016300	-262.591003
0.016400	145.783005
0.016500	437.477997
0.016600	184.675995
0.016700	213.845001
0.016800	418.032013
0.016900	359.692993
0.017000	320.799988
0.017100	106.889999
0.017200	-165.358994
0.017300	-320.929993
0.017400	-651.518005
0.017500	-719.580017
0.017600	-476.501007
0.017700	-661.241028
0.017800	-943.213013
0.017900	-816.812012
0.018000	-787.642029
0.018100	-904.320984
0.018200	-865.427979
0.018300	-807.088989
0.018400	-1098.780029
0.018500	-1332.140015
0.018600	-845.981995
0.018700	-262.591003
0.018800	-175.082001
0.018900	-184.804993
0.019000	29.104700
0.019100	359.692993
0.019200	486.093994
0.019300	476.371002
0.019400	379.139008
0.019500	495.816986
0.019600	826.406006
0.019700	884.744995
0.019800	748.619995
0.019900	622.218994
0.020000	651.388000
0.020100	690.281006
0.020200	379.139008
0.020300	165.229004
0.020400	-107.019997
0.020500	-204.251999
0.020600	-262.591003
0.020700	-379.269012
0.020800	-97.296600
0.020900	281.907013
0.021000	-9.788000
0.021100	-359.822998
0.021200	-145.912994
0.021300	77.720596
0.021400	-29.234400
0.021500	-223.697998
0.021600	-213.975006
0.021700	-9.788000
0.021800	9.658360
0.021900	106.889999
0.022000	106.889999
0.022100	-155.636002
0.022200	-418.161987
0.022300	-457.053986
0.022400	-340.376007
0.022500	-534.840027
0.022600	-826.534973
0.022700	-904.320984
0.022800	-729.302979
0.022900	-554.286011
0.023000	-515.393005
0.023100	-282.036987
0.023200	-136.188995
0.023300	-29.234400
0.023400	-165.358994
0.023500	-282.036987
0.023600	-165.358994
0.023700	-97.296600
0.023800	-97.296600
0.023900	-320.929993
0.024000	-554.286011
0.024100	-437.608002
0.024200	-437.608002
0.024300	-408.437988
0.024400	-554.286011
0.024500	-437.608002
0.024600	-97.296600
0.024700	-340.376007
0.024800	-612.625000
0.024900	-476.501007
0.025000	-398.714996
0.025100	-476.501007
0.025200	-816.812012
0.025300	-1118.229980
0.025400	-1176.569946
0.025500	-1332.140015
0.025600	-1332.140015
0.025700	-1332.140015
0.025800	-1409.930054
0.025900	-1409.930054
0.026000	-1098.780029
0.026100	-845.981995
0.026200	-884.874023
0.026300	-602.901978
0.026400	-243.143997
0.026500	-68.127098
0.026600	-87.573502
0.026700	-29.234400
0.026800	-9.788000
0.026900	67.997398
0.027000	-9.788000
0.027100	67.997398
0.027200	145.783005
0.027300	-204.251999
0.027400	-272.313995
0.027500	-243.143997
0.027600	-729.302979
0.027700	-748.750000
0.027800	-184.804993
0.027900	-175.082001
0.028000	-709.856995
0.028100	-554.286011
0.028200	-291.760010
0.028300	-379.269012
0.028400	-29.234400
0.028500	573.603027
0.028600	515.263977
0.028700	106.889999
0.028800	-126.466003
0.028900	-165.358994
0.029000	-204.251999
0.029100	-418.161987
0.029200	-476.501007
0.029300	-768.195984
0.029400	-923.767029
0.029500	-593.179016
0.029600	-700.133972
0.029700	-1098.780029
0.029800	-807.088989
0.029900	-554.286011
0.030000	-914.044006
0.030100	-1332.140015
0.030200	-1429.369995
0.030300	-1332.140015
0.030400	-1332.140015
0.030500	-1448.819946
0.030600	-1332.140015
0.030700	-923.767029
0.030800	-845.981995
0.030900	-807.088989
0.031000	-593.179016
0.031100	-554.286011
0.031200	-729.302979
0.031300	-515.393005
0.031400	-340.376007
0.031500	-408.437988
0.031600	-184.804993
0.031700	194.399002
0.031800	456.924988
0.031900	476.371002
0.032000	311.076996
0.032100	262.460999
0.032200	243.014999
0.032300	145.783005
0.032400	-282.036987
0.032500	-622.348022
0.032600	-807.088989
0.032700	-1059.890015
0.032800	-1448.819946
0.032900	-1477.989990
0.033000	-1332.140015
0.033100	-982.106018
0.033200	-632.072021
0.033300	-670.963989
0.033400	-641.794983
0.033500	-301.483002
0.033600	-262.591003
0.033700	-320.929993
0.033800	-301.483002
0.033900	-165.358994
0.034000	19.381500
0.034100	-398.714996
0.034200	-923.767029
0.034300	-1137.680054
0.034400	-943.213013
0.034500	-991.828979
0.034600	-1332.140015
0.034700	-1487.709961
0.034800	-1614.109985
0.034900	-1409.930054
0.035000	-1380.760010
0.035100	-1332.140015
0.035200	-1332.140015
0.035300	-991.828979
0.035400	-1059.890015
0.035500	-1409.930054
0.035600	-1215.459961
0.035700	-962.659973
0.035800	-1118.229980
0.035900	-1157.119995
0.036000	-991.828979
0.036100	-787.642029
0.036200	-719.580017
0.036300	-651.518005
0.036400	-495.946991
0.036500	-476.501007
0.036600	-554.286011
0.036700	-729.302979
0.036800	-826.534973
0.036900	-904.320984
0.037000	-1098.780029
0.037100	-1332.140015
0.037200	-1332.140015
0.037300	-1108.510010
0.037400	-1040.449951
0.037500	-1341.859985
0.037600	-1468.270020
0.037700	-1332.140015
0.037800	-1157.119995
0.037900	-1098.780029
0.038000	-1332.140015
0.038100	-1332.140015
0.038200	-1137.680054
0.038300	-1157.119995
0.038400	-1021.000000
0.038500	-855.705017
0.038600	-904.320984
0.038700	-768.195984
0.038800	-359.822998
0.038900	-165.358994
0.039000	-223.697998
0.039100	-165.358994
0.039200	-184.804993
0.039300	-350.098999
0.039400	-320.929993
0.039500	-282.036987
0.039600	-272.313995
0.039700	-359.822998
0.039800	-437.608002
0.039900	-398.714996
0.040000	-418.161987
0.040100	-437.608002
0.040200	-466.778015
0.040300	-262.591003
0.040400	-175.082001
0.040500	-320.929993
0.040600	-282.036987
0.040700	-165.358994
0.040800	-262.591003
0.040900	-301.483002
0.041000	-398.714996
0.041100	-612.625000
0.041200	-632.072021
0.041300	-505.670013
0.041400	-641.794983
0.041500	-904.320984
0.041600	-943.213013
0.041700	-807.088989
0.041800	-651.518005
0.041900	-943.213013
0.042000	-1137.680054
0.042100	-943.213013
0.042200	-884.874023
0.042300	-904.320984
0.042400	-845.981995
0.042500	-748.750000
0.042600	-632.072021
0.042700	-505.670013
0.042800	-243.143997
0.042900	-136.188995
0.043000	-184.804993
0.043100	-136.188995
0.043200	-204.251999
0.043300	-165.358994
0.043400	-87.573502
0.043500	-87.573502
0.043600	-262.591003
0.043700	-320.929993
0.043800	-262.591003
0.043900	-359.822998
0.044000	-418.161987
0.044100	-632.072021
0.044200	-651.518005
0.044300	-398.714996
0.044400	-573.732971
0.044500	-729.302979
0.044600	-651.518005
0.044700	-525.117004
0.044800	-680.687012
0.044900	-787.642029
0.045000	-865.427979
0.045100	-914.044006
0.045200	-641.794983
0.045300	-573.732971
0.045400	-797.366028
0.045500	-593.179016
0.045600	-398.714996
0.045700	-573.732971
0.045800	-632.072021
0.045900	-476.501007
0.046000	-301.483002
0.046100	-243.143997
0.046200	-457.053986
0.046300	-525.117004
0.046400	-320.929993
0.046500	-388.992004
0.046600	-544.562988
0.046700	-729.302979
0.046800	-845.981995
0.046900	-865.427979
0.047000	-962.659973
0.047100	-904.320984
0.047200	-777.919006
0.047300	-787.642029
0.047400	-787.642029
0.047500	-855.705017
0.047600	-865.427979
0.047700	-709.856995
0.047800	-807.088989
0.047900	-982.106018
0.048000	-865.427979
0.048100	-865.427979
0.048200	-1021.000000
0.048300	-1196.020020
0.048400	-1176.569946
0.048500	-1059.890015
0.048600	-904.320984
0.048700	-1196.020020
0.048800	-1196.020020
0.048900	-962.659973
0.049000	-826.534973
0.049100	-865.427979
0.049200	-787.642029
0.049300	-632.072021
0.049400	-476.501007
0.049500	-583.455994
0.049600	-748.750000
0.049700	-670.963989
0.049800	-593.179016
0.049900	-729.302979
0.050000	-962.659973
0.050100	-1021.000000
0.050200	-943.213013
0.050300	-914.044006
0.050400	-1098.780029
0.050500	-1332.140015
0.050600	-1157.119995
0.050700	-1137.680054
0.050800	-1196.020020
0.050900	-1196.020020
0.051000	-1332.140015
0.051100	-1371.030029
0.051200	-1332.140015
0.051300	-1332.140015
0.051400	-1332.140015
0.051500	-1351.589966
0.051600	-1332.140015
0.051700	-1332.140015
0.051800	-962.659973
0.051900	-962.659973
0.052000	-943.213013
0.052100	-826.534973
0.052200	-768.195984
0.052300	-632.072021
0.052400	-612.625000
0.052500	-505.670013
0.052600	-476.501007
0.052700	-602.901978
0.052800	-632.072021
0.052900	-739.026978
0.053000	-904.320984
0.053100	-982.106018
0.053200	-962.659973
0.053300	-982.106018
0.053400	-1196.020020
0.053500	-1332.140015
0.053600	-1137.680054
0.053700	-1137.680054
0.053800	-1215.459961
0.053900	-1137.680054
0.054000	-1098.780029
0.054100	-865.427979
0.054200	-709.856995
0.054300	-845.981995
0.054400	-943.213013
0.054500	-865.427979
0.054600	-709.856995
0.054700	-612.625000
0.054800	-525.117004
0.054900	-748.750000
0.055000	-1196.020020
0.055100	-904.320984
0.055200	-670.963989
0.055300	-709.856995
0.055400	-729.302979
0.055500	-651.518005
0.055600	-797.366028
0.055700	-904.320984
0.055800	-670.963989
0.055900	-495.946991
0.056000	-632.072021
0.056100	-787.642029
0.056200	-768.195984
0.056300	-709.856995
0.056400	-573.732971
0.056500	-748.750000
0.056600	-807.088989
0.056700	-709.856995
0.056800	-807.088989
0.056900	-904.320984
0.057000	-865.427979
0.057100	-777.919006
0.057200	-748.750000
0.057300	-807.088989
0.057400	-904.320984
0.057500	-875.151001
0.057600	-865.427979
0.057700	-943.213013
0.057800	-1030.719971
0.057900	-1001.549988
0.058000	-923.767029
0.058100	-807.088989
0.058200	-807.088989
0.058300	-904.320984
0.058400	-797.366028
0.058500	-748.750000
0.058600	-807.088989
0.058700	-768.195984
0.058800	-855.705017
0.058900	-884.874023
0.059000	-865.427979
0.059100	-826.534973
0.059200	-914.044006
0.059300	-962.659973
0.059400	-943.213013
0.059500	-1040.449951
0.059600	-1098.780029
0.059700	-1059.890015
0.059800	-1059.890015
0.059900	-1021.000000
0.060000	-1021.000000
0.060100	-982.106018
0.060200	-826.534973
0.060300	-777.919006
0.060400	-709.856995
0.060500	-670.963989
0.060600	-651.518005
0.060700	-709.856995
0.060800	-826.534973
0.060900	-943.213013
0.061000	-914.044006
0.061100	-884.874023
0.061200	-904.320984
0.061300	-952.937012
0.061400	-962.659973
0.061500	-982.106018
0.061600	-982.106018
0.061700	-875.151001
0.061800	-914.044006
0.061900	-943.213013
0.062000	-904.320984
0.062100	-816.812012
0.062200	-845.981995
0.062300	-884.874023
0.062400	-758.473022
0.062500	-632.072021
0.062600	-807.088989
0.062700	-884.874023
0.062800	-904.320984
0.062900	-982.106018
0.063000	-982.106018
0.063100	-972.382996
0.063200	-1030.719971
0.063300	-1137.680054
0.063400	-1157.119995
0.063500	-1137.680054
0.063600	-1011.280029
0.063700	-904.320984
0.063800	-807.088989
0.063900	-904.320984
0.064000	-982.106018
0.064100	-904.320984
0.064200	-943.213013
0.064300	-1040.449951
0.064400	-933.489990
0.064500	-884.874023
0.064600	-991.828979
0.064700	-1059.890015
0.064800	-904.320984
0.064900	-904.320984
0.065000	-982.106018
0.065100	-982.106018
0.065200	-972.382996
0.065300	-1021.000000
0.065400	-1021.000000
0.065500	-865.427979
0.065600	-797.366028
0.065700	-739.026978
0.065800	-748.750000
0.065900	-768.195984
0.066000	-807.088989
0.066100	-729.302979
0.066200	-807.088989
0.066300	-787.642029
0.066400	-709.856995
0.066500	-797.366028
0.066600	-826.534973
0.066700	-826.534973
0.066800	-787.642029
0.066900	-816.812012
0.067000	-865.427979
0.067100	-962.659973
0.067200	-943.213013
0.067300	-933.489990
0.067400	-1021.000000
0.067500	-982.106018
0.067600	-884.874023
0.067700	-826.534973
0.067800	-923.767029
0.067900	-982.106018
0.068000	-904.320984
0.068100	-787.642029
0.068200	-787.642029
0.068300	-943.213013
0.068400	-884.874023
0.068500	-807.088989
0.068600	-748.750000
0.068700	-748.750000
0.068800	-816.812012
0.068900	-826.534973
0.069000	-865.427979
0.069100	-904.320984
0.069200	-982.106018
0.069300	-991.828979
0.069400	-962.659973
0.069500	-991.828979
0.069600	-982.106018
0.069700	-1098.780029
0.069800	-1098.780029
0.069900	-982.106018
0.070000	-991.828979
0.070100	-923.767029
0.070200	-836.257996
0.070300	-845.981995
0.070400	-787.642029
0.070500	-807.088989
0.070600	-826.534973
0.070700	-807.088989
0.070800	-1001.549988
0.070900	-962.659973
0.071000	-826.534973
0.071100	-982.106018
0.071200	-1147.400024
0.071300	-1176.569946
0.071400	-1147.400024
0.071500	-1021.000000
0.071600	-1021.000000
0.071700	-1137.680054
0.071800	-1011.280029
0.071900	-991.828979
0.072000	-1137.680054
0.072100	-1098.780029
0.072200	-826.534973
0.072300	-797.366028
0.072400	-914.044006
0.072500	-943.213013
0.072600	-923.767029
0.072700	-807.088989
0.072800	-875.151001
0.072900	-1098.780029
0.073000	-1079.339966
0.073100	-943.213013
0.073200	-1021.000000
0.073300	-1157.119995
0.073400	-982.106018
0.073500	-923.767029
0.073600	-1030.719971
0.073700	-1098.780029
0.073800	-1098.780029
0.073900	-1069.609985
0.074000	-962.659973
0.074100	-1001.549988
0.074200	-1001.549988
0.074300	-923.767029
0.074400	-943.213013
0.074500	-1021.000000
0.074600	-943.213013
0.074700	-807.088989
0.074800	-826.534973
0.074900	-962.659973
0.075000	-826.534973
0.075100	-826.534973
0.075200	-865.427979
0.075300	-865.427979
0.075400	-904.320984
0.075500	-865.427979
0.075600	-729.302979
0.075700	-719.580017
0.075800	-865.427979
0.075900	-904.320984
0.076000	-807.088989
0.076100	-787.642029
0.076200	-865.427979
0.076300	-826.534973
0.076400	-797.366028
0.076500	-729.302979
0.076600	-748.750000
0.076700	-787.642029
0.076800	-670.963989
0.076900	-593.179016
0.077000	-593.179016
0.077100	-612.625000
0.077200	-612.625000
0.077300	-534.840027
0.077400	-554.286011
0.077500	-651.518005
0.077600	-670.963989
0.077700	-593.179016
0.077800	-525.117004
0.077900	-534.840027
0.078000	-573.732971
0.078100	-670.963989
0.078200	-632.072021
0.078300	-554.286011
0.078400	-612.625000
0.078500	-622.348022
0.078600	-593.179016
0.078700	-554.286011
0.078800	-602.901978
0.078900	-632.072021
0.079000	-554.286011
0.079100	-515.393005
0.079200	-554.286011
0.079300	-680.687012
0.079400	-729.302979
0.079500	-690.411011
0.079600	-641.794983
0.079700	-729.302979
0.079800	-787.642029
0.079900	-748.750000
0.080000	-787.642029
0.080100	-680.687012
0.080200	-670.963989
0.080300	-709.856995
0.080400	-632.072021
0.080500	-593.179016
0.080600	-612.625000
0.080700	-680.687012
0.080800	-612.625000
0.080900	-573.732971
0.081000	-612.625000
0.081100	-593.179016
0.081200	-515.393005
0.081300	-495.946991
0.081400	-573.732971
0.081500	-670.963989
0.081600	-632.072021
0.081700	-593.179016
0.081800	-632.072021
0.081900	-554.286011
0.082000	-486.223999
0.082100	-534.840027
0.082200	-593.179016
0.082300	-651.518005
0.082400	-632.072021
0.082500	-573.732971
0.082600	-564.008972
0.082700	-651.518005
0.082800	-748.750000
0.082900	-573.732971
0.083000	-495.946991
0.083100	-593.179016
0.083200	-476.501007
0.083300	-330.653015
0.083400	-408.437988
0.083500	-476.501007
0.083600	-437.608002
0.083700	-359.822998
0.083800	-379.269012
0.083900	-457.053986
0.084000	-476.501007
0.084100	-534.840027
0.084200	-632.072021
0.084300	-534.840027
0.084400	-437.608002
0.084500	-486.223999
0.084600	-476.501007
0.084700	-447.330994
0.084800	-447.330994
0.084900	-505.670013
0.085000	-515.393005
0.085100	-554.286011
0.085200	-554.286011
0.085300	-476.501007
0.085400	-457.053986
0.085500	-320.929993
0.085600	-340.376007
0.085700	-418.161987
0.085800	-476.501007
0.085900	-379.269012
0.086000	-359.822998
0.086100	-466.778015
0.086200	-476.501007
0.086300	-418.161987
0.086400	-437.608002
0.086500	-437.608002
0.086600	-437.608002
0.086700	-495.946991
0.086800	-495.946991
0.086900	-515.393005
0.087000	-476.501007
0.087100	-534.840027
0.087200	-593.179016
0.087300	-554.286011
0.087400	-554.286011
0.087500	-476.501007
0.087600	-447.330994
0.087700	-495.946991
0.087800	-486.223999
0.087900	-418.161987
0.088000	-340.376007
0.088100	-320.929993
0.088200	-243.143997
0.088300	-340.376007
0.088400	-320.929993
0.088500	-301.483002
0.088600	-301.483002
0.088700	-320.929993
0.088800	-320.929993
0.088900	-340.376007
0.089000	-282.036987
0.089100	-243.143997
0.089200	-330.653015
0.089300	-466.778015
0.089400	-437.608002
0.089500	-437.608002
0.089600	-437.608002
0.089700	-408.437988
0.089800	-398.714996
0.089900	-398.714996
0.090000	-282.036987
0.090100	-243.143997
0.090200	-437.608002
0.090300	-427.885010
0.090400	-301.483002
0.090500	-408.437988
0.090600	-554.286011
0.090700	-359.822998
0.090800	-282.036987
0.090900	-291.760010
0.091000	-340.376007
0.091100	-320.929993
0.091200	-204.251999
0.091300	-184.804993
0.091400	-291.760010
0.091500	-398.714996
0.091600	-398.714996
0.091700	-398.714996
0.091800	-408.437988
0.091900	-398.714996
0.092000	-262.591003
0.092100	-213.975006
0.092200	-398.714996
0.092300	-476.501007
0.092400	-340.376007
0.092500	-301.483002
0.092600	-398.714996
0.092700	-495.946991
0.092800	-398.714996
0.092900	-291.760010
0.093000	-301.483002
0.093100	-330.653015
0.093200	-262.591003
0.093300	-126.466003
0.093400	-184.804993
0.093500	-204.251999
0.093600	-184.804993
0.093700	-213.975006
0.093800	-243.143997
0.093900	-243.143997
0.094000	-282.036987
0.094100	-301.483002
0.094200	-291.760010
0.094300	-262.591003
0.094400	-301.483002
0.094500	-262.591003
0.094600	-97.296600
0.094700	-204.251999
0.094800	-320.929993
0.094900	-398.714996
0.095000	-369.545990
0.095100	-262.591003
0.095200	-291.760010
0.095300	-476.501007
0.095400	-359.822998
0.095500	-301.483002
0.095600	-262.591003
0.095700	-204.251999
0.095800	-252.867996
0.095900	-136.188995
0.096000	-58.403900
0.096100	-184.804993
0.096200	-184.804993
0.096300	-165.358994
0.096400	-126.466003
0.096500	-165.358994
0.096600	-204.251999
0.096700	-213.975006
0.096800	-126.466003
0.096900	-165.358994
0.097000	-243.143997
0.097100	-301.483002
0.097200	-282.036987
0.097300	-175.082001
0.097400	-145.912994
0.097500	-243.143997
0.097600	-301.483002
0.097700	-204.251999
0.097800	-165.358994
0.097900	-204.251999
0.098000	-213.975006
0.098100	-282.036987
0.098200	-320.929993
0.098300	-282.036987
0.098400	-243.143997
0.098500	-145.912994
0.098600	-116.742996
0.098700	-243.143997
0.098800	-213.975006
0.098900	-282.036987
0.099000	-282.036987
0.099100	-282.036987
0.099200	-320.929993
0.099300	-359.822998
0.099400	-350.098999
0.099500	-301.483002
0.099600	-320.929993
0.099700	-340.376007
0.099800	-204.251999
0.099900	-282.036987
0.100000	-359.822998
0.100100	-282.036987
0.100200	-194.528000
0.100300	-243.143997
0.100400	-291.760010
0.100500	-243.143997
0.100600	-107.019997
0.100700	-87.573502
0.100800	-145.912994
0.100900	-184.804993
0.101000	-204.251999
0.101100	-165.358994
0.101200	-48.680698
0.101300	-165.358994
0.101400	-223.697998
0.101500	-126.466003
0.101600	-165.358994
0.101700	-243.143997
0.101800	-262.591003
0.101900	-223.697998
0.102000	-204.251999
0.102100	-184.804993
0.102200	-204.251999
0.102300	-262.591003
0.102400	-262.591003
0.102500	-184.804993
0.102600	-87.573502
0.102700	-165.358994
0.102800	-243.143997
0.102900	-213.975006
0.103000	-282.036987
0.103100	-213.975006
0.103200	-165.358994
0.103300	-87.573502
0.103400	-165.358994
0.103500	-165.358994
0.103600	-165.358994
0.103700	-97.296600
0.103800	-29.234400
0.103900	-126.466003
0.104000	-194.528000
0.104100	-126.466003
0.104200	-165.358994
0.104300	-204.251999
0.104400	-97.296600
0.104500	-184.804993
0.104600	-252.867996
0.104700	-87.573502
0.104800	-87.573502
0.104900	-243.143997
0.105000	-165.358994
0.105100	-165.358994
0.105200	-291.760010
0.105300	-282.036987
0.105400	-204.251999
0.105500	-126.466003
0.105600	-184.804993
0.105700	-291.760010
0.105800	-204.251999
0.105900	-87.573502
0.106000	-87.573502
0.106100	-48.680698
0.106200	-136.188995
0.106300	-165.358994
0.106400	-126.466003
0.106500	-87.573502
0.106600	-126.466003
0.106700	-243.143997
0.106800	-243.143997
0.106900	-165.358994
0.107000	-136.188995
0.107100	-165.358994
0.107200	-282.036987
0.107300	-291.760010
0.107400	-126.466003
0.107500	-145.912994
0.107600	-165.358994
0.107700	-145.912994
0.107800	-165.358994
0.107900	-223.697998
0.108000	-165.358994
0.108100	-58.403900
0.108200	-126.466003
0.108300	-223.697998
0.108400	-184.804993
0.108500	-48.680698
0.108600	-48.680698
0.108700	-87.573502
0.108800	-58.403900
0.108900	-126.466003
0.109000	-29.234400
0.109100	-107.019997
0.109200	-204.251999
0.109300	-145.912994
0.109400	9.658360
0.109500	-29.234400
0.109600	-175.082001
0.109700	-136.188995
0.109800	-126.466003
0.109900	-145.912994
0.110000	-87.573502
0.110100	-87.573502
0.110200	-165.358994
0.110300	-184.804993
0.110400	-126.466003
0.110500	-165.358994
0.110600	-204.251999
0.110700	-126.466003
0.110800	-87.573502
0.110900	-87.573502
0.111000	-48.680698
0.111100	-38.957500
0.111200	-48.680698
0.111300	-107.019997
0.111400	-184.804993
0.111500	-48.680698
0.111600	-0.064821
0.111700	-29.234400
0.111800	-126.466003
0.111900	-126.466003
0.112000	-126.466003
0.112100	-136.188995
0.112200	-126.466003
0.112300	-136.188995
0.112400	-97.296600
0.112500	-87.573502
0.112600	-87.573502
0.112700	-126.466003
0.112800	-87.573502
0.112900	-126.466003
0.113000	-126.466003
0.113100	-165.358994
0.113200	-87.573502
0.113300	-9.788000
0.113400	-38.957500
0.113500	-116.742996
0.113600	-107.019997
0.113700	-107.019997
0.113800	-87.573502
0.113900	-48.680698
0.114000	-87.573502
0.114100	-87.573502
0.114200	-87.573502
0.114300	-9.788000
0.114400	-48.680698
0.114500	-48.680698
0.114600	67.997398
0.114700	58.274300
0.114800	-9.788000
0.114900	-145.912994
0.115000	-126.466003
0.115100	-87.573502
0.115200	-58.403900
0.115300	-87.573502
0.115400	-29.234400
0.115500	29.104700
0.115600	48.551102
0.115700	77.720596
0.115800	29.104700
0.115900	-48.680698
0.116000	-29.234400
0.116100	87.443802
0.116200	9.658360
0.116300	87.443802
0.116400	67.997398
0.116500	29.104700
0.116600	29.104700
0.116700	-9.788000
0.116800	-87.573502
0.116900	19.381500
0.117000	67.997398
0.117100	-19.511200
0.117200	-87.573502
0.117300	-68.127098
0.117400	-87.573502
0.117500	-0.064821
0.117600	-9.788000
0.117700	-29.234400
0.117800	29.104700
0.117900	106.889999
0.118000	58.274300
0.118100	-19.511200
0.118200	-29.234400
0.118300	48.551102
0.118400	87.443802
0.118500	67.997398
0.118600	67.997398
0.118700	106.889999
0.118800	29.104700
0.118900	9.658360
0.119000	-9.788000
0.119100	-9.788000
0.119200	19.381500
0.119300	29.104700
0.119400	-9.788000
0.119500	-58.403900
0.119600	-0.064821
0.119700	29.104700
0.119800	-87.573502
0.119900	-48.680698
0.120000	-0.064821
0.120100	87.443802
0.120200	-9.788000
0.120300	-116.742996
0.120400	29.104700
0.120500	136.059998
0.120600	77.720596
0.120700	19.381500
0.120800	9.658360
0.120900	29.104700
0.121000	19.381500
0.121100	48.551102
0.121200	-38.957500
0.121300	-87.573502
0.121400	-9.788000
0.121500	9.658360
0.121600	29.104700
0.121700	106.889999
0.121800	29.104700
0.121900	-107.019997
0.122000	-107.019997
0.122100	19.381500
0.122200	9.658360
0.122300	-87.573502
0.122400	-48.680698
0.122500	-9.788000
0.122600	-87.573502
0.122700	-87.573502
0.122800	-48.680698
0.122900	-29.234400
0.123000	-19.511200
0.123100	-9.788000
0.123200	67.997398
0.123300	97.167000
0.123400	29.104700
0.123500	19.381500
0.123600	9.658360
0.123700	58.274300
0.123800	67.997398
0.123900	19.381500
0.124000	67.997398
0.124100	58.274300
0.124200	-19.511200
0.124300	-29.234400
0.124400	-9.788000
0.124500	-29.234400
0.124600	-48.680698
0.124700	-29.234400
0.124800	-87.573502
0.124900	-107.019997
0.125000	-48.680698
0.125100	-87.573502
0.125200	-165.358994
0.125300	-116.742996
0.125400	-126.466003
0.125500	-87.573502
0.125600	-9.788000
0.125700	9.658360
0.125800	-87.573502
0.125900	-126.466003
0.126000	-19.511200
0.126100	-29.234400
0.126200	-87.573502
0.126300	-38.957500
0.126400	29.104700
0.126500	48.551102
0.126600	-9.788000
0.126700	-87.573502
0.126800	-165.358994
0.126900	-29.234400
0.127000	48.551102
0.127100	-9.788000
0.127200	-87.573502
0.127300	-97.296600
0.127400	-126.466003
0.127500	-48.680698
0.127600	-48.680698
0.127700	-87.573502
0.127800	-97.296600
0.127900	-87.573502
0.128000	9.658360
0.128100	29.104700
0.128200	-87.573502
0.128300	-87.573502
0.128400	-87.573502
0.128500	-126.466003
0.128600	-97.296600
0.128700	-29.234400
0.128800	-9.788000
0.128900	-0.064821
0.129000	-9.788000
0.129100	-9.788000
0.129200	-48.680698
0.129300	-9.788000
0.129400	-29.234400
0.129500	-87.573502
0.129600	58.274300
0.129700	67.997398
0.129800	-97.296600
0.129900	-213.975006
0.130000	-204.251999
0.130100	-165.358994
0.130200	-9.788000
0.130300	29.104700
0.130400	-48.680698
0.130500	-58.403900
0.130600	-87.573502
0.130700	-87.573502
0.130800	-87.573502
0.130900	-87.573502
0.131000	-165.358994
0.131100	-155.636002
0.131200	-107.019997
0.131300	-87.573502
0.131400	-87.573502
0.131500	29.104700
0.131600	48.551102
0.131700	-9.788000
0.131800	-19.511200
0.131900	9.658360
0.132000	-87.573502
0.132100	-87.573502
0.132200	-9.788000
0.132300	29.104700
0.132400	-48.680698
0.132500	-97.296600
0.132600	-9.788000
0.132700	-87.573502
0.132800	-155.636002
0.132900	29.104700
0.133000	29.104700
0.133100	-0.064821
0.133200	-9.788000
0.133300	-136.188995
0.133400	-126.466003
0.133500	-19.511200
0.133600	-9.788000
0.133700	-107.019997
0.133800	-165.358994
0.133900	-29.234400
0.134000	-9.788000
0.134100	-29.234400
0.134200	-107.019997
0.134300	-9.788000
0.134400	48.551102
0.134500	-87.573502
0.134600	-126.466003
0.134700	-9.788000
0.134800	-29.234400
0.134900	-29.234400
0.135000	-9.788000
0.135100	-87.573502
0.135200	-126.466003
0.135300	-87.573502
0.135400	-9.788000
0.135500	-87.573502
0.135600	38.827900
0.135700	58.274300
0.135800	-107.019997
0.135900	-87.573502
0.136000	-87.573502
0.136100	-204.251999
0.136200	-165.358994
0.136300	-107.019997
0.136400	-58.403900
0.136500	29.104700
0.136600	9.658360
0.136700	-19.511200
0.136800	29.104700
0.136900	67.997398
0.137000	19.381500
0.137100	-9.788000
0.137200	48.551102
0.137300	29.104700
0.137400	67.997398
0.137500	29.104700
0.137600	-38.957500
0.137700	-29.234400
0.137800	19.381500
0.137900	106.889999
0.138000	38.827900
0.138100	-48.680698
0.138200	-29.234400
0.138300	58.274300
0.138400	87.443802
0.138500	-97.296600
0.138600	-136.188995
0.138700	-9.788000
0.138800	19.381500
0.138900	-0.064821
0.139000	9.658360
0.139100	-48.680698
0.139200	-38.957500
0.139300	29.104700
0.139400	-9.788000
0.139500	-107.019997
0.139600	-38.957500
0.139700	106.889999
0.139800	9.658360
0.139900	-19.511200
0.140000	-9.788000
0.140100	9.658360
0.140200	-29.234400
0.140300	-9.788000
0.140400	29.104700
0.140500	67.997398
0.140600	106.889999
0.140700	145.783005
0.140800	67.997398
0.140900	87.443802
0.141000	87.443802
0.141100	48.551102
0.141200	-19.511200
0.141300	-9.788000
0.141400	29.104700
0.141500	97.167000
0.141600	48.551102
0.141700	-48.680698
0.141800	-68.127098
0.141900	48.551102
0.142000	-9.788000
0.142100	-9.788000
0.142200	-19.511200
0.142300	19.381500
0.142400	-29.234400
0.142500	-29.234400
0.142600	19.381500
0.142700	87.443802
0.142800	58.274300
0.142900	19.381500
0.143000	87.443802
0.143100	106.889999
0.143200	116.612999
0.143300	29.104700
0.143400	-9.788000
0.143500	29.104700
0.143600	106.889999
0.143700	145.783005
0.143800	48.551102
0.143900	38.827900
0.144000	106.889999
0.144100	29.104700
0.144200	-9.788000
0.144300	9.658360
0.144400	-19.511200
0.144500	29.104700
0.144600	29.104700
0.144700	29.104700
0.144800	29.104700
0.144900	9.658360
0.145000	29.104700
0.145100	106.889999
0.145200	97.167000
0.145300	126.336998
0.145400	87.443802
0.145500	9.658360
0.145600	-9.788000
0.145700	-9.788000
0.145800	67.997398
0.145900	67.997398
0.146000	29.104700
0.146100	29.104700
0.146200	9.658360
0.146300	48.551102
0.146400	106.889999
0.146500	106.889999
0.146600	29.104700
0.146700	-9.788000
0.146800	-0.064821
0.146900	-9.788000
0.147000	-9.788000
0.147100	29.104700
0.147200	9.658360
0.147300	-9.788000
0.147400	-29.234400
0.147500	29.104700
0.147600	-9.788000
0.147700	-126.466003
0.147800	-87.573502
0.147900	-126.466003
0.148000	-19.511200
0.148100	29.104700
0.148200	-48.680698
0.148300	-48.680698
0.148400	29.104700
0.148500	-87.573502
0.148600	9.658360
0.148700	67.997398
0.148800	87.443802
0.148900	29.104700
0.149000	9.658360
0.149100	-19.511200
0.149200	-9.788000
0.149300	-19.511200
0.149400	-48.680698
0.149500	-87.573502
0.149600	-9.788000
0.149700	87.443802
0.149800	-9.788000
0.149900	-87.573502
0.150000	29.104700
0.150100	145.783005
0.150200	106.889999
0.150300	-107.019997
0.150400	-87.573502
0.150500	29.104700
0.150600	-9.788000
0.150700	-0.064821
0.150800	29.104700
0.150900	29.104700
0.151000	-29.234400
0.151100	-9.788000
0.151200	-87.573502
0.151300	-87.573502
0.151400	-29.234400
0.151500	67.997398
0.151600	87.443802
0.151700	-9.788000
0.151800	-165.358994
0.151900	-29.234400
0.152000	-9.788000
0.152100	-48.680698
0.152200	19.381500
0.152300	106.889999
0.152400	19.381500
0.152500	-48.680698
0.152600	-9.788000
0.152700	87.443802
0.152800	106.889999
0.152900	29.104700
0.153000	-9.788000
0.153100	9.658360
0.153200	-29.234400
0.153300	-87.573502
0.153400	-87.573502
0.153500	19.381500
0.153600	29.104700
0.153700	-87.573502
0.153800	-107.019997
0.153900	48.551102
0.154000	58.274300
0.154100	48.551102
0.154200	58.274300
0.154300	174.951996
0.154400	184.675995
0.154500	106.889999
0.154600	48.551102
0.154700	126.336998
0.154800	48.551102
0.154900	29.104700
0.155000	106.889999
0.155100	9.658360
0.155200	-29.234400
0.155300	-58.403900
0.155400	-87.573502
0.155500	-29.234400
0.155600	29.104700
0.155700	58.274300
0.155800	-9.788000
0.155900	-87.573502
0.156000	-29.234400
0.156100	67.997398
0.156200	145.783005
0.156300	106.889999
0.156400	-0.064821
0.156500	38.827900
0.156600	77.720596
0.156700	67.997398
0.156800	-9.788000
0.156900	-87.573502
0.157000	-58.403900
0.157100	29.104700
0.157200	48.551102
0.157300	48.551102
0.157400	-87.573502
0.157500	-87.573502
0.157600	106.889999
0.157700	87.443802
0.157800	-19.511200
0.157900	48.551102
0.158000	29.104700
0.158100	-87.573502
0.158200	-87.573502
0.158300	67.997398
0.158400	58.274300
0.158500	-9.788000
0.158600	-48.680698
0.158700	-48.680698
0.158800	29.104700
0.158900	126.336998
0.159000	9.658360
0.159100	-87.573502
0.159200	-48.680698
0.159300	67.997398
0.159400	106.889999
0.159500	-9.788000
0.159600	-48.680698
0.159700	-29.234400
0.159800	9.658360
0.159900	-9.788000
0.160000	-48.680698
0.160100	-48.680698
0.160200	-9.788000
0.160300	-9.788000
0.160400	-87.573502
0.160500	-29.234400
0.160600	126.336998
0.160700	106.889999
0.160800	-9.788000
0.160900	-48.680698
0.161000	-87.573502
0.161100	19.381500
0.161200	29.104700
0.161300	-9.788000
0.161400	29.104700
0.161500	9.658360
0.161600	-29.234400
0.161700	-87.573502
0.161800	-9.788000
0.161900	38.827900
0.162000	58.274300
0.162100	19.381500
0.162200	-87.573502
0.162300	58.274300
0.162400	29.104700
0.162500	-0.064821
0.162600	-9.788000
0.162700	-48.680698
0.162800	-29.234400
0.162900	67.997398
0.163000	29.104700
0.163100	-29.234400
0.163200	-87.573502
0.163300	-19.511200
0.163400	67.997398
0.163500	-29.234400
0.163600	-126.466003
0.163700	29.104700
0.163800	204.121994
0.163900	48.551102
0.164000	-48.680698
0.164100	-48.680698
0.164200	-9.788000
0.164300	48.551102
0.164400	9.658360
0.164500	9.658360
0.164600	77.720596
0.164700	67.997398
0.164800	-29.234400
0.164900	-29.234400
0.165000	48.551102
0.165100	67.997398
0.165200	67.997398
0.165300	9.658360
0.165400	-9.788000
0.165500	48.551102
0.165600	48.551102
0.165700	29.104700
0.165800	29.104700
0.165900	87.443802
0.166000	116.612999
0.166100	-48.680698
0.166200	-9.788000
0.166300	38.827900
0.166400	19.381500
0.166500	-136.188995
0.166600	-29.234400
0.166700	106.889999
0.166800	87.443802
0.166900	-9.788000
0.167000	29.104700
0.167100	67.997398
0.167200	-9.788000
0.167300	29.104700
0.167400	-48.680698
0.167500	-48.680698
0.167600	29.104700
0.167700	48.551102
0.167800	58.274300
0.167900	-58.403900
0.168000	-9.788000
0.168100	87.443802
0.168200	67.997398
0.168300	48.551102
0.168400	67.997398
0.168500	87.443802
0.168600	87.443802
0.168700	48.551102
0.168800	48.551102
0.168900	48.551102
0.169000	29.104700
0.169100	29.104700
0.169200	9.658360
0.169300	48.551102
0.169400	48.551102
0.169500	-38.957500
0.169600	-48.680698
0.169700	29.104700
0.169800	87.443802
0.169900	184.675995
0.170000	58.274300
0.170100	9.658360
0.170200	-19.511200
0.170300	58.274300
0.170400	165.229004
0.170500	67.997398
0.170600	-9.788000
0.170700	29.104700
0.170800	243.014999
0.170900	67.997398
0.171000	-29.234400
0.171100	48.551102
0.171200	77.720596
0.171300	-29.234400
0.171400	-97.296600
0.171500	-9.788000
0.171600	145.783005
0.171700	87.443802
0.171800	-87.573502
0.171900	-97.296600
0.172000	165.229004
0.172100	87.443802
0.172200	-29.234400
0.172300	-9.788000
0.172400	-9.788000
0.172500	97.167000
0.172600	-0.064821
0.172700	-116.742996
0.172800	-68.127098
0.172900	-87.573502
0.173000	-87.573502
0.173100	19.381500
0.173200	-48.680698
0.173300	-19.511200
0.173400	-19.511200
0.173500	29.104700
0.173600	-9.788000
0.173700	-9.788000
0.173800	106.889999
0.173900	87.443802
0.174000	-48.680698
0.174100	-9.788000
0.174200	-9.788000
0.174300	-9.788000
0.174400	29.104700
0.174500	-87.573502
0.174600	-29.234400
0.174700	38.827900
0.174800	9.658360
0.174900	-29.234400
0.175000	67.997398
0.175100	126.336998
0.175200	29.104700
0.175300	-9.788000
0.175400	97.167000
0.175500	48.551102
0.175600	-9.788000
0.175700	-9.788000
0.175800	9.658360
0.175900	-9.788000
0.176000	48.551102
0.176100	9.658360
0.176200	-29.234400
0.176300	19.381500
0.176400	87.443802
0.176500	97.167000
0.176600	38.827900
0.176700	106.889999
0.176800	19.381500
0.176900	-9.788000
0.177000	106.889999
0.177100	-9.788000
0.177200	-87.573502
0.177300	67.997398
0.177400	67.997398
0.177500	67.997398
0.177600	87.443802
0.177700	9.658360
0.177800	-29.234400
0.177900	9.658360
0.178000	-29.234400
0.178100	29.104700
0.178200	136.059998
0.178300	126.336998
0.178400	-0.064821
0.178500	9.658360
0.178600	145.783005
0.178700	48.551102
0.178800	-87.573502
0.178900	-87.573502
0.179000	19.381500
0.179100	106.889999
0.179200	-0.064821
0.179300	-48.680698
0.179400	48.551102
0.179500	48.551102
0.179600	48.551102
0.179700	-9.788000
0.179800	-0.064821
0.179900	106.889999
0.180000	-9.788000
0.180100	-165.358994
0.180200	-48.680698
0.180300	9.658360
0.180400	19.381500
0.180500	106.889999
0.180600	-29.234400
0.180700	-87.573502
0.180800	-9.788000
0.180900	-38.957500
0.181000	-87.573502
0.181100	29.104700
0.181200	106.889999
0.181300	145.783005
0.181400	29.104700
0.181500	-87.573502
0.181600	-9.788000
0.181700	-0.064821
0.181800	-97.296600
0.181900	-107.019997
0.182000	48.551102
0.182100	145.783005
0.182200	-0.064821
0.182300	-9.788000
0.182400	29.104700
0.182500	19.381500
0.182600	19.381500
0.182700	9.658360
0.182800	-97.296600
0.182900	-87.573502
0.183000	67.997398
0.183100	126.336998
0.183200	-19.511200
0.183300	-87.573502
0.183400	-58.403900
0.183500	-48.680698
0.183600	-9.788000
0.183700	29.104700
0.183800	-29.234400
0.183900	-19.511200
0.184000	-87.573502
0.184100	-58.403900
0.184200	87.443802
0.184300	145.783005
0.184400	67.997398
0.184500	-9.788000
0.184600	-9.788000
0.184700	-0.064821
0.184800	-126.466003
0.184900	-165.358994
0.185000	-87.573502
0.185100	9.658360
0.185200	67.997398
0.185300	-9.788000
0.185400	-9.788000
0.185500	19.381500
0.185600	67.997398
0.185700	9.658360
0.185800	-29.234400
0.185900	29.104700
0.186000	145.783005
0.186100	58.274300
0.186200	-9.788000
0.186300	-29.234400
0.186400	-19.511200
0.186500	67.997398
0.186600	106.889999
0.186700	67.997398
0.186800	9.658360
0.186900	-19.511200
0.187000	-48.680698
0.187100	-9.788000
0.187200	-9.788000
0.187300	29.104700
0.187400	29.104700
0.187500	-9.788000
0.187600	-48.680698
0.187700	29.104700
0.187800	-9.788000
0.187900	19.381500
0.188000	48.551102
0.188100	-9.788000
0.188200	67.997398
0.188300	48.551102
0.188400	-9.788000
0.188500	29.104700
0.188600	9.658360
0.188700	-9.788000
0.188800	-9.788000
0.188900	29.104700
0.189000	19.381500
0.189100	19.381500
0.189200	-29.234400
0.189300	-107.019997
0.189400	9.658360
0.189500	87.443802
0.189600	106.889999
0.189700	87.443802
0.189800	-9.788000
0.189900	48.551102
0.190000	38.827900
0.190100	9.658360
0.190200	9.658360
0.190300	87.443802
0.190400	-9.788000
0.190500	-29.234400
0.190600	-48.680698
0.190700	-58.403900
0.190800	-48.680698
0.190900	-48.680698
0.191000	48.551102
0.191100	87.443802
0.191200	-9.788000
0.191300	-9.788000
0.191400	-9.788000
0.191500	9.658360
0.191600	58.274300
0.191700	67.997398
0.191800	67.997398
0.191900	126.336998
0.192000	116.612999
0.192100	29.104700
0.192200	-19.511200
0.192300	67.997398
0.192400	126.336998
0.192500	126.336998
0.192600	204.121994
0.192700	165.229004
0.192800	-9.788000
0.192900	-9.788000
0.193000	145.783005
0.193100	145.783005
0.193200	-9.788000
0.193300	-38.957500
0.193400	58.274300
0.193500	126.336998
0.193600	126.336998
0.193700	87.443802
0.193800	-9.788000
0.193900	-87.573502
0.194000	-9.788000
0.194100	48.551102
0.194200	-9.788000
0.194300	-9.788000
0.194400	67.997398
0.194500	174.951996
0.194600	106.889999
0.194700	29.104700
0.194800	29.104700
0.194900	9.658360
0.195000	-9.788000
0.195100	126.336998
0.195200	145.783005
0.195300	29.104700
0.195400	-9.788000
0.195500	-19.511200
0.195600	-9.788000
0.195700	67.997398
0.195800	145.783005
0.195900	97.167000
0.196000	29.104700
0.196100	67.997398
0.196200	9.658360
0.196300	-9.788000
0.196400	29.104700
0.196500	-9.788000
0.196600	38.827900
0.196700	48.551102
0.196800	-48.680698
0.196900	48.551102
0.197000	87.443802
0.197100	-9.788000
0.197200	-97.296600
0.197300	-29.234400
0.197400	106.889999
0.197500	29.104700
0.197600	-87.573502
0.197700	-48.680698
0.197800	87.443802
0.197900	87.443802
0.198000	58.274300
0.198100	67.997398
0.198200	67.997398
0.198300	-9.788000
0.198400	29.104700
0.198500	48.551102
0.198600	-0.064821
0.198700	67.997398
0.198800	97.167000
0.198900	67.997398
0.199000	-58.403900
0.199100	-48.680698
0.199200	29.104700
0.199300	-9.788000
0.199400	67.997398
0.199500	126.336998
0.199600	116.612999
0.199700	58.274300
0.199800	-0.064821
0.199900	9.658360
0.200000	106.889999
0.200100	97.167000
0.200200	145.783005
0.200300	97.167000
0.200400	58.274300
0.200500	97.167000
0.200600	29.104700
0.200700	-9.788000
0.200800	-0.064821
0.200900	29.104700
0.201000	48.551102
0.201100	-9.788000
0.201200	-19.511200
0.201300	-29.234400
0.201400	19.381500
0.201500	-29.234400
0.201600	29.104700
0.201700	116.612999
0.201800	-29.234400
0.201900	-87.573502
0.202000	48.551102
0.202100	67.997398
0.202200	-9.788000
0.202300	-19.511200
0.202400	-9.788000
0.202500	19.381500
0.202600	29.104700
0.202700	126.336998
0.202800	19.381500
0.202900	-68.127098
0.203000	-9.788000
0.203100	67.997398
0.203200	29.104700
0.203300	-87.573502
0.203400	-87.573502
0.203500	106.889999
0.203600	145.783005
0.203700	-9.788000
0.203800	9.658360
0.203900	29.104700
0.204000	67.997398
0.204100	-9.788000
0.204200	-87.573502
0.204300	-9.788000
0.204400	67.997398
0.204500	145.783005
0.204600	-9.788000
0.204700	-48.680698
0.204800	9.658360
0.204900	106.889999
0.205000	87.443802
0.205100	29.104700
0.205200	-9.788000
0.205300	97.167000
0.205400	29.104700
0.205500	-9.788000
0.205600	9.658360
0.205700	48.551102
0.205800	9.658360
0.205900	-9.788000
0.206000	-9.788000
0.206100	-9.788000
0.206200	29.104700
0.206300	87.443802
0.206400	-19.511200
0.206500	-48.680698
0.206600	87.443802
0.206700	9.658360
0.206800	-87.573502
0.206900	29.104700
0.207000	19.381500
0.207100	-9.788000
0.207200	-48.680698
0.207300	-87.573502
0.207400	48.551102
0.207500	67.997398
0.207600	-48.680698
0.207700	-29.234400
0.207800	-9.788000
0.207900	19.381500
0.208000	-29.234400
0.208100	-87.573502
0.208200	48.551102
0.208300	48.551102
0.208400	48.551102
0.208500	-29.234400
0.208600	-19.511200
0.208700	-48.680698
0.208800	-87.573502
0.208900	-29.234400
0.209000	-48.680698
0.209100	-48.680698
0.209200	9.658360
0.209300	106.889999
0.209400	106.889999
0.209500	29.104700
0.209600	58.274300
0.209700	116.612999
0.209800	58.274300
0.209900	-9.788000
0.210000	-38.957500
0.210100	19.381500
0.210200	-9.788000
0.210300	-9.788000
0.210400	48.551102
0.210500	87.443802
0.210600	106.889999
0.210700	29.104700
0.210800	-48.680698
0.210900	-19.511200
0.211000	-9.788000
0.211100	29.104700
0.211200	97.167000
0.211300	67.997398
0.211400	29.104700
0.211500	-29.234400
0.211600	-9.788000
0.211700	67.997398
0.211800	-9.788000
0.211900	9.658360
0.212000	67.997398
0.212100	48.551102
0.212200	67.997398
0.212300	87.443802
0.212400	-19.511200
0.212500	48.551102
0.212600	155.505997
0.212700	67.997398
0.212800	-58.403900
0.212900	-48.680698
0.213000	97.167000
0.213100	87.443802
0.213200	29.104700
0.213300	9.658360
0.213400	-29.234400
0.213500	-48.680698
0.213600	106.889999
0.213700	145.783005
0.213800	29.104700
0.213900	-48.680698
0.214000	-48.680698
0.214100	29.104700
0.214200	48.551102
0.214300	67.997398
0.214400	48.551102
0.214500	9.658360
0.214600	-9.788000
0.214700	-29.234400
0.214800	-9.788000
0.214900	-9.788000
0.215000	67.997398
0.215100	87.443802
0.215200	38.827900
0.215300	48.551102
0.215400	174.951996
0.215500	262.460999
0.215600	87.443802
0.215700	9.658360
0.215800	38.827900
0.215900	67.997398
0.216000	-9.788000
0.216100	-9.788000
0.216200	9.658360
0.216300	126.336998
0.216400	155.505997
0.216500	126.336998
0.216600	9.658360
0.216700	-9.788000
0.216800	77.720596
0.216900	19.381500
0.217000	-87.573502
0.217100	-9.788000
0.217200	145.783005
0.217300	184.675995
0.217400	67.997398
0.217500	67.997398
0.217600	184.675995
0.217700	97.167000
0.217800	-29.234400
0.217900	29.104700
0.218000	48.551102
0.218100	48.551102
0.218200	-9.788000
0.218300	9.658360
0.218400	48.551102
0.218500	48.551102
0.218600	-9.788000
0.218700	-107.019997
0.218800	-9.788000
0.218900	136.059998
0.219000	145.783005
0.219100	-29.234400
0.219200	-29.234400
0.219300	87.443802
0.219400	97.167000
0.219500	-9.788000
0.219600	-87.573502
0.219700	-107.019997
0.219800	-19.511200
0.219900	67.997398
0.220000	48.551102
0.220100	-29.234400
0.220200	174.951996
0.220300	145.783005
0.220400	67.997398
0.220500	97.167000
0.220600	87.443802
0.220700	29.104700
0.220800	-48.680698
0.220900	-87.573502
0.221000	-87.573502
0.221100	-29.234400
0.221200	-9.788000
0.221300	29.104700
0.221400	9.658360
0.221500	106.889999
0.221600	116.612999
0.221700	67.997398
0.221800	29.104700
0.221900	48.551102
0.222000	126.336998
0.222100	-9.788000
0.222200	-48.680698
0.222300	-48.680698
0.222400	-9.788000
0.222500	29.104700
0.222600	-9.788000
0.222700	29.104700
0.222800	19.381500
0.222900	-29.234400
0.223000	-48.680698
0.223100	29.104700
0.223200	106.889999
0.223300	48.551102
0.223400	19.381500
0.223500	-9.788000
0.223600	-87.573502
0.223700	-9.788000
0.223800	136.059998
0.223900	29.104700
0.224000	-48.680698
0.224100	48.551102
0.224200	126.336998
0.224300	29.104700
0.224400	-9.788000
0.224500	29.104700
0.224600	97.167000
0.224700	19.381500
0.224800	-126.466003
0.224900	-38.957500
0.225000	29.104700
0.225100	29.104700
0.225200	9.658360
0.225300	-9.788000
0.225400	9.658360
0.225500	-9.788000
0.225600	48.551102
0.225700	97.167000
0.225800	48.551102
0.225900	-87.573502
0.226000	-19.511200
0.226100	9.658360
0.226200	-126.466003
0.226300	-48.680698
0.226400	48.551102
0.226500	9.658360
0.226600	-9.788000
0.226700	-9.788000
0.226800	29.104700
0.226900	-0.064821
0.227000	-48.680698
0.227100	-9.788000
0.227200	97.167000
0.227300	145.783005
0.227400	48.551102
0.227500	-9.788000
0.227600	58.274300
0.227700	9.658360
0.227800	-48.680698
0.227900	-87.573502
0.228000	58.274300
0.228100	77.720596
0.228200	9.658360
0.228300	-9.788000
0.228400	-9.788000
0.228500	-9.788000
0.228600	9.658360
0.228700	29.104700
0.228800	-9.788000
0.228900	48.551102
0.229000	58.274300
0.229100	106.889999
0.229200	29.104700
0.229300	-29.234400
0.229400	-68.127098
0.229500	-48.680698
0.229600	-29.234400
0.229700	48.551102
0.229800	106.889999
0.229900	29.104700
0.230000	-87.573502
0.230100	-48.680698
0.230200	-9.788000
0.230300	9.658360
0.230400	136.059998
0.230500	97.167000
0.230600	-29.234400
0.230700	48.551102
0.230800	145.783005
0.230900	29.104700
0.231000	-126.466003
0.231100	-29.234400
0.231200	9.658360
0.231300	-19.511200
0.231400	-48.680698
0.231500	-9.788000
0.231600	19.381500
0.231700	48.551102
0.231800	-19.511200
0.231900	-29.234400
0.232000	-9.788000
0.232100	-29.234400
0.232200	97.167000
0.232300	145.783005
0.232400	48.551102
0.232500	-29.234400
0.232600	29.104700
0.232700	29.104700
0.232800	-19.511200
0.232900	29.104700
0.233000	-48.680698
0.233100	-29.234400
0.233200	116.612999
0.233300	145.783005
0.233400	77.720596
0.233500	-9.788000
0.233600	-9.788000
0.233700	9.658360
0.233800	29.104700
0.233900	19.381500
0.234000	-58.403900
0.234100	-29.234400
0.234200	9.658360
0.234300	58.274300
0.234400	58.274300
0.234500	9.658360
0.234600	48.551102
0.234700	116.612999
0.234800	106.889999
0.234900	87.443802
0.235000	-9.788000
0.235100	-0.064821
0.235200	-9.788000
0.235300	-9.788000
0.235400	9.658360
0.235500	58.274300
0.235600	67.997398
0.235700	-9.788000
0.235800	67.997398
0.235900	145.783005
0.236000	19.381500
0.236100	29.104700
0.236200	87.443802
0.236300	48.551102
0.236400	58.274300
0.236500	29.104700
0.236600	106.889999
0.236700	145.783005
0.236800	67.997398
0.236900	-9.788000
0.237000	48.551102
0.237100	106.889999
0.237200	38.827900
0.237300	-87.573502
0.237400	-29.234400
0.237500	67.997398
0.237600	67.997398
0.237700	-19.511200
0.237800	29.104700
0.237900	-48.680698
0.238000	-58.403900
0.238100	-9.788000
0.238200	9.658360
0.238300	106.889999
0.238400	145.783005
0.238500	48.551102
0.238600	-9.788000
0.238700	116.612999
0.238800	145.783005
0.238900	48.551102
0.239000	29.104700
0.239100	67.997398
0.239200	87.443802
0.239300	19.381500
0.239400	19.381500
0.239500	87.443802
0.239600	29.104700
0.239700	29.104700
0.239800	145.783005
0.239900	67.997398
0.240000	-9.788000
0.240100	126.336998
0.240200	223.567993
0.240300	174.951996
0.240400	19.381500
0.240500	-48.680698
0.240600	48.551102
0.240700	136.059998
0.240800	87.443802
0.240900	-9.788000
0.241000	38.827900
0.241100	87.443802
0.241200	106.889999
0.241300	29.104700
0.241400	67.997398
0.241500	126.336998
0.241600	67.997398
0.241700	-87.573502
0.241800	-107.019997
0.241900	-87.573502
0.242000	-48.680698
0.242100	9.658360
0.242200	9.658360
0.242300	58.274300
0.242400	106.889999
0.242500	19.381500
0.242600	-9.788000
0.242700	106.889999
0.242800	106.889999
0.242900	87.443802
0.243000	67.997398
0.243100	48.551102
0.243200	58.274300
0.243300	-19.511200
0.243400	-29.234400
0.243500	-29.234400
0.243600	-9.788000
0.243700	-9.788000
0.243800	-48.680698
0.243900	-87.573502
0.244000	-9.788000
0.244100	-9.788000
0.244200	29.104700
0.244300	-48.680698
0.244400	-87.573502
0.244500	9.658360
0.244600	106.889999
0.244700	-9.788000
0.244800	-9.788000
0.244900	29.104700
0.245000	-29.234400
0.245100	-68.127098
0.245200	-38.957500
0.245300	-87.573502
0.245400	-126.466003
0.245500	-107.019997
0.245600	-87.573502
0.245700	-29.234400
0.245800	9.658360
0.245900	67.997398
0.246000	-0.064821
0.246100	-165.358994
0.246200	-107.019997
0.246300	9.658360
0.246400	106.889999
0.246500	-19.511200
0.246600	-9.788000
0.246700	-9.788000
0.246800	-97.296600
0.246900	29.104700
0.247000	48.551102
0.247100	-9.788000
0.247200	19.381500
0.247300	-0.064821
0.247400	-9.788000
0.247500	-9.788000
0.247600	19.381500
0.247700	-29.234400
0.247800	-87.573502
0.247900	-19.511200
0.248000	-0.064821
0.248100	48.551102
0.248200	48.551102
0.248300	97.167000
0.248400	38.827900
0.248500	48.551102
0.248600	29.104700
0.248700	-0.064821
0.248800	-87.573502
0.248900	-97.296600
0.249000	48.551102
0.249100	48.551102
0.249200	-87.573502
0.249300	-9.788000
0.249400	67.997398
0.249500	-126.466003
0.249600	-165.358994
0.249700	-87.573502
0.249800	-29.234400
0.249900	29.104700
0.250000	29.104700
0.250100	29.104700
0.250200	29.104700
0.250300	145.783005
0.250400	145.783005
0.250500	48.551102
0.250600	-9.788000
0.250700	-9.788000
0.250800	145.783005
0.250900	29.104700
0.251000	-87.573502
0.251100	-87.573502
0.251200	-9.788000
0.251300	29.104700
0.251400	-29.234400
0.251500	-9.788000
0.251600	48.551102
0.251700	67.997398
0.251800	-9.788000
0.251900	-58.403900
0.252000	87.443802
0.252100	204.121994
0.252200	126.336998
0.252300	-87.573502
0.252400	-87.573502
0.252500	29.104700
0.252600	87.443802
0.252700	-48.680698
0.252800	-48.680698
0.252900	106.889999
0.253000	174.951996
0.253100	87.443802
0.253200	29.104700
0.253300	29.104700
0.253400	87.443802
0.253500	29.104700
0.253600	-9.788000
0.253700	48.551102
0.253800	19.381500
0.253900	67.997398
0.254000	9.658360
0.254100	-68.127098
0.254200	29.104700
0.254300	19.381500
0.254400	29.104700
0.254500	48.551102
0.254600	-29.234400
0.254700	-58.403900
0.254800	-48.680698
0.254900	9.658360
0.255000	29.104700
0.255100	-9.788000
0.255200	9.658360
0.255300	184.675995
0.255400	106.889999
0.255500	-29.234400
0.255600	-38.957500
0.255700	-9.788000
0.255800	-9.788000
0.255900	-29.234400
0.256000	48.551102
0.256100	-9.788000
0.256200	-29.234400
0.256300	-9.788000
0.256400	-9.788000
0.256500	29.104700
0.256600	67.997398
0.256700	-9.788000
0.256800	-87.573502
0.256900	19.381500
0.257000	67.997398
0.257100	58.274300
0.257200	9.658360
0.257300	-48.680698
0.257400	9.658360
0.257500	97.167000
0.257600	29.104700
0.257700	97.167000
0.257800	29.104700
0.257900	9.658360
0.258000	-19.511200
0.258100	-9.788000
0.258200	-87.573502
0.258300	-19.511200
0.258400	9.658360
0.258500	58.274300
0.258600	97.167000
0.258700	29.104700
0.258800	48.551102
0.258900	-9.788000
0.259000	19.381500
0.259100	67.997398
0.259200	29.104700
0.259300	-9.788000
0.259400	-9.788000
0.259500	-48.680698
0.259600	-9.788000
0.259700	106.889999
0.259800	-9.788000
0.259900	-107.019997
0.260000	-87.573502
0.260100	-48.680698
0.260200	48.551102
0.260300	-87.573502
0.260400	-87.573502
0.260500	48.551102
0.260600	-19.511200
0.260700	-29.234400
0.260800	9.658360
0.260900	-9.788000
0.261000	106.889999
0.261100	136.059998
0.261200	87.443802
0.261300	29.104700
0.261400	9.658360
0.261500	48.551102
0.261600	29.104700
0.261700	67.997398
0.261800	106.889999
0.261900	29.104700
0.262000	-9.788000
0.262100	48.551102
0.262200	67.997398
0.262300	9.658360
0.262400	9.658360
0.262500	67.997398
0.262600	165.229004
0.262700	145.783005
0.262800	9.658360
0.262900	-9.788000
0.263000	106.889999
0.263100	106.889999
0.263200	9.658360
0.263300	-29.234400
0.263400	38.827900
0.263500	67.997398
0.263600	29.104700
0.263700	29.104700
0.263800	67.997398
0.263900	29.104700
0.264000	-38.957500
0.264100	48.551102
0.264200	29.104700
0.264300	106.889999
0.264400	106.889999
0.264500	-9.788000
0.264600	-29.234400
0.264700	97.167000
0.264800	29.104700
0.264900	-38.957500
0.265000	106.889999
0.265100	67.997398
0.265200	48.551102
0.265300	145.783005
0.265400	29.104700
0.265500	-48.680698
0.265600	145.783005
0.265700	145.783005
0.265800	-19.511200
0.265900	29.104700
0.266000	126.336998
0.266100	97.167000
0.266200	67.997398
0.266300	58.274300
0.266400	-9.788000
0.266500	58.274300
0.266600	116.612999
0.266700	106.889999
0.266800	48.551102
0.266900	145.783005
0.267000	145.783005
0.267100	116.612999
0.267200	106.889999
0.267300	67.997398
0.267400	67.997398
0.267500	29.104700
0.267600	19.381500
0.267700	67.997398
0.267800	126.336998
0.267900	87.443802
0.268000	38.827900
0.268100	29.104700
0.268200	67.997398
0.268300	126.336998
0.268400	58.274300
0.268500	67.997398
0.268600	106.889999
0.268700	-19.511200
0.268800	29.104700
0.268900	-0.064821
0.269000	-29.234400
0.269100	29.104700
0.269200	-9.788000
0.269300	-29.234400
0.269400	97.167000
0.269500	58.274300
0.269600	-87.573502
0.269700	-87.573502
0.269800	29.104700
0.269900	48.551102
0.270000	106.889999
0.270100	165.229004
0.270200	58.274300
0.270300	29.104700
0.270400	67.997398
0.270500	87.443802
0.270600	9.658360
0.270700	-0.064821
0.270800	29.104700
0.270900	9.658360
0.271000	-29.234400
0.271100	29.104700
0.271200	48.551102
0.271300	87.443802
0.271400	48.551102
0.271500	48.551102
0.271600	58.274300
0.271700	-9.788000
0.271800	29.104700
0.271900	9.658360
0.272000	29.104700
0.272100	116.612999
0.272200	145.783005
0.272300	29.104700
0.272400	-87.573502
0.272500	-9.788000
0.272600	67.997398
0.272700	-9.788000
0.272800	-29.234400
0.272900	9.658360
0.273000	87.443802
0.273100	-9.788000
0.273200	-58.403900
0.273300	-48.680698
0.273400	9.658360
0.273500	-9.788000
0.273600	106.889999
0.273700	-9.788000
0.273800	19.381500
0.273900	165.229004
0.274000	67.997398
0.274100	-9.788000
0.274200	67.997398
0.274300	97.167000
0.274400	67.997398
0.274500	-0.064821
0.274600	-48.680698
0.274700	-9.788000
0.274800	48.551102
0.274900	-9.788000
0.275000	-29.234400
0.275100	87.443802
0.275200	-48.680698
0.275300	-9.788000
0.275400	136.059998
0.275500	106.889999
0.275600	106.889999
0.275700	29.104700
0.275800	-29.234400
0.275900	-29.234400
0.276000	67.997398
0.276100	29.104700
0.276200	29.104700
0.276300	48.551102
0.276400	29.104700
0.276500	67.997398
0.276600	67.997398
0.276700	106.889999
0.276800	9.658360
0.276900	29.104700
0.277000	-19.511200
0.277100	-9.788000
0.277200	19.381500
0.277300	38.827900
0.277400	145.783005
0.277500	9.658360
0.277600	-19.511200
0.277700	29.104700
0.277800	87.443802
0.277900	29.104700
0.278000	-9.788000
0.278100	67.997398
0.278200	145.783005
0.278300	29.104700
0.278400	-87.573502
0.278500	-9.788000
0.278600	184.675995
0.278700	184.675995
0.278800	145.783005
0.278900	165.229004
0.279000	174.951996
0.279100	106.889999
0.279200	9.658360
0.279300	67.997398
0.279400	9.658360
0.279500	-9.788000
0.279600	48.551102
0.279700	67.997398
0.279800	-9.788000
0.279900	29.104700
0.280000	106.889999
0.280100	29.104700
0.280200	-19.511200
0.280300	9.658360
0.280400	29.104700
0.280500	48.551102
0.280600	-0.064821
0.280700	-9.788000
0.280800	67.997398
0.280900	9.658360
0.281000	-87.573502
0.281100	9.658360
0.281200	67.997398
0.281300	126.336998
0.281400	67.997398
0.281500	-87.573502
0.281600	-87.573502
0.281700	67.997398
0.281800	106.889999
0.281900	29.104700
0.282000	106.889999
0.282100	106.889999
0.282200	29.104700
0.282300	29.104700
0.282400	29.104700
0.282500	145.783005
0.282600	126.336998
0.282700	29.104700
0.282800	-38.957500
0.282900	29.104700
0.283000	97.167000
0.283100	48.551102
0.283200	29.104700
0.283300	126.336998
0.283400	145.783005
0.283500	29.104700
0.283600	-19.511200
0.283700	-0.064821
0.283800	-48.680698
0.283900	-87.573502
0.284000	106.889999
0.284100	67.997398
0.284200	29.104700
0.284300	67.997398
0.284400	29.104700
0.284500	19.381500
0.284600	29.104700
0.284700	-38.957500
0.284800	-9.788000
0.284900	38.827900
0.285000	-9.788000
0.285100	-29.234400
0.285200	-9.788000
0.285300	38.827900
0.285400	38.827900
0.285500	-9.788000
0.285600	29.104700
0.285700	9.658360
0.285800	58.274300
0.285900	97.167000
0.286000	-19.511200
0.286100	-19.511200
0.286200	116.612999
0.286300	145.783005
0.286400	-48.680698
0.286500	-29.234400
0.286600	116.612999
0.286700	106.889999
0.286800	106.889999
0.286900	58.274300
0.287000	126.336998
0.287100	29.104700
0.287200	-9.788000
0.287300	48.551102
0.287400	-48.680698
0.287500	-29.234400
0.287600	58.274300
0.287700	58.274300
0.287800	19.381500
0.287900	67.997398
0.288000	106.889999
0.288100	87.443802
0.288200	106.889999
0.288300	-87.573502
0.288400	-87.573502
0.288500	67.997398
0.288600	19.381500
0.288700	-9.788000
0.288800	48.551102
0.288900	29.104700
0.289000	106.889999
0.289100	29.104700
0.289200	-9.788000
0.289300	9.658360
0.289400	9.658360
0.289500	145.783005
0.289600	126.336998
0.289700	9.658360
0.289800	29.104700
0.289900	106.889999
0.290000	29.104700
0.290100	29.104700
0.290200	9.658360
0.290300	67.997398
0.290400	-9.788000
0.290500	-29.234400
0.290600	-48.680698
0.290700	48.551102
0.290800	29.104700
0.290900	87.443802
0.291000	48.551102
0.291100	29.104700
0.291200	106.889999
0.291300	9.658360
0.291400	-29.234400
0.291500	106.889999
0.291600	126.336998
0.291700	48.551102
0.291800	29.104700
0.291900	29.104700
0.292000	165.229004
0.292100	262.460999
0.292200	-9.788000
0.292300	-68.127098
0.292400	67.997398
0.292500	165.229004
0.292600	145.783005
0.292700	145.783005
0.292800	29.104700
0.292900	-9.788000
0.293000	29.104700
0.293100	106.889999
0.293200	19.381500
0.293300	19.381500
0.293400	29.104700
0.293500	-29.234400
0.293600	-48.680698
0.293700	58.274300
0.293800	29.104700
0.293900	29.104700
0.294000	-9.788000
0.294100	-58.403900
0.294200	-9.788000
0.294300	77.720596
0.294400	9.658360
0.294500	-9.788000
0.294600	48.551102
0.294700	48.551102
0.294800	-9.788000
0.294900	-9.788000
0.295000	-19.511200
0.295100	38.827900
0.295200	19.381500
0.295300	-29.234400
0.295400	-48.680698
0.295500	-9.788000
0.295600	-9.788000
0.295700	-48.680698
0.295800	-9.788000
0.295900	38.827900
0.296000	-9.788000
0.296100	-9.788000
0.296200	48.551102
0.296300	126.336998
0.296400	145.783005
0.296500	97.167000
0.296600	29.104700
0.296700	19.381500
0.296800	-19.511200
0.296900	-29.234400
0.297000	29.104700
0.297100	48.551102
0.297200	29.104700
0.297300	-9.788000
0.297400	67.997398
0.297500	145.783005
0.297600	165.229004
0.297700	67.997398
0.297800	9.658360
0.297900	58.274300
0.298000	87.443802
0.298100	29.104700
0.298200	-29.234400
0.298300	-58.403900
0.298400	29.104700
0.298500	48.551102
0.298600	29.104700
0.298700	48.551102
0.298800	136.059998
0.298900	126.336998
0.299000	-9.788000
0.299100	-29.234400
0.299200	67.997398
0.299300	87.443802
0.299400	-9.788000
0.299500	-29.234400
0.299600	29.104700
0.299700	174.951996
0.299800	126.336998
0.299900	9.658360
