-0.050000	3.870440
-0.049900	4.836440
-0.049800	-3.857560
-0.049700	-2.891560
-0.049600	1.938440
-0.049500	0.972440
-0.049400	3.387440
-0.049300	4.353440
-0.049200	6.768440
-0.049100	2.904440
-0.049000	-2.408560
-0.048900	-1.925560
-0.048800	5.802440
-0.048700	5.802440
-0.048600	0.006440
-0.048500	0.006440
-0.048400	2.904440
-0.048300	1.938440
-0.048200	0.489440
-0.048100	-0.959560
-0.048000	-1.925560
-0.047900	4.353440
-0.047800	3.387440
-0.047700	3.387440
-0.047600	11.115400
-0.047500	6.768440
-0.047400	5.319440
-0.047300	2.904440
-0.047200	4.836440
-0.047100	0.489440
-0.047000	0.006440
-0.046900	2.904440
-0.046800	1.455440
-0.046700	-0.476560
-0.046600	6.768440
-0.046500	5.802440
-0.046400	8.217440
-0.046300	10.632400
-0.046200	7.734440
-0.046100	2.421440
-0.046000	1.455440
-0.045900	0.972440
-0.045800	-1.925560
-0.045700	-1.442560
-0.045600	3.387440
-0.045500	2.421440
-0.045400	-1.925560
-0.045300	-3.857560
-0.045200	-3.857560
-0.045100	-1.925560
-0.045000	2.904440
-0.044900	-0.959560
-0.044800	-0.959560
-0.044700	6.285440
-0.044600	6.285440
-0.044500	3.387440
-0.044400	5.802440
-0.044300	0.489440
-0.044200	0.006440
-0.044100	6.285440
-0.044000	8.217440
-0.043900	5.802440
-0.043800	2.904440
-0.043700	-1.442560
-0.043600	-1.925560
-0.043500	4.353440
-0.043400	5.802440
-0.043300	3.387440
-0.043200	0.006440
-0.043100	0.006440
-0.043000	2.904440
-0.042900	5.802440
-0.042800	2.904440
-0.042700	3.870440
-0.042600	8.700440
-0.042500	5.802440
-0.042400	5.802440
-0.042300	11.115400
-0.042200	5.802440
-0.042100	3.387440
-0.042000	5.319440
-0.041900	5.802440
-0.041800	5.802440
-0.041700	5.319440
-0.041600	6.768440
-0.041500	5.802440
-0.041400	3.870440
-0.041300	2.904440
-0.041200	0.006440
-0.041100	3.870440
-0.041000	4.353440
-0.040900	-1.925560
-0.040800	3.870440
-0.040700	4.836440
-0.040600	2.904440
-0.040500	10.632400
-0.040400	2.904440
-0.040300	-1.925560
-0.040200	0.489440
-0.040100	-2.891560
-0.040000	-7.238560
-0.039900	0.006440
-0.039800	0.972440
-0.039700	-4.823560
-0.039600	-3.857560
-0.039500	3.870440
-0.039400	4.353440
-0.039300	3.870440
-0.039200	3.870440
-0.039100	-0.959560
-0.039000	-2.891560
-0.038900	-0.959560
-0.038800	-1.925560
-0.038700	-3.857560
-0.038600	-2.891560
-0.038500	-1.925560
-0.038400	0.489440
-0.038300	3.387440
-0.038200	0.006440
-0.038100	4.353440
-0.038000	5.802440
-0.037900	0.006440
-0.037800	-1.925560
-0.037700	-2.891560
-0.037600	-0.959560
-0.037500	3.870440
-0.037400	-1.925560
-0.037300	-4.823560
-0.037200	-4.823560
-0.037100	-2.891560
-0.037000	-1.925560
-0.036900	-6.755560
-0.036800	-6.755560
-0.036700	-3.857560
-0.036600	-0.476560
-0.036500	-1.925560
-0.036400	-2.891560
-0.036300	-4.340560
-0.036200	-2.891560
-0.036100	-0.959560
-0.036000	-1.442560
-0.035900	-3.857560
-0.035800	-0.959560
-0.035700	-3.857560
-0.035600	-7.238560
-0.035500	-3.857560
-0.035400	-1.442560
-0.035300	-1.925560
-0.035200	-9.653560
-0.035100	-6.272560
-0.035000	-6.272560
-0.034900	-4.823560
-0.034800	-1.442560
-0.034700	-4.823560
-0.034600	-4.823560
-0.034500	-2.891560
-0.034400	-4.823560
-0.034300	0.006440
-0.034200	2.904440
-0.034100	1.938440
-0.034000	-0.959560
-0.033900	-6.755560
-0.033800	-5.789560
-0.033700	-4.823560
-0.033600	-7.721560
-0.033500	-1.442560
-0.033400	-1.925560
-0.033300	-9.170560
-0.033200	-5.789560
-0.033100	-1.925560
-0.033000	-2.408560
-0.032900	-5.789560
-0.032800	-5.789560
-0.032700	-3.857560
-0.032600	-5.306560
-0.032500	-6.272560
-0.032400	-1.442560
-0.032300	2.904440
-0.032200	-3.857560
-0.032100	-3.374560
-0.032000	0.006440
-0.031900	-0.476560
-0.031800	6.285440
-0.031700	2.421440
-0.031600	2.421440
-0.031500	-0.959560
-0.031400	-3.857560
-0.031300	-8.204560
-0.031200	-6.755560
-0.031100	1.938440
-0.031000	5.802440
-0.030900	2.904440
-0.030800	6.285440
-0.030700	12.564400
-0.030600	3.870440
-0.030500	0.489440
-0.030400	5.802440
-0.030300	9.666440
-0.030200	9.666440
-0.030100	3.870440
-0.030000	4.836440
-0.029900	5.802440
-0.029800	0.972440
-0.029700	0.489440
-0.029600	2.904440
-0.029500	4.836440
-0.029400	5.319440
-0.029300	0.972440
-0.029200	0.489440
-0.029100	0.006440
-0.029000	-1.925560
-0.028900	2.421440
-0.028800	1.455440
-0.028700	0.006440
-0.028600	1.938440
-0.028500	0.006440
-0.028400	-2.891560
-0.028300	-2.408560
-0.028200	1.455440
-0.028100	5.802440
-0.028000	7.251440
-0.027900	2.904440
-0.027800	0.006440
-0.027700	3.387440
-0.027600	2.421440
-0.027500	5.802440
-0.027400	8.700440
-0.027300	3.870440
-0.027200	-0.959560
-0.027100	-1.442560
-0.027000	3.870440
-0.026900	2.904440
-0.026800	5.802440
-0.026700	5.319440
-0.026600	2.904440
-0.026500	6.285440
-0.026400	2.421440
-0.026300	-1.442560
-0.026200	4.836440
-0.026100	5.319440
-0.026000	1.938440
-0.025900	0.006440
-0.025800	0.972440
-0.025700	-1.442560
-0.025600	1.455440
-0.025500	-0.959560
-0.025400	-0.476560
-0.025300	0.006440
-0.025200	-1.442560
-0.025100	0.006440
-0.025000	-3.374560
-0.024900	-0.476560
-0.024800	1.455440
-0.024700	-1.925560
-0.024600	3.870440
-0.024500	1.938440
-0.024400	-1.442560
-0.024300	3.870440
-0.024200	10.632400
-0.024100	4.836440
-0.024000	0.972440
-0.023900	1.938440
-0.023800	6.768440
-0.023700	5.802440
-0.023600	2.904440
-0.023500	3.870440
-0.023400	1.938440
-0.023300	0.489440
-0.023200	3.870440
-0.023100	8.217440
-0.023000	6.285440
-0.022900	5.802440
-0.022800	6.285440
-0.022700	7.734440
-0.022600	5.802440
-0.022500	10.149400
-0.022400	5.319440
-0.022300	1.938440
-0.022200	3.870440
-0.022100	3.870440
-0.022000	2.904440
-0.021900	6.285440
-0.021800	6.768440
-0.021700	7.251440
-0.021600	7.251440
-0.021500	6.285440
-0.021400	10.632400
-0.021300	12.081400
-0.021200	5.802440
-0.021100	5.802440
-0.021000	4.353440
-0.020900	0.972440
-0.020800	7.734440
-0.020700	7.734440
-0.020600	0.006440
-0.020500	0.006440
-0.020400	6.285440
-0.020300	7.251440
-0.020200	3.870440
-0.020100	0.006440
-0.020000	2.421440
-0.019900	5.802440
-0.019800	0.006440
-0.019700	-1.925560
-0.019600	-4.340560
-0.019500	-1.925560
-0.019400	1.455440
-0.019300	1.455440
-0.019200	0.006440
-0.019100	0.972440
-0.019000	1.938440
-0.018900	8.700440
-0.018800	8.217440
-0.018700	0.489440
-0.018600	5.319440
-0.018500	8.217440
-0.018400	0.006440
-0.018300	-0.476560
-0.018200	0.006440
-0.018100	-1.925560
-0.018000	0.489440
-0.017900	-0.476560
-0.017800	-1.925560
-0.017700	0.489440
-0.017600	-0.476560
-0.017500	-1.925560
-0.017400	2.904440
-0.017300	-3.374560
-0.017200	-4.340560
-0.017100	2.904440
-0.017000	4.836440
-0.016900	-2.891560
-0.016800	0.006440
-0.016700	0.489440
-0.016600	1.455440
-0.016500	0.972440
-0.016400	-2.408560
-0.016300	-3.857560
-0.016200	3.870440
-0.016100	4.836440
-0.016000	-1.925560
-0.015900	-3.857560
-0.015800	-1.925560
-0.015700	2.904440
-0.015600	10.149400
-0.015500	1.455440
-0.015400	-4.823560
-0.015300	-1.925560
-0.015200	-6.755560
-0.015100	-5.306560
-0.015000	-0.959560
-0.014900	-2.891560
-0.014800	-3.857560
-0.014700	0.489440
-0.014600	3.387440
-0.014500	-2.891560
-0.014400	-1.925560
-0.014300	0.972440
-0.014200	-3.857560
-0.014100	-5.789560
-0.014000	-1.925560
-0.013900	-2.891560
-0.013800	-2.891560
-0.013700	-6.755560
-0.013600	-5.789560
-0.013500	0.006440
-0.013400	0.972440
-0.013300	-7.721560
-0.013200	-5.306560
-0.013100	-3.857560
-0.013000	-0.476560
-0.012900	-0.476560
-0.012800	-1.925560
-0.012700	-3.374560
-0.012600	-6.755560
-0.012500	-5.306560
-0.012400	0.489440
-0.012300	-1.925560
-0.012200	-2.408560
-0.012100	-10.136600
-0.012000	-7.721560
-0.011900	0.489440
-0.011800	-2.891560
-0.011700	-8.687560
-0.011600	-7.721560
-0.011500	-9.653560
-0.011400	-8.204560
-0.011300	-5.789560
-0.011200	-7.721560
-0.011100	-8.687560
-0.011000	-8.204560
-0.010900	-1.925560
-0.010800	-2.891560
-0.010700	-6.755560
-0.010600	-9.170560
-0.010500	-2.891560
-0.010400	0.972440
-0.010300	-5.306560
-0.010200	-10.619600
-0.010100	-7.238560
-0.010000	-4.340560
-0.009900	-7.721560
-0.009800	-3.374560
-0.009700	-6.755560
-0.009600	-3.857560
-0.009500	-2.891560
-0.009400	-7.721560
-0.009300	0.006440
-0.009200	5.319440
-0.009100	0.972440
-0.009000	4.836440
-0.008900	9.666440
-0.008800	1.938440
-0.008700	-0.476560
-0.008600	3.870440
-0.008500	3.387440
-0.008400	5.802440
-0.008300	5.802440
-0.008200	0.972440
-0.008100	-0.476560
-0.008000	2.904440
-0.007900	6.285440
-0.007800	2.421440
-0.007700	1.938440
-0.007600	5.802440
-0.007500	0.006440
-0.007400	-0.959560
-0.007300	3.870440
-0.007200	2.904440
-0.007100	0.006440
-0.007000	0.972440
-0.006900	0.972440
-0.006800	1.455440
-0.006700	5.802440
-0.006600	3.870440
-0.006500	4.836440
-0.006400	5.802440
-0.006300	3.387440
-0.006200	1.455440
-0.006100	9.183440
-0.006000	11.115400
-0.005900	4.836440
-0.005800	3.387440
-0.005700	0.972440
-0.005600	-0.959560
-0.005500	-1.442560
-0.005400	3.870440
-0.005300	8.700440
-0.005200	2.904440
-0.005100	-1.925560
-0.005000	-4.340560
-0.004900	-6.755560
-0.004800	-7.721560
-0.004700	-9.653560
-0.004600	-6.272560
-0.004500	-1.925560
-0.004400	-0.959560
-0.004300	0.972440
-0.004200	2.904440
-0.004100	2.904440
-0.004000	5.802440
-0.003900	0.972440
-0.003800	-1.925560
-0.003700	0.489440
-0.003600	5.319440
-0.003500	10.149400
-0.003400	6.768440
-0.003300	3.870440
-0.003200	-4.823560
-0.003100	-2.408560
-0.003000	4.836440
-0.002900	4.836440
-0.002800	1.938440
-0.002700	6.768440
-0.002600	7.251440
-0.002500	3.870440
-0.002400	4.836440
-0.002300	7.734440
-0.002200	5.802440
-0.002100	3.870440
-0.002000	3.870440
-0.001900	-1.442560
-0.001800	-3.857560
-0.001700	-1.925560
-0.001600	2.904440
-0.001500	0.972440
-0.001400	-2.408560
-0.001300	-1.925560
-0.001200	-2.891560
-0.001100	-3.374560
-0.001000	-1.442560
-0.000900	-1.925560
-0.000800	-0.476560
-0.000700	-0.476560
-0.000600	1.938440
-0.000500	1.938440
-0.000400	-1.925560
-0.000300	0.489440
-0.000200	4.353440
-0.000100	-3.857560
0.000000	-3.374560
0.000100	2.421440
0.000200	0.006440
0.000300	-0.959560
0.000400	0.006440
0.000500	-1.925560
0.000600	-0.476560
0.000700	0.489440
0.000800	0.006440
0.000900	4.353440
0.001000	0.972440
0.001100	0.489440
0.001200	1.455440
0.001300	-2.891560
0.001400	-1.925560
0.001500	-2.891560
0.001600	-4.340560
0.001700	3.387440
0.001800	3.870440
0.001900	0.972440
0.002000	-0.959560
0.002100	-0.959560
0.002200	-1.925560
0.002300	0.006440
0.002400	-1.925560
0.002500	-5.306560
0.002600	2.421440
0.002700	0.006440
0.002800	-3.857560
0.002900	-7.721560
0.003000	-1.925560
0.003100	0.006440
0.003200	-6.755560
0.003300	-7.721560
0.003400	-3.374560
0.003500	2.904440
0.003600	1.455440
0.003700	0.006440
0.003800	0.489440
0.003900	3.870440
0.004000	-1.442560
0.004100	1.938440
0.004200	4.836440
0.004300	4.353440
0.004400	3.387440
0.004500	2.904440
0.004600	2.421440
0.004700	-3.857560
0.004800	0.006440
0.004900	0.489440
0.005000	-4.823560
0.005100	-7.238560
0.005200	-0.959560
0.005300	0.972440
0.005400	1.938440
0.005500	-1.442560
0.005600	-3.374560
0.005700	-1.925560
0.005800	-4.823560
0.005900	-5.789560
0.006000	-5.306560
0.006100	-8.204560
0.006200	-4.340560
0.006300	1.938440
0.006400	-5.789560
0.006500	-16.415600
0.006600	-11.102600
0.006700	-9.170560
0.006800	-9.653560
0.006900	-5.789560
0.007000	-5.789560
0.007100	-4.823560
0.007200	-6.272560
0.007300	-8.687560
0.007400	-3.857560
0.007500	-5.789560
0.007600	-11.102600
0.007700	-5.789560
0.007800	-1.925560
0.007900	-2.408560
0.008000	-8.204560
0.008100	-7.721560
0.008200	-0.476560
0.008300	-0.476560
0.008400	2.421440
0.008500	4.836440
0.008600	-0.476560
0.008700	-2.891560
0.008800	-0.959560
0.008900	3.870440
0.009000	2.421440
0.009100	0.006440
0.009200	0.972440
0.009300	4.836440
0.009400	2.904440
0.009500	4.353440
0.009600	-1.925560
0.009700	-3.374560
0.009800	1.938440
0.009900	0.006440
0.010000	-1.925560
0.010100	-0.959560
0.010200	-9.170560
0.010300	-3.857560
0.010400	-0.959560
0.010500	-8.687560
0.010600	-1.925560
0.010700	0.006440
0.010800	-0.959560
0.010900	-1.925560
0.011000	-3.857560
0.011100	-1.442560
0.011200	-1.925560
0.011300	-2.891560
0.011400	0.006440
0.011500	-0.959560
0.011600	1.938440
0.011700	6.768440
0.011800	4.836440
0.011900	3.870440
0.012000	3.870440
0.012100	10.632400
0.012200	4.353440
0.012300	-1.925560
0.012400	7.734440
0.012500	8.700440
0.012600	1.938440
0.012700	5.802440
0.012800	8.217440
0.012900	-4.340560
0.013000	-12.068600
0.013100	-14.483600
0.013200	-14.966600
0.013300	-7.721560
0.013400	1.455440
0.013500	6.768440
0.013600	5.319440
0.013700	5.802440
0.013800	7.734440
0.013900	10.632400
0.014000	3.387440
0.014100	7.734440
0.014200	15.462400
0.014300	19.326401
0.014400	25.122400
0.014500	34.299400
0.014600	40.578400
0.014700	25.605400
0.014800	15.945400
0.014900	13.047400
0.015000	4.836440
0.015100	3.870440
0.015200	11.598400
0.015300	19.326401
0.015400	21.258400
0.015500	17.877399
0.015600	3.870440
0.015700	0.972440
0.015800	-2.891560
0.015900	-4.340560
0.016000	4.836440
0.016100	5.802440
0.016200	8.217440
0.016300	12.081400
0.016400	5.802440
0.016500	-5.306560
0.016600	-15.932600
0.016700	-13.517600
0.016800	-7.721560
0.016900	0.489440
0.017000	6.768440
0.017100	12.081400
0.017200	4.353440
0.017300	-9.170560
0.017400	-16.415600
0.017500	-14.000600
0.017600	-16.415600
0.017700	-15.449600
0.017800	-7.721560
0.017900	-8.687560
0.018000	-3.374560
0.018100	0.006440
0.018200	-6.755560
0.018300	-16.415600
0.018400	-16.415600
0.018500	-9.170560
0.018600	0.489440
0.018700	8.217440
0.018800	10.149400
0.018900	0.006440
0.019000	-0.959560
0.019100	8.700440
0.019200	4.836440
0.019300	3.387440
0.019400	4.836440
0.019500	-0.959560
0.019600	5.802440
0.019700	9.666440
0.019800	3.870440
0.019900	-4.823560
0.020000	-3.857560
0.020100	-1.925560
0.020200	-9.170560
0.020300	-4.340560
0.020400	-2.408560
0.020500	1.938440
0.020600	9.666440
0.020700	7.734440
0.020800	-4.340560
0.020900	7.734440
0.021000	57.000401
0.021100	49.755402
0.021200	6.285440
0.021300	24.156401
0.021400	54.102402
0.021500	42.027401
0.021600	10.149400
0.021700	-16.415600
0.021800	-0.959560
0.021900	21.741400
0.022000	30.918400
0.022100	42.510399
0.022200	40.578400
0.022300	25.122400
0.022400	14.013400
0.022500	25.122400
0.022600	31.401400
0.022700	33.333401
0.022800	40.578400
0.022900	40.578400
0.023000	22.224400
0.023100	10.632400
0.023200	14.979400
0.023300	24.156401
0.023400	40.578400
0.023500	40.578400
0.023600	30.918400
0.023700	25.122400
0.023800	17.394400
0.023900	14.496400
0.024000	12.564400
0.024100	9.666440
0.024200	3.870440
0.024300	3.387440
0.024400	-2.408560
0.024500	-16.415600
0.024600	-17.381599
0.024700	3.870440
0.024800	-1.925560
0.024900	-14.966600
0.025000	-1.925560
0.025100	3.870440
0.025200	-5.789560
0.025300	-8.687560
0.025400	-8.204560
0.025500	-10.619600
0.025600	-2.891560
0.025700	4.353440
0.025800	0.006440
0.025900	0.972440
0.026000	2.421440
0.026100	-1.925560
0.026200	-2.891560
0.026300	-3.374560
0.026400	-6.755560
0.026500	-9.653560
0.026600	6.285440
0.026700	13.530400
0.026800	4.836440
0.026900	-17.381599
0.027000	-27.041599
0.027100	-24.143600
0.027200	-25.109600
0.027300	-24.626600
0.027400	-17.864599
0.027500	-6.755560
0.027600	0.006440
0.027700	-3.857560
0.027800	-9.653560
0.027900	-6.272560
0.028000	-0.959560
0.028100	-1.925560
0.028200	-1.925560
0.028300	-1.442560
0.028400	-17.381599
0.028500	15.945400
0.028600	131.865005
0.028700	153.117004
0.028800	84.048401
0.028900	50.721401
0.029000	30.918400
0.029100	6.768440
0.029200	4.353440
0.029300	5.802440
0.029400	10.632400
0.029500	12.564400
0.029600	0.972440
0.029700	-2.891560
0.029800	-3.374560
0.029900	-5.789560
0.030000	-7.721560
0.030100	-8.204560
0.030200	-9.170560
0.030300	-0.959560
0.030400	4.836440
0.030500	-6.272560
0.030600	-8.687560
0.030700	-6.755560
0.030800	-1.925560
0.030900	8.700440
0.031000	7.734440
0.031100	6.768440
0.031200	0.489440
0.031300	-4.823560
0.031400	-5.789560
0.031500	-6.755560
0.031600	-5.789560
0.031700	2.421440
0.031800	10.149400
0.031900	3.870440
0.032000	-9.653560
0.032100	-14.000600
0.032200	-11.585600
0.032300	0.489440
0.032400	0.972440
0.032500	-2.891560
0.032600	15.462400
0.032700	27.054399
0.032800	13.530400
0.032900	6.285440
0.033000	7.734440
0.033100	14.013400
0.033200	17.394400
0.033300	13.530400
0.033400	17.394400
0.033500	14.496400
0.033600	12.081400
0.033700	9.666440
0.033800	1.455440
0.033900	2.904440
0.034000	11.598400
0.034100	8.700440
0.034200	16.911400
0.034300	16.911400
0.034400	12.081400
0.034500	18.360399
0.034600	6.768440
0.034700	-5.789560
0.034800	3.870440
0.034900	5.802440
0.035000	-2.408560
0.035100	-9.653560
0.035200	-6.755560
0.035300	6.285440
0.035400	20.292400
0.035500	40.578400
0.035600	40.578400
0.035700	26.088400
0.035800	14.496400
0.035900	14.496400
0.036000	21.741400
0.036100	19.326401
0.036200	11.598400
0.036300	7.734440
0.036400	5.802440
0.036500	1.938440
0.036600	5.802440
0.036700	13.530400
0.036800	11.115400
0.036900	13.047400
0.037000	24.156401
0.037100	28.020399
0.037200	28.986401
0.037300	28.986401
0.037400	40.578400
0.037500	40.578400
0.037600	40.578400
0.037700	53.136398
0.037800	72.456398
0.037900	76.803398
0.038000	78.735397
0.038100	75.354401
0.038200	61.830399
0.038300	64.245399
0.038400	59.898399
0.038500	48.789398
0.038600	54.585400
0.038700	56.034401
0.038800	56.034401
0.038900	59.898399
0.039000	62.796398
0.039100	62.796398
0.039200	63.762402
0.039300	83.082397
0.039400	91.776398
0.039500	92.742401
0.039600	102.402000
0.039700	105.300003
0.039800	110.129997
0.039900	117.375000
0.040000	114.959999
0.040100	124.620003
0.040200	128.001007
0.040300	125.585999
0.040400	149.735992
0.040500	170.022003
0.040600	161.811005
0.040700	151.184998
0.040800	155.048996
0.040900	162.294006
0.041000	155.531998
0.041100	152.634003
0.041200	156.981003
0.041300	166.158005
0.041400	166.158005
0.041500	157.464005
0.041600	153.600006
0.041700	152.634003
0.041800	157.464005
0.041900	164.225998
0.042000	169.539001
0.042100	170.022003
0.042200	170.988007
0.042300	173.886002
0.042400	164.225998
0.042500	160.362000
0.042600	171.470993
0.042700	165.192001
0.042800	150.701996
0.042900	153.117004
0.043000	139.110001
0.043100	130.416000
0.043200	124.620003
0.043300	111.579002
0.043400	103.367996
0.043500	104.334000
0.043600	95.157402
0.043700	94.674400
0.043800	87.912399
0.043900	76.803398
0.044000	72.456398
0.044100	68.592400
0.044200	83.565399
0.044300	100.470001
0.044400	110.129997
0.044500	106.265999
0.044600	104.334000
0.044700	127.517998
0.044800	134.763000
0.044900	123.653999
0.045000	134.279999
0.045100	130.416000
0.045200	121.722000
0.045300	123.653999
0.045400	119.790001
0.045500	113.028000
0.045600	109.647003
0.045700	90.810402
0.045800	67.626404
0.045900	85.014397
0.046000	96.606400
0.046100	83.565399
0.046200	68.592400
0.046300	85.980400
0.046400	135.729004
0.046500	166.641006
0.046600	168.089996
0.046700	140.076004
0.046800	113.028000
0.046900	121.722000
0.047000	131.865005
0.047100	137.177994
0.047200	136.212006
0.047300	120.273003
0.047400	97.089401
0.047500	60.381401
0.047600	71.973396
0.047700	108.681000
0.047800	99.021400
0.047900	100.953003
0.048000	82.116402
0.048100	58.932400
0.048200	101.435997
0.048300	116.891998
0.048400	59.898399
0.048500	-228.936005
0.048600	-339.542999
0.048700	409.589996
0.048800	523.578003
0.048900	194.171997
0.049000	149.735992
0.049100	87.429398
0.049200	6.285440
0.049300	164.225998
0.049400	261.308990
0.049500	178.233002
0.049600	44.442402
0.049700	26.088400
0.049800	189.341995
0.049900	230.397003
0.050000	149.735992
0.050100	111.096001
0.050200	119.790001
0.050300	124.137001
0.050400	135.246002
0.050500	137.177994
0.050600	125.585999
0.050700	114.959999
0.050800	111.579002
0.050900	102.402000
0.051000	98.538399
0.051100	106.265999
0.051200	109.164001
0.051300	99.504402
0.051400	84.048401
0.051500	88.878403
0.051600	102.885002
0.051700	111.096001
0.051800	105.782997
0.051900	107.714996
0.052000	110.612999
0.052100	112.544998
0.052200	101.435997
0.052300	96.606400
0.052400	107.232002
0.052500	119.790001
0.052600	129.449997
0.052700	128.483994
0.052800	119.790001
0.052900	121.722000
0.053000	113.994003
0.053100	112.061996
0.053200	105.300003
0.053300	98.538399
0.053400	102.885002
0.053500	97.572403
0.053600	89.361397
0.053700	76.320396
0.053800	60.864399
0.053900	47.823399
0.054000	40.578400
0.054100	48.789398
0.054200	53.136398
0.054300	55.068401
0.054400	67.626404
0.054500	65.211403
0.054600	58.932400
0.054700	68.109398
0.054800	-42.497601
0.054900	-536.606995
0.055000	-163.248001
0.055100	549.177002
0.055200	346.799988
0.055300	40.578400
0.055400	70.041397
0.055500	89.844398
0.055600	40.578400
0.055700	28.986401
0.055800	40.578400
0.055900	45.408401
0.056000	52.170399
0.056100	46.857399
0.056200	40.578400
0.056300	41.061401
0.056400	44.442402
0.056500	57.000401
0.056600	80.184402
0.056700	62.796398
0.056800	40.578400
0.056900	42.027401
0.057000	44.442402
0.057100	40.578400
0.057200	44.442402
0.057300	46.857399
0.057400	45.408401
0.057500	41.544399
0.057600	30.435400
0.057700	15.462400
0.057800	11.598400
0.057900	17.394400
0.058000	23.190399
0.058100	27.054399
0.058200	33.816399
0.058300	41.544399
0.058400	47.340401
0.058500	60.381401
0.058600	78.735397
0.058700	67.143402
0.058800	40.578400
0.058900	17.394400
0.059000	-28.490601
0.059100	-68.579597
0.059200	-25.109600
0.059300	22.224400
0.059400	21.258400
0.059500	16.428400
0.059600	10.632400
0.059700	-1.925560
0.059800	-3.374560
0.059900	12.564400
0.060000	20.292400
0.060100	12.081400
0.060200	5.802440
0.060300	-17.381599
0.060400	5.802440
0.060500	66.660400
0.060600	98.538399
0.060700	71.007401
0.060800	28.986401
0.060900	7.734440
0.061000	14.013400
0.061100	23.673401
0.061200	29.952400
0.061300	28.503401
0.061400	21.258400
0.061500	14.979400
0.061600	8.700440
0.061700	4.353440
0.061800	15.945400
0.061900	75.837402
0.062000	89.361397
0.062100	40.578400
0.062200	18.360399
0.062300	23.673401
0.062400	45.891399
0.062500	73.422401
0.062600	66.660400
0.062700	53.136398
0.062800	40.578400
0.062900	14.979400
0.063000	42.510399
0.063100	63.762402
0.063200	44.442402
0.063300	32.850399
0.063400	40.578400
0.063500	28.986401
0.063600	21.258400
0.063700	20.775400
0.063800	17.394400
0.063900	22.224400
0.064000	28.986401
0.064100	23.190399
0.064200	21.258400
0.064300	23.190399
0.064400	44.925400
0.064500	77.286400
0.064600	73.422401
0.064700	59.898399
0.064800	59.415401
0.064900	61.830399
0.065000	62.796398
0.065100	57.966400
0.065200	50.721401
0.065300	52.170399
0.065400	55.068401
0.065500	52.170399
0.065600	41.544399
0.065700	40.578400
0.065800	44.442402
0.065900	42.510399
0.066000	40.578400
0.066100	29.952400
0.066200	30.435400
0.066300	33.333401
0.066400	40.578400
0.066500	33.333401
0.066600	19.326401
0.066700	5.802440
0.066800	9.183440
0.066900	18.360399
0.067000	14.496400
0.067100	17.877399
0.067200	15.462400
0.067300	20.775400
0.067400	19.326401
0.067500	20.292400
0.067600	31.884399
0.067700	33.816399
0.067800	40.578400
0.067900	40.578400
0.068000	50.721401
0.068100	84.048401
0.068200	77.769402
0.068300	44.925400
0.068400	47.340401
0.068500	48.306400
0.068600	41.544399
0.068700	40.578400
0.068800	40.578400
0.068900	40.578400
0.069000	50.238400
0.069100	56.517399
0.069200	50.721401
0.069300	47.823399
0.069400	42.510399
0.069500	33.816399
0.069600	40.578400
0.069700	33.333401
0.069800	40.578400
0.069900	48.306400
0.070000	48.306400
0.070100	44.442402
0.070200	49.272400
0.070300	50.238400
0.070400	42.510399
0.070500	40.578400
0.070600	42.993401
0.070700	42.510399
0.070800	49.272400
0.070900	51.204399
0.071000	42.027401
0.071100	40.578400
0.071200	46.374401
0.071300	50.721401
0.071400	58.932400
0.071500	54.585400
0.071600	44.442402
0.071700	32.367401
0.071800	41.544399
0.071900	50.238400
0.072000	43.476398
0.072100	32.367401
0.072200	40.578400
0.072300	56.034401
0.072400	60.864399
0.072500	56.034401
0.072600	57.966400
0.072700	60.864399
0.072800	55.551399
0.072900	57.966400
0.073000	63.279400
0.073100	56.517399
0.073200	12.564400
0.073300	-28.007601
0.073400	97.572403
0.073500	137.177994
0.073600	57.483398
0.073700	40.578400
0.073800	51.687401
0.073900	46.857399
0.074000	43.476398
0.074100	47.823399
0.074200	42.510399
0.074300	40.578400
0.074400	33.816399
0.074500	23.673401
0.074600	23.673401
0.074700	40.578400
0.074800	40.578400
0.074900	28.986401
0.075000	25.605400
0.075100	27.054399
0.075200	40.578400
0.075300	40.578400
0.075400	40.578400
0.075500	40.578400
0.075600	31.884399
0.075700	30.918400
0.075800	32.850399
0.075900	28.503401
0.076000	26.088400
0.076100	22.707399
0.076200	22.224400
0.076300	24.156401
0.076400	28.020399
0.076500	20.292400
0.076600	7.734440
0.076700	-3.857560
0.076800	9.666440
0.076900	23.190399
0.077000	16.428400
0.077100	5.319440
0.077200	0.972440
0.077300	5.802440
0.077400	5.802440
0.077500	9.666440
0.077600	18.360399
0.077700	13.047400
0.077800	5.802440
0.077900	0.972440
0.078000	1.938440
0.078100	1.455440
0.078200	3.870440
0.078300	5.802440
0.078400	2.904440
0.078500	-1.925560
0.078600	-1.442560
0.078700	-8.204560
0.078800	-10.136600
0.078900	-7.721560
0.079000	-10.619600
0.079100	-16.415600
0.079200	-14.966600
0.079300	-9.170560
0.079400	0.006440
0.079500	4.836440
0.079600	-1.442560
0.079700	-5.789560
0.079800	-9.653560
0.079900	-13.517600
0.080000	-22.694599
0.080100	-16.415600
0.080200	-6.755560
0.080300	-3.857560
0.080400	-4.823560
0.080500	-1.925560
0.080600	8.700440
0.080700	5.802440
0.080800	-5.306560
0.080900	-5.306560
0.081000	-4.340560
0.081100	-3.857560
0.081200	-11.102600
0.081300	-10.136600
0.081400	3.870440
0.081500	7.251440
0.081600	-3.857560
0.081700	-12.068600
0.081800	-9.653560
0.081900	-14.966600
0.082000	-20.762600
0.082100	-16.415600
0.082200	-12.551600
0.082300	-14.000600
0.082400	-18.347601
0.082500	-12.551600
0.082600	-18.347601
0.082700	-21.728600
0.082800	-7.721560
0.082900	-0.959560
0.083000	-4.340560
0.083100	-7.238560
0.083200	0.006440
0.083300	18.360399
0.083400	22.224400
0.083500	7.734440
0.083600	3.870440
0.083700	10.149400
0.083800	1.938440
0.083900	3.387440
0.084000	-2.408560
0.084100	-14.000600
0.084200	-9.653560
0.084300	-5.789560
0.084400	-8.687560
0.084500	-12.551600
0.084600	-11.585600
0.084700	-9.170560
0.084800	-8.687560
0.084900	-9.653560
0.085000	0.006440
0.085100	-1.925560
0.085200	-11.585600
0.085300	-5.789560
0.085400	13.047400
0.085500	17.394400
0.085600	9.666440
0.085700	8.700440
0.085800	10.632400
0.085900	13.047400
0.086000	1.938440
0.086100	2.904440
0.086200	5.802440
0.086300	5.802440
0.086400	2.904440
0.086500	-1.925560
0.086600	-7.238560
0.086700	-11.585600
0.086800	0.972440
0.086900	7.734440
0.087000	-0.959560
0.087100	-9.170560
0.087200	-8.204560
0.087300	-3.857560
0.087400	2.904440
0.087500	8.700440
0.087600	3.870440
0.087700	0.489440
0.087800	2.904440
0.087900	11.115400
0.088000	10.149400
0.088100	1.455440
0.088200	5.802440
0.088300	8.700440
0.088400	7.734440
0.088500	5.802440
0.088600	4.836440
0.088700	5.802440
0.088800	8.700440
0.088900	8.217440
0.089000	5.802440
0.089100	6.285440
0.089200	7.734440
0.089300	5.319440
0.089400	16.428400
0.089500	10.632400
0.089600	0.972440
0.089700	-1.442560
0.089800	-2.408560
0.089900	-0.959560
0.090000	1.455440
0.090100	0.006440
0.090200	-6.755560
0.090300	-6.755560
0.090400	-0.959560
0.090500	-1.925560
0.090600	0.006440
0.090700	2.904440
0.090800	0.006440
0.090900	6.768440
0.091000	10.632400
0.091100	11.598400
0.091200	10.632400
0.091300	17.877399
0.091400	15.462400
0.091500	11.598400
0.091600	6.768440
0.091700	-3.374560
0.091800	2.421440
0.091900	16.428400
0.092000	12.564400
0.092100	0.006440
0.092200	-7.721560
0.092300	-8.204560
0.092400	-5.306560
0.092500	-1.442560
0.092600	-1.442560
0.092700	-0.959560
0.092800	0.006440
0.092900	3.387440
0.093000	7.734440
0.093100	14.496400
0.093200	17.394400
0.093300	15.945400
0.093400	28.986401
0.093500	30.435400
0.093600	28.986401
0.093700	21.258400
0.093800	18.360399
0.093900	10.632400
0.094000	6.768440
0.094100	3.870440
0.094200	-5.306560
0.094300	-4.340560
0.094400	-1.925560
0.094500	-4.823560
0.094600	-9.170560
0.094700	-11.102600
0.094800	-11.585600
0.094900	-3.857560
0.095000	-0.959560
0.095100	-6.755560
0.095200	-1.925560
0.095300	1.455440
0.095400	5.802440
0.095500	9.666440
0.095600	7.734440
0.095700	6.768440
0.095800	10.632400
0.095900	13.530400
0.096000	13.530400
0.096100	9.666440
0.096200	5.802440
0.096300	-0.959560
0.096400	-0.959560
0.096500	-5.789560
0.096600	-3.857560
0.096700	0.972440
0.096800	-8.687560
0.096900	-14.483600
0.097000	-13.517600
0.097100	-10.619600
0.097200	-9.653560
0.097300	-14.000600
0.097400	-10.619600
0.097500	-7.721560
0.097600	-12.551600
0.097700	-22.211599
0.097800	-26.558599
0.097900	-21.245600
0.098000	-12.551600
0.098100	-10.136600
0.098200	-18.347601
0.098300	-15.449600
0.098400	9.183440
0.098500	33.816399
0.098600	28.503401
0.098700	11.598400
0.098800	3.870440
0.098900	5.802440
0.099000	1.938440
0.099100	0.489440
0.099200	-1.925560
0.099300	-8.687560
0.099400	-14.000600
0.099500	-9.653560
0.099600	-4.823560
0.099700	-3.857560
0.099800	-9.653560
0.099900	-2.891560
0.100000	-3.374560
0.100100	-12.551600
0.100200	-13.034600
0.100300	-0.959560
0.100400	0.006440
0.100500	1.455440
0.100600	4.836440
0.100700	0.489440
0.100800	0.006440
0.100900	0.972440
0.101000	-0.476560
0.101100	-0.959560
0.101200	18.360399
0.101300	30.435400
0.101400	11.598400
0.101500	1.938440
0.101600	4.353440
0.101700	-1.925560
0.101800	-5.306560
0.101900	-6.755560
0.102000	-11.102600
0.102100	-9.653560
0.102200	-7.238560
0.102300	-1.925560
0.102400	-3.857560
0.102500	-7.238560
0.102600	-6.755560
0.102700	3.870440
0.102800	6.768440
0.102900	3.387440
0.103000	0.006440
0.103100	2.904440
0.103200	3.870440
0.103300	5.802440
0.103400	7.734440
0.103500	6.768440
0.103600	3.870440
0.103700	-7.721560
0.103800	-11.585600
0.103900	-8.204560
0.104000	-7.721560
0.104100	-3.857560
0.104200	23.190399
0.104300	40.578400
0.104400	11.598400
0.104500	-6.272560
0.104600	-12.551600
0.104700	-10.619600
0.104800	-8.204560
0.104900	-9.653560
0.105000	-6.755560
0.105100	-9.170560
0.105200	-12.068600
0.105300	-8.687560
0.105400	-0.959560
0.105500	-4.823560
0.105600	-5.789560
0.105700	5.802440
0.105800	11.598400
0.105900	8.217440
0.106000	6.768440
0.106100	9.666440
0.106200	10.632400
0.106300	0.972440
0.106400	0.489440
0.106500	4.353440
0.106600	-1.925560
0.106700	-4.823560
0.106800	-4.823560
0.106900	-6.272560
0.107000	-2.408560
0.107100	1.455440
0.107200	-1.442560
0.107300	-7.238560
0.107400	-9.653560
0.107500	-4.823560
0.107600	0.972440
0.107700	-3.374560
0.107800	-6.755560
0.107900	2.904440
0.108000	14.013400
0.108100	12.564400
0.108200	12.564400
0.108300	15.945400
0.108400	11.598400
0.108500	7.734440
0.108600	3.387440
0.108700	-0.476560
0.108800	-2.408560
0.108900	-4.823560
0.109000	-13.517600
0.109100	-16.898600
0.109200	-18.830601
0.109300	-12.551600
0.109400	12.564400
0.109500	40.578400
0.109600	15.462400
0.109700	-9.653560
0.109800	-8.687560
0.109900	-6.755560
0.110000	-6.272560
0.110100	-2.408560
0.110200	4.836440
0.110300	5.802440
0.110400	3.870440
0.110500	2.421440
0.110600	2.904440
0.110700	10.632400
0.110800	8.700440
0.110900	5.319440
0.111000	6.285440
0.111100	7.734440
0.111200	6.768440
0.111300	-2.891560
0.111400	-3.857560
0.111500	-0.476560
0.111600	-4.340560
0.111700	-5.306560
0.111800	-1.925560
0.111900	-6.755560
0.112000	-8.687560
0.112100	-8.687560
0.112200	-13.517600
0.112300	-11.102600
0.112400	-7.238560
0.112500	-4.340560
0.112600	-7.721560
0.112700	-9.653560
0.112800	-8.687560
0.112900	-7.721560
0.113000	4.836440
0.113100	7.251440
0.113200	6.285440
0.113300	11.115400
0.113400	11.115400
0.113500	5.802440
0.113600	10.632400
0.113700	4.353440
0.113800	2.904440
0.113900	6.285440
0.114000	0.006440
0.114100	-8.204560
0.114200	-3.857560
0.114300	1.938440
0.114400	-1.925560
0.114500	-7.721560
0.114600	-8.687560
0.114700	-16.415600
0.114800	-24.143600
0.114900	-22.211599
0.115000	-14.483600
0.115100	-16.415600
0.115200	-17.381599
0.115300	-11.585600
0.115400	-8.204560
0.115500	-9.170560
0.115600	-5.306560
0.115700	0.006440
0.115800	1.938440
0.115900	-3.857560
0.116000	-12.068600
0.116100	-10.619600
0.116200	-5.789560
0.116300	-7.721560
0.116400	-5.789560
0.116500	-5.306560
0.116600	-14.483600
0.116700	-18.347601
0.116800	-12.551600
0.116900	-6.755560
0.117000	-11.585600
0.117100	-9.653560
0.117200	-7.721560
0.117300	-9.653560
0.117400	-7.721560
0.117500	-1.925560
0.117600	-1.925560
0.117700	-0.959560
0.117800	0.972440
0.117900	1.455440
0.118000	3.870440
0.118100	13.530400
0.118200	14.496400
0.118300	11.598400
0.118400	21.258400
0.118500	28.986401
0.118600	24.156401
0.118700	14.013400
0.118800	9.666440
0.118900	5.802440
0.119000	0.006440
0.119100	-7.721560
0.119200	-3.857560
0.119300	-0.476560
0.119400	-7.238560
0.119500	-7.238560
0.119600	1.938440
0.119700	3.387440
0.119800	-4.823560
0.119900	-8.687560
0.120000	-7.238560
0.120100	-8.687560
0.120200	-3.374560
0.120300	-0.476560
0.120400	0.006440
0.120500	0.972440
0.120600	1.455440
0.120700	1.938440
0.120800	9.666440
0.120900	14.013400
0.121000	3.870440
0.121100	3.870440
0.121200	10.632400
0.121300	10.632400
0.121400	11.598400
0.121500	11.598400
0.121600	9.183440
0.121700	7.251440
0.121800	10.632400
0.121900	13.047400
0.122000	6.285440
0.122100	3.870440
0.122200	5.802440
0.122300	-0.959560
0.122400	-1.925560
0.122500	2.904440
0.122600	-2.891560
0.122700	-1.925560
0.122800	4.353440
0.122900	4.836440
0.123000	5.802440
0.123100	5.802440
0.123200	5.319440
0.123300	9.666440
0.123400	11.598400
0.123500	9.666440
0.123600	1.938440
0.123700	-0.959560
0.123800	5.802440
0.123900	10.632400
0.124000	11.598400
0.124100	14.013400
0.124200	14.496400
0.124300	7.251440
0.124400	0.006440
0.124500	-9.653560
0.124600	-12.068600
0.124700	-12.068600
0.124800	-12.551600
0.124900	-10.619600
0.125000	-9.170560
0.125100	-12.551600
0.125200	-15.449600
0.125300	-10.136600
0.125400	-10.619600
0.125500	-9.653560
0.125600	-7.721560
0.125700	-6.755560
0.125800	-3.857560
0.125900	-1.925560
0.126000	0.972440
0.126100	6.768440
0.126200	14.013400
0.126300	16.911400
0.126400	9.183440
0.126500	2.904440
0.126600	-3.857560
0.126700	-7.721560
0.126800	-4.340560
0.126900	-5.789560
0.127000	-13.034600
0.127100	-9.653560
0.127200	-7.721560
0.127300	-13.517600
0.127400	-14.483600
0.127500	-18.347601
0.127600	-16.898600
0.127700	-12.068600
0.127800	-8.687560
0.127900	0.006440
0.128000	-0.959560
0.128100	6.285440
0.128200	19.326401
0.128300	17.394400
0.128400	12.564400
0.128500	5.802440
0.128600	0.006440
0.128700	-0.959560
0.128800	-3.857560
0.128900	-1.925560
0.129000	-0.959560
0.129100	-3.857560
0.129200	-10.136600
0.129300	-13.034600
0.129400	-11.585600
0.129500	-7.721560
0.129600	-5.789560
0.129700	-9.653560
0.129800	0.006440
0.129900	5.802440
0.130000	9.666440
0.130100	8.700440
0.130200	5.802440
0.130300	0.006440
0.130400	2.421440
0.130500	2.904440
0.130600	0.972440
0.130700	-1.925560
0.130800	-2.408560
0.130900	-3.857560
0.131000	-1.925560
0.131100	-3.857560
0.131200	-8.687560
0.131300	-5.306560
0.131400	-2.891560
0.131500	0.489440
0.131600	9.666440
0.131700	6.768440
0.131800	4.836440
0.131900	4.836440
0.132000	3.870440
0.132100	1.938440
0.132200	1.455440
0.132300	2.421440
0.132400	4.836440
0.132500	0.006440
0.132600	-9.653560
0.132700	-5.789560
0.132800	-3.374560
0.132900	-3.374560
0.133000	-1.925560
0.133100	6.768440
0.133200	8.700440
0.133300	14.013400
0.133400	13.047400
0.133500	11.598400
0.133600	9.666440
0.133700	0.972440
0.133800	-3.857560
0.133900	-3.857560
0.134000	-0.476560
0.134100	-1.925560
0.134200	-4.823560
0.134300	0.489440
0.134400	-3.857560
0.134500	-3.857560
0.134600	2.904440
0.134700	9.666440
0.134800	12.081400
0.134900	10.149400
0.135000	5.319440
0.135100	1.938440
0.135200	2.421440
0.135300	1.938440
0.135400	3.870440
0.135500	1.938440
0.135600	-2.408560
0.135700	-4.823560
0.135800	-8.687560
0.135900	-11.585600
0.136000	-9.653560
0.136100	-1.925560
0.136200	2.904440
0.136300	7.734440
0.136400	5.319440
0.136500	4.836440
0.136600	8.217440
0.136700	2.904440
0.136800	-5.789560
0.136900	-4.340560
0.137000	-3.374560
0.137100	-4.823560
0.137200	-4.823560
0.137300	-9.170560
0.137400	-3.857560
0.137500	4.353440
0.137600	2.421440
0.137700	-0.476560
0.137800	3.870440
0.137900	1.455440
0.138000	-4.823560
0.138100	-6.755560
0.138200	-5.789560
0.138300	-3.374560
0.138400	-4.823560
0.138500	-3.857560
0.138600	-2.891560
0.138700	-1.442560
0.138800	-0.959560
0.138900	2.904440
0.139000	9.666440
0.139100	6.768440
0.139200	3.870440
0.139300	-1.925560
0.139400	1.938440
0.139500	3.387440
0.139600	1.455440
0.139700	-1.925560
0.139800	-2.891560
0.139900	-6.272560
0.140000	-2.891560
0.140100	1.455440
0.140200	4.836440
0.140300	3.870440
0.140400	6.768440
0.140500	7.251440
0.140600	13.047400
0.140700	5.802440
0.140800	2.904440
0.140900	1.938440
0.141000	-1.925560
0.141100	0.006440
0.141200	-1.442560
0.141300	3.870440
0.141400	5.802440
0.141500	0.972440
0.141600	1.938440
0.141700	4.353440
0.141800	11.598400
0.141900	11.115400
0.142000	7.734440
0.142100	-0.476560
0.142200	-3.857560
0.142300	-1.442560
0.142400	1.938440
0.142500	-1.442560
0.142600	-2.891560
0.142700	-9.653560
0.142800	-11.102600
0.142900	-8.687560
0.143000	-0.959560
0.143100	0.972440
0.143200	-4.340560
0.143300	-10.619600
0.143400	-4.823560
0.143500	-1.925560
0.143600	-7.721560
0.143700	-9.170560
0.143800	-8.687560
0.143900	-11.585600
0.144000	-7.721560
0.144100	-10.619600
0.144200	-8.204560
0.144300	-0.959560
0.144400	0.972440
0.144500	2.421440
0.144600	-5.789560
0.144700	-9.170560
0.144800	-2.891560
0.144900	-6.755560
0.145000	-11.585600
0.145100	-11.585600
0.145200	-13.517600
0.145300	-12.551600
0.145400	-13.517600
0.145500	-8.687560
0.145600	-1.442560
0.145700	-2.891560
0.145800	-6.272560
0.145900	-3.857560
0.146000	-2.408560
0.146100	-6.755560
0.146200	-2.891560
0.146300	0.972440
0.146400	-3.857560
0.146500	-5.789560
0.146600	0.006440
0.146700	2.904440
0.146800	2.904440
0.146900	8.700440
0.147000	5.802440
0.147100	3.870440
0.147200	1.455440
0.147300	5.802440
0.147400	8.700440
0.147500	-0.959560
0.147600	-3.857560
0.147700	0.006440
0.147800	1.938440
0.147900	2.904440
0.148000	7.734440
0.148100	8.700440
0.148200	5.802440
0.148300	6.285440
0.148400	5.319440
0.148500	3.870440
0.148600	3.870440
0.148700	-0.959560
0.148800	-7.238560
0.148900	-5.306560
0.149000	0.006440
0.149100	0.489440
0.149200	-2.891560
0.149300	2.421440
0.149400	4.353440
0.149500	1.938440
0.149600	0.972440
0.149700	-0.959560
0.149800	-1.442560
0.149900	1.938440
0.150000	0.006440
0.150100	-1.925560
0.150200	-5.789560
0.150300	4.353440
0.150400	9.666440
0.150500	4.353440
0.150600	6.285440
0.150700	8.700440
0.150800	1.938440
0.150900	-1.925560
0.151000	-7.721560
0.151100	-2.891560
0.151200	-1.442560
0.151300	-3.857560
0.151400	-3.374560
0.151500	0.006440
0.151600	1.938440
0.151700	0.006440
0.151800	-1.925560
0.151900	3.870440
0.152000	0.972440
0.152100	1.938440
0.152200	2.904440
0.152300	-1.925560
0.152400	-3.857560
0.152500	-5.789560
0.152600	0.489440
0.152700	11.598400
0.152800	12.564400
0.152900	3.870440
0.153000	1.938440
0.153100	7.251440
0.153200	5.802440
0.153300	4.836440
0.153400	0.489440
0.153500	-1.925560
0.153600	1.938440
0.153700	0.972440
0.153800	0.972440
0.153900	4.353440
0.154000	6.768440
0.154100	8.700440
0.154200	4.353440
0.154300	-0.959560
0.154400	4.836440
0.154500	2.904440
0.154600	-6.755560
0.154700	-8.204560
0.154800	-0.476560
0.154900	1.938440
0.155000	5.802440
0.155100	2.421440
0.155200	0.006440
0.155300	-1.442560
0.155400	-3.374560
0.155500	-5.789560
0.155600	-7.238560
0.155700	-6.755560
0.155800	-9.653560
0.155900	-8.687560
0.156000	-9.653560
0.156100	-6.272560
0.156200	-0.959560
0.156300	0.972440
0.156400	5.802440
0.156500	6.768440
0.156600	1.938440
0.156700	3.387440
0.156800	-0.476560
0.156900	-2.408560
0.157000	-0.959560
0.157100	3.870440
0.157200	4.836440
0.157300	3.870440
0.157400	5.319440
0.157500	9.666440
0.157600	1.455440
0.157700	-1.442560
0.157800	4.836440
0.157900	0.006440
0.158000	-3.857560
0.158100	0.972440
0.158200	4.836440
0.158300	4.836440
0.158400	9.666440
0.158500	10.149400
0.158600	5.319440
0.158700	0.972440
0.158800	0.006440
0.158900	3.870440
0.159000	-1.925560
0.159100	-7.721560
0.159200	-4.823560
0.159300	-0.476560
0.159400	0.489440
0.159500	2.904440
0.159600	5.802440
0.159700	1.455440
0.159800	-4.823560
0.159900	-4.340560
0.160000	-2.891560
0.160100	-6.755560
0.160200	-7.721560
0.160300	-1.442560
0.160400	3.870440
0.160500	7.734440
0.160600	10.149400
0.160700	2.904440
0.160800	-0.959560
0.160900	3.870440
0.161000	0.489440
0.161100	-1.925560
0.161200	2.904440
0.161300	2.904440
0.161400	-0.476560
0.161500	-0.959560
0.161600	7.251440
0.161700	5.802440
0.161800	5.802440
0.161900	7.734440
0.162000	0.006440
0.162100	-0.959560
0.162200	2.904440
0.162300	0.972440
0.162400	0.972440
0.162500	4.836440
0.162600	3.387440
0.162700	3.870440
0.162800	7.734440
0.162900	5.802440
0.163000	2.421440
0.163100	5.319440
0.163200	5.802440
0.163300	1.455440
0.163400	-5.306560
0.163500	-2.891560
0.163600	2.904440
0.163700	1.938440
0.163800	2.421440
0.163900	10.149400
0.164000	10.149400
0.164100	4.836440
0.164200	1.455440
0.164300	-3.374560
0.164400	-0.476560
0.164500	2.421440
0.164600	7.251440
0.164700	10.632400
0.164800	7.734440
0.164900	5.802440
0.165000	3.870440
0.165100	1.938440
0.165200	3.870440
0.165300	4.836440
0.165400	-1.442560
0.165500	-6.755560
0.165600	-6.755560
0.165700	-2.408560
0.165800	-5.789560
0.165900	-3.374560
0.166000	-5.306560
0.166100	-7.721560
0.166200	-0.959560
0.166300	-1.925560
0.166400	-6.755560
0.166500	-9.170560
0.166600	-5.306560
0.166700	-1.925560
0.166800	-3.857560
0.166900	-3.374560
0.167000	-1.925560
0.167100	-1.925560
0.167200	-1.925560
0.167300	0.006440
0.167400	3.870440
0.167500	8.700440
0.167600	11.598400
0.167700	0.972440
0.167800	-2.891560
0.167900	0.972440
0.168000	0.489440
0.168100	0.972440
0.168200	5.319440
0.168300	4.353440
0.168400	4.353440
0.168500	6.285440
0.168600	5.319440
0.168700	7.734440
0.168800	5.802440
0.168900	1.938440
0.169000	-1.925560
0.169100	0.972440
0.169200	3.870440
0.169300	2.421440
0.169400	3.387440
0.169500	3.870440
0.169600	0.006440
0.169700	-5.789560
0.169800	-8.687560
0.169900	-12.551600
0.170000	-7.238560
0.170100	-2.891560
0.170200	0.972440
0.170300	-1.925560
0.170400	-5.306560
0.170500	-4.340560
0.170600	0.489440
0.170700	5.319440
0.170800	2.904440
0.170900	-0.959560
0.171000	0.006440
0.171100	1.455440
0.171200	-2.891560
0.171300	1.938440
0.171400	3.870440
0.171500	-2.891560
0.171600	0.972440
0.171700	5.802440
0.171800	-0.959560
0.171900	-0.959560
0.172000	3.870440
0.172100	6.285440
0.172200	0.972440
0.172300	0.489440
0.172400	4.353440
0.172500	3.387440
0.172600	7.734440
0.172700	6.768440
0.172800	2.421440
0.172900	-1.442560
0.173000	-1.925560
0.173100	-3.857560
0.173200	-4.823560
0.173300	-4.823560
0.173400	-8.204560
0.173500	-5.789560
0.173600	-2.891560
0.173700	-3.857560
0.173800	-3.857560
0.173900	-4.823560
0.174000	-3.857560
0.174100	-3.857560
0.174200	-10.136600
0.174300	-8.687560
0.174400	-2.891560
0.174500	-2.891560
0.174600	-8.687560
0.174700	-5.306560
0.174800	1.938440
0.174900	2.904440
0.175000	0.006440
0.175100	-3.374560
0.175200	-4.340560
0.175300	-2.891560
0.175400	-3.374560
0.175500	-9.170560
0.175600	-5.306560
0.175700	2.421440
0.175800	0.972440
0.175900	-0.959560
0.176000	-1.442560
0.176100	3.870440
0.176200	4.353440
0.176300	0.489440
0.176400	1.938440
0.176500	-1.442560
0.176600	-4.340560
0.176700	-3.374560
0.176800	2.904440
0.176900	2.904440
0.177000	6.768440
0.177100	9.666440
0.177200	4.836440
0.177300	1.455440
0.177400	-1.442560
0.177500	-0.476560
0.177600	0.489440
0.177700	-1.442560
0.177800	-3.374560
0.177900	0.489440
0.178000	4.353440
0.178100	0.972440
0.178200	6.768440
0.178300	5.802440
0.178400	3.870440
0.178500	-3.857560
0.178600	-3.857560
0.178700	-3.374560
0.178800	-4.340560
0.178900	-3.374560
0.179000	3.870440
0.179100	5.802440
0.179200	-0.476560
0.179300	-3.374560
0.179400	0.006440
0.179500	0.489440
0.179600	-2.891560
0.179700	-1.925560
0.179800	-0.476560
0.179900	-3.857560
0.180000	0.972440
0.180100	12.081400
0.180200	11.598400
0.180300	4.353440
0.180400	4.836440
0.180500	1.455440
0.180600	5.802440
0.180700	3.870440
0.180800	4.836440
0.180900	2.421440
0.181000	-3.857560
0.181100	-0.476560
0.181200	4.836440
0.181300	1.938440
0.181400	-0.959560
0.181500	-0.959560
0.181600	0.489440
0.181700	0.006440
0.181800	-0.476560
0.181900	-2.891560
0.182000	-2.891560
0.182100	1.938440
0.182200	0.972440
0.182300	-2.408560
0.182400	2.904440
0.182500	6.768440
0.182600	3.870440
0.182700	0.489440
0.182800	3.870440
0.182900	3.870440
0.183000	3.387440
0.183100	-2.408560
0.183200	5.802440
0.183300	5.802440
0.183400	1.938440
0.183500	-3.374560
0.183600	-0.959560
0.183700	2.904440
0.183800	0.972440
0.183900	0.489440
0.184000	-2.408560
0.184100	-0.959560
0.184200	1.455440
0.184300	1.455440
0.184400	6.285440
0.184500	11.598400
0.184600	6.768440
0.184700	0.972440
0.184800	-1.442560
0.184900	0.006440
0.185000	3.870440
0.185100	-0.476560
0.185200	-1.925560
0.185300	5.802440
0.185400	10.149400
0.185500	7.734440
0.185600	7.734440
0.185700	12.564400
0.185800	4.836440
0.185900	1.938440
0.186000	7.251440
0.186100	4.353440
0.186200	3.870440
0.186300	11.115400
0.186400	8.217440
0.186500	2.904440
0.186600	0.006440
0.186700	0.006440
0.186800	0.006440
0.186900	0.006440
0.187000	-1.925560
0.187100	-0.476560
0.187200	-3.857560
0.187300	-7.721560
0.187400	-2.408560
0.187500	-9.653560
0.187600	-10.619600
0.187700	-1.925560
0.187800	-2.891560
0.187900	-1.925560
0.188000	0.972440
0.188100	-2.891560
0.188200	-6.272560
0.188300	-3.857560
0.188400	-0.959560
0.188500	0.489440
0.188600	-0.959560
0.188700	0.006440
0.188800	2.904440
0.188900	-0.476560
0.189000	0.006440
0.189100	0.006440
0.189200	1.938440
0.189300	1.938440
0.189400	-0.959560
0.189500	-0.476560
0.189600	-0.959560
0.189700	3.870440
0.189800	5.802440
0.189900	1.938440
0.190000	2.421440
0.190100	-1.925560
0.190200	-0.476560
0.190300	0.006440
0.190400	-2.891560
0.190500	-4.340560
0.190600	-3.857560
0.190700	-1.925560
0.190800	-1.925560
0.190900	-0.476560
0.191000	0.006440
0.191100	1.455440
0.191200	0.489440
0.191300	-5.306560
0.191400	-0.476560
0.191500	1.455440
0.191600	0.972440
0.191700	2.421440
0.191800	1.938440
0.191900	-0.476560
0.192000	2.904440
0.192100	0.489440
0.192200	-1.925560
0.192300	-3.857560
0.192400	-1.925560
0.192500	-0.476560
0.192600	0.972440
0.192700	1.455440
0.192800	2.904440
0.192900	2.904440
0.193000	-2.891560
0.193100	-1.925560
0.193200	4.836440
0.193300	3.870440
0.193400	2.421440
0.193500	3.870440
0.193600	-1.925560
0.193700	-5.789560
0.193800	-1.925560
0.193900	1.938440
0.194000	5.319440
0.194100	1.938440
0.194200	0.972440
0.194300	4.836440
0.194400	2.904440
0.194500	0.972440
0.194600	-0.959560
0.194700	0.489440
0.194800	2.904440
0.194900	-0.959560
0.195000	-1.442560
0.195100	-1.925560
0.195200	2.421440
0.195300	5.319440
0.195400	3.387440
0.195500	1.938440
0.195600	-1.442560
0.195700	-1.925560
0.195800	3.870440
0.195900	7.734440
0.196000	6.768440
0.196100	0.489440
0.196200	2.904440
0.196300	0.972440
0.196400	2.904440
0.196500	-0.959560
0.196600	0.489440
0.196700	0.006440
0.196800	0.006440
0.196900	-1.925560
0.197000	-2.891560
0.197100	-2.408560
0.197200	-2.891560
0.197300	-2.891560
0.197400	-3.374560
0.197500	-5.789560
0.197600	-1.925560
0.197700	-0.476560
0.197800	-5.789560
0.197900	-4.340560
0.198000	-2.891560
0.198100	-7.238560
0.198200	-6.755560
0.198300	-7.721560
0.198400	-6.755560
0.198500	-4.823560
0.198600	-1.925560
0.198700	-4.823560
0.198800	-3.857560
0.198900	-1.925560
0.199000	2.904440
0.199100	-0.959560
0.199200	-1.925560
0.199300	3.870440
0.199400	7.251440
0.199500	5.802440
0.199600	2.904440
0.199700	3.870440
0.199800	-1.925560
0.199900	-0.959560
0.200000	-0.476560
0.200100	-1.925560
0.200200	1.938440
0.200300	5.802440
0.200400	4.353440
0.200500	0.006440
0.200600	0.972440
0.200700	1.938440
0.200800	-1.925560
0.200900	-1.925560
0.201000	-4.340560
0.201100	-0.476560
0.201200	1.938440
0.201300	5.802440
0.201400	0.972440
0.201500	-4.823560
0.201600	-1.925560
0.201700	-1.925560
0.201800	2.421440
0.201900	3.870440
0.202000	5.319440
0.202100	-1.925560
0.202200	1.938440
0.202300	7.734440
0.202400	1.938440
0.202500	3.870440
0.202600	3.870440
0.202700	-1.442560
0.202800	-3.374560
0.202900	-1.925560
0.203000	0.006440
0.203100	2.904440
0.203200	1.455440
0.203300	0.972440
0.203400	0.489440
0.203500	3.387440
0.203600	5.802440
0.203700	2.904440
0.203800	0.006440
0.203900	-2.891560
0.204000	-0.959560
0.204100	1.938440
0.204200	-1.925560
0.204300	-1.925560
0.204400	-1.442560
0.204500	-1.925560
0.204600	1.938440
0.204700	4.836440
0.204800	-0.476560
0.204900	-5.306560
0.205000	-2.891560
0.205100	0.489440
0.205200	1.938440
0.205300	0.006440
0.205400	-0.959560
0.205500	-2.408560
0.205600	-5.306560
0.205700	3.870440
0.205800	4.353440
0.205900	-2.891560
0.206000	-7.721560
0.206100	-4.340560
0.206200	-7.238560
0.206300	-4.340560
0.206400	-1.442560
0.206500	-2.408560
0.206600	-3.374560
0.206700	2.904440
0.206800	-2.891560
0.206900	-5.789560
0.207000	-7.238560
0.207100	-3.857560
0.207200	-0.959560
0.207300	-4.823560
0.207400	-7.721560
0.207500	-0.959560
0.207600	-2.408560
0.207700	-1.925560
0.207800	0.972440
0.207900	3.870440
0.208000	-3.374560
0.208100	2.904440
0.208200	7.251440
0.208300	3.870440
0.208400	4.353440
0.208500	7.251440
0.208600	5.802440
0.208700	0.006440
0.208800	-3.857560
0.208900	0.006440
0.209000	0.972440
0.209100	-1.442560
0.209200	-1.925560
0.209300	-1.442560
0.209400	0.972440
0.209500	3.870440
0.209600	1.938440
0.209700	1.938440
0.209800	2.421440
0.209900	0.972440
0.210000	1.938440
0.210100	0.489440
0.210200	-4.823560
0.210300	-1.925560
0.210400	1.938440
0.210500	-0.959560
0.210600	4.353440
0.210700	3.870440
0.210800	5.802440
0.210900	1.938440
0.211000	-1.442560
0.211100	-0.476560
0.211200	-1.442560
0.211300	3.870440
0.211400	0.972440
0.211500	-3.857560
0.211600	-0.959560
0.211700	-0.476560
0.211800	0.489440
0.211900	5.319440
0.212000	5.802440
0.212100	-1.925560
0.212200	-0.959560
0.212300	3.870440
0.212400	1.938440
0.212500	3.870440
0.212600	9.666440
0.212700	9.666440
0.212800	5.802440
0.212900	-1.925560
0.213000	-0.959560
0.213100	4.836440
0.213200	1.938440
0.213300	5.802440
0.213400	3.870440
0.213500	0.006440
0.213600	5.319440
0.213700	7.251440
0.213800	-0.959560
0.213900	-3.857560
0.214000	0.972440
0.214100	-7.721560
0.214200	-9.170560
0.214300	-3.374560
0.214400	-2.891560
0.214500	-7.238560
0.214600	-3.857560
0.214700	0.972440
0.214800	1.455440
0.214900	-5.789560
0.215000	-5.789560
0.215100	-4.823560
0.215200	-10.136600
0.215300	-2.891560
0.215400	-0.959560
0.215500	1.455440
0.215600	-2.891560
0.215700	-6.755560
0.215800	0.489440
0.215900	-0.959560
0.216000	-4.823560
0.216100	-6.755560
0.216200	-0.959560
0.216300	7.734440
0.216400	10.149400
0.216500	5.319440
0.216600	4.353440
0.216700	5.319440
0.216800	5.802440
0.216900	2.904440
0.217000	-3.857560
0.217100	-4.823560
0.217200	1.455440
0.217300	4.353440
0.217400	0.006440
0.217500	-2.891560
0.217600	-0.476560
0.217700	2.421440
0.217800	5.802440
0.217900	6.768440
0.218000	2.904440
0.218100	-1.925560
0.218200	0.972440
0.218300	0.006440
0.218400	-4.340560
0.218500	-5.306560
0.218600	2.904440
0.218700	3.870440
0.218800	-1.925560
0.218900	-2.891560
0.219000	-5.789560
0.219100	1.455440
0.219200	0.972440
0.219300	-2.408560
0.219400	2.904440
0.219500	-1.925560
0.219600	-1.925560
0.219700	-1.442560
0.219800	-1.442560
0.219900	3.870440
0.220000	5.802440
0.220100	0.489440
0.220200	-1.442560
0.220300	3.870440
0.220400	6.768440
0.220500	1.938440
0.220600	2.904440
0.220700	5.802440
0.220800	5.319440
0.220900	-2.891560
0.221000	-2.891560
0.221100	0.489440
0.221200	0.006440
0.221300	-0.476560
0.221400	0.006440
0.221500	-1.925560
0.221600	-3.857560
0.221700	-3.374560
0.221800	-1.925560
0.221900	-0.959560
0.222000	1.455440
0.222100	-2.408560
0.222200	4.353440
0.222300	5.802440
0.222400	-1.925560
0.222500	-1.925560
0.222600	2.904440
0.222700	10.632400
0.222800	5.802440
0.222900	2.904440
0.223000	0.972440
0.223100	-0.476560
0.223200	0.972440
0.223300	0.006440
0.223400	1.938440
0.223500	-5.789560
0.223600	-10.136600
0.223700	-7.238560
0.223800	-4.823560
0.223900	-6.272560
0.224000	-8.687560
0.224100	-8.687560
0.224200	-9.653560
0.224300	-11.585600
0.224400	-8.204560
0.224500	-4.823560
0.224600	0.972440
0.224700	2.421440
0.224800	-9.170560
0.224900	-11.585600
0.225000	-5.789560
0.225100	-9.170560
0.225200	-11.102600
0.225300	-8.204560
0.225400	-1.925560
0.225500	-2.891560
0.225600	-3.857560
0.225700	-3.374560
0.225800	-3.374560
0.225900	0.006440
0.226000	2.421440
0.226100	-3.857560
0.226200	-10.136600
0.226300	-3.374560
0.226400	-2.891560
0.226500	-1.925560
0.226600	4.836440
0.226700	4.353440
0.226800	3.870440
0.226900	1.455440
0.227000	3.387440
0.227100	2.904440
0.227200	5.802440
0.227300	4.836440
0.227400	0.972440
0.227500	2.904440
0.227600	3.870440
0.227700	2.904440
0.227800	2.904440
0.227900	0.972440
0.228000	1.938440
0.228100	3.870440
0.228200	-0.959560
0.228300	3.870440
0.228400	5.319440
0.228500	-1.925560
0.228600	-2.408560
0.228700	-4.823560
0.228800	-3.374560
0.228900	-0.959560
0.229000	-4.340560
0.229100	-4.340560
0.229200	0.006440
0.229300	5.319440
0.229400	-1.925560
0.229500	-1.925560
0.229600	2.421440
0.229700	0.006440
0.229800	1.455440
0.229900	0.006440
0.230000	0.489440
0.230100	5.802440
0.230200	2.421440
0.230300	0.972440
0.230400	0.489440
0.230500	3.387440
0.230600	2.421440
0.230700	-0.959560
0.230800	-1.442560
0.230900	-5.789560
0.231000	-5.789560
0.231100	-0.476560
0.231200	-1.442560
0.231300	1.455440
0.231400	5.802440
0.231500	0.489440
0.231600	-4.340560
0.231700	-3.857560
0.231800	-0.959560
0.231900	-1.442560
0.232000	-1.925560
0.232100	4.836440
0.232200	0.972440
0.232300	-5.306560
0.232400	1.938440
0.232500	6.768440
0.232600	3.870440
0.232700	2.421440
0.232800	1.938440
0.232900	1.938440
0.233000	2.421440
0.233100	2.421440
0.233200	5.802440
0.233300	10.149400
0.233400	5.802440
0.233500	2.904440
0.233600	2.904440
0.233700	0.972440
0.233800	2.904440
0.233900	6.768440
0.234000	4.353440
0.234100	4.836440
0.234200	1.938440
0.234300	-0.476560
0.234400	2.904440
0.234500	4.836440
0.234600	1.938440
0.234700	-0.959560
0.234800	-1.925560
0.234900	-0.959560
0.235000	-0.959560
0.235100	0.489440
0.235200	0.489440
0.235300	-1.925560
0.235400	-4.823560
0.235500	-11.102600
0.235600	-9.653560
0.235700	-7.721560
0.235800	-6.755560
0.235900	-3.857560
0.236000	-3.857560
0.236100	-3.374560
0.236200	-1.442560
0.236300	0.006440
0.236400	1.455440
0.236500	-3.374560
0.236600	-5.789560
0.236700	-1.925560
0.236800	0.489440
0.236900	-1.925560
0.237000	3.387440
0.237100	7.734440
0.237200	2.904440
0.237300	4.836440
0.237400	-0.959560
0.237500	2.421440
0.237600	5.802440
0.237700	1.938440
0.237800	-1.925560
0.237900	-1.442560
0.238000	-0.959560
0.238100	1.938440
0.238200	2.904440
0.238300	5.802440
0.238400	3.870440
0.238500	-1.442560
0.238600	-1.442560
0.238700	3.870440
0.238800	0.006440
0.238900	-2.891560
0.239000	-5.789560
0.239100	-3.857560
0.239200	-1.925560
0.239300	-3.374560
0.239400	-1.925560
0.239500	-4.340560
0.239600	-2.408560
0.239700	-0.959560
0.239800	0.972440
0.239900	-0.476560
0.240000	-1.925560
0.240100	4.836440
0.240200	4.836440
0.240300	0.489440
0.240400	-1.442560
0.240500	-1.442560
0.240600	-1.925560
0.240700	1.455440
0.240800	-0.476560
0.240900	1.938440
0.241000	6.768440
0.241100	-0.476560
0.241200	-9.170560
0.241300	-7.721560
0.241400	0.006440
0.241500	1.938440
0.241600	2.904440
0.241700	4.836440
0.241800	-2.408560
0.241900	-3.857560
0.242000	-1.442560
0.242100	-3.857560
0.242200	-6.755560
0.242300	-2.408560
0.242400	0.489440
0.242500	2.904440
0.242600	4.836440
0.242700	1.938440
0.242800	-3.374560
0.242900	-3.374560
0.243000	2.421440
0.243100	4.836440
0.243200	1.938440
0.243300	-0.959560
0.243400	-1.925560
0.243500	-1.925560
0.243600	2.904440
0.243700	5.802440
0.243800	5.319440
0.243900	5.802440
0.244000	10.149400
0.244100	6.768440
0.244200	4.836440
0.244300	7.734440
0.244400	1.938440
0.244500	-0.959560
0.244600	1.938440
0.244700	1.938440
0.244800	0.489440
0.244900	0.972440
0.245000	2.904440
0.245100	5.802440
0.245200	2.421440
0.245300	-0.959560
0.245400	-2.891560
0.245500	-3.857560
0.245600	-6.755560
0.245700	-4.823560
0.245800	-1.925560
0.245900	-1.925560
0.246000	-1.442560
0.246100	-2.891560
0.246200	-3.374560
0.246300	-0.476560
0.246400	-0.959560
0.246500	-1.442560
0.246600	-2.891560
0.246700	-3.857560
0.246800	-0.959560
0.246900	1.938440
0.247000	4.836440
0.247100	-1.442560
0.247200	-1.925560
0.247300	-0.959560
0.247400	0.972440
0.247500	0.972440
0.247600	-2.891560
0.247700	-8.204560
0.247800	-2.891560
0.247900	1.938440
0.248000	0.972440
0.248100	-2.891560
0.248200	-0.959560
0.248300	4.353440
0.248400	0.006440
0.248500	-2.408560
0.248600	0.489440
0.248700	2.421440
0.248800	5.802440
0.248900	0.972440
0.249000	2.904440
0.249100	-1.442560
0.249200	-6.755560
0.249300	0.006440
0.249400	4.353440
0.249500	-2.891560
0.249600	-3.857560
0.249700	-4.823560
0.249800	-5.789560
0.249900	0.972440
0.250000	0.006440
0.250100	-3.857560
0.250200	0.489440
0.250300	7.734440
0.250400	7.734440
0.250500	6.768440
0.250600	-0.959560
0.250700	3.870440
0.250800	4.836440
0.250900	0.489440
0.251000	2.421440
0.251100	5.319440
0.251200	-1.925560
0.251300	-3.857560
0.251400	-2.891560
0.251500	-1.925560
0.251600	5.802440
0.251700	5.319440
0.251800	-0.959560
0.251900	-3.857560
0.252000	-0.959560
0.252100	-1.925560
0.252200	-1.925560
0.252300	0.972440
0.252400	-2.891560
0.252500	-3.374560
0.252600	0.489440
0.252700	5.802440
0.252800	9.666440
0.252900	4.353440
0.253000	-0.476560
0.253100	0.006440
0.253200	-1.442560
0.253300	2.904440
0.253400	4.353440
0.253500	1.455440
0.253600	0.972440
0.253700	7.734440
0.253800	2.421440
0.253900	-2.891560
0.254000	4.353440
0.254100	5.319440
0.254200	0.006440
0.254300	1.455440
0.254400	1.938440
0.254500	0.006440
0.254600	-0.959560
0.254700	-1.925560
0.254800	1.938440
0.254900	4.353440
0.255000	4.353440
0.255100	2.904440
0.255200	2.421440
0.255300	3.387440
0.255400	3.387440
0.255500	1.455440
0.255600	3.387440
0.255700	5.802440
0.255800	1.938440
0.255900	2.904440
0.256000	0.006440
0.256100	0.972440
0.256200	3.870440
0.256300	2.904440
0.256400	-0.959560
0.256500	7.251440
0.256600	6.768440
0.256700	7.734440
0.256800	0.972440
0.256900	-1.925560
0.257000	-0.959560
0.257100	-2.408560
0.257200	-3.857560
0.257300	-0.959560
0.257400	-6.755560
0.257500	-11.585600
0.257600	-9.653560
0.257700	-4.823560
0.257800	-0.476560
0.257900	-4.823560
0.258000	-6.272560
0.258100	0.489440
0.258200	1.938440
0.258300	-1.442560
0.258400	0.972440
0.258500	-2.891560
0.258600	-3.374560
0.258700	-3.857560
0.258800	-6.755560
0.258900	-5.789560
0.259000	-7.721560
0.259100	-5.306560
0.259200	0.006440
0.259300	3.870440
0.259400	0.489440
0.259500	-5.306560
0.259600	-1.925560
0.259700	3.870440
0.259800	4.836440
0.259900	2.904440
0.260000	0.006440
0.260100	-1.442560
0.260200	7.734440
0.260300	5.802440
0.260400	1.455440
0.260500	3.870440
0.260600	2.904440
0.260700	2.421440
0.260800	-3.857560
0.260900	-0.959560
0.261000	3.870440
0.261100	-0.959560
0.261200	-8.687560
0.261300	-4.823560
0.261400	0.006440
0.261500	-2.891560
0.261600	-3.374560
0.261700	0.006440
0.261800	1.455440
0.261900	2.904440
0.262000	0.006440
0.262100	2.904440
0.262200	-0.959560
0.262300	0.489440
0.262400	-1.925560
0.262500	-1.925560
0.262600	2.904440
0.262700	0.489440
0.262800	0.489440
0.262900	5.802440
0.263000	4.353440
0.263100	-0.959560
0.263200	-1.925560
0.263300	-0.959560
0.263400	-0.959560
0.263500	7.251440
0.263600	12.081400
0.263700	6.285440
0.263800	-0.476560
0.263900	5.802440
0.264000	4.353440
0.264100	-4.340560
0.264200	1.455440
0.264300	7.734440
0.264400	1.455440
0.264500	-0.959560
0.264600	-1.925560
0.264700	-1.925560
0.264800	3.387440
0.264900	3.387440
0.265000	-0.959560
0.265100	0.489440
0.265200	3.870440
0.265300	1.938440
0.265400	4.353440
0.265500	-0.476560
0.265600	-3.857560
0.265700	-4.823560
0.265800	-9.653560
0.265900	-9.653560
0.266000	-8.687560
0.266100	-5.306560
0.266200	-4.823560
0.266300	-4.340560
0.266400	-1.442560
0.266500	-9.170560
0.266600	-6.272560
0.266700	0.972440
0.266800	-5.789560
0.266900	-10.136600
0.267000	-2.408560
0.267100	-5.306560
0.267200	-5.306560
0.267300	-8.687560
0.267400	-6.272560
0.267500	-3.374560
0.267600	-3.857560
0.267700	-0.959560
0.267800	-0.476560
0.267900	-3.857560
0.268000	-2.891560
0.268100	-0.959560
0.268200	-0.476560
0.268300	5.319440
0.268400	8.217440
0.268500	5.802440
0.268600	4.353440
0.268700	1.455440
0.268800	0.972440
0.268900	4.836440
0.269000	0.972440
0.269100	2.904440
0.269200	6.285440
0.269300	5.319440
0.269400	-0.476560
0.269500	4.353440
0.269600	7.734440
0.269700	10.632400
0.269800	3.870440
0.269900	0.489440
0.270000	-1.925560
0.270100	-0.959560
0.270200	1.455440
0.270300	0.006440
0.270400	4.836440
0.270500	0.006440
0.270600	-4.823560
0.270700	0.489440
0.270800	3.870440
0.270900	2.904440
0.271000	-0.476560
0.271100	-0.959560
0.271200	1.938440
0.271300	0.972440
0.271400	-5.789560
0.271500	-5.789560
0.271600	-2.408560
0.271700	0.489440
0.271800	1.455440
0.271900	-1.925560
0.272000	-1.442560
0.272100	-0.959560
0.272200	-1.925560
0.272300	0.489440
0.272400	4.836440
0.272500	5.802440
0.272600	3.870440
0.272700	2.421440
0.272800	6.285440
0.272900	6.768440
0.273000	3.870440
0.273100	-1.925560
0.273200	-1.925560
0.273300	0.006440
0.273400	1.938440
0.273500	3.870440
0.273600	3.870440
0.273700	0.006440
0.273800	0.972440
0.273900	3.870440
0.274000	0.972440
0.274100	1.455440
0.274200	1.938440
0.274300	0.489440
0.274400	1.938440
0.274500	1.938440
0.274600	-0.476560
0.274700	1.455440
0.274800	4.836440
0.274900	2.421440
0.275000	-4.340560
0.275100	-3.857560
0.275200	1.938440
0.275300	-2.891560
0.275400	-5.789560
0.275500	-0.476560
0.275600	2.904440
0.275700	-0.959560
0.275800	-2.891560
0.275900	-2.891560
0.276000	-4.823560
0.276100	-0.959560
0.276200	0.972440
0.276300	2.904440
0.276400	4.353440
0.276500	0.489440
0.276600	2.421440
0.276700	4.836440
0.276800	3.870440
0.276900	1.938440
0.277000	6.285440
0.277100	5.802440
0.277200	7.734440
0.277300	1.938440
0.277400	-1.925560
0.277500	2.421440
0.277600	-0.959560
0.277700	-0.959560
0.277800	1.938440
0.277900	5.319440
0.278000	4.836440
0.278100	-1.442560
0.278200	-1.442560
0.278300	0.006440
0.278400	0.006440
0.278500	2.904440
0.278600	-0.476560
0.278700	-5.306560
0.278800	-5.789560
0.278900	-3.857560
0.279000	-2.408560
0.279100	-1.925560
0.279200	-9.653560
0.279300	-5.789560
0.279400	-5.789560
0.279500	-6.755560
0.279600	-7.721560
0.279700	-8.204560
0.279800	-6.272560
0.279900	-3.857560
0.280000	-3.857560
0.280100	-9.653560
0.280200	-10.619600
0.280300	-2.891560
0.280400	-1.925560
0.280500	-0.959560
0.280600	1.455440
0.280700	0.972440
0.280800	-0.476560
0.280900	-1.925560
0.281000	-0.476560
0.281100	0.006440
0.281200	0.489440
0.281300	3.870440
0.281400	-1.442560
0.281500	0.972440
0.281600	5.802440
0.281700	6.768440
0.281800	5.319440
0.281900	2.904440
0.282000	2.904440
0.282100	3.387440
0.282200	0.489440
0.282300	4.353440
0.282400	7.734440
0.282500	8.700440
0.282600	2.421440
0.282700	-1.925560
0.282800	0.972440
0.282900	4.836440
0.283000	0.489440
0.283100	3.870440
0.283200	5.319440
0.283300	1.938440
0.283400	4.353440
0.283500	6.285440
0.283600	0.972440
0.283700	3.870440
0.283800	3.870440
0.283900	-5.306560
0.284000	-5.306560
0.284100	-3.374560
0.284200	-1.442560
0.284300	-0.959560
0.284400	-0.959560
0.284500	-2.891560
0.284600	-2.408560
0.284700	-1.442560
0.284800	-5.789560
0.284900	-9.653560
0.285000	-4.823560
0.285100	-3.857560
0.285200	-1.442560
0.285300	0.006440
0.285400	-0.959560
0.285500	-7.721560
0.285600	-8.204560
0.285700	-1.925560
0.285800	-1.925560
0.285900	-5.306560
0.286000	-2.408560
0.286100	0.006440
0.286200	0.972440
0.286300	-1.442560
0.286400	-0.959560
0.286500	6.285440
0.286600	4.836440
0.286700	-1.925560
0.286800	-1.925560
0.286900	4.353440
0.287000	3.870440
0.287100	7.251440
0.287200	0.006440
0.287300	-0.959560
0.287400	1.938440
0.287500	0.972440
0.287600	2.904440
0.287700	-3.374560
0.287800	-2.891560
0.287900	6.768440
0.288000	5.802440
0.288100	0.006440
0.288200	-1.442560
0.288300	-0.959560
0.288400	5.802440
0.288500	2.904440
0.288600	-6.755560
0.288700	-0.959560
0.288800	1.938440
0.288900	2.904440
0.289000	1.938440
0.289100	1.938440
0.289200	-0.959560
0.289300	-0.959560
0.289400	1.938440
0.289500	5.802440
0.289600	3.387440
0.289700	0.489440
0.289800	0.972440
0.289900	5.802440
0.290000	-0.959560
0.290100	-8.687560
0.290200	-0.959560
0.290300	5.802440
0.290400	4.836440
0.290500	-0.476560
0.290600	-0.959560
0.290700	5.319440
0.290800	7.734440
0.290900	5.319440
0.291000	0.006440
0.291100	0.489440
0.291200	0.006440
0.291300	-1.442560
0.291400	-4.823560
0.291500	-11.585600
0.291600	-7.238560
0.291700	-10.619600
0.291800	-10.136600
0.291900	-4.340560
0.292000	-6.755560
0.292100	-12.068600
0.292200	-8.687560
0.292300	-7.238560
0.292400	-5.789560
0.292500	-4.823560
0.292600	-0.959560
0.292700	-7.721560
0.292800	-8.204560
0.292900	-2.408560
0.293000	-4.823560
0.293100	-1.925560
0.293200	-1.925560
0.293300	-6.272560
0.293400	-7.721560
0.293500	-6.272560
0.293600	-7.721560
0.293700	-8.687560
0.293800	-1.925560
0.293900	0.006440
0.294000	-2.891560
0.294100	0.972440
0.294200	6.285440
0.294300	4.836440
0.294400	5.802440
0.294500	5.802440
0.294600	-5.306560
0.294700	-1.442560
0.294800	5.319440
0.294900	3.870440
0.295000	5.802440
0.295100	5.319440
0.295200	-0.476560
0.295300	-0.476560
0.295400	2.421440
0.295500	3.387440
0.295600	-1.925560
0.295700	-1.925560
0.295800	2.904440
0.295900	5.319440
0.296000	1.455440
0.296100	-0.959560
0.296200	-0.959560
0.296300	-2.891560
0.296400	-5.789560
0.296500	0.972440
0.296600	-1.442560
0.296700	-3.857560
0.296800	1.455440
0.296900	6.285440
0.297000	9.183440
0.297100	2.421440
0.297200	-1.925560
0.297300	1.938440
0.297400	0.006440
0.297500	-3.857560
0.297600	-0.959560
0.297700	1.455440
0.297800	-0.476560
0.297900	0.006440
0.298000	1.938440
0.298100	3.870440
0.298200	3.387440
0.298300	-0.959560
0.298400	2.904440
0.298500	3.387440
0.298600	-3.374560
0.298700	-2.891560
0.298800	1.455440
0.298900	0.006440
0.299000	0.489440
0.299100	-1.925560
0.299200	0.006440
0.299300	0.006440
0.299400	-1.442560
0.299500	-2.891560
0.299600	0.006440
0.299700	-3.374560
0.299800	-3.857560
0.299900	3.870440
