-0.050000	0.615913
-0.049900	-2.317010
-0.049800	-0.361727
-0.049700	1.593550
-0.049600	-2.317010
-0.049500	-4.272290
-0.049400	-0.850547
-0.049300	-0.361727
-0.049200	-0.361727
-0.049100	3.548830
-0.049000	3.548830
-0.048900	-0.361727
-0.048800	-1.339370
-0.048700	-1.339370
-0.048600	0.615913
-0.048500	0.127093
-0.048400	-0.361727
-0.048300	-0.361727
-0.048200	2.571190
-0.048100	3.548830
-0.048000	2.571190
-0.047900	2.571190
-0.047800	5.015290
-0.047700	2.571190
-0.047600	1.593550
-0.047500	2.571190
-0.047400	1.593550
-0.047300	-1.339370
-0.047200	-0.850547
-0.047100	1.104730
-0.047000	1.593550
-0.046900	2.571190
-0.046800	-1.339370
-0.046700	-6.227570
-0.046600	-1.828190
-0.046500	5.504110
-0.046400	7.459390
-0.046300	4.526470
-0.046200	1.104730
-0.046100	2.571190
-0.046000	-1.339370
-0.045900	-6.227570
-0.045800	-5.249930
-0.045700	-4.272290
-0.045600	-0.361727
-0.045500	4.526470
-0.045400	3.548830
-0.045300	-4.272290
-0.045200	-4.272290
-0.045100	-4.272290
-0.045000	1.593550
-0.044900	3.548830
-0.044800	5.015290
-0.044700	-0.361727
-0.044600	0.127093
-0.044500	-0.361727
-0.044400	-3.294650
-0.044300	-4.272290
-0.044200	0.615913
-0.044100	-0.361727
-0.044000	-4.272290
-0.043900	-1.339370
-0.043800	2.571190
-0.043700	5.015290
-0.043600	1.104730
-0.043500	-0.361727
-0.043400	-4.272290
-0.043300	-4.272290
-0.043200	1.593550
-0.043100	-1.339370
-0.043000	0.127093
-0.042900	1.104730
-0.042800	-4.272290
-0.042700	-1.828190
-0.042600	7.459390
-0.042500	1.593550
-0.042400	1.593550
-0.042300	1.593550
-0.042200	-5.738750
-0.042100	-3.294650
-0.042000	4.526470
-0.041900	1.593550
-0.041800	-0.361727
-0.041700	4.037650
-0.041600	2.571190
-0.041500	-2.317010
-0.041400	-5.249930
-0.041300	-0.361727
-0.041200	2.571190
-0.041100	-0.361727
-0.041000	-0.850547
-0.040900	-0.361727
-0.040800	-4.272290
-0.040700	-0.361727
-0.040600	-0.361727
-0.040500	-2.317010
-0.040400	-0.850547
-0.040300	2.571190
-0.040200	4.037650
-0.040100	-0.850547
-0.040000	-4.272290
-0.039900	-2.317010
-0.039800	-2.317010
-0.039700	-2.317010
-0.039600	-2.805830
-0.039500	-1.339370
-0.039400	-2.805830
-0.039300	-2.317010
-0.039200	-2.317010
-0.039100	1.593550
-0.039000	-1.339370
-0.038900	-2.317010
-0.038800	-0.361727
-0.038700	-0.361727
-0.038600	1.104730
-0.038500	1.593550
-0.038400	-0.361727
-0.038300	1.593550
-0.038200	-0.361727
-0.038100	2.571190
-0.038000	-1.828190
-0.037900	-2.317010
-0.037800	-0.361727
-0.037700	2.082370
-0.037600	-1.339370
-0.037500	-2.317010
-0.037400	-4.272290
-0.037300	-5.249930
-0.037200	-4.272290
-0.037100	-5.249930
-0.037000	1.104730
-0.036900	0.615913
-0.036800	-2.805830
-0.036700	-4.272290
-0.036600	-0.361727
-0.036500	-0.361727
-0.036400	5.504110
-0.036300	-0.361727
-0.036200	-4.761110
-0.036100	1.593550
-0.036000	3.548830
-0.035900	-2.317010
-0.035800	-5.249930
-0.035700	1.104730
-0.035600	1.104730
-0.035500	-4.272290
-0.035400	1.593550
-0.035300	6.481750
-0.035200	2.571190
-0.035100	1.593550
-0.035000	-0.361727
-0.034900	-2.805830
-0.034800	-4.272290
-0.034700	-0.361727
-0.034600	0.615913
-0.034500	1.593550
-0.034400	6.481750
-0.034300	4.037650
-0.034200	-0.850547
-0.034100	0.615913
-0.034000	3.548830
-0.033900	3.060010
-0.033800	5.015290
-0.033700	2.571190
-0.033600	-0.850547
-0.033500	-0.361727
-0.033400	-0.361727
-0.033300	-1.339370
-0.033200	0.615913
-0.033100	-5.249930
-0.033000	-6.227570
-0.032900	-4.272290
-0.032800	3.548830
-0.032700	5.504110
-0.032600	2.082370
-0.032500	0.615913
-0.032400	-1.828190
-0.032300	0.615913
-0.032200	3.060010
-0.032100	1.593550
-0.032000	-0.361727
-0.031900	-0.361727
-0.031800	1.593550
-0.031700	3.060010
-0.031600	2.571190
-0.031500	-0.361727
-0.031400	1.593550
-0.031300	0.127093
-0.031200	-1.339370
-0.031100	-1.339370
-0.031000	-0.361727
-0.030900	-0.361727
-0.030800	0.127093
-0.030700	3.548830
-0.030600	3.060010
-0.030500	0.615913
-0.030400	7.459390
-0.030300	5.504110
-0.030200	1.593550
-0.030100	5.992930
-0.030000	5.504110
-0.029900	-4.272290
-0.029800	-4.272290
-0.029700	-0.850547
-0.029600	-5.249930
-0.029500	-1.828190
-0.029400	6.481750
-0.029300	1.593550
-0.029200	-0.850547
-0.029100	3.548830
-0.029000	0.615913
-0.028900	-0.361727
-0.028800	-0.361727
-0.028700	-4.272290
-0.028600	-4.761110
-0.028500	-4.272290
-0.028400	-0.361727
-0.028300	-4.761110
-0.028200	-6.227570
-0.028100	-1.339370
-0.028000	0.127093
-0.027900	-0.361727
-0.027800	3.060010
-0.027700	3.548830
-0.027600	-0.850547
-0.027500	-0.361727
-0.027400	1.593550
-0.027300	-0.361727
-0.027200	-1.339370
-0.027100	-2.805830
-0.027000	3.548830
-0.026900	6.481750
-0.026800	-1.339370
-0.026700	-4.272290
-0.026600	-0.361727
-0.026500	7.459390
-0.026400	4.037650
-0.026300	-0.361727
-0.026200	2.571190
-0.026100	-0.361727
-0.026000	-5.249930
-0.025900	2.571190
-0.025800	5.504110
-0.025700	-2.317010
-0.025600	-2.317010
-0.025500	1.104730
-0.025400	2.082370
-0.025300	0.127093
-0.025200	0.615913
-0.025100	1.593550
-0.025000	0.615913
-0.024900	-4.272290
-0.024800	-4.272290
-0.024700	-2.317010
-0.024600	1.104730
-0.024500	-0.361727
-0.024400	-1.828190
-0.024300	-1.339370
-0.024200	-2.805830
-0.024100	-4.272290
-0.024000	-2.805830
-0.023900	2.571190
-0.023800	1.593550
-0.023700	-1.339370
-0.023600	-4.272290
-0.023500	-2.317010
-0.023400	-0.850547
-0.023300	0.615913
-0.023200	5.504110
-0.023100	5.504110
-0.023000	1.593550
-0.022900	-0.361727
-0.022800	0.615913
-0.022700	1.593550
-0.022600	3.548830
-0.022500	3.060010
-0.022400	2.571190
-0.022300	3.548830
-0.022200	1.104730
-0.022100	-2.317010
-0.022000	-0.361727
-0.021900	2.571190
-0.021800	3.548830
-0.021700	-2.317010
-0.021600	-5.249930
-0.021500	-4.272290
-0.021400	-4.272290
-0.021300	-5.249930
-0.021200	-0.361727
-0.021100	5.504110
-0.021000	3.548830
-0.020900	-0.361727
-0.020800	-2.317010
-0.020700	2.571190
-0.020600	0.615913
-0.020500	-0.361727
-0.020400	1.593550
-0.020300	3.548830
-0.020200	-1.828190
-0.020100	-5.738750
-0.020000	-4.761110
-0.019900	-5.249930
-0.019800	-6.227570
-0.019700	-1.339370
-0.019600	-0.361727
-0.019500	-4.272290
-0.019400	-4.272290
-0.019300	-2.317010
-0.019200	-1.339370
-0.019100	-6.227570
-0.019000	-4.272290
-0.018900	1.104730
-0.018800	0.615913
-0.018700	-4.272290
-0.018600	-0.850547
-0.018500	4.526470
-0.018400	2.571190
-0.018300	0.615913
-0.018200	-0.361727
-0.018100	1.593550
-0.018000	5.992930
-0.017900	2.571190
-0.017800	-1.339370
-0.017700	4.526470
-0.017600	7.459390
-0.017500	5.504110
-0.017400	-0.361727
-0.017300	-0.850547
-0.017200	-0.361727
-0.017100	-0.850547
-0.017000	-1.339370
-0.016900	-1.339370
-0.016800	-1.339370
-0.016700	-0.361727
-0.016600	1.593550
-0.016500	1.593550
-0.016400	1.593550
-0.016300	0.127093
-0.016200	-4.272290
-0.016100	-4.272290
-0.016000	-1.828190
-0.015900	0.615913
-0.015800	6.481750
-0.015700	8.925850
-0.015600	3.548830
-0.015500	-2.317010
-0.015400	0.615913
-0.015300	-0.361727
-0.015200	-5.249930
-0.015100	-6.227570
-0.015000	-0.361727
-0.014900	2.082370
-0.014800	5.504110
-0.014700	7.459390
-0.014600	4.037650
-0.014500	5.992930
-0.014400	5.992930
-0.014300	-1.339370
-0.014200	1.593550
-0.014100	4.526470
-0.014000	-0.361727
-0.013900	0.615913
-0.013800	-0.361727
-0.013700	-0.361727
-0.013600	-0.361727
-0.013500	0.615913
-0.013400	-1.339370
-0.013300	2.082370
-0.013200	5.504110
-0.013100	6.481750
-0.013000	0.615913
-0.012900	-4.272290
-0.012800	-1.339370
-0.012700	-0.361727
-0.012600	0.615913
-0.012500	5.504110
-0.012400	-0.361727
-0.012300	-5.249930
-0.012200	-6.227570
-0.012100	-1.339370
-0.012000	-0.361727
-0.011900	1.593550
-0.011800	-4.272290
-0.011700	-5.249930
-0.011600	-4.272290
-0.011500	1.104730
-0.011400	-8.182850
-0.011300	-8.182850
-0.011200	-1.339370
-0.011100	-2.317010
-0.011000	-4.272290
-0.010900	5.015290
-0.010800	5.504110
-0.010700	-0.361727
-0.010600	0.615913
-0.010500	2.571190
-0.010400	-1.339370
-0.010300	-0.361727
-0.010200	4.526470
-0.010100	7.459390
-0.010000	6.970570
-0.009900	6.481750
-0.009800	5.504110
-0.009700	4.037650
-0.009600	5.504110
-0.009500	3.060010
-0.009400	-0.361727
-0.009300	-0.361727
-0.009200	0.615913
-0.009100	-2.805830
-0.009000	-0.361727
-0.008900	3.548830
-0.008800	1.104730
-0.008700	2.571190
-0.008600	1.593550
-0.008500	1.593550
-0.008400	4.526470
-0.008300	2.571190
-0.008200	1.104730
-0.008100	-1.339370
-0.008000	-0.361727
-0.007900	-0.850547
-0.007800	3.060010
-0.007700	7.459390
-0.007600	4.526470
-0.007500	0.615913
-0.007400	4.037650
-0.007300	0.127093
-0.007200	-6.227570
-0.007100	-4.272290
-0.007000	-0.361727
-0.006900	1.593550
-0.006800	0.615913
-0.006700	0.615913
-0.006600	-0.850547
-0.006500	-0.361727
-0.006400	9.414670
-0.006300	3.548830
-0.006200	-1.339370
-0.006100	1.104730
-0.006000	-0.361727
-0.005900	-2.317010
-0.005800	2.571190
-0.005700	3.548830
-0.005600	1.593550
-0.005500	-0.361727
-0.005400	-1.339370
-0.005300	-4.272290
-0.005200	-2.805830
-0.005100	-0.361727
-0.005000	-2.805830
-0.004900	-0.850547
-0.004800	2.571190
-0.004700	5.015290
-0.004600	-0.850547
-0.004500	-0.361727
-0.004400	1.593550
-0.004300	1.593550
-0.004200	-1.339370
-0.004100	3.548830
-0.004000	10.392300
-0.003900	9.414670
-0.003800	7.459390
-0.003700	4.526470
-0.003600	3.548830
-0.003500	3.548830
-0.003400	-0.361727
-0.003300	-1.339370
-0.003200	1.593550
-0.003100	8.437030
-0.003000	5.504110
-0.002900	-0.361727
-0.002800	1.593550
-0.002700	7.459390
-0.002600	3.548830
-0.002500	1.593550
-0.002400	5.504110
-0.002300	6.481750
-0.002200	3.548830
-0.002100	7.459390
-0.002000	13.325200
-0.001900	9.414670
-0.001800	5.504110
-0.001700	1.593550
-0.001600	3.548830
-0.001500	2.571190
-0.001400	5.992930
-0.001300	8.437030
-0.001200	2.571190
-0.001100	-0.850547
-0.001000	-0.361727
-0.000900	1.593550
-0.000800	0.615913
-0.000700	-0.361727
-0.000600	-1.339370
-0.000500	-0.361727
-0.000400	1.593550
-0.000300	1.593550
-0.000200	-4.272290
-0.000100	-2.317010
0.000000	-0.361727
0.000100	1.593550
0.000200	3.060010
0.000300	1.593550
0.000400	-0.361727
0.000500	-1.339370
0.000600	0.615913
0.000700	5.992930
0.000800	7.459390
0.000900	6.481750
0.001000	1.593550
0.001100	-3.294650
0.001200	2.571190
0.001300	9.414670
0.001400	6.481750
0.001500	-1.339370
0.001600	5.504110
0.001700	8.925850
0.001800	3.548830
0.001900	3.548830
0.002000	2.571190
0.002100	0.615913
0.002200	-0.361727
0.002300	-0.361727
0.002400	-1.339370
0.002500	1.104730
0.002600	10.392300
0.002700	13.325200
0.002800	4.526470
0.002900	-1.339370
0.003000	-2.805830
0.003100	6.481750
0.003200	9.414670
0.003300	1.593550
0.003400	1.593550
0.003500	3.548830
0.003600	3.548830
0.003700	1.104730
0.003800	3.548830
0.003900	5.015290
0.004000	3.548830
0.004100	7.459390
0.004200	8.925850
0.004300	6.481750
0.004400	-0.361727
0.004500	1.593550
0.004600	6.481750
0.004700	3.060010
0.004800	-0.361727
0.004900	-0.361727
0.005000	1.593550
0.005100	1.593550
0.005200	-1.339370
0.005300	-4.272290
0.005400	6.970570
0.005500	5.504110
0.005600	0.615913
0.005700	-0.361727
0.005800	2.082370
0.005900	5.992930
0.006000	1.593550
0.006100	-2.317010
0.006200	-1.339370
0.006300	-0.361727
0.006400	7.459390
0.006500	8.437030
0.006600	5.504110
0.006700	4.526470
0.006800	3.548830
0.006900	2.571190
0.007000	7.459390
0.007100	9.414670
0.007200	7.459390
0.007300	3.060010
0.007400	1.593550
0.007500	0.615913
0.007600	-2.317010
0.007700	1.104730
0.007800	3.548830
0.007900	6.970570
0.008000	3.060010
0.008100	-4.272290
0.008200	-4.272290
0.008300	4.526470
0.008400	7.459390
0.008500	-2.805830
0.008600	-1.339370
0.008700	7.459390
0.008800	5.504110
0.008900	1.593550
0.009000	4.526470
0.009100	0.615913
0.009200	-0.361727
0.009300	10.392300
0.009400	3.548830
0.009500	-0.850547
0.009600	4.526470
0.009700	6.970570
0.009800	3.548830
0.009900	1.104730
0.010000	6.970570
0.010100	7.459390
0.010200	7.948210
0.010300	6.481750
0.010400	5.504110
0.010500	0.615913
0.010600	3.548830
0.010700	6.970570
0.010800	4.526470
0.010900	-5.249930
0.011000	-5.249930
0.011100	-2.317010
0.011200	3.548830
0.011300	6.481750
0.011400	3.548830
0.011500	3.548830
0.011600	6.481750
0.011700	3.548830
0.011800	3.548830
0.011900	-0.361727
0.012000	-2.317010
0.012100	-1.339370
0.012200	-1.828190
0.012300	-6.227570
0.012400	-11.115800
0.012500	-8.182850
0.012600	-6.227570
0.012700	-8.182850
0.012800	-6.227570
0.012900	4.526470
0.013000	9.414670
0.013100	7.948210
0.013200	8.437030
0.013300	6.481750
0.013400	10.881100
0.013500	10.392300
0.013600	7.459390
0.013700	5.992930
0.013800	10.392300
0.013900	9.414670
0.014000	9.903490
0.014100	7.948210
0.014200	6.481750
0.014300	7.459390
0.014400	0.615913
0.014500	-3.294650
0.014600	5.504110
0.014700	1.593550
0.014800	-12.093400
0.014900	-14.537500
0.015000	-8.182850
0.015100	-6.716390
0.015200	-2.317010
0.015300	2.082370
0.015400	-0.850547
0.015500	-0.361727
0.015600	5.504110
0.015700	-2.805830
0.015800	-7.205210
0.015900	-9.160490
0.016000	-11.115800
0.016100	-13.559900
0.016200	-10.626900
0.016300	-5.249930
0.016400	-0.361727
0.016500	7.459390
0.016600	13.325200
0.016700	17.235800
0.016800	15.280500
0.016900	12.347600
0.017000	10.392300
0.017100	7.459390
0.017200	-1.339370
0.017300	-6.227570
0.017400	-0.361727
0.017500	10.392300
0.017600	21.146400
0.017700	23.101601
0.017800	10.881100
0.017900	9.414670
0.018000	23.101601
0.018100	30.922800
0.018200	27.500999
0.018300	23.101601
0.018400	24.568100
0.018500	23.590500
0.018600	10.881100
0.018700	0.615913
0.018800	2.571190
0.018900	-2.805830
0.019000	-7.205210
0.019100	-4.272290
0.019200	-4.272290
0.019300	-8.182850
0.019400	-11.115800
0.019500	-4.272290
0.019600	2.571190
0.019700	10.392300
0.019800	14.302900
0.019900	18.213400
0.020000	21.146400
0.020100	18.213400
0.020200	14.302900
0.020300	1.593550
0.020400	-10.138100
0.020500	-12.093400
0.020600	-6.227570
0.020700	-4.272290
0.020800	-6.716390
0.020900	-4.761110
0.021000	1.593550
0.021100	26.523399
0.021200	33.855701
0.021300	11.858800
0.021400	15.280500
0.021500	35.811001
0.021600	33.855701
0.021700	7.459390
0.021800	-5.738750
0.021900	-12.093400
0.022000	-14.048700
0.022100	-0.361727
0.022200	22.124001
0.022300	24.568100
0.022400	17.235800
0.022500	13.325200
0.022600	14.791700
0.022700	15.280500
0.022800	9.414670
0.022900	8.925850
0.023000	7.459390
0.023100	6.481750
0.023200	10.881100
0.023300	5.992930
0.023400	7.459390
0.023500	6.481750
0.023600	-2.805830
0.023700	-8.182850
0.023800	-15.026300
0.023900	-4.272290
0.024000	1.593550
0.024100	6.481750
0.024200	3.548830
0.024300	-4.272290
0.024400	-7.205210
0.024500	2.571190
0.024600	-0.361727
0.024700	9.414670
0.024800	44.609699
0.024900	56.341400
0.025000	44.609699
0.025100	30.922800
0.025200	29.945101
0.025300	29.945101
0.025400	22.124001
0.025500	21.146400
0.025600	27.989799
0.025700	15.280500
0.025800	-1.339370
0.025900	2.571190
0.026000	11.370000
0.026100	8.437030
0.026200	9.903490
0.026300	13.325200
0.026400	11.858800
0.026500	11.370000
0.026600	18.702299
0.026700	32.877998
0.026800	32.877998
0.026900	26.034599
0.027000	25.545700
0.027100	27.012199
0.027200	26.034599
0.027300	25.056900
0.027400	23.101601
0.027500	8.437030
0.027600	3.548830
0.027700	5.504110
0.027800	7.459390
0.027900	4.526470
0.028000	6.481750
0.028100	15.280500
0.028200	15.280500
0.028300	15.280500
0.028400	11.858800
0.028500	-71.240601
0.028600	-197.845001
0.028700	-198.822998
0.028800	-129.410004
0.028900	-98.125702
0.029000	-83.461098
0.029100	-65.374802
0.029200	-55.598400
0.029300	-52.176601
0.029400	-37.512001
0.029500	-40.445000
0.029600	-44.355499
0.029700	-27.735600
0.029800	-13.071000
0.029900	-10.138100
0.030000	-4.272290
0.030100	-0.361727
0.030200	-4.272290
0.030300	-13.071000
0.030400	-9.160490
0.030500	-5.249930
0.030600	-5.738750
0.030700	-8.182850
0.030800	-8.182850
0.030900	-9.160490
0.031000	-12.093400
0.031100	-12.093400
0.031200	-8.182850
0.031300	-8.182850
0.031400	-6.227570
0.031500	-6.716390
0.031600	-5.249930
0.031700	-2.317010
0.031800	-2.317010
0.031900	-1.339370
0.032000	1.104730
0.032100	2.571190
0.032200	0.615913
0.032300	-0.850547
0.032400	-4.272290
0.032500	-4.272290
0.032600	-12.093400
0.032700	-17.959200
0.032800	-14.537500
0.032900	-11.115800
0.033000	-10.138100
0.033100	-5.249930
0.033200	-5.249930
0.033300	-9.649310
0.033400	-6.227570
0.033500	3.548830
0.033600	4.526470
0.033700	5.504110
0.033800	11.370000
0.033900	9.414670
0.034000	-0.361727
0.034100	0.615913
0.034200	3.548830
0.034300	-8.182850
0.034400	-16.004000
0.034500	-11.115800
0.034600	-6.227570
0.034700	-4.272290
0.034800	-5.249930
0.034900	-0.361727
0.035000	3.548830
0.035100	4.526470
0.035200	7.459390
0.035300	15.280500
0.035400	19.191099
0.035500	17.724600
0.035600	15.769300
0.035700	12.347600
0.035800	9.414670
0.035900	10.881100
0.036000	14.302900
0.036100	5.504110
0.036200	3.548830
0.036300	13.814100
0.036400	10.881100
0.036500	-0.361727
0.036600	-6.227570
0.036700	-2.317010
0.036800	-2.317010
0.036900	-0.361727
0.037000	6.481750
0.037100	7.459390
0.037200	-1.339370
0.037300	-6.227570
0.037400	-7.205210
0.037500	-8.182850
0.037600	-6.227570
0.037700	-9.160490
0.037800	-16.004000
0.037900	-13.071000
0.038000	-8.182850
0.038100	-14.048700
0.038200	-19.914499
0.038300	-19.914499
0.038400	-17.959200
0.038500	-16.981600
0.038600	-6.227570
0.038700	1.593550
0.038800	-2.805830
0.038900	-10.138100
0.039000	-6.227570
0.039100	-6.227570
0.039200	-2.317010
0.039300	7.459390
0.039400	11.858800
0.039500	12.347600
0.039600	18.213400
0.039700	19.191099
0.039800	8.437030
0.039900	5.504110
0.040000	7.459390
0.040100	8.925850
0.040200	5.504110
0.040300	7.459390
0.040400	3.548830
0.040500	3.060010
0.040600	7.459390
0.040700	13.325200
0.040800	14.302900
0.040900	10.392300
0.041000	11.370000
0.041100	9.414670
0.041200	5.015290
0.041300	4.526470
0.041400	5.504110
0.041500	-1.339370
0.041600	0.615913
0.041700	3.548830
0.041800	-4.272290
0.041900	-8.182850
0.042000	-6.227570
0.042100	-6.227570
0.042200	-1.339370
0.042300	3.548830
0.042400	3.548830
0.042500	-4.272290
0.042600	-0.850547
0.042700	-0.361727
0.042800	-2.317010
0.042900	-5.249930
0.043000	-4.272290
0.043100	0.615913
0.043200	3.548830
0.043300	4.526470
0.043400	2.571190
0.043500	-14.048700
0.043600	-10.138100
0.043700	2.571190
0.043800	1.104730
0.043900	7.459390
0.044000	14.302900
0.044100	12.836400
0.044200	3.548830
0.044300	7.459390
0.044400	15.280500
0.044500	19.191099
0.044600	17.235800
0.044700	13.325200
0.044800	9.414670
0.044900	8.437030
0.045000	-1.339370
0.045100	1.593550
0.045200	5.504110
0.045300	7.459390
0.045400	11.370000
0.045500	7.459390
0.045600	10.392300
0.045700	16.258200
0.045800	19.191099
0.045900	16.258200
0.046000	17.235800
0.046100	25.056900
0.046200	23.101601
0.046300	16.258200
0.046400	4.526470
0.046500	-17.959200
0.046600	-25.291500
0.046700	-10.626900
0.046800	2.082370
0.046900	-0.361727
0.047000	1.593550
0.047100	5.504110
0.047200	-0.850547
0.047300	-0.361727
0.047400	5.015290
0.047500	13.325200
0.047600	19.191099
0.047700	17.235800
0.047800	12.347600
0.047900	9.414670
0.048000	10.392300
0.048100	13.325200
0.048200	-5.249930
0.048300	-15.026300
0.048400	3.548830
0.048500	59.274300
0.048600	146.283997
0.048700	-5.249930
0.048800	-122.078003
0.048900	-58.042500
0.049000	-23.336300
0.049100	-6.227570
0.049200	30.922800
0.049300	4.526470
0.049400	-32.623798
0.049500	-16.004000
0.049600	15.280500
0.049700	28.967501
0.049800	-7.694030
0.049900	-41.422600
0.050000	-23.825100
0.050100	-4.272290
0.050200	1.104730
0.050300	-1.828190
0.050400	-12.582200
0.050500	-17.959200
0.050600	-11.115800
0.050700	-0.361727
0.050800	1.593550
0.050900	5.504110
0.051000	-0.361727
0.051100	-1.339370
0.051200	6.481750
0.051300	5.015290
0.051400	8.437030
0.051500	17.235800
0.051600	21.146400
0.051700	8.437030
0.051800	13.814100
0.051900	20.168699
0.052000	13.814100
0.052100	10.392300
0.052200	11.858800
0.052300	1.593550
0.052400	-4.272290
0.052500	-0.361727
0.052600	-2.805830
0.052700	-12.093400
0.052800	-16.492800
0.052900	-16.004000
0.053000	-12.093400
0.053100	-12.093400
0.053200	-10.138100
0.053300	-4.272290
0.053400	1.593550
0.053500	0.615913
0.053600	5.992930
0.053700	7.948210
0.053800	9.414670
0.053900	15.280500
0.054000	16.258200
0.054100	11.370000
0.054200	11.370000
0.054300	8.437030
0.054400	0.615913
0.054500	-1.339370
0.054600	1.104730
0.054700	3.060010
0.054800	30.922800
0.054900	260.667999
0.055000	246.981003
0.055100	-145.052002
0.055200	-170.470993
0.055300	-9.160490
0.055400	0.615913
0.055500	-16.004000
0.055600	6.970570
0.055700	10.392300
0.055800	1.593550
0.055900	0.615913
0.056000	5.504110
0.056100	1.104730
0.056200	1.593550
0.056300	-4.272290
0.056400	-8.182850
0.056500	-12.093400
0.056600	-16.004000
0.056700	-17.959200
0.056800	-9.649310
0.056900	1.593550
0.057000	5.992930
0.057100	1.593550
0.057200	5.015290
0.057300	4.526470
0.057400	-2.805830
0.057500	-7.694030
0.057600	-4.272290
0.057700	1.593550
0.057800	5.015290
0.057900	7.459390
0.058000	7.459390
0.058100	6.970570
0.058200	3.548830
0.058300	-4.272290
0.058400	-6.227570
0.058500	-13.071000
0.058600	-24.802700
0.058700	-16.004000
0.058800	-1.828190
0.058900	3.060010
0.059000	16.258200
0.059100	33.855701
0.059200	25.056900
0.059300	15.280500
0.059400	14.791700
0.059500	14.302900
0.059600	16.258200
0.059700	16.747000
0.059800	10.881100
0.059900	9.903490
0.060000	8.925850
0.060100	6.481750
0.060200	1.593550
0.060300	6.481750
0.060400	5.504110
0.060500	-14.048700
0.060600	-25.780399
0.060700	-17.470400
0.060800	-2.317010
0.060900	3.548830
0.061000	8.437030
0.061100	11.370000
0.061200	5.504110
0.061300	-0.850547
0.061400	0.615913
0.061500	-4.272290
0.061600	-4.272290
0.061700	5.504110
0.061800	6.481750
0.061900	-12.093400
0.062000	-28.713301
0.062100	-16.004000
0.062200	-8.182850
0.062300	-7.205210
0.062400	-8.182850
0.062500	-16.004000
0.062600	-10.138100
0.062700	1.104730
0.062800	2.082370
0.062900	-1.339370
0.063000	-4.272290
0.063100	-11.115800
0.063200	-11.115800
0.063300	-4.272290
0.063400	1.593550
0.063500	1.593550
0.063600	7.459390
0.063700	11.370000
0.063800	7.459390
0.063900	9.414670
0.064000	12.836400
0.064100	11.370000
0.064200	7.459390
0.064300	6.481750
0.064400	5.992930
0.064500	-10.138100
0.064600	-14.048700
0.064700	-4.272290
0.064800	-1.339370
0.064900	-0.361727
0.065000	-1.339370
0.065100	-2.317010
0.065200	2.571190
0.065300	7.459390
0.065400	10.392300
0.065500	7.459390
0.065600	6.481750
0.065700	7.459390
0.065800	7.459390
0.065900	3.548830
0.066000	4.526470
0.066100	1.593550
0.066200	0.127093
0.066300	4.526470
0.066400	7.459390
0.066500	2.571190
0.066600	3.548830
0.066700	10.881100
0.066800	12.836400
0.066900	7.459390
0.067000	6.481750
0.067100	9.414670
0.067200	9.414670
0.067300	5.504110
0.067400	-0.361727
0.067500	-2.317010
0.067600	-2.317010
0.067700	-1.339370
0.067800	-4.272290
0.067900	-4.761110
0.068000	-4.272290
0.068100	-14.048700
0.068200	-19.914499
0.068300	-9.160490
0.068400	-4.272290
0.068500	-8.182850
0.068600	-5.738750
0.068700	6.970570
0.068800	7.459390
0.068900	-1.339370
0.069000	-4.272290
0.069100	3.548830
0.069200	9.414670
0.069300	13.325200
0.069400	12.836400
0.069500	14.302900
0.069600	9.414670
0.069700	5.015290
0.069800	5.504110
0.069900	11.370000
0.070000	10.392300
0.070100	7.459390
0.070200	-0.850547
0.070300	3.548830
0.070400	14.791700
0.070500	10.881100
0.070600	1.104730
0.070700	3.548830
0.070800	7.459390
0.070900	6.481750
0.071000	11.370000
0.071100	13.325200
0.071200	8.925850
0.071300	2.571190
0.071400	-0.361727
0.071500	-1.339370
0.071600	-0.361727
0.071700	7.459390
0.071800	7.459390
0.071900	0.615913
0.072000	-0.361727
0.072100	3.548830
0.072200	4.037650
0.072300	0.615913
0.072400	2.571190
0.072500	5.504110
0.072600	-0.361727
0.072700	-6.227570
0.072800	-4.761110
0.072900	-6.227570
0.073000	-7.205210
0.073100	0.615913
0.073200	11.370000
0.073300	21.146400
0.073400	-0.361727
0.073500	-17.959200
0.073600	-4.272290
0.073700	5.015290
0.073800	5.504110
0.073900	6.481750
0.074000	4.526470
0.074100	7.459390
0.074200	10.392300
0.074300	4.526470
0.074400	-0.361727
0.074500	1.593550
0.074600	6.481750
0.074700	7.459390
0.074800	6.481750
0.074900	3.548830
0.075000	6.481750
0.075100	4.526470
0.075200	2.082370
0.075300	5.504110
0.075400	5.015290
0.075500	-0.361727
0.075600	1.593550
0.075700	-0.361727
0.075800	-4.272290
0.075900	-1.339370
0.076000	3.060010
0.076100	9.414670
0.076200	8.437030
0.076300	5.504110
0.076400	2.571190
0.076500	0.615913
0.076600	5.504110
0.076700	16.747000
0.076800	13.325200
0.076900	-5.249930
0.077000	-1.339370
0.077100	5.504110
0.077200	-0.361727
0.077300	6.481750
0.077400	9.414670
0.077500	8.925850
0.077600	7.459390
0.077700	7.459390
0.077800	7.459390
0.077900	5.504110
0.078000	2.571190
0.078100	-0.361727
0.078200	-0.361727
0.078300	7.459390
0.078400	14.302900
0.078500	10.392300
0.078600	6.481750
0.078700	7.459390
0.078800	3.548830
0.078900	3.548830
0.079000	7.459390
0.079100	10.392300
0.079200	7.948210
0.079300	6.481750
0.079400	11.370000
0.079500	3.548830
0.079600	-1.339370
0.079700	3.548830
0.079800	5.504110
0.079900	7.459390
0.080000	8.437030
0.080100	5.015290
0.080200	-2.805830
0.080300	-1.828190
0.080400	-0.361727
0.080500	3.548830
0.080600	-0.361727
0.080700	0.615913
0.080800	-0.361727
0.080900	-4.272290
0.081000	-2.317010
0.081100	4.526470
0.081200	3.548830
0.081300	-0.850547
0.081400	-2.317010
0.081500	4.037650
0.081600	2.571190
0.081700	-0.361727
0.081800	1.104730
0.081900	1.593550
0.082000	1.104730
0.082100	7.459390
0.082200	11.370000
0.082300	7.459390
0.082400	7.459390
0.082500	4.526470
0.082600	-0.361727
0.082700	0.615913
0.082800	1.104730
0.082900	2.571190
0.083000	5.015290
0.083100	2.571190
0.083200	-0.361727
0.083300	-6.227570
0.083400	-9.160490
0.083500	-4.761110
0.083600	-4.272290
0.083700	-3.294650
0.083800	1.593550
0.083900	8.437030
0.084000	9.414670
0.084100	7.459390
0.084200	5.504110
0.084300	2.571190
0.084400	2.082370
0.084500	1.593550
0.084600	3.548830
0.084700	3.548830
0.084800	-0.361727
0.084900	2.571190
0.085000	7.459390
0.085100	9.414670
0.085200	8.437030
0.085300	9.414670
0.085400	3.060010
0.085500	-0.850547
0.085600	-0.361727
0.085700	4.526470
0.085800	5.504110
0.085900	4.526470
0.086000	3.548830
0.086100	-2.317010
0.086200	-6.227570
0.086300	-4.272290
0.086400	-1.339370
0.086500	2.571190
0.086600	3.548830
0.086700	3.548830
0.086800	-2.317010
0.086900	-2.317010
0.087000	2.571190
0.087100	2.571190
0.087200	-0.361727
0.087300	4.037650
0.087400	2.571190
0.087500	-3.294650
0.087600	-1.339370
0.087700	8.925850
0.087800	7.459390
0.087900	-0.361727
0.088000	-1.339370
0.088100	1.104730
0.088200	-2.317010
0.088300	-0.361727
0.088400	2.571190
0.088500	1.593550
0.088600	-1.339370
0.088700	-0.361727
0.088800	-4.272290
0.088900	-4.272290
0.089000	-2.317010
0.089100	-0.361727
0.089200	0.615913
0.089300	2.571190
0.089400	3.548830
0.089500	-0.361727
0.089600	0.615913
0.089700	7.459390
0.089800	5.504110
0.089900	5.504110
0.090000	6.481750
0.090100	5.504110
0.090200	5.504110
0.090300	11.858800
0.090400	13.325200
0.090500	10.392300
0.090600	3.060010
0.090700	3.548830
0.090800	3.548830
0.090900	3.548830
0.091000	1.593550
0.091100	4.526470
0.091200	1.104730
0.091300	-1.828190
0.091400	-2.317010
0.091500	-4.272290
0.091600	0.615913
0.091700	9.414670
0.091800	2.571190
0.091900	-8.182850
0.092000	-0.361727
0.092100	7.459390
0.092200	4.037650
0.092300	2.571190
0.092400	5.504110
0.092500	5.015290
0.092600	2.571190
0.092700	7.459390
0.092800	3.548830
0.092900	-1.339370
0.093000	-0.361727
0.093100	-0.361727
0.093200	-0.361727
0.093300	0.615913
0.093400	3.548830
0.093500	-8.182850
0.093600	-9.649310
0.093700	0.615913
0.093800	3.548830
0.093900	-4.272290
0.094000	1.593550
0.094100	8.437030
0.094200	5.504110
0.094300	3.060010
0.094400	7.948210
0.094500	5.504110
0.094600	-0.361727
0.094700	-0.361727
0.094800	1.593550
0.094900	-0.361727
0.095000	-0.361727
0.095100	7.459390
0.095200	7.948210
0.095300	1.593550
0.095400	0.127093
0.095500	-1.339370
0.095600	-4.272290
0.095700	-2.805830
0.095800	-4.272290
0.095900	-1.339370
0.096000	-1.339370
0.096100	-4.272290
0.096200	-6.227570
0.096300	-2.317010
0.096400	1.593550
0.096500	1.593550
0.096600	-2.317010
0.096700	0.615913
0.096800	4.526470
0.096900	1.593550
0.097000	6.481750
0.097100	7.948210
0.097200	1.593550
0.097300	-0.361727
0.097400	-2.317010
0.097500	3.548830
0.097600	10.392300
0.097700	12.347600
0.097800	13.325200
0.097900	6.970570
0.098000	2.571190
0.098100	10.392300
0.098200	9.414670
0.098300	-0.361727
0.098400	-4.272290
0.098500	-10.138100
0.098600	-11.115800
0.098700	-4.272290
0.098800	3.548830
0.098900	-1.339370
0.099000	-6.227570
0.099100	-1.339370
0.099200	1.593550
0.099300	1.593550
0.099400	3.548830
0.099500	6.970570
0.099600	3.548830
0.099700	-0.361727
0.099800	2.571190
0.099900	1.593550
0.100000	1.593550
0.100100	4.037650
0.100200	1.593550
0.100300	-4.272290
0.100400	-2.805830
0.100500	2.571190
0.100600	1.593550
0.100700	-0.850547
0.100800	3.548830
0.100900	1.593550
0.101000	-4.272290
0.101100	-4.272290
0.101200	-4.272290
0.101300	-10.138100
0.101400	-7.205210
0.101500	-2.317010
0.101600	2.571190
0.101700	1.593550
0.101800	2.571190
0.101900	-0.361727
0.102000	0.615913
0.102100	3.060010
0.102200	5.015290
0.102300	1.593550
0.102400	-2.317010
0.102500	5.504110
0.102600	9.414670
0.102700	5.015290
0.102800	1.104730
0.102900	4.526470
0.103000	7.459390
0.103100	4.037650
0.103200	-2.317010
0.103300	-2.317010
0.103400	-4.272290
0.103500	-0.361727
0.103600	3.548830
0.103700	7.948210
0.103800	-0.361727
0.103900	-4.272290
0.104000	5.015290
0.104100	5.504110
0.104200	-4.761110
0.104300	-9.160490
0.104400	-5.249930
0.104500	-2.317010
0.104600	3.060010
0.104700	3.548830
0.104800	1.104730
0.104900	1.593550
0.105000	3.548830
0.105100	7.459390
0.105200	6.481750
0.105300	1.104730
0.105400	3.548830
0.105500	5.504110
0.105600	9.414670
0.105700	7.459390
0.105800	0.615913
0.105900	-2.317010
0.106000	-1.339370
0.106100	-2.317010
0.106200	1.593550
0.106300	1.593550
0.106400	2.571190
0.106500	0.615913
0.106600	2.571190
0.106700	4.037650
0.106800	0.615913
0.106900	1.104730
0.107000	0.615913
0.107100	-1.339370
0.107200	-0.361727
0.107300	6.481750
0.107400	5.015290
0.107500	-4.272290
0.107600	0.615913
0.107700	3.548830
0.107800	-0.361727
0.107900	-0.361727
0.108000	-0.850547
0.108100	-4.272290
0.108200	-1.339370
0.108300	2.571190
0.108400	0.127093
0.108500	-4.272290
0.108600	-0.361727
0.108700	5.504110
0.108800	3.548830
0.108900	2.571190
0.109000	6.481750
0.109100	12.347600
0.109200	7.459390
0.109300	4.526470
0.109400	1.104730
0.109500	-9.160490
0.109600	-1.339370
0.109700	10.392300
0.109800	8.437030
0.109900	7.459390
0.110000	10.392300
0.110100	8.925850
0.110200	4.037650
0.110300	5.504110
0.110400	8.437030
0.110500	6.481750
0.110600	0.615913
0.110700	-1.339370
0.110800	-0.361727
0.110900	-4.272290
0.111000	-2.317010
0.111100	-1.339370
0.111200	-4.272290
0.111300	-8.182850
0.111400	-8.182850
0.111500	-4.272290
0.111600	-0.361727
0.111700	0.615913
0.111800	-0.361727
0.111900	-4.272290
0.112000	2.571190
0.112100	2.571190
0.112200	0.615913
0.112300	0.615913
0.112400	1.593550
0.112500	3.060010
0.112600	2.571190
0.112700	5.504110
0.112800	2.571190
0.112900	-2.317010
0.113000	0.615913
0.113100	3.060010
0.113200	1.593550
0.113300	-0.361727
0.113400	0.127093
0.113500	0.127093
0.113600	0.615913
0.113700	-0.850547
0.113800	-0.850547
0.113900	-2.805830
0.114000	-2.317010
0.114100	4.526470
0.114200	7.948210
0.114300	4.526470
0.114400	5.504110
0.114500	8.437030
0.114600	11.370000
0.114700	7.459390
0.114800	5.504110
0.114900	7.459390
0.115000	7.459390
0.115100	7.459390
0.115200	7.459390
0.115300	3.548830
0.115400	0.615913
0.115500	-2.805830
0.115600	3.548830
0.115700	1.593550
0.115800	-1.339370
0.115900	2.571190
0.116000	1.593550
0.116100	-0.361727
0.116200	5.504110
0.116300	7.459390
0.116400	-1.828190
0.116500	-2.317010
0.116600	1.104730
0.116700	-1.339370
0.116800	-4.272290
0.116900	0.615913
0.117000	1.593550
0.117100	-4.272290
0.117200	-0.361727
0.117300	0.615913
0.117400	1.593550
0.117500	-2.317010
0.117600	-2.317010
0.117700	1.593550
0.117800	-1.339370
0.117900	-5.249930
0.118000	2.082370
0.118100	-0.361727
0.118200	-7.205210
0.118300	-8.182850
0.118400	-8.182850
0.118500	-9.160490
0.118600	-12.093400
0.118700	-7.205210
0.118800	1.593550
0.118900	2.082370
0.119000	1.593550
0.119100	1.593550
0.119200	-1.339370
0.119300	-4.272290
0.119400	-0.361727
0.119500	2.571190
0.119600	-0.361727
0.119700	5.504110
0.119800	4.526470
0.119900	1.593550
0.120000	6.481750
0.120100	9.414670
0.120200	3.548830
0.120300	-3.294650
0.120400	-1.339370
0.120500	-0.850547
0.120600	-1.339370
0.120700	-2.805830
0.120800	-5.249930
0.120900	-8.182850
0.121000	-6.227570
0.121100	-0.850547
0.121200	3.060010
0.121300	0.615913
0.121400	-0.850547
0.121500	1.593550
0.121600	-4.272290
0.121700	-4.272290
0.121800	2.571190
0.121900	1.104730
0.122000	-0.850547
0.122100	4.526470
0.122200	3.548830
0.122300	2.082370
0.122400	2.571190
0.122500	4.526470
0.122600	7.459390
0.122700	1.593550
0.122800	6.970570
0.122900	7.459390
0.123000	3.060010
0.123100	-0.361727
0.123200	-0.361727
0.123300	-1.339370
0.123400	-2.317010
0.123500	-4.272290
0.123600	3.548830
0.123700	7.459390
0.123800	2.571190
0.123900	1.104730
0.124000	-5.249930
0.124100	-8.182850
0.124200	-4.272290
0.124300	2.571190
0.124400	2.571190
0.124500	6.481750
0.124600	8.925850
0.124700	7.459390
0.124800	3.548830
0.124900	5.504110
0.125000	5.504110
0.125100	3.548830
0.125200	6.970570
0.125300	3.548830
0.125400	-0.361727
0.125500	-0.361727
0.125600	-0.850547
0.125700	1.593550
0.125800	2.571190
0.125900	-1.339370
0.126000	-2.317010
0.126100	-4.272290
0.126200	-7.205210
0.126300	-9.649310
0.126400	-10.138100
0.126500	-13.071000
0.126600	-4.272290
0.126700	3.548830
0.126800	-0.361727
0.126900	0.615913
0.127000	7.459390
0.127100	7.459390
0.127200	1.104730
0.127300	-1.339370
0.127400	1.593550
0.127500	8.925850
0.127600	10.392300
0.127700	7.459390
0.127800	1.593550
0.127900	-2.317010
0.128000	1.104730
0.128100	-1.339370
0.128200	-7.205210
0.128300	-10.138100
0.128400	-9.649310
0.128500	-7.205210
0.128600	-5.249930
0.128700	-1.339370
0.128800	-0.361727
0.128900	0.615913
0.129000	5.504110
0.129100	8.437030
0.129200	1.593550
0.129300	-5.249930
0.129400	-1.339370
0.129500	6.481750
0.129600	5.504110
0.129700	4.526470
0.129800	7.459390
0.129900	0.615913
0.130000	0.127093
0.130100	3.060010
0.130200	0.615913
0.130300	-6.227570
0.130400	-1.339370
0.130500	0.615913
0.130600	-1.339370
0.130700	-0.361727
0.130800	5.504110
0.130900	6.481750
0.131000	5.504110
0.131100	5.504110
0.131200	3.548830
0.131300	4.526470
0.131400	7.459390
0.131500	11.858800
0.131600	3.548830
0.131700	-1.828190
0.131800	-1.339370
0.131900	5.504110
0.132000	5.015290
0.132100	1.593550
0.132200	3.548830
0.132300	7.459390
0.132400	6.481750
0.132500	1.104730
0.132600	1.593550
0.132700	4.526470
0.132800	5.504110
0.132900	5.504110
0.133000	1.593550
0.133100	-0.361727
0.133200	-0.361727
0.133300	-2.317010
0.133400	-4.272290
0.133500	-7.205210
0.133600	-5.249930
0.133700	1.593550
0.133800	-0.361727
0.133900	2.571190
0.134000	5.504110
0.134100	6.481750
0.134200	4.526470
0.134300	1.593550
0.134400	0.615913
0.134500	1.593550
0.134600	2.571190
0.134700	-0.361727
0.134800	1.104730
0.134900	0.127093
0.135000	-2.317010
0.135100	-4.272290
0.135200	2.082370
0.135300	9.903490
0.135400	7.948210
0.135500	3.548830
0.135600	4.037650
0.135700	7.459390
0.135800	10.392300
0.135900	8.925850
0.136000	7.948210
0.136100	3.548830
0.136200	1.593550
0.136300	2.571190
0.136400	2.571190
0.136500	-4.272290
0.136600	-2.317010
0.136700	3.548830
0.136800	3.548830
0.136900	-0.361727
0.137000	3.548830
0.137100	5.504110
0.137200	3.548830
0.137300	9.414670
0.137400	6.970570
0.137500	3.548830
0.137600	-2.317010
0.137700	-1.339370
0.137800	-4.272290
0.137900	-0.361727
0.138000	6.481750
0.138100	5.504110
0.138200	-4.272290
0.138300	1.593550
0.138400	7.459390
0.138500	5.504110
0.138600	0.615913
0.138700	4.526470
0.138800	5.504110
0.138900	1.593550
0.139000	1.104730
0.139100	1.104730
0.139200	-0.361727
0.139300	-2.317010
0.139400	1.593550
0.139500	-0.850547
0.139600	-4.272290
0.139700	2.571190
0.139800	7.459390
0.139900	5.504110
0.140000	1.593550
0.140100	0.127093
0.140200	1.104730
0.140300	0.615913
0.140400	-4.272290
0.140500	-6.227570
0.140600	-2.317010
0.140700	4.037650
0.140800	4.037650
0.140900	-2.317010
0.141000	0.615913
0.141100	4.526470
0.141200	3.548830
0.141300	4.526470
0.141400	1.593550
0.141500	5.015290
0.141600	6.970570
0.141700	1.593550
0.141800	-0.850547
0.141900	-4.272290
0.142000	-1.828190
0.142100	-0.361727
0.142200	-4.272290
0.142300	-8.182850
0.142400	0.615913
0.142500	7.459390
0.142600	2.571190
0.142700	6.481750
0.142800	12.347600
0.142900	5.992930
0.143000	-0.361727
0.143100	-1.339370
0.143200	0.615913
0.143300	5.504110
0.143400	7.459390
0.143500	11.370000
0.143600	10.392300
0.143700	6.481750
0.143800	5.504110
0.143900	5.015290
0.144000	3.548830
0.144100	-0.361727
0.144200	-4.761110
0.144300	-6.227570
0.144400	-6.227570
0.144500	-5.249930
0.144600	0.615913
0.144700	-4.272290
0.144800	-4.272290
0.144900	1.593550
0.145000	-0.361727
0.145100	-2.317010
0.145200	2.571190
0.145300	8.437030
0.145400	7.459390
0.145500	-0.361727
0.145600	1.593550
0.145700	-1.339370
0.145800	-4.272290
0.145900	-0.361727
0.146000	3.548830
0.146100	2.082370
0.146200	1.593550
0.146300	7.459390
0.146400	2.571190
0.146500	-0.361727
0.146600	-0.361727
0.146700	-1.339370
0.146800	-0.361727
0.146900	-1.339370
0.147000	1.593550
0.147100	3.060010
0.147200	1.593550
0.147300	-2.317010
0.147400	-0.361727
0.147500	7.459390
0.147600	8.437030
0.147700	7.459390
0.147800	8.437030
0.147900	2.082370
0.148000	1.104730
0.148100	2.571190
0.148200	-4.272290
0.148300	-4.272290
0.148400	-4.272290
0.148500	1.593550
0.148600	7.459390
0.148700	6.481750
0.148800	7.459390
0.148900	7.948210
0.149000	0.615913
0.149100	-2.317010
0.149200	1.104730
0.149300	-0.361727
0.149400	-1.339370
0.149500	-0.361727
0.149600	-0.361727
0.149700	-1.339370
0.149800	1.593550
0.149900	4.526470
0.150000	4.037650
0.150100	1.593550
0.150200	2.082370
0.150300	-1.339370
0.150400	-6.227570
0.150500	-1.339370
0.150600	6.970570
0.150700	6.481750
0.150800	1.593550
0.150900	5.504110
0.151000	3.548830
0.151100	2.571190
0.151200	3.548830
0.151300	5.504110
0.151400	3.548830
0.151500	-0.361727
0.151600	1.593550
0.151700	2.571190
0.151800	-2.317010
0.151900	-2.317010
0.152000	-4.272290
0.152100	-6.227570
0.152200	-2.317010
0.152300	7.459390
0.152400	6.481750
0.152500	-4.272290
0.152600	-2.317010
0.152700	-0.850547
0.152800	1.104730
0.152900	0.615913
0.153000	1.593550
0.153100	-0.361727
0.153200	-0.361727
0.153300	-1.828190
0.153400	-2.317010
0.153500	0.615913
0.153600	7.459390
0.153700	6.481750
0.153800	3.548830
0.153900	3.548830
0.154000	4.526470
0.154100	2.571190
0.154200	3.548830
0.154300	1.593550
0.154400	4.526470
0.154500	7.948210
0.154600	7.459390
0.154700	5.504110
0.154800	-1.339370
0.154900	1.104730
0.155000	5.992930
0.155100	0.615913
0.155200	-0.361727
0.155300	7.459390
0.155400	3.548830
0.155500	-5.249930
0.155600	-4.272290
0.155700	4.526470
0.155800	1.593550
0.155900	1.104730
0.156000	3.548830
0.156100	2.571190
0.156200	2.571190
0.156300	-0.361727
0.156400	-0.361727
0.156500	0.615913
0.156600	3.548830
0.156700	7.459390
0.156800	11.370000
0.156900	5.504110
0.157000	-0.361727
0.157100	0.615913
0.157200	-1.339370
0.157300	-4.272290
0.157400	1.593550
0.157500	3.060010
0.157600	-1.339370
0.157700	-0.361727
0.157800	2.571190
0.157900	5.504110
0.158000	7.459390
0.158100	6.481750
0.158200	1.593550
0.158300	-0.850547
0.158400	1.593550
0.158500	1.593550
0.158600	2.571190
0.158700	1.593550
0.158800	4.526470
0.158900	3.548830
0.159000	0.127093
0.159100	6.481750
0.159200	5.504110
0.159300	0.615913
0.159400	1.593550
0.159500	-2.317010
0.159600	-8.182850
0.159700	-4.761110
0.159800	1.593550
0.159900	0.615913
0.160000	-1.339370
0.160100	2.571190
0.160200	1.593550
0.160300	-6.716390
0.160400	-4.272290
0.160500	6.970570
0.160600	3.060010
0.160700	-6.227570
0.160800	-4.272290
0.160900	0.615913
0.161000	-5.249930
0.161100	-5.249930
0.161200	-2.317010
0.161300	1.593550
0.161400	1.593550
0.161500	3.548830
0.161600	-0.361727
0.161700	-4.272290
0.161800	-0.361727
0.161900	-0.361727
0.162000	-0.850547
0.162100	-1.339370
0.162200	-0.361727
0.162300	0.127093
0.162400	3.548830
0.162500	9.414670
0.162600	7.459390
0.162700	-0.850547
0.162800	2.571190
0.162900	2.571190
0.163000	1.104730
0.163100	1.593550
0.163200	1.104730
0.163300	-3.294650
0.163400	-4.272290
0.163500	-4.272290
0.163600	-2.317010
0.163700	-6.227570
0.163800	-2.805830
0.163900	-0.361727
0.164000	-0.361727
0.164100	-0.361727
0.164200	5.504110
0.164300	5.504110
0.164400	3.548830
0.164500	5.992930
0.164600	0.127093
0.164700	-4.272290
0.164800	-0.361727
0.164900	-4.272290
0.165000	-5.249930
0.165100	1.104730
0.165200	1.593550
0.165300	-5.249930
0.165400	1.104730
0.165500	4.526470
0.165600	2.571190
0.165700	1.104730
0.165800	7.459390
0.165900	5.504110
0.166000	2.571190
0.166100	7.459390
0.166200	9.414670
0.166300	0.615913
0.166400	-0.361727
0.166500	2.571190
0.166600	-0.361727
0.166700	2.571190
0.166800	5.504110
0.166900	2.571190
0.167000	-2.317010
0.167100	-2.317010
0.167200	-0.361727
0.167300	-0.850547
0.167400	-0.361727
0.167500	3.548830
0.167600	1.593550
0.167700	-1.339370
0.167800	-0.361727
0.167900	3.548830
0.168000	-0.850547
0.168100	1.593550
0.168200	5.504110
0.168300	2.571190
0.168400	-2.805830
0.168500	1.104730
0.168600	0.615913
0.168700	0.615913
0.168800	0.615913
0.168900	2.571190
0.169000	1.593550
0.169100	5.504110
0.169200	1.593550
0.169300	2.571190
0.169400	2.571190
0.169500	-1.339370
0.169600	1.104730
0.169700	1.593550
0.169800	2.082370
0.169900	5.504110
0.170000	7.459390
0.170100	3.548830
0.170200	1.593550
0.170300	5.015290
0.170400	5.015290
0.170500	1.593550
0.170600	2.571190
0.170700	0.615913
0.170800	-4.272290
0.170900	4.037650
0.171000	8.925850
0.171100	5.504110
0.171200	5.992930
0.171300	4.526470
0.171400	1.593550
0.171500	-4.272290
0.171600	0.615913
0.171700	5.504110
0.171800	-0.361727
0.171900	-1.339370
0.172000	1.104730
0.172100	5.504110
0.172200	7.459390
0.172300	7.459390
0.172400	-0.850547
0.172500	-8.182850
0.172600	-8.182850
0.172700	-4.272290
0.172800	-4.272290
0.172900	-1.828190
0.173000	1.593550
0.173100	1.593550
0.173200	-2.317010
0.173300	4.526470
0.173400	5.504110
0.173500	3.548830
0.173600	2.571190
0.173700	2.571190
0.173800	3.060010
0.173900	5.504110
0.174000	7.459390
0.174100	3.548830
0.174200	1.593550
0.174300	4.526470
0.174400	13.325200
0.174500	3.548830
0.174600	-0.850547
0.174700	3.548830
0.174800	3.548830
0.174900	-0.361727
0.175000	-2.317010
0.175100	-1.339370
0.175200	-0.361727
0.175300	-4.761110
0.175400	-2.317010
0.175500	5.992930
0.175600	7.459390
0.175700	3.060010
0.175800	-1.828190
0.175900	-4.272290
0.176000	2.082370
0.176100	5.504110
0.176200	-1.339370
0.176300	-4.272290
0.176400	2.571190
0.176500	5.504110
0.176600	3.548830
0.176700	4.526470
0.176800	5.504110
0.176900	1.593550
0.177000	-0.850547
0.177100	-0.361727
0.177200	-0.361727
0.177300	-1.339370
0.177400	0.615913
0.177500	-0.850547
0.177600	-0.850547
0.177700	1.104730
0.177800	-0.361727
0.177900	-1.339370
0.178000	-1.828190
0.178100	1.104730
0.178200	4.526470
0.178300	7.459390
0.178400	7.459390
0.178500	6.481750
0.178600	2.571190
0.178700	2.571190
0.178800	4.037650
0.178900	4.526470
0.179000	2.082370
0.179100	-0.361727
0.179200	-1.339370
0.179300	-1.828190
0.179400	-0.361727
0.179500	5.504110
0.179600	4.526470
0.179700	0.615913
0.179800	2.571190
0.179900	9.414670
0.180000	5.504110
0.180100	3.548830
0.180200	3.060010
0.180300	-4.272290
0.180400	-8.182850
0.180500	-6.716390
0.180600	-1.339370
0.180700	-4.272290
0.180800	-4.272290
0.180900	-0.361727
0.181000	-1.828190
0.181100	-4.272290
0.181200	0.127093
0.181300	1.593550
0.181400	-8.182850
0.181500	-4.761110
0.181600	5.504110
0.181700	1.593550
0.181800	1.593550
0.181900	3.548830
0.182000	2.571190
0.182100	4.526470
0.182200	6.970570
0.182300	5.504110
0.182400	-1.339370
0.182500	2.571190
0.182600	9.414670
0.182700	11.858800
0.182800	1.593550
0.182900	-0.850547
0.183000	5.504110
0.183100	6.970570
0.183200	-0.361727
0.183300	-0.850547
0.183400	-0.361727
0.183500	-1.828190
0.183600	-0.850547
0.183700	4.526470
0.183800	2.571190
0.183900	3.548830
0.184000	6.481750
0.184100	3.548830
0.184200	-2.317010
0.184300	-0.361727
0.184400	6.481750
0.184500	5.504110
0.184600	-0.361727
0.184700	0.615913
0.184800	1.593550
0.184900	1.593550
0.185000	-0.850547
0.185100	-2.805830
0.185200	-0.361727
0.185300	5.504110
0.185400	6.481750
0.185500	-0.361727
0.185600	-8.182850
0.185700	-4.272290
0.185800	-6.227570
0.185900	-4.272290
0.186000	0.127093
0.186100	3.548830
0.186200	6.970570
0.186300	5.504110
0.186400	3.060010
0.186500	-0.361727
0.186600	-6.227570
0.186700	-3.294650
0.186800	2.571190
0.186900	5.504110
0.187000	7.459390
0.187100	12.347600
0.187200	5.504110
0.187300	-2.317010
0.187400	-1.339370
0.187500	4.526470
0.187600	3.548830
0.187700	0.615913
0.187800	-0.361727
0.187900	-2.805830
0.188000	-0.361727
0.188100	3.548830
0.188200	1.104730
0.188300	-1.339370
0.188400	-5.249930
0.188500	-1.339370
0.188600	1.593550
0.188700	-0.361727
0.188800	0.615913
0.188900	-0.361727
0.189000	0.615913
0.189100	-0.361727
0.189200	-1.339370
0.189300	1.593550
0.189400	1.593550
0.189500	2.082370
0.189600	0.615913
0.189700	3.060010
0.189800	3.548830
0.189900	-0.361727
0.190000	-1.339370
0.190100	1.104730
0.190200	-1.339370
0.190300	-4.272290
0.190400	-0.850547
0.190500	3.548830
0.190600	1.593550
0.190700	-0.361727
0.190800	0.615913
0.190900	-0.361727
0.191000	5.015290
0.191100	1.104730
0.191200	-0.361727
0.191300	0.615913
0.191400	10.392300
0.191500	10.392300
0.191600	4.526470
0.191700	1.104730
0.191800	3.548830
0.191900	3.060010
0.192000	1.593550
0.192100	4.526470
0.192200	4.526470
0.192300	6.481750
0.192400	1.593550
0.192500	-1.339370
0.192600	4.526470
0.192700	7.459390
0.192800	5.504110
0.192900	5.504110
0.193000	4.526470
0.193100	0.615913
0.193200	0.615913
0.193300	2.571190
0.193400	-1.828190
0.193500	-5.249930
0.193600	1.593550
0.193700	9.414670
0.193800	5.504110
0.193900	-2.317010
0.194000	-1.339370
0.194100	-0.361727
0.194200	-0.361727
0.194300	1.104730
0.194400	1.104730
0.194500	0.615913
0.194600	2.571190
0.194700	5.504110
0.194800	0.615913
0.194900	1.593550
0.195000	2.571190
0.195100	-0.361727
0.195200	1.104730
0.195300	3.548830
0.195400	1.104730
0.195500	-0.361727
0.195600	-0.361727
0.195700	3.548830
0.195800	6.481750
0.195900	1.593550
0.196000	0.615913
0.196100	1.593550
0.196200	-1.339370
0.196300	-0.361727
0.196400	6.970570
0.196500	5.504110
0.196600	-4.272290
0.196700	-0.361727
0.196800	3.548830
0.196900	3.548830
0.197000	1.593550
0.197100	6.970570
0.197200	3.548830
0.197300	-1.339370
0.197400	-1.339370
0.197500	0.615913
0.197600	-0.850547
0.197700	-4.272290
0.197800	-1.339370
0.197900	5.504110
0.198000	-0.361727
0.198100	-1.339370
0.198200	1.593550
0.198300	0.615913
0.198400	-2.317010
0.198500	-0.361727
0.198600	1.104730
0.198700	-0.361727
0.198800	-2.317010
0.198900	3.548830
0.199000	5.504110
0.199100	6.481750
0.199200	5.504110
0.199300	5.504110
0.199400	0.615913
0.199500	-4.272290
0.199600	1.104730
0.199700	6.481750
0.199800	-0.361727
0.199900	-4.272290
0.200000	4.037650
0.200100	1.593550
0.200200	-6.227570
0.200300	-0.361727
0.200400	4.526470
0.200500	0.615913
0.200600	2.571190
0.200700	8.437030
0.200800	8.437030
0.200900	1.104730
0.201000	-4.272290
0.201100	-2.317010
0.201200	-0.361727
0.201300	-1.339370
0.201400	-1.339370
0.201500	1.593550
0.201600	-1.828190
0.201700	3.060010
0.201800	10.392300
0.201900	3.060010
0.202000	-1.339370
0.202100	2.571190
0.202200	5.504110
0.202300	1.593550
0.202400	-1.339370
0.202500	1.593550
0.202600	1.593550
0.202700	4.526470
0.202800	7.459390
0.202900	5.504110
0.203000	-1.339370
0.203100	2.571190
0.203200	12.836400
0.203300	4.526470
0.203400	2.571190
0.203500	2.571190
0.203600	1.593550
0.203700	-0.850547
0.203800	3.548830
0.203900	11.370000
0.204000	5.504110
0.204100	3.548830
0.204200	5.015290
0.204300	5.504110
0.204400	4.526470
0.204500	-1.339370
0.204600	-4.272290
0.204700	-1.339370
0.204800	1.104730
0.204900	-0.850547
0.205000	1.593550
0.205100	-1.339370
0.205200	-5.249930
0.205300	-1.828190
0.205400	-0.361727
0.205500	8.925850
0.205600	11.370000
0.205700	6.481750
0.205800	5.504110
0.205900	2.571190
0.206000	1.593550
0.206100	3.548830
0.206200	3.548830
0.206300	2.082370
0.206400	1.104730
0.206500	2.571190
0.206600	5.504110
0.206700	1.104730
0.206800	-0.361727
0.206900	5.504110
0.207000	6.970570
0.207100	6.481750
0.207200	9.414670
0.207300	13.325200
0.207400	5.504110
0.207500	1.593550
0.207600	4.526470
0.207700	7.459390
0.207800	5.504110
0.207900	5.015290
0.208000	-2.317010
0.208100	-3.294650
0.208200	-0.361727
0.208300	-0.361727
0.208400	0.615913
0.208500	5.504110
0.208600	6.481750
0.208700	1.593550
0.208800	0.615913
0.208900	1.593550
0.209000	1.593550
0.209100	-0.361727
0.209200	-0.361727
0.209300	0.127093
0.209400	1.593550
0.209500	2.571190
0.209600	2.082370
0.209700	-1.828190
0.209800	-4.272290
0.209900	-4.272290
0.210000	1.593550
0.210100	-0.850547
0.210200	1.593550
0.210300	10.392300
0.210400	10.881100
0.210500	1.593550
0.210600	-2.317010
0.210700	2.571190
0.210800	5.504110
0.210900	5.015290
0.211000	8.437030
0.211100	4.526470
0.211200	3.548830
0.211300	7.459390
0.211400	9.414670
0.211500	12.347600
0.211600	8.925850
0.211700	6.481750
0.211800	7.459390
0.211900	3.060010
0.212000	-2.805830
0.212100	-1.339370
0.212200	-0.361727
0.212300	2.571190
0.212400	1.104730
0.212500	-4.272290
0.212600	-5.249930
0.212700	-4.272290
0.212800	-6.716390
0.212900	-0.361727
0.213000	7.459390
0.213100	1.593550
0.213200	-0.361727
0.213300	-0.361727
0.213400	-5.249930
0.213500	-7.205210
0.213600	-4.272290
0.213700	-4.272290
0.213800	-7.205210
0.213900	-2.805830
0.214000	3.548830
0.214100	1.593550
0.214200	3.548830
0.214300	5.015290
0.214400	1.593550
0.214500	-1.339370
0.214600	-0.361727
0.214700	2.571190
0.214800	0.615913
0.214900	1.593550
0.215000	6.481750
0.215100	0.615913
0.215200	-0.361727
0.215300	0.615913
0.215400	-0.361727
0.215500	1.593550
0.215600	2.571190
0.215700	4.526470
0.215800	-0.361727
0.215900	-4.272290
0.216000	-2.317010
0.216100	4.526470
0.216200	2.571190
0.216300	-4.272290
0.216400	-4.272290
0.216500	1.593550
0.216600	1.593550
0.216700	1.593550
0.216800	5.015290
0.216900	-0.361727
0.217000	-1.339370
0.217100	9.414670
0.217200	12.347600
0.217300	5.504110
0.217400	-2.317010
0.217500	-0.361727
0.217600	-4.272290
0.217700	-5.738750
0.217800	-6.716390
0.217900	-4.272290
0.218000	-4.272290
0.218100	-0.361727
0.218200	1.593550
0.218300	5.504110
0.218400	9.903490
0.218500	8.437030
0.218600	-0.361727
0.218700	-2.317010
0.218800	-0.361727
0.218900	-0.361727
0.219000	-0.361727
0.219100	4.526470
0.219200	3.548830
0.219300	3.548830
0.219400	7.459390
0.219500	10.392300
0.219600	3.060010
0.219700	-0.850547
0.219800	2.571190
0.219900	1.593550
0.220000	1.104730
0.220100	0.615913
0.220200	2.571190
0.220300	1.593550
0.220400	5.504110
0.220500	3.548830
0.220600	-4.272290
0.220700	-1.339370
0.220800	3.548830
0.220900	-1.339370
0.221000	-4.272290
0.221100	-0.361727
0.221200	5.504110
0.221300	-1.339370
0.221400	-0.850547
0.221500	0.127093
0.221600	3.548830
0.221700	1.593550
0.221800	-1.339370
0.221900	-1.339370
0.222000	1.593550
0.222100	2.571190
0.222200	-0.361727
0.222300	3.548830
0.222400	0.615913
0.222500	-1.339370
0.222600	1.104730
0.222700	1.593550
0.222800	3.548830
0.222900	9.414670
0.223000	9.414670
0.223100	5.504110
0.223200	3.548830
0.223300	-0.361727
0.223400	-2.317010
0.223500	-4.272290
0.223600	7.459390
0.223700	7.459390
0.223800	2.571190
0.223900	-0.361727
0.224000	0.615913
0.224100	3.548830
0.224200	1.593550
0.224300	1.104730
0.224400	-4.761110
0.224500	-9.160490
0.224600	-7.205210
0.224700	-1.339370
0.224800	-2.317010
0.224900	-0.850547
0.225000	2.571190
0.225100	-4.272290
0.225200	-0.361727
0.225300	7.459390
0.225400	6.481750
0.225500	3.548830
0.225600	7.459390
0.225700	6.481750
0.225800	3.548830
0.225900	1.593550
0.226000	3.548830
0.226100	6.481750
0.226200	1.593550
0.226300	3.548830
0.226400	9.414670
0.226500	10.881100
0.226600	8.437030
0.226700	6.481750
0.226800	2.571190
0.226900	1.593550
0.227000	8.437030
0.227100	11.370000
0.227200	7.459390
0.227300	4.037650
0.227400	6.481750
0.227500	9.414670
0.227600	4.037650
0.227700	-0.361727
0.227800	-0.361727
0.227900	-4.272290
0.228000	-0.361727
0.228100	6.970570
0.228200	6.970570
0.228300	4.526470
0.228400	7.948210
0.228500	2.571190
0.228600	-1.828190
0.228700	-0.361727
0.228800	4.526470
0.228900	5.015290
0.229000	9.414670
0.229100	7.948210
0.229200	-0.361727
0.229300	-2.317010
0.229400	-0.361727
0.229500	-2.317010
0.229600	-1.339370
0.229700	-0.361727
0.229800	3.548830
0.229900	-0.361727
0.230000	-3.294650
0.230100	-4.272290
0.230200	2.571190
0.230300	4.526470
0.230400	2.571190
0.230500	0.615913
0.230600	-0.361727
0.230700	-0.361727
0.230800	3.548830
0.230900	1.593550
0.231000	3.060010
0.231100	4.526470
0.231200	3.548830
0.231300	-2.317010
0.231400	-1.339370
0.231500	7.459390
0.231600	6.970570
0.231700	-0.850547
0.231800	1.104730
0.231900	0.615913
0.232000	-2.317010
0.232100	-0.361727
0.232200	2.571190
0.232300	-0.850547
0.232400	0.127093
0.232500	3.548830
0.232600	4.526470
0.232700	-0.361727
0.232800	2.571190
0.232900	5.015290
0.233000	-0.361727
0.233100	-1.339370
0.233200	4.037650
0.233300	1.104730
0.233400	2.082370
0.233500	-0.850547
0.233600	-1.339370
0.233700	-1.339370
0.233800	5.504110
0.233900	12.347600
0.234000	8.437030
0.234100	1.104730
0.234200	0.615913
0.234300	3.548830
0.234400	2.571190
0.234500	2.571190
0.234600	3.548830
0.234700	2.571190
0.234800	6.481750
0.234900	6.481750
0.235000	6.481750
0.235100	3.548830
0.235200	6.970570
0.235300	5.504110
0.235400	2.571190
0.235500	2.571190
0.235600	3.548830
0.235700	5.504110
0.235800	1.593550
0.235900	5.015290
0.236000	3.548830
0.236100	5.504110
0.236200	7.459390
0.236300	4.526470
0.236400	-0.361727
0.236500	1.593550
0.236600	4.526470
0.236700	3.548830
0.236800	2.571190
0.236900	1.593550
0.237000	4.037650
0.237100	3.548830
0.237200	5.504110
0.237300	4.526470
0.237400	4.526470
0.237500	0.615913
0.237600	3.060010
0.237700	6.481750
0.237800	0.615913
0.237900	-7.205210
0.238000	-2.317010
0.238100	2.571190
0.238200	-0.361727
0.238300	-4.272290
0.238400	-4.272290
0.238500	1.593550
0.238600	6.481750
0.238700	7.459390
0.238800	7.459390
0.238900	4.037650
0.239000	1.104730
0.239100	-4.272290
0.239200	-4.272290
0.239300	4.526470
0.239400	1.104730
0.239500	-3.294650
0.239600	-0.361727
0.239700	-0.361727
0.239800	-4.272290
0.239900	-0.850547
0.240000	-0.361727
0.240100	-5.249930
0.240200	-2.317010
0.240300	2.571190
0.240400	5.015290
0.240500	1.593550
0.240600	0.127093
0.240700	1.593550
0.240800	-1.339370
0.240900	-0.361727
0.241000	-0.361727
0.241100	-2.317010
0.241200	2.571190
0.241300	6.481750
0.241400	5.504110
0.241500	3.548830
0.241600	4.526470
0.241700	5.992930
0.241800	3.060010
0.241900	1.593550
0.242000	2.571190
0.242100	7.459390
0.242200	6.481750
0.242300	1.593550
0.242400	0.615913
0.242500	5.504110
0.242600	10.392300
0.242700	2.571190
0.242800	1.593550
0.242900	6.481750
0.243000	4.526470
0.243100	1.593550
0.243200	3.548830
0.243300	3.548830
0.243400	6.481750
0.243500	4.526470
0.243600	5.015290
0.243700	1.593550
0.243800	-4.272290
0.243900	-0.361727
0.244000	5.015290
0.244100	-0.361727
0.244200	-5.249930
0.244300	-4.272290
0.244400	1.593550
0.244500	1.593550
0.244600	-0.361727
0.244700	-1.339370
0.244800	-4.272290
0.244900	-4.272290
0.245000	6.481750
0.245100	5.992930
0.245200	-4.761110
0.245300	-8.182850
0.245400	-6.227570
0.245500	-2.317010
0.245600	-1.339370
0.245700	-0.361727
0.245800	0.127093
0.245900	3.548830
0.246000	5.015290
0.246100	-2.317010
0.246200	-5.249930
0.246300	1.593550
0.246400	5.015290
0.246500	3.548830
0.246600	2.571190
0.246700	5.504110
0.246800	4.526470
0.246900	0.615913
0.247000	1.104730
0.247100	4.526470
0.247200	5.992930
0.247300	5.504110
0.247400	5.504110
0.247500	-4.272290
0.247600	-0.361727
0.247700	7.459390
0.247800	2.571190
0.247900	-0.361727
0.248000	9.414670
0.248100	10.881100
0.248200	0.615913
0.248300	-0.361727
0.248400	3.548830
0.248500	1.104730
0.248600	-0.361727
0.248700	0.615913
0.248800	3.548830
0.248900	3.548830
0.249000	0.615913
0.249100	0.615913
0.249200	1.593550
0.249300	0.615913
0.249400	1.104730
0.249500	7.459390
0.249600	7.459390
0.249700	7.459390
0.249800	8.437030
0.249900	6.481750
0.250000	6.481750
0.250100	6.481750
0.250200	8.437030
0.250300	3.548830
0.250400	1.593550
0.250500	2.571190
0.250600	1.104730
0.250700	-1.339370
0.250800	2.571190
0.250900	5.504110
0.251000	2.571190
0.251100	1.593550
0.251200	2.571190
0.251300	2.571190
0.251400	2.571190
0.251500	-0.361727
0.251600	-2.317010
0.251700	0.615913
0.251800	5.015290
0.251900	3.548830
0.252000	3.548830
0.252100	8.437030
0.252200	9.414670
0.252300	1.593550
0.252400	1.593550
0.252500	9.414670
0.252600	10.392300
0.252700	6.481750
0.252800	3.060010
0.252900	3.060010
0.253000	-0.850547
0.253100	-4.272290
0.253200	1.593550
0.253300	7.459390
0.253400	-0.361727
0.253500	1.104730
0.253600	1.593550
0.253700	1.593550
0.253800	1.593550
0.253900	-0.361727
0.254000	-3.294650
0.254100	-0.361727
0.254200	4.037650
0.254300	-0.361727
0.254400	-2.805830
0.254500	3.060010
0.254600	7.459390
0.254700	0.615913
0.254800	-2.805830
0.254900	-2.805830
0.255000	-5.738750
0.255100	-4.761110
0.255200	6.970570
0.255300	13.325200
0.255400	4.526470
0.255500	-1.339370
0.255600	1.593550
0.255700	-0.850547
0.255800	-4.272290
0.255900	-0.361727
0.256000	1.593550
0.256100	0.615913
0.256200	6.481750
0.256300	6.970570
0.256400	0.615913
0.256500	-4.272290
0.256600	-4.272290
0.256700	3.060010
0.256800	1.104730
0.256900	-0.361727
0.257000	-0.361727
0.257100	-0.361727
0.257200	-4.272290
0.257300	-5.249930
0.257400	-1.339370
0.257500	1.593550
0.257600	-0.361727
0.257700	-1.339370
0.257800	0.127093
0.257900	5.504110
0.258000	5.504110
0.258100	1.593550
0.258200	-0.361727
0.258300	2.571190
0.258400	5.015290
0.258500	3.060010
0.258600	6.481750
0.258700	5.992930
0.258800	5.015290
0.258900	5.504110
0.259000	6.481750
0.259100	-0.361727
0.259200	1.593550
0.259300	2.571190
0.259400	1.104730
0.259500	-4.272290
0.259600	-4.272290
0.259700	-4.272290
0.259800	-4.272290
0.259900	1.104730
0.260000	3.060010
0.260100	-1.339370
0.260200	-2.805830
0.260300	-2.317010
0.260400	-0.361727
0.260500	-0.361727
0.260600	1.104730
0.260700	3.548830
0.260800	4.526470
0.260900	6.481750
0.261000	7.459390
0.261100	5.504110
0.261200	-2.317010
0.261300	-5.249930
0.261400	-2.805830
0.261500	-2.317010
0.261600	1.593550
0.261700	2.571190
0.261800	1.593550
0.261900	-0.361727
0.262000	-0.361727
0.262100	1.104730
0.262200	1.593550
0.262300	2.082370
0.262400	5.504110
0.262500	7.459390
0.262600	5.992930
0.262700	7.459390
0.262800	6.481750
0.262900	-0.361727
0.263000	-2.317010
0.263100	4.526470
0.263200	11.370000
0.263300	10.881100
0.263400	5.504110
0.263500	3.060010
0.263600	-0.361727
0.263700	-4.272290
0.263800	-0.850547
0.263900	3.548830
0.264000	-0.361727
0.264100	-1.828190
0.264200	-2.317010
0.264300	-4.272290
0.264400	-6.227570
0.264500	-0.361727
0.264600	1.593550
0.264700	-2.317010
0.264800	7.459390
0.264900	10.392300
0.265000	-2.317010
0.265100	-4.761110
0.265200	-0.361727
0.265300	-2.317010
0.265400	-5.738750
0.265500	-2.805830
0.265600	3.548830
0.265700	1.593550
0.265800	1.593550
0.265900	8.437030
0.266000	8.925850
0.266100	0.615913
0.266200	-0.361727
0.266300	4.526470
0.266400	-1.339370
0.266500	-2.805830
0.266600	4.037650
0.266700	9.414670
0.266800	7.459390
0.266900	2.571190
0.267000	4.037650
0.267100	-0.361727
0.267200	-0.361727
0.267300	5.504110
0.267400	2.082370
0.267500	0.615913
0.267600	4.526470
0.267700	4.037650
0.267800	-0.361727
0.267900	1.104730
0.268000	8.437030
0.268100	9.414670
0.268200	6.481750
0.268300	-0.850547
0.268400	-0.361727
0.268500	1.593550
0.268600	-1.828190
0.268700	3.548830
0.268800	7.459390
0.268900	-1.339370
0.269000	-1.339370
0.269100	5.015290
0.269200	-0.361727
0.269300	0.615913
0.269400	5.504110
0.269500	4.526470
0.269600	5.015290
0.269700	5.504110
0.269800	6.481750
0.269900	2.571190
0.270000	-0.361727
0.270100	0.615913
0.270200	-0.361727
0.270300	-1.339370
0.270400	2.082370
0.270500	7.459390
0.270600	6.481750
0.270700	-0.361727
0.270800	-4.272290
0.270900	-4.272290
0.271000	1.104730
0.271100	6.481750
0.271200	7.459390
0.271300	6.481750
0.271400	3.548830
0.271500	-4.272290
0.271600	-4.272290
0.271700	1.104730
0.271800	7.459390
0.271900	5.504110
0.272000	1.593550
0.272100	-0.850547
0.272200	-0.361727
0.272300	1.593550
0.272400	3.548830
0.272500	5.992930
0.272600	2.082370
0.272700	1.593550
0.272800	2.571190
0.272900	1.593550
0.273000	-4.272290
0.273100	-0.361727
0.273200	4.526470
0.273300	1.593550
0.273400	0.615913
0.273500	4.526470
0.273600	5.992930
0.273700	2.571190
0.273800	-1.339370
0.273900	3.548830
0.274000	7.459390
0.274100	3.060010
0.274200	2.082370
0.274300	3.548830
0.274400	3.548830
0.274500	3.548830
0.274600	0.615913
0.274700	2.571190
0.274800	1.593550
0.274900	5.504110
0.275000	5.504110
0.275100	3.548830
0.275200	1.593550
0.275300	-3.294650
0.275400	-2.317010
0.275500	-0.361727
0.275600	-0.850547
0.275700	-2.317010
0.275800	-4.272290
0.275900	2.571190
0.276000	7.459390
0.276100	0.615913
0.276200	-3.294650
0.276300	-0.361727
0.276400	4.526470
0.276500	4.526470
0.276600	-0.850547
0.276700	1.593550
0.276800	1.593550
0.276900	1.593550
0.277000	6.481750
0.277100	5.504110
0.277200	1.593550
0.277300	5.015290
0.277400	-0.361727
0.277500	-5.738750
0.277600	2.571190
0.277700	6.970570
0.277800	5.015290
0.277900	6.481750
0.278000	5.504110
0.278100	1.593550
0.278200	1.104730
0.278300	4.526470
0.278400	-0.361727
0.278500	-1.339370
0.278600	1.593550
0.278700	7.459390
0.278800	4.526470
0.278900	-1.339370
0.279000	-1.828190
0.279100	-4.272290
0.279200	-4.272290
0.279300	-0.361727
0.279400	-2.317010
0.279500	0.615913
0.279600	3.060010
0.279700	3.548830
0.279800	5.504110
0.279900	3.548830
0.280000	3.060010
0.280100	1.593550
0.280200	5.015290
0.280300	6.970570
0.280400	3.060010
0.280500	2.571190
0.280600	3.548830
0.280700	5.504110
0.280800	1.593550
0.280900	-0.850547
0.281000	1.593550
0.281100	4.526470
0.281200	3.548830
0.281300	6.481750
0.281400	2.082370
0.281500	-0.361727
0.281600	2.571190
0.281700	2.082370
0.281800	0.127093
0.281900	4.526470
0.282000	10.881100
0.282100	8.925850
0.282200	2.571190
0.282300	4.526470
0.282400	5.504110
0.282500	-1.339370
0.282600	-5.738750
0.282700	-2.317010
0.282800	0.615913
0.282900	-1.339370
0.283000	-4.272290
0.283100	3.060010
0.283200	3.548830
0.283300	-4.272290
0.283400	-2.317010
0.283500	-0.361727
0.283600	-0.361727
0.283700	2.082370
0.283800	6.481750
0.283900	7.459390
0.284000	5.015290
0.284100	5.015290
0.284200	3.548830
0.284300	1.593550
0.284400	1.593550
0.284500	5.504110
0.284600	4.526470
0.284700	1.593550
0.284800	3.060010
0.284900	4.526470
0.285000	1.104730
0.285100	2.571190
0.285200	3.548830
0.285300	0.615913
0.285400	1.593550
0.285500	4.037650
0.285600	4.037650
0.285700	1.593550
0.285800	3.548830
0.285900	0.615913
0.286000	-1.339370
0.286100	1.593550
0.286200	8.437030
0.286300	9.414670
0.286400	5.504110
0.286500	-1.339370
0.286600	-0.361727
0.286700	-0.361727
0.286800	-0.361727
0.286900	3.548830
0.287000	2.571190
0.287100	3.548830
0.287200	3.548830
0.287300	2.571190
0.287400	3.548830
0.287500	4.526470
0.287600	0.615913
0.287700	-1.828190
0.287800	-0.361727
0.287900	1.593550
0.288000	-0.361727
0.288100	-4.272290
0.288200	-0.361727
0.288300	5.504110
0.288400	1.593550
0.288500	-1.828190
0.288600	-1.339370
0.288700	-0.361727
0.288800	-1.339370
0.288900	-0.361727
0.289000	2.571190
0.289100	5.992930
0.289200	1.593550
0.289300	1.104730
0.289400	-0.361727
0.289500	0.615913
0.289600	6.481750
0.289700	9.414670
0.289800	5.504110
0.289900	4.526470
0.290000	4.526470
0.290100	0.615913
0.290200	-0.361727
0.290300	5.015290
0.290400	1.593550
0.290500	0.127093
0.290600	-0.361727
0.290700	1.593550
0.290800	0.615913
0.290900	1.593550
0.291000	0.615913
0.291100	-0.361727
0.291200	0.615913
0.291300	5.504110
0.291400	5.504110
0.291500	0.615913
0.291600	-4.272290
0.291700	-2.317010
0.291800	-0.361727
0.291900	2.571190
0.292000	5.504110
0.292100	1.593550
0.292200	3.060010
0.292300	6.481750
0.292400	3.548830
0.292500	3.548830
0.292600	1.593550
0.292700	1.593550
0.292800	-0.361727
0.292900	-4.272290
0.293000	-0.361727
0.293100	5.015290
0.293200	6.481750
0.293300	5.504110
0.293400	7.459390
0.293500	4.037650
0.293600	3.060010
0.293700	3.060010
0.293800	1.593550
0.293900	1.593550
0.294000	1.593550
0.294100	2.571190
0.294200	2.571190
0.294300	0.615913
0.294400	3.548830
0.294500	4.526470
0.294600	2.571190
0.294700	3.548830
0.294800	6.481750
0.294900	2.571190
0.295000	0.615913
0.295100	5.015290
0.295200	5.504110
0.295300	2.571190
0.295400	0.615913
0.295500	1.593550
0.295600	0.127093
0.295700	-2.317010
0.295800	1.593550
0.295900	3.060010
0.296000	-3.294650
0.296100	-4.272290
0.296200	-0.361727
0.296300	1.104730
0.296400	-0.361727
0.296500	0.615913
0.296600	2.571190
0.296700	-0.361727
0.296800	-3.294650
0.296900	1.593550
0.297000	3.548830
0.297100	-0.361727
0.297200	-1.828190
0.297300	-5.738750
0.297400	-4.272290
0.297500	1.593550
0.297600	-0.361727
0.297700	1.104730
0.297800	7.459390
0.297900	7.459390
0.298000	4.037650
0.298100	-0.361727
0.298200	5.504110
0.298300	2.082370
0.298400	2.571190
0.298500	3.548830
0.298600	-0.361727
0.298700	-5.738750
0.298800	-2.317010
0.298900	10.881100
0.299000	9.903490
0.299100	-0.850547
0.299200	-0.361727
0.299300	3.548830
0.299400	-0.361727
0.299500	-1.339370
0.299600	3.548830
0.299700	2.571190
0.299800	-0.361727
0.299900	0.615913
