-0.050000	-1.335460
-0.049900	0.602329
-0.049800	-0.366565
-0.049700	-1.335460
-0.049600	-1.335460
-0.049500	-2.304350
-0.049400	-1.335460
-0.049300	-4.726590
-0.049200	-1.335460
-0.049100	-1.335460
-0.049000	-3.273250
-0.048900	-5.211030
-0.048800	-0.366565
-0.048700	-0.851012
-0.048600	-2.788800
-0.048500	-2.304350
-0.048400	-6.179930
-0.048300	-4.242140
-0.048200	2.540120
-0.048100	-1.335460
-0.048000	-3.273250
-0.047900	-1.335460
-0.047800	-0.366565
-0.047700	-7.148820
-0.047600	-4.242140
-0.047500	-0.851012
-0.047400	0.602329
-0.047300	-0.851012
-0.047200	-3.273250
-0.047100	-3.273250
-0.047000	-1.335460
-0.046900	-1.819910
-0.046800	-2.304350
-0.046700	-7.148820
-0.046600	-5.211030
-0.046500	0.602329
-0.046400	-5.211030
-0.046300	-8.602160
-0.046200	-6.664380
-0.046100	-2.304350
-0.046000	-1.335460
-0.045900	-4.726590
-0.045800	-4.242140
-0.045700	-1.335460
-0.045600	0.602329
-0.045500	-5.211030
-0.045400	-6.664380
-0.045300	-6.179930
-0.045200	-1.335460
-0.045100	-0.366565
-0.045000	0.602329
-0.044900	-0.366565
-0.044800	0.602329
-0.044700	0.117882
-0.044600	0.602329
-0.044500	-3.273250
-0.044400	-5.211030
-0.044300	0.602329
-0.044200	0.602329
-0.044100	-0.366565
-0.044000	-3.273250
-0.043900	-2.304350
-0.043800	-2.304350
-0.043700	-0.851012
-0.043600	1.571220
-0.043500	0.602329
-0.043400	0.602329
-0.043300	-0.366565
-0.043200	-3.273250
-0.043100	-4.726590
-0.043000	0.602329
-0.042900	-1.335460
-0.042800	-2.304350
-0.042700	-2.788800
-0.042600	-6.179930
-0.042500	-9.086610
-0.042400	-7.148820
-0.042300	-3.273250
-0.042200	-3.273250
-0.042100	-6.179930
-0.042000	-3.273250
-0.041900	-2.788800
-0.041800	-3.273250
-0.041700	-4.242140
-0.041600	-5.211030
-0.041500	-5.211030
-0.041400	-1.335460
-0.041300	-0.366565
-0.041200	-5.211030
-0.041100	-4.242140
-0.041000	-0.366565
-0.040900	-0.366565
-0.040800	-2.788800
-0.040700	-0.851012
-0.040600	-1.335460
-0.040500	-4.726590
-0.040400	-5.695480
-0.040300	-1.335460
-0.040200	0.602329
-0.040100	-4.242140
-0.040000	-3.273250
-0.039900	-2.304350
-0.039800	-6.179930
-0.039700	-3.273250
-0.039600	-2.304350
-0.039500	-2.304350
-0.039400	-6.179930
-0.039300	-3.757690
-0.039200	-3.273250
-0.039100	-2.788800
-0.039000	-1.335460
-0.038900	-3.273250
-0.038800	-7.148820
-0.038700	-6.179930
-0.038600	-3.273250
-0.038500	-5.211030
-0.038400	-6.179930
-0.038300	-0.851012
-0.038200	-3.273250
-0.038100	-9.086610
-0.038000	-5.695480
-0.037900	-3.273250
-0.037800	-6.179930
-0.037700	0.602329
-0.037600	1.571220
-0.037500	0.602329
-0.037400	-4.726590
-0.037300	-9.086610
-0.037200	-9.086610
-0.037100	-7.148820
-0.037000	-6.179930
-0.036900	-2.304350
-0.036800	-1.335460
-0.036700	-3.273250
-0.036600	-5.211030
-0.036500	-0.851012
-0.036400	-3.273250
-0.036300	2.540120
-0.036200	3.024560
-0.036100	-1.335460
-0.036000	-1.335460
-0.035900	-1.335460
-0.035800	0.602329
-0.035700	-0.851012
-0.035600	-3.273250
-0.035500	-1.335460
-0.035400	-0.366565
-0.035300	-0.851012
-0.035200	-2.788800
-0.035100	-6.664380
-0.035000	-2.304350
-0.034900	1.571220
-0.034800	6.415690
-0.034700	-4.242140
-0.034600	-8.602160
-0.034500	-5.211030
-0.034400	-1.819910
-0.034300	-2.304350
-0.034200	-1.819910
-0.034100	-3.273250
-0.034000	-2.304350
-0.033900	-2.304350
-0.033800	-1.335460
-0.033700	1.086780
-0.033600	1.571220
-0.033500	-1.335460
-0.033400	-7.148820
-0.033300	-6.179930
-0.033200	2.540120
-0.033100	-1.335460
-0.033000	-7.633270
-0.032900	-4.726590
-0.032800	-2.304350
-0.032700	-1.335460
-0.032600	-1.335460
-0.032500	-2.304350
-0.032400	-2.788800
-0.032300	0.602329
-0.032200	1.571220
-0.032100	0.602329
-0.032000	-1.335460
-0.031900	0.602329
-0.031800	-2.304350
-0.031700	0.602329
-0.031600	4.477910
-0.031500	0.117882
-0.031400	-7.633270
-0.031300	-7.148820
-0.031200	0.602329
-0.031100	4.477910
-0.031000	-0.366565
-0.030900	-5.211030
-0.030800	-3.273250
-0.030700	-1.335460
-0.030600	-4.242140
-0.030500	-4.242140
-0.030400	-1.335460
-0.030300	-1.335460
-0.030200	-0.366565
-0.030100	3.509010
-0.030000	3.509010
-0.029900	-0.366565
-0.029800	-2.788800
-0.029700	-3.273250
-0.029600	-3.273250
-0.029500	2.540120
-0.029400	0.602329
-0.029300	1.086780
-0.029200	-1.335460
-0.029100	2.055670
-0.029000	3.509010
-0.028900	-0.851012
-0.028800	-1.335460
-0.028700	-0.366565
-0.028600	1.571220
-0.028500	3.024560
-0.028400	4.962350
-0.028300	1.086780
-0.028200	-3.757690
-0.028100	-2.304350
-0.028000	-2.788800
-0.027900	-2.788800
-0.027800	-0.366565
-0.027700	-2.788800
-0.027600	-3.273250
-0.027500	1.571220
-0.027400	2.540120
-0.027300	-4.242140
-0.027200	-4.242140
-0.027100	0.602329
-0.027000	-3.757690
-0.026900	1.571220
-0.026800	-0.366565
-0.026700	-1.335460
-0.026600	0.602329
-0.026500	0.602329
-0.026400	-1.335460
-0.026300	0.602329
-0.026200	0.602329
-0.026100	-0.366565
-0.026000	-3.273250
-0.025900	-4.242140
-0.025800	-6.179930
-0.025700	1.571220
-0.025600	3.509010
-0.025500	6.415690
-0.025400	1.571220
-0.025300	3.024560
-0.025200	1.571220
-0.025100	-2.304350
-0.025000	-6.179930
-0.024900	-4.242140
-0.024800	-2.788800
-0.024700	-0.366565
-0.024600	1.571220
-0.024500	-1.335460
-0.024400	-1.335460
-0.024300	1.571220
-0.024200	1.086780
-0.024100	-2.304350
-0.024000	-4.726590
-0.023900	-3.273250
-0.023800	-3.273250
-0.023700	0.602329
-0.023600	4.962350
-0.023500	2.055670
-0.023400	-0.366565
-0.023300	-0.851012
-0.023200	0.602329
-0.023100	4.477910
-0.023000	1.571220
-0.022900	-2.788800
-0.022800	-3.273250
-0.022700	-5.211030
-0.022600	-3.273250
-0.022500	-0.366565
-0.022400	1.571220
-0.022300	2.055670
-0.022200	-0.851012
-0.022100	-2.304350
-0.022000	2.540120
-0.021900	14.166800
-0.021800	23.855801
-0.021700	29.669100
-0.021600	18.042400
-0.021500	6.415690
-0.021400	0.602329
-0.021300	1.086780
-0.021200	-1.335460
-0.021100	-4.242140
-0.021000	-1.819910
-0.020900	-4.242140
-0.020800	-0.366565
-0.020700	2.540120
-0.020600	8.353480
-0.020500	5.446800
-0.020400	2.540120
-0.020300	3.509010
-0.020200	5.446800
-0.020100	4.962350
-0.020000	0.117882
-0.019900	-2.304350
-0.019800	0.602329
-0.019700	2.540120
-0.019600	0.602329
-0.019500	-2.788800
-0.019400	-3.273250
-0.019300	-2.304350
-0.019200	-4.242140
-0.019100	-2.788800
-0.019000	1.571220
-0.018900	5.446800
-0.018800	5.446800
-0.018700	4.477910
-0.018600	3.024560
-0.018500	3.509010
-0.018400	2.055670
-0.018300	0.602329
-0.018200	-2.304350
-0.018100	0.602329
-0.018000	0.602329
-0.017900	-1.819910
-0.017800	-1.335460
-0.017700	-0.366565
-0.017600	4.477910
-0.017500	3.024560
-0.017400	0.602329
-0.017300	0.602329
-0.017200	4.477910
-0.017100	6.415690
-0.017000	5.446800
-0.016900	4.477910
-0.016800	1.571220
-0.016700	5.446800
-0.016600	2.540120
-0.016500	0.602329
-0.016400	0.602329
-0.016300	1.571220
-0.016200	-0.851012
-0.016100	-2.304350
-0.016000	-6.179930
-0.015900	-2.304350
-0.015800	3.509010
-0.015700	3.509010
-0.015600	-1.335460
-0.015500	-3.273250
-0.015400	-1.335460
-0.015300	2.540120
-0.015200	1.086780
-0.015100	-3.273250
-0.015000	-2.788800
-0.014900	-2.304350
-0.014800	2.540120
-0.014700	2.540120
-0.014600	0.602329
-0.014500	1.571220
-0.014400	2.540120
-0.014300	0.602329
-0.014200	4.477910
-0.014100	2.540120
-0.014000	2.540120
-0.013900	3.509010
-0.013800	4.477910
-0.013700	-1.335460
-0.013600	-1.335460
-0.013500	2.540120
-0.013400	4.477910
-0.013300	1.571220
-0.013200	-1.335460
-0.013100	3.509010
-0.013000	2.540120
-0.012900	-1.335460
-0.012800	-2.304350
-0.012700	-1.335460
-0.012600	0.602329
-0.012500	0.602329
-0.012400	0.602329
-0.012300	1.571220
-0.012200	0.602329
-0.012100	2.540120
-0.012000	0.602329
-0.011900	3.024560
-0.011800	9.322380
-0.011700	10.291300
-0.011600	2.540120
-0.011500	0.602329
-0.011400	4.962350
-0.011300	7.384590
-0.011200	3.024560
-0.011100	5.446800
-0.011000	3.024560
-0.010900	1.571220
-0.010800	5.446800
-0.010700	4.477910
-0.010600	5.446800
-0.010500	3.509010
-0.010400	3.993460
-0.010300	6.415690
-0.010200	7.384590
-0.010100	3.993460
-0.010000	2.540120
-0.009900	4.477910
-0.009800	7.384590
-0.009700	6.415690
-0.009600	10.291300
-0.009500	8.353480
-0.009400	5.446800
-0.009300	4.477910
-0.009200	0.602329
-0.009100	0.602329
-0.009000	3.024560
-0.008900	0.602329
-0.008800	2.540120
-0.008700	1.571220
-0.008600	2.540120
-0.008500	3.509010
-0.008400	5.446800
-0.008300	3.509010
-0.008200	2.540120
-0.008100	6.415690
-0.008000	8.353480
-0.007900	3.024560
-0.007800	4.477910
-0.007700	3.509010
-0.007600	2.540120
-0.007500	3.509010
-0.007400	4.477910
-0.007300	4.477910
-0.007200	1.571220
-0.007100	-1.335460
-0.007000	0.602329
-0.006900	0.602329
-0.006800	5.446800
-0.006700	5.446800
-0.006600	7.384590
-0.006500	5.446800
-0.006400	4.477910
-0.006300	6.415690
-0.006200	6.415690
-0.006100	2.540120
-0.006000	3.024560
-0.005900	2.055670
-0.005800	0.602329
-0.005700	2.540120
-0.005600	3.024560
-0.005500	1.571220
-0.005400	5.931250
-0.005300	3.993460
-0.005200	2.540120
-0.005100	2.540120
-0.005000	2.540120
-0.004900	0.602329
-0.004800	1.086780
-0.004700	6.415690
-0.004600	8.353480
-0.004500	4.962350
-0.004400	4.477910
-0.004300	6.415690
-0.004200	9.322380
-0.004100	9.322380
-0.004000	9.322380
-0.003900	9.806820
-0.003800	6.900140
-0.003700	0.602329
-0.003600	2.055670
-0.003500	7.384590
-0.003400	3.024560
-0.003300	2.540120
-0.003200	5.446800
-0.003100	5.446800
-0.003000	2.540120
-0.002900	4.477910
-0.002800	10.291300
-0.002700	8.353480
-0.002600	7.384590
-0.002500	6.415690
-0.002400	8.353480
-0.002300	5.446800
-0.002200	4.477910
-0.002100	8.353480
-0.002000	10.291300
-0.001900	8.353480
-0.001800	6.415690
-0.001700	4.477910
-0.001600	8.837930
-0.001500	11.260200
-0.001400	6.415690
-0.001300	5.931250
-0.001200	8.353480
-0.001100	10.291300
-0.001000	8.837930
-0.000900	5.446800
-0.000800	5.446800
-0.000700	8.353480
-0.000600	7.384590
-0.000500	10.291300
-0.000400	8.353480
-0.000300	3.024560
-0.000200	8.353480
-0.000100	10.291300
0.000000	10.291300
0.000100	11.260200
0.000200	11.260200
0.000300	11.260200
0.000400	7.384590
0.000500	10.775700
0.000600	16.104601
0.000700	12.713500
0.000800	6.415690
0.000900	4.477910
0.001000	6.415690
0.001100	14.166800
0.001200	16.589100
0.001300	14.651300
0.001400	5.931250
0.001500	11.260200
0.001600	13.198000
0.001700	6.900140
0.001800	3.024560
0.001900	-5.211030
0.002000	-2.304350
0.002100	3.509010
0.002200	1.086780
0.002300	-6.179930
0.002400	-1.819910
0.002500	4.962350
0.002600	0.602329
0.002700	-11.024400
0.002800	-1.335460
0.002900	3.509010
0.003000	-6.664380
0.003100	-3.273250
0.003200	3.993460
0.003300	13.198000
0.003400	21.917999
0.003500	16.104601
0.003600	13.198000
0.003700	8.353480
0.003800	3.024560
0.003900	1.571220
0.004000	1.571220
0.004100	-6.664380
0.004200	-10.055500
0.004300	0.602329
0.004400	-3.273250
0.004500	-6.179930
0.004600	0.602329
0.004700	8.353480
0.004800	17.558001
0.004900	27.731400
0.005000	21.433599
0.005100	16.104601
0.005200	18.042400
0.005300	19.980200
0.005400	19.011299
0.005500	16.104601
0.005600	20.949100
0.005700	18.526899
0.005800	25.793600
0.005900	33.544701
0.006000	41.295898
0.006100	47.109200
0.006200	54.860401
0.006300	55.829300
0.006400	34.998100
0.006500	21.917999
0.006600	25.793600
0.006700	22.402399
0.006800	17.073500
0.006900	10.291300
0.007000	8.837930
0.007100	10.775700
0.007200	14.166800
0.007300	11.744600
0.007400	7.384590
0.007500	7.384590
0.007600	10.775700
0.007700	2.540120
0.007800	2.540120
0.007900	8.353480
0.008000	7.384590
0.008100	8.353480
0.008200	6.415690
0.008300	4.477910
0.008400	7.384590
0.008500	2.540120
0.008600	3.509010
0.008700	6.900140
0.008800	-0.366565
0.008900	3.024560
0.009000	7.384590
0.009100	2.540120
0.009200	8.353480
0.009300	11.744600
0.009400	0.602329
0.009500	-8.117720
0.009600	2.540120
0.009700	6.415690
0.009800	-3.273250
0.009900	-2.304350
0.010000	-6.664380
0.010100	-14.900000
0.010200	-1.335460
0.010300	6.900140
0.010400	2.540120
0.010500	16.104601
0.010600	41.780300
0.010700	70.362701
0.010800	101.366997
0.010900	138.669998
0.011000	155.625000
0.011100	183.723007
0.011200	238.949997
0.011300	299.990997
0.011400	337.777008
0.011500	386.221985
0.011600	438.541992
0.011700	492.799988
0.011800	543.182983
0.011900	590.174011
0.012000	648.791992
0.012100	713.708008
0.012200	743.744019
0.012300	751.010986
0.012400	750.526001
0.012500	783.468994
0.012600	870.669006
0.012700	911.846985
0.012800	890.046997
0.012900	864.856018
0.013000	830.460022
0.013100	763.122009
0.013200	642.494995
0.013300	510.725006
0.013400	410.444000
0.013500	321.306000
0.013600	265.595001
0.013700	265.109985
0.013800	275.768005
0.013900	261.234985
0.014000	241.856995
0.014100	230.229996
0.014200	237.011993
0.014300	284.003998
0.014400	370.720001
0.014500	451.138000
0.014600	478.266998
0.014700	450.169006
0.014800	424.977997
0.014900	440.480011
0.015000	481.174011
0.015100	480.204987
0.015200	455.983002
0.015300	434.666992
0.015400	414.320007
0.015500	421.101990
0.015600	448.230988
0.015700	458.889008
0.015800	418.196014
0.015900	351.342010
0.016000	308.710999
0.016100	295.145996
0.016200	295.145996
0.016300	289.333008
0.016400	265.109985
0.016500	252.514999
0.016600	261.234985
0.016700	279.644012
0.016800	312.101990
0.016900	348.434998
0.017000	368.782013
0.017100	390.097992
0.017200	387.191010
0.017300	364.906006
0.017400	362.000000
0.017500	385.252991
0.017600	423.040009
0.017700	464.703003
0.017800	487.471985
0.017900	502.005005
0.018000	525.742981
0.018100	551.903015
0.018200	561.107971
0.018300	564.499023
0.018400	574.187988
0.018500	570.312012
0.018600	560.622986
0.018700	550.934021
0.018800	540.276001
0.018900	512.177979
0.019000	467.609009
0.019100	444.839996
0.019200	464.703003
0.019300	513.146973
0.019400	523.804993
0.019500	495.707001
0.019600	472.454010
0.019700	457.920013
0.019800	440.480011
0.019900	428.368988
0.020000	430.790985
0.020100	450.169006
0.020200	499.583008
0.020300	507.334015
0.020400	465.670990
0.020500	450.653992
0.020600	477.298004
0.020700	490.863007
0.020800	486.018005
0.020900	423.040009
0.021000	233.136993
0.021100	131.403000
0.021200	227.324005
0.021300	249.608002
0.021400	181.300995
0.021500	241.856995
0.021600	508.786987
0.021700	713.708008
0.021800	686.578979
0.021900	653.637024
0.022000	665.747986
0.022100	634.742981
0.022200	590.658997
0.022300	560.138977
0.022400	543.182983
0.022500	566.435974
0.022600	604.223022
0.022700	632.320984
0.022800	644.916992
0.022900	642.494995
0.023000	642.979004
0.023100	628.445984
0.023200	617.302979
0.023300	621.179016
0.023400	621.663025
0.023500	608.098999
0.023600	602.286011
0.023700	619.726013
0.023800	633.289978
0.023900	602.286011
0.024000	555.294006
0.024100	522.351990
0.024200	497.644989
0.024300	475.359985
0.024400	454.528992
0.024500	442.902008
0.024600	448.230988
0.024700	427.885010
0.024800	365.875000
0.024900	338.746002
0.025000	357.154999
0.025100	405.115997
0.025200	465.670990
0.025300	510.725006
0.025400	528.650024
0.025500	524.773987
0.025600	522.835999
0.025700	531.556030
0.025800	535.432007
0.025900	523.804993
0.026000	515.568970
0.026100	527.681030
0.026200	558.684998
0.026300	601.317017
0.026400	636.197021
0.026500	661.872009
0.026600	675.921021
0.026700	673.984009
0.026800	672.046021
0.026900	653.637024
0.027000	649.760986
0.027100	647.823975
0.027200	653.637024
0.027300	655.090027
0.027400	649.760986
0.027500	661.872009
0.027600	658.481018
0.027700	624.570007
0.027800	580.000977
0.027900	535.432007
0.028000	498.614014
0.028100	487.955994
0.028200	471.484985
0.028300	456.467010
0.028400	499.583008
0.028500	723.882019
0.028600	897.797974
0.028700	775.718018
0.028800	620.693970
0.028900	580.000977
0.029000	556.747009
0.029100	519.929993
0.029200	508.303009
0.029300	513.632019
0.029400	510.240997
0.029500	493.769012
0.029600	481.657990
0.029700	477.782990
0.029800	461.795990
0.029900	431.760010
0.030000	403.661987
0.030100	378.471008
0.030200	347.466003
0.030300	324.213013
0.030400	300.959015
0.030500	278.674988
0.030600	254.936996
0.030700	230.229996
0.030800	210.852005
0.030900	193.412003
0.031000	182.753998
0.031100	172.097000
0.031200	159.016006
0.031300	132.371994
0.031400	109.117996
0.031500	103.305000
0.031600	105.242996
0.031700	110.086998
0.031800	124.621002
0.031900	155.625000
0.032000	172.097000
0.032100	175.003006
0.032200	174.033997
0.032300	178.878998
0.032400	190.505997
0.032500	206.007996
0.032600	201.162994
0.032700	203.100998
0.032800	218.602997
0.032900	229.261002
0.033000	234.106003
0.033100	240.888000
0.033200	240.888000
0.033300	242.341003
0.033400	239.919006
0.033500	222.479004
0.033600	210.852005
0.033700	211.820999
0.033800	218.602997
0.033900	236.044006
0.034000	256.390015
0.034100	256.875000
0.034200	254.453003
0.034300	256.390015
0.034400	254.936996
0.034500	250.576996
0.034600	238.949997
0.034700	237.981003
0.034800	238.949997
0.034900	232.167999
0.035000	223.447998
0.035100	219.572006
0.035200	201.162994
0.035300	175.972000
0.035400	192.927994
0.035500	194.380997
0.035600	177.910004
0.035700	176.940994
0.035800	172.097000
0.035900	161.923004
0.036000	157.563004
0.036100	151.750000
0.036200	160.470001
0.036300	159.501007
0.036400	144.968002
0.036500	120.745003
0.036600	101.366997
0.036700	94.584999
0.036800	93.616203
0.036900	92.647301
0.037000	91.193901
0.037100	80.051598
0.037200	64.064903
0.037300	53.407101
0.037400	50.015900
0.037500	43.233700
0.037600	39.358101
0.037700	41.295898
0.037800	38.389198
0.037900	33.060299
0.038000	21.917999
0.038100	8.353480
0.038200	6.415690
0.038300	4.477910
0.038400	6.415690
0.038500	14.166800
0.038600	23.371300
0.038700	12.713500
0.038800	3.024560
0.038900	1.571220
0.039000	4.477910
0.039100	17.073500
0.039200	23.855801
0.039300	26.278000
0.039400	26.762501
0.039500	20.949100
0.039600	20.949100
0.039700	23.855801
0.039800	27.731400
0.039900	35.482498
0.040000	33.544701
0.040100	35.482498
0.040200	38.873600
0.040300	40.327000
0.040400	46.140301
0.040500	48.078098
0.040600	49.047001
0.040700	46.140301
0.040800	34.513599
0.040900	29.669100
0.041000	31.606899
0.041100	30.153601
0.041200	31.606899
0.041300	34.513599
0.041400	34.513599
0.041500	33.544701
0.041600	27.731400
0.041700	21.917999
0.041800	27.731400
0.041900	31.606899
0.042000	34.513599
0.042100	41.295898
0.042200	41.780300
0.042300	32.575802
0.042400	24.340200
0.042500	17.073500
0.042600	15.135700
0.042700	17.073500
0.042800	19.011299
0.042900	19.980200
0.043000	9.322380
0.043100	-8.117720
0.043200	-14.415500
0.043300	-13.931100
0.043400	-8.117720
0.043500	-7.148820
0.043600	-2.304350
0.043700	-9.086610
0.043800	-21.682199
0.043900	-18.775600
0.044000	-7.148820
0.044100	-0.366565
0.044200	3.509010
0.044300	3.509010
0.044400	-2.304350
0.044500	-13.931100
0.044600	-14.900000
0.044700	-8.602160
0.044800	-1.335460
0.044900	4.477910
0.045000	8.353480
0.045100	7.384590
0.045200	-1.335460
0.045300	-8.602160
0.045400	-3.273250
0.045500	1.086780
0.045600	6.415690
0.045700	8.353480
0.045800	8.353480
0.045900	-7.148820
0.046000	-14.900000
0.046100	-9.086610
0.046200	-2.304350
0.046300	-7.148820
0.046400	-11.024400
0.046500	-7.148820
0.046600	-7.633270
0.046700	-11.024400
0.046800	-14.900000
0.046900	-18.775600
0.047000	-18.291100
0.047100	-14.900000
0.047200	-21.682199
0.047300	-28.948900
0.047400	-34.277901
0.047500	-34.277901
0.047600	-28.464500
0.047700	-22.651100
0.047800	-20.713301
0.047900	-25.557800
0.048000	-34.277901
0.048100	-34.277901
0.048200	-22.651100
0.048300	-18.775600
0.048400	-5.211030
0.048500	65.518204
0.048600	31.606899
0.048700	-144.731995
0.048800	-118.571999
0.048900	-38.153400
0.049000	-41.060101
0.049100	-50.749100
0.049200	-50.749100
0.049300	-39.122299
0.049400	-30.402300
0.049500	-34.277901
0.049600	-36.215599
0.049700	-38.153400
0.049800	-28.464500
0.049900	-11.024400
0.050000	-11.993300
0.050100	-16.837799
0.050200	-20.713301
0.050300	-28.464500
0.050400	-29.433399
0.050500	-22.651100
0.050600	-23.620001
0.050700	-20.713301
0.050800	-24.588900
0.050900	-32.340099
0.051000	-34.277901
0.051100	-38.153400
0.051200	-38.153400
0.051300	-30.402300
0.051400	-32.340099
0.051500	-33.308998
0.051600	-33.793400
0.051700	-34.277901
0.051800	-31.371201
0.051900	-26.526699
0.052000	-25.073400
0.052100	-22.651100
0.052200	-21.682199
0.052300	-26.526699
0.052400	-30.402300
0.052500	-32.824501
0.052600	-27.495600
0.052700	-18.291100
0.052800	-14.900000
0.052900	-16.837799
0.053000	-16.353300
0.053100	-14.900000
0.053200	-16.353300
0.053300	-15.868900
0.053400	-15.868900
0.053500	-14.900000
0.053600	-13.931100
0.053700	-11.024400
0.053800	-12.962200
0.053900	-20.228901
0.054000	-26.526699
0.054100	-30.402300
0.054200	-32.340099
0.054300	-30.402300
0.054400	-30.402300
0.054500	-29.917801
0.054600	-29.433399
0.054700	-33.793400
0.054800	-18.775600
0.054900	-26.526699
0.055000	-117.602997
0.055100	-73.033600
0.055200	14.166800
0.055300	-1.335460
0.055400	-18.775600
0.055500	-7.148820
0.055600	-4.242140
0.055700	-7.148820
0.055800	-10.055500
0.055900	-11.024400
0.056000	-10.055500
0.056100	-12.962200
0.056200	-15.868900
0.056300	-15.868900
0.056400	-14.415500
0.056500	-22.651100
0.056600	-24.588900
0.056700	-18.291100
0.056800	-17.806700
0.056900	-16.837799
0.057000	-14.900000
0.057100	-12.962200
0.057200	-9.086610
0.057300	-6.179930
0.057400	-5.211030
0.057500	-7.148820
0.057600	-10.055500
0.057700	-13.446600
0.057800	-11.993300
0.057900	-9.571060
0.058000	-6.179930
0.058100	-6.179930
0.058200	-4.242140
0.058300	-2.304350
0.058400	-3.273250
0.058500	-7.148820
0.058600	-7.148820
0.058700	-9.571060
0.058800	-12.477700
0.058900	-26.526699
0.059000	-56.562401
0.059100	-81.753700
0.059200	-74.487000
0.059300	-68.189102
0.059400	-69.157997
0.059500	-61.406898
0.059600	-53.655701
0.059700	-53.655701
0.059800	-56.562401
0.059900	-49.780201
0.060000	-44.935699
0.060100	-41.060101
0.060200	-39.606800
0.060300	-36.700100
0.060400	-41.060101
0.060500	-42.028999
0.060600	-43.966801
0.060700	-36.215599
0.060800	-30.402300
0.060900	-32.340099
0.061000	-26.526699
0.061100	-28.464500
0.061200	-28.464500
0.061300	-29.433399
0.061400	-27.495600
0.061500	-30.402300
0.061600	-33.793400
0.061700	-29.917801
0.061800	-20.713301
0.061900	14.651300
0.062000	35.482498
0.062100	23.371300
0.062200	10.775700
0.062300	5.446800
0.062400	4.477910
0.062500	6.415690
0.062600	11.260200
0.062700	6.900140
0.062800	0.602329
0.062900	3.024560
0.063000	3.509010
0.063100	0.602329
0.063200	-3.273250
0.063300	-3.273250
0.063400	-6.179930
0.063500	-10.055500
0.063600	-12.962200
0.063700	-11.993300
0.063800	-10.055500
0.063900	-13.931100
0.064000	-18.775600
0.064100	-21.197800
0.064200	-17.806700
0.064300	-17.806700
0.064400	-16.837799
0.064500	-10.055500
0.064600	-10.055500
0.064700	-13.931100
0.064800	-10.055500
0.064900	-3.273250
0.065000	-8.117720
0.065100	-11.024400
0.065200	-14.900000
0.065300	-14.900000
0.065400	-13.931100
0.065500	-12.962200
0.065600	-16.837799
0.065700	-16.837799
0.065800	-13.931100
0.065900	-13.931100
0.066000	-12.962200
0.066100	-12.962200
0.066200	-16.353300
0.066300	-21.682199
0.066400	-19.744400
0.066500	-17.322201
0.066600	-14.900000
0.066700	-16.353300
0.066800	-17.806700
0.066900	-20.713301
0.067000	-22.651100
0.067100	-22.651100
0.067200	-20.713301
0.067300	-18.775600
0.067400	-19.744400
0.067500	-12.962200
0.067600	-13.931100
0.067700	-14.900000
0.067800	-11.993300
0.067900	-11.024400
0.068000	-11.993300
0.068100	-12.962200
0.068200	-12.962200
0.068300	-13.931100
0.068400	-11.993300
0.068500	-12.477700
0.068600	-16.837799
0.068700	-16.837799
0.068800	-11.508800
0.068900	-7.148820
0.069000	-10.055500
0.069100	-13.931100
0.069200	-20.228901
0.069300	-23.620001
0.069400	-19.744400
0.069500	-15.868900
0.069600	-17.806700
0.069700	-19.744400
0.069800	-17.806700
0.069900	-10.540000
0.070000	-9.086610
0.070100	-13.931100
0.070200	-11.993300
0.070300	-6.179930
0.070400	-7.148820
0.070500	-11.993300
0.070600	-12.962200
0.070700	-12.962200
0.070800	-12.962200
0.070900	-12.962200
0.071000	-18.775600
0.071100	-15.868900
0.071200	-13.931100
0.071300	-18.775600
0.071400	-21.682199
0.071500	-17.806700
0.071600	-18.775600
0.071700	-16.837799
0.071800	-18.775600
0.071900	-19.744400
0.072000	-20.713301
0.072100	-22.651100
0.072200	-18.775600
0.072300	-15.384400
0.072400	-13.931100
0.072500	-14.900000
0.072600	-8.602160
0.072700	-7.148820
0.072800	-6.664380
0.072900	-9.571060
0.073000	-11.024400
0.073100	-4.726590
0.073200	-8.117720
0.073300	-15.868900
0.073400	-7.148820
0.073500	0.602329
0.073600	-6.664380
0.073700	-11.024400
0.073800	-4.726590
0.073900	-5.211030
0.074000	-10.540000
0.074100	-7.148820
0.074200	-3.273250
0.074300	-10.055500
0.074400	-16.837799
0.074500	-21.682199
0.074600	-16.837799
0.074700	-13.931100
0.074800	-16.353300
0.074900	-18.775600
0.075000	-14.415500
0.075100	-10.540000
0.075200	-13.446600
0.075300	-11.024400
0.075400	-8.117720
0.075500	-3.273250
0.075600	-5.211030
0.075700	-1.819910
0.075800	1.571220
0.075900	0.602329
0.076000	0.602329
0.076100	1.571220
0.076200	0.602329
0.076300	-3.273250
0.076400	0.602329
0.076500	2.540120
0.076600	0.602329
0.076700	0.117882
0.076800	-0.366565
0.076900	-3.273250
0.077000	-6.179930
0.077100	-7.148820
0.077200	-7.148820
0.077300	-6.664380
0.077400	-2.788800
0.077500	-1.335460
0.077600	-2.304350
0.077700	-2.788800
0.077800	2.540120
0.077900	1.571220
0.078000	3.024560
0.078100	0.117882
0.078200	4.477910
0.078300	3.509010
0.078400	1.086780
0.078500	3.509010
0.078600	-1.335460
0.078700	-2.304350
0.078800	-0.366565
0.078900	-2.304350
0.079000	-3.273250
0.079100	-9.086610
0.079200	-10.055500
0.079300	-10.055500
0.079400	-11.508800
0.079500	-13.446600
0.079600	-7.148820
0.079700	-7.148820
0.079800	-10.540000
0.079900	-9.086610
0.080000	-7.148820
0.080100	-1.335460
0.080200	1.086780
0.080300	4.477910
0.080400	2.540120
0.080500	4.477910
0.080600	6.415690
0.080700	5.446800
0.080800	1.571220
0.080900	-1.335460
0.081000	4.477910
0.081100	3.993460
0.081200	0.602329
0.081300	2.540120
0.081400	6.415690
0.081500	2.540120
0.081600	-4.726590
0.081700	-7.148820
0.081800	-6.179930
0.081900	-4.242140
0.082000	-7.148820
0.082100	-6.179930
0.082200	-7.148820
0.082300	-11.024400
0.082400	-12.962200
0.082500	-12.477700
0.082600	-7.148820
0.082700	-4.726590
0.082800	-6.179930
0.082900	-9.086610
0.083000	-7.148820
0.083100	-0.366565
0.083200	-2.304350
0.083300	-1.335460
0.083400	4.477910
0.083500	6.415690
0.083600	4.477910
0.083700	2.540120
0.083800	4.477910
0.083900	3.024560
0.084000	4.477910
0.084100	-0.851012
0.084200	-1.335460
0.084300	-0.851012
0.084400	-5.695480
0.084500	-9.086610
0.084600	-5.211030
0.084700	-3.273250
0.084800	-8.602160
0.084900	-10.055500
0.085000	-12.962200
0.085100	-12.962200
0.085200	-16.837799
0.085300	-20.228901
0.085400	-12.962200
0.085500	-7.148820
0.085600	-6.179930
0.085700	-6.179930
0.085800	-7.148820
0.085900	-2.304350
0.086000	-3.273250
0.086100	0.602329
0.086200	-0.366565
0.086300	-5.211030
0.086400	-6.179930
0.086500	-9.086610
0.086600	-11.024400
0.086700	-10.055500
0.086800	-14.900000
0.086900	-14.900000
0.087000	-14.415500
0.087100	-11.993300
0.087200	-16.837799
0.087300	-23.620001
0.087400	-17.322201
0.087500	-12.962200
0.087600	-11.024400
0.087700	-11.993300
0.087800	-14.900000
0.087900	-11.993300
0.088000	-13.931100
0.088100	-13.446600
0.088200	-10.540000
0.088300	-6.179930
0.088400	-3.273250
0.088500	-8.602160
0.088600	-7.148820
0.088700	-7.148820
0.088800	-6.664380
0.088900	-5.211030
0.089000	-8.602160
0.089100	-6.664380
0.089200	-7.148820
0.089300	-11.993300
0.089400	-12.477700
0.089500	-12.962200
0.089600	-13.931100
0.089700	-14.900000
0.089800	-14.900000
0.089900	-14.900000
0.090000	-16.837799
0.090100	-16.837799
0.090200	-16.353300
0.090300	-20.228901
0.090400	-22.651100
0.090500	-20.713301
0.090600	-21.682199
0.090700	-23.620001
0.090800	-18.775600
0.090900	-11.993300
0.091000	-13.446600
0.091100	-10.055500
0.091200	-10.540000
0.091300	-8.602160
0.091400	-6.179930
0.091500	-6.664380
0.091600	-9.086610
0.091700	-12.962200
0.091800	-17.806700
0.091900	-19.744400
0.092000	-17.322201
0.092100	-15.868900
0.092200	-16.353300
0.092300	-22.651100
0.092400	-26.526699
0.092500	-22.651100
0.092600	-18.775600
0.092700	-21.682199
0.092800	-22.166700
0.092900	-17.806700
0.093000	-15.868900
0.093100	-14.900000
0.093200	-10.540000
0.093300	-7.148820
0.093400	-7.148820
0.093500	-9.086610
0.093600	-6.664380
0.093700	-5.211030
0.093800	-10.055500
0.093900	-10.055500
0.094000	-13.931100
0.094100	-14.900000
0.094200	-15.868900
0.094300	-20.228901
0.094400	-18.775600
0.094500	-18.775600
0.094600	-18.775600
0.094700	-22.166700
0.094800	-26.042299
0.094900	-28.948900
0.095000	-25.557800
0.095100	-24.104500
0.095200	-23.620001
0.095300	-22.651100
0.095400	-21.682199
0.095500	-19.744400
0.095600	-19.744400
0.095700	-16.353300
0.095800	-11.993300
0.095900	-10.055500
0.096000	-8.117720
0.096100	-3.273250
0.096200	-5.211030
0.096300	-7.148820
0.096400	-11.024400
0.096500	-12.962200
0.096600	-10.055500
0.096700	-11.024400
0.096800	-13.931100
0.096900	-13.931100
0.097000	-14.900000
0.097100	-13.931100
0.097200	-19.744400
0.097300	-19.744400
0.097400	-17.806700
0.097500	-21.682199
0.097600	-16.837799
0.097700	-14.900000
0.097800	-18.775600
0.097900	-18.775600
0.098000	-14.900000
0.098100	-12.962200
0.098200	-19.260000
0.098300	-15.384400
0.098400	-14.900000
0.098500	-12.962200
0.098600	-11.993300
0.098700	-7.148820
0.098800	-7.148820
0.098900	-11.024400
0.099000	-11.024400
0.099100	-10.055500
0.099200	-12.962200
0.099300	-13.931100
0.099400	-16.353300
0.099500	-18.291100
0.099600	-16.837799
0.099700	-17.806700
0.099800	-17.806700
0.099900	-20.228901
0.100000	-22.651100
0.100100	-17.806700
0.100200	-16.837799
0.100300	-14.900000
0.100400	-6.179930
0.100500	-2.304350
0.100600	-9.086610
0.100700	-6.664380
0.100800	-2.304350
0.100900	-3.273250
0.101000	-2.304350
0.101100	-3.273250
0.101200	-5.211030
0.101300	-1.335460
0.101400	2.540120
0.101500	-0.366565
0.101600	-7.148820
0.101700	-8.117720
0.101800	-9.086610
0.101900	-11.993300
0.102000	-14.900000
0.102100	-15.868900
0.102200	-14.900000
0.102300	-13.446600
0.102400	-14.900000
0.102500	-15.384400
0.102600	-14.900000
0.102700	-12.477700
0.102800	-11.508800
0.102900	-11.024400
0.103000	-13.931100
0.103100	-14.900000
0.103200	-14.900000
0.103300	-7.148820
0.103400	-3.273250
0.103500	-7.148820
0.103600	-8.117720
0.103700	-3.273250
0.103800	-2.304350
0.103900	-6.179930
0.104000	-8.602160
0.104100	-7.633270
0.104200	-3.273250
0.104300	-6.179930
0.104400	-4.726590
0.104500	-7.148820
0.104600	-12.477700
0.104700	-15.868900
0.104800	-16.837799
0.104900	-14.900000
0.105000	-15.868900
0.105100	-14.900000
0.105200	-17.806700
0.105300	-16.353300
0.105400	-13.931100
0.105500	-14.415500
0.105600	-14.900000
0.105700	-11.993300
0.105800	-8.117720
0.105900	-5.211030
0.106000	-2.788800
0.106100	-6.179930
0.106200	-7.148820
0.106300	-9.086610
0.106400	-7.148820
0.106500	-11.024400
0.106600	-11.024400
0.106700	-8.602160
0.106800	-12.962200
0.106900	-16.837799
0.107000	-20.713301
0.107100	-20.228901
0.107200	-16.837799
0.107300	-14.900000
0.107400	-17.806700
0.107500	-18.775600
0.107600	-12.962200
0.107700	-7.148820
0.107800	-11.993300
0.107900	-13.931100
0.108000	-12.962200
0.108100	-7.148820
0.108200	-1.335460
0.108300	-1.335460
0.108400	-0.366565
0.108500	2.540120
0.108600	1.571220
0.108700	-2.304350
0.108800	-6.179930
0.108900	-5.211030
0.109000	-3.273250
0.109100	-7.148820
0.109200	-7.148820
0.109300	-14.415500
0.109400	-18.775600
0.109500	-15.868900
0.109600	-9.086610
0.109700	-11.993300
0.109800	-15.868900
0.109900	-11.993300
0.110000	-10.540000
0.110100	-13.446600
0.110200	-12.962200
0.110300	-14.900000
0.110400	-14.900000
0.110500	-13.931100
0.110600	-10.540000
0.110700	-7.633270
0.110800	-10.055500
0.110900	-3.273250
0.111000	-4.242140
0.111100	-1.335460
0.111200	0.602329
0.111300	2.540120
0.111400	0.602329
0.111500	0.602329
0.111600	-2.788800
0.111700	-5.211030
0.111800	-6.664380
0.111900	-10.055500
0.112000	-8.602160
0.112100	-9.571060
0.112200	-12.962200
0.112300	-11.024400
0.112400	-7.148820
0.112500	-10.055500
0.112600	-17.322201
0.112700	-18.775600
0.112800	-16.353300
0.112900	-15.868900
0.113000	-16.353300
0.113100	-13.446600
0.113200	-6.179930
0.113300	-4.726590
0.113400	-4.242140
0.113500	-5.211030
0.113600	-5.211030
0.113700	-4.242140
0.113800	-0.366565
0.113900	-2.304350
0.114000	-5.211030
0.114100	-7.148820
0.114200	-8.602160
0.114300	-9.086610
0.114400	-12.962200
0.114500	-14.900000
0.114600	-14.900000
0.114700	-19.744400
0.114800	-21.682199
0.114900	-21.682199
0.115000	-16.837799
0.115100	-20.713301
0.115200	-15.868900
0.115300	-16.837799
0.115400	-18.775600
0.115500	-16.353300
0.115600	-7.148820
0.115700	-9.086610
0.115800	-7.148820
0.115900	-5.211030
0.116000	-2.304350
0.116100	-7.148820
0.116200	-13.931100
0.116300	-13.931100
0.116400	-12.962200
0.116500	-14.900000
0.116600	-16.837799
0.116700	-14.900000
0.116800	-9.571060
0.116900	-7.633270
0.117000	-14.900000
0.117100	-18.291100
0.117200	-17.806700
0.117300	-14.900000
0.117400	-14.900000
0.117500	-19.744400
0.117600	-22.651100
0.117700	-22.651100
0.117800	-16.837799
0.117900	-14.900000
0.118000	-13.931100
0.118100	-12.962200
0.118200	-13.931100
0.118300	-12.477700
0.118400	-9.086610
0.118500	-5.211030
0.118600	-1.335460
0.118700	1.571220
0.118800	-1.335460
0.118900	-3.273250
0.119000	-6.179930
0.119100	-8.117720
0.119200	-11.993300
0.119300	-12.962200
0.119400	-14.415500
0.119500	-13.931100
0.119600	-9.086610
0.119700	-11.993300
0.119800	-14.900000
0.119900	-14.900000
0.120000	-15.868900
0.120100	-16.353300
0.120200	-14.415500
0.120300	-14.900000
0.120400	-11.993300
0.120500	-9.086610
0.120600	-6.664380
0.120700	-3.273250
0.120800	-0.366565
0.120900	-3.273250
0.121000	-2.788800
0.121100	-5.211030
0.121200	-6.179930
0.121300	-4.242140
0.121400	-7.148820
0.121500	-7.148820
0.121600	-13.446600
0.121700	-20.228901
0.121800	-14.900000
0.121900	-8.117720
0.122000	-12.477700
0.122100	-14.900000
0.122200	-12.477700
0.122300	-12.962200
0.122400	-11.993300
0.122500	-10.055500
0.122600	-10.055500
0.122700	-11.024400
0.122800	-9.086610
0.122900	-6.664380
0.123000	-8.117720
0.123100	-3.273250
0.123200	-2.304350
0.123300	0.602329
0.123400	-0.851012
0.123500	-4.242140
0.123600	-3.273250
0.123700	0.602329
0.123800	-3.273250
0.123900	-8.602160
0.124000	-7.148820
0.124100	-6.664380
0.124200	-7.148820
0.124300	-10.055500
0.124400	-9.571060
0.124500	-12.477700
0.124600	-12.962200
0.124700	-8.602160
0.124800	-7.148820
0.124900	-11.024400
0.125000	-9.086610
0.125100	-11.024400
0.125200	-10.540000
0.125300	-10.055500
0.125400	-11.993300
0.125500	-9.086610
0.125600	-11.993300
0.125700	-9.086610
0.125800	-7.148820
0.125900	-9.086610
0.126000	-8.602160
0.126100	-4.726590
0.126200	-5.211030
0.126300	-9.086610
0.126400	-5.695480
0.126500	-2.304350
0.126600	-7.148820
0.126700	-11.993300
0.126800	-15.868900
0.126900	-7.148820
0.127000	-7.148820
0.127100	-12.962200
0.127200	-11.024400
0.127300	-10.540000
0.127400	-13.931100
0.127500	-11.024400
0.127600	-10.055500
0.127700	-9.571060
0.127800	-10.540000
0.127900	-10.540000
0.128000	-4.242140
0.128100	-5.211030
0.128200	-5.211030
0.128300	-1.335460
0.128400	3.509010
0.128500	1.086780
0.128600	-0.366565
0.128700	-0.366565
0.128800	-0.366565
0.128900	-3.273250
0.129000	2.540120
0.129100	-6.179930
0.129200	-9.571060
0.129300	-9.086610
0.129400	-8.117720
0.129500	-8.117720
0.129600	-7.148820
0.129700	-8.117720
0.129800	-8.117720
0.129900	-2.304350
0.130000	-3.273250
0.130100	-6.179930
0.130200	-2.788800
0.130300	-3.273250
0.130400	-2.304350
0.130500	-2.304350
0.130600	-5.211030
0.130700	-5.211030
0.130800	-5.211030
0.130900	-13.931100
0.131000	-13.446600
0.131100	-9.086610
0.131200	-10.055500
0.131300	-9.086610
0.131400	-6.179930
0.131500	-7.148820
0.131600	-4.242140
0.131700	-2.304350
0.131800	-6.179930
0.131900	-8.117720
0.132000	-5.211030
0.132100	-5.211030
0.132200	-6.179930
0.132300	-5.211030
0.132400	-10.055500
0.132500	-10.055500
0.132600	-6.179930
0.132700	-0.851012
0.132800	-3.273250
0.132900	-3.273250
0.133000	-2.304350
0.133100	-8.117720
0.133200	-8.602160
0.133300	-7.148820
0.133400	-3.273250
0.133500	-5.695480
0.133600	-6.179930
0.133700	-5.211030
0.133800	-1.335460
0.133900	-8.117720
0.134000	-11.993300
0.134100	-7.148820
0.134200	-10.540000
0.134300	-14.900000
0.134400	-10.540000
0.134500	-3.273250
0.134600	-7.148820
0.134700	-11.024400
0.134800	-8.602160
0.134900	-4.726590
0.135000	-5.211030
0.135100	-9.086610
0.135200	-10.540000
0.135300	-6.179930
0.135400	-6.179930
0.135500	-6.179930
0.135600	-4.242140
0.135700	-6.179930
0.135800	-8.117720
0.135900	-10.540000
0.136000	-10.540000
0.136100	-8.117720
0.136200	-7.148820
0.136300	-6.179930
0.136400	-8.117720
0.136500	-7.148820
0.136600	-4.726590
0.136700	-5.211030
0.136800	-7.148820
0.136900	-9.086610
0.137000	-12.962200
0.137100	-8.602160
0.137200	-6.664380
0.137300	-7.633270
0.137400	-7.148820
0.137500	-11.993300
0.137600	-11.024400
0.137700	-6.179930
0.137800	-7.148820
0.137900	-9.086610
0.138000	-9.086610
0.138100	-10.540000
0.138200	-8.602160
0.138300	-8.602160
0.138400	-4.242140
0.138500	-1.335460
0.138600	-6.179930
0.138700	-10.540000
0.138800	-8.117720
0.138900	-5.695480
0.139000	-9.571060
0.139100	-8.602160
0.139200	-5.695480
0.139300	-4.726590
0.139400	-7.148820
0.139500	-7.148820
0.139600	-7.148820
0.139700	-7.633270
0.139800	-10.055500
0.139900	-7.148820
0.140000	-1.335460
0.140100	-1.335460
0.140200	-3.273250
0.140300	-6.664380
0.140400	-6.664380
0.140500	-10.540000
0.140600	-13.931100
0.140700	-11.024400
0.140800	-9.086610
0.140900	-4.726590
0.141000	-3.273250
0.141100	-7.148820
0.141200	-8.117720
0.141300	-8.602160
0.141400	-8.602160
0.141500	-8.602160
0.141600	-10.055500
0.141700	-10.540000
0.141800	-9.086610
0.141900	-5.211030
0.142000	-4.242140
0.142100	-7.148820
0.142200	-5.211030
0.142300	-3.273250
0.142400	-3.273250
0.142500	-2.788800
0.142600	-3.273250
0.142700	-5.211030
0.142800	-5.211030
0.142900	-7.148820
0.143000	-7.148820
0.143100	-5.211030
0.143200	-7.148820
0.143300	-7.633270
0.143400	-3.273250
0.143500	-3.273250
0.143600	-6.179930
0.143700	-7.148820
0.143800	-9.086610
0.143900	-11.024400
0.144000	-6.664380
0.144100	-8.117720
0.144200	-8.117720
0.144300	-6.664380
0.144400	-6.664380
0.144500	-8.602160
0.144600	-8.117720
0.144700	-7.148820
0.144800	-7.148820
0.144900	-7.148820
0.145000	-10.055500
0.145100	-6.664380
0.145200	-7.148820
0.145300	-5.211030
0.145400	-5.211030
0.145500	-5.211030
0.145600	-4.726590
0.145700	-2.788800
0.145800	-3.273250
0.145900	-6.179930
0.146000	-4.242140
0.146100	-5.211030
0.146200	-10.055500
0.146300	-11.024400
0.146400	-8.117720
0.146500	-5.211030
0.146600	-5.211030
0.146700	-5.695480
0.146800	-3.273250
0.146900	-10.055500
0.147000	-11.024400
0.147100	-6.664380
0.147200	-2.304350
0.147300	-6.664380
0.147400	-9.086610
0.147500	-6.179930
0.147600	-5.211030
0.147700	-5.211030
0.147800	-5.211030
0.147900	-8.117720
0.148000	-11.024400
0.148100	-6.179930
0.148200	-3.273250
0.148300	-8.117720
0.148400	-7.148820
0.148500	-3.273250
0.148600	-5.695480
0.148700	-7.148820
0.148800	-5.211030
0.148900	-2.788800
0.149000	-6.179930
0.149100	-7.148820
0.149200	-7.148820
0.149300	-5.695480
0.149400	-5.211030
0.149500	-6.664380
0.149600	-9.086610
0.149700	-8.602160
0.149800	-5.211030
0.149900	-3.273250
0.150000	-7.633270
0.150100	-7.148820
0.150200	-7.148820
0.150300	-3.273250
0.150400	-6.664380
0.150500	-6.179930
0.150600	-3.273250
0.150700	-6.179930
0.150800	-2.304350
0.150900	-2.788800
0.151000	-6.179930
0.151100	-3.273250
0.151200	-5.211030
0.151300	-7.148820
0.151400	-3.273250
0.151500	-3.273250
0.151600	-3.273250
0.151700	-3.273250
0.151800	-7.148820
0.151900	-6.179930
0.152000	-5.211030
0.152100	-6.179930
0.152200	-9.086610
0.152300	-6.664380
0.152400	-5.211030
0.152500	-7.148820
0.152600	-4.242140
0.152700	0.602329
0.152800	-1.819910
0.152900	-8.602160
0.153000	0.602329
0.153100	-1.335460
0.153200	-1.335460
0.153300	-2.304350
0.153400	-8.117720
0.153500	-7.148820
0.153600	-1.335460
0.153700	-6.179930
0.153800	-8.602160
0.153900	-3.273250
0.154000	-4.242140
0.154100	-10.055500
0.154200	-7.148820
0.154300	-1.335460
0.154400	-3.273250
0.154500	-7.148820
0.154600	-3.273250
0.154700	-1.335460
0.154800	-4.726590
0.154900	-4.726590
0.155000	-3.273250
0.155100	-4.242140
0.155200	-2.788800
0.155300	-1.819910
0.155400	-4.726590
0.155500	-7.148820
0.155600	-9.086610
0.155700	-6.179930
0.155800	-6.179930
0.155900	-8.602160
0.156000	-7.148820
0.156100	-2.304350
0.156200	-3.273250
0.156300	-2.304350
0.156400	-7.148820
0.156500	-9.086610
0.156600	-3.273250
0.156700	-7.148820
0.156800	-5.211030
0.156900	-2.788800
0.157000	-5.211030
0.157100	-6.179930
0.157200	-4.726590
0.157300	-2.304350
0.157400	-7.148820
0.157500	-5.211030
0.157600	-6.664380
0.157700	-2.304350
0.157800	-1.335460
0.157900	-3.273250
0.158000	-8.117720
0.158100	-8.602160
0.158200	-6.179930
0.158300	-9.086610
0.158400	-10.540000
0.158500	-10.540000
0.158600	-10.540000
0.158700	-7.148820
0.158800	-5.211030
0.158900	-5.695480
0.159000	-4.726590
0.159100	-10.055500
0.159200	-10.055500
0.159300	-5.695480
0.159400	-6.179930
0.159500	-9.086610
0.159600	-7.633270
0.159700	-7.148820
0.159800	-7.148820
0.159900	-4.242140
0.160000	-2.304350
0.160100	-6.179930
0.160200	-3.273250
0.160300	-6.179930
0.160400	-9.086610
0.160500	-7.148820
0.160600	-4.726590
0.160700	-3.273250
0.160800	-2.788800
0.160900	-7.148820
0.161000	-3.273250
0.161100	-4.242140
0.161200	-6.179930
0.161300	-6.179930
0.161400	-6.179930
0.161500	-5.211030
0.161600	-6.179930
0.161700	-8.117720
0.161800	-7.148820
0.161900	-6.664380
0.162000	-6.179930
0.162100	-4.726590
0.162200	-4.242140
0.162300	-9.086610
0.162400	-11.024400
0.162500	-4.726590
0.162600	0.602329
0.162700	-7.148820
0.162800	-7.148820
0.162900	-6.179930
0.163000	-10.055500
0.163100	-9.086610
0.163200	-7.148820
0.163300	-7.148820
0.163400	-0.366565
0.163500	-1.335460
0.163600	-2.304350
0.163700	-7.148820
0.163800	-10.055500
0.163900	-7.633270
0.164000	-5.695480
0.164100	-8.117720
0.164200	-5.211030
0.164300	-6.179930
0.164400	-8.117720
0.164500	-3.273250
0.164600	-3.273250
0.164700	-4.726590
0.164800	-6.179930
0.164900	-7.633270
0.165000	-7.148820
0.165100	-5.695480
0.165200	-3.273250
0.165300	-7.148820
0.165400	-9.086610
0.165500	-5.695480
0.165600	-6.179930
0.165700	-7.148820
0.165800	-7.148820
0.165900	-8.117720
0.166000	-6.664380
0.166100	-2.788800
0.166200	-0.366565
0.166300	-5.211030
0.166400	-7.148820
0.166500	-0.366565
0.166600	-1.335460
0.166700	-5.695480
0.166800	-6.179930
0.166900	-0.366565
0.167000	-3.273250
0.167100	-5.211030
0.167200	-7.148820
0.167300	-7.148820
0.167400	-6.179930
0.167500	-8.602160
0.167600	-9.086610
0.167700	-7.148820
0.167800	-7.148820
0.167900	-4.242140
0.168000	-2.304350
0.168100	-6.179930
0.168200	-7.148820
0.168300	-7.148820
0.168400	-10.055500
0.168500	-12.477700
0.168600	-7.148820
0.168700	-6.179930
0.168800	-5.211030
0.168900	-8.117720
0.169000	-11.024400
0.169100	-5.695480
0.169200	-5.211030
0.169300	-7.148820
0.169400	-7.148820
0.169500	-7.148820
0.169600	-8.117720
0.169700	-10.055500
0.169800	-10.055500
0.169900	-7.633270
0.170000	-7.148820
0.170100	-7.148820
0.170200	-11.024400
0.170300	-7.148820
0.170400	-7.148820
0.170500	-9.086610
0.170600	-7.148820
0.170700	-9.086610
0.170800	-11.024400
0.170900	-8.602160
0.171000	-8.117720
0.171100	-6.179930
0.171200	-5.211030
0.171300	-5.211030
0.171400	-4.242140
0.171500	-6.664380
0.171600	-10.540000
0.171700	-8.117720
0.171800	-6.664380
0.171900	-2.304350
0.172000	-7.148820
0.172100	-7.148820
0.172200	-7.148820
0.172300	-11.024400
0.172400	-9.086610
0.172500	-6.179930
0.172600	0.602329
0.172700	-2.304350
0.172800	-7.148820
0.172900	1.086780
0.173000	1.571220
0.173100	-8.117720
0.173200	-11.993300
0.173300	-9.086610
0.173400	-8.602160
0.173500	-9.086610
0.173600	-2.304350
0.173700	-5.211030
0.173800	-7.148820
0.173900	-5.211030
0.174000	-1.335460
0.174100	-0.851012
0.174200	-1.335460
0.174300	-2.304350
0.174400	-5.211030
0.174500	-1.335460
0.174600	-2.304350
0.174700	-8.117720
0.174800	-7.148820
0.174900	-2.788800
0.175000	-6.664380
0.175100	-6.664380
0.175200	-7.148820
0.175300	-11.024400
0.175400	-10.055500
0.175500	-9.086610
0.175600	-7.148820
0.175700	-8.602160
0.175800	-10.055500
0.175900	-4.242140
0.176000	-5.211030
0.176100	-3.273250
0.176200	-3.273250
0.176300	-7.633270
0.176400	-7.148820
0.176500	-4.726590
0.176600	-5.695480
0.176700	-8.117720
0.176800	-8.117720
0.176900	-1.335460
0.177000	-4.242140
0.177100	-3.273250
0.177200	-6.179930
0.177300	-7.148820
0.177400	-9.086610
0.177500	-7.148820
0.177600	-5.211030
0.177700	-5.211030
0.177800	-6.664380
0.177900	-3.273250
0.178000	-6.664380
0.178100	-8.117720
0.178200	-3.273250
0.178300	-2.304350
0.178400	-4.242140
0.178500	-2.788800
0.178600	-6.179930
0.178700	-5.211030
0.178800	-4.242140
0.178900	-4.242140
0.179000	-4.242140
0.179100	-5.211030
0.179200	-8.117720
0.179300	-4.726590
0.179400	-4.242140
0.179500	-3.273250
0.179600	-5.211030
0.179700	-7.148820
0.179800	-10.055500
0.179900	-8.117720
0.180000	-3.273250
0.180100	-7.148820
0.180200	-5.211030
0.180300	-1.335460
0.180400	-2.304350
0.180500	-1.335460
0.180600	-2.304350
0.180700	-7.148820
0.180800	-6.179930
0.180900	0.602329
0.181000	0.602329
0.181100	-1.335460
0.181200	-6.664380
0.181300	-7.148820
0.181400	-4.242140
0.181500	-6.179930
0.181600	-9.086610
0.181700	-3.273250
0.181800	0.602329
0.181900	-5.211030
0.182000	-6.179930
0.182100	-2.304350
0.182200	-5.211030
0.182300	-4.242140
0.182400	-7.148820
0.182500	-6.664380
0.182600	-6.664380
0.182700	-7.148820
0.182800	-3.273250
0.182900	-3.273250
0.183000	-2.304350
0.183100	-1.335460
0.183200	-7.148820
0.183300	-9.571060
0.183400	-10.055500
0.183500	-7.148820
0.183600	-6.179930
0.183700	-3.273250
0.183800	-7.148820
0.183900	-3.273250
0.184000	0.117882
0.184100	-5.211030
0.184200	-9.086610
0.184300	-11.993300
0.184400	-8.117720
0.184500	-5.211030
0.184600	-1.335460
0.184700	0.602329
0.184800	-2.304350
0.184900	-3.273250
0.185000	-2.304350
0.185100	-3.273250
0.185200	-7.148820
0.185300	-3.273250
0.185400	-3.273250
0.185500	-6.179930
0.185600	-5.211030
0.185700	-6.179930
0.185800	-7.148820
0.185900	-5.211030
0.186000	-1.335460
0.186100	-5.695480
0.186200	-7.148820
0.186300	-7.148820
0.186400	-3.273250
0.186500	-3.273250
0.186600	-6.179930
0.186700	-7.148820
0.186800	-4.242140
0.186900	-5.211030
0.187000	-6.664380
0.187100	-8.117720
0.187200	-3.273250
0.187300	1.571220
0.187400	-3.273250
0.187500	-6.179930
0.187600	-4.242140
0.187700	-1.335460
0.187800	-2.788800
0.187900	-3.273250
0.188000	-5.211030
0.188100	-9.086610
0.188200	-9.086610
0.188300	-10.055500
0.188400	-8.602160
0.188500	-3.273250
0.188600	-7.148820
0.188700	-10.055500
0.188800	-7.148820
0.188900	0.602329
0.189000	-3.273250
0.189100	-9.086610
0.189200	-5.211030
0.189300	-4.242140
0.189400	-7.148820
0.189500	-8.117720
0.189600	-7.148820
0.189700	-7.148820
0.189800	-7.148820
0.189900	-3.273250
0.190000	-3.273250
0.190100	-6.179930
0.190200	-7.148820
0.190300	-5.211030
0.190400	-5.211030
0.190500	0.602329
0.190600	-1.335460
0.190700	-5.695480
0.190800	-3.273250
0.190900	-2.788800
0.191000	-5.211030
0.191100	-8.602160
0.191200	-3.273250
0.191300	-0.851012
0.191400	-5.211030
0.191500	-6.179930
0.191600	-2.788800
0.191700	-2.788800
0.191800	-2.788800
0.191900	-5.211030
0.192000	-11.024400
0.192100	-5.211030
0.192200	-3.273250
0.192300	-6.664380
0.192400	-2.304350
0.192500	1.571220
0.192600	-3.273250
0.192700	-9.086610
0.192800	-7.633270
0.192900	-8.117720
0.193000	-8.117720
0.193100	-7.148820
0.193200	-1.335460
0.193300	1.571220
0.193400	-1.335460
0.193500	-7.148820
0.193600	-10.540000
0.193700	-10.055500
0.193800	-1.335460
0.193900	-3.273250
0.194000	-3.273250
0.194100	0.602329
0.194200	-0.366565
0.194300	-5.211030
0.194400	-7.148820
0.194500	-8.117720
0.194600	-4.242140
0.194700	-1.335460
0.194800	-0.366565
0.194900	-2.304350
0.195000	-9.086610
0.195100	-6.179930
0.195200	-7.148820
0.195300	-6.179930
0.195400	-6.179930
0.195500	-2.788800
0.195600	-0.851012
0.195700	-7.148820
0.195800	-9.571060
0.195900	-7.148820
0.196000	-4.242140
0.196100	-2.304350
0.196200	-2.304350
0.196300	-5.211030
0.196400	-5.211030
0.196500	-3.273250
0.196600	-2.304350
0.196700	-2.304350
0.196800	-5.211030
0.196900	-10.055500
0.197000	-13.446600
0.197100	-7.148820
0.197200	-6.179930
0.197300	-11.993300
0.197400	-12.962200
0.197500	-5.211030
0.197600	-2.304350
0.197700	-7.148820
0.197800	-7.148820
0.197900	-3.757690
0.198000	-3.273250
0.198100	-9.571060
0.198200	-4.242140
0.198300	1.086780
0.198400	-3.273250
0.198500	-6.179930
0.198600	-3.273250
0.198700	-9.086610
0.198800	-9.086610
0.198900	-4.242140
0.199000	-7.148820
0.199100	-10.055500
0.199200	-5.211030
0.199300	-3.273250
0.199400	-5.211030
0.199500	-7.148820
0.199600	-8.117720
0.199700	-5.211030
0.199800	-7.148820
0.199900	-6.664380
0.200000	-5.695480
0.200100	-5.695480
0.200200	-3.273250
0.200300	-4.726590
0.200400	-6.664380
0.200500	-3.273250
0.200600	-2.788800
0.200700	-6.179930
0.200800	-7.148820
0.200900	-2.304350
0.201000	-5.211030
0.201100	-3.273250
0.201200	-5.211030
0.201300	-7.148820
0.201400	0.602329
0.201500	3.024560
0.201600	-1.335460
0.201700	-2.304350
0.201800	-1.335460
0.201900	-2.788800
0.202000	-7.148820
0.202100	-4.726590
0.202200	-3.273250
0.202300	-4.726590
0.202400	-5.211030
0.202500	-7.148820
0.202600	-9.571060
0.202700	-9.086610
0.202800	1.086780
0.202900	2.540120
0.203000	-5.211030
0.203100	-6.664380
0.203200	-5.211030
0.203300	-9.086610
0.203400	-8.117720
0.203500	-4.242140
0.203600	-4.242140
0.203700	-5.211030
0.203800	-3.273250
0.203900	-6.664380
0.204000	-5.211030
0.204100	-3.273250
0.204200	-2.304350
0.204300	-4.242140
0.204400	-6.179930
0.204500	-7.148820
0.204600	-6.179930
0.204700	-0.366565
0.204800	0.602329
0.204900	-2.304350
0.205000	-6.179930
0.205100	-5.695480
0.205200	-7.148820
0.205300	-1.335460
0.205400	-3.273250
0.205500	-6.179930
0.205600	-8.602160
0.205700	-8.117720
0.205800	-5.211030
0.205900	-2.788800
0.206000	-1.335460
0.206100	-5.211030
0.206200	-5.211030
0.206300	-4.242140
0.206400	-8.117720
0.206500	-8.602160
0.206600	-6.179930
0.206700	-2.304350
0.206800	-4.726590
0.206900	-7.148820
0.207000	-7.148820
0.207100	-6.664380
0.207200	-1.335460
0.207300	-0.366565
0.207400	-2.788800
0.207500	-3.273250
0.207600	-2.304350
0.207700	-7.148820
0.207800	-9.086610
0.207900	-8.602160
0.208000	-5.211030
0.208100	-5.211030
0.208200	-7.148820
0.208300	-7.148820
0.208400	-3.273250
0.208500	-3.273250
0.208600	-6.179930
0.208700	-5.695480
0.208800	-1.335460
0.208900	-3.273250
0.209000	-9.086610
0.209100	-7.148820
0.209200	-4.242140
0.209300	-4.242140
0.209400	-3.273250
0.209500	-4.242140
0.209600	-7.148820
0.209700	-4.242140
0.209800	-3.273250
0.209900	-2.304350
0.210000	-0.366565
0.210100	0.602329
0.210200	-0.366565
0.210300	-5.211030
0.210400	-3.273250
0.210500	-5.211030
0.210600	-5.211030
0.210700	-6.179930
0.210800	-5.211030
0.210900	-6.664380
0.211000	-8.602160
0.211100	-6.664380
0.211200	-4.242140
0.211300	-5.211030
0.211400	-2.788800
0.211500	-1.335460
0.211600	-7.148820
0.211700	-11.024400
0.211800	-5.211030
0.211900	-4.726590
0.212000	-9.086610
0.212100	-9.086610
0.212200	-5.211030
0.212300	-2.304350
0.212400	0.602329
0.212500	0.602329
0.212600	-2.304350
0.212700	-6.179930
0.212800	-4.242140
0.212900	1.571220
0.213000	-6.664380
0.213100	-5.211030
0.213200	-3.273250
0.213300	-3.273250
0.213400	-6.179930
0.213500	-6.179930
0.213600	-2.304350
0.213700	0.602329
0.213800	-0.366565
0.213900	0.602329
0.214000	-0.366565
0.214100	-5.211030
0.214200	-8.117720
0.214300	-9.086610
0.214400	-6.179930
0.214500	-5.211030
0.214600	-3.273250
0.214700	-2.304350
0.214800	-0.366565
0.214900	-5.211030
0.215000	-5.211030
0.215100	-6.179930
0.215200	-6.179930
0.215300	-5.211030
0.215400	-6.179930
0.215500	-7.148820
0.215600	-6.179930
0.215700	-4.726590
0.215800	-2.304350
0.215900	-5.211030
0.216000	-7.148820
0.216100	-7.148820
0.216200	-4.242140
0.216300	-1.819910
0.216400	-3.273250
0.216500	-9.086610
0.216600	-7.148820
0.216700	-7.148820
0.216800	-11.024400
0.216900	-6.179930
0.217000	-3.273250
0.217100	-8.117720
0.217200	-7.148820
0.217300	-5.211030
0.217400	-2.788800
0.217500	-1.335460
0.217600	-4.242140
0.217700	-6.179930
0.217800	-1.335460
0.217900	-1.335460
0.218000	-7.148820
0.218100	-10.540000
0.218200	-4.726590
0.218300	-3.273250
0.218400	-6.179930
0.218500	-3.273250
0.218600	-4.242140
0.218700	-6.179930
0.218800	-6.179930
0.218900	-8.117720
0.219000	-7.148820
0.219100	-3.273250
0.219200	-2.304350
0.219300	-4.242140
0.219400	-5.211030
0.219500	-5.211030
0.219600	-4.726590
0.219700	-0.851012
0.219800	2.055670
0.219900	-1.335460
0.220000	-4.242140
0.220100	-5.211030
0.220200	-6.179930
0.220300	-3.273250
0.220400	-6.179930
0.220500	-6.664380
0.220600	-5.211030
0.220700	-3.273250
0.220800	-7.148820
0.220900	-6.664380
0.221000	-6.664380
0.221100	-6.179930
0.221200	-2.788800
0.221300	-3.273250
0.221400	-5.695480
0.221500	-7.148820
0.221600	-3.273250
0.221700	-1.335460
0.221800	0.602329
0.221900	-1.335460
0.222000	-2.304350
0.222100	-2.304350
0.222200	-1.335460
0.222300	-4.726590
0.222400	-10.055500
0.222500	-6.179930
0.222600	-0.366565
0.222700	-2.304350
0.222800	-5.211030
0.222900	-7.148820
0.223000	-5.211030
0.223100	-3.273250
0.223200	-7.148820
0.223300	-8.117720
0.223400	-3.273250
0.223500	-5.695480
0.223600	-6.179930
0.223700	-3.273250
0.223800	-1.819910
0.223900	-1.335460
0.224000	-1.335460
0.224100	-5.695480
0.224200	-2.304350
0.224300	-2.788800
0.224400	-2.788800
0.224500	-3.273250
0.224600	-6.179930
0.224700	-4.242140
0.224800	-6.179930
0.224900	-9.086610
0.225000	-2.788800
0.225100	-0.366565
0.225200	-1.335460
0.225300	-4.242140
0.225400	-2.304350
0.225500	-2.304350
0.225600	-6.179930
0.225700	-2.788800
0.225800	-4.242140
0.225900	-6.179930
0.226000	-2.304350
0.226100	-5.211030
0.226200	-9.086610
0.226300	-5.695480
0.226400	-3.273250
0.226500	-6.179930
0.226600	-9.571060
0.226700	-8.117720
0.226800	-2.788800
0.226900	0.602329
0.227000	-7.148820
0.227100	-4.726590
0.227200	-3.757690
0.227300	-2.788800
0.227400	-1.819910
0.227500	-3.273250
0.227600	-2.788800
0.227700	-3.273250
0.227800	-7.148820
0.227900	-7.148820
0.228000	-5.211030
0.228100	-6.179930
0.228200	-8.602160
0.228300	-5.211030
0.228400	-3.273250
0.228500	-2.304350
0.228600	-3.273250
0.228700	-2.304350
0.228800	-4.242140
0.228900	-3.273250
0.229000	-4.242140
0.229100	-7.148820
0.229200	-6.179930
0.229300	-3.273250
0.229400	-5.211030
0.229500	-1.335460
0.229600	-5.211030
0.229700	-6.179930
0.229800	-6.179930
0.229900	-4.242140
0.230000	-2.304350
0.230100	2.055670
0.230200	0.602329
0.230300	-6.179930
0.230400	-9.086610
0.230500	-8.117720
0.230600	-8.117720
0.230700	-7.148820
0.230800	-9.086610
0.230900	-2.304350
0.231000	-2.304350
0.231100	-3.273250
0.231200	-5.211030
0.231300	-5.211030
0.231400	-5.695480
0.231500	-6.179930
0.231600	-7.633270
0.231700	-1.335460
0.231800	0.602329
0.231900	-1.335460
0.232000	-7.148820
0.232100	-7.148820
0.232200	-5.211030
0.232300	-3.273250
0.232400	-2.304350
0.232500	-4.242140
0.232600	-3.273250
0.232700	-4.726590
0.232800	-6.179930
0.232900	-5.211030
0.233000	-3.273250
0.233100	-3.273250
0.233200	-6.664380
0.233300	-6.664380
0.233400	-10.055500
0.233500	-4.726590
0.233600	-1.819910
0.233700	-6.179930
0.233800	-7.148820
0.233900	-6.179930
0.234000	-3.273250
0.234100	-4.726590
0.234200	-7.148820
0.234300	-5.211030
0.234400	-3.273250
0.234500	-0.366565
0.234600	-0.366565
0.234700	-1.819910
0.234800	-5.211030
0.234900	-5.211030
0.235000	0.602329
0.235100	-1.335460
0.235200	-8.117720
0.235300	-6.664380
0.235400	-1.335460
0.235500	1.571220
0.235600	-6.179930
0.235700	-7.148820
0.235800	-6.179930
0.235900	-3.273250
0.236000	-5.211030
0.236100	-7.148820
0.236200	-9.086610
0.236300	-7.148820
0.236400	-5.695480
0.236500	-3.273250
0.236600	-2.304350
0.236700	-6.179930
0.236800	-7.148820
0.236900	-1.335460
0.237000	-6.179930
0.237100	-9.086610
0.237200	-11.024400
0.237300	-7.148820
0.237400	-7.148820
0.237500	-4.726590
0.237600	-0.366565
0.237700	-3.273250
0.237800	-2.304350
0.237900	-3.273250
0.238000	-3.273250
0.238100	-5.211030
0.238200	-6.179930
0.238300	-4.242140
0.238400	-6.179930
0.238500	-6.664380
0.238600	-3.273250
0.238700	-5.211030
0.238800	-4.726590
0.238900	-8.602160
0.239000	-6.664380
0.239100	-2.304350
0.239200	-2.788800
0.239300	-6.179930
0.239400	-5.211030
0.239500	-3.273250
0.239600	-5.211030
0.239700	-3.273250
0.239800	-5.211030
0.239900	-7.148820
0.240000	-8.117720
0.240100	-5.695480
0.240200	-6.664380
0.240300	-5.211030
0.240400	0.602329
0.240500	-5.211030
0.240600	-0.851012
0.240700	0.602329
0.240800	-1.335460
0.240900	-3.273250
0.241000	-5.211030
0.241100	-5.211030
0.241200	-6.179930
0.241300	-5.211030
0.241400	-4.242140
0.241500	-0.851012
0.241600	-1.335460
0.241700	-1.335460
0.241800	-0.366565
0.241900	-1.335460
0.242000	-2.304350
0.242100	-1.335460
0.242200	-2.304350
0.242300	-5.695480
0.242400	-7.148820
0.242500	-9.086610
0.242600	-3.273250
0.242700	-3.273250
0.242800	-3.273250
0.242900	-5.211030
0.243000	1.571220
0.243100	0.602329
0.243200	-2.788800
0.243300	-6.664380
0.243400	-5.211030
0.243500	-7.148820
0.243600	-6.179930
0.243700	-7.148820
0.243800	-5.211030
0.243900	-0.366565
0.244000	-2.788800
0.244100	-5.211030
0.244200	-4.242140
0.244300	-3.273250
0.244400	-3.757690
0.244500	-5.211030
0.244600	-5.695480
0.244700	-2.788800
0.244800	-3.273250
0.244900	-1.819910
0.245000	-2.304350
0.245100	-4.242140
0.245200	-7.633270
0.245300	-2.788800
0.245400	-0.366565
0.245500	-1.335460
0.245600	-1.335460
0.245700	-5.211030
0.245800	-1.335460
0.245900	0.602329
0.246000	-3.273250
0.246100	-6.179930
0.246200	-3.273250
0.246300	-5.211030
0.246400	-3.273250
0.246500	-1.335460
0.246600	-5.211030
0.246700	-5.211030
0.246800	-7.148820
0.246900	-4.726590
0.247000	-3.273250
0.247100	-3.273250
0.247200	-3.273250
0.247300	-4.726590
0.247400	-3.273250
0.247500	-6.179930
0.247600	-7.148820
0.247700	-7.148820
0.247800	-8.117720
0.247900	-6.664380
0.248000	-6.664380
0.248100	-6.179930
0.248200	-2.304350
0.248300	-1.335460
0.248400	-7.148820
0.248500	-7.148820
0.248600	-3.273250
0.248700	-1.335460
0.248800	-6.664380
0.248900	-6.179930
0.249000	-4.242140
0.249100	-3.273250
0.249200	-9.086610
0.249300	-8.602160
0.249400	-8.117720
0.249500	-7.148820
0.249600	-6.179930
0.249700	-6.179930
0.249800	-4.242140
0.249900	-3.273250
0.250000	-4.242140
0.250100	-1.819910
0.250200	-0.366565
0.250300	-1.335460
0.250400	-2.304350
0.250500	-3.273250
0.250600	-3.273250
0.250700	0.602329
0.250800	-1.335460
0.250900	-1.335460
0.251000	0.117882
0.251100	-1.335460
0.251200	-6.179930
0.251300	-3.273250
0.251400	0.602329
0.251500	0.602329
0.251600	-6.179930
0.251700	-7.633270
0.251800	-2.304350
0.251900	-6.179930
0.252000	-9.086610
0.252100	-7.148820
0.252200	-3.273250
0.252300	-4.242140
0.252400	-4.242140
0.252500	-4.242140
0.252600	-7.148820
0.252700	-3.273250
0.252800	0.602329
0.252900	-3.273250
0.253000	-3.273250
0.253100	-4.726590
0.253200	-7.148820
0.253300	-4.242140
0.253400	-4.242140
0.253500	-3.273250
0.253600	-3.273250
0.253700	0.602329
0.253800	-1.335460
0.253900	-3.273250
0.254000	-0.851012
0.254100	-2.304350
0.254200	-9.086610
0.254300	-7.148820
0.254400	-7.148820
0.254500	-5.211030
0.254600	-2.304350
0.254700	-0.851012
0.254800	-4.242140
0.254900	-7.148820
0.255000	-6.664380
0.255100	-2.304350
0.255200	-2.304350
0.255300	-1.335460
0.255400	-1.335460
0.255500	-5.211030
0.255600	-7.148820
0.255700	-5.211030
0.255800	-7.148820
0.255900	-6.179930
0.256000	-1.819910
0.256100	-3.273250
0.256200	-2.788800
0.256300	0.602329
0.256400	-1.335460
0.256500	-3.273250
0.256600	-4.726590
0.256700	-7.148820
0.256800	-7.148820
0.256900	-6.179930
0.257000	-5.211030
0.257100	-9.086610
0.257200	-4.242140
0.257300	-1.335460
0.257400	-2.304350
0.257500	-3.273250
0.257600	-3.273250
0.257700	-3.273250
0.257800	-3.273250
0.257900	-6.664380
0.258000	-9.086610
0.258100	-7.148820
0.258200	-3.273250
0.258300	-5.211030
0.258400	-7.148820
0.258500	-1.819910
0.258600	-7.148820
0.258700	-8.117720
0.258800	-7.633270
0.258900	-10.055500
0.259000	-7.148820
0.259100	-6.179930
0.259200	-9.086610
0.259300	-6.179930
0.259400	-1.335460
0.259500	-3.273250
0.259600	-7.148820
0.259700	-6.179930
0.259800	-6.664380
0.259900	-7.148820
0.260000	-5.211030
0.260100	-3.273250
0.260200	-3.273250
0.260300	0.602329
0.260400	0.602329
0.260500	-1.335460
0.260600	-2.304350
0.260700	-3.273250
0.260800	-7.148820
0.260900	-7.148820
0.261000	-11.024400
0.261100	-3.273250
0.261200	0.602329
0.261300	-1.335460
0.261400	-6.179930
0.261500	-2.304350
0.261600	-2.304350
0.261700	0.602329
0.261800	-5.211030
0.261900	-9.086610
0.262000	-7.148820
0.262100	-1.819910
0.262200	-2.788800
0.262300	0.602329
0.262400	-1.819910
0.262500	-8.117720
0.262600	-2.788800
0.262700	-0.366565
0.262800	-4.242140
0.262900	-6.179930
0.263000	-2.304350
0.263100	-0.366565
0.263200	-3.273250
0.263300	-1.335460
0.263400	1.086780
0.263500	-2.304350
0.263600	-1.335460
0.263700	-2.304350
0.263800	0.602329
0.263900	1.571220
0.264000	-5.211030
0.264100	-4.726590
0.264200	-5.211030
0.264300	-3.273250
0.264400	-0.851012
0.264500	-2.304350
0.264600	-4.242140
0.264700	-2.304350
0.264800	-0.366565
0.264900	0.602329
0.265000	-8.117720
0.265100	-6.664380
0.265200	-9.086610
0.265300	-7.148820
0.265400	-6.179930
0.265500	-7.148820
0.265600	-7.633270
0.265700	-3.273250
0.265800	-4.726590
0.265900	-2.788800
0.266000	-5.211030
0.266100	-4.726590
0.266200	-2.304350
0.266300	-3.273250
0.266400	-2.304350
0.266500	-1.335460
0.266600	-2.304350
0.266700	-2.788800
0.266800	-4.726590
0.266900	-7.633270
0.267000	-2.304350
0.267100	2.055670
0.267200	0.602329
0.267300	-2.788800
0.267400	-4.242140
0.267500	-2.788800
0.267600	-5.211030
0.267700	-7.148820
0.267800	-6.179930
0.267900	-7.148820
0.268000	-8.117720
0.268100	-0.366565
0.268200	-6.179930
0.268300	-10.055500
0.268400	-4.726590
0.268500	-1.335460
0.268600	-2.788800
0.268700	-3.273250
0.268800	-6.179930
0.268900	-3.273250
0.269000	-4.242140
0.269100	-3.273250
0.269200	-8.117720
0.269300	-3.273250
0.269400	-5.211030
0.269500	-1.335460
0.269600	-3.273250
0.269700	-1.335460
0.269800	1.571220
0.269900	-4.242140
0.270000	-7.148820
0.270100	-2.788800
0.270200	-1.335460
0.270300	-4.726590
0.270400	-7.148820
0.270500	-10.055500
0.270600	-7.148820
0.270700	-4.242140
0.270800	-1.335460
0.270900	-0.366565
0.271000	-3.273250
0.271100	-5.211030
0.271200	-7.148820
0.271300	-9.086610
0.271400	-7.633270
0.271500	-7.148820
0.271600	-4.242140
0.271700	0.602329
0.271800	-3.273250
0.271900	-4.726590
0.272000	-3.273250
0.272100	-4.242140
0.272200	-3.273250
0.272300	-7.148820
0.272400	-7.148820
0.272500	-5.211030
0.272600	-0.366565
0.272700	-1.335460
0.272800	0.602329
0.272900	-4.242140
0.273000	-6.179930
0.273100	-6.664380
0.273200	-7.148820
0.273300	-5.211030
0.273400	-3.273250
0.273500	-5.695480
0.273600	0.602329
0.273700	2.540120
0.273800	1.571220
0.273900	-2.788800
0.274000	-1.335460
0.274100	0.602329
0.274200	-2.788800
0.274300	-4.726590
0.274400	-2.788800
0.274500	-2.788800
0.274600	-0.851012
0.274700	0.602329
0.274800	-9.086610
0.274900	-10.055500
0.275000	-5.211030
0.275100	-7.148820
0.275200	-5.695480
0.275300	-1.335460
0.275400	-0.366565
0.275500	-1.335460
0.275600	-4.242140
0.275700	-8.117720
0.275800	-10.055500
0.275900	-0.366565
0.276000	2.055670
0.276100	-1.335460
0.276200	-5.211030
0.276300	-5.695480
0.276400	-0.851012
0.276500	0.602329
0.276600	0.602329
0.276700	-0.366565
0.276800	3.509010
0.276900	3.509010
0.277000	-2.304350
0.277100	-6.664380
0.277200	-1.335460
0.277300	-0.851012
0.277400	-0.851012
0.277500	-6.179930
0.277600	-8.602160
0.277700	-4.726590
0.277800	-3.273250
0.277900	-2.304350
0.278000	-2.304350
0.278100	-4.242140
0.278200	-4.726590
0.278300	-6.179930
0.278400	-2.304350
0.278500	-1.335460
0.278600	-5.211030
0.278700	-6.179930
0.278800	-5.211030
0.278900	-1.335460
0.279000	-5.211030
0.279100	-8.117720
0.279200	-7.148820
0.279300	-6.664380
0.279400	-9.086610
0.279500	-6.179930
0.279600	-2.304350
0.279700	-3.273250
0.279800	-6.179930
0.279900	-2.788800
0.280000	-0.366565
0.280100	0.602329
0.280200	0.602329
0.280300	-2.788800
0.280400	-4.726590
0.280500	-5.211030
0.280600	-4.242140
0.280700	-0.366565
0.280800	-0.366565
0.280900	-1.819910
0.281000	-3.273250
0.281100	-5.211030
0.281200	-3.273250
0.281300	-3.273250
0.281400	-2.304350
0.281500	-1.335460
0.281600	-1.335460
0.281700	-2.304350
0.281800	-5.211030
0.281900	-6.179930
0.282000	-3.273250
0.282100	-4.726590
0.282200	-4.242140
0.282300	-7.148820
0.282400	-5.695480
0.282500	-6.179930
0.282600	-6.664380
0.282700	-1.819910
0.282800	-1.335460
0.282900	-2.788800
0.283000	-7.148820
0.283100	-3.273250
0.283200	-2.304350
0.283300	-2.304350
0.283400	-2.788800
0.283500	-3.273250
0.283600	-2.788800
0.283700	-2.304350
0.283800	-2.304350
0.283900	-4.242140
0.284000	-2.304350
0.284100	-0.366565
0.284200	-5.211030
0.284300	-6.179930
0.284400	-3.273250
0.284500	-0.366565
0.284600	-2.788800
0.284700	-3.273250
0.284800	-7.148820
0.284900	-6.179930
0.285000	1.086780
0.285100	-0.366565
0.285200	-4.726590
0.285300	-3.273250
0.285400	-4.242140
0.285500	-3.273250
0.285600	-6.179930
0.285700	-7.148820
0.285800	-0.851012
0.285900	-1.819910
0.286000	-4.242140
0.286100	-8.117720
0.286200	-4.242140
0.286300	-0.366565
0.286400	-3.273250
0.286500	-8.117720
0.286600	-7.148820
0.286700	-6.179930
0.286800	-6.179930
0.286900	-7.148820
0.287000	-5.211030
0.287100	-8.117720
0.287200	-6.179930
0.287300	-7.148820
0.287400	-9.571060
0.287500	-8.117720
0.287600	-6.664380
0.287700	-3.273250
0.287800	-3.273250
0.287900	-4.726590
0.288000	-5.211030
0.288100	-5.211030
0.288200	-8.117720
0.288300	-9.086610
0.288400	-8.117720
0.288500	-8.117720
0.288600	-6.179930
0.288700	0.602329
0.288800	2.540120
0.288900	-2.788800
0.289000	-10.055500
0.289100	-9.086610
0.289200	-0.366565
0.289300	1.571220
0.289400	0.602329
0.289500	-6.179930
0.289600	-6.179930
0.289700	0.117882
0.289800	-7.148820
0.289900	-12.962200
0.290000	-7.148820
0.290100	-6.664380
0.290200	-7.148820
0.290300	-5.211030
0.290400	-2.788800
0.290500	-4.242140
0.290600	-5.211030
0.290700	-6.179930
0.290800	-3.273250
0.290900	-0.366565
0.291000	-5.211030
0.291100	-3.273250
0.291200	-6.664380
0.291300	-7.148820
0.291400	-3.273250
0.291500	-1.335460
0.291600	-0.366565
0.291700	-0.366565
0.291800	-1.335460
0.291900	0.602329
0.292000	-3.273250
0.292100	-2.304350
0.292200	-2.304350
0.292300	-4.242140
0.292400	-1.335460
0.292500	0.602329
0.292600	-5.695480
0.292700	-8.117720
0.292800	-3.273250
0.292900	1.571220
0.293000	-1.335460
0.293100	-0.851012
0.293200	-5.211030
0.293300	-5.211030
0.293400	-1.335460
0.293500	-2.788800
0.293600	-5.211030
0.293700	-3.273250
0.293800	-2.304350
0.293900	-3.273250
0.294000	-7.148820
0.294100	-8.602160
0.294200	-6.179930
0.294300	-6.179930
0.294400	-5.211030
0.294500	-3.273250
0.294600	-1.335460
0.294700	-1.335460
0.294800	-5.211030
0.294900	-3.273250
0.295000	-7.148820
0.295100	-6.664380
0.295200	-9.086610
0.295300	-8.117720
0.295400	-7.148820
0.295500	-4.726590
0.295600	-0.366565
0.295700	2.540120
0.295800	-1.819910
0.295900	-7.148820
0.296000	-5.211030
0.296100	-7.148820
0.296200	-9.086610
0.296300	-7.148820
0.296400	-3.273250
0.296500	-5.211030
0.296600	-4.242140
0.296700	-2.304350
0.296800	-6.664380
0.296900	-4.726590
0.297000	-3.273250
0.297100	-3.273250
0.297200	-7.148820
0.297300	-4.242140
0.297400	-3.273250
0.297500	-3.273250
0.297600	-2.304350
0.297700	-3.273250
0.297800	-6.179930
0.297900	-5.695480
0.298000	-3.273250
0.298100	-2.788800
0.298200	-5.211030
0.298300	-3.273250
0.298400	-9.571060
0.298500	-10.055500
0.298600	-4.242140
0.298700	-7.148820
0.298800	-6.664380
0.298900	-4.242140
0.299000	-8.602160
0.299100	-7.148820
0.299200	-5.695480
0.299300	-8.117720
0.299400	-9.571060
0.299500	-7.148820
0.299600	-3.273250
0.299700	-5.211030
0.299800	-9.086610
0.299900	-6.179930
