-0.050000	4.383750
-0.049900	-5.289850
-0.049800	6.318470
-0.049700	1.481670
-0.049600	0.514313
-0.049500	5.351110
-0.049400	8.253190
-0.049300	-7.224570
-0.049200	-0.453047
-0.049100	3.900070
-0.049000	1.965350
-0.048900	-3.355130
-0.048800	4.383750
-0.048700	-3.838810
-0.048600	-5.773530
-0.048500	-1.904090
-0.048400	3.416390
-0.048300	8.253190
-0.048200	0.030633
-0.048100	-1.420410
-0.048000	4.383750
-0.047900	2.449030
-0.047800	-7.708250
-0.047700	-3.838810
-0.047600	7.285830
-0.047500	8.253190
-0.047400	-2.387770
-0.047300	-6.257210
-0.047200	0.514313
-0.047100	4.383750
-0.047000	6.318470
-0.046900	0.997993
-0.046800	-7.224570
-0.046700	2.449030
-0.046600	4.383750
-0.046500	-6.257210
-0.046400	1.481670
-0.046300	-5.289850
-0.046200	-9.159290
-0.046100	4.383750
-0.046000	9.220550
-0.045900	-2.387770
-0.045800	-3.355130
-0.045700	0.997993
-0.045600	-6.257210
-0.045500	-5.773530
-0.045400	-2.387770
-0.045300	0.514313
-0.045200	2.449030
-0.045100	2.449030
-0.045000	6.318470
-0.044900	5.351110
-0.044800	0.514313
-0.044700	-7.224570
-0.044600	0.514313
-0.044500	8.253190
-0.044400	3.416390
-0.044300	1.481670
-0.044200	4.383750
-0.044100	-2.387770
-0.044000	2.449030
-0.043900	2.449030
-0.043800	-1.420410
-0.043700	1.481670
-0.043600	3.416390
-0.043500	5.351110
-0.043400	3.900070
-0.043300	2.932710
-0.043200	-3.355130
-0.043100	-1.904090
-0.043000	0.514313
-0.042900	2.449030
-0.042800	3.416390
-0.042700	-3.355130
-0.042600	-8.675610
-0.042500	-0.453047
-0.042400	-1.904090
-0.042300	-3.355130
-0.042200	-5.289850
-0.042100	-0.453047
-0.042000	-2.387770
-0.041900	-1.420410
-0.041800	-3.355130
-0.041700	-2.387770
-0.041600	-3.355130
-0.041500	-5.289850
-0.041400	0.514313
-0.041300	3.416390
-0.041200	-3.355130
-0.041100	-6.257210
-0.041000	4.383750
-0.040900	2.449030
-0.040800	-1.420410
-0.040700	-1.420410
-0.040600	-5.289850
-0.040500	-0.453047
-0.040400	10.187900
-0.040300	-2.387770
-0.040200	2.449030
-0.040100	2.449030
-0.040000	1.965350
-0.039900	0.514313
-0.039800	6.318470
-0.039700	6.318470
-0.039600	0.514313
-0.039500	-7.224570
-0.039400	-10.126600
-0.039300	-0.453047
-0.039200	4.383750
-0.039100	0.514313
-0.039000	5.351110
-0.038900	3.416390
-0.038800	-1.420410
-0.038700	-2.387770
-0.038600	1.965350
-0.038500	-5.289850
-0.038400	-3.355130
-0.038300	5.834790
-0.038200	2.449030
-0.038100	-5.289850
-0.038000	5.351110
-0.037900	-5.289850
-0.037800	-8.191930
-0.037700	2.449030
-0.037600	9.704230
-0.037500	0.030633
-0.037400	-2.387770
-0.037300	0.514313
-0.037200	2.449030
-0.037100	6.318470
-0.037000	3.416390
-0.036900	-7.224570
-0.036800	-7.224570
-0.036700	-1.420410
-0.036600	-5.289850
-0.036500	-7.708250
-0.036400	-11.094000
-0.036300	3.416390
-0.036200	9.220550
-0.036100	0.514313
-0.036000	-2.387770
-0.035900	0.997993
-0.035800	4.383750
-0.035700	0.514313
-0.035600	7.285830
-0.035500	1.481670
-0.035400	-9.159290
-0.035300	1.481670
-0.035200	12.122600
-0.035100	11.155300
-0.035000	-2.387770
-0.034900	0.514313
-0.034800	4.383750
-0.034700	1.481670
-0.034600	2.449030
-0.034500	4.867430
-0.034400	2.932710
-0.034300	0.030633
-0.034200	1.965350
-0.034100	6.318470
-0.034000	4.383750
-0.033900	2.449030
-0.033800	-8.191930
-0.033700	-6.257210
-0.033600	-1.420410
-0.033500	-4.322490
-0.033400	-1.420410
-0.033300	-2.387770
-0.033200	-1.904090
-0.033100	-7.224570
-0.033000	1.481670
-0.032900	3.416390
-0.032800	-1.420410
-0.032700	-2.871450
-0.032600	3.416390
-0.032500	-0.936727
-0.032400	0.030633
-0.032300	0.514313
-0.032200	-5.289850
-0.032100	-0.453047
-0.032000	1.481670
-0.031900	4.383750
-0.031800	4.383750
-0.031700	-0.453047
-0.031600	-1.420410
-0.031500	4.383750
-0.031400	4.867430
-0.031300	0.514313
-0.031200	0.514313
-0.031100	-5.289850
-0.031000	-7.224570
-0.030900	0.514313
-0.030800	0.514313
-0.030700	0.997993
-0.030600	1.481670
-0.030500	0.514313
-0.030400	-5.289850
-0.030300	-5.289850
-0.030200	0.514313
-0.030100	0.514313
-0.030000	1.481670
-0.029900	-0.453047
-0.029800	1.481670
-0.029700	-5.289850
-0.029600	-4.322490
-0.029500	2.449030
-0.029400	-2.387770
-0.029300	0.030633
-0.029200	8.253190
-0.029100	-1.420410
-0.029000	-11.094000
-0.028900	0.514313
-0.028800	6.318470
-0.028700	5.351110
-0.028600	-5.289850
-0.028500	-10.126600
-0.028400	-2.387770
-0.028300	-0.453047
-0.028200	-6.257210
-0.028100	-2.387770
-0.028000	-0.453047
-0.027900	-5.289850
-0.027800	-1.420410
-0.027700	0.514313
-0.027600	1.481670
-0.027500	2.449030
-0.027400	-1.420410
-0.027300	-8.191930
-0.027200	-1.420410
-0.027100	6.318470
-0.027000	1.481670
-0.026900	-1.420410
-0.026800	6.318470
-0.026700	7.285830
-0.026600	7.285830
-0.026500	6.318470
-0.026400	-1.420410
-0.026300	-0.453047
-0.026200	4.383750
-0.026100	5.351110
-0.026000	5.351110
-0.025900	3.416390
-0.025800	0.997993
-0.025700	-3.355130
-0.025600	0.030633
-0.025500	-1.420410
-0.025400	-6.740890
-0.025300	-8.191930
-0.025200	-0.453047
-0.025100	11.155300
-0.025000	6.318470
-0.024900	-9.159290
-0.024800	-5.289850
-0.024700	0.030633
-0.024600	3.416390
-0.024500	6.318470
-0.024400	0.997993
-0.024300	-3.355130
-0.024200	-1.420410
-0.024100	3.900070
-0.024000	5.351110
-0.023900	0.514313
-0.023800	-2.387770
-0.023700	-1.420410
-0.023600	-1.904090
-0.023500	6.318470
-0.023400	6.318470
-0.023300	0.514313
-0.023200	-4.806170
-0.023100	-6.257210
-0.023000	4.383750
-0.022900	3.900070
-0.022800	-5.773530
-0.022700	-5.289850
-0.022600	-4.322490
-0.022500	7.285830
-0.022400	0.030633
-0.022300	-7.224570
-0.022200	-7.224570
-0.022100	-5.289850
-0.022000	-7.224570
-0.021900	-3.355130
-0.021800	-1.904090
-0.021700	-1.420410
-0.021600	2.932710
-0.021500	9.220550
-0.021400	0.514313
-0.021300	-1.420410
-0.021200	-7.224570
-0.021100	-6.257210
-0.021000	-1.904090
-0.020900	-1.420410
-0.020800	-1.420410
-0.020700	8.253190
-0.020600	11.155300
-0.020500	2.449030
-0.020400	-5.289850
-0.020300	-1.420410
-0.020200	1.965350
-0.020100	-2.871450
-0.020000	-5.289850
-0.019900	-3.838810
-0.019800	-7.224570
-0.019700	0.514313
-0.019600	6.802150
-0.019500	-1.904090
-0.019400	-2.387770
-0.019300	7.285830
-0.019200	7.769510
-0.019100	-9.642970
-0.019000	-15.447100
-0.018900	-1.420410
-0.018800	4.867430
-0.018700	5.834790
-0.018600	8.253190
-0.018500	3.416390
-0.018400	0.514313
-0.018300	-2.387770
-0.018200	-1.420410
-0.018100	12.122600
-0.018000	4.383750
-0.017900	-11.094000
-0.017800	-7.224570
-0.017700	-1.904090
-0.017600	10.187900
-0.017500	6.318470
-0.017400	1.481670
-0.017300	-7.224570
-0.017200	-9.159290
-0.017100	3.416390
-0.017000	14.057400
-0.016900	-0.453047
-0.016800	-9.159290
-0.016700	-4.322490
-0.016600	1.481670
-0.016500	4.383750
-0.016400	0.514313
-0.016300	-5.773530
-0.016200	4.383750
-0.016100	6.318470
-0.016000	4.383750
-0.015900	-7.708250
-0.015800	-7.224570
-0.015700	2.932710
-0.015600	4.383750
-0.015500	8.253190
-0.015400	2.449030
-0.015300	-7.224570
-0.015200	-5.289850
-0.015100	3.416390
-0.015000	4.867430
-0.014900	10.187900
-0.014800	0.514313
-0.014700	-3.355130
-0.014600	-9.159290
-0.014500	-3.838810
-0.014400	9.220550
-0.014300	8.253190
-0.014200	0.997993
-0.014100	-1.420410
-0.014000	9.704230
-0.013900	7.285830
-0.013800	-1.904090
-0.013700	6.318470
-0.013600	0.514313
-0.013500	-11.094000
-0.013400	0.514313
-0.013300	-1.420410
-0.013200	-9.159290
-0.013100	3.900070
-0.013000	5.834790
-0.012900	-5.289850
-0.012800	-2.871450
-0.012700	-1.420410
-0.012600	-0.453047
-0.012500	1.481670
-0.012400	2.449030
-0.012300	4.383750
-0.012200	-6.257210
-0.012100	-10.126600
-0.012000	0.997993
-0.011900	10.187900
-0.011800	1.965350
-0.011700	-8.191930
-0.011600	-6.257210
-0.011500	-5.773530
-0.011400	-1.420410
-0.011300	0.514313
-0.011200	-6.257210
-0.011100	-14.963400
-0.011000	-5.289850
-0.010900	3.900070
-0.010800	6.318470
-0.010700	3.900070
-0.010600	-3.355130
-0.010500	0.514313
-0.010400	-0.453047
-0.010300	0.514313
-0.010200	8.736870
-0.010100	5.834790
-0.010000	-4.806170
-0.009900	-6.257210
-0.009800	2.449030
-0.009700	7.285830
-0.009600	7.769510
-0.009500	5.351110
-0.009400	-4.322490
-0.009300	-4.322490
-0.009200	-0.453047
-0.009100	-1.420410
-0.009000	0.030633
-0.008900	1.965350
-0.008800	7.769510
-0.008700	4.383750
-0.008600	-3.355130
-0.008500	-3.355130
-0.008400	5.351110
-0.008300	1.481670
-0.008200	-1.904090
-0.008100	-5.289850
-0.008000	-1.904090
-0.007900	5.834790
-0.007800	9.220550
-0.007700	10.671600
-0.007600	9.220550
-0.007500	-5.289850
-0.007400	-5.289850
-0.007300	3.900070
-0.007200	-6.257210
-0.007100	-3.355130
-0.007000	3.900070
-0.006900	-0.936727
-0.006800	0.997993
-0.006700	8.736870
-0.006600	0.030633
-0.006500	-5.289850
-0.006400	-7.224570
-0.006300	2.932710
-0.006200	3.416390
-0.006100	-2.387770
-0.006000	-2.871450
-0.005900	3.416390
-0.005800	6.318470
-0.005700	5.351110
-0.005600	4.867430
-0.005500	7.769510
-0.005400	0.997993
-0.005300	-1.420410
-0.005200	6.318470
-0.005100	4.383750
-0.005000	-2.387770
-0.004900	4.383750
-0.004800	7.285830
-0.004700	6.318470
-0.004600	3.900070
-0.004500	-4.322490
-0.004400	-0.453047
-0.004300	8.253190
-0.004200	4.383750
-0.004100	-0.453047
-0.004000	-3.355130
-0.003900	-5.289850
-0.003800	2.449030
-0.003700	0.030633
-0.003600	-0.453047
-0.003500	1.965350
-0.003400	0.514313
-0.003300	-1.420410
-0.003200	-1.420410
-0.003100	-1.420410
-0.003000	0.514313
-0.002900	0.514313
-0.002800	14.057400
-0.002700	17.926800
-0.002600	3.416390
-0.002500	-7.708250
-0.002400	0.030633
-0.002300	3.900070
-0.002200	1.481670
-0.002100	5.351110
-0.002000	1.965350
-0.001900	4.383750
-0.001800	8.253190
-0.001700	0.514313
-0.001600	3.416390
-0.001500	0.997993
-0.001400	-8.675610
-0.001300	-5.289850
-0.001200	1.481670
-0.001100	-1.420410
-0.001000	-5.289850
-0.000900	6.318470
-0.000800	6.802150
-0.000700	5.351110
-0.000600	-1.420410
-0.000500	-1.420410
-0.000400	-3.355130
-0.000300	-4.322490
-0.000200	-2.387770
-0.000100	2.449030
0.000000	9.704230
0.000100	8.253190
0.000200	3.416390
0.000300	-5.289850
0.000400	-5.289850
0.000500	4.867430
0.000600	3.416390
0.000700	4.383750
0.000800	-1.420410
0.000900	-2.387770
0.001000	2.449030
0.001100	-4.322490
0.001200	-1.420410
0.001300	-0.453047
0.001400	-3.355130
0.001500	-9.159290
0.001600	0.514313
0.001700	3.900070
0.001800	0.514313
0.001900	-0.453047
0.002000	6.318470
0.002100	5.351110
0.002200	-1.420410
0.002300	-2.387770
0.002400	5.351110
0.002500	-7.224570
0.002600	-5.289850
0.002700	6.802150
0.002800	-0.453047
0.002900	3.900070
0.003000	10.671600
0.003100	2.449030
0.003200	5.351110
0.003300	10.187900
0.003400	-0.453047
0.003500	2.449030
0.003600	-0.453047
0.003700	4.867430
0.003800	8.736870
0.003900	-1.420410
0.004000	4.383750
0.004100	-0.453047
0.004200	6.802150
0.004300	3.416390
0.004400	-4.806170
0.004500	1.481670
0.004600	9.220550
0.004700	7.285830
0.004800	-1.420410
0.004900	-0.453047
0.005000	2.449030
0.005100	4.867430
0.005200	1.481670
0.005300	2.449030
0.005400	-0.936727
0.005500	4.383750
0.005600	4.383750
0.005700	11.639000
0.005800	1.481670
0.005900	0.514313
0.006000	-2.871450
0.006100	-1.420410
0.006200	9.220550
0.006300	15.024700
0.006400	6.318470
0.006500	1.965350
0.006600	4.383750
0.006700	3.416390
0.006800	4.383750
0.006900	3.416390
0.007000	13.090000
0.007100	7.285830
0.007200	-2.387770
0.007300	3.900070
0.007400	16.959400
0.007500	6.318470
0.007600	3.900070
0.007700	6.318470
0.007800	1.481670
0.007900	6.318470
0.008000	4.383750
0.008100	5.351110
0.008200	3.416390
0.008300	2.932710
0.008400	3.900070
0.008500	2.449030
0.008600	8.253190
0.008700	5.351110
0.008800	1.481670
0.008900	7.769510
0.009000	0.997993
0.009100	-1.420410
0.009200	4.383750
0.009300	12.122600
0.009400	13.573700
0.009500	10.187900
0.009600	6.318470
0.009700	13.090000
0.009800	4.867430
0.009900	3.416390
0.010000	5.351110
0.010100	-1.420410
0.010200	4.383750
0.010300	11.155300
0.010400	14.057400
0.010500	7.285830
0.010600	14.057400
0.010700	12.122600
0.010800	1.481670
0.010900	11.639000
0.011000	15.024700
0.011100	12.606300
0.011200	14.057400
0.011300	10.187900
0.011400	11.639000
0.011500	9.704230
0.011600	0.030633
0.011700	-2.387770
0.011800	10.187900
0.011900	15.992100
0.012000	4.383750
0.012100	6.318470
0.012200	21.312599
0.012300	12.122600
0.012400	6.318470
0.012500	12.606300
0.012600	11.639000
0.012700	-0.453047
0.012800	5.834790
0.012900	9.220550
0.013000	2.449030
0.013100	10.671600
0.013200	0.514313
0.013300	-8.191930
0.013400	-2.871450
0.013500	-7.224570
0.013600	-9.159290
0.013700	0.030633
0.013800	-3.838810
0.013900	2.449030
0.014000	1.481670
0.014100	-6.257210
0.014200	-5.289850
0.014300	-3.838810
0.014400	-3.355130
0.014500	-14.963400
0.014600	-17.865499
0.014700	-20.767599
0.014800	-10.126600
0.014900	-3.838810
0.015000	-13.996100
0.015100	-7.708250
0.015200	-0.453047
0.015300	-9.159290
0.015400	-0.453047
0.015500	9.220550
0.015600	9.704230
0.015700	18.894199
0.015800	25.181999
0.015900	14.057400
0.016000	-7.708250
0.016100	-2.871450
0.016200	6.318470
0.016300	-3.355130
0.016400	-2.387770
0.016500	9.704230
0.016600	8.253190
0.016700	-3.355130
0.016800	-7.224570
0.016900	2.449030
0.017000	9.220550
0.017100	9.220550
0.017200	8.253190
0.017300	12.122600
0.017400	4.383750
0.017500	0.030633
0.017600	6.318470
0.017700	0.514313
0.017800	-5.289850
0.017900	-9.159290
0.018000	-6.257210
0.018100	-2.871450
0.018200	-1.904090
0.018300	5.834790
0.018400	3.900070
0.018500	-2.871450
0.018600	12.122600
0.018700	16.475800
0.018800	1.481670
0.018900	-0.453047
0.019000	9.704230
0.019100	10.671600
0.019200	-5.289850
0.019300	-1.420410
0.019400	2.449030
0.019500	4.383750
0.019600	-1.904090
0.019700	-1.420410
0.019800	-5.289850
0.019900	6.318470
0.020000	10.187900
0.020100	17.926800
0.020200	11.155300
0.020300	6.318470
0.020400	-5.289850
0.020500	-8.191930
0.020600	-10.610300
0.020700	-5.289850
0.020800	6.318470
0.020900	8.253190
0.021000	11.155300
0.021100	24.214600
0.021200	21.796200
0.021300	17.926800
0.021400	24.214600
0.021500	15.508400
0.021600	-11.094000
0.021700	-35.278000
0.021800	-38.180099
0.021900	-22.702299
0.022000	-18.832899
0.022100	0.514313
0.022200	30.986200
0.022300	25.181999
0.022400	17.443100
0.022500	12.122600
0.022600	3.900070
0.022700	3.900070
0.022800	0.997993
0.022900	-2.387770
0.023000	-6.257210
0.023100	-1.420410
0.023200	-7.224570
0.023300	-16.898199
0.023400	-8.675610
0.023500	-9.159290
0.023600	-20.767599
0.023700	-18.832899
0.023800	-21.735001
0.023900	-16.898199
0.024000	-9.159290
0.024100	-16.898199
0.024200	-16.898199
0.024300	-23.669701
0.024400	-25.120701
0.024500	-13.996100
0.024600	-24.636999
0.024700	-22.702299
0.024800	1.965350
0.024900	-0.453047
0.025000	-10.610300
0.025100	-9.159290
0.025200	-16.898199
0.025300	-24.636999
0.025400	-26.571800
0.025500	-17.865499
0.025600	-13.512400
0.025700	-26.571800
0.025800	-32.375900
0.025900	-34.310600
0.026000	-34.794300
0.026100	-24.636999
0.026200	-17.865499
0.026300	-13.512400
0.026400	-21.251301
0.026500	-30.441200
0.026600	-21.735001
0.026700	-16.898199
0.026800	-16.898199
0.026900	-16.898199
0.027000	-25.604401
0.027100	-25.604401
0.027200	-23.669701
0.027300	-27.539101
0.027400	-23.669701
0.027500	-28.990200
0.027600	-27.539101
0.027700	-17.865499
0.027800	-22.702299
0.027900	-30.441200
0.028000	-28.506500
0.028100	-36.245399
0.028200	-42.049500
0.028300	-30.441200
0.028400	-44.467899
0.028500	-146.524002
0.028600	-201.664001
0.028700	-129.595993
0.028800	-71.070297
0.028900	-53.657799
0.029000	-32.375900
0.029100	-31.408600
0.029200	-36.245399
0.029300	-25.604401
0.029400	-9.642970
0.029500	-6.257210
0.029600	-10.126600
0.029700	-7.224570
0.029800	-3.355130
0.029900	4.867430
0.030000	1.481670
0.030100	0.514313
0.030200	6.802150
0.030300	7.285830
0.030400	-7.708250
0.030500	-0.453047
0.030600	0.514313
0.030700	-4.322490
0.030800	1.481670
0.030900	4.383750
0.031000	9.220550
0.031100	14.057400
0.031200	15.024700
0.031300	11.639000
0.031400	4.867430
0.031500	-1.904090
0.031600	8.253190
0.031700	8.253190
0.031800	8.253190
0.031900	6.318470
0.032000	16.475800
0.032100	21.796200
0.032200	15.992100
0.032300	14.541000
0.032400	15.992100
0.032500	15.024700
0.032600	12.122600
0.032700	10.187900
0.032800	13.090000
0.032900	11.639000
0.033000	11.155300
0.033100	13.573700
0.033200	13.573700
0.033300	9.220550
0.033400	26.632999
0.033500	26.632999
0.033600	13.090000
0.033700	7.285830
0.033800	23.731001
0.033900	23.247299
0.034000	13.090000
0.034100	5.834790
0.034200	8.253190
0.034300	20.828899
0.034400	25.665701
0.034500	14.057400
0.034600	6.318470
0.034700	14.057400
0.034800	13.090000
0.034900	1.965350
0.035000	1.481670
0.035100	1.481670
0.035200	6.318470
0.035300	12.122600
0.035400	21.796200
0.035500	22.763599
0.035600	12.606300
0.035700	20.828899
0.035800	31.469801
0.035900	31.469801
0.036000	31.469801
0.036100	27.600401
0.036200	25.665701
0.036300	33.404598
0.036400	48.882301
0.036500	44.045502
0.036600	25.665701
0.036700	24.698299
0.036800	40.176102
0.036900	34.855598
0.037000	22.763599
0.037100	25.665701
0.037200	30.986200
0.037300	23.731001
0.037400	25.665701
0.037500	36.790298
0.037600	31.469801
0.037700	21.796200
0.037800	29.535101
0.037900	22.279900
0.038000	19.861500
0.038100	30.502501
0.038200	28.567801
0.038300	20.828899
0.038400	17.926800
0.038500	24.214600
0.038600	34.855598
0.038700	23.731001
0.038800	21.796200
0.038900	28.567801
0.039000	24.698299
0.039100	32.437199
0.039200	37.273998
0.039300	31.469801
0.039400	25.181999
0.039500	20.828899
0.039600	22.763599
0.039700	37.273998
0.039800	29.535101
0.039900	22.763599
0.040000	25.665701
0.040100	20.828899
0.040200	25.665701
0.040300	30.018801
0.040400	25.665701
0.040500	29.051399
0.040600	36.306599
0.040700	28.567801
0.040800	21.796200
0.040900	22.763599
0.041000	18.894199
0.041100	14.057400
0.041200	16.959400
0.041300	33.404598
0.041400	32.437199
0.041500	23.731001
0.041600	26.632999
0.041700	29.535101
0.041800	34.371899
0.041900	27.600401
0.042000	21.312599
0.042100	20.828899
0.042200	19.861500
0.042300	21.312599
0.042400	14.057400
0.042500	22.279900
0.042600	27.116699
0.042700	17.443100
0.042800	22.763599
0.042900	16.475800
0.043000	9.220550
0.043100	14.057400
0.043200	15.992100
0.043300	9.220550
0.043400	0.997993
0.043500	0.514313
0.043600	6.318470
0.043700	3.416390
0.043800	-2.387770
0.043900	-1.420410
0.044000	8.253190
0.044100	10.187900
0.044200	10.187900
0.044300	15.992100
0.044400	11.155300
0.044500	-8.191930
0.044600	-9.159290
0.044700	4.867430
0.044800	4.867430
0.044900	-1.420410
0.045000	-3.355130
0.045100	4.383750
0.045200	15.992100
0.045300	6.318470
0.045400	0.514313
0.045500	5.834790
0.045600	2.449030
0.045700	2.449030
0.045800	10.187900
0.045900	-2.387770
0.046000	-1.420410
0.046100	14.057400
0.046200	12.122600
0.046300	12.122600
0.046400	17.926800
0.046500	15.508400
0.046600	15.992100
0.046700	15.508400
0.046800	17.926800
0.046900	6.318470
0.047000	6.318470
0.047100	13.090000
0.047200	13.090000
0.047300	4.383750
0.047400	5.351110
0.047500	11.155300
0.047600	14.057400
0.047700	4.383750
0.047800	0.514313
0.047900	9.220550
0.048000	7.769510
0.048100	1.481670
0.048200	0.030633
0.048300	-0.453047
0.048400	3.416390
0.048500	2.449030
0.048600	-17.381800
0.048700	3.416390
0.048800	25.665701
0.048900	11.155300
0.049000	7.769510
0.049100	8.253190
0.049200	8.736870
0.049300	9.220550
0.049400	2.449030
0.049500	8.253190
0.049600	9.704230
0.049700	3.416390
0.049800	0.514313
0.049900	6.318470
0.050000	-4.322490
0.050100	-0.453047
0.050200	4.383750
0.050300	1.481670
0.050400	-3.355130
0.050500	0.030633
0.050600	-5.289850
0.050700	-1.904090
0.050800	3.416390
0.050900	8.253190
0.051000	2.449030
0.051100	-5.289850
0.051200	0.514313
0.051300	6.318470
0.051400	2.449030
0.051500	5.351110
0.051600	4.867430
0.051700	8.253190
0.051800	15.024700
0.051900	21.796200
0.052000	24.698299
0.052100	25.665701
0.052200	24.698299
0.052300	21.796200
0.052400	20.828899
0.052500	16.959400
0.052600	15.024700
0.052700	16.959400
0.052800	21.796200
0.052900	18.894199
0.053000	9.704230
0.053100	14.541000
0.053200	25.665701
0.053300	16.959400
0.053400	5.351110
0.053500	11.155300
0.053600	18.894199
0.053700	8.253190
0.053800	5.351110
0.053900	4.383750
0.054000	3.900070
0.054100	11.155300
0.054200	17.926800
0.054300	12.122600
0.054400	14.541000
0.054500	17.926800
0.054600	23.731001
0.054700	20.828899
0.054800	-1.420410
0.054900	-25.604401
0.055000	-9.159290
0.055100	39.208698
0.055200	36.306599
0.055300	6.318470
0.055400	3.900070
0.055500	6.318470
0.055600	-1.420410
0.055700	6.318470
0.055800	6.318470
0.055900	-1.420410
0.056000	-3.355130
0.056100	-3.355130
0.056200	2.449030
0.056300	15.024700
0.056400	15.992100
0.056500	8.736870
0.056600	1.481670
0.056700	6.318470
0.056800	9.220550
0.056900	9.220550
0.057000	8.736870
0.057100	6.318470
0.057200	0.030633
0.057300	2.449030
0.057400	11.155300
0.057500	8.736870
0.057600	9.220550
0.057700	7.769510
0.057800	4.867430
0.057900	6.318470
0.058000	6.318470
0.058100	-1.420410
0.058200	-7.708250
0.058300	-2.871450
0.058400	2.449030
0.058500	10.187900
0.058600	13.090000
0.058700	4.383750
0.058800	8.253190
0.058900	10.187900
0.059000	7.769510
0.059100	1.481670
0.059200	7.285830
0.059300	13.090000
0.059400	8.253190
0.059500	7.285830
0.059600	5.351110
0.059700	0.030633
0.059800	3.416390
0.059900	7.285830
0.060000	15.024700
0.060100	14.057400
0.060200	6.318470
0.060300	4.383750
0.060400	6.318470
0.060500	-0.936727
0.060600	6.802150
0.060700	8.253190
0.060800	0.514313
0.060900	3.416390
0.061000	-6.257210
0.061100	0.514313
0.061200	15.992100
0.061300	8.736870
0.061400	-5.289850
0.061500	-5.289850
0.061600	-2.387770
0.061700	-0.936727
0.061800	-1.420410
0.061900	6.318470
0.062000	3.416390
0.062100	-1.420410
0.062200	6.318470
0.062300	14.057400
0.062400	6.318470
0.062500	0.997993
0.062600	-0.453047
0.062700	13.090000
0.062800	14.057400
0.062900	5.351110
0.063000	11.155300
0.063100	3.900070
0.063200	0.514313
0.063300	17.443100
0.063400	18.894199
0.063500	5.351110
0.063600	11.155300
0.063700	9.220550
0.063800	3.416390
0.063900	2.449030
0.064000	8.253190
0.064100	10.187900
0.064200	6.318470
0.064300	8.253190
0.064400	22.763599
0.064500	19.861500
0.064600	12.122600
0.064700	4.867430
0.064800	9.704230
0.064900	10.187900
0.065000	8.253190
0.065100	10.187900
0.065200	3.900070
0.065300	2.449030
0.065400	2.449030
0.065500	1.481670
0.065600	4.383750
0.065700	6.318470
0.065800	4.867430
0.065900	9.704230
0.066000	9.704230
0.066100	11.639000
0.066200	9.220550
0.066300	8.253190
0.066400	0.514313
0.066500	7.285830
0.066600	5.834790
0.066700	-0.453047
0.066800	0.514313
0.066900	6.318470
0.067000	4.383750
0.067100	0.514313
0.067200	2.449030
0.067300	10.187900
0.067400	6.318470
0.067500	2.449030
0.067600	-2.871450
0.067700	0.514313
0.067800	5.351110
0.067900	0.514313
0.068000	-7.224570
0.068100	8.736870
0.068200	17.926800
0.068300	12.122600
0.068400	3.900070
0.068500	-4.322490
0.068600	-1.420410
0.068700	4.867430
0.068800	7.769510
0.068900	8.253190
0.069000	8.253190
0.069100	-3.355130
0.069200	4.383750
0.069300	10.671600
0.069400	15.992100
0.069500	21.796200
0.069600	14.057400
0.069700	6.318470
0.069800	7.285830
0.069900	7.285830
0.070000	12.122600
0.070100	15.992100
0.070200	8.253190
0.070300	13.090000
0.070400	10.187900
0.070500	9.220550
0.070600	12.122600
0.070700	13.573700
0.070800	2.449030
0.070900	6.318470
0.071000	7.285830
0.071100	10.187900
0.071200	8.736870
0.071300	13.090000
0.071400	3.416390
0.071500	0.997993
0.071600	6.318470
0.071700	4.867430
0.071800	4.867430
0.071900	1.481670
0.072000	-1.420410
0.072100	3.900070
0.072200	14.057400
0.072300	15.992100
0.072400	1.481670
0.072500	5.834790
0.072600	0.514313
0.072700	-1.420410
0.072800	2.449030
0.072900	3.416390
0.073000	-5.289850
0.073100	-1.904090
0.073200	-0.453047
0.073300	-1.420410
0.073400	19.861500
0.073500	25.665701
0.073600	10.187900
0.073700	-0.453047
0.073800	1.481670
0.073900	12.122600
0.074000	6.318470
0.074100	0.514313
0.074200	7.285830
0.074300	6.318470
0.074400	12.122600
0.074500	8.253190
0.074600	2.449030
0.074700	6.318470
0.074800	5.351110
0.074900	4.383750
0.075000	9.220550
0.075100	10.187900
0.075200	0.514313
0.075300	-5.289850
0.075400	-7.224570
0.075500	-3.355130
0.075600	5.351110
0.075700	6.318470
0.075800	8.253190
0.075900	13.573700
0.076000	2.449030
0.076100	5.834790
0.076200	12.122600
0.076300	12.122600
0.076400	2.449030
0.076500	-5.289850
0.076600	-1.904090
0.076700	2.449030
0.076800	14.057400
0.076900	17.443100
0.077000	4.383750
0.077100	-0.453047
0.077200	9.220550
0.077300	9.220550
0.077400	3.900070
0.077500	0.514313
0.077600	5.834790
0.077700	12.122600
0.077800	12.122600
0.077900	8.253190
0.078000	1.481670
0.078100	-1.420410
0.078200	10.187900
0.078300	15.992100
0.078400	11.155300
0.078500	4.383750
0.078600	0.514313
0.078700	0.030633
0.078800	11.155300
0.078900	10.187900
0.079000	3.900070
0.079100	-6.257210
0.079200	-4.322490
0.079300	2.449030
0.079400	6.318470
0.079500	6.318470
0.079600	6.318470
0.079700	5.351110
0.079800	7.285830
0.079900	6.318470
0.080000	6.318470
0.080100	5.834790
0.080200	0.514313
0.080300	2.449030
0.080400	2.449030
0.080500	6.318470
0.080600	8.736870
0.080700	12.122600
0.080800	8.253190
0.080900	-1.420410
0.081000	1.481670
0.081100	0.514313
0.081200	2.449030
0.081300	6.318470
0.081400	4.383750
0.081500	0.997993
0.081600	2.449030
0.081700	10.187900
0.081800	4.867430
0.081900	6.802150
0.082000	0.514313
0.082100	-5.289850
0.082200	6.318470
0.082300	10.187900
0.082400	-1.420410
0.082500	-5.289850
0.082600	2.449030
0.082700	9.220550
0.082800	11.155300
0.082900	1.481670
0.083000	-1.904090
0.083100	4.383750
0.083200	0.514313
0.083300	-2.387770
0.083400	10.671600
0.083500	8.253190
0.083600	-1.420410
0.083700	-4.322490
0.083800	7.769510
0.083900	14.057400
0.084000	9.220550
0.084100	3.416390
0.084200	1.481670
0.084300	-0.453047
0.084400	2.449030
0.084500	4.383750
0.084600	-1.420410
0.084700	-5.289850
0.084800	0.514313
0.084900	4.383750
0.085000	9.704230
0.085100	0.514313
0.085200	-2.387770
0.085300	-5.289850
0.085400	-1.420410
0.085500	5.834790
0.085600	6.318470
0.085700	4.383750
0.085800	9.220550
0.085900	11.155300
0.086000	0.514313
0.086100	4.383750
0.086200	7.285830
0.086300	4.383750
0.086400	-1.420410
0.086500	-0.936727
0.086600	-1.420410
0.086700	-1.420410
0.086800	0.514313
0.086900	7.285830
0.087000	-1.420410
0.087100	0.514313
0.087200	12.606300
0.087300	4.383750
0.087400	-5.289850
0.087500	2.449030
0.087600	8.253190
0.087700	6.318470
0.087800	1.481670
0.087900	5.351110
0.088000	6.318470
0.088100	0.514313
0.088200	5.834790
0.088300	5.351110
0.088400	4.383750
0.088500	-6.257210
0.088600	-5.289850
0.088700	3.416390
0.088800	6.318470
0.088900	8.736870
0.089000	0.514313
0.089100	-5.289850
0.089200	-5.773530
0.089300	0.514313
0.089400	10.187900
0.089500	8.253190
0.089600	-5.773530
0.089700	-3.355130
0.089800	6.802150
0.089900	6.318470
0.090000	6.318470
0.090100	5.351110
0.090200	1.481670
0.090300	7.285830
0.090400	10.187900
0.090500	6.318470
0.090600	5.834790
0.090700	7.769510
0.090800	6.318470
0.090900	13.090000
0.091000	13.573700
0.091100	4.867430
0.091200	1.481670
0.091300	6.318470
0.091400	2.932710
0.091500	4.867430
0.091600	3.900070
0.091700	6.318470
0.091800	7.769510
0.091900	-0.453047
0.092000	-0.453047
0.092100	11.155300
0.092200	5.351110
0.092300	-3.355130
0.092400	1.965350
0.092500	7.285830
0.092600	6.318470
0.092700	8.253190
0.092800	2.449030
0.092900	-5.289850
0.093000	5.351110
0.093100	15.024700
0.093200	7.769510
0.093300	1.965350
0.093400	10.187900
0.093500	6.318470
0.093600	-5.289850
0.093700	-1.420410
0.093800	16.475800
0.093900	15.992100
0.094000	-3.355130
0.094100	-2.871450
0.094200	-6.257210
0.094300	-10.126600
0.094400	-1.904090
0.094500	-1.420410
0.094600	-5.289850
0.094700	-4.322490
0.094800	1.481670
0.094900	-3.355130
0.095000	-2.387770
0.095100	-2.387770
0.095200	-1.420410
0.095300	-1.420410
0.095400	-0.453047
0.095500	4.383750
0.095600	-1.420410
0.095700	0.514313
0.095800	4.383750
0.095900	-5.289850
0.096000	-1.420410
0.096100	6.318470
0.096200	13.573700
0.096300	9.220550
0.096400	-2.387770
0.096500	-0.453047
0.096600	7.285830
0.096700	4.383750
0.096800	0.514313
0.096900	-6.257210
0.097000	-4.322490
0.097100	5.834790
0.097200	9.220550
0.097300	-0.453047
0.097400	-2.871450
0.097500	4.383750
0.097600	-1.420410
0.097700	-0.936727
0.097800	8.736870
0.097900	5.351110
0.098000	3.900070
0.098100	5.351110
0.098200	-5.773530
0.098300	9.220550
0.098400	4.383750
0.098500	10.187900
0.098600	6.802150
0.098700	-1.420410
0.098800	-6.257210
0.098900	3.900070
0.099000	5.351110
0.099100	-10.126600
0.099200	-5.289850
0.099300	6.318470
0.099400	0.030633
0.099500	0.514313
0.099600	2.932710
0.099700	-1.420410
0.099800	5.351110
0.099900	0.030633
0.100000	-3.355130
0.100100	6.318470
0.100200	9.704230
0.100300	6.318470
0.100400	3.416390
0.100500	10.187900
0.100600	4.383750
0.100700	0.514313
0.100800	1.481670
0.100900	3.900070
0.101000	11.639000
0.101100	15.992100
0.101200	14.057400
0.101300	13.090000
0.101400	-1.904090
0.101500	1.965350
0.101600	5.351110
0.101700	5.351110
0.101800	0.514313
0.101900	-1.420410
0.102000	-1.420410
0.102100	-0.453047
0.102200	12.122600
0.102300	9.220550
0.102400	5.834790
0.102500	10.187900
0.102600	1.481670
0.102700	-2.387770
0.102800	-3.355130
0.102900	0.514313
0.103000	-5.289850
0.103100	2.449030
0.103200	6.318470
0.103300	6.318470
0.103400	0.997993
0.103500	-1.420410
0.103600	3.416390
0.103700	0.514313
0.103800	1.481670
0.103900	2.449030
0.104000	-1.904090
0.104100	-1.420410
0.104200	6.318470
0.104300	12.122600
0.104400	8.253190
0.104500	1.965350
0.104600	-0.936727
0.104700	2.449030
0.104800	-0.453047
0.104900	2.449030
0.105000	7.285830
0.105100	8.253190
0.105200	3.416390
0.105300	5.834790
0.105400	-1.420410
0.105500	-9.159290
0.105600	4.383750
0.105700	10.187900
0.105800	-2.387770
0.105900	-9.159290
0.106000	-6.257210
0.106100	2.449030
0.106200	14.057400
0.106300	11.155300
0.106400	-5.289850
0.106500	-6.257210
0.106600	1.481670
0.106700	6.318470
0.106800	5.351110
0.106900	-1.904090
0.107000	-5.289850
0.107100	6.318470
0.107200	9.704230
0.107300	5.834790
0.107400	-3.355130
0.107500	3.900070
0.107600	1.965350
0.107700	-5.289850
0.107800	4.383750
0.107900	10.187900
0.108000	4.383750
0.108100	0.514313
0.108200	3.416390
0.108300	4.383750
0.108400	0.030633
0.108500	3.416390
0.108600	9.220550
0.108700	2.449030
0.108800	-6.257210
0.108900	0.514313
0.109000	9.220550
0.109100	10.187900
0.109200	5.351110
0.109300	3.416390
0.109400	8.253190
0.109500	9.220550
0.109600	13.573700
0.109700	13.573700
0.109800	4.383750
0.109900	-1.420410
0.110000	1.965350
0.110100	-1.420410
0.110200	0.030633
0.110300	4.383750
0.110400	7.285830
0.110500	-6.257210
0.110600	-8.191930
0.110700	0.030633
0.110800	13.090000
0.110900	6.318470
0.111000	-3.355130
0.111100	5.834790
0.111200	12.122600
0.111300	2.932710
0.111400	7.285830
0.111500	5.351110
0.111600	-1.420410
0.111700	-1.904090
0.111800	-3.355130
0.111900	2.449030
0.112000	4.383750
0.112100	5.351110
0.112200	10.187900
0.112300	-0.453047
0.112400	-3.838810
0.112500	7.285830
0.112600	15.024700
0.112700	8.253190
0.112800	-5.773530
0.112900	-9.159290
0.113000	0.514313
0.113100	4.867430
0.113200	-5.289850
0.113300	-3.838810
0.113400	-1.420410
0.113500	1.965350
0.113600	-3.838810
0.113700	-3.355130
0.113800	-0.936727
0.113900	1.481670
0.114000	-1.904090
0.114100	0.514313
0.114200	6.318470
0.114300	-0.453047
0.114400	3.416390
0.114500	-1.420410
0.114600	-5.289850
0.114700	11.155300
0.114800	1.965350
0.114900	-7.224570
0.115000	5.351110
0.115100	12.122600
0.115200	2.449030
0.115300	1.481670
0.115400	10.187900
0.115500	8.253190
0.115600	0.030633
0.115700	-0.453047
0.115800	5.351110
0.115900	7.769510
0.116000	4.383750
0.116100	-0.453047
0.116200	-7.224570
0.116300	-7.224570
0.116400	0.997993
0.116500	2.449030
0.116600	-3.355130
0.116700	-6.740890
0.116800	-0.453047
0.116900	3.416390
0.117000	7.285830
0.117100	5.351110
0.117200	-1.420410
0.117300	0.514313
0.117400	-0.453047
0.117500	8.253190
0.117600	12.122600
0.117700	-2.387770
0.117800	-1.420410
0.117900	-0.453047
0.118000	-8.191930
0.118100	-1.420410
0.118200	0.030633
0.118300	-0.453047
0.118400	-0.453047
0.118500	3.900070
0.118600	7.769510
0.118700	0.030633
0.118800	3.416390
0.118900	-2.871450
0.119000	-5.289850
0.119100	-2.387770
0.119200	7.285830
0.119300	0.997993
0.119400	0.514313
0.119500	-0.453047
0.119600	-1.420410
0.119700	-5.289850
0.119800	-4.322490
0.119900	3.416390
0.120000	0.514313
0.120100	-10.126600
0.120200	-6.740890
0.120300	3.416390
0.120400	8.253190
0.120500	5.351110
0.120600	-3.355130
0.120700	-6.257210
0.120800	4.383750
0.120900	9.220550
0.121000	12.122600
0.121100	11.155300
0.121200	0.030633
0.121300	-4.322490
0.121400	4.383750
0.121500	7.285830
0.121600	-6.257210
0.121700	-8.191930
0.121800	-1.420410
0.121900	0.030633
0.122000	-1.904090
0.122100	4.383750
0.122200	-1.420410
0.122300	-5.289850
0.122400	-3.838810
0.122500	8.253190
0.122600	3.416390
0.122700	-1.420410
0.122800	-3.355130
0.122900	-2.387770
0.123000	-3.838810
0.123100	-5.289850
0.123200	-1.420410
0.123300	-1.420410
0.123400	-2.387770
0.123500	1.481670
0.123600	12.606300
0.123700	6.318470
0.123800	2.449030
0.123900	5.351110
0.124000	0.514313
0.124100	-4.322490
0.124200	0.514313
0.124300	3.416390
0.124400	0.514313
0.124500	1.481670
0.124600	-1.420410
0.124700	-8.191930
0.124800	5.351110
0.124900	11.639000
0.125000	1.481670
0.125100	0.030633
0.125200	-5.289850
0.125300	-0.936727
0.125400	2.449030
0.125500	0.030633
0.125600	-2.387770
0.125700	-6.257210
0.125800	-1.420410
0.125900	1.481670
0.126000	-1.904090
0.126100	4.867430
0.126200	10.187900
0.126300	8.736870
0.126400	3.900070
0.126500	10.187900
0.126600	3.416390
0.126700	-4.322490
0.126800	-9.642970
0.126900	-2.387770
0.127000	5.834790
0.127100	-4.322490
0.127200	-9.159290
0.127300	-3.355130
0.127400	-1.420410
0.127500	0.514313
0.127600	0.514313
0.127700	0.514313
0.127800	1.965350
0.127900	1.481670
0.128000	6.318470
0.128100	10.671600
0.128200	-2.387770
0.128300	-1.420410
0.128400	5.834790
0.128500	0.514313
0.128600	-10.610300
0.128700	-3.355130
0.128800	5.351110
0.128900	4.383750
0.129000	-6.257210
0.129100	-3.355130
0.129200	2.449030
0.129300	3.900070
0.129400	13.573700
0.129500	2.449030
0.129600	6.318470
0.129700	6.318470
0.129800	9.704230
0.129900	1.481670
0.130000	0.514313
0.130100	0.514313
0.130200	5.351110
0.130300	4.383750
0.130400	0.030633
0.130500	5.834790
0.130600	2.449030
0.130700	1.481670
0.130800	5.834790
0.130900	3.416390
0.131000	-1.420410
0.131100	0.514313
0.131200	0.514313
0.131300	9.220550
0.131400	15.992100
0.131500	6.318470
0.131600	-0.453047
0.131700	1.965350
0.131800	3.900070
0.131900	0.514313
0.132000	6.318470
0.132100	1.481670
0.132200	1.481670
0.132300	0.030633
0.132400	1.965350
0.132500	14.057400
0.132600	23.731001
0.132700	7.285830
0.132800	0.997993
0.132900	-0.453047
0.133000	8.253190
0.133100	17.926800
0.133200	8.736870
0.133300	-5.289850
0.133400	-0.453047
0.133500	6.318470
0.133600	10.187900
0.133700	3.900070
0.133800	-1.420410
0.133900	1.481670
0.134000	0.514313
0.134100	-0.936727
0.134200	4.383750
0.134300	7.285830
0.134400	-1.420410
0.134500	-2.387770
0.134600	4.383750
0.134700	8.253190
0.134800	0.997993
0.134900	-5.289850
0.135000	0.514313
0.135100	4.383750
0.135200	6.802150
0.135300	13.090000
0.135400	9.220550
0.135500	-0.453047
0.135600	-2.387770
0.135700	5.351110
0.135800	0.514313
0.135900	3.900070
0.136000	12.606300
0.136100	1.965350
0.136200	2.449030
0.136300	6.318470
0.136400	5.351110
0.136500	7.769510
0.136600	4.383750
0.136700	2.449030
0.136800	1.481670
0.136900	-7.708250
0.137000	2.449030
0.137100	12.122600
0.137200	8.253190
0.137300	6.318470
0.137400	7.769510
0.137500	8.253190
0.137600	8.253190
0.137700	12.122600
0.137800	1.481670
0.137900	0.514313
0.138000	4.383750
0.138100	5.351110
0.138200	5.351110
0.138300	0.514313
0.138400	2.449030
0.138500	3.900070
0.138600	-3.355130
0.138700	0.514313
0.138800	17.926800
0.138900	1.965350
0.139000	-4.322490
0.139100	6.318470
0.139200	2.449030
0.139300	3.416390
0.139400	7.769510
0.139500	2.449030
0.139600	-2.387770
0.139700	1.481670
0.139800	15.992100
0.139900	10.187900
0.140000	-0.936727
0.140100	-3.355130
0.140200	2.449030
0.140300	11.155300
0.140400	10.187900
0.140500	-1.420410
0.140600	4.383750
0.140700	8.253190
0.140800	4.383750
0.140900	4.383750
0.141000	1.481670
0.141100	4.383750
0.141200	12.122600
0.141300	8.253190
0.141400	10.187900
0.141500	13.090000
0.141600	6.318470
0.141700	1.965350
0.141800	6.318470
0.141900	7.285830
0.142000	10.187900
0.142100	-2.871450
0.142200	-3.355130
0.142300	-1.420410
0.142400	6.318470
0.142500	4.383750
0.142600	4.383750
0.142700	0.030633
0.142800	0.514313
0.142900	-3.355130
0.143000	-0.453047
0.143100	5.351110
0.143200	9.220550
0.143300	5.351110
0.143400	4.383750
0.143500	5.351110
0.143600	9.220550
0.143700	8.253190
0.143800	6.318470
0.143900	5.834790
0.144000	1.481670
0.144100	1.481670
0.144200	1.481670
0.144300	8.253190
0.144400	10.187900
0.144500	4.867430
0.144600	0.030633
0.144700	6.318470
0.144800	13.090000
0.144900	9.220550
0.145000	-2.387770
0.145100	-4.322490
0.145200	1.965350
0.145300	6.802150
0.145400	6.802150
0.145500	0.514313
0.145600	4.383750
0.145700	-5.289850
0.145800	-1.420410
0.145900	0.514313
0.146000	6.802150
0.146100	1.965350
0.146200	2.449030
0.146300	6.318470
0.146400	3.900070
0.146500	-10.126600
0.146600	-0.453047
0.146700	17.926800
0.146800	-1.420410
0.146900	-11.094000
0.147000	-1.420410
0.147100	8.253190
0.147200	14.057400
0.147300	5.351110
0.147400	-1.420410
0.147500	-1.904090
0.147600	-0.936727
0.147700	7.285830
0.147800	5.351110
0.147900	6.318470
0.148000	1.965350
0.148100	0.514313
0.148200	-0.453047
0.148300	4.383750
0.148400	0.514313
0.148500	3.900070
0.148600	0.514313
0.148700	-1.904090
0.148800	3.416390
0.148900	5.834790
0.149000	-0.936727
0.149100	-1.420410
0.149200	0.997993
0.149300	0.514313
0.149400	4.867430
0.149500	6.318470
0.149600	6.318470
0.149700	6.318470
0.149800	-1.420410
0.149900	1.481670
0.150000	5.834790
0.150100	4.867430
0.150200	6.318470
0.150300	6.318470
0.150400	5.351110
0.150500	-6.257210
0.150600	-11.094000
0.150700	-1.420410
0.150800	-0.936727
0.150900	4.383750
0.151000	4.383750
0.151100	2.932710
0.151200	-5.289850
0.151300	-5.289850
0.151400	2.932710
0.151500	-1.420410
0.151600	-5.289850
0.151700	2.449030
0.151800	-0.936727
0.151900	0.030633
0.152000	3.416390
0.152100	-0.453047
0.152200	-0.453047
0.152300	-1.420410
0.152400	-1.904090
0.152500	6.318470
0.152600	11.639000
0.152700	6.318470
0.152800	-7.224570
0.152900	-0.453047
0.153000	7.285830
0.153100	6.318470
0.153200	-1.420410
0.153300	2.449030
0.153400	2.449030
0.153500	4.383750
0.153600	3.900070
0.153700	4.867430
0.153800	-9.642970
0.153900	-6.257210
0.154000	6.318470
0.154100	5.351110
0.154200	3.900070
0.154300	5.351110
0.154400	0.514313
0.154500	-2.387770
0.154600	2.932710
0.154700	0.514313
0.154800	2.449030
0.154900	5.834790
0.155000	7.769510
0.155100	4.383750
0.155200	0.514313
0.155300	0.514313
0.155400	1.481670
0.155500	4.383750
0.155600	7.285830
0.155700	2.449030
0.155800	4.383750
0.155900	6.318470
0.156000	-1.420410
0.156100	-6.740890
0.156200	-11.094000
0.156300	-1.420410
0.156400	4.383750
0.156500	1.965350
0.156600	-1.420410
0.156700	-0.453047
0.156800	10.671600
0.156900	7.285830
0.157000	-5.289850
0.157100	-11.094000
0.157200	1.965350
0.157300	10.187900
0.157400	8.253190
0.157500	5.351110
0.157600	3.416390
0.157700	4.383750
0.157800	-1.420410
0.157900	0.514313
0.158000	4.383750
0.158100	1.481670
0.158200	-2.871450
0.158300	0.514313
0.158400	7.769510
0.158500	7.769510
0.158600	3.416390
0.158700	2.449030
0.158800	-2.387770
0.158900	-6.257210
0.159000	3.900070
0.159100	0.514313
0.159200	-9.159290
0.159300	-5.289850
0.159400	-1.420410
0.159500	1.481670
0.159600	6.318470
0.159700	-1.420410
0.159800	-5.289850
0.159900	-2.387770
0.160000	8.253190
0.160100	9.220550
0.160200	0.514313
0.160300	-8.191930
0.160400	-8.191930
0.160500	-5.289850
0.160600	2.932710
0.160700	1.481670
0.160800	-3.355130
0.160900	-1.420410
0.161000	-7.224570
0.161100	-6.257210
0.161200	2.449030
0.161300	-1.420410
0.161400	-1.420410
0.161500	-0.936727
0.161600	-4.806170
0.161700	-1.420410
0.161800	6.318470
0.161900	-2.387770
0.162000	-5.289850
0.162100	1.481670
0.162200	6.318470
0.162300	3.416390
0.162400	-3.355130
0.162500	-2.387770
0.162600	3.416390
0.162700	4.383750
0.162800	5.351110
0.162900	2.449030
0.163000	6.802150
0.163100	7.285830
0.163200	3.900070
0.163300	-1.420410
0.163400	1.481670
0.163500	0.514313
0.163600	-5.289850
0.163700	-1.420410
0.163800	1.965350
0.163900	1.481670
0.164000	0.514313
0.164100	1.481670
0.164200	5.351110
0.164300	6.318470
0.164400	8.253190
0.164500	8.253190
0.164600	-1.420410
0.164700	-7.224570
0.164800	0.997993
0.164900	13.573700
0.165000	15.992100
0.165100	9.704230
0.165200	-1.420410
0.165300	3.900070
0.165400	3.416390
0.165500	-2.387770
0.165600	-1.420410
0.165700	-0.453047
0.165800	-4.322490
0.165900	0.514313
0.166000	2.449030
0.166100	2.449030
0.166200	-1.420410
0.166300	-6.257210
0.166400	-2.387770
0.166500	4.383750
0.166600	7.285830
0.166700	-0.453047
0.166800	-1.420410
0.166900	1.481670
0.167000	-2.387770
0.167100	7.769510
0.167200	8.253190
0.167300	-1.904090
0.167400	0.514313
0.167500	-1.904090
0.167600	-2.387770
0.167700	10.187900
0.167800	0.030633
0.167900	-5.289850
0.168000	-0.453047
0.168100	4.867430
0.168200	14.541000
0.168300	10.187900
0.168400	6.318470
0.168500	5.351110
0.168600	-1.904090
0.168700	-2.871450
0.168800	4.383750
0.168900	2.932710
0.169000	-1.420410
0.169100	1.481670
0.169200	1.481670
0.169300	1.481670
0.169400	1.481670
0.169500	6.318470
0.169600	1.965350
0.169700	-0.453047
0.169800	3.416390
0.169900	15.024700
0.170000	3.900070
0.170100	-1.420410
0.170200	0.514313
0.170300	0.030633
0.170400	7.285830
0.170500	7.769510
0.170600	0.514313
0.170700	-2.387770
0.170800	0.030633
0.170900	4.383750
0.171000	8.253190
0.171100	7.285830
0.171200	-6.257210
0.171300	-3.838810
0.171400	17.443100
0.171500	9.704230
0.171600	0.997993
0.171700	-5.289850
0.171800	-6.740890
0.171900	3.416390
0.172000	4.383750
0.172100	9.220550
0.172200	8.253190
0.172300	-0.453047
0.172400	-5.289850
0.172500	-6.257210
0.172600	-2.387770
0.172700	4.383750
0.172800	2.449030
0.172900	0.514313
0.173000	-0.453047
0.173100	2.449030
0.173200	2.449030
0.173300	8.736870
0.173400	4.383750
0.173500	-2.387770
0.173600	-9.159290
0.173700	-11.094000
0.173800	-2.387770
0.173900	5.351110
0.174000	2.449030
0.174100	1.965350
0.174200	-0.453047
0.174300	-5.289850
0.174400	0.514313
0.174500	2.449030
0.174600	2.449030
0.174700	1.481670
0.174800	4.383750
0.174900	8.253190
0.175000	2.449030
0.175100	2.449030
0.175200	-8.191930
0.175300	-9.159290
0.175400	1.481670
0.175500	7.769510
0.175600	-1.904090
0.175700	-5.289850
0.175800	5.351110
0.175900	-2.387770
0.176000	-9.159290
0.176100	4.383750
0.176200	13.573700
0.176300	0.514313
0.176400	-1.420410
0.176500	2.449030
0.176600	-7.224570
0.176700	-2.387770
0.176800	0.514313
0.176900	1.965350
0.177000	-0.453047
0.177100	-3.838810
0.177200	6.318470
0.177300	4.383750
0.177400	-5.289850
0.177500	-2.387770
0.177600	3.900070
0.177700	1.965350
0.177800	9.220550
0.177900	6.318470
0.178000	-0.453047
0.178100	-5.289850
0.178200	-2.387770
0.178300	-3.355130
0.178400	8.253190
0.178500	10.187900
0.178600	0.030633
0.178700	-9.642970
0.178800	-9.159290
0.178900	-3.355130
0.179000	2.449030
0.179100	2.449030
0.179200	4.383750
0.179300	-6.740890
0.179400	-7.224570
0.179500	7.769510
0.179600	7.769510
0.179700	-6.740890
0.179800	-6.257210
0.179900	-1.420410
0.180000	9.220550
0.180100	12.122600
0.180200	11.155300
0.180300	0.514313
0.180400	2.449030
0.180500	2.449030
0.180600	5.351110
0.180700	9.220550
0.180800	5.351110
0.180900	-0.453047
0.181000	-1.420410
0.181100	-4.322490
0.181200	-10.126600
0.181300	-3.355130
0.181400	0.030633
0.181500	-1.904090
0.181600	-4.322490
0.181700	-5.289850
0.181800	11.155300
0.181900	3.416390
0.182000	-2.871450
0.182100	-0.936727
0.182200	-0.453047
0.182300	-5.289850
0.182400	4.383750
0.182500	7.285830
0.182600	3.416390
0.182700	0.030633
0.182800	-1.420410
0.182900	12.122600
0.183000	11.639000
0.183100	0.514313
0.183200	-6.257210
0.183300	0.514313
0.183400	6.318470
0.183500	8.253190
0.183600	0.030633
0.183700	1.481670
0.183800	-1.420410
0.183900	9.220550
0.184000	4.383750
0.184100	-3.838810
0.184200	0.514313
0.184300	5.351110
0.184400	-5.289850
0.184500	-2.387770
0.184600	9.704230
0.184700	12.122600
0.184800	8.253190
0.184900	5.834790
0.185000	1.965350
0.185100	6.318470
0.185200	4.383750
0.185300	0.030633
0.185400	-2.387770
0.185500	-0.936727
0.185600	1.965350
0.185700	10.187900
0.185800	10.187900
0.185900	-0.453047
0.186000	0.030633
0.186100	5.351110
0.186200	8.736870
0.186300	0.997993
0.186400	0.030633
0.186500	4.867430
0.186600	10.671600
0.186700	5.834790
0.186800	0.997993
0.186900	11.639000
0.187000	6.318470
0.187100	3.416390
0.187200	2.449030
0.187300	-7.224570
0.187400	9.220550
0.187500	7.769510
0.187600	0.514313
0.187700	1.965350
0.187800	8.253190
0.187900	1.481670
0.188000	3.416390
0.188100	6.318470
0.188200	-1.420410
0.188300	-1.420410
0.188400	4.383750
0.188500	0.514313
0.188600	-2.387770
0.188700	4.383750
0.188800	3.416390
0.188900	0.030633
0.189000	-0.453047
0.189100	5.351110
0.189200	4.383750
0.189300	-1.420410
0.189400	-2.387770
0.189500	-1.420410
0.189600	9.220550
0.189700	6.318470
0.189800	-1.420410
0.189900	8.253190
0.190000	2.449030
0.190100	1.965350
0.190200	7.769510
0.190300	9.220550
0.190400	13.090000
0.190500	-1.420410
0.190600	-5.289850
0.190700	0.997993
0.190800	2.449030
0.190900	5.351110
0.191000	1.481670
0.191100	0.514313
0.191200	2.449030
0.191300	1.481670
0.191400	-2.387770
0.191500	-6.257210
0.191600	-3.838810
0.191700	-1.904090
0.191800	0.514313
0.191900	0.514313
0.192000	9.220550
0.192100	7.769510
0.192200	-0.453047
0.192300	-2.387770
0.192400	-5.289850
0.192500	-4.322490
0.192600	7.285830
0.192700	10.187900
0.192800	3.416390
0.192900	-5.289850
0.193000	0.030633
0.193100	3.416390
0.193200	6.318470
0.193300	5.834790
0.193400	0.030633
0.193500	-0.453047
0.193600	2.449030
0.193700	14.057400
0.193800	5.351110
0.193900	-6.740890
0.194000	-5.289850
0.194100	-0.453047
0.194200	12.122600
0.194300	14.541000
0.194400	-6.257210
0.194500	-1.420410
0.194600	11.155300
0.194700	12.606300
0.194800	12.122600
0.194900	7.769510
0.195000	-0.936727
0.195100	0.030633
0.195200	4.383750
0.195300	5.351110
0.195400	2.449030
0.195500	2.449030
0.195600	-1.904090
0.195700	5.351110
0.195800	4.383750
0.195900	2.449030
0.196000	-1.420410
0.196100	0.514313
0.196200	6.318470
0.196300	4.383750
0.196400	1.481670
0.196500	10.187900
0.196600	0.514313
0.196700	-2.387770
0.196800	0.514313
0.196900	0.030633
0.197000	8.253190
0.197100	7.285830
0.197200	0.030633
0.197300	5.351110
0.197400	4.383750
0.197500	4.867430
0.197600	7.769510
0.197700	12.122600
0.197800	5.351110
0.197900	-8.191930
0.198000	-10.126600
0.198100	0.514313
0.198200	2.449030
0.198300	6.802150
0.198400	7.285830
0.198500	4.383750
0.198600	3.416390
0.198700	5.351110
0.198800	0.514313
0.198900	0.514313
0.199000	5.351110
0.199100	-1.420410
0.199200	0.030633
0.199300	6.318470
0.199400	0.514313
0.199500	-2.387770
0.199600	-1.904090
0.199700	-1.420410
0.199800	2.932710
0.199900	11.155300
0.200000	13.573700
0.200100	5.834790
0.200200	0.514313
0.200300	8.253190
0.200400	6.802150
0.200500	0.997993
0.200600	-1.420410
0.200700	8.253190
0.200800	9.220550
0.200900	5.351110
0.201000	6.802150
0.201100	2.449030
0.201200	0.030633
0.201300	3.416390
0.201400	3.900070
0.201500	3.416390
0.201600	0.030633
0.201700	-2.387770
0.201800	4.383750
0.201900	11.639000
0.202000	0.997993
0.202100	0.030633
0.202200	4.383750
0.202300	1.481670
0.202400	-1.420410
0.202500	5.351110
0.202600	5.834790
0.202700	1.965350
0.202800	3.416390
0.202900	-0.453047
0.203000	6.318470
0.203100	2.449030
0.203200	6.318470
0.203300	6.318470
0.203400	-1.420410
0.203500	-3.355130
0.203600	2.932710
0.203700	2.449030
0.203800	5.834790
0.203900	8.253190
0.204000	5.351110
0.204100	-3.355130
0.204200	-2.871450
0.204300	4.383750
0.204400	1.965350
0.204500	-0.453047
0.204600	-6.257210
0.204700	-2.387770
0.204800	1.481670
0.204900	-1.420410
0.205000	-9.159290
0.205100	-11.094000
0.205200	-1.904090
0.205300	2.449030
0.205400	-3.355130
0.205500	1.481670
0.205600	2.449030
0.205700	-6.257210
0.205800	-6.257210
0.205900	2.449030
0.206000	4.383750
0.206100	-2.387770
0.206200	-0.453047
0.206300	0.514313
0.206400	1.481670
0.206500	0.514313
0.206600	5.351110
0.206700	-0.453047
0.206800	-8.191930
0.206900	-1.420410
0.207000	0.514313
0.207100	-1.420410
0.207200	2.932710
0.207300	-4.322490
0.207400	-3.355130
0.207500	8.253190
0.207600	0.514313
0.207700	-4.322490
0.207800	-1.420410
0.207900	-2.387770
0.208000	4.383750
0.208100	5.834790
0.208200	2.449030
0.208300	4.383750
0.208400	6.318470
0.208500	-0.453047
0.208600	-7.224570
0.208700	2.449030
0.208800	3.900070
0.208900	-3.355130
0.209000	-5.289850
0.209100	0.514313
0.209200	4.867430
0.209300	6.318470
0.209400	1.965350
0.209500	-5.773530
0.209600	-3.355130
0.209700	10.187900
0.209800	6.318470
0.209900	-11.094000
0.210000	-4.322490
0.210100	1.481670
0.210200	-0.936727
0.210300	0.030633
0.210400	-0.453047
0.210500	5.351110
0.210600	-2.387770
0.210700	-0.936727
0.210800	4.867430
0.210900	0.514313
0.211000	-1.420410
0.211100	0.514313
0.211200	2.932710
0.211300	6.802150
0.211400	8.253190
0.211500	1.965350
0.211600	8.253190
0.211700	-1.420410
0.211800	-9.159290
0.211900	4.383750
0.212000	7.285830
0.212100	-2.871450
0.212200	-1.420410
0.212300	7.285830
0.212400	11.639000
0.212500	-2.387770
0.212600	-1.420410
0.212700	10.187900
0.212800	-0.453047
0.212900	1.481670
0.213000	2.449030
0.213100	-5.289850
0.213200	0.030633
0.213300	-0.936727
0.213400	1.481670
0.213500	13.090000
0.213600	0.514313
0.213700	-11.094000
0.213800	-6.257210
0.213900	-2.387770
0.214000	2.449030
0.214100	0.514313
0.214200	-2.387770
0.214300	3.416390
0.214400	2.449030
0.214500	-1.420410
0.214600	-1.420410
0.214700	6.318470
0.214800	7.769510
0.214900	0.514313
0.215000	-0.936727
0.215100	0.514313
0.215200	12.122600
0.215300	10.187900
0.215400	-3.355130
0.215500	-5.289850
0.215600	1.481670
0.215700	5.834790
0.215800	3.416390
0.215900	4.383750
0.216000	4.383750
0.216100	-3.355130
0.216200	-3.355130
0.216300	2.449030
0.216400	7.285830
0.216500	10.187900
0.216600	-2.387770
0.216700	-5.289850
0.216800	6.318470
0.216900	10.671600
0.217000	2.932710
0.217100	3.416390
0.217200	6.318470
0.217300	-1.904090
0.217400	5.351110
0.217500	12.122600
0.217600	4.867430
0.217700	-9.159290
0.217800	-0.453047
0.217900	5.351110
0.218000	4.383750
0.218100	2.449030
0.218200	-1.420410
0.218300	2.932710
0.218400	-0.453047
0.218500	-8.191930
0.218600	-5.289850
0.218700	11.639000
0.218800	10.187900
0.218900	-1.420410
0.219000	1.481670
0.219100	6.318470
0.219200	7.769510
0.219300	14.057400
0.219400	13.573700
0.219500	0.030633
0.219600	-1.420410
0.219700	13.573700
0.219800	11.155300
0.219900	-5.289850
0.220000	-1.420410
0.220100	0.514313
0.220200	-2.387770
0.220300	2.449030
0.220400	4.383750
0.220500	5.834790
0.220600	6.318470
0.220700	4.383750
0.220800	10.187900
0.220900	6.318470
0.221000	0.514313
0.221100	-0.936727
0.221200	-1.420410
0.221300	4.383750
0.221400	7.285830
0.221500	7.285830
0.221600	4.383750
0.221700	0.030633
0.221800	0.030633
0.221900	11.155300
0.222000	7.285830
0.222100	6.318470
0.222200	4.867430
0.222300	3.416390
0.222400	6.318470
0.222500	7.285830
0.222600	2.449030
0.222700	4.383750
0.222800	-1.420410
0.222900	0.997993
0.223000	15.992100
0.223100	9.220550
0.223200	-2.387770
0.223300	0.997993
0.223400	5.351110
0.223500	-1.420410
0.223600	0.030633
0.223700	8.253190
0.223800	5.834790
0.223900	-5.289850
0.224000	7.285830
0.224100	14.057400
0.224200	8.253190
0.224300	6.802150
0.224400	6.318470
0.224500	11.155300
0.224600	11.639000
0.224700	-1.420410
0.224800	-2.387770
0.224900	4.383750
0.225000	10.187900
0.225100	6.318470
0.225200	7.285830
0.225300	8.253190
0.225400	-1.420410
0.225500	-7.224570
0.225600	2.932710
0.225700	11.155300
0.225800	1.481670
0.225900	5.351110
0.226000	7.769510
0.226100	6.318470
0.226200	3.900070
0.226300	-1.420410
0.226400	-5.289850
0.226500	0.514313
0.226600	0.997993
0.226700	2.449030
0.226800	12.122600
0.226900	3.416390
0.227000	-6.257210
0.227100	1.481670
0.227200	14.057400
0.227300	4.383750
0.227400	1.481670
0.227500	4.867430
0.227600	6.318470
0.227700	3.416390
0.227800	0.514313
0.227900	5.351110
0.228000	-3.838810
0.228100	-0.453047
0.228200	4.383750
0.228300	1.481670
0.228400	6.318470
0.228500	5.834790
0.228600	-3.355130
0.228700	-5.289850
0.228800	-10.126600
0.228900	-2.387770
0.229000	3.416390
0.229100	-1.904090
0.229200	-4.322490
0.229300	-5.289850
0.229400	-5.773530
0.229500	0.997993
0.229600	-0.936727
0.229700	-1.904090
0.229800	5.351110
0.229900	-0.453047
0.230000	-5.289850
0.230100	-6.257210
0.230200	-3.355130
0.230300	-3.355130
0.230400	-5.289850
0.230500	-1.420410
0.230600	2.449030
0.230700	9.220550
0.230800	6.802150
0.230900	1.481670
0.231000	-4.322490
0.231100	2.449030
0.231200	14.057400
0.231300	4.383750
0.231400	-2.387770
0.231500	-1.420410
0.231600	1.965350
0.231700	12.122600
0.231800	13.090000
0.231900	7.285830
0.232000	-1.420410
0.232100	1.965350
0.232200	4.867430
0.232300	9.220550
0.232400	0.030633
0.232500	2.449030
0.232600	5.834790
0.232700	0.514313
0.232800	7.769510
0.232900	8.253190
0.233000	3.900070
0.233100	2.449030
0.233200	4.383750
0.233300	7.769510
0.233400	-5.289850
0.233500	-5.289850
0.233600	3.416390
0.233700	2.449030
0.233800	-7.224570
0.233900	-3.355130
0.234000	9.220550
0.234100	5.834790
0.234200	-3.355130
0.234300	-5.289850
0.234400	1.481670
0.234500	7.769510
0.234600	5.351110
0.234700	4.383750
0.234800	-0.453047
0.234900	-11.577700
0.235000	-0.453047
0.235100	13.090000
0.235200	16.959400
0.235300	-9.159290
0.235400	-11.577700
0.235500	-1.420410
0.235600	7.769510
0.235700	6.802150
0.235800	1.481670
0.235900	2.449030
0.236000	8.736870
0.236100	-2.387770
0.236200	-5.289850
0.236300	6.318470
0.236400	1.481670
0.236500	-6.740890
0.236600	-2.387770
0.236700	0.514313
0.236800	-0.936727
0.236900	-1.420410
0.237000	-1.420410
0.237100	1.481670
0.237200	1.965350
0.237300	0.030633
0.237400	-1.904090
0.237500	-0.453047
0.237600	6.318470
0.237700	8.253190
0.237800	-4.322490
0.237900	-3.838810
0.238000	7.769510
0.238100	5.351110
0.238200	5.351110
0.238300	-0.453047
0.238400	1.481670
0.238500	5.351110
0.238600	2.449030
0.238700	0.514313
0.238800	8.253190
0.238900	1.481670
0.239000	3.900070
0.239100	5.351110
0.239200	3.900070
0.239300	-1.420410
0.239400	0.030633
0.239500	7.285830
0.239600	2.449030
0.239700	1.481670
0.239800	8.253190
0.239900	-1.420410
0.240000	-8.675610
0.240100	6.318470
0.240200	13.090000
0.240300	12.122600
0.240400	-2.387770
0.240500	-10.610300
0.240600	0.514313
0.240700	12.122600
0.240800	14.057400
0.240900	6.318470
0.241000	2.932710
0.241100	4.383750
0.241200	8.253190
0.241300	6.318470
0.241400	2.449030
0.241500	1.481670
0.241600	2.932710
0.241700	4.383750
0.241800	0.514313
0.241900	4.383750
0.242000	5.351110
0.242100	1.481670
0.242200	7.285830
0.242300	8.736870
0.242400	1.481670
0.242500	0.514313
0.242600	9.220550
0.242700	3.416390
0.242800	-1.420410
0.242900	7.769510
0.243000	6.318470
0.243100	5.351110
0.243200	2.449030
0.243300	-5.289850
0.243400	1.481670
0.243500	6.802150
0.243600	11.639000
0.243700	9.704230
0.243800	12.606300
0.243900	6.318470
0.244000	-5.289850
0.244100	2.449030
0.244200	7.285830
0.244300	2.449030
0.244400	-0.453047
0.244500	5.834790
0.244600	1.481670
0.244700	9.220550
0.244800	0.514313
0.244900	-3.838810
0.245000	0.514313
0.245100	7.285830
0.245200	7.285830
0.245300	5.351110
0.245400	3.900070
0.245500	6.318470
0.245600	2.932710
0.245700	10.187900
0.245800	13.090000
0.245900	2.449030
0.246000	3.416390
0.246100	3.416390
0.246200	3.416390
0.246300	7.285830
0.246400	6.318470
0.246500	-3.355130
0.246600	-3.355130
0.246700	11.155300
0.246800	10.187900
0.246900	-3.355130
0.247000	-8.191930
0.247100	-0.453047
0.247200	4.383750
0.247300	11.155300
0.247400	6.802150
0.247500	3.416390
0.247600	4.383750
0.247700	7.769510
0.247800	0.514313
0.247900	0.514313
0.248000	0.514313
0.248100	3.900070
0.248200	4.383750
0.248300	2.449030
0.248400	12.122600
0.248500	10.187900
0.248600	5.351110
0.248700	5.351110
0.248800	11.155300
0.248900	5.351110
0.249000	11.155300
0.249100	14.057400
0.249200	5.351110
0.249300	4.383750
0.249400	1.965350
0.249500	0.514313
0.249600	10.187900
0.249700	9.704230
0.249800	-0.453047
0.249900	-6.257210
0.250000	0.514313
0.250100	4.383750
0.250200	-0.453047
0.250300	2.449030
0.250400	6.318470
0.250500	-1.904090
0.250600	-9.159290
0.250700	-3.355130
0.250800	11.155300
0.250900	10.187900
0.251000	-1.420410
0.251100	-2.387770
0.251200	9.220550
0.251300	11.155300
0.251400	-3.838810
0.251500	0.514313
0.251600	-1.420410
0.251700	-1.420410
0.251800	6.318470
0.251900	7.769510
0.252000	4.383750
0.252100	4.383750
0.252200	0.514313
0.252300	-2.387770
0.252400	2.449030
0.252500	-0.453047
0.252600	0.030633
0.252700	3.900070
0.252800	4.383750
0.252900	5.351110
0.253000	4.383750
0.253100	-2.387770
0.253200	2.449030
0.253300	-1.420410
0.253400	-1.420410
0.253500	3.900070
0.253600	4.383750
0.253700	-1.420410
0.253800	-0.453047
0.253900	7.285830
0.254000	12.122600
0.254100	3.416390
0.254200	-1.904090
0.254300	-1.420410
0.254400	0.514313
0.254500	10.187900
0.254600	11.639000
0.254700	8.253190
0.254800	6.318470
0.254900	6.318470
0.255000	6.318470
0.255100	6.318470
0.255200	2.932710
0.255300	1.481670
0.255400	1.481670
0.255500	-1.420410
0.255600	-2.387770
0.255700	5.351110
0.255800	1.481670
0.255900	2.449030
0.256000	-1.420410
0.256100	2.449030
0.256200	8.253190
0.256300	5.351110
0.256400	1.481670
0.256500	1.965350
0.256600	4.867430
0.256700	11.639000
0.256800	5.351110
0.256900	3.416390
0.257000	9.220550
0.257100	0.514313
0.257200	-11.094000
0.257300	5.834790
0.257400	15.508400
0.257500	3.900070
0.257600	-5.289850
0.257700	-9.159290
0.257800	0.514313
0.257900	14.057400
0.258000	13.090000
0.258100	-5.289850
0.258200	-1.420410
0.258300	3.416390
0.258400	1.965350
0.258500	6.318470
0.258600	4.383750
0.258700	7.769510
0.258800	-1.420410
0.258900	-9.159290
0.259000	4.383750
0.259100	13.090000
0.259200	1.481670
0.259300	2.449030
0.259400	5.351110
0.259500	1.965350
0.259600	7.769510
0.259700	1.965350
0.259800	-2.387770
0.259900	-3.355130
0.260000	-9.159290
0.260100	0.997993
0.260200	-1.420410
0.260300	4.867430
0.260400	1.481670
0.260500	-9.159290
0.260600	-1.420410
0.260700	0.997993
0.260800	-7.224570
0.260900	-1.420410
0.261000	6.802150
0.261100	-1.420410
0.261200	-1.420410
0.261300	2.932710
0.261400	4.867430
0.261500	-0.453047
0.261600	-3.355130
0.261700	6.318470
0.261800	0.514313
0.261900	-3.355130
0.262000	-4.322490
0.262100	-1.420410
0.262200	1.965350
0.262300	-6.257210
0.262400	-2.387770
0.262500	-2.871450
0.262600	1.481670
0.262700	6.318470
0.262800	0.514313
0.262900	4.383750
0.263000	14.057400
0.263100	8.736870
0.263200	2.449030
0.263300	3.416390
0.263400	9.220550
0.263500	-1.904090
0.263600	-5.289850
0.263700	5.351110
0.263800	6.318470
0.263900	4.383750
0.264000	0.514313
0.264100	-1.420410
0.264200	-0.453047
0.264300	-3.355130
0.264400	6.318470
0.264500	-1.420410
0.264600	-1.420410
0.264700	6.318470
0.264800	0.030633
0.264900	3.416390
0.265000	9.220550
0.265100	2.449030
0.265200	-0.453047
0.265300	-5.289850
0.265400	4.383750
0.265500	4.867430
0.265600	-0.453047
0.265700	2.449030
0.265800	8.253190
0.265900	2.449030
0.266000	-5.773530
0.266100	4.383750
0.266200	6.802150
0.266300	6.318470
0.266400	-5.289850
0.266500	-3.355130
0.266600	5.351110
0.266700	2.449030
0.266800	0.514313
0.266900	4.383750
0.267000	14.057400
0.267100	3.900070
0.267200	7.769510
0.267300	0.997993
0.267400	5.834790
0.267500	6.318470
0.267600	-8.675610
0.267700	-0.453047
0.267800	-1.420410
0.267900	-3.355130
0.268000	2.449030
0.268100	2.449030
0.268200	3.900070
0.268300	1.965350
0.268400	10.187900
0.268500	6.802150
0.268600	-2.871450
0.268700	-3.355130
0.268800	4.383750
0.268900	-7.224570
0.269000	-2.387770
0.269100	5.351110
0.269200	1.481670
0.269300	-2.871450
0.269400	-0.453047
0.269500	9.220550
0.269600	3.416390
0.269700	-9.159290
0.269800	-2.387770
0.269900	2.449030
0.270000	4.383750
0.270100	10.187900
0.270200	1.481670
0.270300	-1.420410
0.270400	4.383750
0.270500	7.769510
0.270600	6.318470
0.270700	5.834790
0.270800	4.867430
0.270900	-11.094000
0.271000	-9.642970
0.271100	4.867430
0.271200	6.318470
0.271300	-0.453047
0.271400	6.318470
0.271500	0.514313
0.271600	-0.453047
0.271700	14.057400
0.271800	9.220550
0.271900	2.932710
0.272000	-6.257210
0.272100	-6.257210
0.272200	4.383750
0.272300	2.449030
0.272400	-11.094000
0.272500	-3.355130
0.272600	-1.904090
0.272700	-2.871450
0.272800	0.030633
0.272900	6.318470
0.273000	-5.773530
0.273100	-9.159290
0.273200	2.449030
0.273300	12.122600
0.273400	7.285830
0.273500	0.030633
0.273600	-1.420410
0.273700	-0.453047
0.273800	1.965350
0.273900	10.187900
0.274000	11.155300
0.274100	1.481670
0.274200	-4.322490
0.274300	2.449030
0.274400	5.351110
0.274500	-0.453047
0.274600	-3.355130
0.274700	-4.322490
0.274800	-5.773530
0.274900	-1.420410
0.275000	3.416390
0.275100	7.769510
0.275200	1.481670
0.275300	-2.387770
0.275400	-2.387770
0.275500	5.351110
0.275600	8.253190
0.275700	-6.257210
0.275800	-8.191930
0.275900	-3.355130
0.276000	-1.420410
0.276100	13.573700
0.276200	7.769510
0.276300	1.965350
0.276400	1.965350
0.276500	1.965350
0.276600	2.449030
0.276700	6.318470
0.276800	0.997993
0.276900	-6.257210
0.277000	-7.708250
0.277100	0.514313
0.277200	5.351110
0.277300	4.383750
0.277400	5.351110
0.277500	2.449030
0.277600	-0.453047
0.277700	6.318470
0.277800	10.187900
0.277900	5.351110
0.278000	-2.387770
0.278100	-0.453047
0.278200	6.318470
0.278300	8.253190
0.278400	10.187900
0.278500	8.736870
0.278600	5.351110
0.278700	-0.453047
0.278800	12.606300
0.278900	14.057400
0.279000	-1.420410
0.279100	2.449030
0.279200	5.351110
0.279300	0.514313
0.279400	11.155300
0.279500	12.122600
0.279600	6.318470
0.279700	-4.322490
0.279800	-13.996100
0.279900	0.514313
0.280000	5.351110
0.280100	3.900070
0.280200	2.449030
0.280300	6.318470
0.280400	9.704230
0.280500	-1.420410
0.280600	0.514313
0.280700	5.351110
0.280800	0.514313
0.280900	-2.387770
0.281000	4.867430
0.281100	7.285830
0.281200	8.253190
0.281300	5.351110
0.281400	-5.773530
0.281500	-1.420410
0.281600	6.318470
0.281700	13.090000
0.281800	6.802150
0.281900	-6.257210
0.282000	0.514313
0.282100	12.122600
0.282200	8.253190
0.282300	7.769510
0.282400	9.220550
0.282500	-2.387770
0.282600	2.449030
0.282700	8.253190
0.282800	-2.387770
0.282900	2.449030
0.283000	-5.289850
0.283100	-3.355130
0.283200	12.122600
0.283300	6.318470
0.283400	-2.387770
0.283500	8.253190
0.283600	6.318470
0.283700	4.383750
0.283800	9.220550
0.283900	-0.453047
0.284000	-5.289850
0.284100	0.514313
0.284200	-1.420410
0.284300	-1.420410
0.284400	10.187900
0.284500	4.383750
0.284600	-0.936727
0.284700	6.318470
0.284800	2.932710
0.284900	1.481670
0.285000	2.449030
0.285100	5.351110
0.285200	0.514313
0.285300	-1.420410
0.285400	-5.289850
0.285500	2.449030
0.285600	8.736870
0.285700	7.285830
0.285800	0.514313
0.285900	-3.355130
0.286000	-3.355130
0.286100	6.318470
0.286200	10.187900
0.286300	0.514313
0.286400	-1.420410
0.286500	5.834790
0.286600	8.253190
0.286700	8.253190
0.286800	7.285830
0.286900	-7.224570
0.287000	-1.420410
0.287100	7.285830
0.287200	7.285830
0.287300	5.351110
0.287400	0.514313
0.287500	-2.387770
0.287600	-1.420410
0.287700	-0.936727
0.287800	-1.420410
0.287900	-5.289850
0.288000	-7.224570
0.288100	-2.387770
0.288200	4.867430
0.288300	10.187900
0.288400	6.318470
0.288500	2.449030
0.288600	-2.387770
0.288700	5.834790
0.288800	6.318470
0.288900	6.318470
0.289000	0.514313
0.289100	0.030633
0.289200	-1.904090
0.289300	0.514313
0.289400	0.030633
0.289500	-2.387770
0.289600	-3.838810
0.289700	1.481670
0.289800	6.318470
0.289900	6.318470
0.290000	2.449030
0.290100	-1.420410
0.290200	0.997993
0.290300	5.351110
0.290400	11.155300
0.290500	1.481670
0.290600	-7.224570
0.290700	-5.289850
0.290800	-2.871450
0.290900	-3.355130
0.291000	9.704230
0.291100	5.834790
0.291200	-5.289850
0.291300	-0.936727
0.291400	-2.387770
0.291500	-1.420410
0.291600	0.514313
0.291700	11.639000
0.291800	0.030633
0.291900	1.481670
0.292000	9.220550
0.292100	-4.322490
0.292200	-3.355130
0.292300	12.122600
0.292400	6.318470
0.292500	-3.838810
0.292600	-0.936727
0.292700	0.030633
0.292800	6.318470
0.292900	0.997993
0.293000	1.965350
0.293100	9.704230
0.293200	4.383750
0.293300	3.416390
0.293400	1.481670
0.293500	-3.355130
0.293600	0.514313
0.293700	5.351110
0.293800	0.514313
0.293900	1.481670
0.294000	9.220550
0.294100	3.900070
0.294200	1.481670
0.294300	1.481670
0.294400	0.030633
0.294500	0.030633
0.294600	-2.387770
0.294700	4.383750
0.294800	0.514313
0.294900	5.351110
0.295000	6.318470
0.295100	-2.871450
0.295200	0.514313
0.295300	2.449030
0.295400	0.997993
0.295500	4.383750
0.295600	6.802150
0.295700	12.122600
0.295800	-0.453047
0.295900	-2.871450
0.296000	1.965350
0.296100	-7.224570
0.296200	-0.936727
0.296300	7.285830
0.296400	-7.708250
0.296500	-8.675610
0.296600	0.514313
0.296700	-3.355130
0.296800	-1.420410
0.296900	6.802150
0.297000	7.769510
0.297100	0.514313
0.297200	3.900070
0.297300	7.285830
0.297400	-0.936727
0.297500	-5.289850
0.297600	0.514313
0.297700	2.449030
0.297800	-2.387770
0.297900	-0.453047
0.298000	4.867430
0.298100	0.514313
0.298200	5.351110
0.298300	9.704230
0.298400	7.285830
0.298500	3.900070
0.298600	3.900070
0.298700	0.030633
0.298800	-2.387770
0.298900	2.932710
0.299000	0.514313
0.299100	1.481670
0.299200	5.351110
0.299300	-1.420410
0.299400	-10.126600
0.299500	-2.387770
0.299600	8.253190
0.299700	7.285830
0.299800	-1.420410
0.299900	-5.289850
