-0.050000	15.167500
-0.049900	34.326500
-0.049800	53.485401
-0.049700	91.803299
-0.049600	206.757004
-0.049500	168.438995
-0.049400	110.961998
-0.049300	53.485401
-0.049200	53.485401
-0.049100	-90.206703
-0.049000	-61.468300
-0.048900	34.326500
-0.048800	-13.570900
-0.048700	-42.309399
-0.048600	-13.570900
-0.048500	-99.786201
-0.048400	-61.468300
-0.048300	15.167500
-0.048200	-23.150400
-0.048100	91.803299
-0.048000	53.485401
-0.047900	5.588030
-0.047800	-3.991450
-0.047700	-3.991450
-0.047600	-32.729900
-0.047500	-32.729900
-0.047400	-23.150400
-0.047300	24.747000
-0.047200	34.326500
-0.047100	24.747000
-0.047000	-32.729900
-0.046900	-80.627296
-0.046800	-80.627296
-0.046700	-42.309399
-0.046600	34.326500
-0.046500	15.167500
-0.046400	-118.945000
-0.046300	-99.786201
-0.046200	-3.991450
-0.046100	-23.150400
-0.046000	-32.729900
-0.045900	-61.468300
-0.045800	-32.729900
-0.045700	53.485401
-0.045600	-32.729900
-0.045500	15.167500
-0.045400	91.803299
-0.045300	53.485401
-0.045200	72.644402
-0.045100	53.485401
-0.045000	-118.945000
-0.044900	-51.888802
-0.044800	24.747000
-0.044700	110.961998
-0.044600	53.485401
-0.044500	-23.150400
-0.044400	15.167500
-0.044300	-3.991450
-0.044200	-13.570900
-0.044100	-42.309399
-0.044000	-42.309399
-0.043900	-61.468300
-0.043800	-42.309399
-0.043700	-71.047798
-0.043600	43.905899
-0.043500	91.803299
-0.043400	53.485401
-0.043300	34.326500
-0.043200	-42.309399
-0.043100	-32.729900
-0.043000	-80.627296
-0.042900	-42.309399
-0.042800	-13.570900
-0.042700	5.588030
-0.042600	-13.570900
-0.042500	-23.150400
-0.042400	-3.991450
-0.042300	63.064899
-0.042200	63.064899
-0.042100	-51.888802
-0.042000	-13.570900
-0.041900	-23.150400
-0.041800	-42.309399
-0.041700	-71.047798
-0.041600	34.326500
-0.041500	110.961998
-0.041400	34.326500
-0.041300	5.588030
-0.041200	34.326500
-0.041100	53.485401
-0.041000	-80.627296
-0.040900	-42.309399
-0.040800	34.326500
-0.040700	53.485401
-0.040600	53.485401
-0.040500	-13.570900
-0.040400	-42.309399
-0.040300	-42.309399
-0.040200	-109.365997
-0.040100	-80.627296
-0.040000	-3.991450
-0.039900	34.326500
-0.039800	43.905899
-0.039700	-42.309399
-0.039600	15.167500
-0.039500	91.803299
-0.039400	5.588030
-0.039300	-109.365997
-0.039200	-80.627296
-0.039100	34.326500
-0.039000	-42.309399
-0.038900	-42.309399
-0.038800	34.326500
-0.038700	-23.150400
-0.038600	-61.468300
-0.038500	15.167500
-0.038400	15.167500
-0.038300	34.326500
-0.038200	-3.991450
-0.038100	-51.888802
-0.038000	-42.309399
-0.037900	-118.945000
-0.037800	-61.468300
-0.037700	-3.991450
-0.037600	53.485401
-0.037500	43.905899
-0.037400	-13.570900
-0.037300	72.644402
-0.037200	197.177994
-0.037100	34.326500
-0.037000	-80.627296
-0.036900	-61.468300
-0.036800	-23.150400
-0.036700	24.747000
-0.036600	-3.991450
-0.036500	-42.309399
-0.036400	-51.888802
-0.036300	72.644402
-0.036200	72.644402
-0.036100	53.485401
-0.036000	-42.309399
-0.035900	-61.468300
-0.035800	-42.309399
-0.035700	24.747000
-0.035600	15.167500
-0.035500	-32.729900
-0.035400	-3.991450
-0.035300	15.167500
-0.035200	82.223801
-0.035100	91.803299
-0.035000	34.326500
-0.034900	5.588030
-0.034800	-80.627296
-0.034700	-80.627296
-0.034600	-80.627296
-0.034500	-80.627296
-0.034400	-61.468300
-0.034300	53.485401
-0.034200	63.064899
-0.034100	53.485401
-0.034000	34.326500
-0.033900	34.326500
-0.033800	101.383003
-0.033700	110.961998
-0.033600	53.485401
-0.033500	-13.570900
-0.033400	-32.729900
-0.033300	-42.309399
-0.033200	-42.309399
-0.033100	-23.150400
-0.033000	-23.150400
-0.032900	15.167500
-0.032800	-3.991450
-0.032700	-23.150400
-0.032600	53.485401
-0.032500	34.326500
-0.032400	63.064899
-0.032300	15.167500
-0.032200	5.588030
-0.032100	53.485401
-0.032000	72.644402
-0.031900	15.167500
-0.031800	24.747000
-0.031700	-42.309399
-0.031600	5.588030
-0.031500	-42.309399
-0.031400	-42.309399
-0.031300	15.167500
-0.031200	-13.570900
-0.031100	-23.150400
-0.031000	-23.150400
-0.030900	-61.468300
-0.030800	-90.206703
-0.030700	-80.627296
-0.030600	15.167500
-0.030500	72.644402
-0.030400	-13.570900
-0.030300	-42.309399
-0.030200	-23.150400
-0.030100	-80.627296
-0.030000	101.383003
-0.029900	72.644402
-0.029800	-13.570900
-0.029700	72.644402
-0.029600	72.644402
-0.029500	5.588030
-0.029400	43.905899
-0.029300	72.644402
-0.029200	72.644402
-0.029100	53.485401
-0.029000	24.747000
-0.028900	53.485401
-0.028800	53.485401
-0.028700	-61.468300
-0.028600	53.485401
-0.028500	91.803299
-0.028400	24.747000
-0.028300	-42.309399
-0.028200	24.747000
-0.028100	63.064899
-0.028000	53.485401
-0.027900	53.485401
-0.027800	24.747000
-0.027700	-80.627296
-0.027600	-61.468300
-0.027500	-42.309399
-0.027400	-23.150400
-0.027300	-3.991450
-0.027200	-61.468300
-0.027100	-118.945000
-0.027000	-90.206703
-0.026900	-13.570900
-0.026800	15.167500
-0.026700	-71.047798
-0.026600	34.326500
-0.026500	91.803299
-0.026400	149.279999
-0.026300	178.018997
-0.026200	-61.468300
-0.026100	-138.104004
-0.026000	-23.150400
-0.025900	15.167500
-0.025800	-13.570900
-0.025700	-23.150400
-0.025600	15.167500
-0.025500	-23.150400
-0.025400	-42.309399
-0.025300	-23.150400
-0.025200	-3.991450
-0.025100	-51.888802
-0.025000	15.167500
-0.024900	5.588030
-0.024800	-80.627296
-0.024700	-13.570900
-0.024600	43.905899
-0.024500	5.588030
-0.024400	24.747000
-0.024300	34.326500
-0.024200	-13.570900
-0.024100	24.747000
-0.024000	72.644402
-0.023900	82.223801
-0.023800	-13.570900
-0.023700	-42.309399
-0.023600	34.326500
-0.023500	72.644402
-0.023400	72.644402
-0.023300	-32.729900
-0.023200	-157.263000
-0.023100	-71.047798
-0.023000	-128.524994
-0.022900	-32.729900
-0.022800	24.747000
-0.022700	-23.150400
-0.022600	15.167500
-0.022500	-90.206703
-0.022400	-71.047798
-0.022300	34.326500
-0.022200	-3.991450
-0.022100	-61.468300
-0.022000	-80.627296
-0.021900	-51.888802
-0.021800	24.747000
-0.021700	15.167500
-0.021600	-3.991450
-0.021500	-23.150400
-0.021400	15.167500
-0.021300	15.167500
-0.021200	53.485401
-0.021100	63.064899
-0.021000	72.644402
-0.020900	187.598007
-0.020800	110.961998
-0.020700	5.588030
-0.020600	-61.468300
-0.020500	-61.468300
-0.020400	34.326500
-0.020300	130.121002
-0.020200	139.701004
-0.020100	-23.150400
-0.020000	-128.524994
-0.019900	-118.945000
-0.019800	15.167500
-0.019700	5.588030
-0.019600	-32.729900
-0.019500	24.747000
-0.019400	-23.150400
-0.019300	-128.524994
-0.019200	-99.786201
-0.019100	5.588030
-0.019000	34.326500
-0.018900	101.383003
-0.018800	-3.991450
-0.018700	5.588030
-0.018600	-61.468300
-0.018500	-32.729900
-0.018400	63.064899
-0.018300	43.905899
-0.018200	-99.786201
-0.018100	-61.468300
-0.018000	-32.729900
-0.017900	82.223801
-0.017800	53.485401
-0.017700	63.064899
-0.017600	34.326500
-0.017500	-109.365997
-0.017400	15.167500
-0.017300	53.485401
-0.017200	-80.627296
-0.017100	-90.206703
-0.017000	-80.627296
-0.016900	-118.945000
-0.016800	-80.627296
-0.016700	34.326500
-0.016600	120.542000
-0.016500	-3.991450
-0.016400	-99.786201
-0.016300	-42.309399
-0.016200	-23.150400
-0.016100	15.167500
-0.016000	-42.309399
-0.015900	-99.786201
-0.015800	-80.627296
-0.015700	91.803299
-0.015600	82.223801
-0.015500	-23.150400
-0.015400	72.644402
-0.015300	-13.570900
-0.015200	34.326500
-0.015100	91.803299
-0.015000	-3.991450
-0.014900	-23.150400
-0.014800	-42.309399
-0.014700	-13.570900
-0.014600	63.064899
-0.014500	-61.468300
-0.014400	-90.206703
-0.014300	-3.991450
-0.014200	72.644402
-0.014100	91.803299
-0.014000	72.644402
-0.013900	-51.888802
-0.013800	-32.729900
-0.013700	-3.991450
-0.013600	91.803299
-0.013500	72.644402
-0.013400	34.326500
-0.013300	5.588030
-0.013200	5.588030
-0.013100	-3.991450
-0.013000	-61.468300
-0.012900	-61.468300
-0.012800	-42.309399
-0.012700	15.167500
-0.012600	-23.150400
-0.012500	5.588030
-0.012400	-32.729900
-0.012300	-99.786201
-0.012200	15.167500
-0.012100	72.644402
-0.012000	120.542000
-0.011900	53.485401
-0.011800	-23.150400
-0.011700	24.747000
-0.011600	168.438995
-0.011500	43.905899
-0.011400	-80.627296
-0.011300	5.588030
-0.011200	-23.150400
-0.011100	15.167500
-0.011000	-42.309399
-0.010900	-61.468300
-0.010800	-42.309399
-0.010700	-23.150400
-0.010600	53.485401
-0.010500	-32.729900
-0.010400	-128.524994
-0.010300	-13.570900
-0.010200	63.064899
-0.010100	-32.729900
-0.010000	-23.150400
-0.009900	34.326500
-0.009800	15.167500
-0.009700	34.326500
-0.009600	-71.047798
-0.009500	5.588030
-0.009400	34.326500
-0.009300	53.485401
-0.009200	-51.888802
-0.009100	-109.365997
-0.009000	-138.104004
-0.008900	-195.580994
-0.008800	-80.627296
-0.008700	-99.786201
-0.008600	-214.740005
-0.008500	-253.057999
-0.008400	-118.945000
-0.008300	-99.786201
-0.008200	-71.047798
-0.008100	-32.729900
-0.008000	-51.888802
-0.007900	-61.468300
-0.007800	-23.150400
-0.007700	43.905899
-0.007600	34.326500
-0.007500	-32.729900
-0.007400	-99.786201
-0.007300	-80.627296
-0.007200	5.588030
-0.007100	-3.991450
-0.007000	-23.150400
-0.006900	5.588030
-0.006800	24.747000
-0.006700	24.747000
-0.006600	-42.309399
-0.006500	5.588030
-0.006400	-3.991450
-0.006300	24.747000
-0.006200	72.644402
-0.006100	-23.150400
-0.006000	-42.309399
-0.005900	-32.729900
-0.005800	72.644402
-0.005700	130.121002
-0.005600	34.326500
-0.005500	24.747000
-0.005400	-23.150400
-0.005300	-32.729900
-0.005200	-80.627296
-0.005100	-61.468300
-0.005000	15.167500
-0.004900	53.485401
-0.004800	-42.309399
-0.004700	-99.786201
-0.004600	-23.150400
-0.004500	72.644402
-0.004400	63.064899
-0.004300	53.485401
-0.004200	72.644402
-0.004100	24.747000
-0.004000	15.167500
-0.003900	15.167500
-0.003800	-42.309399
-0.003700	-42.309399
-0.003600	-3.991450
-0.003500	-42.309399
-0.003400	-80.627296
-0.003300	-42.309399
-0.003200	-99.786201
-0.003100	-42.309399
-0.003000	-13.570900
-0.002900	34.326500
-0.002800	206.757004
-0.002700	158.860001
-0.002600	91.803299
-0.002500	130.121002
-0.002400	72.644402
-0.002300	91.803299
-0.002200	72.644402
-0.002100	-13.570900
-0.002000	110.961998
-0.001900	-3.991450
-0.001800	-71.047798
-0.001700	72.644402
-0.001600	5.588030
-0.001500	53.485401
-0.001400	34.326500
-0.001300	24.747000
-0.001200	-42.309399
-0.001100	-61.468300
-0.001000	53.485401
-0.000900	15.167500
-0.000800	-138.104004
-0.000700	-71.047798
-0.000600	5.588030
-0.000500	-23.150400
-0.000400	-13.570900
-0.000300	91.803299
-0.000200	72.644402
-0.000100	15.167500
0.000000	-61.468300
0.000100	-13.570900
0.000200	34.326500
0.000300	91.803299
0.000400	72.644402
0.000500	5.588030
0.000600	15.167500
0.000700	34.326500
0.000800	-13.570900
0.000900	-118.945000
0.001000	-32.729900
0.001100	-23.150400
0.001200	43.905899
0.001300	110.961998
0.001400	91.803299
0.001500	-138.104004
0.001600	-42.309399
0.001700	158.860001
0.001800	187.598007
0.001900	-51.888802
0.002000	-138.104004
0.002100	206.757004
0.002200	331.290009
0.002300	72.644402
0.002400	-243.477997
0.002500	34.326500
0.002600	245.074997
0.002700	130.121002
0.002800	130.121002
0.002900	34.326500
0.003000	34.326500
0.003100	168.438995
0.003200	225.916000
0.003300	53.485401
0.003400	-61.468300
0.003500	110.961998
0.003600	130.121002
0.003700	-80.627296
0.003800	130.121002
0.003900	187.598007
0.004000	168.438995
0.004100	187.598007
0.004200	63.064899
0.004300	63.064899
0.004400	225.916000
0.004500	130.121002
0.004600	72.644402
0.004700	63.064899
0.004800	34.326500
0.004900	-42.309399
0.005000	-99.786201
0.005100	-80.627296
0.005200	-23.150400
0.005300	91.803299
0.005400	206.757004
0.005500	225.916000
0.005600	110.961998
0.005700	216.335999
0.005800	254.654007
0.005900	34.326500
0.006000	-99.786201
0.006100	-205.160004
0.006200	-214.740005
0.006300	-157.263000
0.006400	-415.908997
0.006500	-320.114014
0.006600	-80.627296
0.006700	-3.991450
0.006800	-80.627296
0.006900	-157.263000
0.007000	72.644402
0.007100	-23.150400
0.007200	-32.729900
0.007300	168.438995
0.007400	72.644402
0.007500	72.644402
0.007600	283.393005
0.007700	225.916000
0.007800	-61.468300
0.007900	-51.888802
0.008000	187.598007
0.008100	72.644402
0.008200	-71.047798
0.008300	72.644402
0.008400	34.326500
0.008500	91.803299
0.008600	168.438995
0.008700	-118.945000
0.008800	72.644402
0.008900	245.074997
0.009000	24.747000
0.009100	24.747000
0.009200	206.757004
0.009300	225.916000
0.009400	53.485401
0.009500	-61.468300
0.009600	-80.627296
0.009700	34.326500
0.009800	-23.150400
0.009900	-176.421997
0.010000	-99.786201
0.010100	53.485401
0.010200	235.494995
0.010300	91.803299
0.010400	-23.150400
0.010500	91.803299
0.010600	-13.570900
0.010700	-23.150400
0.010800	34.326500
0.010900	206.757004
0.011000	130.121002
0.011100	-157.263000
0.011200	91.803299
0.011300	158.860001
0.011400	34.326500
0.011500	34.326500
0.011600	-205.160004
0.011700	-138.104004
0.011800	-272.217010
0.011900	-463.806000
0.012000	-368.011993
0.012100	-521.283020
0.012200	-655.395996
0.012300	-636.237000
0.012400	-578.760010
0.012500	-607.497986
0.012600	-626.656982
0.012700	-808.666992
0.012800	-693.713989
0.012900	-482.964996
0.013000	-578.760010
0.013100	-559.601013
0.013200	-329.694000
0.013300	-80.627296
0.013400	-61.468300
0.013500	-233.899002
0.013600	110.961998
0.013700	398.346985
0.013800	264.234009
0.013900	340.869995
0.014000	436.664001
0.014100	302.552002
0.014200	273.812988
0.014300	158.860001
0.014400	225.916000
0.014500	312.131012
0.014600	110.961998
0.014700	-13.570900
0.014800	101.383003
0.014900	34.326500
0.015000	63.064899
0.015100	302.552002
0.015200	139.701004
0.015300	72.644402
0.015400	139.701004
0.015500	513.299988
0.015600	628.254028
0.015700	235.494995
0.015800	398.346985
0.015900	589.935974
0.016000	187.598007
0.016100	-195.580994
0.016200	-176.421997
0.016300	-61.468300
0.016400	-253.057999
0.016500	-406.329010
0.016600	-473.385986
0.016700	-358.432007
0.016800	-454.226990
0.016900	-674.554993
0.017000	-406.329010
0.017100	-214.740005
0.017200	-272.217010
0.017300	-99.786201
0.017400	168.438995
0.017500	187.598007
0.017600	379.187988
0.017700	513.299988
0.017800	360.028992
0.017900	110.961998
0.018000	-99.786201
0.018100	-224.319000
0.018200	-540.442017
0.018300	-444.647003
0.018400	-406.329010
0.018500	-358.432007
0.018600	-224.319000
0.018700	-166.843002
0.018800	72.644402
0.018900	398.346985
0.019000	398.346985
0.019100	63.064899
0.019200	-99.786201
0.019300	283.393005
0.019400	455.822998
0.019500	158.860001
0.019600	-99.786201
0.019700	91.803299
0.019800	101.383003
0.019900	-310.535004
0.020000	-540.442017
0.020100	-310.535004
0.020200	-300.954987
0.020300	-502.123993
0.020400	-444.647003
0.020500	-138.104004
0.020600	264.234009
0.020700	254.654007
0.020800	-3.991450
0.020900	-80.627296
0.021000	120.542000
0.021100	340.869995
0.021200	283.393005
0.021300	369.608002
0.021400	685.731018
0.021500	819.843018
0.021600	810.263977
0.021700	743.208008
0.021800	455.822998
0.021900	455.822998
0.022000	245.074997
0.022100	-358.432007
0.022200	-559.601013
0.022300	-521.283020
0.022400	-559.601013
0.022500	-444.647003
0.022600	-157.263000
0.022700	187.598007
0.022800	455.822998
0.022900	666.572021
0.023000	743.208008
0.023100	762.367004
0.023200	877.320007
0.023300	791.104980
0.023400	513.299988
0.023500	360.028992
0.023600	149.279999
0.023700	130.121002
0.023800	43.905899
0.023900	-157.263000
0.024000	-214.740005
0.024100	-348.852997
0.024200	-770.349976
0.024300	-914.041992
0.024400	-1009.840027
0.024500	-1124.790039
0.024600	-961.939026
0.024700	-741.611023
0.024800	-597.919006
0.024900	-368.011993
0.025000	-272.217010
0.025100	-147.684006
0.025200	-99.786201
0.025300	-224.319000
0.025400	-348.852997
0.025500	-588.338989
0.025600	-751.190979
0.025700	-808.666992
0.025800	-655.395996
0.025900	-463.806000
0.026000	-511.704010
0.026100	-377.591003
0.026200	-80.627296
0.026300	206.757004
0.026400	350.449005
0.026500	273.812988
0.026600	53.485401
0.026700	91.803299
0.026800	321.710999
0.026900	139.701004
0.027000	-157.263000
0.027100	-300.954987
0.027200	-61.468300
0.027300	-23.150400
0.027400	-253.057999
0.027500	-32.729900
0.027600	187.598007
0.027700	331.290009
0.027800	522.880005
0.027900	379.187988
0.028000	168.438995
0.028100	63.064899
0.028200	369.608002
0.028300	360.028992
0.028400	321.710999
0.028500	503.721008
0.028600	-42.309399
0.028700	-368.011993
0.028800	-272.217010
0.028900	-540.442017
0.029000	-751.190979
0.029100	-645.815979
0.029200	-808.666992
0.029300	-1096.050049
0.029400	-1076.890015
0.029500	-1048.150024
0.029600	-1076.890015
0.029700	-961.939026
0.029800	-789.507996
0.029900	-751.190979
0.030000	-578.760010
0.030100	-348.852997
0.030200	-214.740005
0.030300	-42.309399
0.030400	178.018997
0.030500	168.438995
0.030600	-23.150400
0.030700	-42.309399
0.030800	-80.627296
0.030900	-348.852997
0.031000	-300.954987
0.031100	-406.329010
0.031200	-770.349976
0.031300	-664.974976
0.031400	-502.123993
0.031500	-521.283020
0.031600	-530.862976
0.031700	-435.067993
0.031800	-118.945000
0.031900	24.747000
0.032000	110.961998
0.032100	168.438995
0.032200	91.803299
0.032300	206.757004
0.032400	436.664001
0.032500	685.731018
0.032600	561.197998
0.032700	245.074997
0.032800	216.335999
0.032900	321.710999
0.033000	264.234009
0.033100	15.167500
0.033200	-23.150400
0.033300	-80.627296
0.033400	-387.170013
0.033500	-310.535004
0.033600	-262.636993
0.033700	-387.170013
0.033800	-233.899002
0.033900	-233.899002
0.034000	-540.442017
0.034100	-674.554993
0.034200	-540.442017
0.034300	-502.123993
0.034400	-674.554993
0.034500	-559.601013
0.034600	-578.760010
0.034700	-511.704010
0.034800	-329.694000
0.034900	-214.740005
0.035000	-23.150400
0.035100	53.485401
0.035200	82.223801
0.035300	130.121002
0.035400	292.971985
0.035500	187.598007
0.035600	53.485401
0.035700	53.485401
0.035800	-23.150400
0.035900	72.644402
0.036000	-61.468300
0.036100	-559.601013
0.036200	-636.237000
0.036300	-214.740005
0.036400	-147.684006
0.036500	-444.647003
0.036600	-444.647003
0.036700	-205.160004
0.036800	34.326500
0.036900	-214.740005
0.037000	-272.217010
0.037100	-51.888802
0.037200	-80.627296
0.037300	-348.852997
0.037400	-406.329010
0.037500	-329.694000
0.037600	-205.160004
0.037700	-176.421997
0.037800	-214.740005
0.037900	-118.945000
0.038000	-61.468300
0.038100	-61.468300
0.038200	-90.206703
0.038300	5.588030
0.038400	91.803299
0.038500	-42.309399
0.038600	-61.468300
0.038700	-61.468300
0.038800	-32.729900
0.038900	91.803299
0.039000	-157.263000
0.039100	-195.580994
0.039200	15.167500
0.039300	-157.263000
0.039400	-396.750000
0.039500	-406.329010
0.039600	-348.852997
0.039700	-272.217010
0.039800	-253.057999
0.039900	-329.694000
0.040000	-272.217010
0.040100	-214.740005
0.040200	-128.524994
0.040300	63.064899
0.040400	91.803299
0.040500	72.644402
0.040600	149.279999
0.040700	15.167500
0.040800	43.905899
0.040900	-13.570900
0.041000	-214.740005
0.041100	-253.057999
0.041200	-272.217010
0.041300	-233.899002
0.041400	-176.421997
0.041500	-243.477997
0.041600	-118.945000
0.041700	-71.047798
0.041800	-368.011993
0.041900	-291.376007
0.042000	-243.477997
0.042100	-425.488007
0.042200	-387.170013
0.042300	-368.011993
0.042400	-387.170013
0.042500	-262.636993
0.042600	-262.636993
0.042700	-233.899002
0.042800	-157.263000
0.042900	-80.627296
0.043000	-3.991450
0.043100	34.326500
0.043200	43.905899
0.043300	5.588030
0.043400	53.485401
0.043500	178.018997
0.043600	139.701004
0.043700	-99.786201
0.043800	-61.468300
0.043900	91.803299
0.044000	110.961998
0.044100	53.485401
0.044200	-23.150400
0.044300	225.916000
0.044400	379.187988
0.044500	561.197998
0.044600	676.151001
0.044700	455.822998
0.044800	283.393005
0.044900	407.925995
0.045000	589.935974
0.045100	532.458984
0.045200	455.822998
0.045300	225.916000
0.045400	43.905899
0.045500	139.701004
0.045600	-61.468300
0.045700	-186.001007
0.045800	-80.627296
0.045900	-195.580994
0.046000	-339.273010
0.046100	-502.123993
0.046200	-253.057999
0.046300	-51.888802
0.046400	-128.524994
0.046500	-80.627296
0.046600	-186.001007
0.046700	-281.795990
0.046800	-71.047798
0.046900	110.961998
0.047000	-118.945000
0.047100	-291.376007
0.047200	-348.852997
0.047300	-320.114014
0.047400	-243.477997
0.047500	-128.524994
0.047600	-3.991450
0.047700	-42.309399
0.047800	-118.945000
0.047900	15.167500
0.048000	82.223801
0.048100	34.326500
0.048200	-138.104004
0.048300	-233.899002
0.048400	-205.160004
0.048500	-406.329010
0.048600	-195.580994
0.048700	225.916000
0.048800	-157.263000
0.048900	-233.899002
0.049000	-80.627296
0.049100	-118.945000
0.049200	24.747000
0.049300	197.177994
0.049400	82.223801
0.049500	91.803299
0.049600	-80.627296
0.049700	-80.627296
0.049800	149.279999
0.049900	15.167500
0.050000	-80.627296
0.050100	-80.627296
0.050200	-32.729900
0.050300	-3.991450
0.050400	-71.047798
0.050500	-3.991450
0.050600	197.177994
0.050700	264.234009
0.050800	264.234009
0.050900	245.074997
0.051000	187.598007
0.051100	206.757004
0.051200	187.598007
0.051300	168.438995
0.051400	34.326500
0.051500	-42.309399
0.051600	-80.627296
0.051700	-157.263000
0.051800	-233.899002
0.051900	-138.104004
0.052000	-32.729900
0.052100	-80.627296
0.052200	-195.580994
0.052300	-166.843002
0.052400	-176.421997
0.052500	-80.627296
0.052600	43.905899
0.052700	53.485401
0.052800	139.701004
0.052900	110.961998
0.053000	91.803299
0.053100	-23.150400
0.053200	-80.627296
0.053300	72.644402
0.053400	149.279999
0.053500	149.279999
0.053600	149.279999
0.053700	72.644402
0.053800	158.860001
0.053900	264.234009
0.054000	225.916000
0.054100	110.961998
0.054200	101.383003
0.054300	82.223801
0.054400	24.747000
0.054500	-109.365997
0.054600	-186.001007
0.054700	-186.001007
0.054800	-320.114014
0.054900	-559.601013
0.055000	53.485401
0.055100	63.064899
0.055200	-444.647003
0.055300	-348.852997
0.055400	-186.001007
0.055500	-300.954987
0.055600	-253.057999
0.055700	-99.786201
0.055800	-42.309399
0.055900	53.485401
0.056000	149.279999
0.056100	149.279999
0.056200	53.485401
0.056300	72.644402
0.056400	82.223801
0.056500	53.485401
0.056600	15.167500
0.056700	91.803299
0.056800	53.485401
0.056900	101.383003
0.057000	187.598007
0.057100	206.757004
0.057200	302.552002
0.057300	417.505005
0.057400	417.505005
0.057500	360.028992
0.057600	206.757004
0.057700	110.961998
0.057800	149.279999
0.057900	91.803299
0.058000	-61.468300
0.058100	-32.729900
0.058200	-42.309399
0.058300	-42.309399
0.058400	-51.888802
0.058500	-138.104004
0.058600	-166.843002
0.058700	-128.524994
0.058800	-157.263000
0.058900	-195.580994
0.059000	-243.477997
0.059100	-329.694000
0.059200	-166.843002
0.059300	-23.150400
0.059400	-128.524994
0.059500	-214.740005
0.059600	-262.636993
0.059700	-195.580994
0.059800	-99.786201
0.059900	-176.421997
0.060000	-243.477997
0.060100	-195.580994
0.060200	-176.421997
0.060300	-99.786201
0.060400	15.167500
0.060500	-23.150400
0.060600	-61.468300
0.060700	34.326500
0.060800	321.710999
0.060900	388.766998
0.061000	206.757004
0.061100	149.279999
0.061200	264.234009
0.061300	331.290009
0.061400	245.074997
0.061500	158.860001
0.061600	130.121002
0.061700	130.121002
0.061800	130.121002
0.061900	120.542000
0.062000	15.167500
0.062100	101.383003
0.062200	149.279999
0.062300	-80.627296
0.062400	-138.104004
0.062500	-138.104004
0.062600	-99.786201
0.062700	-61.468300
0.062800	-195.580994
0.062900	-176.421997
0.063000	-291.376007
0.063100	-406.329010
0.063200	-310.535004
0.063300	-214.740005
0.063400	-186.001007
0.063500	-166.843002
0.063600	-157.263000
0.063700	-205.160004
0.063800	-71.047798
0.063900	-3.991450
0.064000	91.803299
0.064100	72.644402
0.064200	-80.627296
0.064300	-99.786201
0.064400	-80.627296
0.064500	-80.627296
0.064600	149.279999
0.064700	187.598007
0.064800	53.485401
0.064900	130.121002
0.065000	168.438995
0.065100	91.803299
0.065200	130.121002
0.065300	72.644402
0.065400	-3.991450
0.065500	34.326500
0.065600	63.064899
0.065700	63.064899
0.065800	-3.991450
0.065900	-42.309399
0.066000	-32.729900
0.066100	15.167500
0.066200	43.905899
0.066300	34.326500
0.066400	-3.991450
0.066500	-13.570900
0.066600	-118.945000
0.066700	-176.421997
0.066800	-61.468300
0.066900	5.588030
0.067000	72.644402
0.067100	206.757004
0.067200	168.438995
0.067300	91.803299
0.067400	110.961998
0.067500	72.644402
0.067600	63.064899
0.067700	110.961998
0.067800	101.383003
0.067900	-23.150400
0.068000	-90.206703
0.068100	-205.160004
0.068200	-253.057999
0.068300	-147.684006
0.068400	-138.104004
0.068500	-3.991450
0.068600	72.644402
0.068700	110.961998
0.068800	110.961998
0.068900	130.121002
0.069000	101.383003
0.069100	130.121002
0.069200	110.961998
0.069300	187.598007
0.069400	91.803299
0.069500	-80.627296
0.069600	15.167500
0.069700	72.644402
0.069800	63.064899
0.069900	91.803299
0.070000	53.485401
0.070100	-3.991450
0.070200	34.326500
0.070300	34.326500
0.070400	-3.991450
0.070500	-3.991450
0.070600	-109.365997
0.070700	-80.627296
0.070800	-23.150400
0.070900	-42.309399
0.071000	-42.309399
0.071100	-23.150400
0.071200	-32.729900
0.071300	-71.047798
0.071400	-61.468300
0.071500	-99.786201
0.071600	-157.263000
0.071700	-224.319000
0.071800	-138.104004
0.071900	-128.524994
0.072000	-195.580994
0.072100	-118.945000
0.072200	-3.991450
0.072300	-23.150400
0.072400	15.167500
0.072500	34.326500
0.072600	34.326500
0.072700	110.961998
0.072800	72.644402
0.072900	34.326500
0.073000	43.905899
0.073100	101.383003
0.073200	130.121002
0.073300	120.542000
0.073400	245.074997
0.073500	225.916000
0.073600	130.121002
0.073700	91.803299
0.073800	72.644402
0.073900	63.064899
0.074000	53.485401
0.074100	-23.150400
0.074200	-61.468300
0.074300	-80.627296
0.074400	-51.888802
0.074500	15.167500
0.074600	43.905899
0.074700	-13.570900
0.074800	-61.468300
0.074900	-109.365997
0.075000	-195.580994
0.075100	-186.001007
0.075200	-99.786201
0.075300	-80.627296
0.075400	-61.468300
0.075500	-99.786201
0.075600	-90.206703
0.075700	43.905899
0.075800	72.644402
0.075900	-32.729900
0.076000	-42.309399
0.076100	53.485401
0.076200	15.167500
0.076300	-61.468300
0.076400	-71.047798
0.076500	-71.047798
0.076600	-71.047798
0.076700	-99.786201
0.076800	-61.468300
0.076900	-80.627296
0.077000	-3.991450
0.077100	72.644402
0.077200	15.167500
0.077300	-3.991450
0.077400	-61.468300
0.077500	15.167500
0.077600	110.961998
0.077700	120.542000
0.077800	34.326500
0.077900	-13.570900
0.078000	-3.991450
0.078100	53.485401
0.078200	110.961998
0.078300	101.383003
0.078400	15.167500
0.078500	-3.991450
0.078600	34.326500
0.078700	72.644402
0.078800	91.803299
0.078900	53.485401
0.079000	110.961998
0.079100	24.747000
0.079200	-51.888802
0.079300	-61.468300
0.079400	-118.945000
0.079500	-118.945000
0.079600	-90.206703
0.079700	-61.468300
0.079800	-99.786201
0.079900	-118.945000
0.080000	-42.309399
0.080100	34.326500
0.080200	-42.309399
0.080300	15.167500
0.080400	91.803299
0.080500	15.167500
0.080600	-61.468300
0.080700	-42.309399
0.080800	-42.309399
0.080900	82.223801
0.081000	91.803299
0.081100	15.167500
0.081200	-13.570900
0.081300	-13.570900
0.081400	-23.150400
0.081500	63.064899
0.081600	53.485401
0.081700	-13.570900
0.081800	-23.150400
0.081900	5.588030
0.082000	34.326500
0.082100	-23.150400
0.082200	-3.991450
0.082300	72.644402
0.082400	34.326500
0.082500	15.167500
0.082600	63.064899
0.082700	110.961998
0.082800	168.438995
0.082900	139.701004
0.083000	34.326500
0.083100	34.326500
0.083200	91.803299
0.083300	178.018997
0.083400	225.916000
0.083500	178.018997
0.083600	149.279999
0.083700	139.701004
0.083800	5.588030
0.083900	-23.150400
0.084000	-32.729900
0.084100	-3.991450
0.084200	-3.991450
0.084300	24.747000
0.084400	-42.309399
0.084500	-80.627296
0.084600	-99.786201
0.084700	-99.786201
0.084800	-71.047798
0.084900	-51.888802
0.085000	15.167500
0.085100	-80.627296
0.085200	-186.001007
0.085300	-99.786201
0.085400	-90.206703
0.085500	-118.945000
0.085600	-128.524994
0.085700	-80.627296
0.085800	-61.468300
0.085900	-23.150400
0.086000	82.223801
0.086100	82.223801
0.086200	72.644402
0.086300	43.905899
0.086400	15.167500
0.086500	-42.309399
0.086600	-90.206703
0.086700	-32.729900
0.086800	5.588030
0.086900	-42.309399
0.087000	53.485401
0.087100	110.961998
0.087200	-13.570900
0.087300	-99.786201
0.087400	-80.627296
0.087500	34.326500
0.087600	34.326500
0.087700	-61.468300
0.087800	101.383003
0.087900	72.644402
0.088000	34.326500
0.088100	-3.991450
0.088200	34.326500
0.088300	72.644402
0.088400	-3.991450
0.088500	-3.991450
0.088600	72.644402
0.088700	15.167500
0.088800	-3.991450
0.088900	91.803299
0.089000	158.860001
0.089100	24.747000
0.089200	53.485401
0.089300	72.644402
0.089400	-23.150400
0.089500	5.588030
0.089600	34.326500
0.089700	72.644402
0.089800	120.542000
0.089900	-51.888802
0.090000	-99.786201
0.090100	53.485401
0.090200	15.167500
0.090300	-3.991450
0.090400	72.644402
0.090500	-80.627296
0.090600	-118.945000
0.090700	-128.524994
0.090800	-138.104004
0.090900	-3.991450
0.091000	15.167500
0.091100	5.588030
0.091200	34.326500
0.091300	101.383003
0.091400	5.588030
0.091500	15.167500
0.091600	34.326500
0.091700	72.644402
0.091800	110.961998
0.091900	-42.309399
0.092000	-13.570900
0.092100	-3.991450
0.092200	-42.309399
0.092300	15.167500
0.092400	-80.627296
0.092500	-99.786201
0.092600	63.064899
0.092700	149.279999
0.092800	72.644402
0.092900	72.644402
0.093000	110.961998
0.093100	5.588030
0.093200	-61.468300
0.093300	-51.888802
0.093400	-61.468300
0.093500	53.485401
0.093600	72.644402
0.093700	53.485401
0.093800	24.747000
0.093900	34.326500
0.094000	72.644402
0.094100	-3.991450
0.094200	53.485401
0.094300	82.223801
0.094400	53.485401
0.094500	-3.991450
0.094600	15.167500
0.094700	-3.991450
0.094800	43.905899
0.094900	82.223801
0.095000	63.064899
0.095100	-23.150400
0.095200	-51.888802
0.095300	-23.150400
0.095400	34.326500
0.095500	15.167500
0.095600	82.223801
0.095700	91.803299
0.095800	53.485401
0.095900	91.803299
0.096000	-3.991450
0.096100	-157.263000
0.096200	-42.309399
0.096300	63.064899
0.096400	15.167500
0.096500	5.588030
0.096600	-61.468300
0.096700	-80.627296
0.096800	-80.627296
0.096900	-99.786201
0.097000	-71.047798
0.097100	-80.627296
0.097200	15.167500
0.097300	72.644402
0.097400	24.747000
0.097500	53.485401
0.097600	72.644402
0.097700	5.588030
0.097800	-128.524994
0.097900	-128.524994
0.098000	-42.309399
0.098100	15.167500
0.098200	-42.309399
0.098300	-23.150400
0.098400	34.326500
0.098500	53.485401
0.098600	82.223801
0.098700	34.326500
0.098800	15.167500
0.098900	-3.991450
0.099000	-42.309399
0.099100	15.167500
0.099200	91.803299
0.099300	24.747000
0.099400	-214.740005
0.099500	-176.421997
0.099600	-13.570900
0.099700	63.064899
0.099800	-32.729900
0.099900	-166.843002
0.100000	-61.468300
0.100100	5.588030
0.100200	-23.150400
0.100300	-23.150400
0.100400	-13.570900
0.100500	24.747000
0.100600	53.485401
0.100700	-23.150400
0.100800	-42.309399
0.100900	72.644402
0.101000	-23.150400
0.101100	-13.570900
0.101200	101.383003
0.101300	158.860001
0.101400	101.383003
0.101500	53.485401
0.101600	43.905899
0.101700	5.588030
0.101800	-90.206703
0.101900	-80.627296
0.102000	15.167500
0.102100	-23.150400
0.102200	-23.150400
0.102300	-61.468300
0.102400	-23.150400
0.102500	15.167500
0.102600	-42.309399
0.102700	-3.991450
0.102800	-3.991450
0.102900	-51.888802
0.103000	53.485401
0.103100	72.644402
0.103200	72.644402
0.103300	72.644402
0.103400	15.167500
0.103500	-42.309399
0.103600	-42.309399
0.103700	-61.468300
0.103800	-42.309399
0.103900	-42.309399
0.104000	53.485401
0.104100	72.644402
0.104200	24.747000
0.104300	-32.729900
0.104400	-42.309399
0.104500	-71.047798
0.104600	24.747000
0.104700	63.064899
0.104800	5.588030
0.104900	-42.309399
0.105000	-99.786201
0.105100	-80.627296
0.105200	34.326500
0.105300	-51.888802
0.105400	34.326500
0.105500	149.279999
0.105600	101.383003
0.105700	53.485401
0.105800	72.644402
0.105900	-61.468300
0.106000	-71.047798
0.106100	-13.570900
0.106200	-13.570900
0.106300	-23.150400
0.106400	-51.888802
0.106500	-23.150400
0.106600	-80.627296
0.106700	-99.786201
0.106800	-42.309399
0.106900	53.485401
0.107000	-80.627296
0.107100	-90.206703
0.107200	15.167500
0.107300	101.383003
0.107400	91.803299
0.107500	-3.991450
0.107600	-42.309399
0.107700	34.326500
0.107800	-42.309399
0.107900	-3.991450
0.108000	53.485401
0.108100	-13.570900
0.108200	-51.888802
0.108300	15.167500
0.108400	34.326500
0.108500	53.485401
0.108600	101.383003
0.108700	82.223801
0.108800	53.485401
0.108900	-23.150400
0.109000	-42.309399
0.109100	-13.570900
0.109200	-23.150400
0.109300	34.326500
0.109400	15.167500
0.109500	-61.468300
0.109600	-32.729900
0.109700	34.326500
0.109800	-3.991450
0.109900	-3.991450
0.110000	-80.627296
0.110100	-99.786201
0.110200	-80.627296
0.110300	-80.627296
0.110400	-3.991450
0.110500	34.326500
0.110600	-61.468300
0.110700	-128.524994
0.110800	-118.945000
0.110900	-118.945000
0.111000	-3.991450
0.111100	72.644402
0.111200	43.905899
0.111300	72.644402
0.111400	-32.729900
0.111500	-42.309399
0.111600	34.326500
0.111700	-3.991450
0.111800	34.326500
0.111900	-13.570900
0.112000	24.747000
0.112100	-23.150400
0.112200	-13.570900
0.112300	34.326500
0.112400	34.326500
0.112500	-71.047798
0.112600	-51.888802
0.112700	-32.729900
0.112800	-51.888802
0.112900	-42.309399
0.113000	-42.309399
0.113100	-118.945000
0.113200	-109.365997
0.113300	-51.888802
0.113400	5.588030
0.113500	72.644402
0.113600	91.803299
0.113700	34.326500
0.113800	53.485401
0.113900	-3.991450
0.114000	-3.991450
0.114100	24.747000
0.114200	130.121002
0.114300	149.279999
0.114400	53.485401
0.114500	-32.729900
0.114600	72.644402
0.114700	130.121002
0.114800	110.961998
0.114900	72.644402
0.115000	24.747000
0.115100	24.747000
0.115200	34.326500
0.115300	34.326500
0.115400	15.167500
0.115500	-80.627296
0.115600	-32.729900
0.115700	-13.570900
0.115800	-80.627296
0.115900	-61.468300
0.116000	-23.150400
0.116100	15.167500
0.116200	34.326500
0.116300	-23.150400
0.116400	53.485401
0.116500	72.644402
0.116600	-99.786201
0.116700	-99.786201
0.116800	-99.786201
0.116900	-99.786201
0.117000	5.588030
0.117100	-80.627296
0.117200	15.167500
0.117300	34.326500
0.117400	-42.309399
0.117500	-61.468300
0.117600	-61.468300
0.117700	53.485401
0.117800	101.383003
0.117900	53.485401
0.118000	34.326500
0.118100	43.905899
0.118200	-13.570900
0.118300	24.747000
0.118400	24.747000
0.118500	34.326500
0.118600	24.747000
0.118700	-99.786201
0.118800	15.167500
0.118900	34.326500
0.119000	-90.206703
0.119100	-23.150400
0.119200	91.803299
0.119300	82.223801
0.119400	24.747000
0.119500	53.485401
0.119600	101.383003
0.119700	72.644402
0.119800	-42.309399
0.119900	-23.150400
0.120000	72.644402
0.120100	15.167500
0.120200	-51.888802
0.120300	72.644402
0.120400	120.542000
0.120500	149.279999
0.120600	53.485401
0.120700	-32.729900
0.120800	34.326500
0.120900	63.064899
0.121000	-42.309399
0.121100	-42.309399
0.121200	15.167500
0.121300	34.326500
0.121400	-3.991450
0.121500	-61.468300
0.121600	-23.150400
0.121700	43.905899
0.121800	-3.991450
0.121900	-42.309399
0.122000	43.905899
0.122100	63.064899
0.122200	24.747000
0.122300	15.167500
0.122400	-3.991450
0.122500	101.383003
0.122600	5.588030
0.122700	-80.627296
0.122800	-23.150400
0.122900	-23.150400
0.123000	-51.888802
0.123100	-99.786201
0.123200	-118.945000
0.123300	-42.309399
0.123400	15.167500
0.123500	-42.309399
0.123600	-61.468300
0.123700	-61.468300
0.123800	-23.150400
0.123900	-80.627296
0.124000	-99.786201
0.124100	-13.570900
0.124200	15.167500
0.124300	34.326500
0.124400	110.961998
0.124500	72.644402
0.124600	-23.150400
0.124700	34.326500
0.124800	34.326500
0.124900	72.644402
0.125000	168.438995
0.125100	130.121002
0.125200	101.383003
0.125300	110.961998
0.125400	91.803299
0.125500	72.644402
0.125600	53.485401
0.125700	72.644402
0.125800	72.644402
0.125900	101.383003
0.126000	130.121002
0.126100	130.121002
0.126200	34.326500
0.126300	-51.888802
0.126400	-42.309399
0.126500	-61.468300
0.126600	53.485401
0.126700	72.644402
0.126800	-3.991450
0.126900	34.326500
0.127000	120.542000
0.127100	187.598007
0.127200	53.485401
0.127300	-99.786201
0.127400	-32.729900
0.127500	-3.991450
0.127600	-71.047798
0.127700	53.485401
0.127800	72.644402
0.127900	53.485401
0.128000	-3.991450
0.128100	72.644402
0.128200	91.803299
0.128300	-23.150400
0.128400	-80.627296
0.128500	-99.786201
0.128600	-128.524994
0.128700	53.485401
0.128800	72.644402
0.128900	-23.150400
0.129000	-13.570900
0.129100	-3.991450
0.129200	-42.309399
0.129300	72.644402
0.129400	53.485401
0.129500	43.905899
0.129600	72.644402
0.129700	53.485401
0.129800	53.485401
0.129900	72.644402
0.130000	-80.627296
0.130100	-32.729900
0.130200	53.485401
0.130300	-80.627296
0.130400	-80.627296
0.130500	-71.047798
0.130600	-51.888802
0.130700	-32.729900
0.130800	-23.150400
0.130900	34.326500
0.131000	72.644402
0.131100	72.644402
0.131200	34.326500
0.131300	53.485401
0.131400	53.485401
0.131500	72.644402
0.131600	91.803299
0.131700	53.485401
0.131800	-3.991450
0.131900	-42.309399
0.132000	82.223801
0.132100	24.747000
0.132200	-42.309399
0.132300	5.588030
0.132400	-80.627296
0.132500	-61.468300
0.132600	34.326500
0.132700	24.747000
0.132800	-23.150400
0.132900	91.803299
0.133000	82.223801
0.133100	-61.468300
0.133200	-71.047798
0.133300	-13.570900
0.133400	-23.150400
0.133500	-3.991450
0.133600	15.167500
0.133700	53.485401
0.133800	15.167500
0.133900	34.326500
0.134000	53.485401
0.134100	72.644402
0.134200	101.383003
0.134300	53.485401
0.134400	72.644402
0.134500	130.121002
0.134600	72.644402
0.134700	-23.150400
0.134800	-23.150400
0.134900	34.326500
0.135000	34.326500
0.135100	15.167500
0.135200	15.167500
0.135300	43.905899
0.135400	-23.150400
0.135500	-99.786201
0.135600	-71.047798
0.135700	53.485401
0.135800	110.961998
0.135900	53.485401
0.136000	82.223801
0.136100	15.167500
0.136200	-32.729900
0.136300	-71.047798
0.136400	-61.468300
0.136500	-42.309399
0.136600	-42.309399
0.136700	34.326500
0.136800	-13.570900
0.136900	-80.627296
0.137000	-42.309399
0.137100	5.588030
0.137200	43.905899
0.137300	91.803299
0.137400	15.167500
0.137500	-23.150400
0.137600	34.326500
0.137700	130.121002
0.137800	15.167500
0.137900	-118.945000
0.138000	-99.786201
0.138100	-13.570900
0.138200	-3.991450
0.138300	-3.991450
0.138400	43.905899
0.138500	43.905899
0.138600	53.485401
0.138700	72.644402
0.138800	72.644402
0.138900	34.326500
0.139000	-3.991450
0.139100	63.064899
0.139200	82.223801
0.139300	-42.309399
0.139400	-3.991450
0.139500	120.542000
0.139600	72.644402
0.139700	-23.150400
0.139800	-13.570900
0.139900	-42.309399
0.140000	5.588030
0.140100	-80.627296
0.140200	-32.729900
0.140300	110.961998
0.140400	158.860001
0.140500	72.644402
0.140600	-80.627296
0.140700	-205.160004
0.140800	-61.468300
0.140900	63.064899
0.141000	82.223801
0.141100	63.064899
0.141200	72.644402
0.141300	-42.309399
0.141400	-23.150400
0.141500	5.588030
0.141600	5.588030
0.141700	34.326500
0.141800	110.961998
0.141900	110.961998
0.142000	72.644402
0.142100	53.485401
0.142200	34.326500
0.142300	5.588030
0.142400	24.747000
0.142500	34.326500
0.142600	91.803299
0.142700	91.803299
0.142800	34.326500
0.142900	53.485401
0.143000	158.860001
0.143100	130.121002
0.143200	15.167500
0.143300	-3.991450
0.143400	5.588030
0.143500	-23.150400
0.143600	24.747000
0.143700	53.485401
0.143800	91.803299
0.143900	91.803299
0.144000	53.485401
0.144100	72.644402
0.144200	53.485401
0.144300	-42.309399
0.144400	-32.729900
0.144500	15.167500
0.144600	24.747000
0.144700	110.961998
0.144800	72.644402
0.144900	-3.991450
0.145000	72.644402
0.145100	-3.991450
0.145200	-99.786201
0.145300	-99.786201
0.145400	-3.991450
0.145500	72.644402
0.145600	-23.150400
0.145700	-80.627296
0.145800	-13.570900
0.145900	-23.150400
0.146000	-90.206703
0.146100	15.167500
0.146200	-42.309399
0.146300	-99.786201
0.146400	-13.570900
0.146500	53.485401
0.146600	72.644402
0.146700	101.383003
0.146800	-13.570900
0.146900	34.326500
0.147000	53.485401
0.147100	-13.570900
0.147200	15.167500
0.147300	91.803299
0.147400	-42.309399
0.147500	-118.945000
0.147600	-42.309399
0.147700	15.167500
0.147800	72.644402
0.147900	-118.945000
0.148000	-90.206703
0.148100	72.644402
0.148200	82.223801
0.148300	91.803299
0.148400	-3.991450
0.148500	-99.786201
0.148600	-80.627296
0.148700	-3.991450
0.148800	15.167500
0.148900	34.326500
0.149000	72.644402
0.149100	110.961998
0.149200	72.644402
0.149300	101.383003
0.149400	34.326500
0.149500	-42.309399
0.149600	-61.468300
0.149700	-23.150400
0.149800	-51.888802
0.149900	53.485401
0.150000	24.747000
0.150100	-99.786201
0.150200	-13.570900
0.150300	34.326500
0.150400	-3.991450
0.150500	-3.991450
0.150600	-42.309399
0.150700	-32.729900
0.150800	-23.150400
0.150900	-80.627296
0.151000	-138.104004
0.151100	-61.468300
0.151200	-61.468300
0.151300	-51.888802
0.151400	63.064899
0.151500	43.905899
0.151600	-51.888802
0.151700	-32.729900
0.151800	15.167500
0.151900	-42.309399
0.152000	-99.786201
0.152100	-3.991450
0.152200	82.223801
0.152300	15.167500
0.152400	34.326500
0.152500	72.644402
0.152600	34.326500
0.152700	-23.150400
0.152800	-61.468300
0.152900	15.167500
0.153000	34.326500
0.153100	-118.945000
0.153200	-3.991450
0.153300	72.644402
0.153400	-71.047798
0.153500	-109.365997
0.153600	-42.309399
0.153700	-42.309399
0.153800	-23.150400
0.153900	72.644402
0.154000	216.335999
0.154100	91.803299
0.154200	-80.627296
0.154300	34.326500
0.154400	110.961998
0.154500	53.485401
0.154600	24.747000
0.154700	15.167500
0.154800	15.167500
0.154900	168.438995
0.155000	130.121002
0.155100	72.644402
0.155200	63.064899
0.155300	-13.570900
0.155400	-3.991450
0.155500	-42.309399
0.155600	-42.309399
0.155700	34.326500
0.155800	149.279999
0.155900	24.747000
0.156000	-42.309399
0.156100	5.588030
0.156200	34.326500
0.156300	-23.150400
0.156400	-99.786201
0.156500	-61.468300
0.156600	-61.468300
0.156700	-23.150400
0.156800	15.167500
0.156900	-23.150400
0.157000	-13.570900
0.157100	-23.150400
0.157200	15.167500
0.157300	34.326500
0.157400	-23.150400
0.157500	-51.888802
0.157600	34.326500
0.157700	-3.991450
0.157800	53.485401
0.157900	-23.150400
0.158000	-42.309399
0.158100	91.803299
0.158200	63.064899
0.158300	34.326500
0.158400	72.644402
0.158500	34.326500
0.158600	-118.945000
0.158700	-42.309399
0.158800	-71.047798
0.158900	-51.888802
0.159000	-42.309399
0.159100	-3.991450
0.159200	110.961998
0.159300	72.644402
0.159400	-23.150400
0.159500	-80.627296
0.159600	15.167500
0.159700	101.383003
0.159800	130.121002
0.159900	34.326500
0.160000	-42.309399
0.160100	53.485401
0.160200	72.644402
0.160300	-3.991450
0.160400	5.588030
0.160500	-42.309399
0.160600	-80.627296
0.160700	34.326500
0.160800	-3.991450
0.160900	-51.888802
0.161000	24.747000
0.161100	24.747000
0.161200	-23.150400
0.161300	-61.468300
0.161400	-32.729900
0.161500	15.167500
0.161600	-51.888802
0.161700	15.167500
0.161800	72.644402
0.161900	5.588030
0.162000	72.644402
0.162100	130.121002
0.162200	130.121002
0.162300	72.644402
0.162400	-42.309399
0.162500	53.485401
0.162600	72.644402
0.162700	-80.627296
0.162800	-99.786201
0.162900	-23.150400
0.163000	-118.945000
0.163100	-138.104004
0.163200	-61.468300
0.163300	-42.309399
0.163400	-23.150400
0.163500	5.588030
0.163600	15.167500
0.163700	53.485401
0.163800	53.485401
0.163900	72.644402
0.164000	72.644402
0.164100	53.485401
0.164200	72.644402
0.164300	34.326500
0.164400	-23.150400
0.164500	53.485401
0.164600	34.326500
0.164700	-3.991450
0.164800	15.167500
0.164900	-61.468300
0.165000	15.167500
0.165100	130.121002
0.165200	72.644402
0.165300	101.383003
0.165400	72.644402
0.165500	-32.729900
0.165600	72.644402
0.165700	72.644402
0.165800	91.803299
0.165900	101.383003
0.166000	110.961998
0.166100	34.326500
0.166200	-23.150400
0.166300	-61.468300
0.166400	5.588030
0.166500	53.485401
0.166600	130.121002
0.166700	-42.309399
0.166800	-99.786201
0.166900	-90.206703
0.167000	-80.627296
0.167100	-51.888802
0.167200	15.167500
0.167300	-42.309399
0.167400	-42.309399
0.167500	53.485401
0.167600	-13.570900
0.167700	-42.309399
0.167800	43.905899
0.167900	-42.309399
0.168000	-80.627296
0.168100	24.747000
0.168200	72.644402
0.168300	-13.570900
0.168400	-42.309399
0.168500	-13.570900
0.168600	5.588030
0.168700	-32.729900
0.168800	-71.047798
0.168900	-42.309399
0.169000	34.326500
0.169100	53.485401
0.169200	53.485401
0.169300	5.588030
0.169400	5.588030
0.169500	-42.309399
0.169600	43.905899
0.169700	110.961998
0.169800	82.223801
0.169900	-61.468300
0.170000	-71.047798
0.170100	-23.150400
0.170200	-42.309399
0.170300	-71.047798
0.170400	-128.524994
0.170500	-42.309399
0.170600	178.018997
0.170700	149.279999
0.170800	53.485401
0.170900	-3.991450
0.171000	15.167500
0.171100	72.644402
0.171200	53.485401
0.171300	53.485401
0.171400	24.747000
0.171500	-42.309399
0.171600	-13.570900
0.171700	-51.888802
0.171800	-42.309399
0.171900	-23.150400
0.172000	53.485401
0.172100	63.064899
0.172200	53.485401
0.172300	-23.150400
0.172400	-3.991450
0.172500	-42.309399
0.172600	-61.468300
0.172700	-3.991450
0.172800	-23.150400
0.172900	63.064899
0.173000	53.485401
0.173100	72.644402
0.173200	110.961998
0.173300	15.167500
0.173400	-42.309399
0.173500	-42.309399
0.173600	-118.945000
0.173700	-3.991450
0.173800	15.167500
0.173900	-42.309399
0.174000	-3.991450
0.174100	-42.309399
0.174200	-80.627296
0.174300	-42.309399
0.174400	15.167500
0.174500	72.644402
0.174600	24.747000
0.174700	-61.468300
0.174800	-23.150400
0.174900	-61.468300
0.175000	-13.570900
0.175100	110.961998
0.175200	72.644402
0.175300	-32.729900
0.175400	-51.888802
0.175500	24.747000
0.175600	130.121002
0.175700	15.167500
0.175800	-42.309399
0.175900	24.747000
0.176000	-51.888802
0.176100	-90.206703
0.176200	-61.468300
0.176300	-51.888802
0.176400	15.167500
0.176500	-13.570900
0.176600	-13.570900
0.176700	-3.991450
0.176800	24.747000
0.176900	-23.150400
0.177000	-61.468300
0.177100	5.588030
0.177200	15.167500
0.177300	-13.570900
0.177400	-32.729900
0.177500	-13.570900
0.177600	-42.309399
0.177700	-23.150400
0.177800	-42.309399
0.177900	-80.627296
0.178000	-109.365997
0.178100	-42.309399
0.178200	24.747000
0.178300	-23.150400
0.178400	-51.888802
0.178500	-42.309399
0.178600	-13.570900
0.178700	-80.627296
0.178800	-109.365997
0.178900	15.167500
0.179000	-23.150400
0.179100	15.167500
0.179200	53.485401
0.179300	34.326500
0.179400	34.326500
0.179500	72.644402
0.179600	72.644402
0.179700	24.747000
0.179800	-71.047798
0.179900	-42.309399
0.180000	-3.991450
0.180100	-3.991450
0.180200	72.644402
0.180300	130.121002
0.180400	15.167500
0.180500	-51.888802
0.180600	-99.786201
0.180700	-80.627296
0.180800	-3.991450
0.180900	15.167500
0.181000	-23.150400
0.181100	-51.888802
0.181200	-23.150400
0.181300	24.747000
0.181400	-80.627296
0.181500	34.326500
0.181600	82.223801
0.181700	-71.047798
0.181800	-42.309399
0.181900	-3.991450
0.182000	-118.945000
0.182100	-157.263000
0.182200	-99.786201
0.182300	-42.309399
0.182400	-80.627296
0.182500	-80.627296
0.182600	-61.468300
0.182700	-42.309399
0.182800	-99.786201
0.182900	-99.786201
0.183000	-42.309399
0.183100	-23.150400
0.183200	-32.729900
0.183300	-3.991450
0.183400	-3.991450
0.183500	-3.991450
0.183600	-23.150400
0.183700	-80.627296
0.183800	-99.786201
0.183900	34.326500
0.184000	53.485401
0.184100	-3.991450
0.184200	-3.991450
0.184300	43.905899
0.184400	-3.991450
0.184500	63.064899
0.184600	72.644402
0.184700	15.167500
0.184800	-23.150400
0.184900	5.588030
0.185000	-80.627296
0.185100	24.747000
0.185200	110.961998
0.185300	-42.309399
0.185400	5.588030
0.185500	72.644402
0.185600	-3.991450
0.185700	-99.786201
0.185800	-42.309399
0.185900	-23.150400
0.186000	-42.309399
0.186100	-42.309399
0.186200	-23.150400
0.186300	-42.309399
0.186400	34.326500
0.186500	82.223801
0.186600	63.064899
0.186700	-80.627296
0.186800	-23.150400
0.186900	72.644402
0.187000	63.064899
0.187100	43.905899
0.187200	-3.991450
0.187300	-109.365997
0.187400	-42.309399
0.187500	34.326500
0.187600	53.485401
0.187700	53.485401
0.187800	43.905899
0.187900	53.485401
0.188000	34.326500
0.188100	-99.786201
0.188200	-99.786201
0.188300	-51.888802
0.188400	5.588030
0.188500	63.064899
0.188600	24.747000
0.188700	-128.524994
0.188800	-138.104004
0.188900	-61.468300
0.189000	34.326500
0.189100	91.803299
0.189200	15.167500
0.189300	-99.786201
0.189400	-61.468300
0.189500	-23.150400
0.189600	34.326500
0.189700	-3.991450
0.189800	-99.786201
0.189900	-118.945000
0.190000	5.588030
0.190100	120.542000
0.190200	34.326500
0.190300	-90.206703
0.190400	15.167500
0.190500	72.644402
0.190600	43.905899
0.190700	-51.888802
0.190800	-23.150400
0.190900	-3.991450
0.191000	43.905899
0.191100	-13.570900
0.191200	34.326500
0.191300	15.167500
0.191400	-118.945000
0.191500	-32.729900
0.191600	-42.309399
0.191700	-61.468300
0.191800	72.644402
0.191900	53.485401
0.192000	5.588030
0.192100	-42.309399
0.192200	72.644402
0.192300	15.167500
0.192400	-42.309399
0.192500	15.167500
0.192600	34.326500
0.192700	72.644402
0.192800	15.167500
0.192900	24.747000
0.193000	24.747000
0.193100	-13.570900
0.193200	-13.570900
0.193300	53.485401
0.193400	91.803299
0.193500	120.542000
0.193600	91.803299
0.193700	120.542000
0.193800	139.701004
0.193900	-3.991450
0.194000	-128.524994
0.194100	-61.468300
0.194200	-3.991450
0.194300	24.747000
0.194400	34.326500
0.194500	-61.468300
0.194600	-61.468300
0.194700	-80.627296
0.194800	-3.991450
0.194900	110.961998
0.195000	43.905899
0.195100	43.905899
0.195200	15.167500
0.195300	-61.468300
0.195400	-80.627296
0.195500	-42.309399
0.195600	-13.570900
0.195700	82.223801
0.195800	43.905899
0.195900	-23.150400
0.196000	72.644402
0.196100	120.542000
0.196200	53.485401
0.196300	-3.991450
0.196400	-51.888802
0.196500	5.588030
0.196600	43.905899
0.196700	-61.468300
0.196800	-42.309399
0.196900	72.644402
0.197000	-51.888802
0.197100	-90.206703
0.197200	-80.627296
0.197300	-61.468300
0.197400	-42.309399
0.197500	-23.150400
0.197600	-51.888802
0.197700	53.485401
0.197800	82.223801
0.197900	53.485401
0.198000	72.644402
0.198100	-3.991450
0.198200	101.383003
0.198300	149.279999
0.198400	43.905899
0.198500	15.167500
0.198600	43.905899
0.198700	-23.150400
0.198800	-23.150400
0.198900	15.167500
0.199000	53.485401
0.199100	5.588030
0.199200	-3.991450
0.199300	-3.991450
0.199400	43.905899
0.199500	-23.150400
0.199600	-61.468300
0.199700	24.747000
0.199800	-42.309399
0.199900	-42.309399
0.200000	72.644402
0.200100	72.644402
0.200200	91.803299
0.200300	82.223801
0.200400	34.326500
0.200500	110.961998
0.200600	168.438995
0.200700	53.485401
0.200800	53.485401
0.200900	15.167500
0.201000	-3.991450
0.201100	-23.150400
0.201200	53.485401
0.201300	72.644402
0.201400	72.644402
0.201500	72.644402
0.201600	130.121002
0.201700	91.803299
0.201800	-13.570900
0.201900	43.905899
0.202000	-3.991450
0.202100	-61.468300
0.202200	-80.627296
0.202300	-118.945000
0.202400	-23.150400
0.202500	-13.570900
0.202600	-23.150400
0.202700	15.167500
0.202800	-3.991450
0.202900	-80.627296
0.203000	15.167500
0.203100	15.167500
0.203200	-61.468300
0.203300	-23.150400
0.203400	-51.888802
0.203500	-118.945000
0.203600	-42.309399
0.203700	24.747000
0.203800	53.485401
0.203900	-3.991450
0.204000	53.485401
0.204100	110.961998
0.204200	15.167500
0.204300	-80.627296
0.204400	-80.627296
0.204500	-3.991450
0.204600	-13.570900
0.204700	-109.365997
0.204800	-80.627296
0.204900	-99.786201
0.205000	-51.888802
0.205100	63.064899
0.205200	-51.888802
0.205300	-128.524994
0.205400	-42.309399
0.205500	-3.991450
0.205600	-3.991450
0.205700	-23.150400
0.205800	-99.786201
0.205900	-118.945000
0.206000	-42.309399
0.206100	-42.309399
0.206200	15.167500
0.206300	110.961998
0.206400	72.644402
0.206500	24.747000
0.206600	5.588030
0.206700	-138.104004
0.206800	-80.627296
0.206900	15.167500
0.207000	-61.468300
0.207100	-51.888802
0.207200	15.167500
0.207300	34.326500
0.207400	72.644402
0.207500	72.644402
0.207600	91.803299
0.207700	72.644402
0.207800	72.644402
0.207900	72.644402
0.208000	-3.991450
0.208100	43.905899
0.208200	43.905899
0.208300	24.747000
0.208400	15.167500
0.208500	-42.309399
0.208600	91.803299
0.208700	82.223801
0.208800	-3.991450
0.208900	-118.945000
0.209000	-61.468300
0.209100	53.485401
0.209200	34.326500
0.209300	-13.570900
0.209400	-61.468300
0.209500	-23.150400
0.209600	5.588030
0.209700	24.747000
0.209800	-42.309399
0.209900	24.747000
0.210000	15.167500
0.210100	-80.627296
0.210200	-80.627296
0.210300	-13.570900
0.210400	5.588030
0.210500	-23.150400
0.210600	-61.468300
0.210700	53.485401
0.210800	63.064899
0.210900	72.644402
0.211000	43.905899
0.211100	15.167500
0.211200	-61.468300
0.211300	-80.627296
0.211400	-13.570900
0.211500	5.588030
0.211600	43.905899
0.211700	63.064899
0.211800	82.223801
0.211900	91.803299
0.212000	-80.627296
0.212100	-99.786201
0.212200	34.326500
0.212300	43.905899
0.212400	72.644402
0.212500	43.905899
0.212600	-42.309399
0.212700	53.485401
0.212800	72.644402
0.212900	-3.991450
0.213000	-61.468300
0.213100	-61.468300
0.213200	-42.309399
0.213300	72.644402
0.213400	15.167500
0.213500	72.644402
0.213600	168.438995
0.213700	139.701004
0.213800	91.803299
0.213900	-51.888802
0.214000	-71.047798
0.214100	34.326500
0.214200	-3.991450
0.214300	34.326500
0.214400	43.905899
0.214500	-71.047798
0.214600	-71.047798
0.214700	-51.888802
0.214800	24.747000
0.214900	24.747000
0.215000	-13.570900
0.215100	34.326500
0.215200	24.747000
0.215300	-23.150400
0.215400	53.485401
0.215500	-3.991450
0.215600	-80.627296
0.215700	-23.150400
0.215800	-61.468300
0.215900	-80.627296
0.216000	-42.309399
0.216100	72.644402
0.216200	187.598007
0.216300	72.644402
0.216400	-32.729900
0.216500	-3.991450
0.216600	15.167500
0.216700	72.644402
0.216800	149.279999
0.216900	130.121002
0.217000	91.803299
0.217100	5.588030
0.217200	-80.627296
0.217300	-42.309399
0.217400	34.326500
0.217500	63.064899
0.217600	-3.991450
0.217700	-61.468300
0.217800	-51.888802
0.217900	-80.627296
0.218000	-23.150400
0.218100	63.064899
0.218200	139.701004
0.218300	-3.991450
0.218400	-42.309399
0.218500	-42.309399
0.218600	-23.150400
0.218700	34.326500
0.218800	53.485401
0.218900	15.167500
0.219000	-80.627296
0.219100	-80.627296
0.219200	-3.991450
0.219300	-51.888802
0.219400	72.644402
0.219500	72.644402
0.219600	24.747000
0.219700	15.167500
0.219800	-23.150400
0.219900	-42.309399
0.220000	-3.991450
0.220100	5.588030
0.220200	-23.150400
0.220300	-42.309399
0.220400	-42.309399
0.220500	-80.627296
0.220600	-61.468300
0.220700	-80.627296
0.220800	-61.468300
0.220900	15.167500
0.221000	-3.991450
0.221100	53.485401
0.221200	-13.570900
0.221300	-99.786201
0.221400	-3.991450
0.221500	15.167500
0.221600	15.167500
0.221700	24.747000
0.221800	34.326500
0.221900	34.326500
0.222000	-61.468300
0.222100	-42.309399
0.222200	72.644402
0.222300	34.326500
0.222400	43.905899
0.222500	15.167500
0.222600	-99.786201
0.222700	-42.309399
0.222800	34.326500
0.222900	91.803299
0.223000	43.905899
0.223100	-23.150400
0.223200	-80.627296
0.223300	-109.365997
0.223400	-61.468300
0.223500	15.167500
0.223600	15.167500
0.223700	53.485401
0.223800	53.485401
0.223900	-13.570900
0.224000	-71.047798
0.224100	-61.468300
0.224200	-51.888802
0.224300	-80.627296
0.224400	-23.150400
0.224500	24.747000
0.224600	-42.309399
0.224700	53.485401
0.224800	43.905899
0.224900	15.167500
0.225000	24.747000
0.225100	63.064899
0.225200	110.961998
0.225300	149.279999
0.225400	72.644402
0.225500	53.485401
0.225600	34.326500
0.225700	34.326500
0.225800	15.167500
0.225900	-61.468300
0.226000	34.326500
0.226100	34.326500
0.226200	-61.468300
0.226300	-42.309399
0.226400	-71.047798
0.226500	24.747000
0.226600	15.167500
0.226700	-157.263000
0.226800	-99.786201
0.226900	72.644402
0.227000	34.326500
0.227100	24.747000
0.227200	-23.150400
0.227300	-23.150400
0.227400	-42.309399
0.227500	15.167500
0.227600	82.223801
0.227700	24.747000
0.227800	-23.150400
0.227900	72.644402
0.228000	139.701004
0.228100	101.383003
0.228200	-51.888802
0.228300	-80.627296
0.228400	-23.150400
0.228500	34.326500
0.228600	15.167500
0.228700	-61.468300
0.228800	-109.365997
0.228900	-166.843002
0.229000	-99.786201
0.229100	-90.206703
0.229200	-99.786201
0.229300	-42.309399
0.229400	63.064899
0.229500	-3.991450
0.229600	43.905899
0.229700	63.064899
0.229800	91.803299
0.229900	53.485401
0.230000	-51.888802
0.230100	34.326500
0.230200	15.167500
0.230300	15.167500
0.230400	110.961998
0.230500	15.167500
0.230600	-42.309399
0.230700	-3.991450
0.230800	15.167500
0.230900	53.485401
0.231000	24.747000
0.231100	120.542000
0.231200	130.121002
0.231300	-61.468300
0.231400	-32.729900
0.231500	-42.309399
0.231600	-118.945000
0.231700	-80.627296
0.231800	-166.843002
0.231900	-128.524994
0.232000	-13.570900
0.232100	-42.309399
0.232200	5.588030
0.232300	24.747000
0.232400	5.588030
0.232500	72.644402
0.232600	24.747000
0.232700	-42.309399
0.232800	15.167500
0.232900	24.747000
0.233000	-32.729900
0.233100	-42.309399
0.233200	-42.309399
0.233300	-3.991450
0.233400	53.485401
0.233500	-42.309399
0.233600	-23.150400
0.233700	91.803299
0.233800	53.485401
0.233900	-32.729900
0.234000	-61.468300
0.234100	-42.309399
0.234200	-13.570900
0.234300	-51.888802
0.234400	34.326500
0.234500	-23.150400
0.234600	-71.047798
0.234700	-3.991450
0.234800	34.326500
0.234900	63.064899
0.235000	-32.729900
0.235100	-42.309399
0.235200	5.588030
0.235300	43.905899
0.235400	53.485401
0.235500	120.542000
0.235600	53.485401
0.235700	5.588030
0.235800	-13.570900
0.235900	-32.729900
0.236000	24.747000
0.236100	34.326500
0.236200	-32.729900
0.236300	-42.309399
0.236400	101.383003
0.236500	168.438995
0.236600	110.961998
0.236700	91.803299
0.236800	101.383003
0.236900	130.121002
0.237000	-13.570900
0.237100	-99.786201
0.237200	-51.888802
0.237300	-42.309399
0.237400	-23.150400
0.237500	15.167500
0.237600	-23.150400
0.237700	-23.150400
0.237800	-23.150400
0.237900	-80.627296
0.238000	-32.729900
0.238100	91.803299
0.238200	43.905899
0.238300	-61.468300
0.238400	-23.150400
0.238500	34.326500
0.238600	110.961998
0.238700	91.803299
0.238800	15.167500
0.238900	-61.468300
0.239000	-90.206703
0.239100	110.961998
0.239200	206.757004
0.239300	72.644402
0.239400	43.905899
0.239500	24.747000
0.239600	91.803299
0.239700	63.064899
0.239800	91.803299
0.239900	43.905899
0.240000	-23.150400
0.240100	-71.047798
0.240200	5.588030
0.240300	-61.468300
0.240400	-138.104004
0.240500	-42.309399
0.240600	5.588030
0.240700	-23.150400
0.240800	-80.627296
0.240900	-80.627296
0.241000	-61.468300
0.241100	-32.729900
0.241200	-42.309399
0.241300	5.588030
0.241400	24.747000
0.241500	149.279999
0.241600	178.018997
0.241700	53.485401
0.241800	24.747000
0.241900	-23.150400
0.242000	-42.309399
0.242100	15.167500
0.242200	34.326500
0.242300	53.485401
0.242400	-23.150400
0.242500	-80.627296
0.242600	-71.047798
0.242700	-23.150400
0.242800	-71.047798
0.242900	-32.729900
0.243000	-99.786201
0.243100	-99.786201
0.243200	15.167500
0.243300	15.167500
0.243400	-61.468300
0.243500	-61.468300
0.243600	-42.309399
0.243700	-80.627296
0.243800	-80.627296
0.243900	34.326500
0.244000	-23.150400
0.244100	-42.309399
0.244200	53.485401
0.244300	-23.150400
0.244400	-42.309399
0.244500	53.485401
0.244600	24.747000
0.244700	-42.309399
0.244800	-42.309399
0.244900	15.167500
0.245000	53.485401
0.245100	-80.627296
0.245200	-80.627296
0.245300	-23.150400
0.245400	15.167500
0.245500	15.167500
0.245600	-80.627296
0.245700	-51.888802
0.245800	43.905899
0.245900	15.167500
0.246000	63.064899
0.246100	43.905899
0.246200	-61.468300
0.246300	-71.047798
0.246400	-23.150400
0.246500	-13.570900
0.246600	24.747000
0.246700	-51.888802
0.246800	-118.945000
0.246900	-42.309399
0.247000	-61.468300
0.247100	-99.786201
0.247200	15.167500
0.247300	15.167500
0.247400	-23.150400
0.247500	34.326500
0.247600	34.326500
0.247700	-23.150400
0.247800	15.167500
0.247900	53.485401
0.248000	72.644402
0.248100	63.064899
0.248200	-13.570900
0.248300	43.905899
0.248400	63.064899
0.248500	-23.150400
0.248600	-42.309399
0.248700	-61.468300
0.248800	-42.309399
0.248900	72.644402
0.249000	53.485401
0.249100	-13.570900
0.249200	24.747000
0.249300	-42.309399
0.249400	-80.627296
0.249500	24.747000
0.249600	34.326500
0.249700	15.167500
0.249800	-13.570900
0.249900	-80.627296
0.250000	-90.206703
0.250100	-42.309399
0.250200	-13.570900
0.250300	-42.309399
0.250400	-23.150400
0.250500	-42.309399
0.250600	-118.945000
0.250700	-51.888802
0.250800	43.905899
0.250900	15.167500
0.251000	24.747000
0.251100	72.644402
0.251200	72.644402
0.251300	110.961998
0.251400	24.747000
0.251500	-23.150400
0.251600	91.803299
0.251700	53.485401
0.251800	24.747000
0.251900	53.485401
0.252000	-80.627296
0.252100	-90.206703
0.252200	-23.150400
0.252300	-99.786201
0.252400	-61.468300
0.252500	53.485401
0.252600	53.485401
0.252700	-3.991450
0.252800	-42.309399
0.252900	-23.150400
0.253000	-42.309399
0.253100	-128.524994
0.253200	-71.047798
0.253300	5.588030
0.253400	-42.309399
0.253500	-42.309399
0.253600	-118.945000
0.253700	-128.524994
0.253800	34.326500
0.253900	139.701004
0.254000	101.383003
0.254100	-99.786201
0.254200	-99.786201
0.254300	53.485401
0.254400	5.588030
0.254500	-23.150400
0.254600	63.064899
0.254700	72.644402
0.254800	-23.150400
0.254900	-23.150400
0.255000	15.167500
0.255100	-71.047798
0.255200	-80.627296
0.255300	-42.309399
0.255400	-13.570900
0.255500	-42.309399
0.255600	-23.150400
0.255700	34.326500
0.255800	-71.047798
0.255900	-23.150400
0.256000	63.064899
0.256100	-23.150400
0.256200	-99.786201
0.256300	-61.468300
0.256400	-118.945000
0.256500	-42.309399
0.256600	-3.991450
0.256700	-71.047798
0.256800	-32.729900
0.256900	-61.468300
0.257000	-99.786201
0.257100	-99.786201
0.257200	-61.468300
0.257300	53.485401
0.257400	24.747000
0.257500	-61.468300
0.257600	24.747000
0.257700	-3.991450
0.257800	-42.309399
0.257900	15.167500
0.258000	53.485401
0.258100	15.167500
0.258200	-42.309399
0.258300	-99.786201
0.258400	-61.468300
0.258500	-51.888802
0.258600	-128.524994
0.258700	-99.786201
0.258800	-80.627296
0.258900	-42.309399
0.259000	-61.468300
0.259100	-42.309399
0.259200	-13.570900
0.259300	-3.991450
0.259400	-42.309399
0.259500	-71.047798
0.259600	-80.627296
0.259700	-118.945000
0.259800	-32.729900
0.259900	5.588030
0.260000	-109.365997
0.260100	-42.309399
0.260200	63.064899
0.260300	15.167500
0.260400	24.747000
0.260500	-42.309399
0.260600	-99.786201
0.260700	-51.888802
0.260800	-23.150400
0.260900	-23.150400
0.261000	-51.888802
0.261100	-13.570900
0.261200	72.644402
0.261300	5.588030
0.261400	-42.309399
0.261500	34.326500
0.261600	15.167500
0.261700	34.326500
0.261800	34.326500
0.261900	-42.309399
0.262000	-3.991450
0.262100	-3.991450
0.262200	-80.627296
0.262300	5.588030
0.262400	-3.991450
0.262500	-42.309399
0.262600	34.326500
0.262700	24.747000
0.262800	72.644402
0.262900	-3.991450
0.263000	-51.888802
0.263100	-3.991450
0.263200	24.747000
0.263300	34.326500
0.263400	-23.150400
0.263500	-71.047798
0.263600	-3.991450
0.263700	53.485401
0.263800	15.167500
0.263900	15.167500
0.264000	-51.888802
0.264100	-42.309399
0.264200	15.167500
0.264300	72.644402
0.264400	158.860001
0.264500	15.167500
0.264600	-61.468300
0.264700	-42.309399
0.264800	-23.150400
0.264900	72.644402
0.265000	53.485401
0.265100	-23.150400
0.265200	63.064899
0.265300	139.701004
0.265400	-42.309399
0.265500	-176.421997
0.265600	-42.309399
0.265700	72.644402
0.265800	72.644402
0.265900	-109.365997
0.266000	-80.627296
0.266100	24.747000
0.266200	-42.309399
0.266300	-99.786201
0.266400	-80.627296
0.266500	-23.150400
0.266600	-3.991450
0.266700	43.905899
0.266800	-13.570900
0.266900	-118.945000
0.267000	-90.206703
0.267100	15.167500
0.267200	53.485401
0.267300	-42.309399
0.267400	-80.627296
0.267500	-51.888802
0.267600	-23.150400
0.267700	34.326500
0.267800	5.588030
0.267900	-23.150400
0.268000	24.747000
0.268100	24.747000
0.268200	24.747000
0.268300	5.588030
0.268400	-23.150400
0.268500	-23.150400
0.268600	-61.468300
0.268700	-42.309399
0.268800	5.588030
0.268900	34.326500
0.269000	-23.150400
0.269100	-80.627296
0.269200	-118.945000
0.269300	-80.627296
0.269400	-3.991450
0.269500	-32.729900
0.269600	-99.786201
0.269700	24.747000
0.269800	-13.570900
0.269900	-42.309399
0.270000	-61.468300
0.270100	5.588030
0.270200	34.326500
0.270300	5.588030
0.270400	91.803299
0.270500	72.644402
0.270600	5.588030
0.270700	63.064899
0.270800	-42.309399
0.270900	-80.627296
0.271000	-3.991450
0.271100	34.326500
0.271200	72.644402
0.271300	130.121002
0.271400	72.644402
0.271500	120.542000
0.271600	178.018997
0.271700	-3.991450
0.271800	-61.468300
0.271900	-42.309399
0.272000	43.905899
0.272100	149.279999
0.272200	24.747000
0.272300	-99.786201
0.272400	-80.627296
0.272500	-128.524994
0.272600	-42.309399
0.272700	110.961998
0.272800	24.747000
0.272900	-61.468300
0.273000	-23.150400
0.273100	-61.468300
0.273200	-80.627296
0.273300	15.167500
0.273400	72.644402
0.273500	24.747000
0.273600	34.326500
0.273700	15.167500
0.273800	34.326500
0.273900	15.167500
0.274000	15.167500
0.274100	72.644402
0.274200	130.121002
0.274300	91.803299
0.274400	-71.047798
0.274500	-80.627296
0.274600	34.326500
0.274700	130.121002
0.274800	187.598007
0.274900	63.064899
0.275000	-3.991450
0.275100	72.644402
0.275200	15.167500
0.275300	-32.729900
0.275400	-42.309399
0.275500	-157.263000
0.275600	-42.309399
0.275700	5.588030
0.275800	-42.309399
0.275900	-23.150400
0.276000	-3.991450
0.276100	15.167500
0.276200	-13.570900
0.276300	53.485401
0.276400	24.747000
0.276500	-51.888802
0.276600	-61.468300
0.276700	-42.309399
0.276800	-3.991450
0.276900	72.644402
0.277000	130.121002
0.277100	91.803299
0.277200	-3.991450
0.277300	-42.309399
0.277400	-3.991450
0.277500	72.644402
0.277600	5.588030
0.277700	72.644402
0.277800	82.223801
0.277900	-13.570900
0.278000	-23.150400
0.278100	-32.729900
0.278200	-13.570900
0.278300	34.326500
0.278400	-3.991450
0.278500	-23.150400
0.278600	-42.309399
0.278700	-80.627296
0.278800	-80.627296
0.278900	130.121002
0.279000	72.644402
0.279100	63.064899
0.279200	139.701004
0.279300	72.644402
0.279400	15.167500
0.279500	72.644402
0.279600	15.167500
0.279700	5.588030
0.279800	5.588030
0.279900	-61.468300
0.280000	-32.729900
0.280100	15.167500
0.280200	5.588030
0.280300	34.326500
0.280400	72.644402
0.280500	-13.570900
0.280600	-13.570900
0.280700	5.588030
0.280800	-61.468300
0.280900	53.485401
0.281000	72.644402
0.281100	34.326500
0.281200	-71.047798
0.281300	-128.524994
0.281400	-42.309399
0.281500	-42.309399
0.281600	-118.945000
0.281700	-90.206703
0.281800	-13.570900
0.281900	-3.991450
0.282000	-23.150400
0.282100	-23.150400
0.282200	-23.150400
0.282300	-90.206703
0.282400	-61.468300
0.282500	15.167500
0.282600	72.644402
0.282700	91.803299
0.282800	15.167500
0.282900	15.167500
0.283000	53.485401
0.283100	15.167500
0.283200	-61.468300
0.283300	-42.309399
0.283400	-23.150400
0.283500	34.326500
0.283600	34.326500
0.283700	15.167500
0.283800	15.167500
0.283900	24.747000
0.284000	-61.468300
0.284100	-61.468300
0.284200	15.167500
0.284300	-51.888802
0.284400	-61.468300
0.284500	72.644402
0.284600	15.167500
0.284700	63.064899
0.284800	149.279999
0.284900	120.542000
0.285000	72.644402
0.285100	53.485401
0.285200	-23.150400
0.285300	-42.309399
0.285400	24.747000
0.285500	72.644402
0.285600	24.747000
0.285700	-42.309399
0.285800	43.905899
0.285900	72.644402
0.286000	34.326500
0.286100	34.326500
0.286200	15.167500
0.286300	-13.570900
0.286400	15.167500
0.286500	-23.150400
0.286600	72.644402
0.286700	82.223801
0.286800	-42.309399
0.286900	-13.570900
0.287000	24.747000
0.287100	91.803299
0.287200	53.485401
0.287300	-71.047798
0.287400	5.588030
0.287500	-3.991450
0.287600	34.326500
0.287700	120.542000
0.287800	110.961998
0.287900	72.644402
0.288000	5.588030
0.288100	-80.627296
0.288200	-109.365997
0.288300	-42.309399
0.288400	43.905899
0.288500	63.064899
0.288600	15.167500
0.288700	-13.570900
0.288800	34.326500
0.288900	-23.150400
0.289000	-32.729900
0.289100	-42.309399
0.289200	-80.627296
0.289300	63.064899
0.289400	72.644402
0.289500	-51.888802
0.289600	-32.729900
0.289700	-23.150400
0.289800	-61.468300
0.289900	43.905899
0.290000	24.747000
0.290100	15.167500
0.290200	72.644402
0.290300	72.644402
0.290400	-23.150400
0.290500	24.747000
0.290600	72.644402
0.290700	72.644402
0.290800	130.121002
0.290900	72.644402
0.291000	34.326500
0.291100	24.747000
0.291200	-3.991450
0.291300	-23.150400
0.291400	-23.150400
0.291500	43.905899
0.291600	-3.991450
0.291700	24.747000
0.291800	15.167500
0.291900	15.167500
0.292000	15.167500
0.292100	15.167500
0.292200	-23.150400
0.292300	15.167500
0.292400	15.167500
0.292500	-90.206703
0.292600	-80.627296
0.292700	-23.150400
0.292800	-13.570900
0.292900	53.485401
0.293000	-42.309399
0.293100	-80.627296
0.293200	-42.309399
0.293300	-3.991450
0.293400	34.326500
0.293500	5.588030
0.293600	-61.468300
0.293700	53.485401
0.293800	15.167500
0.293900	-80.627296
0.294000	5.588030
0.294100	-32.729900
0.294200	-61.468300
0.294300	53.485401
0.294400	24.747000
0.294500	-51.888802
0.294600	-23.150400
0.294700	-3.991450
0.294800	34.326500
0.294900	-42.309399
0.295000	-80.627296
0.295100	-42.309399
0.295200	-71.047798
0.295300	-51.888802
0.295400	34.326500
0.295500	-61.468300
0.295600	-3.991450
0.295700	43.905899
0.295800	-3.991450
0.295900	15.167500
0.296000	5.588030
0.296100	82.223801
0.296200	34.326500
0.296300	-128.524994
0.296400	-32.729900
0.296500	-3.991450
0.296600	5.588030
0.296700	53.485401
0.296800	43.905899
0.296900	43.905899
0.297000	91.803299
0.297100	63.064899
0.297200	-32.729900
0.297300	-13.570900
0.297400	91.803299
0.297500	72.644402
0.297600	-80.627296
0.297700	34.326500
0.297800	187.598007
0.297900	24.747000
0.298000	-80.627296
0.298100	-3.991450
0.298200	15.167500
0.298300	63.064899
0.298400	225.916000
0.298500	168.438995
0.298600	-13.570900
0.298700	-99.786201
0.298800	63.064899
0.298900	53.485401
0.299000	-80.627296
0.299100	-3.991450
0.299200	34.326500
0.299300	-61.468300
0.299400	24.747000
0.299500	53.485401
0.299600	-23.150400
0.299700	82.223801
0.299800	178.018997
0.299900	110.961998
