-0.050000	-0.162787
-0.049900	-0.124059
-0.049800	-0.027239
-0.049700	-0.065967
-0.049600	-0.007875
-0.049500	-0.143423
-0.049400	-0.104695
-0.049300	-0.085331
-0.049200	-0.046603
-0.049100	-0.143423
-0.049000	-0.124059
-0.048900	-0.124059
-0.048800	-0.143423
-0.048700	-0.220879
-0.048600	-0.085331
-0.048500	-0.065967
-0.048400	-0.143423
-0.048300	-0.085331
-0.048200	-0.104695
-0.048100	-0.124059
-0.048000	-0.046603
-0.047900	-0.182151
-0.047800	-0.162787
-0.047700	-0.085331
-0.047600	-0.065967
-0.047500	-0.124059
-0.047400	-0.143423
-0.047300	-0.104695
-0.047200	-0.124059
-0.047100	-0.162787
-0.047000	-0.085331
-0.046900	-0.182151
-0.046800	-0.065967
-0.046700	-0.065967
-0.046600	-0.027239
-0.046500	-0.085331
-0.046400	-0.085331
-0.046300	-0.065967
-0.046200	-0.027239
-0.046100	-0.065967
-0.046000	-0.085331
-0.045900	-0.046603
-0.045800	-0.085331
-0.045700	-0.124059
-0.045600	-0.027239
-0.045500	-0.027239
-0.045400	-0.085331
-0.045300	-0.104695
-0.045200	-0.143423
-0.045100	-0.065967
-0.045000	-0.162787
-0.044900	-0.046603
-0.044800	-0.065967
-0.044700	-0.143423
-0.044600	-0.085331
-0.044500	-0.065967
-0.044400	-0.085331
-0.044300	-0.162787
-0.044200	-0.027239
-0.044100	-0.124059
-0.044000	-0.104695
-0.043900	-0.124059
-0.043800	-0.046603
-0.043700	-0.027239
-0.043600	-0.046603
-0.043500	-0.065967
-0.043400	-0.027239
-0.043300	-0.104695
-0.043200	-0.085331
-0.043100	-0.027239
-0.043000	-0.104695
-0.042900	-0.104695
-0.042800	-0.046603
-0.042700	-0.085331
-0.042600	-0.065967
-0.042500	-0.104695
-0.042400	-0.104695
-0.042300	-0.046603
-0.042200	-0.065967
-0.042100	-0.027239
-0.042000	-0.104695
-0.041900	-0.065967
-0.041800	-0.065967
-0.041700	0.050217
-0.041600	-0.007875
-0.041500	-0.143423
-0.041400	-0.027239
-0.041300	-0.065967
-0.041200	-0.085331
-0.041100	-0.007875
-0.041000	0.011489
-0.040900	-0.007875
-0.040800	-0.046603
-0.040700	0.011489
-0.040600	0.011489
-0.040500	0.011489
-0.040400	-0.027239
-0.040300	-0.124059
-0.040200	0.030853
-0.040100	-0.065967
-0.040000	-0.046603
-0.039900	-0.085331
-0.039800	-0.007875
-0.039700	0.030853
-0.039600	-0.027239
-0.039500	-0.007875
-0.039400	-0.027239
-0.039300	-0.027239
-0.039200	-0.007875
-0.039100	-0.027239
-0.039000	0.050217
-0.038900	0.011489
-0.038800	-0.046603
-0.038700	-0.007875
-0.038600	-0.046603
-0.038500	0.011489
-0.038400	0.088945
-0.038300	-0.085331
-0.038200	-0.046603
-0.038100	0.030853
-0.038000	0.011489
-0.037900	0.030853
-0.037800	-0.007875
-0.037700	-0.027239
-0.037600	-0.085331
-0.037500	0.011489
-0.037400	-0.007875
-0.037300	-0.065967
-0.037200	-0.007875
-0.037100	-0.065967
-0.037000	-0.046603
-0.036900	0.011489
-0.036800	0.011489
-0.036700	0.069581
-0.036600	0.011489
-0.036500	0.011489
-0.036400	-0.007875
-0.036300	-0.046603
-0.036200	0.030853
-0.036100	-0.027239
-0.036000	0.030853
-0.035900	-0.065967
-0.035800	-0.085331
-0.035700	-0.027239
-0.035600	-0.065967
-0.035500	0.011489
-0.035400	-0.046603
-0.035300	0.030853
-0.035200	0.050217
-0.035100	-0.007875
-0.035000	0.030853
-0.034900	0.030853
-0.034800	-0.007875
-0.034700	-0.027239
-0.034600	-0.027239
-0.034500	-0.007875
-0.034400	0.050217
-0.034300	-0.027239
-0.034200	-0.007875
-0.034100	-0.007875
-0.034000	-0.027239
-0.033900	0.011489
-0.033800	0.011489
-0.033700	-0.065967
-0.033600	-0.027239
-0.033500	-0.046603
-0.033400	0.088945
-0.033300	0.050217
-0.033200	0.030853
-0.033100	0.069581
-0.033000	0.069581
-0.032900	-0.065967
-0.032800	0.011489
-0.032700	0.069581
-0.032600	-0.027239
-0.032500	-0.007875
-0.032400	0.011489
-0.032300	0.030853
-0.032200	0.011489
-0.032100	0.088945
-0.032000	0.069581
-0.031900	-0.007875
-0.031800	-0.027239
-0.031700	0.011489
-0.031600	0.030853
-0.031500	0.030853
-0.031400	0.069581
-0.031300	0.011489
-0.031200	-0.143423
-0.031100	0.030853
-0.031000	0.011489
-0.030900	-0.007875
-0.030800	-0.065967
-0.030700	0.030853
-0.030600	-0.027239
-0.030500	0.127673
-0.030400	0.030853
-0.030300	0.030853
-0.030200	0.011489
-0.030100	0.088945
-0.030000	-0.046603
-0.029900	0.069581
-0.029800	0.069581
-0.029700	0.011489
-0.029600	0.050217
-0.029500	0.088945
-0.029400	-0.007875
-0.029300	0.050217
-0.029200	0.030853
-0.029100	0.011489
-0.029000	0.030853
-0.028900	-0.007875
-0.028800	0.147037
-0.028700	0.127673
-0.028600	0.088945
-0.028500	0.011489
-0.028400	0.050217
-0.028300	0.108309
-0.028200	0.050217
-0.028100	0.011489
-0.028000	0.069581
-0.027900	0.030853
-0.027800	0.030853
-0.027700	-0.007875
-0.027600	0.050217
-0.027500	-0.027239
-0.027400	-0.046603
-0.027300	-0.065967
-0.027200	-0.085331
-0.027100	-0.007875
-0.027000	0.011489
-0.026900	-0.027239
-0.026800	-0.046603
-0.026700	-0.027239
-0.026600	0.050217
-0.026500	0.030853
-0.026400	-0.027239
-0.026300	-0.046603
-0.026200	-0.046603
-0.026100	-0.007875
-0.026000	-0.027239
-0.025900	0.030853
-0.025800	0.050217
-0.025700	0.030853
-0.025600	0.088945
-0.025500	0.030853
-0.025400	-0.007875
-0.025300	-0.027239
-0.025200	0.011489
-0.025100	-0.104695
-0.025000	-0.046603
-0.024900	-0.065967
-0.024800	-0.007875
-0.024700	-0.007875
-0.024600	-0.046603
-0.024500	-0.007875
-0.024400	-0.085331
-0.024300	0.069581
-0.024200	0.011489
-0.024100	-0.085331
-0.024000	-0.027239
-0.023900	-0.027239
-0.023800	0.030853
-0.023700	-0.027239
-0.023600	0.011489
-0.023500	-0.065967
-0.023400	-0.007875
-0.023300	-0.046603
-0.023200	-0.027239
-0.023100	-0.065967
-0.023000	0.050217
-0.022900	0.030853
-0.022800	-0.027239
-0.022700	-0.007875
-0.022600	-0.085331
-0.022500	-0.007875
-0.022400	0.069581
-0.022300	-0.046603
-0.022200	-0.027239
-0.022100	0.030853
-0.022000	-0.007875
-0.021900	0.030853
-0.021800	0.011489
-0.021700	0.011489
-0.021600	-0.085331
-0.021500	-0.124059
-0.021400	-0.027239
-0.021300	-0.046603
-0.021200	0.011489
-0.021100	0.030853
-0.021000	0.050217
-0.020900	-0.046603
-0.020800	-0.065967
-0.020700	-0.007875
-0.020600	-0.046603
-0.020500	-0.046603
-0.020400	-0.027239
-0.020300	0.050217
-0.020200	-0.065967
-0.020100	-0.046603
-0.020000	0.030853
-0.019900	-0.085331
-0.019800	-0.027239
-0.019700	0.011489
-0.019600	0.050217
-0.019500	0.050217
-0.019400	0.011489
-0.019300	0.011489
-0.019200	-0.046603
-0.019100	-0.007875
-0.019000	-0.027239
-0.018900	0.030853
-0.018800	-0.046603
-0.018700	0.050217
-0.018600	0.030853
-0.018500	-0.065967
-0.018400	-0.007875
-0.018300	0.011489
-0.018200	0.030853
-0.018100	0.030853
-0.018000	-0.027239
-0.017900	-0.065967
-0.017800	-0.007875
-0.017700	-0.027239
-0.017600	-0.007875
-0.017500	-0.027239
-0.017400	-0.046603
-0.017300	-0.065967
-0.017200	0.050217
-0.017100	-0.046603
-0.017000	-0.027239
-0.016900	0.069581
-0.016800	0.011489
-0.016700	-0.046603
-0.016600	0.011489
-0.016500	0.011489
-0.016400	-0.065967
-0.016300	-0.046603
-0.016200	-0.007875
-0.016100	0.088945
-0.016000	0.050217
-0.015900	0.030853
-0.015800	-0.027239
-0.015700	-0.046603
-0.015600	0.069581
-0.015500	0.011489
-0.015400	0.030853
-0.015300	0.011489
-0.015200	0.011489
-0.015100	-0.065967
-0.015000	-0.027239
-0.014900	0.011489
-0.014800	-0.027239
-0.014700	0.030853
-0.014600	-0.007875
-0.014500	0.069581
-0.014400	0.069581
-0.014300	0.050217
-0.014200	-0.027239
-0.014100	0.030853
-0.014000	0.030853
-0.013900	-0.027239
-0.013800	-0.027239
-0.013700	-0.007875
-0.013600	0.011489
-0.013500	0.011489
-0.013400	0.011489
-0.013300	-0.027239
-0.013200	-0.007875
-0.013100	-0.007875
-0.013000	0.050217
-0.012900	0.069581
-0.012800	0.069581
-0.012700	0.069581
-0.012600	0.050217
-0.012500	-0.007875
-0.012400	0.011489
-0.012300	0.069581
-0.012200	0.011489
-0.012100	0.050217
-0.012000	0.030853
-0.011900	-0.104695
-0.011800	-0.007875
-0.011700	-0.027239
-0.011600	0.108309
-0.011500	0.011489
-0.011400	-0.007875
-0.011300	0.030853
-0.011200	0.011489
-0.011100	0.050217
-0.011000	0.127673
-0.010900	0.011489
-0.010800	-0.046603
-0.010700	-0.027239
-0.010600	-0.124059
-0.010500	-0.027239
-0.010400	-0.007875
-0.010300	-0.065967
-0.010200	-0.046603
-0.010100	-0.085331
-0.010000	-0.007875
-0.009900	-0.007875
-0.009800	-0.046603
-0.009700	0.050217
-0.009600	0.108309
-0.009500	-0.046603
-0.009400	0.011489
-0.009300	-0.027239
-0.009200	0.069581
-0.009100	0.050217
-0.009000	-0.085331
-0.008900	-0.007875
-0.008800	-0.027239
-0.008700	0.050217
-0.008600	0.011489
-0.008500	0.030853
-0.008400	-0.007875
-0.008300	-0.065967
-0.008200	0.050217
-0.008100	0.011489
-0.008000	0.050217
-0.007900	-0.007875
-0.007800	-0.007875
-0.007700	0.011489
-0.007600	-0.007875
-0.007500	-0.027239
-0.007400	0.030853
-0.007300	-0.046603
-0.007200	-0.027239
-0.007100	-0.085331
-0.007000	0.011489
-0.006900	-0.027239
-0.006800	0.069581
-0.006700	-0.007875
-0.006600	-0.007875
-0.006500	-0.046603
-0.006400	-0.027239
-0.006300	-0.104695
-0.006200	-0.085331
-0.006100	-0.027239
-0.006000	-0.007875
-0.005900	-0.007875
-0.005800	-0.065967
-0.005700	-0.027239
-0.005600	-0.124059
-0.005500	-0.143423
-0.005400	-0.046603
-0.005300	-0.007875
-0.005200	-0.104695
-0.005100	0.011489
-0.005000	-0.046603
-0.004900	-0.065967
-0.004800	0.069581
-0.004700	0.069581
-0.004600	0.069581
-0.004500	0.011489
-0.004400	-0.065967
-0.004300	-0.104695
-0.004200	-0.027239
-0.004100	-0.027239
-0.004000	0.030853
-0.003900	-0.046603
-0.003800	-0.046603
-0.003700	-0.027239
-0.003600	-0.046603
-0.003500	-0.104695
-0.003400	-0.065967
-0.003300	-0.085331
-0.003200	-0.027239
-0.003100	-0.085331
-0.003000	-0.065967
-0.002900	-0.065967
-0.002800	-0.007875
-0.002700	-0.046603
-0.002600	-0.065967
-0.002500	-0.085331
-0.002400	-0.007875
-0.002300	-0.065967
-0.002200	-0.027239
-0.002100	-0.104695
-0.002000	-0.065967
-0.001900	-0.046603
-0.001800	-0.104695
-0.001700	-0.124059
-0.001600	-0.085331
-0.001500	-0.124059
-0.001400	-0.162787
-0.001300	-0.143423
-0.001200	-0.046603
-0.001100	-0.104695
-0.001000	-0.201515
-0.000900	-0.065967
-0.000800	-0.046603
-0.000700	-0.046603
-0.000600	-0.085331
-0.000500	-0.085331
-0.000400	-0.143423
-0.000300	-0.201515
-0.000200	-0.182151
-0.000100	-0.182151
0.000000	0.011489
0.000100	-0.104695
0.000200	-0.201515
0.000300	-0.143423
0.000400	-0.104695
0.000500	-0.143423
0.000600	-0.182151
0.000700	-0.104695
0.000800	-0.162787
0.000900	-0.143423
0.001000	-0.124059
0.001100	-0.124059
0.001200	-0.143423
0.001300	-0.124059
0.001400	-0.065967
0.001500	-0.085331
0.001600	-0.162787
0.001700	-0.065967
0.001800	-0.124059
0.001900	-0.143423
0.002000	-0.182151
0.002100	-0.162787
0.002200	-0.162787
0.002300	-0.162787
0.002400	-0.124059
0.002500	-0.085331
0.002600	-0.124059
0.002700	-0.143423
0.002800	-0.124059
0.002900	-0.201515
0.003000	-0.143423
0.003100	-0.085331
0.003200	-0.065967
0.003300	-0.162787
0.003400	-0.143423
0.003500	-0.162787
0.003600	-0.143423
0.003700	-0.162787
0.003800	-0.143423
0.003900	-0.124059
0.004000	-0.124059
0.004100	-0.143423
0.004200	-0.104695
0.004300	-0.065967
0.004400	-0.085331
0.004500	-0.124059
0.004600	-0.104695
0.004700	-0.104695
0.004800	-0.143423
0.004900	-0.162787
0.005000	-0.182151
0.005100	-0.143423
0.005200	-0.104695
0.005300	-0.143423
0.005400	-0.104695
0.005500	-0.162787
0.005600	-0.143423
0.005700	-0.104695
0.005800	-0.104695
0.005900	-0.182151
0.006000	-0.182151
0.006100	-0.104695
0.006200	-0.201515
0.006300	-0.162787
0.006400	-0.085331
0.006500	-0.085331
0.006600	-0.182151
0.006700	-0.220879
0.006800	-0.162787
0.006900	-0.124059
0.007000	-0.124059
0.007100	-0.162787
0.007200	-0.143423
0.007300	-0.104695
0.007400	-0.182151
0.007500	-0.220879
0.007600	-0.162787
0.007700	-0.085331
0.007800	-0.124059
0.007900	-0.104695
0.008000	-0.201515
0.008100	-0.162787
0.008200	-0.085331
0.008300	-0.065967
0.008400	-0.085331
0.008500	-0.104695
0.008600	-0.143423
0.008700	-0.124059
0.008800	-0.104695
0.008900	-0.124059
0.009000	-0.124059
0.009100	-0.065967
0.009200	-0.104695
0.009300	-0.162787
0.009400	-0.104695
0.009500	-0.104695
0.009600	-0.124059
0.009700	-0.162787
0.009800	-0.162787
0.009900	-0.259607
0.010000	-0.124059
0.010100	-0.027239
0.010200	-0.104695
0.010300	-0.124059
0.010400	-0.085331
0.010500	-0.065967
0.010600	-0.085331
0.010700	-0.162787
0.010800	-0.085331
0.010900	-0.124059
0.011000	-0.143423
0.011100	-0.124059
0.011200	-0.124059
0.011300	-0.007875
0.011400	-0.027239
0.011500	-0.027239
0.011600	-0.104695
0.011700	-0.162787
0.011800	-0.162787
0.011900	-0.046603
0.012000	-0.104695
0.012100	-0.046603
0.012200	-0.085331
0.012300	-0.143423
0.012400	-0.104695
0.012500	-0.046603
0.012600	-0.104695
0.012700	-0.085331
0.012800	-0.065967
0.012900	-0.046603
0.013000	-0.104695
0.013100	-0.046603
0.013200	-0.027239
0.013300	-0.027239
0.013400	-0.046603
0.013500	-0.104695
0.013600	-0.027239
0.013700	-0.085331
0.013800	-0.046603
0.013900	-0.007875
0.014000	-0.085331
0.014100	-0.124059
0.014200	-0.085331
0.014300	-0.065967
0.014400	-0.065967
0.014500	-0.065967
0.014600	-0.143423
0.014700	-0.104695
0.014800	-0.143423
0.014900	-0.065967
0.015000	-0.065967
0.015100	-0.143423
0.015200	-0.104695
0.015300	0.011489
0.015400	-0.065967
0.015500	-0.143423
0.015600	-0.220879
0.015700	-0.007875
0.015800	-0.046603
0.015900	-0.046603
0.016000	-0.046603
0.016100	-0.104695
0.016200	-0.182151
0.016300	-0.278971
0.016400	-0.143423
0.016500	-0.104695
0.016600	-0.240243
0.016700	-0.259607
0.016800	-0.298335
0.016900	-0.317699
0.017000	-0.259607
0.017100	-0.259607
0.017200	-0.356427
0.017300	-0.356427
0.017400	-0.337063
0.017500	-0.356427
0.017600	-0.453247
0.017700	-0.491975
0.017800	-0.453247
0.017900	-0.491975
0.018000	-0.453247
0.018100	-0.491975
0.018200	-0.530703
0.018300	-0.608159
0.018400	-0.569431
0.018500	-0.491975
0.018600	-0.414519
0.018700	-0.298335
0.018800	-0.317699
0.018900	-0.433883
0.019000	-0.453247
0.019100	-0.472611
0.019200	-0.530703
0.019300	-0.453247
0.019400	-0.627523
0.019500	-0.937347
0.019600	-0.763071
0.019700	-0.395155
0.019800	-0.375791
0.019900	-0.627523
0.020000	-0.511339
0.020100	-0.143423
0.020200	-0.472611
0.020300	-0.704979
0.020400	0.263221
0.020500	1.192690
0.020600	-0.337063
0.020700	-1.944270
0.020800	-0.898619
0.020900	-0.259607
0.021000	-1.750630
0.021100	-2.447740
0.021200	-1.866820
0.021300	-1.305260
0.021400	0.030853
0.021500	1.986620
0.021600	0.650501
0.021700	-2.312190
0.021800	-2.602650
0.021900	-1.653810
0.022000	-0.666251
0.022100	-0.801799
0.022200	-0.898619
0.022300	-0.859891
0.022400	-2.370280
0.022500	-1.750630
0.022600	0.921597
0.022700	1.231420
0.022800	1.153970
0.022900	2.044710
0.023000	2.431990
0.023100	3.090370
0.023200	3.651920
0.023300	5.026770
0.023400	8.667200
0.023500	13.721200
0.023600	20.246901
0.023700	23.577499
0.023800	24.623100
0.023900	35.408901
0.024000	26.017300
0.024100	4.581390
0.024200	8.686560
0.024300	21.002100
0.024400	19.433599
0.024500	15.677000
0.024600	14.728100
0.024700	12.869200
0.024800	13.779300
0.024900	15.793100
0.025000	13.488800
0.025100	7.912000
0.025200	3.187190
0.025300	1.638070
0.025400	0.747321
0.025500	-1.556990
0.025600	-2.331550
0.025700	-1.343990
0.025800	-1.014800
0.025900	-1.227810
0.026000	-2.157280
0.026100	-4.171130
0.026200	-5.042510
0.026300	-4.113040
0.026400	-3.377210
0.026500	-2.854380
0.026600	-2.254100
0.026700	-2.099190
0.026800	-2.660740
0.026900	-3.532120
0.027000	-4.267950
0.027100	-5.139330
0.027200	-4.364770
0.027300	-2.893110
0.027400	-4.848870
0.027500	-8.702310
0.027600	-9.399410
0.027700	-8.663580
0.027800	-8.973410
0.027900	-8.256940
0.028000	-8.373120
0.028100	-10.174000
0.028200	-10.600000
0.028300	-8.528030
0.028400	-5.855800
0.028500	-7.443650
0.028600	-9.883510
0.028700	-8.818490
0.028800	-8.334390
0.028900	-7.521110
0.029000	-1.576360
0.029100	2.025350
0.029200	-3.590210
0.029300	-7.579200
0.029400	-5.023150
0.029500	-3.590210
0.029600	0.882869
0.029700	7.640910
0.029800	6.769530
0.029900	5.723870
0.030000	6.130510
0.030100	1.734890
0.030200	-1.014800
0.030300	-0.627523
0.030400	-0.278971
0.030500	1.792980
0.030600	2.761180
0.030700	2.354530
0.030800	5.026770
0.030900	8.066910
0.031000	9.286850
0.031100	15.541400
0.031200	24.797400
0.031300	26.230301
0.031400	19.724001
0.031500	16.916300
0.031600	14.457000
0.031700	7.137440
0.031800	5.162310
0.031900	5.975600
0.032000	1.792980
0.032100	0.631137
0.032200	2.257710
0.032300	-1.092260
0.032400	-3.474030
0.032500	0.282585
0.032600	3.961750
0.032700	4.465210
0.032800	5.607690
0.032900	7.699000
0.033000	8.725290
0.033100	11.242600
0.033200	14.147200
0.033300	13.972900
0.033400	11.397500
0.033500	8.415470
0.033600	4.136020
0.033700	-1.305260
0.033800	-4.480960
0.033900	-5.836440
0.034000	-6.378630
0.034100	-3.841950
0.034200	-0.337063
0.034300	0.243857
0.034400	-0.685615
0.034500	-1.343990
0.034600	-2.118550
0.034700	-3.241660
0.034800	-3.977490
0.034900	-3.822580
0.035000	-3.183570
0.035100	-2.428370
0.035200	-1.092260
0.035300	1.289510
0.035400	3.148460
0.035500	3.864930
0.035600	2.916090
0.035700	1.173330
0.035800	0.224493
0.035900	0.166401
0.036000	0.166401
0.036100	0.282585
0.036200	0.263221
0.036300	0.689229
0.036400	2.044710
0.036500	4.232840
0.036600	4.929950
0.036700	3.477650
0.036800	1.792980
0.036900	-0.046603
0.037000	-1.227810
0.037100	-2.292830
0.037200	-3.435300
0.037300	-4.597140
0.037400	-6.436720
0.037500	-7.714750
0.037600	-7.966480
0.037700	-8.005210
0.037800	-7.056370
0.037900	-3.919400
0.038000	3.535740
0.038100	7.602180
0.038200	3.361460
0.038300	-3.377210
0.038400	-9.302590
0.038500	-11.200300
0.038600	-7.521110
0.038700	-3.319120
0.038800	-1.963640
0.038900	-2.622010
0.039000	-4.655230
0.039100	-6.940190
0.039200	-7.908390
0.039300	-7.985840
0.039400	-7.850290
0.039500	-8.392490
0.039600	-8.992770
0.039700	-9.670510
0.039800	-9.573690
0.039900	-8.373120
0.040000	-7.172550
0.040100	-7.308100
0.040200	-9.380050
0.040300	-11.897400
0.040400	-13.465900
0.040500	-12.710700
0.040600	-10.580600
0.040700	-9.883510
0.040800	-11.161500
0.040900	-12.517000
0.041000	-12.768800
0.041100	-13.194800
0.041200	-13.814400
0.041300	-14.414700
0.041400	-15.363500
0.041500	-15.828300
0.041600	-17.241800
0.041700	-19.333099
0.041800	-21.269501
0.041900	-23.225300
0.042000	-25.529600
0.042100	-28.473000
0.042200	-31.300100
0.042300	-35.424599
0.042400	-41.078899
0.042500	-44.506302
0.042600	-44.854900
0.042700	-45.339001
0.042800	-47.023701
0.042900	-47.585201
0.043000	-47.681999
0.043100	-43.654301
0.043200	-46.946201
0.043300	-52.987801
0.043400	-51.244999
0.043500	-51.186901
0.043600	-57.557701
0.043700	-65.961700
0.043800	-72.642197
0.043900	-79.981201
0.044000	-82.266098
0.044100	-77.522003
0.044200	-73.378098
0.044300	-72.893997
0.044400	-74.210701
0.044500	-79.864998
0.044600	-88.230301
0.044700	-93.032501
0.044800	-95.762901
0.044900	-95.627296
0.045000	-93.226196
0.045100	-92.316101
0.045200	-88.791801
0.045300	-82.575996
0.045400	-78.199699
0.045500	-77.560699
0.045600	-79.032402
0.045700	-80.058701
0.045800	-79.129204
0.045900	-73.436203
0.046000	-67.762497
0.046100	-65.767998
0.046200	-64.741699
0.046300	-62.805302
0.046400	-60.578499
0.046500	-58.254799
0.046600	-55.679401
0.046700	-52.329399
0.046800	-48.902000
0.046900	-46.578300
0.047000	-44.893600
0.047100	-43.170200
0.047200	-41.349998
0.047300	-40.846600
0.047400	-42.318199
0.047500	-42.473099
0.047600	-41.621101
0.047700	-40.381802
0.047800	-38.774601
0.047900	-37.864498
0.048000	-37.012501
0.048100	-35.676399
0.048200	-34.417702
0.048300	-33.101002
0.048400	-33.178398
0.048500	-33.217098
0.048600	-31.493700
0.048700	-28.879601
0.048800	-26.865700
0.048900	-25.568399
0.049000	-24.077299
0.049100	-22.470100
0.049200	-21.308300
0.049300	-20.107700
0.049400	-19.410601
0.049500	-19.643000
0.049600	-20.359400
0.049700	-21.559999
0.049800	-23.825600
0.049900	-26.265499
0.050000	-27.775900
0.050100	-27.988899
0.050200	-27.349800
0.050300	-26.827000
0.050400	-27.117500
0.050500	-27.427299
0.050600	-27.388599
0.050700	-27.543501
0.050800	-27.698400
0.050900	-28.279301
0.051000	-27.543501
0.051100	-26.478500
0.051200	-25.781401
0.051300	-25.529600
0.051400	-25.355400
0.051500	-24.735701
0.051600	-24.445200
0.051700	-24.677601
0.051800	-24.832500
0.051900	-24.212900
0.052000	-23.515800
0.052100	-22.973600
0.052200	-22.160299
0.052300	-21.695601
0.052400	-21.734301
0.052500	-21.540600
0.052600	-21.134001
0.052700	-20.533701
0.052800	-19.875299
0.052900	-19.681700
0.053000	-19.739799
0.053100	-19.468700
0.053200	-19.158899
0.053300	-19.158899
0.053400	-18.965200
0.053500	-18.868401
0.053600	-19.004000
0.053700	-19.371901
0.053800	-19.410601
0.053900	-19.081400
0.054000	-18.829700
0.054100	-20.127100
0.054200	-22.140900
0.054300	-22.470100
0.054400	-22.915501
0.054500	-24.910000
0.054600	-27.117500
0.054700	-28.356800
0.054800	-28.666599
0.054900	-28.686001
0.055000	-28.434200
0.055100	-27.446699
0.055200	-25.665199
0.055300	-24.813200
0.055400	-25.200399
0.055500	-25.064899
0.055600	-24.077299
0.055700	-22.702499
0.055800	-21.908600
0.055900	-21.618099
0.056000	-20.979099
0.056100	-20.649900
0.056200	-22.373301
0.056300	-23.089800
0.056400	-22.934900
0.056500	-23.632000
0.056600	-22.992901
0.056700	-22.566900
0.056800	-23.670700
0.056900	-25.006800
0.057000	-25.897499
0.057100	-25.975000
0.057200	-25.316601
0.057300	-24.619499
0.057400	-23.476999
0.057500	-21.831100
0.057600	-20.436899
0.057700	-19.720400
0.057800	-19.081400
0.057900	-18.868401
0.058000	-18.926500
0.058100	-18.965200
0.058200	-17.977699
0.058300	-17.338699
0.058400	-17.687201
0.058500	-18.268101
0.058600	-18.345600
0.058700	-18.500500
0.058800	-19.236300
0.058900	-19.933399
0.059000	-19.817200
0.059100	-19.604200
0.059200	-19.430000
0.059300	-19.158899
0.059400	-18.926500
0.059500	-18.965200
0.059600	-18.713499
0.059700	-18.500500
0.059800	-17.725901
0.059900	-16.428499
0.060000	-15.595900
0.060100	-15.324800
0.060200	-14.434100
0.060300	-13.795000
0.060400	-13.620800
0.060500	-13.078600
0.060600	-12.478300
0.060700	-12.594500
0.060800	-12.652600
0.060900	-12.671900
0.061000	-13.039800
0.061100	-13.678900
0.061200	-14.492100
0.061300	-15.247300
0.061400	-15.808900
0.061500	-16.331699
0.061600	-16.680300
0.061700	-16.796499
0.061800	-16.873899
0.061900	-17.086901
0.062000	-17.086901
0.062100	-16.990101
0.062200	-16.719000
0.062300	-16.138100
0.062400	-15.712100
0.062500	-15.460300
0.062600	-15.266700
0.062700	-15.169900
0.062800	-14.860100
0.062900	-14.666400
0.063000	-14.550200
0.063100	-14.143600
0.063200	-14.569600
0.063300	-14.918200
0.063400	-14.705200
0.063500	-14.163000
0.063600	-13.698200
0.063700	-13.485200
0.063800	-13.775700
0.063900	-13.175400
0.064000	-12.284700
0.064100	-12.168500
0.064200	-11.800600
0.064300	-10.793600
0.064400	-10.019100
0.064500	-9.612420
0.064600	-9.515600
0.064700	-9.050860
0.064800	-8.566760
0.064900	-8.528030
0.065000	-8.644220
0.065100	-8.431210
0.065200	-8.102030
0.065300	-7.947110
0.065400	-7.792200
0.065500	-7.424290
0.065600	-7.346830
0.065700	-7.540470
0.065800	-7.133830
0.065900	-7.056370
0.066000	-7.443650
0.066100	-7.695380
0.066200	-7.772840
0.066300	-7.559830
0.066400	-7.482380
0.066500	-7.908390
0.066600	-8.102030
0.066700	-8.334390
0.066800	-9.012130
0.066900	-9.631780
0.067000	-9.806060
0.067100	-10.328900
0.067200	-11.219600
0.067300	-11.839300
0.067400	-11.761800
0.067500	-11.606900
0.067600	-11.684400
0.067700	-11.800600
0.067800	-11.878000
0.067900	-12.129700
0.068000	-12.458900
0.068100	-12.613800
0.068200	-12.555700
0.068300	-11.490700
0.068400	-10.813000
0.068500	-10.658100
0.068600	-10.232100
0.068700	-10.232100
0.068800	-10.735500
0.068900	-10.619300
0.069000	-10.387000
0.069100	-10.387000
0.069200	-10.135200
0.069300	-9.631780
0.069400	-9.341320
0.069500	-8.741040
0.069600	-8.469940
0.069700	-8.489310
0.069800	-8.586130
0.069900	-8.605490
0.070000	-8.760400
0.070100	-8.876590
0.070200	-8.799130
0.070300	-8.528030
0.070400	-8.818490
0.070500	-9.089590
0.070600	-9.128320
0.070700	-8.799130
0.070800	-8.663580
0.070900	-8.973410
0.071000	-9.399410
0.071100	-9.670510
0.071200	-10.038400
0.071300	-10.328900
0.071400	-10.600000
0.071500	-11.064700
0.071600	-11.781200
0.071700	-12.594500
0.071800	-12.575100
0.071900	-11.994200
0.072000	-12.594500
0.072100	-13.698200
0.072200	-14.356600
0.072300	-14.724500
0.072400	-15.228000
0.072500	-15.595900
0.072600	-15.944400
0.072700	-16.292999
0.072800	-16.467300
0.072900	-16.583500
0.073000	-16.622200
0.073100	-16.757700
0.073200	-16.970699
0.073300	-16.699600
0.073400	-16.138100
0.073500	-15.886400
0.073600	-15.789500
0.073700	-15.615300
0.073800	-15.131200
0.073900	-14.666400
0.074000	-14.356600
0.074100	-14.085500
0.074200	-13.891900
0.074300	-13.814400
0.074400	-13.911200
0.074500	-13.775700
0.074600	-13.659500
0.074700	-13.485200
0.074800	-13.388400
0.074900	-13.737000
0.075000	-13.988700
0.075100	-13.814400
0.075200	-13.582000
0.075300	-13.272200
0.075400	-12.594500
0.075500	-11.936100
0.075600	-11.219600
0.075700	-10.406300
0.075800	-9.960970
0.075900	-10.019100
0.076000	-10.348300
0.076100	-10.290200
0.076200	-10.135200
0.076300	-10.174000
0.076400	-10.038400
0.076500	-9.902880
0.076600	-9.747970
0.076700	-9.844790
0.076800	-9.728600
0.076900	-9.922240
0.077000	-9.922240
0.077100	-10.077200
0.077200	-10.193300
0.077300	-10.425700
0.077400	-10.503200
0.077500	-10.754900
0.077600	-11.045400
0.077700	-11.258400
0.077800	-11.568200
0.077900	-11.819900
0.078000	-12.187800
0.078100	-12.362100
0.078200	-12.362100
0.078300	-12.517000
0.078400	-12.884900
0.078500	-12.826800
0.078600	-13.001100
0.078700	-13.175400
0.078800	-13.388400
0.078900	-13.465900
0.079000	-13.407800
0.079100	-13.407800
0.079200	-13.640100
0.079300	-13.640100
0.079400	-13.620800
0.079500	-13.562700
0.079600	-13.678900
0.079700	-13.872500
0.079800	-13.891900
0.079900	-14.008000
0.080000	-13.891900
0.080100	-13.814400
0.080200	-13.795000
0.080300	-14.143600
0.080400	-14.221100
0.080500	-14.356600
0.080600	-14.337200
0.080700	-14.376000
0.080800	-14.879400
0.080900	-15.363500
0.081000	-15.518400
0.081100	-15.654000
0.081200	-16.080000
0.081300	-16.583500
0.081400	-16.351101
0.081500	-15.731400
0.081600	-15.673400
0.081700	-15.654000
0.081800	-15.731400
0.081900	-15.673400
0.082000	-15.499100
0.082100	-15.344200
0.082200	-14.782600
0.082300	-14.666400
0.082400	-15.015000
0.082500	-14.860100
0.082600	-14.472800
0.082700	-14.356600
0.082800	-14.414700
0.082900	-14.376000
0.083000	-14.530900
0.083100	-14.666400
0.083200	-14.434100
0.083300	-14.240400
0.083400	-14.356600
0.083500	-14.550200
0.083600	-14.104900
0.083700	-14.492100
0.083800	-16.680300
0.083900	-14.240400
0.084000	-12.710700
0.084100	-15.460300
0.084200	-16.738400
0.084300	-15.595900
0.084400	-14.589000
0.084500	-14.414700
0.084600	-14.821300
0.084700	-15.169900
0.084800	-15.537800
0.084900	-15.673400
0.085000	-15.247300
0.085100	-15.131200
0.085200	-15.576500
0.085300	-14.918200
0.085400	-13.427100
0.085500	-13.059200
0.085600	-13.833800
0.085700	-14.802000
0.085800	-15.189300
0.085900	-14.898800
0.086000	-14.782600
0.086100	-14.666400
0.086200	-14.898800
0.086300	-14.840700
0.086400	-14.356600
0.086500	-14.201700
0.086600	-14.395300
0.086700	-14.685800
0.086800	-14.879400
0.086900	-14.937500
0.087000	-14.840700
0.087100	-14.627700
0.087200	-14.453400
0.087300	-14.163000
0.087400	-13.950000
0.087500	-13.833800
0.087600	-13.833800
0.087700	-13.950000
0.087800	-13.756300
0.087900	-13.562700
0.088000	-13.659500
0.088100	-12.788100
0.088200	-11.974800
0.088300	-12.168500
0.088400	-12.943000
0.088500	-12.826800
0.088600	-12.168500
0.088700	-11.703700
0.088800	-11.703700
0.088900	-12.091000
0.089000	-12.555700
0.089100	-12.168500
0.089200	-11.684400
0.089300	-12.420200
0.089400	-12.555700
0.089500	-11.781200
0.089600	-11.916700
0.089700	-12.362100
0.089800	-12.052300
0.089900	-11.665000
0.090000	-11.490700
0.090100	-11.626300
0.090200	-12.013600
0.090300	-11.665000
0.090400	-11.006600
0.090500	-11.548800
0.090600	-12.168500
0.090700	-12.071600
0.090800	-11.839300
0.090900	-11.703700
0.091000	-11.665000
0.091100	-11.452000
0.091200	-11.568200
0.091300	-11.761800
0.091400	-11.606900
0.091500	-11.335800
0.091600	-11.297100
0.091700	-11.277700
0.091800	-11.452000
0.091900	-11.645600
0.092000	-11.819900
0.092100	-11.645600
0.092200	-11.180900
0.092300	-10.813000
0.092400	-10.193300
0.092500	-9.747970
0.092600	-9.283230
0.092700	-8.954040
0.092800	-8.682950
0.092900	-8.876590
0.093000	-9.283230
0.093100	-9.922240
0.093200	-10.871100
0.093300	-11.955500
0.093400	-12.962400
0.093500	-13.698200
0.093600	-13.814400
0.093700	-13.814400
0.093800	-13.523900
0.093900	-12.923700
0.094000	-12.091000
0.094100	-11.258400
0.094200	-10.425700
0.094300	-9.689870
0.094400	-9.534960
0.094500	-9.476870
0.094600	-9.438140
0.094700	-9.476870
0.094800	-9.438140
0.094900	-9.496230
0.095000	-9.476870
0.095100	-9.418780
0.095200	-9.263870
0.095300	-8.992770
0.095400	-8.702310
0.095500	-8.469940
0.095600	-8.373120
0.095700	-8.411850
0.095800	-8.102030
0.095900	-7.676020
0.096000	-7.617930
0.096100	-7.908390
0.096200	-8.392490
0.096300	-8.663580
0.096400	-8.663580
0.096500	-8.508670
0.096600	-8.392490
0.096700	-8.179480
0.096800	-7.811570
0.096900	-7.037010
0.097000	-6.901460
0.097100	-7.501740
0.097200	-8.605490
0.097300	-9.341320
0.097400	-9.554330
0.097500	-9.399410
0.097600	-9.225140
0.097700	-9.205770
0.097800	-9.263870
0.097900	-9.186410
0.098000	-8.915310
0.098100	-8.644220
0.098200	-8.508670
0.098300	-8.818490
0.098400	-9.167050
0.098500	-8.973410
0.098600	-8.392490
0.098700	-7.792200
0.098800	-7.424290
0.098900	-7.404920
0.099000	-7.521110
0.099100	-7.482380
0.099200	-7.424290
0.099300	-7.443650
0.099400	-7.714750
0.099500	-7.985840
0.099600	-8.102030
0.099700	-8.043930
0.099800	-8.063300
0.099900	-8.005210
0.100000	-8.082660
0.100100	-8.082660
0.100200	-8.043930
0.100300	-7.985840
0.100400	-7.734110
0.100500	-7.598560
0.100600	-7.598560
0.100700	-7.521110
0.100800	-7.637290
0.100900	-7.927750
0.101000	-8.005210
0.101100	-8.043930
0.101200	-8.140750
0.101300	-8.741040
0.101400	-9.205770
0.101500	-9.147680
0.101600	-8.915310
0.101700	-9.089590
0.101800	-9.534960
0.101900	-9.476870
0.102000	-9.089590
0.102100	-9.496230
0.102200	-11.490700
0.102300	-13.814400
0.102400	-14.182300
0.102500	-12.323400
0.102600	-9.980330
0.102700	-8.431210
0.102800	-7.850290
0.102900	-7.869660
0.103000	-7.985840
0.103100	-8.218210
0.103200	-8.644220
0.103300	-9.205770
0.103400	-9.786690
0.103500	-10.193300
0.103600	-10.077200
0.103700	-9.864150
0.103800	-9.864150
0.103900	-10.019100
0.104000	-10.135200
0.104100	-10.561300
0.104200	-11.335800
0.104300	-11.103400
0.104400	-10.387000
0.104500	-10.057800
0.104600	-9.631780
0.104700	-9.205770
0.104800	-9.244500
0.104900	-9.321960
0.105000	-9.360690
0.105100	-9.283230
0.105200	-9.205770
0.105300	-9.089590
0.105400	-9.031500
0.105500	-9.205770
0.105600	-9.321960
0.105700	-9.205770
0.105800	-9.031500
0.105900	-9.031500
0.106000	-8.992770
0.106100	-8.934680
0.106200	-9.031500
0.106300	-8.954040
0.106400	-8.779770
0.106500	-8.605490
0.106600	-8.663580
0.106700	-8.469940
0.106800	-8.334390
0.106900	-8.334390
0.107000	-8.198850
0.107100	-8.063300
0.107200	-8.005210
0.107300	-8.237570
0.107400	-8.779770
0.107500	-9.689870
0.107600	-9.999700
0.107700	-9.515600
0.107800	-8.721670
0.107900	-8.140750
0.108000	-7.772840
0.108100	-7.656650
0.108200	-7.792200
0.108300	-7.482380
0.108400	-6.707820
0.108500	-6.397990
0.108600	-6.301170
0.108700	-6.301170
0.108800	-6.126900
0.108900	-5.913890
0.109000	-5.604070
0.109100	-5.274880
0.109200	-5.545980
0.109300	-5.429790
0.109400	-5.158700
0.109500	-4.810150
0.109600	-4.635870
0.109700	-4.384140
0.109800	-4.113040
0.109900	-3.454670
0.110000	-3.415940
0.110100	-3.958130
0.110200	-4.384140
0.110300	-4.945690
0.110400	-5.468520
0.110500	-5.700890
0.110600	-5.875170
0.110700	-6.223720
0.110800	-6.669090
0.110900	-6.688450
0.111000	-6.494810
0.111100	-6.397990
0.111200	-6.456090
0.111300	-6.688450
0.111400	-6.436720
0.111500	-5.875170
0.111600	-4.984420
0.111700	-3.958130
0.111800	-3.415940
0.111900	-3.048020
0.112000	-2.447740
0.112100	-2.196010
0.112200	-2.137910
0.112300	-2.583290
0.112400	-2.099190
0.112500	-0.414519
0.112600	0.011489
0.112700	-1.789360
0.112800	-3.861310
0.112900	-5.119970
0.113000	-5.604070
0.113100	-4.906970
0.113200	-3.958130
0.113300	-4.074310
0.113400	-4.693960
0.113500	-4.655230
0.113600	-4.209860
0.113700	-3.996860
0.113800	-4.326050
0.113900	-4.945690
0.114000	-5.487890
0.114100	-5.720250
0.114200	-5.100610
0.114300	-4.190500
0.114400	-3.299750
0.114500	-2.757560
0.114600	-2.796290
0.114700	-3.319120
0.114800	-3.880670
0.114900	-4.190500
0.115000	-3.512760
0.115100	-2.931840
0.115200	-2.873750
0.115300	-2.893110
0.115400	-2.912470
0.115500	-2.912470
0.115600	-3.125480
0.115700	-3.202930
0.115800	-3.280390
0.115900	-3.435300
0.116000	-3.474030
0.116100	-2.873750
0.116200	-1.905550
0.116300	-1.092260
0.116400	-0.685615
0.116500	-0.685615
0.116600	-0.995439
0.116700	-1.673180
0.116800	-2.041090
0.116900	-2.486470
0.117000	-2.912470
0.117100	-2.254100
0.117200	-1.247170
0.117300	-1.053530
0.117400	-1.402080
0.117500	-1.944270
0.117600	-2.776930
0.117700	-3.532120
0.117800	-3.532120
0.117900	-3.009290
0.118000	-1.518270
0.118100	-0.685615
0.118200	-2.641380
0.118300	-3.512760
0.118400	-2.002370
0.118500	-3.241660
0.118600	-3.222300
0.118700	-0.201515
0.118800	0.030853
0.118900	-1.208440
0.119000	0.147037
0.119100	1.212060
0.119200	0.921597
0.119300	0.069581
0.119400	-1.285900
0.119500	-2.137910
0.119600	-0.782435
0.119700	1.018420
0.119800	1.289510
0.119900	0.495589
0.120000	0.495589
0.120100	0.631137
0.120200	0.108309
0.120300	-0.201515
0.120400	0.069581
0.120500	-0.065967
0.120600	-0.685615
0.120700	-0.646887
0.120800	0.050217
0.120900	0.224493
0.121000	-0.240243
0.121100	-0.608159
0.121200	-0.550067
0.121300	-0.356427
0.121400	-0.356427
0.121500	-0.182151
0.121600	-0.259607
0.121700	-0.278971
0.121800	-0.240243
0.121900	-0.472611
0.122000	-0.995439
0.122100	-1.111620
0.122200	-0.704979
0.122300	-0.472611
0.122400	-0.395155
0.122500	-0.259607
0.122600	-0.085331
0.122700	0.321313
0.122800	0.708593
0.122900	0.669865
0.123000	0.669865
0.123100	1.076510
0.123200	1.463790
0.123300	1.676790
0.123400	1.676790
0.123500	1.618700
0.123600	1.463790
0.123700	0.999053
0.123800	0.844141
0.123900	0.902233
0.124000	0.805413
0.124100	0.766685
0.124200	0.805413
0.124300	0.902233
0.124400	1.037780
0.124500	1.192690
0.124600	1.502520
0.124700	1.541250
0.124800	1.425060
0.124900	1.289510
0.125000	1.212060
0.125100	1.289510
0.125200	1.405700
0.125300	1.541250
0.125400	1.386330
0.125500	1.289510
0.125600	1.521880
0.125700	1.870430
0.125800	2.257710
0.125900	2.257710
0.126000	1.599340
0.126100	1.076510
0.126200	1.366970
0.126300	1.754250
0.126400	1.812340
0.126500	1.967250
0.126600	2.141530
0.126700	2.218990
0.126800	2.122170
0.126900	2.199620
0.127000	2.509450
0.127100	2.586900
0.127200	2.509450
0.127300	2.528810
0.127400	2.548170
0.127500	2.741810
0.127600	2.916090
0.127700	3.012910
0.127800	2.916090
0.127900	3.051640
0.128000	3.167820
0.128100	3.071000
0.128200	3.071000
0.128300	3.303370
0.128400	3.206550
0.128500	2.780540
0.128600	2.586900
0.128700	2.567540
0.128800	2.858000
0.128900	2.819270
0.129000	2.625630
0.129100	2.683720
0.129200	3.090370
0.129300	3.071000
0.129400	2.431990
0.129500	1.928530
0.129600	2.160890
0.129700	2.335170
0.129800	2.083440
0.129900	1.928530
0.130000	1.696160
0.130100	1.812340
0.130200	1.947890
0.130300	1.909160
0.130400	1.734890
0.130500	1.889800
0.130600	2.160890
0.130700	2.315810
0.130800	2.141530
0.130900	1.851070
0.131000	1.463790
0.131100	1.037780
0.131200	1.134600
0.131300	1.192690
0.131400	1.134600
0.131500	0.844141
0.131600	1.153970
0.131700	3.535740
0.131800	6.324150
0.131900	6.169240
0.132000	3.806830
0.132100	2.858000
0.132200	2.064070
0.132300	1.095870
0.132400	0.940961
0.132500	1.173330
0.132600	1.308880
0.132700	1.715520
0.132800	2.083440
0.132900	2.335170
0.133000	2.625630
0.133100	2.509450
0.133200	2.257710
0.133300	2.122170
0.133400	2.412630
0.133500	2.954820
0.133600	3.497010
0.133700	3.593830
0.133800	3.438920
0.133900	3.361460
0.134000	3.419550
0.134100	3.206550
0.134200	2.644990
0.134300	2.567540
0.134400	2.877360
0.134500	3.090370
0.134600	3.225910
0.134700	3.303370
0.134800	3.400190
0.134900	3.419550
0.135000	3.148460
0.135100	2.722450
0.135200	2.335170
0.135300	2.218990
0.135400	2.431990
0.135500	2.180260
0.135600	1.870430
0.135700	1.928530
0.135800	1.773610
0.135900	1.541250
0.136000	1.889800
0.136100	2.722450
0.136200	3.864930
0.136300	3.826200
0.136400	3.012910
0.136500	2.954820
0.136600	3.090370
0.136700	2.761180
0.136800	2.586900
0.136900	2.722450
0.137000	2.916090
0.137100	2.993550
0.137200	2.722450
0.137300	2.606270
0.137400	2.451350
0.137500	2.567540
0.137600	3.187190
0.137700	3.574470
0.137800	2.664360
0.137900	2.761180
0.138000	3.651920
0.138100	2.238350
0.138200	0.108309
0.138300	0.476225
0.138400	1.618700
0.138500	1.231420
0.138600	1.308880
0.138700	2.141530
0.138800	2.141530
0.138900	1.289510
0.139000	0.631137
0.139100	0.669865
0.139200	0.844141
0.139300	1.173330
0.139400	1.231420
0.139500	1.173330
0.139600	0.902233
0.139700	0.727957
0.139800	0.592409
0.139900	0.418133
0.140000	0.727957
0.140100	0.863505
0.140200	0.882869
0.140300	1.076510
0.140400	1.502520
0.140500	1.502520
0.140600	1.289510
0.140700	1.270150
0.140800	1.328240
0.140900	1.502520
0.141000	1.734890
0.141100	2.025350
0.141200	2.064070
0.141300	1.909160
0.141400	1.947890
0.141500	2.277080
0.141600	2.335170
0.141700	2.083440
0.141800	2.025350
0.141900	2.373900
0.142000	2.393260
0.142100	2.548170
0.142200	2.470720
0.142300	2.315810
0.142400	2.373900
0.142500	2.277080
0.142600	2.238350
0.142700	2.393260
0.142800	2.509450
0.142900	2.470720
0.143000	2.567540
0.143100	2.780540
0.143200	2.664360
0.143300	2.509450
0.143400	2.470720
0.143500	2.451350
0.143600	2.625630
0.143700	2.877360
0.143800	2.819270
0.143900	2.412630
0.144000	2.548170
0.144100	2.606270
0.144200	2.703090
0.144300	2.722450
0.144400	2.780540
0.144500	2.799910
0.144600	2.954820
0.144700	3.109730
0.144800	3.051640
0.144900	3.090370
0.145000	3.109730
0.145100	2.916090
0.145200	2.567540
0.145300	2.799910
0.145400	2.819270
0.145500	2.703090
0.145600	2.548170
0.145700	2.586900
0.145800	2.528810
0.145900	2.141530
0.146000	2.122170
0.146100	2.315810
0.146200	2.567540
0.146300	2.722450
0.146400	2.567540
0.146500	2.335170
0.146600	2.102800
0.146700	2.083440
0.146800	2.005980
0.146900	1.870430
0.147000	1.889800
0.147100	2.102800
0.147200	2.431990
0.147300	2.509450
0.147400	2.490080
0.147500	2.373900
0.147600	2.431990
0.147700	2.296440
0.147800	2.335170
0.147900	2.296440
0.148000	2.102800
0.148100	1.851070
0.148200	1.754250
0.148300	1.870430
0.148400	1.831710
0.148500	1.792980
0.148600	1.696160
0.148700	1.676790
0.148800	1.638070
0.148900	1.792980
0.149000	1.812340
0.149100	1.773610
0.149200	1.638070
0.149300	1.889800
0.149400	2.122170
0.149500	2.296440
0.149600	2.044710
0.149700	1.831710
0.149800	1.967250
0.149900	2.044710
0.150000	1.734890
0.150100	1.696160
0.150200	1.696160
0.150300	1.676790
0.150400	1.715520
0.150500	1.483150
0.150600	1.483150
0.150700	1.425060
0.150800	1.425060
0.150900	1.502520
0.151000	1.347610
0.151100	1.405700
0.151200	1.676790
0.151300	1.889800
0.151400	1.986620
0.151500	2.044710
0.151600	2.083440
0.151700	1.889800
0.151800	1.696160
0.151900	1.657430
0.152000	1.618700
0.152100	1.560610
0.152200	1.579970
0.152300	1.541250
0.152400	1.366970
0.152500	1.483150
0.152600	1.579970
0.152700	1.734890
0.152800	1.947890
0.152900	1.947890
0.153000	1.734890
0.153100	1.657430
0.153200	1.928530
0.153300	2.005980
0.153400	2.083440
0.153500	2.296440
0.153600	2.277080
0.153700	2.180260
0.153800	2.044710
0.153900	2.005980
0.154000	2.044710
0.154100	2.122170
0.154200	2.122170
0.154300	2.005980
0.154400	2.102800
0.154500	2.277080
0.154600	2.354530
0.154700	2.277080
0.154800	2.238350
0.154900	2.102800
0.155000	2.199620
0.155100	2.199620
0.155200	2.257710
0.155300	2.199620
0.155400	2.296440
0.155500	2.218990
0.155600	2.218990
0.155700	2.199620
0.155800	2.083440
0.155900	2.025350
0.156000	1.986620
0.156100	1.928530
0.156200	2.064070
0.156300	1.967250
0.156400	2.005980
0.156500	1.986620
0.156600	2.141530
0.156700	2.199620
0.156800	2.238350
0.156900	2.296440
0.157000	2.335170
0.157100	2.296440
0.157200	2.218990
0.157300	2.218990
0.157400	2.160890
0.157500	1.986620
0.157600	1.889800
0.157700	1.947890
0.157800	2.122170
0.157900	2.315810
0.158000	2.277080
0.158100	2.180260
0.158200	2.005980
0.158300	1.909160
0.158400	2.083440
0.158500	2.122170
0.158600	2.122170
0.158700	2.160890
0.158800	2.180260
0.158900	2.218990
0.159000	2.296440
0.159100	2.451350
0.159200	2.296440
0.159300	2.083440
0.159400	2.025350
0.159500	2.199620
0.159600	2.354530
0.159700	2.238350
0.159800	2.180260
0.159900	2.083440
0.160000	2.160890
0.160100	2.044710
0.160200	1.928530
0.160300	1.792980
0.160400	1.928530
0.160500	2.431990
0.160600	3.400190
0.160700	4.794400
0.160800	4.600760
0.160900	3.438920
0.161000	3.071000
0.161100	2.586900
0.161200	2.257710
0.161300	2.412630
0.161400	2.277080
0.161500	2.218990
0.161600	2.567540
0.161700	2.567540
0.161800	2.606270
0.161900	2.606270
0.162000	2.490080
0.162100	2.335170
0.162200	2.238350
0.162300	2.218990
0.162400	2.470720
0.162500	2.780540
0.162600	2.819270
0.162700	2.625630
0.162800	2.528810
0.162900	2.257710
0.163000	2.180260
0.163100	2.160890
0.163200	2.199620
0.163300	2.180260
0.163400	2.277080
0.163500	2.277080
0.163600	2.315810
0.163700	2.218990
0.163800	2.141530
0.163900	2.025350
0.164000	2.044710
0.164100	2.025350
0.164200	2.064070
0.164300	2.141530
0.164400	2.025350
0.164500	1.928530
0.164600	1.870430
0.164700	1.909160
0.164800	1.986620
0.164900	1.928530
0.165000	1.870430
0.165100	1.909160
0.165200	1.812340
0.165300	1.773610
0.165400	1.715520
0.165500	1.618700
0.165600	1.638070
0.165700	1.579970
0.165800	1.521880
0.165900	1.463790
0.166000	1.289510
0.166100	1.328240
0.166200	1.250790
0.166300	1.347610
0.166400	1.405700
0.166500	1.366970
0.166600	1.289510
0.166700	1.270150
0.166800	1.366970
0.166900	1.270150
0.167000	1.328240
0.167100	1.328240
0.167200	1.289510
0.167300	1.250790
0.167400	1.095870
0.167500	1.134600
0.167600	1.173330
0.167700	1.366970
0.167800	1.289510
0.167900	1.192690
0.168000	1.289510
0.168100	1.231420
0.168200	1.308880
0.168300	1.289510
0.168400	1.231420
0.168500	1.192690
0.168600	1.095870
0.168700	1.115240
0.168800	1.115240
0.168900	1.153970
0.169000	1.134600
0.169100	1.153970
0.169200	1.076510
0.169300	1.192690
0.169400	1.057150
0.169500	1.037780
0.169600	1.173330
0.169700	1.153970
0.169800	1.134600
0.169900	1.115240
0.170000	1.095870
0.170100	1.095870
0.170200	1.173330
0.170300	1.134600
0.170400	1.153970
0.170500	0.999053
0.170600	1.057150
0.170700	1.057150
0.170800	1.115240
0.170900	1.037780
0.171000	1.037780
0.171100	1.057150
0.171200	1.095870
0.171300	1.057150
0.171400	1.153970
0.171500	1.115240
0.171600	1.057150
0.171700	1.192690
0.171800	1.270150
0.171900	1.289510
0.172000	1.115240
0.172100	1.153970
0.172200	1.115240
0.172300	1.134600
0.172400	1.134600
0.172500	1.192690
0.172600	1.250790
0.172700	1.289510
0.172800	1.386330
0.172900	1.173330
0.173000	0.902233
0.173100	0.708593
0.173200	0.863505
0.173300	1.076510
0.173400	1.018420
0.173500	0.882869
0.173600	0.786049
0.173700	0.844141
0.173800	0.882869
0.173900	1.095870
0.174000	1.115240
0.174100	0.979689
0.174200	0.921597
0.174300	0.863505
0.174400	1.057150
0.174500	1.057150
0.174600	0.960325
0.174700	0.921597
0.174800	0.786049
0.174900	0.921597
0.175000	0.940961
0.175100	0.902233
0.175200	0.902233
0.175300	0.940961
0.175400	1.115240
0.175500	1.328240
0.175600	1.250790
0.175700	1.328240
0.175800	1.192690
0.175900	1.115240
0.176000	1.173330
0.176100	1.308880
0.176200	1.328240
0.176300	1.308880
0.176400	1.270150
0.176500	1.308880
0.176600	1.328240
0.176700	1.270150
0.176800	1.308880
0.176900	1.386330
0.177000	1.425060
0.177100	1.463790
0.177200	1.463790
0.177300	1.483150
0.177400	1.483150
0.177500	1.463790
0.177600	1.541250
0.177700	1.463790
0.177800	1.560610
0.177900	1.541250
0.178000	1.541250
0.178100	1.483150
0.178200	1.405700
0.178300	1.463790
0.178400	1.483150
0.178500	1.521880
0.178600	1.541250
0.178700	1.483150
0.178800	1.599340
0.178900	1.618700
0.179000	1.696160
0.179100	1.579970
0.179200	1.734890
0.179300	1.696160
0.179400	1.599340
0.179500	1.579970
0.179600	1.579970
0.179700	1.676790
0.179800	1.599340
0.179900	1.579970
0.180000	1.579970
0.180100	1.483150
0.180200	1.405700
0.180300	1.425060
0.180400	1.483150
0.180500	1.444430
0.180600	1.599340
0.180700	1.812340
0.180800	1.696160
0.180900	1.599340
0.181000	1.676790
0.181100	1.734890
0.181200	1.618700
0.181300	1.618700
0.181400	1.676790
0.181500	1.715520
0.181600	1.618700
0.181700	1.638070
0.181800	1.657430
0.181900	1.618700
0.182000	1.618700
0.182100	1.599340
0.182200	1.212060
0.182300	1.792980
0.182400	2.315810
0.182500	1.792980
0.182600	1.483150
0.182700	1.599340
0.182800	1.560610
0.182900	1.366970
0.183000	1.231420
0.183100	1.638070
0.183200	1.851070
0.183300	1.754250
0.183400	1.676790
0.183500	1.579970
0.183600	1.463790
0.183700	1.560610
0.183800	1.618700
0.183900	1.541250
0.184000	1.599340
0.184100	1.502520
0.184200	1.579970
0.184300	1.676790
0.184400	1.851070
0.184500	1.792980
0.184600	1.463790
0.184700	1.347610
0.184800	1.270150
0.184900	1.366970
0.185000	1.579970
0.185100	1.638070
0.185200	1.521880
0.185300	1.444430
0.185400	1.425060
0.185500	1.483150
0.185600	1.483150
0.185700	1.444430
0.185800	1.386330
0.185900	1.463790
0.186000	1.541250
0.186100	1.425060
0.186200	1.463790
0.186300	1.502520
0.186400	1.483150
0.186500	1.560610
0.186600	1.579970
0.186700	1.521880
0.186800	1.386330
0.186900	1.386330
0.187000	1.405700
0.187100	1.444430
0.187200	1.270150
0.187300	1.289510
0.187400	1.328240
0.187500	1.347610
0.187600	1.308880
0.187700	1.328240
0.187800	1.289510
0.187900	1.270150
0.188000	1.328240
0.188100	1.347610
0.188200	1.270150
0.188300	1.328240
0.188400	1.366970
0.188500	1.270150
0.188600	1.173330
0.188700	1.212060
0.188800	1.270150
0.188900	0.766685
0.189000	-0.976075
0.189100	-1.537630
0.189200	1.638070
0.189300	3.225910
0.189400	2.025350
0.189500	1.076510
0.189600	0.999053
0.189700	1.502520
0.189800	2.102800
0.189900	1.851070
0.190000	0.921597
0.190100	0.476225
0.190200	0.418133
0.190300	0.940961
0.190400	1.560610
0.190500	1.676790
0.190600	0.030853
0.190700	-0.143423
0.190800	1.386330
0.190900	0.882869
0.191000	-0.201515
0.191100	0.224493
0.191200	1.018420
0.191300	1.173330
0.191400	0.611773
0.191500	0.379405
0.191600	0.727957
0.191700	0.921597
0.191800	0.611773
0.191900	0.379405
0.192000	0.495589
0.192100	0.592409
0.192200	0.456861
0.192300	0.379405
0.192400	0.418133
0.192500	0.534317
0.192600	0.573045
0.192700	0.282585
0.192800	0.321313
0.192900	0.321313
0.193000	0.437497
0.193100	0.321313
0.193200	0.418133
0.193300	0.437497
0.193400	0.534317
0.193500	0.476225
0.193600	0.456861
0.193700	0.514953
0.193800	0.495589
0.193900	0.476225
0.194000	0.476225
0.194100	0.398769
0.194200	0.495589
0.194300	0.514953
0.194400	0.418133
0.194500	0.553681
0.194600	0.379405
0.194700	0.476225
0.194800	0.495589
0.194900	0.495589
0.195000	0.708593
0.195100	0.611773
0.195200	0.611773
0.195300	0.514953
0.195400	0.398769
0.195500	0.398769
0.195600	0.379405
0.195700	0.495589
0.195800	0.437497
0.195900	0.398769
0.196000	0.418133
0.196100	0.398769
0.196200	0.379405
0.196300	0.437497
0.196400	0.514953
0.196500	0.437497
0.196600	0.456861
0.196700	0.495589
0.196800	0.495589
0.196900	0.592409
0.197000	0.611773
0.197100	0.592409
0.197200	0.495589
0.197300	0.514953
0.197400	0.689229
0.197500	0.747321
0.197600	0.940961
0.197700	1.115240
0.197800	1.212060
0.197900	1.289510
0.198000	1.405700
0.198100	1.250790
0.198200	1.347610
0.198300	1.425060
0.198400	1.444430
0.198500	1.250790
0.198600	1.153970
0.198700	1.212060
0.198800	1.115240
0.198900	1.095870
0.199000	0.940961
0.199100	0.979689
0.199200	0.921597
0.199300	0.863505
0.199400	0.786049
0.199500	0.747321
0.199600	0.418133
0.199700	-0.278971
0.199800	-2.002370
0.199900	-5.216790
0.200000	-6.998280
0.200100	-3.377210
0.200200	1.134600
0.200300	0.456861
0.200400	-0.704979
0.200500	0.495589
0.200600	0.863505
0.200700	0.282585
0.200800	0.050217
0.200900	0.108309
0.201000	0.011489
0.201100	0.166401
0.201200	0.263221
0.201300	0.321313
0.201400	0.263221
0.201500	0.050217
0.201600	0.263221
0.201700	0.321313
0.201800	0.088945
0.201900	0.088945
0.202000	0.476225
0.202100	0.689229
0.202200	0.243857
0.202300	-0.046603
0.202400	0.030853
0.202500	0.166401
0.202600	0.030853
0.202700	0.205129
0.202800	0.476225
0.202900	0.611773
0.203000	0.360041
0.203100	0.166401
0.203200	0.243857
0.203300	0.301949
0.203400	0.108309
0.203500	0.030853
0.203600	0.147037
0.203700	0.321313
0.203800	0.205129
0.203900	0.088945
0.204000	0.224493
0.204100	0.166401
0.204200	0.030853
0.204300	0.050217
0.204400	0.321313
0.204500	0.418133
0.204600	0.340677
0.204700	0.166401
0.204800	0.243857
0.204900	0.301949
0.205000	0.301949
0.205100	0.205129
0.205200	0.166401
0.205300	0.321313
0.205400	0.321313
0.205500	0.185765
0.205600	0.205129
0.205700	0.166401
0.205800	0.243857
0.205900	0.282585
0.206000	0.379405
0.206100	0.301949
0.206200	0.301949
0.206300	0.321313
0.206400	0.321313
0.206500	0.398769
0.206600	0.340677
0.206700	0.321313
0.206800	0.243857
0.206900	0.243857
0.207000	0.360041
0.207100	0.379405
0.207200	0.321313
0.207300	0.340677
0.207400	0.360041
0.207500	0.360041
0.207600	0.379405
0.207700	0.398769
0.207800	0.437497
0.207900	0.340677
0.208000	0.379405
0.208100	0.301949
0.208200	0.398769
0.208300	0.360041
0.208400	0.321313
0.208500	0.321313
0.208600	0.301949
0.208700	0.263221
0.208800	0.282585
0.208900	0.360041
0.209000	0.185765
0.209100	0.224493
0.209200	0.379405
0.209300	0.360041
0.209400	0.224493
0.209500	0.321313
0.209600	0.456861
0.209700	0.379405
0.209800	0.379405
0.209900	0.398769
0.210000	0.340677
0.210100	0.340677
0.210200	0.456861
0.210300	0.437497
0.210400	0.456861
0.210500	0.437497
0.210600	0.456861
0.210700	0.418133
0.210800	0.476225
0.210900	0.495589
0.211000	0.495589
0.211100	0.476225
0.211200	0.573045
0.211300	0.495589
0.211400	0.592409
0.211500	0.553681
0.211600	0.534317
0.211700	0.514953
0.211800	0.631137
0.211900	0.727957
0.212000	0.650501
0.212100	0.553681
0.212200	0.747321
0.212300	0.747321
0.212400	0.689229
0.212500	0.747321
0.212600	0.863505
0.212700	1.057150
0.212800	0.553681
0.212900	0.360041
0.213000	0.514953
0.213100	0.631137
0.213200	0.534317
0.213300	0.553681
0.213400	0.514953
0.213500	0.553681
0.213600	0.708593
0.213700	0.708593
0.213800	0.495589
0.213900	0.263221
0.214000	0.437497
0.214100	0.766685
0.214200	0.708593
0.214300	0.534317
0.214400	0.592409
0.214500	0.476225
0.214600	0.476225
0.214700	0.418133
0.214800	0.321313
0.214900	0.495589
0.215000	0.650501
0.215100	0.766685
0.215200	0.766685
0.215300	0.882869
0.215400	0.805413
0.215500	0.766685
0.215600	0.708593
0.215700	0.650501
0.215800	0.592409
0.215900	0.611773
0.216000	0.573045
0.216100	0.573045
0.216200	0.669865
0.216300	0.902233
0.216400	1.212060
0.216500	1.754250
0.216600	1.463790
0.216700	0.514953
0.216800	0.611773
0.216900	0.766685
0.217000	0.301949
0.217100	0.902233
0.217200	1.444430
0.217300	0.534317
0.217400	0.205129
0.217500	1.270150
0.217600	1.192690
0.217700	0.205129
0.217800	-0.065967
0.217900	-0.337063
0.218000	-0.337063
0.218100	0.108309
0.218200	0.224493
0.218300	0.243857
0.218400	0.398769
0.218500	0.263221
0.218600	0.263221
0.218700	0.476225
0.218800	0.301949
0.218900	0.340677
0.219000	0.456861
0.219100	0.553681
0.219200	0.921597
0.219300	1.289510
0.219400	1.134600
0.219500	0.805413
0.219600	0.824777
0.219700	0.863505
0.219800	1.057150
0.219900	1.095870
0.220000	0.727957
0.220100	0.456861
0.220200	0.553681
0.220300	0.747321
0.220400	0.844141
0.220500	0.940961
0.220600	1.057150
0.220700	1.037780
0.220800	1.250790
0.220900	1.076510
0.221000	0.960325
0.221100	0.863505
0.221200	0.882869
0.221300	1.192690
0.221400	1.308880
0.221500	1.289510
0.221600	1.057150
0.221700	1.134600
0.221800	1.095870
0.221900	0.940961
0.222000	0.882869
0.222100	0.960325
0.222200	1.153970
0.222300	1.231420
0.222400	1.212060
0.222500	1.095870
0.222600	1.134600
0.222700	1.173330
0.222800	1.328240
0.222900	1.231420
0.223000	1.212060
0.223100	1.115240
0.223200	1.115240
0.223300	1.153970
0.223400	1.308880
0.223500	1.347610
0.223600	1.153970
0.223700	1.212060
0.223800	1.250790
0.223900	1.250790
0.224000	1.173330
0.224100	1.115240
0.224200	1.212060
0.224300	1.153970
0.224400	1.192690
0.224500	1.173330
0.224600	1.212060
0.224700	1.192690
0.224800	1.289510
0.224900	1.250790
0.225000	1.250790
0.225100	1.250790
0.225200	1.328240
0.225300	1.270150
0.225400	1.173330
0.225500	1.231420
0.225600	1.192690
0.225700	1.212060
0.225800	1.231420
0.225900	1.212060
0.226000	1.153970
0.226100	1.192690
0.226200	1.192690
0.226300	1.250790
0.226400	1.231420
0.226500	1.192690
0.226600	1.250790
0.226700	1.270150
0.226800	1.153970
0.226900	1.173330
0.227000	1.270150
0.227100	1.153970
0.227200	1.231420
0.227300	1.192690
0.227400	1.212060
0.227500	1.212060
0.227600	1.250790
0.227700	1.250790
0.227800	1.250790
0.227900	1.308880
0.228000	1.270150
0.228100	1.328240
0.228200	1.270150
0.228300	1.347610
0.228400	1.366970
0.228500	1.425060
0.228600	1.347610
0.228700	1.308880
0.228800	1.308880
0.228900	1.289510
0.229000	1.308880
0.229100	1.328240
0.229200	1.425060
0.229300	1.386330
0.229400	1.270150
0.229500	1.347610
0.229600	1.425060
0.229700	1.425060
0.229800	1.386330
0.229900	1.366970
0.230000	1.366970
0.230100	1.425060
0.230200	1.483150
0.230300	1.463790
0.230400	1.463790
0.230500	1.444430
0.230600	1.483150
0.230700	1.521880
0.230800	1.541250
0.230900	1.483150
0.231000	1.444430
0.231100	1.618700
0.231200	1.618700
0.231300	1.618700
0.231400	1.521880
0.231500	1.483150
0.231600	1.560610
0.231700	1.618700
0.231800	1.618700
0.231900	1.579970
0.232000	1.579970
0.232100	1.541250
0.232200	1.579970
0.232300	1.463790
0.232400	1.560610
0.232500	1.541250
0.232600	1.599340
0.232700	1.599340
0.232800	1.560610
0.232900	1.579970
0.233000	1.618700
0.233100	1.638070
0.233200	1.541250
0.233300	1.638070
0.233400	1.638070
0.233500	1.579970
0.233600	1.599340
0.233700	1.560610
0.233800	1.560610
0.233900	1.599340
0.234000	1.657430
0.234100	1.599340
0.234200	1.676790
0.234300	1.696160
0.234400	1.638070
0.234500	1.618700
0.234600	1.696160
0.234700	1.696160
0.234800	1.696160
0.234900	1.792980
0.235000	1.734890
0.235100	1.696160
0.235200	1.696160
0.235300	1.754250
0.235400	1.792980
0.235500	1.638070
0.235600	1.696160
0.235700	1.812340
0.235800	1.754250
0.235900	1.792980
0.236000	1.696160
0.236100	1.754250
0.236200	1.715520
0.236300	1.676790
0.236400	1.618700
0.236500	1.676790
0.236600	1.657430
0.236700	1.696160
0.236800	1.638070
0.236900	1.425060
0.237000	1.328240
0.237100	1.425060
0.237200	1.308880
0.237300	1.212060
0.237400	1.095870
0.237500	1.134600
0.237600	1.134600
0.237700	1.115240
0.237800	1.289510
0.237900	1.502520
0.238000	1.773610
0.238100	1.889800
0.238200	2.102800
0.238300	2.335170
0.238400	2.393260
0.238500	2.335170
0.238600	1.967250
0.238700	1.812340
0.238800	1.715520
0.238900	1.676790
0.239000	1.599340
0.239100	1.773610
0.239200	1.773610
0.239300	1.734890
0.239400	1.947890
0.239500	2.315810
0.239600	2.664360
0.239700	2.683720
0.239800	2.199620
0.239900	1.870430
0.240000	1.947890
0.240100	1.967250
0.240200	1.851070
0.240300	1.870430
0.240400	2.180260
0.240500	2.102800
0.240600	2.025350
0.240700	1.909160
0.240800	1.928530
0.240900	2.025350
0.241000	1.967250
0.241100	1.870430
0.241200	1.812340
0.241300	1.831710
0.241400	1.812340
0.241500	1.831710
0.241600	1.889800
0.241700	1.851070
0.241800	1.947890
0.241900	2.005980
0.242000	1.947890
0.242100	1.967250
0.242200	1.870430
0.242300	1.986620
0.242400	1.889800
0.242500	1.909160
0.242600	1.986620
0.242700	2.025350
0.242800	1.928530
0.242900	1.947890
0.243000	1.947890
0.243100	1.947890
0.243200	1.986620
0.243300	1.889800
0.243400	1.889800
0.243500	2.025350
0.243600	2.102800
0.243700	2.102800
0.243800	1.947890
0.243900	1.928530
0.244000	1.967250
0.244100	1.986620
0.244200	1.928530
0.244300	1.986620
0.244400	1.967250
0.244500	2.005980
0.244600	1.889800
0.244700	1.967250
0.244800	1.947890
0.244900	1.928530
0.245000	1.947890
0.245100	1.870430
0.245200	1.947890
0.245300	1.812340
0.245400	1.618700
0.245500	1.541250
0.245600	1.521880
0.245700	1.463790
0.245800	1.463790
0.245900	1.541250
0.246000	1.657430
0.246100	1.599340
0.246200	1.599340
0.246300	1.638070
0.246400	1.696160
0.246500	1.696160
0.246600	1.696160
0.246700	1.657430
0.246800	1.599340
0.246900	1.618700
0.247000	1.715520
0.247100	1.734890
0.247200	1.696160
0.247300	1.696160
0.247400	1.773610
0.247500	1.889800
0.247600	1.773610
0.247700	1.947890
0.247800	2.025350
0.247900	2.005980
0.248000	2.025350
0.248100	2.064070
0.248200	2.005980
0.248300	2.025350
0.248400	1.851070
0.248500	1.308880
0.248600	0.360041
0.248700	0.553681
0.248800	1.192690
0.248900	1.270150
0.249000	1.405700
0.249100	1.889800
0.249200	2.102800
0.249300	2.180260
0.249400	2.257710
0.249500	2.064070
0.249600	1.947890
0.249700	2.102800
0.249800	2.025350
0.249900	1.947890
0.250000	2.044710
0.250100	2.102800
0.250200	2.160890
0.250300	2.160890
0.250400	2.199620
0.250500	2.102800
0.250600	2.025350
0.250700	2.064070
0.250800	1.967250
0.250900	2.044710
0.251000	2.025350
0.251100	2.102800
0.251200	2.122170
0.251300	2.083440
0.251400	2.218990
0.251500	2.315810
0.251600	2.373900
0.251700	2.296440
0.251800	2.238350
0.251900	2.315810
0.252000	2.315810
0.252100	2.199620
0.252200	2.393260
0.252300	2.451350
0.252400	2.470720
0.252500	2.490080
0.252600	2.470720
0.252700	2.509450
0.252800	2.509450
0.252900	2.431990
0.253000	2.373900
0.253100	2.257710
0.253200	2.199620
0.253300	2.083440
0.253400	2.218990
0.253500	2.218990
0.253600	2.199620
0.253700	2.064070
0.253800	2.199620
0.253900	2.122170
0.254000	2.044710
0.254100	2.122170
0.254200	2.005980
0.254300	2.044710
0.254400	2.005980
0.254500	1.967250
0.254600	2.044710
0.254700	2.064070
0.254800	2.005980
0.254900	2.005980
0.255000	2.025350
0.255100	1.986620
0.255200	2.064070
0.255300	2.102800
0.255400	2.238350
0.255500	2.218990
0.255600	2.238350
0.255700	2.257710
0.255800	2.180260
0.255900	2.218990
0.256000	2.335170
0.256100	2.257710
0.256200	2.257710
0.256300	2.199620
0.256400	2.257710
0.256500	2.238350
0.256600	2.199620
0.256700	2.122170
0.256800	2.102800
0.256900	2.122170
0.257000	2.102800
0.257100	2.102800
0.257200	2.141530
0.257300	2.160890
0.257400	2.122170
0.257500	2.122170
0.257600	2.141530
0.257700	2.102800
0.257800	2.218990
0.257900	2.122170
0.258000	2.025350
0.258100	2.044710
0.258200	1.986620
0.258300	2.005980
0.258400	2.025350
0.258500	2.025350
0.258600	2.083440
0.258700	2.044710
0.258800	2.005980
0.258900	2.005980
0.259000	2.141530
0.259100	2.005980
0.259200	2.122170
0.259300	2.083440
0.259400	1.986620
0.259500	2.005980
0.259600	1.870430
0.259700	1.831710
0.259800	1.812340
0.259900	1.812340
0.260000	1.831710
0.260100	1.754250
0.260200	1.715520
0.260300	1.773610
0.260400	1.754250
0.260500	1.754250
0.260600	1.851070
0.260700	1.754250
0.260800	1.715520
0.260900	1.676790
0.261000	1.851070
0.261100	1.831710
0.261200	1.831710
0.261300	1.812340
0.261400	1.831710
0.261500	1.831710
0.261600	1.928530
0.261700	1.870430
0.261800	1.831710
0.261900	1.851070
0.262000	1.947890
0.262100	1.986620
0.262200	1.967250
0.262300	1.909160
0.262400	2.025350
0.262500	1.986620
0.262600	1.909160
0.262700	1.928530
0.262800	1.928530
0.262900	1.967250
0.263000	1.967250
0.263100	1.928530
0.263200	1.986620
0.263300	1.928530
0.263400	1.909160
0.263500	1.947890
0.263600	1.870430
0.263700	1.947890
0.263800	2.005980
0.263900	2.005980
0.264000	2.025350
0.264100	1.986620
0.264200	2.083440
0.264300	2.064070
0.264400	1.986620
0.264500	1.986620
0.264600	2.005980
0.264700	2.005980
0.264800	2.005980
0.264900	2.044710
0.265000	2.025350
0.265100	2.025350
0.265200	2.025350
0.265300	2.025350
0.265400	1.947890
0.265500	2.083440
0.265600	1.947890
0.265700	1.889800
0.265800	1.870430
0.265900	1.889800
0.266000	1.812340
0.266100	1.754250
0.266200	1.792980
0.266300	1.773610
0.266400	1.792980
0.266500	1.773610
0.266600	1.734890
0.266700	1.715520
0.266800	1.638070
0.266900	1.657430
0.267000	1.696160
0.267100	1.734890
0.267200	1.676790
0.267300	1.754250
0.267400	1.657430
0.267500	1.715520
0.267600	1.618700
0.267700	1.638070
0.267800	1.657430
0.267900	1.734890
0.268000	1.734890
0.268100	1.657430
0.268200	1.715520
0.268300	1.618700
0.268400	1.638070
0.268500	1.618700
0.268600	1.657430
0.268700	1.676790
0.268800	1.676790
0.268900	1.657430
0.269000	1.638070
0.269100	1.734890
0.269200	1.734890
0.269300	1.579970
0.269400	1.638070
0.269500	1.579970
0.269600	1.657430
0.269700	1.618700
0.269800	1.579970
0.269900	1.541250
0.270000	1.618700
0.270100	1.618700
0.270200	1.696160
0.270300	1.599340
0.270400	1.618700
0.270500	1.715520
0.270600	1.657430
0.270700	1.618700
0.270800	1.696160
0.270900	1.754250
0.271000	1.754250
0.271100	1.754250
0.271200	1.676790
0.271300	1.560610
0.271400	1.579970
0.271500	1.657430
0.271600	1.696160
0.271700	1.676790
0.271800	1.734890
0.271900	1.579970
0.272000	1.696160
0.272100	1.676790
0.272200	1.657430
0.272300	1.715520
0.272400	1.715520
0.272500	1.696160
0.272600	1.618700
0.272700	1.657430
0.272800	1.541250
0.272900	1.618700
0.273000	1.541250
0.273100	1.638070
0.273200	1.618700
0.273300	1.599340
0.273400	1.715520
0.273500	1.618700
0.273600	1.676790
0.273700	1.715520
0.273800	1.696160
0.273900	1.676790
0.274000	1.754250
0.274100	1.754250
0.274200	1.792980
0.274300	1.734890
0.274400	1.754250
0.274500	1.831710
0.274600	1.773610
0.274700	1.792980
0.274800	1.696160
0.274900	1.754250
0.275000	1.734890
0.275100	1.773610
0.275200	1.657430
0.275300	1.657430
0.275400	1.618700
0.275500	1.715520
0.275600	1.676790
0.275700	1.754250
0.275800	1.773610
0.275900	1.676790
0.276000	1.638070
0.276100	1.560610
0.276200	1.308880
0.276300	1.057150
0.276400	1.018420
0.276500	1.192690
0.276600	1.560610
0.276700	1.792980
0.276800	1.812340
0.276900	1.947890
0.277000	1.986620
0.277100	1.851070
0.277200	1.657430
0.277300	1.560610
0.277400	1.521880
0.277500	1.560610
0.277600	1.638070
0.277700	1.851070
0.277800	1.773610
0.277900	1.792980
0.278000	1.599340
0.278100	1.502520
0.278200	1.618700
0.278300	1.734890
0.278400	1.734890
0.278500	1.657430
0.278600	1.715520
0.278700	1.715520
0.278800	1.579970
0.278900	1.541250
0.279000	1.638070
0.279100	1.618700
0.279200	1.715520
0.279300	1.792980
0.279400	1.773610
0.279500	1.792980
0.279600	1.734890
0.279700	1.696160
0.279800	1.754250
0.279900	1.889800
0.280000	1.870430
0.280100	1.967250
0.280200	1.870430
0.280300	1.889800
0.280400	1.947890
0.280500	1.851070
0.280600	1.657430
0.280700	1.754250
0.280800	1.734890
0.280900	1.734890
0.281000	1.792980
0.281100	1.734890
0.281200	1.792980
0.281300	1.696160
0.281400	1.676790
0.281500	1.676790
0.281600	1.754250
0.281700	1.599340
0.281800	1.676790
0.281900	1.754250
0.282000	1.754250
0.282100	1.579970
0.282200	1.328240
0.282300	1.967250
0.282400	2.567540
0.282500	1.986620
0.282600	1.521880
0.282700	1.638070
0.282800	1.812340
0.282900	1.792980
0.283000	1.909160
0.283100	1.909160
0.283200	1.870430
0.283300	1.773610
0.283400	1.715520
0.283500	1.947890
0.283600	1.928530
0.283700	1.851070
0.283800	1.851070
0.283900	1.889800
0.284000	1.909160
0.284100	1.909160
0.284200	1.889800
0.284300	1.870430
0.284400	1.870430
0.284500	1.831710
0.284600	1.792980
0.284700	1.986620
0.284800	1.986620
0.284900	1.947890
0.285000	1.851070
0.285100	1.812340
0.285200	1.909160
0.285300	1.773610
0.285400	1.831710
0.285500	1.773610
0.285600	1.812340
0.285700	1.851070
0.285800	1.773610
0.285900	1.831710
0.286000	1.909160
0.286100	1.889800
0.286200	1.928530
0.286300	1.792980
0.286400	1.792980
0.286500	1.792980
0.286600	1.851070
0.286700	1.851070
0.286800	1.870430
0.286900	1.909160
0.287000	1.851070
0.287100	1.812340
0.287200	1.870430
0.287300	1.812340
0.287400	1.715520
0.287500	1.773610
0.287600	1.754250
0.287700	1.754250
0.287800	1.754250
0.287900	1.773610
0.288000	1.889800
0.288100	1.851070
0.288200	1.773610
0.288300	1.773610
0.288400	1.715520
0.288500	1.754250
0.288600	1.773610
0.288700	1.831710
0.288800	1.812340
0.288900	1.715520
0.289000	1.657430
0.289100	1.773610
0.289200	1.734890
0.289300	1.773610
0.289400	1.734890
0.289500	1.831710
0.289600	1.773610
0.289700	1.715520
0.289800	1.734890
0.289900	1.773610
0.290000	1.812340
0.290100	1.812340
0.290200	1.734890
0.290300	1.676790
0.290400	1.754250
0.290500	1.734890
0.290600	1.734890
0.290700	1.754250
0.290800	1.676790
0.290900	1.638070
0.291000	1.657430
0.291100	1.715520
0.291200	1.792980
0.291300	1.734890
0.291400	1.715520
0.291500	1.715520
0.291600	1.715520
0.291700	1.696160
0.291800	1.773610
0.291900	1.696160
0.292000	1.638070
0.292100	1.696160
0.292200	1.812340
0.292300	1.773610
0.292400	1.734890
0.292500	1.734890
0.292600	1.812340
0.292700	1.734890
0.292800	1.792980
0.292900	1.715520
0.293000	1.792980
0.293100	1.792980
0.293200	1.792980
0.293300	1.831710
0.293400	1.696160
0.293500	1.773610
0.293600	1.696160
0.293700	1.715520
0.293800	1.754250
0.293900	1.773610
0.294000	1.754250
0.294100	1.773610
0.294200	1.831710
0.294300	1.851070
0.294400	1.812340
0.294500	1.773610
0.294600	1.773610
0.294700	1.715520
0.294800	1.754250
0.294900	1.754250
0.295000	1.773610
0.295100	1.734890
0.295200	1.734890
0.295300	1.754250
0.295400	1.773610
0.295500	1.734890
0.295600	1.773610
0.295700	1.831710
0.295800	1.773610
0.295900	1.715520
0.296000	1.831710
0.296100	1.831710
0.296200	1.773610
0.296300	1.773610
0.296400	1.773610
0.296500	1.773610
0.296600	1.773610
0.296700	1.734890
0.296800	1.792980
0.296900	1.696160
0.297000	1.792980
0.297100	1.870430
0.297200	1.851070
0.297300	1.831710
0.297400	1.831710
0.297500	1.831710
0.297600	1.754250
0.297700	1.792980
0.297800	1.792980
0.297900	1.831710
0.298000	1.754250
0.298100	1.889800
0.298200	1.696160
0.298300	1.638070
0.298400	1.734890
0.298500	1.812340
0.298600	1.812340
0.298700	1.676790
0.298800	1.792980
0.298900	1.676790
0.299000	1.638070
0.299100	1.638070
0.299200	1.618700
0.299300	1.521880
0.299400	1.541250
0.299500	1.599340
0.299600	1.657430
0.299700	1.579970
0.299800	1.560610
0.299900	1.618700
