-0.050000	-0.493260
-0.049900	2.858990
-0.049800	0.943419
-0.049700	-0.014367
-0.049600	-1.929940
-0.049500	-4.803300
-0.049400	-1.451050
-0.049300	-2.887720
-0.049200	-3.366620
-0.049100	-3.845510
-0.049000	-3.845510
-0.048900	-4.324400
-0.048800	-2.887720
-0.048700	-1.451050
-0.048600	-1.451050
-0.048500	0.943419
-0.048400	2.858990
-0.048300	-0.014367
-0.048200	-1.451050
-0.048100	0.943419
-0.048000	-0.972153
-0.047900	-2.887720
-0.047800	-6.718870
-0.047700	-3.845510
-0.047600	0.464526
-0.047500	0.943419
-0.047400	0.943419
-0.047300	0.943419
-0.047200	0.943419
-0.047100	-2.887720
-0.047000	-4.803300
-0.046900	-3.845510
-0.046800	-4.803300
-0.046700	-0.972153
-0.046600	-3.366620
-0.046500	-4.803300
-0.046400	-3.366620
-0.046300	-1.929940
-0.046200	-3.845510
-0.046100	-6.718870
-0.046000	-4.803300
-0.045900	-0.014367
-0.045800	-3.845510
-0.045700	-8.155550
-0.045600	-9.113330
-0.045500	-6.239980
-0.045400	-2.887720
-0.045300	-0.972153
-0.045200	-1.451050
-0.045100	0.943419
-0.045000	-2.887720
-0.044900	-4.803300
-0.044800	-3.845510
-0.044700	-3.366620
-0.044600	-5.282190
-0.044500	-3.845510
-0.044400	-2.887720
-0.044300	-1.929940
-0.044200	-3.845510
-0.044100	-3.845510
-0.044000	-1.451050
-0.043900	-1.929940
-0.043800	-1.451050
-0.043700	-2.408830
-0.043600	-4.803300
-0.043500	-2.887720
-0.043400	-1.451050
-0.043300	-2.408830
-0.043200	-3.845510
-0.043100	-2.887720
-0.043000	-3.366620
-0.042900	-2.408830
-0.042800	1.901210
-0.042700	0.943419
-0.042600	0.943419
-0.042500	1.422310
-0.042400	-0.014367
-0.042300	-1.451050
-0.042200	-0.014367
-0.042100	0.943419
-0.042000	-0.014367
-0.041900	-3.366620
-0.041800	-1.929940
-0.041700	-1.451050
-0.041600	-4.803300
-0.041500	-3.845510
-0.041400	-2.887720
-0.041300	-3.845510
-0.041200	-2.408830
-0.041100	-0.014367
-0.041000	-0.014367
-0.040900	1.901210
-0.040800	-1.451050
-0.040700	-1.929940
-0.040600	-3.845510
-0.040500	-4.803300
-0.040400	-4.803300
-0.040300	-0.972153
-0.040200	-2.887720
-0.040100	-4.803300
-0.040000	-2.887720
-0.039900	-1.451050
-0.039800	-2.887720
-0.039700	1.901210
-0.039600	2.380100
-0.039500	-3.366620
-0.039400	-2.887720
-0.039300	-0.493260
-0.039200	-4.324400
-0.039100	-7.676650
-0.039000	-0.972153
-0.038900	0.943419
-0.038800	0.943419
-0.038700	-0.972153
-0.038600	1.422310
-0.038500	0.943419
-0.038400	-0.972153
-0.038300	-2.887720
-0.038200	-2.887720
-0.038100	-2.408830
-0.038000	-2.887720
-0.037900	-0.493260
-0.037800	-0.014367
-0.037700	-0.972153
-0.037600	-2.887720
-0.037500	-3.845510
-0.037400	-4.803300
-0.037300	-2.887720
-0.037200	-0.493260
-0.037100	-2.408830
-0.037000	-3.845510
-0.036900	-4.803300
-0.036800	-4.324400
-0.036700	-7.676650
-0.036600	-9.592230
-0.036500	-3.845510
-0.036400	1.901210
-0.036300	-1.451050
-0.036200	-1.451050
-0.036100	-0.014367
-0.036000	-0.972153
-0.035900	-3.366620
-0.035800	-3.845510
-0.035700	0.464526
-0.035600	1.901210
-0.035500	-0.014367
-0.035400	1.901210
-0.035300	6.211240
-0.035200	3.816780
-0.035100	-0.493260
-0.035000	-3.845510
-0.034900	-3.366620
-0.034800	-3.366620
-0.034700	-3.845510
-0.034600	-6.718870
-0.034500	-7.676650
-0.034400	-3.845510
-0.034300	-5.761080
-0.034200	-3.845510
-0.034100	-2.887720
-0.034000	-3.366620
-0.033900	-1.929940
-0.033800	-0.493260
-0.033700	0.943419
-0.033600	-0.972153
-0.033500	-7.676650
-0.033400	-0.972153
-0.033300	3.816780
-0.033200	-2.408830
-0.033100	-5.282190
-0.033000	-4.803300
-0.032900	-0.972153
-0.032800	0.943419
-0.032700	-1.929940
-0.032600	-1.929940
-0.032500	-1.929940
-0.032400	-2.887720
-0.032300	-1.451050
-0.032200	0.943419
-0.032100	-2.887720
-0.032000	-6.718870
-0.031900	-3.845510
-0.031800	-1.451050
-0.031700	0.464526
-0.031600	-0.972153
-0.031500	-0.972153
-0.031400	-1.929940
-0.031300	-2.887720
-0.031200	-1.929940
-0.031100	2.858990
-0.031000	0.943419
-0.030900	-3.845510
-0.030800	-4.803300
-0.030700	1.901210
-0.030600	1.901210
-0.030500	2.858990
-0.030400	0.943419
-0.030300	-1.929940
-0.030200	-0.972153
-0.030100	1.422310
-0.030000	-1.929940
-0.029900	-4.324400
-0.029800	-1.451050
-0.029700	1.422310
-0.029600	-1.451050
-0.029500	0.943419
-0.029400	-1.929940
-0.029300	-2.887720
-0.029200	-3.845510
-0.029100	1.901210
-0.029000	1.901210
-0.028900	-0.014367
-0.028800	0.943419
-0.028700	0.943419
-0.028600	-0.972153
-0.028500	-3.845510
-0.028400	-4.324400
-0.028300	-3.845510
-0.028200	-0.014367
-0.028100	0.943419
-0.028000	-0.972153
-0.027900	-1.929940
-0.027800	1.422310
-0.027700	2.858990
-0.027600	2.858990
-0.027500	2.858990
-0.027400	1.422310
-0.027300	-1.929940
-0.027200	-2.408830
-0.027100	0.943419
-0.027000	-0.493260
-0.026900	-0.014367
-0.026800	0.464526
-0.026700	4.295670
-0.026600	5.732350
-0.026500	-0.014367
-0.026400	-4.324400
-0.026300	-4.803300
-0.026200	-2.887720
-0.026100	-3.366620
-0.026000	-6.718870
-0.025900	-3.845510
-0.025800	1.901210
-0.025700	4.295670
-0.025600	1.901210
-0.025500	-3.845510
-0.025400	-0.972153
-0.025300	-0.972153
-0.025200	-1.451050
-0.025100	-1.929940
-0.025000	-0.972153
-0.024900	0.943419
-0.024800	1.901210
-0.024700	-0.014367
-0.024600	-5.761080
-0.024500	-1.451050
-0.024400	1.901210
-0.024300	-0.014367
-0.024200	-0.014367
-0.024100	0.943419
-0.024000	1.901210
-0.023900	-2.887720
-0.023800	-3.845510
-0.023700	-1.929940
-0.023600	-3.845510
-0.023500	-2.887720
-0.023400	0.943419
-0.023300	3.816780
-0.023200	2.858990
-0.023100	-1.929940
-0.023000	-0.493260
-0.022900	0.943419
-0.022800	1.422310
-0.022700	0.943419
-0.022600	-0.014367
-0.022500	-3.845510
-0.022400	-3.845510
-0.022300	-3.366620
-0.022200	-3.366620
-0.022100	-0.014367
-0.022000	-1.929940
-0.021900	-2.887720
-0.021800	2.858990
-0.021700	6.690140
-0.021600	3.337880
-0.021500	1.901210
-0.021400	2.858990
-0.021300	3.816780
-0.021200	2.858990
-0.021100	3.816780
-0.021000	3.816780
-0.020900	3.816780
-0.020800	4.295670
-0.020700	2.858990
-0.020600	2.858990
-0.020500	4.774560
-0.020400	3.816780
-0.020300	2.380100
-0.020200	0.943419
-0.020100	-0.972153
-0.020000	-0.493260
-0.019900	1.901210
-0.019800	2.858990
-0.019700	0.943419
-0.019600	0.464526
-0.019500	-0.014367
-0.019400	-3.845510
-0.019300	-3.366620
-0.019200	-1.929940
-0.019100	-3.845510
-0.019000	0.943419
-0.018900	4.295670
-0.018800	4.774560
-0.018700	2.858990
-0.018600	-1.451050
-0.018500	-0.493260
-0.018400	1.901210
-0.018300	-1.451050
-0.018200	1.422310
-0.018100	0.943419
-0.018000	-0.014367
-0.017900	1.901210
-0.017800	5.253460
-0.017700	-1.929940
-0.017600	-4.803300
-0.017500	0.943419
-0.017400	2.858990
-0.017300	4.295670
-0.017200	2.858990
-0.017100	0.943419
-0.017000	-0.493260
-0.016900	0.943419
-0.016800	-0.493260
-0.016700	-2.408830
-0.016600	-1.451050
-0.016500	1.901210
-0.016400	2.380100
-0.016300	2.858990
-0.016200	1.901210
-0.016100	-0.014367
-0.016000	0.943419
-0.015900	4.295670
-0.015800	1.901210
-0.015700	-4.324400
-0.015600	-4.803300
-0.015500	-0.972153
-0.015400	0.943419
-0.015300	1.901210
-0.015200	-0.014367
-0.015100	1.901210
-0.015000	3.816780
-0.014900	2.858990
-0.014800	-1.451050
-0.014700	-2.887720
-0.014600	2.858990
-0.014500	5.253460
-0.014400	2.858990
-0.014300	2.380100
-0.014200	5.253460
-0.014100	4.774560
-0.014000	2.858990
-0.013900	0.943419
-0.013800	1.901210
-0.013700	1.901210
-0.013600	0.943419
-0.013500	0.943419
-0.013400	4.774560
-0.013300	5.732350
-0.013200	5.253460
-0.013100	-0.014367
-0.013000	-2.408830
-0.012900	-0.014367
-0.012800	-1.929940
-0.012700	1.422310
-0.012600	2.380100
-0.012500	-0.972153
-0.012400	-0.014367
-0.012300	0.943419
-0.012200	3.816780
-0.012100	6.211240
-0.012000	3.816780
-0.011900	5.732350
-0.011800	6.690140
-0.011700	2.858990
-0.011600	2.858990
-0.011500	1.901210
-0.011400	-0.014367
-0.011300	0.943419
-0.011200	4.295670
-0.011100	10.521300
-0.011000	9.084600
-0.010900	7.169030
-0.010800	3.816780
-0.010700	4.774560
-0.010600	9.084600
-0.010500	5.732350
-0.010400	4.774560
-0.010300	5.732350
-0.010200	4.774560
-0.010100	2.380100
-0.010000	-0.014367
-0.009900	2.380100
-0.009800	5.732350
-0.009700	8.605710
-0.009600	3.816780
-0.009500	-3.845510
-0.009400	0.464526
-0.009300	4.295670
-0.009200	8.605710
-0.009100	5.732350
-0.009000	2.380100
-0.008900	4.774560
-0.008800	5.253460
-0.008700	-0.493260
-0.008600	0.464526
-0.008500	2.858990
-0.008400	1.901210
-0.008300	2.858990
-0.008200	4.295670
-0.008100	5.253460
-0.008000	6.211240
-0.007900	9.563490
-0.007800	2.858990
-0.007700	1.901210
-0.007600	8.605710
-0.007500	7.647920
-0.007400	6.690140
-0.007300	8.126810
-0.007200	6.211240
-0.007100	6.211240
-0.007000	8.605710
-0.006900	8.605710
-0.006800	7.169030
-0.006700	6.211240
-0.006600	7.169030
-0.006500	4.774560
-0.006400	4.774560
-0.006300	5.253460
-0.006200	5.732350
-0.006100	3.337880
-0.006000	5.732350
-0.005900	5.253460
-0.005800	7.647920
-0.005700	9.563490
-0.005600	5.732350
-0.005500	5.253460
-0.005400	8.126810
-0.005300	8.605710
-0.005200	4.774560
-0.005100	2.858990
-0.005000	1.901210
-0.004900	3.816780
-0.004800	8.605710
-0.004700	7.647920
-0.004600	6.211240
-0.004500	8.605710
-0.004400	11.479100
-0.004300	8.605710
-0.004200	10.042400
-0.004100	10.521300
-0.004000	10.521300
-0.003900	10.042400
-0.003800	7.647920
-0.003700	6.211240
-0.003600	6.690140
-0.003500	8.605710
-0.003400	10.521300
-0.003300	11.000200
-0.003200	8.605710
-0.003100	8.605710
-0.003000	8.605710
-0.002900	8.605710
-0.002800	8.605710
-0.002700	9.084600
-0.002600	10.521300
-0.002500	11.479100
-0.002400	11.479100
-0.002300	13.394600
-0.002200	16.746901
-0.002100	15.310200
-0.002000	11.958000
-0.001900	10.521300
-0.001800	10.521300
-0.001700	11.479100
-0.001600	11.479100
-0.001500	11.000200
-0.001400	12.436900
-0.001300	10.042400
-0.001200	9.563490
-0.001100	10.521300
-0.001000	12.436900
-0.000900	11.479100
-0.000800	11.479100
-0.000700	12.436900
-0.000600	11.479100
-0.000500	10.521300
-0.000400	15.310200
-0.000300	11.000200
-0.000200	10.521300
-0.000100	11.000200
0.000000	9.563490
0.000100	15.789100
0.000200	18.183599
0.000300	16.268000
0.000400	13.873500
0.000500	13.394600
0.000600	10.521300
0.000700	13.394600
0.000800	16.268000
0.000900	12.436900
0.001000	10.521300
0.001100	12.436900
0.001200	11.958000
0.001300	9.563490
0.001400	15.789100
0.001500	14.831300
0.001600	8.605710
0.001700	13.394600
0.001800	20.577999
0.001900	13.394600
0.002000	13.873500
0.002100	12.915700
0.002200	7.647920
0.002300	18.183599
0.002400	28.240299
0.002500	19.141399
0.002600	4.295670
0.002700	-1.929940
0.002800	11.958000
0.002900	20.577999
0.003000	13.873500
0.003100	21.056900
0.003200	26.803600
0.003300	18.662500
0.003400	18.183599
0.003500	20.577999
0.003600	4.295670
0.003700	2.858990
0.003800	15.310200
0.003900	13.394600
0.004000	7.647920
0.004100	12.436900
0.004200	19.141399
0.004300	16.746901
0.004400	17.225800
0.004500	15.789100
0.004600	14.352400
0.004700	10.521300
0.004800	9.563490
0.004900	7.647920
0.005000	10.521300
0.005100	19.141399
0.005200	16.268000
0.005300	5.732350
0.005400	9.563490
0.005500	9.084600
0.005600	9.563490
0.005700	10.521300
0.005800	11.479100
0.005900	12.436900
0.006000	12.436900
0.006100	5.732350
0.006200	5.732350
0.006300	9.563490
0.006400	14.352400
0.006500	15.310200
0.006600	12.915700
0.006700	5.253460
0.006800	10.042400
0.006900	9.563490
0.007000	2.858990
0.007100	3.816780
0.007200	11.479100
0.007300	11.479100
0.007400	10.042400
0.007500	10.521300
0.007600	13.873500
0.007700	13.394600
0.007800	10.042400
0.007900	5.253460
0.008000	6.690140
0.008100	2.858990
0.008200	-1.451050
0.008300	8.605710
0.008400	9.084600
0.008500	2.858990
0.008600	4.295670
0.008700	6.690140
0.008800	7.647920
0.008900	-0.014367
0.009000	-0.493260
0.009100	-0.972153
0.009200	-3.845510
0.009300	-3.366620
0.009400	-11.028900
0.009500	-12.465600
0.009600	-18.212299
0.009700	-22.043400
0.009800	-26.832399
0.009900	-29.705700
0.010000	-37.368000
0.010100	-43.114700
0.010200	-48.382599
0.010300	-45.030300
0.010400	-34.494701
0.010500	-35.931301
0.010600	-44.072498
0.010700	-37.368000
0.010800	-34.494701
0.010900	-25.395700
0.011000	-19.170099
0.011100	-15.817800
0.011200	-13.423400
0.011300	-17.254499
0.011400	-22.043400
0.011500	-25.395700
0.011600	-17.733400
0.011700	-10.550000
0.011800	-8.634440
0.011900	-10.550000
0.012000	-15.817800
0.012100	-34.015800
0.012200	-42.157001
0.012300	-46.466999
0.012400	-54.608200
0.012500	-51.734798
0.012600	-44.072498
0.012700	-49.819199
0.012800	-57.481499
0.012900	-65.143799
0.013000	-74.721703
0.013100	-71.848297
0.013200	-80.468399
0.013300	-92.919601
0.013400	-112.074997
0.013500	-109.202003
0.013600	-101.060997
0.013700	-113.032997
0.013800	-121.174004
0.013900	-103.933998
0.014000	-137.936005
0.014100	-142.723999
0.014200	-68.974998
0.014300	-71.848297
0.014400	-111.117996
0.014500	-114.948997
0.014600	-100.582001
0.014700	-84.299500
0.014800	-85.736198
0.014900	-54.608200
0.015000	-6.239980
0.015100	-15.817800
0.015200	-43.114700
0.015300	-39.283600
0.015400	-44.072498
0.015500	-31.142401
0.015600	-11.507800
0.015700	-18.212299
0.015800	-10.550000
0.015900	15.310200
0.016000	-0.493260
0.016100	-19.170099
0.016200	-12.944500
0.016300	-2.408830
0.016400	-0.014367
0.016500	-4.803300
0.016600	-19.170099
0.016700	-23.959000
0.016800	-22.522301
0.016900	-34.494701
0.017000	-25.874599
0.017100	-19.170099
0.017200	-36.410198
0.017300	-43.114700
0.017400	-41.199200
0.017500	-43.114700
0.017600	-50.777000
0.017700	-42.157001
0.017800	-27.311300
0.017900	-10.550000
0.018000	-14.381200
0.018100	-45.988098
0.018200	-56.523701
0.018300	-17.254499
0.018400	9.563490
0.018500	15.310200
0.018600	18.183599
0.018700	15.310200
0.018800	16.746901
0.018900	7.647920
0.019000	-19.170099
0.019100	-44.072498
0.019200	-26.353500
0.019300	-4.803300
0.019400	-14.381200
0.019500	-47.903702
0.019600	-75.679497
0.019700	-56.523701
0.019800	-41.678101
0.019900	-27.790199
0.020000	-27.790199
0.020100	-43.114700
0.020200	-27.790199
0.020300	-18.691200
0.020400	-4.803300
0.020500	9.563490
0.020600	7.647920
0.020700	-13.902300
0.020800	-33.536900
0.020900	4.774560
0.021000	224.585999
0.021100	259.545990
0.021200	67.988403
0.021300	92.890900
0.021400	189.626999
0.021500	70.861801
0.021600	-217.910995
0.021700	-338.592010
0.021800	-227.009995
0.021900	-127.400002
0.022000	-34.494701
0.022100	88.101898
0.022200	91.933098
0.022300	37.339298
0.022400	34.944801
0.022500	28.719200
0.022600	-26.832399
0.022700	-72.327202
0.022800	-88.130699
0.022900	-114.948997
0.023000	-113.990997
0.023100	-77.116096
0.023200	-72.806099
0.023300	-66.580498
0.023400	-29.705700
0.023500	-4.324400
0.023600	-21.564600
0.023700	-53.650398
0.023800	12.915700
0.023900	94.806396
0.024000	110.610001
0.024100	113.961998
0.024200	123.540001
0.024300	97.679802
0.024400	58.889500
0.024500	-16.296700
0.024600	-21.564600
0.024700	206.867004
0.024800	260.024994
0.024900	138.865005
0.025000	80.439697
0.025100	67.988403
0.025200	18.183599
0.025300	-13.902300
0.025400	-19.170099
0.025500	-9.592230
0.025600	-4.803300
0.025700	-4.803300
0.025800	-14.860000
0.025900	-18.212299
0.026000	-0.972153
0.026100	28.719200
0.026200	31.592600
0.026300	16.268000
0.026400	9.563490
0.026500	19.620199
0.026600	67.988403
0.026700	92.412003
0.026800	80.439697
0.026900	70.861801
0.027000	67.988403
0.027100	67.988403
0.027200	72.298500
0.027300	81.397400
0.027400	76.608498
0.027500	49.311600
0.027600	38.297100
0.027700	67.988403
0.027800	82.355202
0.027900	67.988403
0.028000	67.988403
0.028100	67.988403
0.028200	57.452801
0.028300	31.592600
0.028400	-604.377014
0.028500	-1727.380005
0.028600	-1445.310059
0.028700	-464.540985
0.028800	-109.202003
0.028900	-96.271896
0.029000	-37.368000
0.029100	10.521300
0.029200	10.521300
0.029300	17.225800
0.029400	25.845900
0.029500	24.409201
0.029600	25.845900
0.029700	24.888100
0.029800	24.409201
0.029900	21.535801
0.030000	14.352400
0.030100	16.268000
0.030200	14.831300
0.030300	-1.451050
0.030400	-11.986700
0.030500	-19.170099
0.030600	-14.381200
0.030700	-6.718870
0.030800	-7.676650
0.030900	-3.845510
0.031000	-4.803300
0.031100	-10.071100
0.031200	-0.014367
0.031300	8.605710
0.031400	13.873500
0.031500	16.268000
0.031600	7.647920
0.031700	-4.324400
0.031800	-16.775600
0.031900	-28.269100
0.032000	-27.311300
0.032100	-13.423400
0.032200	-7.676650
0.032300	-5.761080
0.032400	8.605710
0.032500	9.563490
0.032600	-12.944500
0.032700	-22.522301
0.032800	-21.085699
0.032900	-15.338900
0.033000	-10.550000
0.033100	-13.423400
0.033200	-11.507800
0.033300	-8.155550
0.033400	-16.296700
0.033500	-16.775600
0.033600	-10.071100
0.033700	0.943419
0.033800	3.337880
0.033900	-5.761080
0.034000	-9.592230
0.034100	-13.423400
0.034200	-22.043400
0.034300	-19.170099
0.034400	-9.113330
0.034500	5.253460
0.034600	3.816780
0.034700	-10.550000
0.034800	-16.296700
0.034900	-18.212299
0.035000	-17.254499
0.035100	-23.001200
0.035200	-15.338900
0.035300	1.901210
0.035400	-1.929940
0.035500	6.211240
0.035600	14.352400
0.035700	-8.634440
0.035800	-12.465600
0.035900	4.774560
0.036000	11.479100
0.036100	12.436900
0.036200	27.282499
0.036300	26.803600
0.036400	9.084600
0.036500	3.816780
0.036600	-6.718870
0.036700	-15.817800
0.036800	-21.564600
0.036900	-33.057999
0.037000	-42.157001
0.037100	-41.199200
0.037200	-52.213699
0.037300	-66.101601
0.037400	-62.270500
0.037500	-53.650398
0.037600	-50.777000
0.037700	-52.692600
0.037800	-45.988098
0.037900	-48.861500
0.038000	-48.382599
0.038100	-33.057999
0.038200	-25.874599
0.038300	-27.790199
0.038400	-28.747900
0.038500	-24.916800
0.038600	-39.283600
0.038700	-45.030300
0.038800	-46.945900
0.038900	-44.551399
0.039000	-20.127899
0.039100	-12.465600
0.039200	-22.043400
0.039300	-26.832399
0.039400	-38.325802
0.039500	-34.494701
0.039600	-18.691200
0.039700	-13.902300
0.039800	-11.507800
0.039900	-10.550000
0.040000	-9.113330
0.040100	-17.254499
0.040200	-19.170099
0.040300	-19.170099
0.040400	-21.085699
0.040500	-22.043400
0.040600	-33.057999
0.040700	-39.283600
0.040800	-34.494701
0.040900	-29.705700
0.041000	-10.071100
0.041100	-6.239980
0.041200	-7.676650
0.041300	-8.155550
0.041400	-23.959000
0.041500	-32.100201
0.041600	-25.395700
0.041700	-26.832399
0.041800	-39.762501
0.041900	-37.368000
0.042000	-28.747900
0.042100	-19.170099
0.042200	-21.085699
0.042300	-28.747900
0.042400	-22.043400
0.042500	-13.423400
0.042600	-13.902300
0.042700	-8.634440
0.042800	-1.929940
0.042900	2.858990
0.043000	-2.887720
0.043100	0.943419
0.043200	10.042400
0.043300	18.183599
0.043400	21.056900
0.043500	23.451401
0.043600	10.521300
0.043700	2.858990
0.043800	-8.634440
0.043900	-0.972153
0.044000	7.647920
0.044100	16.746901
0.044200	20.099100
0.044300	18.183599
0.044400	4.774560
0.044500	-2.887720
0.044600	28.240299
0.044700	28.719200
0.044800	3.816780
0.044900	21.535801
0.045000	26.324699
0.045100	19.141399
0.045200	23.930300
0.045300	43.085999
0.045400	36.381500
0.045500	30.634800
0.045600	30.634800
0.045700	8.605710
0.045800	-11.986700
0.045900	24.409201
0.046000	34.465900
0.046100	17.225800
0.046200	11.000200
0.046300	10.521300
0.046400	46.917099
0.046500	77.566299
0.046600	45.959400
0.046700	20.099100
0.046800	28.719200
0.046900	28.240299
0.047000	20.099100
0.047100	16.746901
0.047200	10.521300
0.047300	-17.254499
0.047400	-82.384003
0.047500	-112.074997
0.047600	-20.127899
0.047700	20.099100
0.047800	-4.803300
0.047900	-20.127899
0.048000	-71.848297
0.048100	-66.580498
0.048200	-14.381200
0.048300	-35.452400
0.048400	-161.401001
0.048500	-659.929016
0.048600	-449.216003
0.048700	384.536987
0.048800	331.858002
0.048900	73.735199
0.049000	53.621601
0.049100	-78.552803
0.049200	-65.143799
0.049300	109.172997
0.049400	123.060997
0.049500	23.930300
0.049600	-121.653000
0.049700	-43.114700
0.049800	140.779999
0.049900	117.792999
0.050000	46.917099
0.050100	41.170399
0.050200	39.733799
0.050300	39.733799
0.050400	39.733799
0.050500	41.649300
0.050600	40.691502
0.050700	37.339298
0.050800	36.860401
0.050900	37.339298
0.051000	25.845900
0.051100	16.268000
0.051200	11.479100
0.051300	14.831300
0.051400	12.436900
0.051500	4.774560
0.051600	23.451401
0.051700	22.493601
0.051800	7.647920
0.051900	10.521300
0.052000	3.816780
0.052100	-4.324400
0.052200	4.774560
0.052300	-0.014367
0.052400	-12.465600
0.052500	-12.465600
0.052600	-21.085699
0.052700	-22.043400
0.052800	-5.761080
0.052900	4.295670
0.053000	4.774560
0.053100	-1.929940
0.053200	-3.845510
0.053300	1.422310
0.053400	6.690140
0.053500	11.479100
0.053600	7.647920
0.053700	-7.676650
0.053800	-15.817800
0.053900	-13.423400
0.054000	-4.803300
0.054100	2.858990
0.054200	10.521300
0.054300	1.901210
0.054400	-13.423400
0.054500	-18.212299
0.054600	-9.113330
0.054700	-51.734798
0.054800	-950.138000
0.054900	-1337.560059
0.055000	1013.320007
0.055100	1262.349976
0.055200	56.494999
0.055300	-4.803300
0.055400	200.162994
0.055500	96.722000
0.055600	54.579399
0.055700	72.777397
0.055800	51.706100
0.055900	28.240299
0.056000	22.972500
0.056100	28.719200
0.056200	26.803600
0.056300	16.268000
0.056400	13.873500
0.056500	41.649300
0.056600	54.579399
0.056700	45.001598
0.056800	30.634800
0.056900	25.845900
0.057000	22.493601
0.057100	12.436900
0.057200	-0.493260
0.057300	-5.761080
0.057400	-5.761080
0.057500	3.337880
0.057600	14.352400
0.057700	13.873500
0.057800	8.605710
0.057900	-0.014367
0.058000	-9.592230
0.058100	-9.113330
0.058200	-2.408830
0.058300	-3.845510
0.058400	1.901210
0.058500	31.592600
0.058600	55.537201
0.058700	38.297100
0.058800	23.930300
0.058900	29.677000
0.059000	33.029301
0.059100	22.972500
0.059200	23.930300
0.059300	33.029301
0.059400	27.761400
0.059500	25.845900
0.059600	16.746901
0.059700	7.169030
0.059800	2.858990
0.059900	-2.408830
0.060000	-9.592230
0.060100	-8.634440
0.060200	-24.916800
0.060300	-54.129299
0.060400	11.479100
0.060500	77.087402
0.060600	85.228600
0.060700	67.988403
0.060800	49.790501
0.060900	38.297100
0.061000	41.170399
0.061100	44.043800
0.061200	44.043800
0.061300	43.085999
0.061400	46.917099
0.061500	42.128201
0.061600	31.592600
0.061700	23.451401
0.061800	18.183599
0.061900	17.225800
0.062000	22.972500
0.062100	20.099100
0.062200	15.310200
0.062300	9.563490
0.062400	28.719200
0.062500	54.579399
0.062600	40.212601
0.062700	22.972500
0.062800	24.888100
0.062900	20.099100
0.063000	24.409201
0.063100	24.409201
0.063200	17.704700
0.063300	11.479100
0.063400	5.253460
0.063500	2.858990
0.063600	1.901210
0.063700	-9.592230
0.063800	-12.465600
0.063900	-3.845510
0.064000	-3.366620
0.064100	-4.803300
0.064200	-1.929940
0.064300	3.337880
0.064400	23.930300
0.064500	40.212601
0.064600	26.324699
0.064700	10.521300
0.064800	5.732350
0.064900	-0.493260
0.065000	3.337880
0.065100	10.521300
0.065200	7.169030
0.065300	1.422310
0.065400	2.858990
0.065500	4.774560
0.065600	9.084600
0.065700	11.479100
0.065800	12.436900
0.065900	11.000200
0.066000	9.563490
0.066100	8.605710
0.066200	14.352400
0.066300	18.662500
0.066400	19.141399
0.066500	23.451401
0.066600	23.930300
0.066700	11.479100
0.066800	-0.014367
0.066900	-9.592230
0.067000	-9.592230
0.067100	0.464526
0.067200	7.647920
0.067300	0.943419
0.067400	-2.408830
0.067500	-13.902300
0.067600	-21.085699
0.067700	-20.127899
0.067800	-16.296700
0.067900	-13.423400
0.068000	16.268000
0.068100	57.931702
0.068200	51.706100
0.068300	25.367001
0.068400	18.183599
0.068500	10.521300
0.068600	2.858990
0.068700	-1.929940
0.068800	2.380100
0.068900	5.732350
0.069000	4.774560
0.069100	7.169030
0.069200	9.084600
0.069300	4.774560
0.069400	3.816780
0.069500	9.084600
0.069600	2.858990
0.069700	1.422310
0.069800	11.000200
0.069900	10.042400
0.070000	6.690140
0.070100	2.858990
0.070200	1.901210
0.070300	5.732350
0.070400	10.521300
0.070500	10.521300
0.070600	15.310200
0.070700	19.141399
0.070800	18.183599
0.070900	22.972500
0.071000	18.183599
0.071100	21.535801
0.071200	30.634800
0.071300	22.972500
0.071400	17.225800
0.071500	15.310200
0.071600	8.126810
0.071700	4.774560
0.071800	22.972500
0.071900	32.071499
0.072000	19.620199
0.072100	9.563490
0.072200	-1.451050
0.072300	-6.718870
0.072400	-2.887720
0.072500	-3.366620
0.072600	-2.408830
0.072700	-0.014367
0.072800	-1.929940
0.072900	-1.929940
0.073000	-3.845510
0.073100	-9.113330
0.073200	-27.790199
0.073300	-12.465600
0.073400	39.254902
0.073500	25.845900
0.073600	-7.676650
0.073700	-2.887720
0.073800	5.732350
0.073900	6.690140
0.074000	5.732350
0.074100	10.042400
0.074200	8.605710
0.074300	10.042400
0.074400	14.352400
0.074500	13.873500
0.074600	10.521300
0.074700	13.873500
0.074800	16.268000
0.074900	16.268000
0.075000	17.225800
0.075100	8.605710
0.075200	2.380100
0.075300	3.816780
0.075400	2.380100
0.075500	4.774560
0.075600	2.858990
0.075700	0.464526
0.075800	7.647920
0.075900	12.915700
0.076000	11.479100
0.076100	15.789100
0.076200	15.310200
0.076300	6.690140
0.076400	5.732350
0.076500	8.605710
0.076600	1.901210
0.076700	-0.972153
0.076800	12.915700
0.076900	19.141399
0.077000	21.056900
0.077100	19.141399
0.077200	18.183599
0.077300	22.014700
0.077400	25.367001
0.077500	16.268000
0.077600	8.605710
0.077700	9.084600
0.077800	13.394600
0.077900	16.268000
0.078000	8.605710
0.078100	4.774560
0.078200	12.436900
0.078300	15.310200
0.078400	13.394600
0.078500	16.268000
0.078600	13.394600
0.078700	19.141399
0.078800	22.014700
0.078900	18.183599
0.079000	17.225800
0.079100	20.099100
0.079200	19.620199
0.079300	19.620199
0.079400	22.014700
0.079500	19.620199
0.079600	20.099100
0.079700	15.310200
0.079800	16.746901
0.079900	19.620199
0.080000	10.521300
0.080100	5.732350
0.080200	9.563490
0.080300	10.521300
0.080400	8.605710
0.080500	7.647920
0.080600	7.647920
0.080700	15.310200
0.080800	12.436900
0.080900	11.479100
0.081000	12.436900
0.081100	6.211240
0.081200	10.521300
0.081300	15.310200
0.081400	11.479100
0.081500	2.380100
0.081600	7.169030
0.081700	7.647920
0.081800	2.858990
0.081900	7.647920
0.082000	7.647920
0.082100	8.126810
0.082200	18.183599
0.082300	21.056900
0.082400	19.141399
0.082500	13.873500
0.082600	1.901210
0.082700	4.774560
0.082800	17.225800
0.082900	17.225800
0.083000	5.732350
0.083100	1.422310
0.083200	4.774560
0.083300	5.732350
0.083400	1.422310
0.083500	-2.887720
0.083600	-2.887720
0.083700	-0.014367
0.083800	1.422310
0.083900	2.858990
0.084000	3.816780
0.084100	8.605710
0.084200	9.563490
0.084300	7.647920
0.084400	11.000200
0.084500	9.563490
0.084600	1.901210
0.084700	6.690140
0.084800	10.521300
0.084900	14.352400
0.085000	14.352400
0.085100	11.479100
0.085200	7.647920
0.085300	5.732350
0.085400	-0.493260
0.085500	-6.239980
0.085600	0.943419
0.085700	-1.929940
0.085800	-7.197760
0.085900	-6.718870
0.086000	-4.803300
0.086100	-11.028900
0.086200	-4.803300
0.086300	3.816780
0.086400	6.211240
0.086500	10.042400
0.086600	2.858990
0.086700	-3.845510
0.086800	10.521300
0.086900	17.704700
0.087000	11.000200
0.087100	8.605710
0.087200	8.126810
0.087300	5.253460
0.087400	4.774560
0.087500	2.858990
0.087600	2.858990
0.087700	4.774560
0.087800	-3.366620
0.087900	-13.902300
0.088000	-13.423400
0.088100	-13.902300
0.088200	-10.550000
0.088300	-11.028900
0.088400	-15.817800
0.088500	-13.423400
0.088600	-10.550000
0.088700	-7.197760
0.088800	-5.761080
0.088900	-9.592230
0.089000	-4.803300
0.089100	1.901210
0.089200	0.943419
0.089300	2.858990
0.089400	3.337880
0.089500	2.858990
0.089600	3.816780
0.089700	2.858990
0.089800	0.464526
0.089900	2.858990
0.090000	5.732350
0.090100	9.563490
0.090200	8.605710
0.090300	4.295670
0.090400	1.901210
0.090500	1.901210
0.090600	1.901210
0.090700	-3.366620
0.090800	-4.803300
0.090900	-2.887720
0.091000	-4.803300
0.091100	-2.887720
0.091200	-0.014367
0.091300	-0.493260
0.091400	-3.845510
0.091500	-8.155550
0.091600	-6.718870
0.091700	3.337880
0.091800	7.169030
0.091900	11.000200
0.092000	12.915700
0.092100	11.479100
0.092200	6.211240
0.092300	8.605710
0.092400	12.436900
0.092500	12.436900
0.092600	14.352400
0.092700	10.521300
0.092800	4.774560
0.092900	0.943419
0.093000	-2.408830
0.093100	-4.803300
0.093200	-9.592230
0.093300	-12.465600
0.093400	-7.676650
0.093500	-8.634440
0.093600	-14.381200
0.093700	-7.676650
0.093800	0.464526
0.093900	-0.014367
0.094000	0.943419
0.094100	1.901210
0.094200	-2.887720
0.094300	-2.887720
0.094400	3.816780
0.094500	7.169030
0.094600	10.521300
0.094700	10.521300
0.094800	5.732350
0.094900	11.000200
0.095000	12.915700
0.095100	5.732350
0.095200	8.605710
0.095300	5.732350
0.095400	3.816780
0.095500	0.943419
0.095600	-9.113330
0.095700	-15.338900
0.095800	-10.550000
0.095900	-15.338900
0.096000	-16.775600
0.096100	-18.691200
0.096200	-21.564600
0.096300	-12.465600
0.096400	-5.282190
0.096500	-6.239980
0.096600	-9.113330
0.096700	-9.113330
0.096800	-5.761080
0.096900	-3.366620
0.097000	1.901210
0.097100	-0.014367
0.097200	0.943419
0.097300	4.774560
0.097400	2.858990
0.097500	3.337880
0.097600	0.943419
0.097700	-7.197760
0.097800	-11.507800
0.097900	-15.338900
0.098000	-12.944500
0.098100	-17.254499
0.098200	-22.522301
0.098300	-17.254499
0.098400	6.690140
0.098500	19.141399
0.098600	6.690140
0.098700	-4.803300
0.098800	-6.718870
0.098900	-1.929940
0.099000	2.858990
0.099100	3.816780
0.099200	1.901210
0.099300	0.943419
0.099400	2.858990
0.099500	4.774560
0.099600	5.732350
0.099700	4.774560
0.099800	7.169030
0.099900	4.774560
0.100000	2.858990
0.100100	5.732350
0.100200	4.295670
0.100300	-7.676650
0.100400	-13.423400
0.100500	-15.338900
0.100600	-18.212299
0.100700	-18.212299
0.100800	-24.916800
0.100900	-31.142401
0.101000	-31.621300
0.101100	-19.649000
0.101200	4.774560
0.101300	11.479100
0.101400	0.943419
0.101500	-4.803300
0.101600	0.464526
0.101700	3.816780
0.101800	6.211240
0.101900	7.647920
0.102000	9.084600
0.102100	11.000200
0.102200	12.436900
0.102300	7.647920
0.102400	7.647920
0.102500	8.605710
0.102600	8.605710
0.102700	5.732350
0.102800	3.816780
0.102900	8.605710
0.103000	10.521300
0.103100	-6.239980
0.103200	-15.338900
0.103300	-10.550000
0.103400	-7.676650
0.103500	-14.860000
0.103600	-22.043400
0.103700	-29.705700
0.103800	-32.579102
0.103900	-27.311300
0.104000	-24.916800
0.104100	-17.254499
0.104200	8.605710
0.104300	24.409201
0.104400	15.310200
0.104500	8.126810
0.104600	7.647920
0.104700	3.337880
0.104800	6.690140
0.104900	5.253460
0.105000	4.774560
0.105100	5.732350
0.105200	6.690140
0.105300	5.732350
0.105400	8.605710
0.105500	7.647920
0.105600	-3.845510
0.105700	-10.550000
0.105800	-6.239980
0.105900	-4.803300
0.106000	-9.592230
0.106100	-7.676650
0.106200	-2.887720
0.106300	-3.845510
0.106400	-4.803300
0.106500	7.647920
0.106600	8.605710
0.106700	5.732350
0.106800	11.000200
0.106900	10.521300
0.107000	8.126810
0.107100	10.521300
0.107200	13.873500
0.107300	10.521300
0.107400	3.816780
0.107500	0.943419
0.107600	1.422310
0.107700	1.901210
0.107800	-6.718870
0.107900	-14.381200
0.108000	-13.423400
0.108100	-18.212299
0.108200	-18.212299
0.108300	-19.170099
0.108400	-20.127899
0.108500	-14.381200
0.108600	-10.550000
0.108700	-14.860000
0.108800	-18.212299
0.108900	-19.170099
0.109000	-17.733400
0.109100	-13.423400
0.109200	-10.071100
0.109300	-5.761080
0.109400	13.394600
0.109500	31.592600
0.109600	24.888100
0.109700	13.394600
0.109800	2.858990
0.109900	1.901210
0.110000	-0.493260
0.110100	1.901210
0.110200	5.253460
0.110300	2.858990
0.110400	-7.676650
0.110500	-7.197760
0.110600	-10.550000
0.110700	-14.381200
0.110800	-12.944500
0.110900	-10.550000
0.111000	-12.465600
0.111100	-16.296700
0.111200	-12.465600
0.111300	-6.718870
0.111400	-5.282190
0.111500	-7.676650
0.111600	-0.972153
0.111700	-1.929940
0.111800	-5.761080
0.111900	0.943419
0.112000	7.647920
0.112100	2.858990
0.112200	0.943419
0.112300	7.647920
0.112400	1.901210
0.112500	-1.929940
0.112600	5.253460
0.112700	3.816780
0.112800	1.901210
0.112900	-1.451050
0.113000	-4.803300
0.113100	-9.592230
0.113200	-10.550000
0.113300	-16.296700
0.113400	-12.465600
0.113500	-8.155550
0.113600	-11.986700
0.113700	-11.028900
0.113800	-4.803300
0.113900	-4.803300
0.114000	3.816780
0.114100	2.858990
0.114200	-1.451050
0.114300	2.380100
0.114400	4.774560
0.114500	6.690140
0.114600	3.816780
0.114700	-5.282190
0.114800	-9.592230
0.114900	-4.803300
0.115000	-11.507800
0.115100	-12.465600
0.115200	-9.592230
0.115300	-13.423400
0.115400	-19.170099
0.115500	-24.916800
0.115600	-28.747900
0.115700	-26.832399
0.115800	-25.395700
0.115900	-27.311300
0.116000	-23.001200
0.116100	-23.001200
0.116200	-27.790199
0.116300	-23.480101
0.116400	-14.381200
0.116500	-11.507800
0.116600	-9.592230
0.116700	-8.634440
0.116800	-9.592230
0.116900	-3.845510
0.117000	-9.592230
0.117100	-9.592230
0.117200	-4.803300
0.117300	-4.803300
0.117400	-6.239980
0.117500	-7.676650
0.117600	-7.197760
0.117700	-2.887720
0.117800	-1.929940
0.117900	-7.676650
0.118000	-12.465600
0.118100	-16.296700
0.118200	-16.296700
0.118300	-12.465600
0.118400	-6.718870
0.118500	-11.507800
0.118600	-8.634440
0.118700	-6.239980
0.118800	-8.634440
0.118900	-4.324400
0.119000	2.858990
0.119100	0.464526
0.119200	-0.972153
0.119300	-2.408830
0.119400	2.858990
0.119500	3.337880
0.119600	-1.451050
0.119700	-3.845510
0.119800	-3.845510
0.119900	-3.366620
0.120000	-1.929940
0.120100	-3.366620
0.120200	-7.676650
0.120300	-11.507800
0.120400	-14.860000
0.120500	-17.254499
0.120600	-17.733400
0.120700	-21.564600
0.120800	-26.832399
0.120900	-22.043400
0.121000	-16.296700
0.121100	-17.254499
0.121200	-11.028900
0.121300	-5.282190
0.121400	-1.451050
0.121500	2.858990
0.121600	2.858990
0.121700	5.253460
0.121800	8.605710
0.121900	6.211240
0.122000	4.774560
0.122100	0.943419
0.122200	3.816780
0.122300	3.816780
0.122400	-0.014367
0.122500	-1.929940
0.122600	-1.929940
0.122700	-9.113330
0.122800	-16.296700
0.122900	-18.212299
0.123000	-19.170099
0.123100	-21.564600
0.123200	-22.522301
0.123300	-19.649000
0.123400	-15.338900
0.123500	-14.381200
0.123600	-16.296700
0.123700	-13.423400
0.123800	-13.423400
0.123900	-15.338900
0.124000	-5.761080
0.124100	8.605710
0.124200	5.732350
0.124300	1.901210
0.124400	5.732350
0.124500	6.211240
0.124600	4.774560
0.124700	2.858990
0.124800	-3.366620
0.124900	-2.408830
0.125000	2.858990
0.125100	-0.972153
0.125200	-5.761080
0.125300	-4.803300
0.125400	-17.733400
0.125500	-20.127899
0.125600	-12.465600
0.125700	-15.817800
0.125800	-19.170099
0.125900	-20.127899
0.126000	-22.043400
0.126100	-12.944500
0.126200	-6.718870
0.126300	-2.887720
0.126400	2.858990
0.126500	2.858990
0.126600	-2.887720
0.126700	-2.408830
0.126800	-0.014367
0.126900	1.901210
0.127000	3.816780
0.127100	-0.493260
0.127200	1.901210
0.127300	-0.493260
0.127400	-4.803300
0.127500	-8.155550
0.127600	-7.676650
0.127700	-14.381200
0.127800	-13.423400
0.127900	-10.071100
0.128000	-13.423400
0.128100	-11.986700
0.128200	-11.507800
0.128300	-13.423400
0.128400	-5.282190
0.128500	-2.887720
0.128600	-1.929940
0.128700	-4.803300
0.128800	-5.761080
0.128900	-12.465600
0.129000	-12.465600
0.129100	-11.028900
0.129200	-14.381200
0.129300	-12.465600
0.129400	-13.423400
0.129500	-16.296700
0.129600	-12.944500
0.129700	-11.986700
0.129800	-12.465600
0.129900	-5.282190
0.130000	-2.887720
0.130100	-5.282190
0.130200	-8.634440
0.130300	-11.507800
0.130400	-10.550000
0.130500	-2.887720
0.130600	0.464526
0.130700	-1.929940
0.130800	-1.929940
0.130900	-3.845510
0.131000	-4.803300
0.131100	-9.113330
0.131200	-12.944500
0.131300	-7.676650
0.131400	-10.550000
0.131500	-11.028900
0.131600	-4.803300
0.131700	-2.408830
0.131800	-4.803300
0.131900	-1.929940
0.132000	-4.324400
0.132100	-12.465600
0.132200	-11.028900
0.132300	-9.113330
0.132400	-8.155550
0.132500	-10.071100
0.132600	-14.381200
0.132700	-12.465600
0.132800	-6.718870
0.132900	-9.592230
0.133000	-10.550000
0.133100	-2.887720
0.133200	2.858990
0.133300	6.211240
0.133400	3.337880
0.133500	-2.887720
0.133600	-4.803300
0.133700	-6.718870
0.133800	-10.071100
0.133900	-6.239980
0.134000	-5.761080
0.134100	-11.507800
0.134200	-8.634440
0.134300	-12.465600
0.134400	-13.423400
0.134500	-11.028900
0.134600	-10.550000
0.134700	-7.197760
0.134800	-2.408830
0.134900	-7.676650
0.135000	-11.028900
0.135100	-5.282190
0.135200	-2.887720
0.135300	-4.803300
0.135400	-5.761080
0.135500	-4.803300
0.135600	-5.761080
0.135700	-9.592230
0.135800	-12.465600
0.135900	-13.423400
0.136000	-10.550000
0.136100	-6.718870
0.136200	-3.366620
0.136300	1.422310
0.136400	-1.451050
0.136500	-6.239980
0.136600	-6.718870
0.136700	-2.887720
0.136800	-3.845510
0.136900	-5.282190
0.137000	-10.550000
0.137100	-9.113330
0.137200	-7.676650
0.137300	-10.071100
0.137400	-3.845510
0.137500	-2.887720
0.137600	-6.718870
0.137700	-1.929940
0.137800	-0.014367
0.137900	-4.803300
0.138000	-6.718870
0.138100	-4.803300
0.138200	-9.113330
0.138300	-8.155550
0.138400	-8.634440
0.138500	-11.028900
0.138600	-4.803300
0.138700	-2.887720
0.138800	-7.676650
0.138900	-9.113330
0.139000	-4.803300
0.139100	0.943419
0.139200	-4.803300
0.139300	-8.155550
0.139400	-0.014367
0.139500	0.943419
0.139600	-8.634440
0.139700	-7.676650
0.139800	-6.718870
0.139900	-11.986700
0.140000	-10.550000
0.140100	-6.718870
0.140200	-3.845510
0.140300	-3.845510
0.140400	-2.887720
0.140500	-4.803300
0.140600	2.380100
0.140700	-0.972153
0.140800	-3.845510
0.140900	-2.408830
0.141000	-3.845510
0.141100	-4.803300
0.141200	-4.803300
0.141300	-4.324400
0.141400	-9.592230
0.141500	-13.423400
0.141600	-9.592230
0.141700	-3.845510
0.141800	-5.282190
0.141900	-6.239980
0.142000	-7.197760
0.142100	-7.676650
0.142200	-1.929940
0.142300	5.253460
0.142400	-5.282190
0.142500	-12.465600
0.142600	-7.676650
0.142700	-3.366620
0.142800	-4.803300
0.142900	-4.803300
0.143000	-0.972153
0.143100	0.943419
0.143200	-0.014367
0.143300	-3.845510
0.143400	-0.014367
0.143500	1.422310
0.143600	-4.803300
0.143700	-5.761080
0.143800	-4.803300
0.143900	-10.550000
0.144000	-10.550000
0.144100	-9.592230
0.144200	-6.718870
0.144300	-2.887720
0.144400	-4.803300
0.144500	-6.718870
0.144600	-5.761080
0.144700	-1.929940
0.144800	-2.887720
0.144900	-4.803300
0.145000	-6.718870
0.145100	-6.718870
0.145200	-5.282190
0.145300	-4.803300
0.145400	-4.803300
0.145500	-3.845510
0.145600	-3.845510
0.145700	-2.887720
0.145800	-6.239980
0.145900	-8.634440
0.146000	-5.761080
0.146100	-3.845510
0.146200	-10.071100
0.146300	-10.071100
0.146400	-7.676650
0.146500	-7.676650
0.146600	-6.718870
0.146700	-2.408830
0.146800	-6.239980
0.146900	-8.155550
0.147000	-3.845510
0.147100	-6.718870
0.147200	-7.676650
0.147300	-4.803300
0.147400	-8.634440
0.147500	-11.507800
0.147600	-10.550000
0.147700	-11.507800
0.147800	-7.197760
0.147900	-5.761080
0.148000	-4.803300
0.148100	-1.929940
0.148200	-4.803300
0.148300	-10.550000
0.148400	-6.718870
0.148500	-5.761080
0.148600	-4.803300
0.148700	-2.887720
0.148800	-7.676650
0.148900	-10.550000
0.149000	-5.761080
0.149100	-8.155550
0.149200	-11.028900
0.149300	-4.803300
0.149400	-3.845510
0.149500	-5.761080
0.149600	-4.803300
0.149700	-4.803300
0.149800	-4.803300
0.149900	-8.634440
0.150000	-13.423400
0.150100	-10.550000
0.150200	-3.366620
0.150300	-3.845510
0.150400	-5.761080
0.150500	-3.845510
0.150600	-7.676650
0.150700	-8.634440
0.150800	-5.761080
0.150900	-5.761080
0.151000	-5.761080
0.151100	-6.239980
0.151200	-6.239980
0.151300	-8.155550
0.151400	-9.113330
0.151500	-6.239980
0.151600	-4.803300
0.151700	-7.197760
0.151800	-4.803300
0.151900	-8.634440
0.152000	-9.113330
0.152100	-11.507800
0.152200	-9.592230
0.152300	-8.155550
0.152400	-11.507800
0.152500	-10.550000
0.152600	-4.803300
0.152700	-2.887720
0.152800	-1.929940
0.152900	-0.014367
0.153000	-3.845510
0.153100	-2.887720
0.153200	-5.761080
0.153300	-7.676650
0.153400	-6.239980
0.153500	-6.239980
0.153600	-9.592230
0.153700	-6.718870
0.153800	-4.803300
0.153900	-6.718870
0.154000	-5.761080
0.154100	-2.408830
0.154200	-4.803300
0.154300	-9.592230
0.154400	-11.028900
0.154500	-12.465600
0.154600	-7.197760
0.154700	-4.803300
0.154800	-7.676650
0.154900	-5.282190
0.155000	-6.718870
0.155100	-6.239980
0.155200	-3.845510
0.155300	-5.761080
0.155400	-5.761080
0.155500	-6.718870
0.155600	-9.592230
0.155700	-8.634440
0.155800	-5.282190
0.155900	-3.845510
0.156000	-5.761080
0.156100	-4.803300
0.156200	-6.718870
0.156300	-6.239980
0.156400	-5.761080
0.156500	-8.634440
0.156600	-2.887720
0.156700	-1.451050
0.156800	-4.324400
0.156900	-4.803300
0.157000	-4.803300
0.157100	-7.197760
0.157200	-1.451050
0.157300	1.901210
0.157400	-4.803300
0.157500	-4.803300
0.157600	-6.239980
0.157700	-5.761080
0.157800	-4.803300
0.157900	-6.718870
0.158000	-9.113330
0.158100	-4.803300
0.158200	-10.550000
0.158300	-8.634440
0.158400	-4.803300
0.158500	-8.155550
0.158600	-10.550000
0.158700	-5.761080
0.158800	-6.239980
0.158900	-7.676650
0.159000	-4.803300
0.159100	-1.451050
0.159200	-5.761080
0.159300	-4.803300
0.159400	-2.887720
0.159500	-6.718870
0.159600	-5.282190
0.159700	-5.282190
0.159800	-11.028900
0.159900	-9.113330
0.160000	-10.550000
0.160100	-11.507800
0.160200	-6.718870
0.160300	-7.676650
0.160400	-4.803300
0.160500	-4.803300
0.160600	-10.550000
0.160700	-5.761080
0.160800	-4.803300
0.160900	-9.592230
0.161000	-10.071100
0.161100	-11.028900
0.161200	-8.155550
0.161300	-5.761080
0.161400	-6.239980
0.161500	-5.761080
0.161600	1.422310
0.161700	-3.366620
0.161800	-6.718870
0.161900	-5.761080
0.162000	-1.929940
0.162100	-3.845510
0.162200	-8.634440
0.162300	-11.507800
0.162400	-9.113330
0.162500	-8.155550
0.162600	-10.550000
0.162700	-7.676650
0.162800	-4.803300
0.162900	-7.197760
0.163000	-10.071100
0.163100	-11.507800
0.163200	-4.803300
0.163300	-1.929940
0.163400	-5.282190
0.163500	-12.465600
0.163600	-11.028900
0.163700	-7.197760
0.163800	-6.718870
0.163900	-5.761080
0.164000	-6.239980
0.164100	-5.761080
0.164200	-4.324400
0.164300	-5.761080
0.164400	-8.155550
0.164500	-12.465600
0.164600	-11.028900
0.164700	-3.845510
0.164800	0.943419
0.164900	-4.324400
0.165000	-3.366620
0.165100	-0.014367
0.165200	-6.239980
0.165300	-3.366620
0.165400	-0.972153
0.165500	-7.676650
0.165600	-10.071100
0.165700	-4.803300
0.165800	-4.324400
0.165900	-3.845510
0.166000	-3.845510
0.166100	-5.282190
0.166200	-2.887720
0.166300	-1.929940
0.166400	-6.718870
0.166500	-7.676650
0.166600	-5.761080
0.166700	-7.676650
0.166800	-1.451050
0.166900	-3.366620
0.167000	-9.592230
0.167100	-1.929940
0.167200	-0.493260
0.167300	-4.803300
0.167400	-0.972153
0.167500	-5.761080
0.167600	-6.718870
0.167700	-3.366620
0.167800	-3.845510
0.167900	-6.718870
0.168000	-7.676650
0.168100	-8.634440
0.168200	-9.592230
0.168300	-8.155550
0.168400	-5.282190
0.168500	-3.366620
0.168600	-0.014367
0.168700	-6.718870
0.168800	-11.507800
0.168900	-9.113330
0.169000	-3.845510
0.169100	-3.845510
0.169200	-1.451050
0.169300	-4.803300
0.169400	-7.676650
0.169500	-6.718870
0.169600	-10.550000
0.169700	-8.155550
0.169800	-7.197760
0.169900	-13.423400
0.170000	-11.028900
0.170100	-8.155550
0.170200	-11.507800
0.170300	-9.592230
0.170400	-7.197760
0.170500	-5.761080
0.170600	-4.324400
0.170700	-5.761080
0.170800	-10.071100
0.170900	-6.239980
0.171000	-7.676650
0.171100	-5.761080
0.171200	-4.803300
0.171300	-6.718870
0.171400	-4.803300
0.171500	-3.845510
0.171600	-9.113330
0.171700	-8.155550
0.171800	-6.239980
0.171900	-6.718870
0.172000	-6.718870
0.172100	-5.761080
0.172200	-7.676650
0.172300	-11.507800
0.172400	-4.803300
0.172500	-2.887720
0.172600	-4.803300
0.172700	-1.929940
0.172800	-3.845510
0.172900	-5.761080
0.173000	-5.761080
0.173100	-4.803300
0.173200	-5.282190
0.173300	-2.887720
0.173400	-5.761080
0.173500	-5.282190
0.173600	-2.887720
0.173700	-6.239980
0.173800	-4.803300
0.173900	-2.408830
0.174000	-7.197760
0.174100	-7.676650
0.174200	-6.239980
0.174300	-9.113330
0.174400	-7.676650
0.174500	-2.887720
0.174600	-6.718870
0.174700	-8.634440
0.174800	-10.550000
0.174900	-5.761080
0.175000	-3.366620
0.175100	-6.718870
0.175200	-7.676650
0.175300	-6.239980
0.175400	-5.761080
0.175500	-4.803300
0.175600	-3.845510
0.175700	-8.634440
0.175800	-7.676650
0.175900	-0.014367
0.176000	-6.718870
0.176100	-11.507800
0.176200	-4.803300
0.176300	-7.676650
0.176400	-9.113330
0.176500	-6.239980
0.176600	-8.634440
0.176700	-6.718870
0.176800	-2.887720
0.176900	-7.676650
0.177000	-4.803300
0.177100	-1.929940
0.177200	0.943419
0.177300	-0.972153
0.177400	-0.972153
0.177500	-4.324400
0.177600	-6.718870
0.177700	-9.113330
0.177800	-10.550000
0.177900	-8.155550
0.178000	-3.845510
0.178100	-4.803300
0.178200	-4.803300
0.178300	-2.887720
0.178400	-4.803300
0.178500	-5.761080
0.178600	-12.465600
0.178700	-12.465600
0.178800	-6.718870
0.178900	-6.239980
0.179000	-7.197760
0.179100	-6.239980
0.179200	-9.592230
0.179300	-4.803300
0.179400	-2.887720
0.179500	-6.239980
0.179600	-4.803300
0.179700	-4.803300
0.179800	-6.718870
0.179900	-7.676650
0.180000	-10.550000
0.180100	-6.239980
0.180200	-1.929940
0.180300	-4.324400
0.180400	-7.676650
0.180500	-1.451050
0.180600	-2.887720
0.180700	-6.718870
0.180800	-6.239980
0.180900	-10.550000
0.181000	-7.676650
0.181100	-3.366620
0.181200	-5.761080
0.181300	-3.845510
0.181400	0.464526
0.181500	-2.887720
0.181600	-8.155550
0.181700	-7.676650
0.181800	-7.676650
0.181900	-9.592230
0.182000	-10.550000
0.182100	-11.507800
0.182200	-6.718870
0.182300	-4.803300
0.182400	-5.282190
0.182500	-6.718870
0.182600	-9.113330
0.182700	-12.465600
0.182800	-6.718870
0.182900	-2.408830
0.183000	-9.113330
0.183100	-9.592230
0.183200	-9.592230
0.183300	-4.324400
0.183400	-2.408830
0.183500	-8.634440
0.183600	-7.676650
0.183700	-3.366620
0.183800	-6.718870
0.183900	-10.550000
0.184000	-4.803300
0.184100	-1.929940
0.184200	-6.718870
0.184300	-9.113330
0.184400	-12.465600
0.184500	-11.507800
0.184600	-3.845510
0.184700	-8.155550
0.184800	-8.634440
0.184900	-4.324400
0.185000	-5.761080
0.185100	-6.718870
0.185200	-6.718870
0.185300	-11.028900
0.185400	-4.803300
0.185500	-2.887720
0.185600	-0.972153
0.185700	-2.887720
0.185800	-4.803300
0.185900	-6.718870
0.186000	-1.929940
0.186100	-6.718870
0.186200	-8.634440
0.186300	-4.803300
0.186400	-5.282190
0.186500	-4.803300
0.186600	-3.845510
0.186700	-3.845510
0.186800	-5.761080
0.186900	-4.324400
0.187000	-6.718870
0.187100	-7.676650
0.187200	-8.155550
0.187300	-6.718870
0.187400	-7.197760
0.187500	-5.761080
0.187600	-6.718870
0.187700	-4.803300
0.187800	-5.761080
0.187900	-9.592230
0.188000	-10.550000
0.188100	-5.282190
0.188200	-6.718870
0.188300	-6.718870
0.188400	-3.845510
0.188500	-2.887720
0.188600	-3.845510
0.188700	-4.803300
0.188800	-9.113330
0.188900	-10.550000
0.189000	-6.718870
0.189100	-6.718870
0.189200	-3.845510
0.189300	-0.972153
0.189400	-2.887720
0.189500	-7.197760
0.189600	-11.507800
0.189700	-5.761080
0.189800	-0.493260
0.189900	-6.718870
0.190000	-9.592230
0.190100	-4.324400
0.190200	-2.887720
0.190300	-4.324400
0.190400	-3.845510
0.190500	-9.113330
0.190600	-4.803300
0.190700	-4.803300
0.190800	-5.761080
0.190900	-2.887720
0.191000	-1.929940
0.191100	-9.113330
0.191200	-5.761080
0.191300	0.943419
0.191400	-3.366620
0.191500	-7.676650
0.191600	-6.718870
0.191700	-7.197760
0.191800	-4.803300
0.191900	-4.324400
0.192000	-2.408830
0.192100	-5.761080
0.192200	-3.845510
0.192300	-0.972153
0.192400	-2.408830
0.192500	-4.803300
0.192600	-9.113330
0.192700	-3.366620
0.192800	0.464526
0.192900	-3.845510
0.193000	-6.718870
0.193100	-4.803300
0.193200	-6.718870
0.193300	-8.634440
0.193400	-9.113330
0.193500	-8.155550
0.193600	-6.239980
0.193700	-7.676650
0.193800	-9.592230
0.193900	-4.803300
0.194000	-3.845510
0.194100	-9.113330
0.194200	-7.676650
0.194300	-7.197760
0.194400	-5.761080
0.194500	-3.845510
0.194600	-9.592230
0.194700	-11.507800
0.194800	-4.803300
0.194900	-4.803300
0.195000	-9.113330
0.195100	-8.634440
0.195200	-12.465600
0.195300	-10.550000
0.195400	-13.902300
0.195500	-7.676650
0.195600	-4.324400
0.195700	-4.803300
0.195800	-8.155550
0.195900	-6.718870
0.196000	-9.592230
0.196100	-7.197760
0.196200	-0.493260
0.196300	-9.113330
0.196400	-8.634440
0.196500	-4.803300
0.196600	-5.282190
0.196700	-4.803300
0.196800	-0.493260
0.196900	-2.887720
0.197000	-4.803300
0.197100	-7.676650
0.197200	-13.423400
0.197300	-11.986700
0.197400	-8.155550
0.197500	-6.718870
0.197600	-3.845510
0.197700	-2.887720
0.197800	-3.845510
0.197900	-5.761080
0.198000	-5.761080
0.198100	-9.592230
0.198200	-6.718870
0.198300	-6.239980
0.198400	-9.592230
0.198500	-5.761080
0.198600	-4.803300
0.198700	-6.718870
0.198800	-4.803300
0.198900	-0.014367
0.199000	-4.803300
0.199100	-3.845510
0.199200	-2.887720
0.199300	-5.761080
0.199400	-5.282190
0.199500	-4.803300
0.199600	-9.113330
0.199700	-9.113330
0.199800	-7.676650
0.199900	-11.507800
0.200000	-9.592230
0.200100	-10.071100
0.200200	-9.113330
0.200300	-1.929940
0.200400	-0.014367
0.200500	-4.803300
0.200600	-8.634440
0.200700	-10.071100
0.200800	-7.676650
0.200900	-4.803300
0.201000	-6.239980
0.201100	-4.803300
0.201200	3.816780
0.201300	1.422310
0.201400	-7.676650
0.201500	-8.155550
0.201600	-4.803300
0.201700	-6.239980
0.201800	-4.803300
0.201900	-6.718870
0.202000	-4.803300
0.202100	-2.887720
0.202200	-7.676650
0.202300	-7.676650
0.202400	-7.197760
0.202500	-7.676650
0.202600	-9.592230
0.202700	-7.676650
0.202800	-9.113330
0.202900	-0.972153
0.203000	0.943419
0.203100	-5.761080
0.203200	-5.761080
0.203300	-6.718870
0.203400	-6.718870
0.203500	-4.803300
0.203600	-8.155550
0.203700	-11.986700
0.203800	-12.465600
0.203900	-10.550000
0.204000	-10.550000
0.204100	-7.676650
0.204200	-8.155550
0.204300	-9.592230
0.204400	-10.550000
0.204500	-10.550000
0.204600	-8.634440
0.204700	-6.718870
0.204800	-11.507800
0.204900	-10.071100
0.205000	-5.761080
0.205100	-12.465600
0.205200	-10.550000
0.205300	-9.592230
0.205400	-11.507800
0.205500	-8.634440
0.205600	-4.803300
0.205700	-7.197760
0.205800	-4.324400
0.205900	-6.718870
0.206000	-7.676650
0.206100	-9.592230
0.206200	-7.676650
0.206300	-10.071100
0.206400	-10.550000
0.206500	-4.803300
0.206600	-0.493260
0.206700	-0.493260
0.206800	2.380100
0.206900	-3.366620
0.207000	-2.887720
0.207100	-3.366620
0.207200	-5.761080
0.207300	-4.324400
0.207400	-4.803300
0.207500	-6.239980
0.207600	-6.718870
0.207700	-2.408830
0.207800	-3.845510
0.207900	-6.718870
0.208000	-5.761080
0.208100	-8.634440
0.208200	-10.550000
0.208300	-4.803300
0.208400	-6.239980
0.208500	-3.366620
0.208600	0.943419
0.208700	-4.803300
0.208800	-6.718870
0.208900	-4.803300
0.209000	-5.761080
0.209100	-5.761080
0.209200	-5.761080
0.209300	-10.071100
0.209400	-10.550000
0.209500	-3.845510
0.209600	-5.761080
0.209700	-8.634440
0.209800	-4.324400
0.209900	-3.845510
0.210000	-9.592230
0.210100	-3.366620
0.210200	-3.845510
0.210300	-6.718870
0.210400	-4.803300
0.210500	-5.761080
0.210600	-7.676650
0.210700	-6.718870
0.210800	-4.803300
0.210900	-4.803300
0.211000	-4.803300
0.211100	-8.155550
0.211200	-7.676650
0.211300	-10.071100
0.211400	-11.028900
0.211500	-6.718870
0.211600	-10.550000
0.211700	-11.507800
0.211800	-8.634440
0.211900	-6.718870
0.212000	-8.634440
0.212100	-5.761080
0.212200	-4.803300
0.212300	-8.155550
0.212400	-6.239980
0.212500	-2.887720
0.212600	-3.366620
0.212700	-3.845510
0.212800	-9.592230
0.212900	-1.929940
0.213000	-0.493260
0.213100	-3.845510
0.213200	-0.014367
0.213300	-0.493260
0.213400	-6.718870
0.213500	-6.239980
0.213600	-4.803300
0.213700	-5.282190
0.213800	-4.803300
0.213900	-5.282190
0.214000	-4.324400
0.214100	-2.887720
0.214200	-3.366620
0.214300	-6.718870
0.214400	-5.282190
0.214500	-3.845510
0.214600	-5.761080
0.214700	-3.845510
0.214800	-5.761080
0.214900	-3.845510
0.215000	-4.803300
0.215100	-9.592230
0.215200	-7.676650
0.215300	-2.887720
0.215400	-2.408830
0.215500	-4.803300
0.215600	0.464526
0.215700	-2.408830
0.215800	-6.718870
0.215900	-5.761080
0.216000	-6.718870
0.216100	-6.718870
0.216200	-3.366620
0.216300	-6.718870
0.216400	-6.718870
0.216500	-3.845510
0.216600	-5.761080
0.216700	-5.761080
0.216800	-6.718870
0.216900	-12.944500
0.217000	-8.634440
0.217100	-4.803300
0.217200	-6.718870
0.217300	-7.197760
0.217400	-7.676650
0.217500	-8.634440
0.217600	-10.550000
0.217700	-8.155550
0.217800	-8.155550
0.217900	-5.761080
0.218000	-5.282190
0.218100	-6.718870
0.218200	-3.845510
0.218300	-4.803300
0.218400	-9.592230
0.218500	-6.239980
0.218600	-5.761080
0.218700	-7.197760
0.218800	-3.845510
0.218900	-0.972153
0.219000	-3.845510
0.219100	-4.324400
0.219200	-4.803300
0.219300	-7.197760
0.219400	-10.071100
0.219500	-15.817800
0.219600	-10.550000
0.219700	-5.761080
0.219800	-8.634440
0.219900	-5.761080
0.220000	-3.845510
0.220100	-6.718870
0.220200	-8.155550
0.220300	-6.718870
0.220400	-5.761080
0.220500	-5.761080
0.220600	-3.366620
0.220700	-1.451050
0.220800	-3.845510
0.220900	-7.676650
0.221000	-8.155550
0.221100	-4.803300
0.221200	-8.634440
0.221300	-4.324400
0.221400	-1.929940
0.221500	-11.507800
0.221600	-7.676650
0.221700	-4.803300
0.221800	-8.634440
0.221900	-7.676650
0.222000	-4.803300
0.222100	-9.113330
0.222200	-11.507800
0.222300	-9.592230
0.222400	-5.761080
0.222500	-2.887720
0.222600	-2.887720
0.222700	-9.592230
0.222800	-6.718870
0.222900	-6.718870
0.223000	-11.028900
0.223100	-7.676650
0.223200	-5.282190
0.223300	-7.676650
0.223400	-8.155550
0.223500	-10.550000
0.223600	-10.071100
0.223700	-8.155550
0.223800	-9.113330
0.223900	-12.465600
0.224000	-7.676650
0.224100	-9.113330
0.224200	-12.465600
0.224300	-9.113330
0.224400	-2.887720
0.224500	-2.408830
0.224600	-2.408830
0.224700	-6.239980
0.224800	-6.718870
0.224900	-3.845510
0.225000	-3.845510
0.225100	-3.845510
0.225200	-2.887720
0.225300	-5.761080
0.225400	-4.803300
0.225500	-2.408830
0.225600	-5.282190
0.225700	-9.592230
0.225800	-7.676650
0.225900	-9.592230
0.226000	-5.761080
0.226100	-4.803300
0.226200	-7.676650
0.226300	-4.324400
0.226400	-0.014367
0.226500	-5.761080
0.226600	-5.761080
0.226700	-6.718870
0.226800	-5.761080
0.226900	-4.803300
0.227000	-6.239980
0.227100	-9.592230
0.227200	-4.803300
0.227300	-2.408830
0.227400	-7.197760
0.227500	-5.761080
0.227600	-2.887720
0.227700	-7.676650
0.227800	-10.550000
0.227900	-12.465600
0.228000	-12.465600
0.228100	-7.676650
0.228200	-7.676650
0.228300	-9.113330
0.228400	-1.929940
0.228500	-3.845510
0.228600	-9.113330
0.228700	-9.113330
0.228800	-9.592230
0.228900	-6.718870
0.229000	-5.761080
0.229100	-5.282190
0.229200	-1.929940
0.229300	-4.803300
0.229400	-2.887720
0.229500	-1.929940
0.229600	-2.887720
0.229700	-6.718870
0.229800	-4.803300
0.229900	-6.239980
0.230000	-9.113330
0.230100	-10.550000
0.230200	-6.239980
0.230300	-4.803300
0.230400	-1.929940
0.230500	-3.845510
0.230600	-6.718870
0.230700	-4.803300
0.230800	-7.676650
0.230900	-5.282190
0.231000	-0.972153
0.231100	-6.718870
0.231200	-6.239980
0.231300	-2.887720
0.231400	-4.803300
0.231500	-5.761080
0.231600	-7.197760
0.231700	-9.113330
0.231800	-6.718870
0.231900	-7.197760
0.232000	-9.113330
0.232100	-6.718870
0.232200	-4.803300
0.232300	-8.634440
0.232400	-3.845510
0.232500	-4.324400
0.232600	-9.592230
0.232700	-9.592230
0.232800	-2.887720
0.232900	-4.803300
0.233000	-6.718870
0.233100	-6.718870
0.233200	-9.592230
0.233300	-4.803300
0.233400	-3.845510
0.233500	-2.408830
0.233600	-1.929940
0.233700	-4.803300
0.233800	-3.366620
0.233900	1.901210
0.234000	-1.929940
0.234100	-6.239980
0.234200	-5.282190
0.234300	-5.282190
0.234400	-7.676650
0.234500	-7.197760
0.234600	-9.592230
0.234700	-12.465600
0.234800	-6.718870
0.234900	-4.803300
0.235000	-6.718870
0.235100	-2.408830
0.235200	-0.014367
0.235300	-6.718870
0.235400	-10.071100
0.235500	-8.634440
0.235600	-8.634440
0.235700	-6.718870
0.235800	-5.761080
0.235900	-5.282190
0.236000	-2.887720
0.236100	-5.282190
0.236200	-6.718870
0.236300	-6.718870
0.236400	-8.634440
0.236500	-12.944500
0.236600	-5.761080
0.236700	-6.718870
0.236800	-8.634440
0.236900	-5.761080
0.237000	-6.718870
0.237100	-2.887720
0.237200	-4.803300
0.237300	-7.676650
0.237400	-6.718870
0.237500	-9.592230
0.237600	-12.465600
0.237700	-7.676650
0.237800	-10.550000
0.237900	-10.550000
0.238000	-5.761080
0.238100	-4.324400
0.238200	-2.408830
0.238300	-1.929940
0.238400	-7.676650
0.238500	-6.718870
0.238600	-1.929940
0.238700	-3.845510
0.238800	-4.324400
0.238900	-4.324400
0.239000	-7.676650
0.239100	-3.845510
0.239200	-7.676650
0.239300	-6.718870
0.239400	-1.929940
0.239500	-1.451050
0.239600	-5.761080
0.239700	-5.761080
0.239800	-6.239980
0.239900	-5.761080
0.240000	-3.845510
0.240100	-6.239980
0.240200	-3.845510
0.240300	-3.845510
0.240400	-6.239980
0.240500	-3.845510
0.240600	-0.972153
0.240700	-3.366620
0.240800	-0.014367
0.240900	-5.282190
0.241000	-6.718870
0.241100	-3.845510
0.241200	0.943419
0.241300	-3.845510
0.241400	-5.761080
0.241500	-8.634440
0.241600	-12.465600
0.241700	-10.550000
0.241800	-6.718870
0.241900	-5.761080
0.242000	-6.718870
0.242100	-7.676650
0.242200	-12.465600
0.242300	-7.676650
0.242400	-6.718870
0.242500	-9.592230
0.242600	-5.761080
0.242700	-4.803300
0.242800	-4.803300
0.242900	-4.803300
0.243000	-9.592230
0.243100	-11.986700
0.243200	-8.634440
0.243300	-12.465600
0.243400	-10.071100
0.243500	-3.845510
0.243600	-8.155550
0.243700	-9.592230
0.243800	-4.803300
0.243900	-11.028900
0.244000	-17.254499
0.244100	-11.507800
0.244200	-10.071100
0.244300	-5.761080
0.244400	-5.761080
0.244500	-10.550000
0.244600	-8.634440
0.244700	-9.592230
0.244800	-12.465600
0.244900	-6.718870
0.245000	-0.972153
0.245100	-6.718870
0.245200	-4.803300
0.245300	-4.803300
0.245400	-3.366620
0.245500	-3.845510
0.245600	-5.761080
0.245700	-9.113330
0.245800	-4.803300
0.245900	-4.324400
0.246000	-5.761080
0.246100	-4.803300
0.246200	-6.718870
0.246300	-11.507800
0.246400	-12.465600
0.246500	-6.718870
0.246600	-5.761080
0.246700	-11.986700
0.246800	-10.550000
0.246900	-5.761080
0.247000	-2.887720
0.247100	-4.324400
0.247200	-7.676650
0.247300	-2.887720
0.247400	-4.803300
0.247500	-10.071100
0.247600	-8.634440
0.247700	-4.324400
0.247800	-7.676650
0.247900	-6.718870
0.248000	-7.676650
0.248100	-6.239980
0.248200	-2.408830
0.248300	-4.324400
0.248400	-5.282190
0.248500	-2.887720
0.248600	-6.718870
0.248700	-5.761080
0.248800	-6.718870
0.248900	-6.718870
0.249000	-4.803300
0.249100	-6.239980
0.249200	-8.634440
0.249300	-6.718870
0.249400	-3.845510
0.249500	-9.113330
0.249600	-4.803300
0.249700	-2.887720
0.249800	-5.282190
0.249900	-5.282190
0.250000	-8.634440
0.250100	-10.550000
0.250200	-2.887720
0.250300	-1.929940
0.250400	-3.366620
0.250500	-4.803300
0.250600	-3.845510
0.250700	-0.972153
0.250800	-1.929940
0.250900	-3.845510
0.251000	-5.761080
0.251100	-6.718870
0.251200	-6.718870
0.251300	-4.803300
0.251400	-3.366620
0.251500	-3.845510
0.251600	-1.451050
0.251700	-2.887720
0.251800	-8.155550
0.251900	-7.676650
0.252000	-8.155550
0.252100	-5.761080
0.252200	-5.761080
0.252300	-6.718870
0.252400	-11.028900
0.252500	-8.634440
0.252600	-5.761080
0.252700	-5.761080
0.252800	-6.239980
0.252900	-5.761080
0.253000	-5.282190
0.253100	-3.845510
0.253200	-9.113330
0.253300	-5.761080
0.253400	-1.929940
0.253500	-4.803300
0.253600	-6.718870
0.253700	-0.014367
0.253800	-1.451050
0.253900	-4.803300
0.254000	-2.887720
0.254100	-4.803300
0.254200	-2.887720
0.254300	-1.929940
0.254400	-5.761080
0.254500	-5.761080
0.254600	-5.761080
0.254700	-6.718870
0.254800	-6.718870
0.254900	-7.676650
0.255000	-11.507800
0.255100	-4.803300
0.255200	0.943419
0.255300	-5.761080
0.255400	-6.239980
0.255500	-5.761080
0.255600	-6.239980
0.255700	-6.239980
0.255800	-5.761080
0.255900	-7.676650
0.256000	-2.887720
0.256100	2.380100
0.256200	0.464526
0.256300	-3.845510
0.256400	-9.592230
0.256500	-10.550000
0.256600	-4.324400
0.256700	-0.493260
0.256800	-6.718870
0.256900	-9.592230
0.257000	-7.676650
0.257100	-3.845510
0.257200	-0.972153
0.257300	-4.803300
0.257400	-6.239980
0.257500	-4.324400
0.257600	-3.845510
0.257700	-7.197760
0.257800	-6.239980
0.257900	-10.071100
0.258000	-4.803300
0.258100	-0.014367
0.258200	-3.845510
0.258300	-4.324400
0.258400	-4.803300
0.258500	-10.550000
0.258600	-10.550000
0.258700	-4.803300
0.258800	-12.465600
0.258900	-12.465600
0.259000	-10.071100
0.259100	-10.071100
0.259200	-9.592230
0.259300	-9.113330
0.259400	-10.550000
0.259500	-4.803300
0.259600	0.943419
0.259700	-6.718870
0.259800	-9.113330
0.259900	-5.282190
0.260000	-8.634440
0.260100	-9.592230
0.260200	-8.634440
0.260300	-8.155550
0.260400	-7.676650
0.260500	-4.803300
0.260600	-11.507800
0.260700	-11.507800
0.260800	-12.465600
0.260900	-12.465600
0.261000	-6.718870
0.261100	-5.761080
0.261200	-15.338900
0.261300	-16.775600
0.261400	-12.465600
0.261500	-12.465600
0.261600	-4.803300
0.261700	-1.929940
0.261800	-5.761080
0.261900	-10.550000
0.262000	-6.718870
0.262100	-7.676650
0.262200	-8.155550
0.262300	-4.803300
0.262400	-4.324400
0.262500	-3.845510
0.262600	-4.803300
0.262700	-8.155550
0.262800	-1.929940
0.262900	0.464526
0.263000	-8.634440
0.263100	-10.550000
0.263200	-8.634440
0.263300	-8.155550
0.263400	-5.761080
0.263500	-6.718870
0.263600	-8.634440
0.263700	-1.929940
0.263800	-3.845510
0.263900	-7.676650
0.264000	-10.071100
0.264100	-5.761080
0.264200	-3.845510
0.264300	-2.408830
0.264400	-7.676650
0.264500	-9.592230
0.264600	-6.239980
0.264700	-7.676650
0.264800	-9.113330
0.264900	-4.324400
0.265000	-5.282190
0.265100	-6.718870
0.265200	-10.071100
0.265300	-7.197760
0.265400	-7.676650
0.265500	-7.676650
0.265600	-10.550000
0.265700	-6.718870
0.265800	-4.803300
0.265900	-9.113330
0.266000	-8.155550
0.266100	-4.324400
0.266200	-7.676650
0.266300	-7.676650
0.266400	-9.592230
0.266500	-9.113330
0.266600	-10.550000
0.266700	-5.761080
0.266800	-10.550000
0.266900	-12.465600
0.267000	-7.676650
0.267100	-7.676650
0.267200	-9.113330
0.267300	-3.845510
0.267400	-2.887720
0.267500	-4.324400
0.267600	-7.676650
0.267700	-9.592230
0.267800	-4.803300
0.267900	-5.761080
0.268000	-7.676650
0.268100	-4.803300
0.268200	-9.592230
0.268300	-11.028900
0.268400	-4.803300
0.268500	-7.197760
0.268600	-8.155550
0.268700	-6.718870
0.268800	-4.803300
0.268900	-4.803300
0.269000	-6.718870
0.269100	-10.550000
0.269200	-8.155550
0.269300	-1.929940
0.269400	-7.676650
0.269500	-5.761080
0.269600	-0.014367
0.269700	-5.761080
0.269800	-9.592230
0.269900	-6.239980
0.270000	-8.634440
0.270100	-3.845510
0.270200	-3.845510
0.270300	-8.155550
0.270400	-8.155550
0.270500	-6.718870
0.270600	-7.197760
0.270700	-4.803300
0.270800	-4.803300
0.270900	-10.550000
0.271000	-6.239980
0.271100	-6.239980
0.271200	-6.718870
0.271300	-3.845510
0.271400	-4.803300
0.271500	-5.761080
0.271600	-4.803300
0.271700	-5.282190
0.271800	-5.761080
0.271900	-5.761080
0.272000	-9.592230
0.272100	-6.239980
0.272200	-2.887720
0.272300	-5.761080
0.272400	-7.676650
0.272500	-4.803300
0.272600	-6.239980
0.272700	-5.761080
0.272800	-5.761080
0.272900	-8.634440
0.273000	-10.550000
0.273100	-3.366620
0.273200	-6.239980
0.273300	-4.803300
0.273400	-4.803300
0.273500	-9.592230
0.273600	-7.676650
0.273700	-4.803300
0.273800	-4.324400
0.273900	-4.324400
0.274000	-9.592230
0.274100	-14.381200
0.274200	-11.028900
0.274300	-7.676650
0.274400	-8.155550
0.274500	-8.634440
0.274600	-6.239980
0.274700	-5.761080
0.274800	-4.803300
0.274900	-3.845510
0.275000	-6.718870
0.275100	-7.676650
0.275200	-5.761080
0.275300	-3.845510
0.275400	-5.282190
0.275500	-6.718870
0.275600	-4.324400
0.275700	-3.366620
0.275800	-9.592230
0.275900	-8.634440
0.276000	-2.408830
0.276100	-4.803300
0.276200	-4.803300
0.276300	-1.929940
0.276400	-4.803300
0.276500	-6.718870
0.276600	-6.239980
0.276700	-10.550000
0.276800	-7.676650
0.276900	-2.887720
0.277000	-4.803300
0.277100	-6.718870
0.277200	-5.761080
0.277300	-7.676650
0.277400	-9.592230
0.277500	-2.887720
0.277600	-0.972153
0.277700	-5.761080
0.277800	-5.761080
0.277900	-3.845510
0.278000	-7.676650
0.278100	-5.761080
0.278200	-4.803300
0.278300	-9.592230
0.278400	-6.239980
0.278500	-3.845510
0.278600	-8.155550
0.278700	-12.465600
0.278800	-11.507800
0.278900	0.464526
0.279000	1.422310
0.279100	-5.282190
0.279200	-7.676650
0.279300	-7.197760
0.279400	-7.676650
0.279500	-7.676650
0.279600	-8.634440
0.279700	-7.676650
0.279800	-4.803300
0.279900	-7.676650
0.280000	-10.550000
0.280100	-7.676650
0.280200	-6.718870
0.280300	-10.550000
0.280400	-7.676650
0.280500	-4.803300
0.280600	-4.324400
0.280700	-9.592230
0.280800	-10.550000
0.280900	-4.803300
0.281000	-1.929940
0.281100	-4.803300
0.281200	-8.634440
0.281300	-5.282190
0.281400	-7.676650
0.281500	-10.550000
0.281600	-7.197760
0.281700	-9.113330
0.281800	-6.718870
0.281900	-4.803300
0.282000	-8.634440
0.282100	-8.634440
0.282200	-7.197760
0.282300	-4.803300
0.282400	-5.761080
0.282500	-12.465600
0.282600	-14.381200
0.282700	-4.803300
0.282800	-5.761080
0.282900	-5.761080
0.283000	-5.761080
0.283100	-9.113330
0.283200	-10.550000
0.283300	-8.155550
0.283400	-7.197760
0.283500	-6.718870
0.283600	-10.550000
0.283700	-13.423400
0.283800	-7.676650
0.283900	-3.845510
0.284000	-7.197760
0.284100	-8.634440
0.284200	-6.718870
0.284300	-9.592230
0.284400	-7.676650
0.284500	-4.324400
0.284600	-8.634440
0.284700	-7.676650
0.284800	-4.324400
0.284900	-7.676650
0.285000	-7.676650
0.285100	-6.718870
0.285200	-9.592230
0.285300	-4.803300
0.285400	-4.803300
0.285500	-3.366620
0.285600	-0.014367
0.285700	-6.718870
0.285800	-5.761080
0.285900	-4.324400
0.286000	-9.592230
0.286100	-6.239980
0.286200	-6.239980
0.286300	-10.550000
0.286400	-8.155550
0.286500	-3.845510
0.286600	-8.634440
0.286700	-6.718870
0.286800	-1.929940
0.286900	-5.761080
0.287000	-6.718870
0.287100	-3.845510
0.287200	-4.324400
0.287300	-4.803300
0.287400	-5.282190
0.287500	-9.592230
0.287600	-7.676650
0.287700	-4.803300
0.287800	-9.113330
0.287900	-9.113330
0.288000	-6.239980
0.288100	-6.718870
0.288200	-2.408830
0.288300	2.380100
0.288400	-0.493260
0.288500	-4.803300
0.288600	-8.634440
0.288700	-8.634440
0.288800	-11.507800
0.288900	-11.028900
0.289000	-10.550000
0.289100	-7.197760
0.289200	-4.803300
0.289300	-6.239980
0.289400	-7.197760
0.289500	-7.676650
0.289600	-9.113330
0.289700	-10.550000
0.289800	-2.887720
0.289900	-3.845510
0.290000	-7.676650
0.290100	-4.803300
0.290200	-4.803300
0.290300	-4.803300
0.290400	3.337880
0.290500	0.943419
0.290600	-7.676650
0.290700	-7.197760
0.290800	-6.718870
0.290900	-9.592230
0.291000	-8.634440
0.291100	-9.592230
0.291200	-4.803300
0.291300	-0.493260
0.291400	-4.803300
0.291500	-7.676650
0.291600	-7.676650
0.291700	-9.592230
0.291800	-4.324400
0.291900	-2.887720
0.292000	-7.676650
0.292100	-7.197760
0.292200	-4.324400
0.292300	-6.718870
0.292400	-6.718870
0.292500	-6.718870
0.292600	-8.634440
0.292700	-1.451050
0.292800	-0.014367
0.292900	-6.718870
0.293000	-9.113330
0.293100	-7.676650
0.293200	-9.113330
0.293300	-6.718870
0.293400	-9.592230
0.293500	-4.803300
0.293600	-7.676650
0.293700	-11.028900
0.293800	-4.803300
0.293900	-5.761080
0.294000	-10.550000
0.294100	-9.592230
0.294200	-9.592230
0.294300	-8.634440
0.294400	-3.845510
0.294500	-2.408830
0.294600	-4.324400
0.294700	-4.803300
0.294800	-6.239980
0.294900	-2.408830
0.295000	-4.324400
0.295100	-7.676650
0.295200	-6.718870
0.295300	-5.761080
0.295400	-7.676650
0.295500	-4.803300
0.295600	-8.634440
0.295700	-8.634440
0.295800	-4.803300
0.295900	-8.155550
0.296000	-10.550000
0.296100	-5.761080
0.296200	-9.113330
0.296300	-8.634440
0.296400	-7.676650
0.296500	-9.113330
0.296600	-4.803300
0.296700	-4.803300
0.296800	-4.803300
0.296900	-4.324400
0.297000	-5.282190
0.297100	-6.718870
0.297200	-6.239980
0.297300	-9.592230
0.297400	-11.986700
0.297500	-5.761080
0.297600	-1.929940
0.297700	-4.803300
0.297800	-7.676650
0.297900	-6.718870
0.298000	-5.761080
0.298100	-3.845510
0.298200	-6.718870
0.298300	-6.239980
0.298400	-0.493260
0.298500	-3.845510
0.298600	-4.803300
0.298700	-4.803300
0.298800	-7.676650
0.298900	-8.634440
0.299000	-3.366620
0.299100	-4.803300
0.299200	-10.550000
0.299300	-10.071100
0.299400	-5.761080
0.299500	-5.761080
0.299600	-3.845510
0.299700	-10.550000
0.299800	-12.465600
0.299900	-8.155550
