-0.050000	-1.097940
-0.049900	5.723560
-0.049800	-15.715400
-0.049700	6.698060
-0.049600	11.570600
-0.049500	-10.842900
-0.049400	-16.202700
-0.049300	-3.046940
-0.049200	-10.842900
-0.049100	-6.457690
-0.049000	11.083300
-0.048900	-5.970440
-0.048800	-4.508690
-0.048700	-5.970440
-0.048600	0.851063
-0.048500	0.851063
-0.048400	14.494100
-0.048300	10.596100
-0.048200	-2.072440
-0.048100	-5.970440
-0.048000	-14.740900
-0.047900	-3.046940
-0.047800	4.749060
-0.047700	2.800060
-0.047600	-5.970440
-0.047500	-16.689899
-0.047400	-4.021440
-0.047300	14.006800
-0.047200	-3.046940
-0.047100	3.287310
-0.047000	15.468600
-0.046900	-1.097940
-0.046800	-6.944940
-0.046700	-4.021440
-0.046600	-10.355700
-0.046500	-1.097940
-0.046400	-1.585190
-0.046300	-5.970440
-0.046200	-14.740900
-0.046100	-11.817400
-0.046000	9.621560
-0.045900	-4.021440
-0.045800	-13.279200
-0.045700	12.545100
-0.045600	4.749060
-0.045500	-8.406690
-0.045400	-3.046940
-0.045300	-8.893940
-0.045200	-19.613400
-0.045100	-6.944940
-0.045000	18.879299
-0.044900	4.261810
-0.044800	-18.638901
-0.044700	2.312810
-0.044600	6.210810
-0.044500	-6.944940
-0.044400	-8.893940
-0.044300	-4.995940
-0.044200	-1.097940
-0.044100	0.851063
-0.044000	-5.970440
-0.043900	3.774560
-0.043800	5.723560
-0.043700	-4.995940
-0.043600	-14.740900
-0.043500	5.236310
-0.043400	6.698060
-0.043300	-9.868440
-0.043200	-17.664400
-0.043100	6.698060
-0.043000	6.698060
-0.042900	-4.508690
-0.042800	8.159810
-0.042700	2.312810
-0.042600	-4.021440
-0.042500	0.851063
-0.042400	2.312810
-0.042300	4.261810
-0.042200	6.698060
-0.042100	0.851063
-0.042000	-7.919440
-0.041900	-17.664400
-0.041800	6.698060
-0.041700	2.312810
-0.041600	-6.944940
-0.041500	3.774560
-0.041400	7.672560
-0.041300	-2.072440
-0.041200	-10.842900
-0.041100	-19.613400
-0.041000	6.698060
-0.040900	11.083300
-0.040800	-9.868440
-0.040700	-6.944940
-0.040600	-1.097940
-0.040500	-2.559690
-0.040400	-2.072440
-0.040300	0.851063
-0.040200	-5.483190
-0.040100	-8.893940
-0.040000	2.800060
-0.039900	1.338310
-0.039800	-7.919440
-0.039700	5.236310
-0.039600	1.825560
-0.039500	-15.715400
-0.039400	3.774560
-0.039300	0.363813
-0.039200	-19.613400
-0.039100	-5.970440
-0.039000	1.825560
-0.038900	13.519600
-0.038800	6.698060
-0.038700	0.851063
-0.038600	2.312810
-0.038500	-4.021440
-0.038400	-1.097940
-0.038300	-1.097940
-0.038200	-7.919440
-0.038100	-4.021440
-0.038000	-10.842900
-0.037900	7.672560
-0.037800	7.672560
-0.037700	-18.638901
-0.037600	1.825560
-0.037500	12.545100
-0.037400	-7.919440
-0.037300	-18.638901
-0.037200	4.749060
-0.037100	-6.944940
-0.037000	-19.613400
-0.036900	7.185310
-0.036800	11.570600
-0.036700	-1.585190
-0.036600	-6.457690
-0.036500	-14.740900
-0.036400	-4.508690
-0.036300	3.287310
-0.036200	-4.021440
-0.036100	-0.123437
-0.036000	19.366600
-0.035900	9.621560
-0.035800	-11.817400
-0.035700	-15.715400
-0.035600	11.570600
-0.035500	12.545100
-0.035400	-4.995940
-0.035300	-3.534190
-0.035200	2.312810
-0.035100	-0.123437
-0.035000	-8.893940
-0.034900	-16.202700
-0.034800	3.774560
-0.034700	4.749060
-0.034600	-14.740900
-0.034500	-27.409401
-0.034400	-4.021440
-0.034300	22.290100
-0.034200	6.698060
-0.034100	-14.253700
-0.034000	-4.508690
-0.033900	-1.097940
-0.033800	-12.791900
-0.033700	11.570600
-0.033600	12.545100
-0.033500	-7.919440
-0.033400	-3.046940
-0.033300	-7.919440
-0.033200	4.261810
-0.033100	14.006800
-0.033000	-3.046940
-0.032900	-2.072440
-0.032800	-1.097940
-0.032700	-13.766400
-0.032600	9.621560
-0.032500	11.570600
-0.032400	-8.893940
-0.032300	-7.919440
-0.032200	-1.585190
-0.032100	-7.919440
-0.032000	-1.097940
-0.031900	11.570600
-0.031800	-5.970440
-0.031700	-2.559690
-0.031600	0.851063
-0.031500	7.672560
-0.031400	6.698060
-0.031300	-7.919440
-0.031200	-18.151699
-0.031100	-3.046940
-0.031000	16.443100
-0.030900	17.904800
-0.030800	0.851063
-0.030700	-2.072440
-0.030600	-0.123437
-0.030500	-0.123437
-0.030400	-3.046940
-0.030300	-8.893940
-0.030200	-17.664400
-0.030100	-8.406690
-0.030000	18.879299
-0.029900	8.159810
-0.029800	-6.457690
-0.029700	-10.355700
-0.029600	8.647060
-0.029500	12.545100
-0.029400	-3.046940
-0.029300	-6.944940
-0.029200	-10.842900
-0.029100	-0.123437
-0.029000	-11.817400
-0.028900	-9.868440
-0.028800	10.108800
-0.028700	12.545100
-0.028600	6.698060
-0.028500	-3.046940
-0.028400	-9.868440
-0.028300	-10.842900
-0.028200	8.647060
-0.028100	6.698060
-0.028000	-5.970440
-0.027900	-0.123437
-0.027800	-3.046940
-0.027700	-24.485901
-0.027600	-7.919440
-0.027500	12.057800
-0.027400	19.366600
-0.027300	2.312810
-0.027200	-10.355700
-0.027100	-6.944940
-0.027000	16.443100
-0.026900	14.494100
-0.026800	-1.585190
-0.026700	4.261810
-0.026600	6.210810
-0.026500	-0.123437
-0.026400	-2.072440
-0.026300	-3.046940
-0.026200	1.825560
-0.026100	-0.123437
-0.026000	-8.893940
-0.025900	-0.123437
-0.025800	6.698060
-0.025700	5.236310
-0.025600	-7.919440
-0.025500	-9.868440
-0.025400	-2.072440
-0.025300	-4.021440
-0.025200	6.210810
-0.025100	-1.097940
-0.025000	-13.766400
-0.024900	6.698060
-0.024800	9.621560
-0.024700	-9.381190
-0.024600	-8.893940
-0.024500	-1.585190
-0.024400	-9.381190
-0.024300	6.698060
-0.024200	11.570600
-0.024100	-1.097940
-0.024000	-8.406690
-0.023900	-8.893940
-0.023800	6.698060
-0.023700	7.672560
-0.023600	-11.330200
-0.023500	-22.536900
-0.023400	4.749060
-0.023300	20.341101
-0.023200	0.851063
-0.023100	-12.791900
-0.023000	2.800060
-0.022900	12.545100
-0.022800	-3.534190
-0.022700	-19.126200
-0.022600	1.825560
-0.022500	20.341101
-0.022400	1.825560
-0.022300	-15.228200
-0.022200	-1.585190
-0.022100	1.825560
-0.022000	-5.970440
-0.021900	-14.740900
-0.021800	13.032300
-0.021700	16.930300
-0.021600	-11.330200
-0.021500	5.723560
-0.021400	5.236310
-0.021300	9.621560
-0.021200	4.749060
-0.021100	-15.715400
-0.021000	5.236310
-0.020900	1.338310
-0.020800	2.800060
-0.020700	15.955800
-0.020600	-3.534190
-0.020500	-3.046940
-0.020400	11.570600
-0.020300	-1.585190
-0.020200	-17.664400
-0.020100	11.570600
-0.020000	13.032300
-0.019900	-0.123437
-0.019800	0.851063
-0.019700	-2.559690
-0.019600	2.312810
-0.019500	-4.995940
-0.019400	-7.919440
-0.019300	12.545100
-0.019200	1.825560
-0.019100	-20.587900
-0.019000	5.723560
-0.018900	0.851063
-0.018800	2.800060
-0.018700	14.494100
-0.018600	-0.123437
-0.018500	-8.893940
-0.018400	-7.432190
-0.018300	8.647060
-0.018200	8.647060
-0.018100	-0.123437
-0.018000	2.800060
-0.017900	-0.123437
-0.017800	-5.483190
-0.017700	-3.046940
-0.017600	-3.046940
-0.017500	-4.995940
-0.017400	-0.123437
-0.017300	-2.559690
-0.017200	8.647060
-0.017100	14.494100
-0.017000	1.338310
-0.016900	-6.944940
-0.016800	-4.021440
-0.016700	3.287310
-0.016600	-0.123437
-0.016500	-16.689899
-0.016400	-2.072440
-0.016300	26.188101
-0.016200	10.596100
-0.016100	-14.253700
-0.016000	-20.100700
-0.015900	3.287310
-0.015800	12.545100
-0.015700	-8.893940
-0.015600	-7.919440
-0.015500	12.545100
-0.015400	3.774560
-0.015300	6.698060
-0.015200	5.236310
-0.015100	-5.970440
-0.015000	1.825560
-0.014900	5.236310
-0.014800	-5.483190
-0.014700	-22.536900
-0.014600	-5.483190
-0.014500	21.315599
-0.014400	-1.097940
-0.014300	7.185310
-0.014200	14.494100
-0.014100	-3.046940
-0.014000	-5.970440
-0.013900	-7.919440
-0.013800	-14.740900
-0.013700	-4.021440
-0.013600	8.647060
-0.013500	17.417601
-0.013400	10.596100
-0.013300	-4.021440
-0.013200	-9.381190
-0.013100	15.955800
-0.013000	17.904800
-0.012900	1.338310
-0.012800	-9.868440
-0.012700	-7.919440
-0.012600	21.802799
-0.012500	14.494100
-0.012400	-15.715400
-0.012300	6.698060
-0.012200	16.930300
-0.012100	-3.046940
-0.012000	-1.097940
-0.011900	14.494100
-0.011800	5.236310
-0.011700	0.851063
-0.011600	0.851063
-0.011500	3.774560
-0.011400	-1.097940
-0.011300	-14.740900
-0.011200	13.032300
-0.011100	15.468600
-0.011000	-2.072440
-0.010900	-1.097940
-0.010800	-7.919440
-0.010700	-3.046940
-0.010600	13.032300
-0.010500	1.338310
-0.010400	1.825560
-0.010300	-3.534190
-0.010200	12.545100
-0.010100	13.032300
-0.010000	-3.534190
-0.009900	-4.021440
-0.009800	0.851063
-0.009700	5.723560
-0.009600	5.236310
-0.009500	-4.021440
-0.009400	-4.021440
-0.009300	-5.483190
-0.009200	-5.970440
-0.009100	8.647060
-0.009000	13.032300
-0.008900	-3.046940
-0.008800	-1.097940
-0.008700	9.134310
-0.008600	6.210810
-0.008500	-0.123437
-0.008400	0.851063
-0.008300	2.312810
-0.008200	-2.559690
-0.008100	-10.842900
-0.008000	12.545100
-0.007900	15.468600
-0.007800	-1.097940
-0.007700	-1.585190
-0.007600	3.774560
-0.007500	-1.097940
-0.007400	-0.123437
-0.007300	-1.585190
-0.007200	14.006800
-0.007100	6.210810
-0.007000	11.083300
-0.006900	16.930300
-0.006800	7.672560
-0.006700	-4.508690
-0.006600	-10.842900
-0.006500	13.519600
-0.006400	12.545100
-0.006300	-1.097940
-0.006200	-13.766400
-0.006100	-8.406690
-0.006000	6.698060
-0.005900	10.596100
-0.005800	13.032300
-0.005700	1.338310
-0.005600	-4.995940
-0.005500	18.879299
-0.005400	17.904800
-0.005300	-2.072440
-0.005200	-13.766400
-0.005100	15.468600
-0.005000	11.083300
-0.004900	-7.919440
-0.004800	-9.868440
-0.004700	-0.123437
-0.004600	17.417601
-0.004500	10.596100
-0.004400	-8.406690
-0.004300	13.519600
-0.004200	13.519600
-0.004100	-11.817400
-0.004000	13.519600
-0.003900	14.006800
-0.003800	-17.664400
-0.003700	1.825560
-0.003600	25.213600
-0.003500	8.647060
-0.003400	-1.585190
-0.003300	2.312810
-0.003200	4.749060
-0.003100	7.672560
-0.003000	5.723560
-0.002900	8.647060
-0.002800	0.363813
-0.002700	12.545100
-0.002600	14.494100
-0.002500	6.698060
-0.002400	3.774560
-0.002300	4.749060
-0.002200	2.312810
-0.002100	-6.944940
-0.002000	-0.610687
-0.001900	22.290100
-0.001800	19.366600
-0.001700	-1.585190
-0.001600	-11.817400
-0.001500	11.083300
-0.001400	12.545100
-0.001300	-2.072440
-0.001200	-2.072440
-0.001100	-1.097940
-0.001000	4.749060
-0.000900	2.800060
-0.000800	1.825560
-0.000700	3.287310
-0.000600	-9.868440
-0.000500	3.774560
-0.000400	17.417601
-0.000300	-3.046940
-0.000200	11.570600
-0.000100	13.519600
0.000000	-7.919440
0.000100	9.134310
0.000200	9.621560
0.000300	-12.791900
0.000400	6.698060
0.000500	17.417601
0.000600	6.698060
0.000700	5.236310
0.000800	6.698060
0.000900	3.774560
0.001000	-1.097940
0.001100	-10.842900
0.001200	12.545100
0.001300	15.468600
0.001400	-3.046940
0.001500	-8.893940
0.001600	8.647060
0.001700	4.749060
0.001800	-19.613400
0.001900	-8.893940
0.002000	20.828300
0.002100	5.236310
0.002200	11.570600
0.002300	17.417601
0.002400	1.825560
0.002500	-4.021440
0.002600	-9.868440
0.002700	-1.097940
0.002800	14.006800
0.002900	-10.355700
0.003000	-5.483190
0.003100	22.290100
0.003200	8.647060
0.003300	-16.689899
0.003400	-10.842900
0.003500	14.494100
0.003600	6.698060
0.003700	-15.715400
0.003800	-11.817400
0.003900	11.570600
0.004000	3.287310
0.004100	-5.970440
0.004200	16.443100
0.004300	2.312810
0.004400	11.570600
0.004500	17.904800
0.004600	12.545100
0.004700	3.774560
0.004800	-1.097940
0.004900	7.672560
0.005000	9.621560
0.005100	-0.123437
0.005200	-21.075199
0.005300	-13.766400
0.005400	14.006800
0.005500	6.210810
0.005600	-12.791900
0.005700	2.800060
0.005800	13.032300
0.005900	4.749060
0.006000	-3.046940
0.006100	-0.123437
0.006200	0.851063
0.006300	-1.097940
0.006400	-3.046940
0.006500	-9.868440
0.006600	15.955800
0.006700	14.006800
0.006800	-7.919440
0.006900	-2.072440
0.007000	13.032300
0.007100	-8.893940
0.007200	-10.842900
0.007300	11.083300
0.007400	14.494100
0.007500	5.723560
0.007600	-5.970440
0.007700	-5.483190
0.007800	-0.610687
0.007900	-12.304700
0.008000	-2.072440
0.008100	7.672560
0.008200	3.774560
0.008300	2.800060
0.008400	-15.715400
0.008500	0.851063
0.008600	0.363813
0.008700	-17.664400
0.008800	-1.097940
0.008900	6.698060
0.009000	-13.766400
0.009100	-10.355700
0.009200	1.825560
0.009300	-7.432190
0.009400	-27.409401
0.009500	4.261810
0.009600	4.749060
0.009700	-18.638901
0.009800	-8.893940
0.009900	1.825560
0.010000	-4.021440
0.010100	1.338310
0.010200	-6.457690
0.010300	-5.970440
0.010400	1.338310
0.010500	-19.613400
0.010600	-19.613400
0.010700	4.749060
0.010800	-16.689899
0.010900	-27.896700
0.011000	6.698060
0.011100	7.185310
0.011200	-14.253700
0.011300	-23.511400
0.011400	-33.256401
0.011500	-23.511400
0.011600	-18.638901
0.011700	-16.689899
0.011800	-16.689899
0.011900	-16.202700
0.012000	-11.330200
0.012100	-28.383900
0.012200	-23.998699
0.012300	-27.409401
0.012400	-18.151699
0.012500	-11.817400
0.012600	-17.664400
0.012700	-19.613400
0.012800	-21.075199
0.012900	-6.944940
0.013000	11.570600
0.013100	7.672560
0.013200	-6.944940
0.013300	-0.123437
0.013400	14.494100
0.013500	13.519600
0.013600	0.851063
0.013700	-11.330200
0.013800	1.825560
0.013900	13.032300
0.014000	38.369301
0.014100	65.168098
0.014200	91.479599
0.014300	117.791000
0.014400	128.511002
0.014500	123.638000
0.014600	112.918999
0.014700	82.709099
0.014800	52.986801
0.014900	34.958599
0.015000	39.343800
0.015100	39.831100
0.015200	38.856602
0.015300	57.372101
0.015400	56.884800
0.015500	54.448601
0.015600	53.474098
0.015700	43.729099
0.015800	29.111601
0.015900	11.083300
0.016000	-18.151699
0.016100	-45.924900
0.016200	-72.236397
0.016300	-67.851196
0.016400	-62.491402
0.016500	-77.108902
0.016600	-81.981400
0.016700	-38.128899
0.016800	-19.126200
0.016900	-36.179901
0.017000	-18.638901
0.017100	-15.715400
0.017200	-35.205399
0.017300	-53.233700
0.017400	-27.409401
0.017500	-11.330200
0.017600	-30.820200
0.017700	-8.893940
0.017800	-9.381190
0.017900	-31.794701
0.018000	-31.794701
0.018100	-22.536900
0.018200	-26.434900
0.018300	-23.511400
0.018400	-31.307400
0.018500	-42.026901
0.018600	-44.950401
0.018700	-77.108902
0.018800	-110.241997
0.018900	-106.831001
0.019000	-80.519699
0.019100	-57.131699
0.019200	-29.358400
0.019300	6.698060
0.019400	30.086100
0.019500	28.624300
0.019600	33.984100
0.019700	14.981300
0.019800	-15.228200
0.019900	-22.536900
0.020000	-2.072440
0.020100	31.060600
0.020200	38.856602
0.020300	16.443100
0.020400	3.287310
0.020500	11.083300
0.020600	16.443100
0.020700	7.672560
0.020800	16.443100
0.020900	7.672560
0.021000	-73.698196
0.021100	-71.261902
0.021200	-40.077900
0.021300	-60.542400
0.021400	-99.522400
0.021500	-55.669899
0.021600	11.570600
0.021700	30.086100
0.021800	5.723560
0.021900	-23.024200
0.022000	-30.332899
0.022100	-67.363899
0.022200	-81.981400
0.022300	-70.287399
0.022400	-71.749199
0.022500	-84.904900
0.022600	-86.853897
0.022700	-80.519699
0.022800	-99.035202
0.022900	-120.960999
0.023000	-104.394997
0.023100	-100.984001
0.023200	-119.012001
0.023300	-124.859001
0.023400	-124.859001
0.023500	-128.757004
0.023600	-106.344002
0.023700	-60.542400
0.023800	-60.542400
0.023900	-46.899399
0.024000	-4.508690
0.024100	7.185310
0.024200	0.851063
0.024300	-9.868440
0.024400	-9.868440
0.024500	21.802799
0.024600	-9.381190
0.024700	-125.347000
0.024800	-96.111702
0.024900	-36.667198
0.025000	-44.950401
0.025100	-45.924900
0.025200	-29.358400
0.025300	-31.794701
0.025400	-31.307400
0.025500	-27.409401
0.025600	-40.077900
0.025700	-59.567902
0.025800	-53.233700
0.025900	-43.001400
0.026000	-6.457690
0.026100	11.083300
0.026200	15.468600
0.026300	14.494100
0.026400	32.522301
0.026500	23.264601
0.026600	-10.842900
0.026700	-4.995940
0.026800	3.774560
0.026900	-15.715400
0.027000	11.570600
0.027100	32.035099
0.027200	14.006800
0.027300	17.417601
0.027400	31.060600
0.027500	75.400299
0.027600	72.476799
0.027700	44.703602
0.027800	65.655296
0.027900	53.961300
0.028000	65.168098
0.028100	56.397598
0.028200	8.647060
0.028300	7.672560
0.028400	154.822006
0.028500	318.050995
0.028600	200.623993
0.028700	115.842003
0.028800	127.536003
0.028900	117.791000
0.029000	90.505096
0.029100	78.811096
0.029200	105.123001
0.029300	116.817001
0.029400	103.174004
0.029500	100.250000
0.029600	99.275597
0.029700	80.760101
0.029800	65.168098
0.029900	71.989601
0.030000	50.550598
0.030100	47.139801
0.030200	65.168098
0.030300	35.445801
0.030400	25.213600
0.030500	22.290100
0.030600	28.137100
0.030700	59.321098
0.030800	77.836601
0.030900	65.168098
0.031000	41.780102
0.031100	47.139801
0.031200	32.035099
0.031300	-14.740900
0.031400	-12.304700
0.031500	2.312810
0.031600	-15.228200
0.031700	-31.307400
0.031800	-29.358400
0.031900	-34.718201
0.032000	-39.103401
0.032100	-16.689899
0.032200	-11.817400
0.032300	-16.689899
0.032400	-6.944940
0.032500	-14.253700
0.032600	-13.766400
0.032700	0.363813
0.032800	18.392099
0.032900	36.907600
0.033000	26.188101
0.033100	25.700800
0.033200	25.213600
0.033300	31.060600
0.033400	32.035099
0.033500	28.137100
0.033600	29.111601
0.033700	24.726299
0.033800	42.267300
0.033900	65.168098
0.034000	65.168098
0.034100	41.780102
0.034200	15.468600
0.034300	2.800060
0.034400	-7.919440
0.034500	-14.253700
0.034600	-9.381190
0.034700	-3.046940
0.034800	15.468600
0.034900	20.341101
0.035000	10.108800
0.035100	15.468600
0.035200	20.341101
0.035300	13.032300
0.035400	5.723560
0.035500	43.729099
0.035600	57.372101
0.035700	38.369301
0.035800	43.729099
0.035900	39.831100
0.036000	28.624300
0.036100	48.114300
0.036200	52.499599
0.036300	54.448601
0.036400	73.938599
0.036500	77.836601
0.036600	65.655296
0.036700	72.964104
0.036800	77.836601
0.036900	65.655296
0.037000	54.448601
0.037100	66.142601
0.037200	71.015099
0.037300	91.479599
0.037400	84.658096
0.037500	71.015099
0.037600	71.015099
0.037700	57.372101
0.037800	44.703602
0.037900	33.009602
0.038000	35.445801
0.038100	23.751801
0.038200	25.700800
0.038300	33.984100
0.038400	24.239100
0.038500	13.519600
0.038600	3.774560
0.038700	-4.508690
0.038800	-7.919440
0.038900	-10.842900
0.039000	-21.562401
0.039100	-16.689899
0.039200	2.800060
0.039300	10.596100
0.039400	15.955800
0.039500	28.137100
0.039600	46.652599
0.039700	43.729099
0.039800	57.859299
0.039900	65.168098
0.040000	47.627102
0.040100	45.678101
0.040200	51.525101
0.040300	52.499599
0.040400	38.856602
0.040500	39.831100
0.040600	45.678101
0.040700	40.805599
0.040800	50.063301
0.040900	44.703602
0.041000	65.168098
0.041100	74.425797
0.041200	65.168098
0.041300	53.474098
0.041400	35.445801
0.041500	56.884800
0.041600	70.040604
0.041700	58.346600
0.041800	45.190800
0.041900	36.907600
0.042000	44.703602
0.042100	33.496799
0.042200	34.958599
0.042300	29.598801
0.042400	29.598801
0.042500	28.137100
0.042600	33.984100
0.042700	50.063301
0.042800	50.063301
0.042900	49.088799
0.043000	45.678101
0.043100	35.933102
0.043200	56.397598
0.043300	45.678101
0.043400	24.239100
0.043500	30.086100
0.043600	40.805599
0.043700	46.652599
0.043800	33.984100
0.043900	15.468600
0.044000	0.851063
0.044100	18.392099
0.044200	7.185310
0.044300	3.774560
0.044400	30.086100
0.044500	24.239100
0.044600	13.519600
0.044700	10.596100
0.044800	33.984100
0.044900	36.907600
0.045000	22.777300
0.045100	39.831100
0.045200	55.423100
0.045300	35.933102
0.045400	22.290100
0.045500	47.139801
0.045600	46.652599
0.045700	14.494100
0.045800	29.111601
0.045900	15.468600
0.046000	-17.664400
0.046100	6.698060
0.046200	21.315599
0.046300	-1.097940
0.046400	-26.434900
0.046500	-14.740900
0.046600	20.341101
0.046700	8.159810
0.046800	5.723560
0.046900	-11.330200
0.047000	-19.613400
0.047100	-8.406690
0.047200	-16.689899
0.047300	3.774560
0.047400	-12.304700
0.047500	-35.205399
0.047600	-6.944940
0.047700	6.698060
0.047800	1.825560
0.047900	-11.817400
0.048000	-12.791900
0.048100	1.825560
0.048200	8.647060
0.048300	8.647060
0.048400	30.086100
0.048500	108.045998
0.048600	-0.123437
0.048700	-226.695007
0.048800	-135.578995
0.048900	-24.485901
0.049000	-26.434900
0.049100	-58.593399
0.049200	-46.899399
0.049300	1.825560
0.049400	35.445801
0.049500	25.213600
0.049600	9.621560
0.049700	0.851063
0.049800	23.264601
0.049900	65.168098
0.050000	49.088799
0.050100	20.341101
0.050200	17.417601
0.050300	22.290100
0.050400	12.057800
0.050500	22.290100
0.050600	7.672560
0.050700	13.519600
0.050800	10.596100
0.050900	-8.406690
0.051000	-23.024200
0.051100	0.363813
0.051200	4.749060
0.051300	-16.689899
0.051400	-24.485901
0.051500	-25.460400
0.051600	-23.024200
0.051700	-23.024200
0.051800	1.825560
0.051900	0.363813
0.052000	-9.868440
0.052100	-29.358400
0.052200	-13.279200
0.052300	-10.842900
0.052400	-8.893940
0.052500	-6.944940
0.052600	-15.715400
0.052700	-21.562401
0.052800	-4.021440
0.052900	14.006800
0.053000	4.749060
0.053100	-8.893940
0.053200	-16.689899
0.053300	-32.769199
0.053400	-11.817400
0.053500	-4.995940
0.053600	-16.689899
0.053700	-26.922199
0.053800	-44.950401
0.053900	-38.128899
0.054000	-3.046940
0.054100	-2.072440
0.054200	-10.842900
0.054300	-9.868440
0.054400	-7.919440
0.054500	-5.483190
0.054600	-0.610687
0.054700	-4.995940
0.054800	319.513000
0.054900	697.619019
0.055000	-174.559006
0.055100	-515.633972
0.055200	-100.497002
0.055300	-32.281898
0.055400	-112.191002
0.055500	-82.955902
0.055600	-41.052399
0.055700	-38.128899
0.055800	-49.335701
0.055900	-59.080700
0.056000	-42.026901
0.056100	-27.896700
0.056200	-48.848400
0.056300	-43.001400
0.056400	-22.536900
0.056500	-44.950401
0.056600	-61.516899
0.056700	-50.797401
0.056800	-47.873901
0.056900	-57.618900
0.057000	-61.029701
0.057100	-32.281898
0.057200	-35.692699
0.057300	-32.769199
0.057400	-24.973200
0.057500	-40.077900
0.057600	-32.281898
0.057700	-4.021440
0.057800	-16.202700
0.057900	-7.432190
0.058000	-3.046940
0.058100	-15.228200
0.058200	-7.919440
0.058300	-9.868440
0.058400	-15.715400
0.058500	-16.202700
0.058600	-18.151699
0.058700	-12.791900
0.058800	-15.715400
0.058900	15.468600
0.059000	49.088799
0.059100	5.236310
0.059200	-44.950401
0.059300	-54.208199
0.059400	-58.593399
0.059500	-47.873901
0.059600	-51.771900
0.059700	-48.848400
0.059800	-57.618900
0.059900	-68.825699
0.060000	-40.077900
0.060100	-38.128899
0.060200	-54.208199
0.060300	-45.437698
0.060400	-24.485901
0.060500	-29.358400
0.060600	-33.256401
0.060700	-30.332899
0.060800	-37.154400
0.060900	-44.950401
0.061000	-39.103401
0.061100	-37.641701
0.061200	-19.613400
0.061300	-13.766400
0.061400	-13.766400
0.061500	-27.409401
0.061600	-38.128899
0.061700	-23.998699
0.061800	-58.593399
0.061900	-116.575996
0.062000	-53.720901
0.062100	8.159810
0.062200	6.698060
0.062300	-2.072440
0.062400	-9.868440
0.062500	-3.046940
0.062600	-2.559690
0.062700	-14.740900
0.062800	-8.893940
0.062900	4.749060
0.063000	14.981300
0.063100	14.494100
0.063200	1.338310
0.063300	3.774560
0.063400	21.315599
0.063500	6.698060
0.063600	5.723560
0.063700	4.749060
0.063800	11.570600
0.063900	8.647060
0.064000	-6.944940
0.064100	-12.304700
0.064200	0.363813
0.064300	-2.072440
0.064400	-30.332899
0.064500	-33.256401
0.064600	-1.097940
0.064700	-6.944940
0.064800	-25.947701
0.064900	-19.613400
0.065000	-7.432190
0.065100	-9.868440
0.065200	-16.689899
0.065300	0.363813
0.065400	-4.021440
0.065500	-25.947701
0.065600	-13.766400
0.065700	13.519600
0.065800	-4.021440
0.065900	-2.559690
0.066000	7.672560
0.066100	-8.893940
0.066200	-21.562401
0.066300	-23.024200
0.066400	-29.358400
0.066500	-25.460400
0.066600	-12.791900
0.066700	-17.664400
0.066800	-25.460400
0.066900	-38.128899
0.067000	-27.896700
0.067100	-0.610687
0.067200	-6.457690
0.067300	9.134310
0.067400	13.519600
0.067500	-18.151699
0.067600	-10.355700
0.067700	-7.919440
0.067800	-21.562401
0.067900	-28.383900
0.068000	-38.128899
0.068100	-7.432190
0.068200	2.312810
0.068300	-13.766400
0.068400	2.800060
0.068500	3.774560
0.068600	-0.123437
0.068700	-1.097940
0.068800	-5.970440
0.068900	-9.868440
0.069000	7.672560
0.069100	18.392099
0.069200	5.723560
0.069300	-4.021440
0.069400	-9.868440
0.069500	16.443100
0.069600	14.494100
0.069700	-6.457690
0.069800	-5.483190
0.069900	-11.817400
0.070000	-8.893940
0.070100	12.545100
0.070200	18.879299
0.070300	-3.046940
0.070400	-26.434900
0.070500	-5.970440
0.070600	25.213600
0.070700	4.261810
0.070800	7.672560
0.070900	7.672560
0.071000	-12.791900
0.071100	-5.483190
0.071200	9.621560
0.071300	-6.944940
0.071400	0.851063
0.071500	-4.021440
0.071600	-5.483190
0.071700	-15.715400
0.071800	-11.817400
0.071900	-11.817400
0.072000	-25.947701
0.072100	-3.046940
0.072200	1.825560
0.072300	-11.817400
0.072400	-16.689899
0.072500	-3.534190
0.072600	26.188101
0.072700	17.417601
0.072800	0.851063
0.072900	21.315599
0.073000	16.443100
0.073100	11.083300
0.073200	-20.587900
0.073300	-60.542400
0.073400	2.312810
0.073500	45.678101
0.073600	12.545100
0.073700	-2.072440
0.073800	9.621560
0.073900	1.338310
0.074000	-15.715400
0.074100	-3.046940
0.074200	-14.740900
0.074300	-6.457690
0.074400	19.366600
0.074500	3.774560
0.074600	5.723560
0.074700	12.057800
0.074800	0.851063
0.074900	-7.432190
0.075000	7.672560
0.075100	-4.995940
0.075200	-28.871201
0.075300	-8.893940
0.075400	4.749060
0.075500	-12.791900
0.075600	-6.944940
0.075700	-7.432190
0.075800	3.774560
0.075900	-7.919440
0.076000	-18.638901
0.076100	6.210810
0.076200	5.723560
0.076300	2.800060
0.076400	0.851063
0.076500	4.261810
0.076600	1.825560
0.076700	-10.842900
0.076800	-4.995940
0.076900	-5.970440
0.077000	-0.123437
0.077100	-0.610687
0.077200	-13.766400
0.077300	12.545100
0.077400	12.057800
0.077500	-10.842900
0.077600	16.443100
0.077700	21.315599
0.077800	7.185310
0.077900	5.236310
0.078000	-1.097940
0.078100	-15.715400
0.078200	-3.046940
0.078300	14.494100
0.078400	2.800060
0.078500	-6.944940
0.078600	1.825560
0.078700	1.825560
0.078800	-7.919440
0.078900	-7.432190
0.079000	-7.919440
0.079100	-23.511400
0.079200	-8.406690
0.079300	22.777300
0.079400	8.159810
0.079500	-2.559690
0.079600	14.494100
0.079700	27.162600
0.079800	11.083300
0.079900	-2.072440
0.080000	-2.559690
0.080100	-1.097940
0.080200	8.647060
0.080300	8.647060
0.080400	2.800060
0.080500	0.851063
0.080600	9.621560
0.080700	14.981300
0.080800	15.468600
0.080900	14.006800
0.081000	6.698060
0.081100	-4.021440
0.081200	14.494100
0.081300	14.981300
0.081400	5.723560
0.081500	17.417601
0.081600	8.159810
0.081700	-17.177200
0.081800	3.774560
0.081900	4.749060
0.082000	-37.154400
0.082100	-30.332899
0.082200	-4.995940
0.082300	-10.842900
0.082400	-26.434900
0.082500	-10.355700
0.082600	-22.536900
0.082700	-14.740900
0.082800	-15.715400
0.082900	-9.868440
0.083000	-6.944940
0.083100	-10.842900
0.083200	12.545100
0.083300	19.366600
0.083400	3.287310
0.083500	11.570600
0.083600	10.108800
0.083700	21.315599
0.083800	6.698060
0.083900	4.749060
0.084000	15.468600
0.084100	23.751801
0.084200	7.672560
0.084300	-2.072440
0.084400	-3.046940
0.084500	-14.740900
0.084600	-5.970440
0.084700	-4.021440
0.084800	-10.842900
0.084900	-14.740900
0.085000	0.363813
0.085100	-2.072440
0.085200	-16.689899
0.085300	-16.689899
0.085400	-11.330200
0.085500	0.851063
0.085600	-1.097940
0.085700	1.825560
0.085800	13.519600
0.085900	20.341101
0.086000	9.621560
0.086100	-7.919440
0.086200	-2.072440
0.086300	-5.483190
0.086400	-6.944940
0.086500	14.981300
0.086600	12.545100
0.086700	-9.381190
0.086800	-15.715400
0.086900	-24.485901
0.087000	-13.766400
0.087100	10.596100
0.087200	4.261810
0.087300	-15.228200
0.087400	1.825560
0.087500	9.134310
0.087600	-4.021440
0.087700	-2.559690
0.087800	6.698060
0.087900	0.851063
0.088000	-0.123437
0.088100	-2.072440
0.088200	-2.559690
0.088300	-2.559690
0.088400	-12.791900
0.088500	-14.740900
0.088600	4.749060
0.088700	-0.123437
0.088800	-10.842900
0.088900	-18.638901
0.089000	-11.817400
0.089100	5.723560
0.089200	-9.868440
0.089300	-17.664400
0.089400	15.468600
0.089500	15.468600
0.089600	-9.381190
0.089700	-9.868440
0.089800	3.774560
0.089900	-5.970440
0.090000	-23.511400
0.090100	-0.610687
0.090200	2.800060
0.090300	-17.664400
0.090400	-5.970440
0.090500	-5.970440
0.090600	-18.638901
0.090700	-17.177200
0.090800	-8.893940
0.090900	-9.868440
0.091000	-12.791900
0.091100	-22.049700
0.091200	-8.893940
0.091300	17.417601
0.091400	15.955800
0.091500	-4.995940
0.091600	4.749060
0.091700	2.800060
0.091800	-16.689899
0.091900	4.261810
0.092000	-0.610687
0.092100	-4.021440
0.092200	-8.406690
0.092300	-16.689899
0.092400	-24.973200
0.092500	-25.460400
0.092600	-4.021440
0.092700	-8.893940
0.092800	-24.485901
0.092900	-22.536900
0.093000	3.287310
0.093100	-2.559690
0.093200	-20.100700
0.093300	-1.097940
0.093400	5.723560
0.093500	-6.457690
0.093600	8.647060
0.093700	17.417601
0.093800	-6.457690
0.093900	-5.483190
0.094000	18.392099
0.094100	22.290100
0.094200	3.774560
0.094300	-6.944940
0.094400	-10.842900
0.094500	-24.485901
0.094600	-16.689899
0.094700	0.851063
0.094800	-13.766400
0.094900	-10.842900
0.095000	-6.944940
0.095100	-18.638901
0.095200	-21.562401
0.095300	-24.485901
0.095400	-0.123437
0.095500	-1.097940
0.095600	-14.253700
0.095700	1.338310
0.095800	4.261810
0.095900	-16.689899
0.096000	-4.021440
0.096100	1.825560
0.096200	-15.715400
0.096300	-23.511400
0.096400	-1.585190
0.096500	6.210810
0.096600	9.621560
0.096700	-6.944940
0.096800	-13.766400
0.096900	-0.610687
0.097000	-14.740900
0.097100	-5.483190
0.097200	3.774560
0.097300	-8.893940
0.097400	-19.613400
0.097500	-12.304700
0.097600	-5.970440
0.097700	-0.610687
0.097800	14.006800
0.097900	-5.970440
0.098000	-20.587900
0.098100	-4.995940
0.098200	-3.534190
0.098300	-14.740900
0.098400	-21.562401
0.098500	-16.202700
0.098600	1.825560
0.098700	-9.868440
0.098800	-6.457690
0.098900	16.930300
0.099000	1.825560
0.099100	-19.613400
0.099200	-1.097940
0.099300	-1.585190
0.099400	-22.536900
0.099500	1.825560
0.099600	7.672560
0.099700	-11.817400
0.099800	-10.355700
0.099900	-8.406690
0.100000	-16.689899
0.100100	-8.406690
0.100200	-2.559690
0.100300	-15.228200
0.100400	-8.406690
0.100500	7.672560
0.100600	5.723560
0.100700	5.236310
0.100800	-0.123437
0.100900	-2.072440
0.101000	2.800060
0.101100	1.825560
0.101200	-6.457690
0.101300	8.159810
0.101400	9.621560
0.101500	1.825560
0.101600	-5.970440
0.101700	-8.893940
0.101800	18.392099
0.101900	16.443100
0.102000	-6.457690
0.102100	-9.381190
0.102200	-5.970440
0.102300	-16.689899
0.102400	-2.072440
0.102500	-0.610687
0.102600	-14.740900
0.102700	-23.511400
0.102800	-5.970440
0.102900	22.777300
0.103000	8.159810
0.103100	-25.460400
0.103200	-13.766400
0.103300	-1.097940
0.103400	-4.021440
0.103500	-6.944940
0.103600	2.800060
0.103700	14.006800
0.103800	4.749060
0.103900	0.363813
0.104000	-3.046940
0.104100	-2.559690
0.104200	-0.123437
0.104300	-1.097940
0.104400	-4.021440
0.104500	-8.406690
0.104600	-23.024200
0.104700	-16.689899
0.104800	-2.559690
0.104900	-3.046940
0.105000	-1.097940
0.105100	6.698060
0.105200	3.774560
0.105300	-8.893940
0.105400	-16.689899
0.105500	-15.715400
0.105600	2.312810
0.105700	-4.995940
0.105800	-5.483190
0.105900	4.749060
0.106000	3.287310
0.106100	0.363813
0.106200	-2.072440
0.106300	-10.842900
0.106400	-8.893940
0.106500	7.672560
0.106600	8.647060
0.106700	-1.097940
0.106800	-0.123437
0.106900	-2.559690
0.107000	-3.534190
0.107100	-4.508690
0.107200	-5.483190
0.107300	-5.970440
0.107400	-5.970440
0.107500	-7.919440
0.107600	-9.868440
0.107700	-10.842900
0.107800	-18.151699
0.107900	-0.610687
0.108000	3.287310
0.108100	-4.021440
0.108200	6.210810
0.108300	7.672560
0.108400	0.851063
0.108500	1.825560
0.108600	5.723560
0.108700	-7.919440
0.108800	-3.046940
0.108900	28.137100
0.109000	19.366600
0.109100	-0.123437
0.109200	-1.097940
0.109300	-9.868440
0.109400	-3.046940
0.109500	21.315599
0.109600	7.185310
0.109700	-10.842900
0.109800	-2.072440
0.109900	-0.610687
0.110000	0.851063
0.110100	1.338310
0.110200	-8.893940
0.110300	-16.689899
0.110400	-4.021440
0.110500	-5.970440
0.110600	-1.097940
0.110700	6.698060
0.110800	1.338310
0.110900	1.825560
0.111000	-2.072440
0.111100	-10.355700
0.111200	6.210810
0.111300	-1.097940
0.111400	3.774560
0.111500	-3.046940
0.111600	1.825560
0.111700	22.777300
0.111800	7.672560
0.111900	-11.817400
0.112000	-13.766400
0.112100	6.698060
0.112200	4.749060
0.112300	-9.381190
0.112400	-25.460400
0.112500	-10.842900
0.112600	15.468600
0.112700	4.749060
0.112800	-12.304700
0.112900	-15.228200
0.113000	4.261810
0.113100	-2.072440
0.113200	11.570600
0.113300	6.698060
0.113400	1.338310
0.113500	3.774560
0.113600	-8.893940
0.113700	-7.919440
0.113800	16.443100
0.113900	-0.123437
0.114000	3.774560
0.114100	0.851063
0.114200	0.851063
0.114300	-2.072440
0.114400	-0.123437
0.114500	-1.097940
0.114600	-15.715400
0.114700	-5.970440
0.114800	-3.046940
0.114900	-14.253700
0.115000	-17.664400
0.115100	-22.049700
0.115200	-14.253700
0.115300	-19.613400
0.115400	-17.664400
0.115500	1.825560
0.115600	-0.123437
0.115700	-1.097940
0.115800	2.312810
0.115900	-8.893940
0.116000	-20.587900
0.116100	-4.021440
0.116200	-8.893940
0.116300	-5.970440
0.116400	9.134310
0.116500	-6.944940
0.116600	-8.893940
0.116700	-1.097940
0.116800	-2.072440
0.116900	-16.689899
0.117000	-2.559690
0.117100	-5.970440
0.117200	-26.434900
0.117300	-0.123437
0.117400	-0.123437
0.117500	-24.485901
0.117600	-17.664400
0.117700	4.749060
0.117800	-10.355700
0.117900	-25.460400
0.118000	-16.689899
0.118100	-1.097940
0.118200	-7.919440
0.118300	-16.202700
0.118400	10.596100
0.118500	12.545100
0.118600	-1.097940
0.118700	3.287310
0.118800	-0.123437
0.118900	-7.919440
0.119000	6.698060
0.119100	1.825560
0.119200	-1.097940
0.119300	-2.072440
0.119400	-6.944940
0.119500	-8.406690
0.119600	-9.381190
0.119700	-17.177200
0.119800	-7.919440
0.119900	-9.381190
0.120000	-18.151699
0.120100	1.825560
0.120200	-4.995940
0.120300	-5.970440
0.120400	-2.072440
0.120500	-8.893940
0.120600	-16.689899
0.120700	6.210810
0.120800	4.749060
0.120900	-9.868440
0.121000	-6.944940
0.121100	-5.970440
0.121200	-1.585190
0.121300	-2.072440
0.121400	-6.944940
0.121500	-10.842900
0.121600	-4.995940
0.121700	-13.766400
0.121800	-11.817400
0.121900	9.134310
0.122000	6.698060
0.122100	-11.330200
0.122200	-16.689899
0.122300	-2.072440
0.122400	-3.534190
0.122500	3.774560
0.122600	8.647060
0.122700	-3.534190
0.122800	-11.817400
0.122900	-7.919440
0.123000	-5.483190
0.123100	4.749060
0.123200	-0.610687
0.123300	5.723560
0.123400	9.621560
0.123500	-10.842900
0.123600	0.851063
0.123700	-3.046940
0.123800	-0.123437
0.123900	0.851063
0.124000	8.647060
0.124100	3.774560
0.124200	-14.740900
0.124300	3.774560
0.124400	5.723560
0.124500	-17.664400
0.124600	3.774560
0.124700	5.236310
0.124800	-26.434900
0.124900	-11.817400
0.125000	20.341101
0.125100	-6.457690
0.125200	-22.536900
0.125300	0.851063
0.125400	-21.562401
0.125500	-21.562401
0.125600	1.825560
0.125700	13.032300
0.125800	-3.046940
0.125900	-12.304700
0.126000	1.825560
0.126100	-2.559690
0.126200	-8.893940
0.126300	10.596100
0.126400	4.749060
0.126500	8.159810
0.126600	-7.432190
0.126700	-10.355700
0.126800	4.749060
0.126900	-6.944940
0.127000	3.774560
0.127100	-6.457690
0.127200	-8.893940
0.127300	8.159810
0.127400	5.723560
0.127500	-8.406690
0.127600	-12.304700
0.127700	-14.740900
0.127800	-8.893940
0.127900	-7.432190
0.128000	-5.970440
0.128100	-5.970440
0.128200	3.774560
0.128300	0.851063
0.128400	6.698060
0.128500	1.825560
0.128600	-10.842900
0.128700	-1.097940
0.128800	16.443100
0.128900	3.774560
0.129000	-5.970440
0.129100	-8.406690
0.129200	-3.534190
0.129300	3.774560
0.129400	-5.970440
0.129500	-18.638901
0.129600	4.749060
0.129700	9.134310
0.129800	-9.381190
0.129900	-6.457690
0.130000	-0.610687
0.130100	0.363813
0.130200	-3.046940
0.130300	-12.791900
0.130400	-15.715400
0.130500	-4.508690
0.130600	-1.585190
0.130700	-14.253700
0.130800	5.723560
0.130900	5.723560
0.131000	2.312810
0.131100	0.363813
0.131200	-9.381190
0.131300	-3.046940
0.131400	-4.021440
0.131500	-3.534190
0.131600	1.825560
0.131700	0.851063
0.131800	-4.995940
0.131900	1.825560
0.132000	3.774560
0.132100	-10.842900
0.132200	-6.457690
0.132300	-5.970440
0.132400	-21.075199
0.132500	-10.842900
0.132600	7.672560
0.132700	6.698060
0.132800	-23.511400
0.132900	-17.664400
0.133000	7.185310
0.133100	17.904800
0.133200	10.108800
0.133300	-3.534190
0.133400	-11.330200
0.133500	6.698060
0.133600	0.851063
0.133700	0.851063
0.133800	-1.097940
0.133900	-7.919440
0.134000	-5.970440
0.134100	-10.842900
0.134200	-7.919440
0.134300	6.698060
0.134400	-5.483190
0.134500	-23.024200
0.134600	-1.097940
0.134700	-5.970440
0.134800	-7.919440
0.134900	8.159810
0.135000	1.825560
0.135100	9.621560
0.135200	4.749060
0.135300	-16.689899
0.135400	0.363813
0.135500	9.621560
0.135600	-5.483190
0.135700	-13.766400
0.135800	1.825560
0.135900	3.774560
0.136000	-12.791900
0.136100	-8.893940
0.136200	-0.610687
0.136300	5.236310
0.136400	0.363813
0.136500	-5.970440
0.136600	-4.995940
0.136700	-4.021440
0.136800	-11.817400
0.136900	-4.021440
0.137000	1.825560
0.137100	-1.097940
0.137200	-2.072440
0.137300	-5.970440
0.137400	-9.868440
0.137500	-21.562401
0.137600	-9.868440
0.137700	13.519600
0.137800	3.287310
0.137900	-11.817400
0.138000	-6.944940
0.138100	-0.123437
0.138200	-10.842900
0.138300	-17.664400
0.138400	-2.072440
0.138500	-2.072440
0.138600	5.723560
0.138700	13.519600
0.138800	4.261810
0.138900	-1.097940
0.139000	0.851063
0.139100	-0.123437
0.139200	-5.970440
0.139300	-11.330200
0.139400	-14.740900
0.139500	5.723560
0.139600	-7.919440
0.139700	-1.585190
0.139800	9.134310
0.139900	9.134310
0.140000	1.825560
0.140100	-8.893940
0.140200	-7.919440
0.140300	11.083300
0.140400	7.672560
0.140500	-13.766400
0.140600	0.363813
0.140700	-8.406690
0.140800	-3.534190
0.140900	20.341101
0.141000	4.749060
0.141100	-0.123437
0.141200	1.825560
0.141300	-10.355700
0.141400	-0.123437
0.141500	11.570600
0.141600	-5.970440
0.141700	-10.842900
0.141800	3.774560
0.141900	-4.995940
0.142000	-2.559690
0.142100	16.443100
0.142200	7.672560
0.142300	-5.970440
0.142400	-9.381190
0.142500	-1.097940
0.142600	-1.097940
0.142700	-1.585190
0.142800	-5.970440
0.142900	-14.740900
0.143000	0.851063
0.143100	-3.046940
0.143200	-16.689899
0.143300	-1.097940
0.143400	13.519600
0.143500	-1.585190
0.143600	-3.534190
0.143700	-6.457690
0.143800	-27.409401
0.143900	-13.766400
0.144000	17.904800
0.144100	3.774560
0.144200	-18.638901
0.144300	3.774560
0.144400	3.774560
0.144500	-8.893940
0.144600	-8.893940
0.144700	-6.457690
0.144800	3.774560
0.144900	9.621560
0.145000	-1.097940
0.145100	-7.919440
0.145200	-0.123437
0.145300	-8.893940
0.145400	-8.893940
0.145500	11.083300
0.145600	-0.123437
0.145700	-22.049700
0.145800	4.261810
0.145900	10.596100
0.146000	-17.664400
0.146100	-16.202700
0.146200	3.287310
0.146300	9.621560
0.146400	-9.868440
0.146500	1.825560
0.146600	8.647060
0.146700	-5.970440
0.146800	-13.279200
0.146900	-14.253700
0.147000	-2.072440
0.147100	-1.097940
0.147200	-10.842900
0.147300	-5.970440
0.147400	-3.046940
0.147500	7.672560
0.147600	-4.021440
0.147700	-8.893940
0.147800	6.210810
0.147900	-9.868440
0.148000	-5.970440
0.148100	16.443100
0.148200	3.774560
0.148300	-13.766400
0.148400	-5.970440
0.148500	1.338310
0.148600	-7.919440
0.148700	-16.689899
0.148800	0.363813
0.148900	-6.944940
0.149000	5.723560
0.149100	2.312810
0.149200	-17.664400
0.149300	1.825560
0.149400	5.723560
0.149500	0.851063
0.149600	-1.097940
0.149700	-23.024200
0.149800	-12.791900
0.149900	11.570600
0.150000	-6.944940
0.150100	-7.919440
0.150200	11.083300
0.150300	-0.123437
0.150400	-12.791900
0.150500	-1.097940
0.150600	-5.970440
0.150700	-15.715400
0.150800	-9.868440
0.150900	2.800060
0.151000	3.774560
0.151100	1.338310
0.151200	-1.585190
0.151300	-10.842900
0.151400	-4.995940
0.151500	-2.559690
0.151600	-12.304700
0.151700	-19.613400
0.151800	7.672560
0.151900	6.698060
0.152000	-10.355700
0.152100	-14.740900
0.152200	-9.868440
0.152300	-7.919440
0.152400	-6.457690
0.152500	-3.046940
0.152600	-2.072440
0.152700	-7.919440
0.152800	-16.689899
0.152900	6.698060
0.153000	9.621560
0.153100	-9.868440
0.153200	-20.587900
0.153300	7.672560
0.153400	6.698060
0.153500	-23.511400
0.153600	-6.944940
0.153700	8.647060
0.153800	-13.766400
0.153900	-2.072440
0.154000	-3.046940
0.154100	1.338310
0.154200	4.749060
0.154300	-2.559690
0.154400	-8.406690
0.154500	-11.817400
0.154600	-9.868440
0.154700	-16.689899
0.154800	3.287310
0.154900	10.108800
0.155000	-6.457690
0.155100	-7.919440
0.155200	-6.457690
0.155300	-9.868440
0.155400	-4.508690
0.155500	-1.097940
0.155600	-14.740900
0.155700	0.851063
0.155800	5.723560
0.155900	-6.944940
0.156000	-17.664400
0.156100	7.672560
0.156200	7.672560
0.156300	-10.355700
0.156400	-10.842900
0.156500	-3.046940
0.156600	-8.893940
0.156700	1.825560
0.156800	1.825560
0.156900	-17.664400
0.157000	-2.559690
0.157100	6.698060
0.157200	-11.817400
0.157300	-13.279200
0.157400	6.698060
0.157500	11.570600
0.157600	-19.613400
0.157700	-21.562401
0.157800	9.621560
0.157900	8.159810
0.158000	-17.177200
0.158100	-6.944940
0.158200	-6.944940
0.158300	-4.508690
0.158400	-3.534190
0.158500	-8.893940
0.158600	-19.126200
0.158700	4.261810
0.158800	8.647060
0.158900	-13.279200
0.159000	-10.355700
0.159100	11.570600
0.159200	5.723560
0.159300	-8.893940
0.159400	0.851063
0.159500	4.261810
0.159600	-2.072440
0.159700	-4.021440
0.159800	-7.432190
0.159900	-13.279200
0.160000	-14.253700
0.160100	-9.381190
0.160200	5.723560
0.160300	-10.842900
0.160400	-1.097940
0.160500	0.851063
0.160600	-6.457690
0.160700	-15.228200
0.160800	-13.766400
0.160900	1.338310
0.161000	14.006800
0.161100	-11.817400
0.161200	1.338310
0.161300	9.134310
0.161400	-1.585190
0.161500	-8.893940
0.161600	6.698060
0.161700	-3.046940
0.161800	0.851063
0.161900	6.698060
0.162000	-4.995940
0.162100	-15.715400
0.162200	-4.021440
0.162300	-7.919440
0.162400	-8.893940
0.162500	-0.123437
0.162600	4.749060
0.162700	-6.944940
0.162800	1.338310
0.162900	0.851063
0.163000	-6.944940
0.163100	-4.508690
0.163200	-1.097940
0.163300	-8.893940
0.163400	-11.330200
0.163500	1.825560
0.163600	-3.046940
0.163700	-17.177200
0.163800	-7.432190
0.163900	9.621560
0.164000	-3.046940
0.164100	-7.919440
0.164200	-0.123437
0.164300	-3.046940
0.164400	-14.740900
0.164500	-24.485901
0.164600	-5.483190
0.164700	-13.279200
0.164800	-11.330200
0.164900	7.672560
0.165000	14.981300
0.165100	-3.046940
0.165200	-15.715400
0.165300	-11.330200
0.165400	8.159810
0.165500	3.774560
0.165600	-7.919440
0.165700	-5.970440
0.165800	-10.842900
0.165900	-18.638901
0.166000	-1.585190
0.166100	14.494100
0.166200	0.851063
0.166300	-16.689899
0.166400	-5.970440
0.166500	8.647060
0.166600	-13.279200
0.166700	-18.151699
0.166800	10.108800
0.166900	-5.483190
0.167000	-9.868440
0.167100	2.312810
0.167200	-14.740900
0.167300	-1.097940
0.167400	17.904800
0.167500	-1.097940
0.167600	-8.893940
0.167700	-4.021440
0.167800	-13.279200
0.167900	-19.613400
0.168000	-16.689899
0.168100	1.825560
0.168200	-2.072440
0.168300	-4.995940
0.168400	-2.559690
0.168500	-15.715400
0.168600	-1.097940
0.168700	6.210810
0.168800	-12.791900
0.168900	-23.998699
0.169000	0.851063
0.169100	7.672560
0.169200	-12.304700
0.169300	-1.097940
0.169400	-3.046940
0.169500	-11.817400
0.169600	-0.123437
0.169700	-5.970440
0.169800	-23.024200
0.169900	-10.842900
0.170000	0.363813
0.170100	7.672560
0.170200	-13.279200
0.170300	-14.740900
0.170400	-6.457690
0.170500	-4.508690
0.170600	7.672560
0.170700	-3.046940
0.170800	-26.434900
0.170900	-5.970440
0.171000	5.723560
0.171100	-6.944940
0.171200	-20.100700
0.171300	-8.893940
0.171400	6.698060
0.171500	-8.893940
0.171600	-8.406690
0.171700	-3.534190
0.171800	-19.613400
0.171900	-16.689899
0.172000	6.698060
0.172100	4.261810
0.172200	-5.970440
0.172300	0.851063
0.172400	1.825560
0.172500	-3.046940
0.172600	-4.021440
0.172700	-8.893940
0.172800	-17.177200
0.172900	6.698060
0.173000	3.774560
0.173100	-12.791900
0.173200	-21.562401
0.173300	-8.893940
0.173400	-4.995940
0.173500	2.312810
0.173600	8.647060
0.173700	-16.689899
0.173800	-16.689899
0.173900	1.825560
0.174000	1.825560
0.174100	-10.842900
0.174200	-2.559690
0.174300	9.621560
0.174400	-0.123437
0.174500	-6.457690
0.174600	-5.483190
0.174700	-2.072440
0.174800	-8.893940
0.174900	-9.868440
0.175000	-8.893940
0.175100	4.749060
0.175200	-0.123437
0.175300	-14.740900
0.175400	-4.021440
0.175500	-6.457690
0.175600	-2.072440
0.175700	6.698060
0.175800	-6.944940
0.175900	-18.638901
0.176000	-5.970440
0.176100	1.825560
0.176200	-8.406690
0.176300	-24.485901
0.176400	-16.689899
0.176500	0.851063
0.176600	-8.893940
0.176700	1.825560
0.176800	4.749060
0.176900	-16.689899
0.177000	-17.664400
0.177100	-6.944940
0.177200	8.647060
0.177300	-5.970440
0.177400	0.851063
0.177500	-10.842900
0.177600	-10.355700
0.177700	8.647060
0.177800	3.774560
0.177900	-7.919440
0.178000	-9.381190
0.178100	-16.689899
0.178200	-6.944940
0.178300	-0.123437
0.178400	-12.304700
0.178500	-3.046940
0.178600	-6.457690
0.178700	-10.842900
0.178800	-10.842900
0.178900	-4.021440
0.179000	-5.483190
0.179100	-15.228200
0.179200	-2.072440
0.179300	4.749060
0.179400	-2.072440
0.179500	-13.766400
0.179600	-14.740900
0.179700	9.621560
0.179800	1.825560
0.179900	-17.664400
0.180000	-6.457690
0.180100	0.363813
0.180200	-14.253700
0.180300	-11.330200
0.180400	6.698060
0.180500	4.749060
0.180600	-6.944940
0.180700	-15.715400
0.180800	-13.279200
0.180900	-4.021440
0.181000	1.338310
0.181100	-14.253700
0.181200	-3.046940
0.181300	13.032300
0.181400	2.312810
0.181500	-13.766400
0.181600	-14.253700
0.181700	5.236310
0.181800	-12.304700
0.181900	-18.638901
0.182000	2.312810
0.182100	9.621560
0.182200	-1.097940
0.182300	-16.689899
0.182400	-16.202700
0.182500	7.672560
0.182600	6.210810
0.182700	-8.893940
0.182800	-8.406690
0.182900	-4.021440
0.183000	-7.432190
0.183100	-4.021440
0.183200	-0.610687
0.183300	-0.610687
0.183400	-0.123437
0.183500	-2.559690
0.183600	-7.919440
0.183700	-19.613400
0.183800	-13.766400
0.183900	9.621560
0.184000	-2.072440
0.184100	-0.610687
0.184200	-2.072440
0.184300	-18.638901
0.184400	-0.123437
0.184500	5.723560
0.184600	-4.021440
0.184700	-8.406690
0.184800	-6.944940
0.184900	4.261810
0.185000	-4.021440
0.185100	-15.715400
0.185200	-11.817400
0.185300	-9.381190
0.185400	-12.791900
0.185500	5.723560
0.185600	2.800060
0.185700	-0.123437
0.185800	-6.944940
0.185900	-1.097940
0.186000	6.698060
0.186100	-5.970440
0.186200	-4.995940
0.186300	-9.381190
0.186400	-1.585190
0.186500	-2.559690
0.186600	-11.817400
0.186700	-2.072440
0.186800	1.825560
0.186900	1.338310
0.187000	-11.817400
0.187100	-17.177200
0.187200	-2.072440
0.187300	5.723560
0.187400	-1.097940
0.187500	-4.508690
0.187600	-9.868440
0.187700	-9.868440
0.187800	0.363813
0.187900	-17.664400
0.188000	-15.715400
0.188100	10.108800
0.188200	-10.842900
0.188300	0.851063
0.188400	12.545100
0.188500	-8.893940
0.188600	-21.075199
0.188700	0.363813
0.188800	-6.944940
0.188900	-1.097940
0.189000	-0.123437
0.189100	-26.434900
0.189200	-9.868440
0.189300	15.468600
0.189400	-4.021440
0.189500	-4.508690
0.189600	-4.021440
0.189700	-7.919440
0.189800	-4.995940
0.189900	-9.868440
0.190000	-12.304700
0.190100	-14.253700
0.190200	-0.610687
0.190300	4.261810
0.190400	2.312810
0.190500	-11.817400
0.190600	-16.689899
0.190700	-0.610687
0.190800	-1.097940
0.190900	-18.638901
0.191000	-3.046940
0.191100	-4.021440
0.191200	-16.689899
0.191300	4.749060
0.191400	0.851063
0.191500	-5.970440
0.191600	-3.046940
0.191700	-5.970440
0.191800	-9.868440
0.191900	-1.097940
0.192000	-3.046940
0.192100	-22.536900
0.192200	-4.021440
0.192300	-7.919440
0.192400	-3.534190
0.192500	6.698060
0.192600	-16.689899
0.192700	-1.585190
0.192800	-3.534190
0.192900	-0.123437
0.193000	0.851063
0.193100	-5.970440
0.193200	-7.919440
0.193300	-9.381190
0.193400	-8.893940
0.193500	-3.046940
0.193600	-4.995940
0.193700	-18.151699
0.193800	-20.587900
0.193900	8.647060
0.194000	7.672560
0.194100	-12.304700
0.194200	-9.868440
0.194300	-13.279200
0.194400	-14.253700
0.194500	5.723560
0.194600	-0.123437
0.194700	-15.715400
0.194800	-3.046940
0.194900	-0.123437
0.195000	-16.689899
0.195100	-22.536900
0.195200	-8.893940
0.195300	0.851063
0.195400	-0.610687
0.195500	-3.046940
0.195600	-15.715400
0.195700	2.800060
0.195800	2.312810
0.195900	-10.355700
0.196000	-22.049700
0.196100	3.774560
0.196200	10.596100
0.196300	-10.842900
0.196400	-11.817400
0.196500	-10.355700
0.196600	1.338310
0.196700	-2.072440
0.196800	-2.559690
0.196900	-3.046940
0.197000	-14.253700
0.197100	-7.432190
0.197200	-22.536900
0.197300	-10.842900
0.197400	12.545100
0.197500	-2.072440
0.197600	1.825560
0.197700	9.621560
0.197800	-0.123437
0.197900	-11.817400
0.198000	-15.715400
0.198100	-15.228200
0.198200	-4.021440
0.198300	-8.406690
0.198400	-11.817400
0.198500	-12.791900
0.198600	4.749060
0.198700	-8.406690
0.198800	-5.970440
0.198900	14.494100
0.199000	-8.893940
0.199100	-0.123437
0.199200	-1.097940
0.199300	-11.817400
0.199400	0.363813
0.199500	-1.097940
0.199600	-18.151699
0.199700	-3.534190
0.199800	6.698060
0.199900	-8.893940
0.200000	-3.534190
0.200100	-2.072440
0.200200	-4.508690
0.200300	0.363813
0.200400	0.363813
0.200500	-6.944940
0.200600	-8.893940
0.200700	-17.177200
0.200800	-9.868440
0.200900	12.545100
0.201000	2.800060
0.201100	-18.638901
0.201200	7.672560
0.201300	14.006800
0.201400	-4.508690
0.201500	-7.919440
0.201600	-2.559690
0.201700	-7.919440
0.201800	-8.893940
0.201900	-12.791900
0.202000	0.851063
0.202100	5.723560
0.202200	-16.202700
0.202300	2.312810
0.202400	0.363813
0.202500	-16.689899
0.202600	-3.046940
0.202700	2.800060
0.202800	-5.970440
0.202900	-7.919440
0.203000	-8.406690
0.203100	1.825560
0.203200	-4.021440
0.203300	-5.970440
0.203400	-6.944940
0.203500	-4.995940
0.203600	4.261810
0.203700	-4.508690
0.203800	-15.715400
0.203900	-23.511400
0.204000	-8.406690
0.204100	-5.483190
0.204200	-3.046940
0.204300	-7.919440
0.204400	-6.944940
0.204500	-2.072440
0.204600	-10.842900
0.204700	-16.689899
0.204800	-3.534190
0.204900	-10.842900
0.205000	-12.791900
0.205100	-3.046940
0.205200	-15.715400
0.205300	-0.610687
0.205400	5.723560
0.205500	-10.355700
0.205600	-18.638901
0.205700	-13.766400
0.205800	11.570600
0.205900	5.723560
0.206000	-13.766400
0.206100	-21.562401
0.206200	-4.021440
0.206300	-13.279200
0.206400	-2.072440
0.206500	7.672560
0.206600	0.363813
0.206700	1.825560
0.206800	3.287310
0.206900	-8.406690
0.207000	-1.097940
0.207100	4.749060
0.207200	-6.944940
0.207300	-10.355700
0.207400	-5.483190
0.207500	11.570600
0.207600	0.851063
0.207700	-5.970440
0.207800	2.312810
0.207900	-3.046940
0.208000	-9.868440
0.208100	-5.970440
0.208200	-4.508690
0.208300	-4.995940
0.208400	-11.817400
0.208500	-0.610687
0.208600	7.672560
0.208700	-0.123437
0.208800	-11.817400
0.208900	0.851063
0.209000	5.723560
0.209100	-3.534190
0.209200	-7.432190
0.209300	-8.893940
0.209400	-10.355700
0.209500	0.851063
0.209600	-1.097940
0.209700	-8.893940
0.209800	-12.791900
0.209900	-7.919440
0.210000	3.774560
0.210100	-4.021440
0.210200	-19.613400
0.210300	-0.123437
0.210400	-5.483190
0.210500	-1.585190
0.210600	-4.508690
0.210700	-12.791900
0.210800	-1.097940
0.210900	-1.097940
0.211000	-1.097940
0.211100	-7.432190
0.211200	-12.791900
0.211300	-4.508690
0.211400	-3.534190
0.211500	-10.842900
0.211600	-10.842900
0.211700	-11.817400
0.211800	-18.638901
0.211900	-3.046940
0.212000	-8.893940
0.212100	-20.100700
0.212200	4.749060
0.212300	1.825560
0.212400	-18.638901
0.212500	-21.562401
0.212600	6.698060
0.212700	13.519600
0.212800	-11.817400
0.212900	-13.279200
0.213000	5.236310
0.213100	2.800060
0.213200	-9.868440
0.213300	-19.613400
0.213400	-4.021440
0.213500	4.261810
0.213600	3.774560
0.213700	2.312810
0.213800	-2.559690
0.213900	-9.868440
0.214000	-6.944940
0.214100	-10.842900
0.214200	-24.485901
0.214300	-8.406690
0.214400	-1.585190
0.214500	-4.995940
0.214600	11.570600
0.214700	3.774560
0.214800	-7.919440
0.214900	-1.097940
0.215000	-15.715400
0.215100	-9.381190
0.215200	-15.715400
0.215300	-11.817400
0.215400	8.647060
0.215500	-1.097940
0.215600	4.261810
0.215700	0.363813
0.215800	-18.638901
0.215900	-2.072440
0.216000	3.774560
0.216100	-14.740900
0.216200	3.287310
0.216300	6.698060
0.216400	-8.406690
0.216500	-14.740900
0.216600	2.312810
0.216700	4.261810
0.216800	-8.893940
0.216900	-9.868440
0.217000	-5.970440
0.217100	-9.868440
0.217200	-18.638901
0.217300	-21.562401
0.217400	4.261810
0.217500	4.749060
0.217600	-10.842900
0.217700	-12.304700
0.217800	-7.919440
0.217900	-8.893940
0.218000	-2.072440
0.218100	-2.072440
0.218200	-6.457690
0.218300	-1.097940
0.218400	-4.021440
0.218500	-8.893940
0.218600	-8.893940
0.218700	-11.817400
0.218800	-16.689899
0.218900	3.287310
0.219000	4.749060
0.219100	-8.893940
0.219200	-16.202700
0.219300	-20.100700
0.219400	-2.072440
0.219500	-8.893940
0.219600	-1.097940
0.219700	2.800060
0.219800	-10.842900
0.219900	-4.021440
0.220000	-2.072440
0.220100	-8.893940
0.220200	-8.893940
0.220300	-14.740900
0.220400	-1.097940
0.220500	-6.457690
0.220600	-20.587900
0.220700	-4.021440
0.220800	14.494100
0.220900	-15.715400
0.221000	-14.740900
0.221100	13.519600
0.221200	-7.919440
0.221300	-24.973200
0.221400	7.672560
0.221500	6.698060
0.221600	-15.228200
0.221700	-6.457690
0.221800	-10.842900
0.221900	-23.998699
0.222000	-16.689899
0.222100	-3.046940
0.222200	2.800060
0.222300	-11.817400
0.222400	0.851063
0.222500	14.494100
0.222600	-3.046940
0.222700	-23.511400
0.222800	-3.046940
0.222900	11.570600
0.223000	-4.995940
0.223100	-14.253700
0.223200	-6.944940
0.223300	-19.613400
0.223400	-8.893940
0.223500	7.672560
0.223600	3.287310
0.223700	-6.457690
0.223800	-11.817400
0.223900	-25.460400
0.224000	-18.638901
0.224100	3.774560
0.224200	4.749060
0.224300	-6.944940
0.224400	-10.355700
0.224500	-3.046940
0.224600	-2.559690
0.224700	-21.075199
0.224800	-1.097940
0.224900	6.698060
0.225000	-9.868440
0.225100	-9.868440
0.225200	-2.072440
0.225300	-5.970440
0.225400	-5.483190
0.225500	-8.406690
0.225600	-20.587900
0.225700	-13.766400
0.225800	11.570600
0.225900	6.698060
0.226000	-6.944940
0.226100	-7.919440
0.226200	-11.817400
0.226300	3.287310
0.226400	-2.072440
0.226500	-6.944940
0.226600	-9.868440
0.226700	-7.919440
0.226800	-6.944940
0.226900	2.312810
0.227000	-2.559690
0.227100	-7.919440
0.227200	-1.097940
0.227300	-8.893940
0.227400	-6.457690
0.227500	-13.766400
0.227600	-8.893940
0.227700	-0.123437
0.227800	5.723560
0.227900	-6.944940
0.228000	-17.177200
0.228100	-11.817400
0.228200	-17.664400
0.228300	-0.123437
0.228400	10.596100
0.228500	-4.995940
0.228600	-21.075199
0.228700	0.851063
0.228800	1.825560
0.228900	-7.432190
0.229000	-15.715400
0.229100	-1.585190
0.229200	-9.868440
0.229300	-3.046940
0.229400	13.032300
0.229500	-11.817400
0.229600	-3.046940
0.229700	-2.072440
0.229800	-21.075199
0.229900	-12.791900
0.230000	-0.610687
0.230100	6.698060
0.230200	-2.072440
0.230300	-17.664400
0.230400	-1.097940
0.230500	-5.970440
0.230600	-1.097940
0.230700	-4.021440
0.230800	0.363813
0.230900	-0.123437
0.231000	-14.740900
0.231100	-1.097940
0.231200	-4.508690
0.231300	-14.740900
0.231400	2.800060
0.231500	19.366600
0.231600	3.287310
0.231700	-17.177200
0.231800	-23.511400
0.231900	-8.893940
0.232000	5.723560
0.232100	-4.021440
0.232200	-13.766400
0.232300	-4.995940
0.232400	4.749060
0.232500	-7.919440
0.232600	-23.511400
0.232700	-2.072440
0.232800	-1.097940
0.232900	-1.097940
0.233000	-3.046940
0.233100	-18.638901
0.233200	-2.559690
0.233300	6.210810
0.233400	-6.944940
0.233500	-8.406690
0.233600	-4.021440
0.233700	-8.893940
0.233800	-14.253700
0.233900	-7.919440
0.234000	-10.842900
0.234100	-16.689899
0.234200	-1.097940
0.234300	12.057800
0.234400	-13.766400
0.234500	-3.534190
0.234600	-6.944940
0.234700	-15.715400
0.234800	-1.097940
0.234900	1.825560
0.235000	-11.817400
0.235100	-1.097940
0.235200	-3.534190
0.235300	-1.097940
0.235400	1.825560
0.235500	-6.944940
0.235600	-8.893940
0.235700	-10.842900
0.235800	-15.715400
0.235900	-1.097940
0.236000	14.494100
0.236100	1.825560
0.236200	-8.893940
0.236300	-5.483190
0.236400	-8.893940
0.236500	-24.485901
0.236600	-4.995940
0.236700	6.698060
0.236800	-1.097940
0.236900	-9.381190
0.237000	-16.689899
0.237100	-11.817400
0.237200	3.774560
0.237300	-1.097940
0.237400	-9.868440
0.237500	-4.995940
0.237600	-7.432190
0.237700	-16.689899
0.237800	-24.485901
0.237900	0.851063
0.238000	-5.483190
0.238100	-23.998699
0.238200	-7.919440
0.238300	9.621560
0.238400	-6.944940
0.238500	-8.893940
0.238600	-4.995940
0.238700	3.774560
0.238800	-10.355700
0.238900	-9.868440
0.239000	3.774560
0.239100	8.647060
0.239200	-10.355700
0.239300	-21.562401
0.239400	7.672560
0.239500	14.006800
0.239600	-6.457690
0.239700	-10.842900
0.239800	-16.689899
0.239900	-6.457690
0.240000	-3.046940
0.240100	-8.893940
0.240200	2.312810
0.240300	-6.944940
0.240400	3.774560
0.240500	4.749060
0.240600	-19.613400
0.240700	1.825560
0.240800	9.621560
0.240900	-14.740900
0.241000	-6.944940
0.241100	-1.097940
0.241200	-5.970440
0.241300	-22.049700
0.241400	-6.944940
0.241500	22.290100
0.241600	1.338310
0.241700	-15.715400
0.241800	-9.868440
0.241900	-8.893940
0.242000	-6.944940
0.242100	-3.046940
0.242200	-11.817400
0.242300	-7.919440
0.242400	-8.406690
0.242500	-20.100700
0.242600	-1.585190
0.242700	-1.097940
0.242800	-15.228200
0.242900	-2.072440
0.243000	-9.868440
0.243100	-8.893940
0.243200	-12.791900
0.243300	-7.919440
0.243400	3.287310
0.243500	-8.893940
0.243600	-20.587900
0.243700	-3.046940
0.243800	-11.817400
0.243900	-19.613400
0.244000	-4.508690
0.244100	12.545100
0.244200	5.723560
0.244300	-5.483190
0.244400	-8.893940
0.244500	-16.689899
0.244600	-10.355700
0.244700	-1.585190
0.244800	-4.995940
0.244900	-9.868440
0.245000	-2.072440
0.245100	-17.664400
0.245200	-2.559690
0.245300	-10.842900
0.245400	-8.893940
0.245500	15.955800
0.245600	1.825560
0.245700	-10.355700
0.245800	-6.944940
0.245900	-0.123437
0.246000	-0.123437
0.246100	-3.046940
0.246200	-4.508690
0.246300	-11.817400
0.246400	-21.562401
0.246500	-1.097940
0.246600	8.647060
0.246700	-11.817400
0.246800	-28.383900
0.246900	-8.406690
0.247000	23.264601
0.247100	5.236310
0.247200	-18.638901
0.247300	1.825560
0.247400	-3.046940
0.247500	-16.689899
0.247600	6.698060
0.247700	-1.097940
0.247800	-17.664400
0.247900	11.570600
0.248000	5.723560
0.248100	-23.024200
0.248200	-2.559690
0.248300	11.570600
0.248400	-1.585190
0.248500	-7.919440
0.248600	-6.944940
0.248700	-8.893940
0.248800	-4.021440
0.248900	-5.970440
0.249000	-16.689899
0.249100	-9.381190
0.249200	-8.893940
0.249300	4.749060
0.249400	5.236310
0.249500	-8.406690
0.249600	-4.995940
0.249700	-5.970440
0.249800	-0.610687
0.249900	1.825560
0.250000	-4.995940
0.250100	-8.893940
0.250200	-6.944940
0.250300	-7.919440
0.250400	-0.123437
0.250500	-1.097940
0.250600	-9.868440
0.250700	-3.046940
0.250800	-3.534190
0.250900	-4.021440
0.251000	-6.944940
0.251100	-13.766400
0.251200	-10.842900
0.251300	-5.970440
0.251400	-4.508690
0.251500	-8.406690
0.251600	-3.534190
0.251700	-4.021440
0.251800	-4.508690
0.251900	-15.715400
0.252000	-13.766400
0.252100	8.159810
0.252200	-0.123437
0.252300	-18.151699
0.252400	-8.893940
0.252500	4.749060
0.252600	-5.970440
0.252700	-17.177200
0.252800	-15.228200
0.252900	6.698060
0.253000	5.723560
0.253100	-6.944940
0.253200	-8.893940
0.253300	-7.432190
0.253400	-10.355700
0.253500	-1.097940
0.253600	-1.097940
0.253700	-4.995940
0.253800	-16.689899
0.253900	-13.766400
0.254000	14.494100
0.254100	0.851063
0.254200	-14.740900
0.254300	13.032300
0.254400	4.749060
0.254500	-6.944940
0.254600	-7.919440
0.254700	-18.638901
0.254800	-9.868440
0.254900	-8.893940
0.255000	3.774560
0.255100	-1.097940
0.255200	-15.715400
0.255300	-11.330200
0.255400	8.159810
0.255500	5.723560
0.255600	-2.559690
0.255700	-4.508690
0.255800	-8.893940
0.255900	-8.893940
0.256000	-11.817400
0.256100	2.312810
0.256200	3.774560
0.256300	-15.715400
0.256400	-0.610687
0.256500	-6.944940
0.256600	-4.508690
0.256700	2.312810
0.256800	5.236310
0.256900	-0.123437
0.257000	-14.253700
0.257100	-2.072440
0.257200	-7.919440
0.257300	-9.868440
0.257400	8.647060
0.257500	3.774560
0.257600	-18.638901
0.257700	-23.024200
0.257800	-0.123437
0.257900	2.800060
0.258000	-0.123437
0.258100	-2.072440
0.258200	-6.944940
0.258300	-2.559690
0.258400	-6.457690
0.258500	-22.536900
0.258600	-11.817400
0.258700	12.545100
0.258800	-2.072440
0.258900	-23.511400
0.259000	-24.485901
0.259100	1.338310
0.259200	6.698060
0.259300	-16.689899
0.259400	-14.253700
0.259500	6.698060
0.259600	3.774560
0.259700	-17.664400
0.259800	-1.585190
0.259900	5.723560
0.260000	-5.970440
0.260100	-6.944940
0.260200	-5.970440
0.260300	-8.893940
0.260400	-15.715400
0.260500	-16.689899
0.260600	-13.766400
0.260700	-0.123437
0.260800	-14.740900
0.260900	-22.049700
0.261000	-7.919440
0.261100	5.723560
0.261200	-6.944940
0.261300	-18.638901
0.261400	-6.944940
0.261500	-4.995940
0.261600	-18.638901
0.261700	-13.279200
0.261800	11.570600
0.261900	-4.021440
0.262000	-21.562401
0.262100	0.851063
0.262200	7.185310
0.262300	-4.021440
0.262400	-16.202700
0.262500	5.236310
0.262600	15.468600
0.262700	-4.995940
0.262800	-8.893940
0.262900	-3.534190
0.263000	-15.715400
0.263100	-1.097940
0.263200	-8.893940
0.263300	-20.100700
0.263400	-13.279200
0.263500	-1.097940
0.263600	8.159810
0.263700	-5.970440
0.263800	3.774560
0.263900	-0.123437
0.264000	-23.024200
0.264100	-4.021440
0.264200	-2.072440
0.264300	2.800060
0.264400	-5.483190
0.264500	-5.970440
0.264600	-1.097940
0.264700	-6.457690
0.264800	-14.253700
0.264900	-8.893940
0.265000	8.159810
0.265100	1.825560
0.265200	-10.355700
0.265300	-11.330200
0.265400	-14.740900
0.265500	3.774560
0.265600	-1.097940
0.265700	-2.072440
0.265800	-3.046940
0.265900	-16.202700
0.266000	-7.919440
0.266100	3.287310
0.266200	-15.715400
0.266300	-18.638901
0.266400	8.159810
0.266500	2.312810
0.266600	-17.664400
0.266700	-10.842900
0.266800	-1.097940
0.266900	-14.740900
0.267000	-15.715400
0.267100	-2.072440
0.267200	5.236310
0.267300	-10.842900
0.267400	-8.893940
0.267500	-2.559690
0.267600	2.312810
0.267700	-9.868440
0.267800	-10.355700
0.267900	-0.123437
0.268000	-5.483190
0.268100	-9.868440
0.268200	4.749060
0.268300	2.312810
0.268400	-7.919440
0.268500	-9.381190
0.268600	-10.355700
0.268700	-9.868440
0.268800	-2.072440
0.268900	-6.944940
0.269000	-4.995940
0.269100	-6.944940
0.269200	-14.740900
0.269300	-23.998699
0.269400	-7.919440
0.269500	7.185310
0.269600	4.749060
0.269700	-8.893940
0.269800	-10.842900
0.269900	-4.021440
0.270000	-7.919440
0.270100	-10.842900
0.270200	-19.126200
0.270300	0.363813
0.270400	7.672560
0.270500	-4.508690
0.270600	-6.944940
0.270700	-10.355700
0.270800	-20.587900
0.270900	1.825560
0.271000	4.749060
0.271100	-19.613400
0.271200	-1.585190
0.271300	-5.970440
0.271400	-3.046940
0.271500	0.851063
0.271600	-9.868440
0.271700	-1.097940
0.271800	-0.123437
0.271900	-4.995940
0.272000	-6.457690
0.272100	-4.995940
0.272200	-3.046940
0.272300	-6.944940
0.272400	-19.613400
0.272500	-0.123437
0.272600	-8.893940
0.272700	-19.126200
0.272800	-1.097940
0.272900	-4.995940
0.273000	4.749060
0.273100	6.698060
0.273200	-17.664400
0.273300	-14.740900
0.273400	5.723560
0.273500	-5.483190
0.273600	-7.919440
0.273700	-2.072440
0.273800	-4.508690
0.273900	0.363813
0.274000	-6.944940
0.274100	-24.485901
0.274200	1.338310
0.274300	10.596100
0.274400	-7.432190
0.274500	-7.919440
0.274600	-7.919440
0.274700	-9.868440
0.274800	-7.432190
0.274900	-7.432190
0.275000	-14.740900
0.275100	3.774560
0.275200	7.672560
0.275300	-6.457690
0.275400	-12.304700
0.275500	-14.740900
0.275600	7.672560
0.275700	5.723560
0.275800	-19.613400
0.275900	-7.919440
0.276000	5.723560
0.276100	-11.330200
0.276200	-4.021440
0.276300	3.774560
0.276400	-6.457690
0.276500	-4.021440
0.276600	-4.508690
0.276700	-6.944940
0.276800	-9.381190
0.276900	-17.664400
0.277000	0.851063
0.277100	7.672560
0.277200	-7.432190
0.277300	-17.664400
0.277400	-19.613400
0.277500	-9.868440
0.277600	9.134310
0.277700	4.749060
0.277800	-14.740900
0.277900	-3.046940
0.278000	-7.919440
0.278100	0.851063
0.278200	0.851063
0.278300	-15.715400
0.278400	-7.432190
0.278500	-13.766400
0.278600	-9.381190
0.278700	3.774560
0.278800	-5.970440
0.278900	-7.432190
0.279000	6.698060
0.279100	1.825560
0.279200	-13.766400
0.279300	-9.868440
0.279400	-8.893940
0.279500	-6.457690
0.279600	-4.508690
0.279700	-6.944940
0.279800	-8.893940
0.279900	-24.973200
0.280000	-15.228200
0.280100	12.545100
0.280200	-0.610687
0.280300	-14.253700
0.280400	-13.766400
0.280500	-22.536900
0.280600	2.800060
0.280700	5.236310
0.280800	-10.842900
0.280900	-16.689899
0.281000	-0.123437
0.281100	-5.970440
0.281200	-20.587900
0.281300	-4.508690
0.281400	7.672560
0.281500	-10.842900
0.281600	-11.330200
0.281700	-1.097940
0.281800	-4.021440
0.281900	3.774560
0.282000	-2.072440
0.282100	-1.097940
0.282200	-6.944940
0.282300	-24.485901
0.282400	-6.944940
0.282500	1.825560
0.282600	2.312810
0.282700	-2.559690
0.282800	-11.817400
0.282900	-3.534190
0.283000	-9.868440
0.283100	-6.944940
0.283200	-3.534190
0.283300	-16.689899
0.283400	-9.868440
0.283500	7.672560
0.283600	-5.483190
0.283700	-13.766400
0.283800	-7.919440
0.283900	-18.151699
0.284000	-17.664400
0.284100	8.647060
0.284200	3.774560
0.284300	-26.434900
0.284400	-10.355700
0.284500	7.672560
0.284600	-8.893940
0.284700	-7.432190
0.284800	2.800060
0.284900	-4.508690
0.285000	-18.638901
0.285100	-3.046940
0.285200	-16.202700
0.285300	-10.842900
0.285400	15.468600
0.285500	0.363813
0.285600	-20.587900
0.285700	-4.021440
0.285800	-4.508690
0.285900	-2.072440
0.286000	-2.072440
0.286100	-9.381190
0.286200	-10.842900
0.286300	-10.355700
0.286400	-12.304700
0.286500	-17.664400
0.286600	-20.587900
0.286700	7.672560
0.286800	2.312810
0.286900	-18.151699
0.287000	-6.944940
0.287100	14.981300
0.287200	3.287310
0.287300	-16.202700
0.287400	-11.330200
0.287500	-14.253700
0.287600	-6.944940
0.287700	-8.893940
0.287800	-2.072440
0.287900	0.851063
0.288000	-9.868440
0.288100	-22.049700
0.288200	-0.123437
0.288300	6.698060
0.288400	-6.944940
0.288500	-4.995940
0.288600	-7.919440
0.288700	-26.434900
0.288800	-16.689899
0.288900	7.672560
0.289000	-7.919440
0.289100	-0.610687
0.289200	-1.097940
0.289300	-4.995940
0.289400	0.363813
0.289500	-2.559690
0.289600	-5.970440
0.289700	-11.817400
0.289800	-14.253700
0.289900	5.236310
0.290000	4.749060
0.290100	-4.021440
0.290200	-5.970440
0.290300	-5.970440
0.290400	4.261810
0.290500	-2.559690
0.290600	-8.893940
0.290700	-17.664400
0.290800	-16.689899
0.290900	-8.893940
0.291000	9.621560
0.291100	5.236310
0.291200	-7.919440
0.291300	-6.457690
0.291400	-6.944940
0.291500	-12.791900
0.291600	-7.919440
0.291700	-8.893940
0.291800	-17.664400
0.291900	-14.740900
0.292000	-4.995940
0.292100	12.057800
0.292200	6.698060
0.292300	-11.817400
0.292400	-12.304700
0.292500	-13.766400
0.292600	-7.919440
0.292700	-2.559690
0.292800	9.621560
0.292900	3.774560
0.293000	-9.381190
0.293100	-12.791900
0.293200	-14.253700
0.293300	-10.842900
0.293400	-0.123437
0.293500	6.698060
0.293600	-1.097940
0.293700	-15.228200
0.293800	-21.562401
0.293900	1.825560
0.294000	-1.097940
0.294100	-24.485901
0.294200	-1.097940
0.294300	-4.995940
0.294400	-5.970440
0.294500	6.698060
0.294600	-19.613400
0.294700	-19.613400
0.294800	1.825560
0.294900	15.955800
0.295000	-2.072440
0.295100	-21.562401
0.295200	3.774560
0.295300	-1.097940
0.295400	-8.893940
0.295500	-8.893940
0.295600	-16.689899
0.295700	-2.072440
0.295800	-16.689899
0.295900	-11.817400
0.296000	0.851063
0.296100	6.698060
0.296200	-4.995940
0.296300	-14.740900
0.296400	-18.151699
0.296500	-5.483190
0.296600	2.800060
0.296700	-15.715400
0.296800	-0.123437
0.296900	5.723560
0.297000	-7.919440
0.297100	-11.817400
0.297200	-8.406690
0.297300	-8.406690
0.297400	-8.406690
0.297500	-5.483190
0.297600	-19.613400
0.297700	-4.995940
0.297800	14.494100
0.297900	-1.097940
0.298000	-16.689899
0.298100	-7.919440
0.298200	2.800060
0.298300	-8.893940
0.298400	2.800060
0.298500	-0.610687
0.298600	-19.613400
0.298700	-22.049700
0.298800	7.672560
0.298900	5.723560
0.299000	-13.766400
0.299100	-7.919440
0.299200	-4.021440
0.299300	-7.919440
0.299400	-13.766400
0.299500	1.338310
0.299600	-1.585190
0.299700	-24.485901
0.299800	-15.715400
0.299900	-5.970440
