-0.050000	-3.746440
-0.049900	-1.796860
-0.049800	0.152717
-0.049700	-1.796860
-0.049600	0.152717
-0.049500	1.127500
-0.049400	-1.309470
-0.049300	0.152717
-0.049200	2.102290
-0.049100	0.640111
-0.049000	-3.746440
-0.048900	0.152717
-0.048800	-0.822071
-0.048700	-3.746440
-0.048600	-1.796860
-0.048500	1.127500
-0.048400	2.102290
-0.048300	0.152717
-0.048200	-1.796860
-0.048100	0.152717
-0.048000	6.001440
-0.047900	6.488840
-0.047800	0.152717
-0.047700	-3.746440
-0.047600	0.152717
-0.047500	0.640111
-0.047400	-0.334677
-0.047300	2.102290
-0.047200	2.102290
-0.047100	0.152717
-0.047000	-3.746440
-0.046900	1.614900
-0.046800	0.152717
-0.046700	-0.822071
-0.046600	-1.796860
-0.046500	2.102290
-0.046400	2.102290
-0.046300	-1.796860
-0.046200	0.152717
-0.046100	1.127500
-0.046000	1.127500
-0.045900	-3.746440
-0.045800	-1.796860
-0.045700	2.102290
-0.045600	2.102290
-0.045500	0.152717
-0.045400	-1.796860
-0.045300	2.102290
-0.045200	0.152717
-0.045100	-3.746440
-0.045000	-5.696010
-0.044900	-4.721220
-0.044800	0.152717
-0.044700	2.102290
-0.044600	-1.796860
-0.044500	2.102290
-0.044400	2.102290
-0.044300	0.152717
-0.044200	-1.796860
-0.044100	2.102290
-0.044000	3.077080
-0.043900	3.077080
-0.043800	2.102290
-0.043700	2.589690
-0.043600	0.152717
-0.043500	-3.746440
-0.043400	1.127500
-0.043300	2.589690
-0.043200	0.152717
-0.043100	-1.796860
-0.043000	2.102290
-0.042900	2.102290
-0.042800	-2.771650
-0.042700	0.152717
-0.042600	2.102290
-0.042500	-0.822071
-0.042400	-3.746440
-0.042300	-1.309470
-0.042200	-1.796860
-0.042100	-5.696010
-0.042000	-4.721220
-0.041900	-1.796860
-0.041800	-4.721220
-0.041700	2.102290
-0.041600	-0.822071
-0.041500	0.152717
-0.041400	-0.822071
-0.041300	-5.696010
-0.041200	-1.796860
-0.041100	-2.771650
-0.041000	-4.721220
-0.040900	-4.721220
-0.040800	0.152717
-0.040700	3.564470
-0.040600	6.001440
-0.040500	0.152717
-0.040400	2.102290
-0.040300	0.152717
-0.040200	-5.696010
-0.040100	0.152717
-0.040000	-1.796860
-0.039900	-2.771650
-0.039800	0.152717
-0.039700	0.152717
-0.039600	-1.796860
-0.039500	-1.796860
-0.039400	0.152717
-0.039300	-0.822071
-0.039200	-3.746440
-0.039100	-5.696010
-0.039000	-7.645590
-0.038900	-0.822071
-0.038800	2.102290
-0.038700	-1.796860
-0.038600	0.152717
-0.038500	0.640111
-0.038400	-0.822071
-0.038300	2.102290
-0.038200	3.077080
-0.038100	2.102290
-0.038000	-0.822071
-0.037900	0.152717
-0.037800	-0.334677
-0.037700	-1.796860
-0.037600	-5.696010
-0.037500	-1.796860
-0.037400	-1.309470
-0.037300	-1.796860
-0.037200	-0.334677
-0.037100	3.077080
-0.037000	2.102290
-0.036900	-1.796860
-0.036800	0.152717
-0.036700	2.102290
-0.036600	-0.822071
-0.036500	2.102290
-0.036400	3.564470
-0.036300	4.051870
-0.036200	2.102290
-0.036100	-3.746440
-0.036000	-1.796860
-0.035900	-1.796860
-0.035800	-3.746440
-0.035700	-3.746440
-0.035600	-7.645590
-0.035500	2.102290
-0.035400	4.051870
-0.035300	-1.796860
-0.035200	-1.796860
-0.035100	-4.721220
-0.035000	-7.158190
-0.034900	0.152717
-0.034800	1.614900
-0.034700	-0.822071
-0.034600	-0.822071
-0.034500	2.102290
-0.034400	0.640111
-0.034300	-1.796860
-0.034200	-1.796860
-0.034100	0.152717
-0.034000	-3.259040
-0.033900	-1.796860
-0.033800	-1.796860
-0.033700	-1.796860
-0.033600	-7.645590
-0.033500	-5.208620
-0.033400	0.152717
-0.033300	-1.796860
-0.033200	-3.746440
-0.033100	-3.746440
-0.033000	-1.796860
-0.032900	0.152717
-0.032800	6.001440
-0.032700	-1.796860
-0.032600	-0.334677
-0.032500	1.127500
-0.032400	-1.796860
-0.032300	0.152717
-0.032200	-0.822071
-0.032100	0.640111
-0.032000	1.127500
-0.031900	0.152717
-0.031800	0.640111
-0.031700	-1.796860
-0.031600	-1.309470
-0.031500	3.077080
-0.031400	3.077080
-0.031300	0.152717
-0.031200	0.152717
-0.031100	-0.822071
-0.031000	-0.822071
-0.030900	-5.696010
-0.030800	-1.796860
-0.030700	2.102290
-0.030600	4.051870
-0.030500	3.077080
-0.030400	3.077080
-0.030300	0.152717
-0.030200	-1.309470
-0.030100	1.127500
-0.030000	0.152717
-0.029900	0.640111
-0.029800	0.152717
-0.029700	-1.796860
-0.029600	0.152717
-0.029500	2.102290
-0.029400	4.051870
-0.029300	2.102290
-0.029200	-0.822071
-0.029100	-1.309470
-0.029000	-1.796860
-0.028900	-3.746440
-0.028800	-5.696010
-0.028700	-3.746440
-0.028600	-3.746440
-0.028500	3.077080
-0.028400	4.051870
-0.028300	0.152717
-0.028200	0.152717
-0.028100	2.589690
-0.028000	4.051870
-0.027900	2.102290
-0.027800	0.152717
-0.027700	3.077080
-0.027600	0.152717
-0.027500	-3.746440
-0.027400	-0.822071
-0.027300	0.152717
-0.027200	0.152717
-0.027100	0.152717
-0.027000	-0.822071
-0.026900	-3.259040
-0.026800	-1.796860
-0.026700	-0.822071
-0.026600	2.102290
-0.026500	3.077080
-0.026400	1.127500
-0.026300	0.152717
-0.026200	2.102290
-0.026100	-0.822071
-0.026000	1.127500
-0.025900	2.102290
-0.025800	2.102290
-0.025700	2.102290
-0.025600	4.051870
-0.025500	6.001440
-0.025400	6.976230
-0.025300	0.152717
-0.025200	3.077080
-0.025100	6.001440
-0.025000	4.051870
-0.024900	2.102290
-0.024800	4.051870
-0.024700	4.051870
-0.024600	-2.284250
-0.024500	-1.796860
-0.024400	-0.334677
-0.024300	2.102290
-0.024200	-1.796860
-0.024100	1.127500
-0.024000	0.152717
-0.023900	-0.822071
-0.023800	0.152717
-0.023700	-1.796860
-0.023600	-1.796860
-0.023500	2.102290
-0.023400	-0.822071
-0.023300	0.152717
-0.023200	3.077080
-0.023100	-1.796860
-0.023000	-1.796860
-0.022900	-0.822071
-0.022800	0.152717
-0.022700	1.127500
-0.022600	4.051870
-0.022500	2.102290
-0.022400	3.077080
-0.022300	-1.796860
-0.022200	-1.796860
-0.022100	2.102290
-0.022000	3.077080
-0.021900	0.152717
-0.021800	-1.796860
-0.021700	3.564470
-0.021600	2.102290
-0.021500	3.077080
-0.021400	1.127500
-0.021300	3.077080
-0.021200	2.102290
-0.021100	-3.259040
-0.021000	-4.721220
-0.020900	1.127500
-0.020800	0.152717
-0.020700	-0.822071
-0.020600	-1.796860
-0.020500	0.152717
-0.020400	-1.796860
-0.020300	-0.334677
-0.020200	-1.796860
-0.020100	-3.746440
-0.020000	2.102290
-0.019900	-3.746440
-0.019800	-4.721220
-0.019700	2.102290
-0.019600	1.127500
-0.019500	2.102290
-0.019400	-0.822071
-0.019300	-3.746440
-0.019200	-2.284250
-0.019100	-3.746440
-0.019000	-1.796860
-0.018900	4.051870
-0.018800	2.102290
-0.018700	-1.796860
-0.018600	-0.822071
-0.018500	-1.796860
-0.018400	-1.796860
-0.018300	0.152717
-0.018200	3.077080
-0.018100	2.102290
-0.018000	-1.309470
-0.017900	6.001440
-0.017800	4.051870
-0.017700	0.152717
-0.017600	2.102290
-0.017500	2.102290
-0.017400	-0.822071
-0.017300	-7.645590
-0.017200	0.152717
-0.017100	2.102290
-0.017000	4.051870
-0.016900	6.001440
-0.016800	6.001440
-0.016700	-0.334677
-0.016600	2.102290
-0.016500	2.102290
-0.016400	-3.746440
-0.016300	-1.796860
-0.016200	-2.771650
-0.016100	3.077080
-0.016000	0.152717
-0.015900	0.152717
-0.015800	4.051870
-0.015700	1.127500
-0.015600	0.152717
-0.015500	-0.822071
-0.015400	-1.309470
-0.015300	-1.796860
-0.015200	-0.822071
-0.015100	0.152717
-0.015000	-0.822071
-0.014900	2.102290
-0.014800	-2.771650
-0.014700	-5.696010
-0.014600	-0.822071
-0.014500	0.152717
-0.014400	1.127500
-0.014300	-0.334677
-0.014200	-1.309470
-0.014100	4.051870
-0.014000	3.077080
-0.013900	0.640111
-0.013800	-0.822071
-0.013700	-1.796860
-0.013600	1.127500
-0.013500	-5.696010
-0.013400	-5.696010
-0.013300	-5.696010
-0.013200	0.640111
-0.013100	2.102290
-0.013000	-3.259040
-0.012900	2.102290
-0.012800	0.152717
-0.012700	-4.721220
-0.012600	-3.746440
-0.012500	3.077080
-0.012400	3.077080
-0.012300	2.102290
-0.012200	6.001440
-0.012100	6.488840
-0.012000	2.102290
-0.011900	6.001440
-0.011800	6.001440
-0.011700	6.976230
-0.011600	3.077080
-0.011500	2.102290
-0.011400	-2.771650
-0.011300	0.152717
-0.011200	2.102290
-0.011100	0.152717
-0.011000	-1.796860
-0.010900	-8.620380
-0.010800	-7.158190
-0.010700	-1.796860
-0.010600	-1.309470
-0.010500	-2.771650
-0.010400	-1.796860
-0.010300	3.077080
-0.010200	3.077080
-0.010100	0.152717
-0.010000	-3.746440
-0.009900	2.102290
-0.009800	-1.796860
-0.009700	-0.822071
-0.009600	0.152717
-0.009500	-3.746440
-0.009400	-0.822071
-0.009300	-4.721220
-0.009200	-3.746440
-0.009100	3.077080
-0.009000	2.102290
-0.008900	-3.259040
-0.008800	2.102290
-0.008700	2.102290
-0.008600	3.077080
-0.008500	6.001440
-0.008400	4.051870
-0.008300	2.102290
-0.008200	-4.721220
-0.008100	-5.696010
-0.008000	3.077080
-0.007900	5.026660
-0.007800	6.976230
-0.007700	2.589690
-0.007600	-1.796860
-0.007500	0.152717
-0.007400	0.152717
-0.007300	1.127500
-0.007200	-1.309470
-0.007100	-1.796860
-0.007000	0.152717
-0.006900	3.564470
-0.006800	3.077080
-0.006700	0.640111
-0.006600	-5.696010
-0.006500	-5.696010
-0.006400	-0.822071
-0.006300	-2.771650
-0.006200	-1.796860
-0.006100	-1.796860
-0.006000	-1.796860
-0.005900	-5.696010
-0.005800	-1.309470
-0.005700	-4.721220
-0.005600	-3.746440
-0.005500	-4.721220
-0.005400	-3.746440
-0.005300	2.589690
-0.005200	2.102290
-0.005100	2.102290
-0.005000	2.102290
-0.004900	4.051870
-0.004800	6.001440
-0.004700	0.152717
-0.004600	-3.746440
-0.004500	0.152717
-0.004400	-5.208620
-0.004300	-5.696010
-0.004200	2.102290
-0.004100	2.102290
-0.004000	-1.796860
-0.003900	-4.721220
-0.003800	-4.233830
-0.003700	0.152717
-0.003600	0.152717
-0.003500	2.102290
-0.003400	0.152717
-0.003300	0.152717
-0.003200	4.051870
-0.003100	0.152717
-0.003000	0.152717
-0.002900	4.051870
-0.002800	0.152717
-0.002700	-3.746440
-0.002600	-0.822071
-0.002500	4.539260
-0.002400	3.077080
-0.002300	4.051870
-0.002200	2.102290
-0.002100	3.077080
-0.002000	2.102290
-0.001900	2.102290
-0.001800	4.051870
-0.001700	4.539260
-0.001600	2.102290
-0.001500	0.152717
-0.001400	-1.796860
-0.001300	0.152717
-0.001200	2.102290
-0.001100	-1.796860
-0.001000	-3.746440
-0.000900	0.152717
-0.000800	6.001440
-0.000700	3.077080
-0.000600	3.077080
-0.000500	2.102290
-0.000400	0.152717
-0.000300	6.001440
-0.000200	-0.334677
-0.000100	-3.259040
0.000000	-0.822071
0.000100	-0.822071
0.000200	-1.796860
0.000300	-0.822071
0.000400	-0.822071
0.000500	2.102290
0.000600	6.001440
0.000700	0.152717
0.000800	-4.721220
0.000900	-0.822071
0.001000	-0.822071
0.001100	-0.822071
0.001200	-3.746440
0.001300	-5.696010
0.001400	-4.721220
0.001500	-3.259040
0.001600	-3.259040
0.001700	0.152717
0.001800	6.001440
0.001900	4.051870
0.002000	2.102290
0.002100	2.102290
0.002200	2.102290
0.002300	-5.696010
0.002400	-3.259040
0.002500	2.102290
0.002600	2.102290
0.002700	2.102290
0.002800	0.152717
0.002900	2.102290
0.003000	2.102290
0.003100	2.102290
0.003200	-0.822071
0.003300	4.051870
0.003400	6.001440
0.003500	2.102290
0.003600	2.102290
0.003700	0.152717
0.003800	2.102290
0.003900	5.026660
0.004000	6.001440
0.004100	1.127500
0.004200	2.102290
0.004300	6.001440
0.004400	6.001440
0.004500	-1.796860
0.004600	3.077080
0.004700	3.077080
0.004800	6.001440
0.004900	6.001440
0.005000	6.976230
0.005100	6.001440
0.005200	6.976230
0.005300	8.438410
0.005400	6.976230
0.005500	0.152717
0.005600	-1.796860
0.005700	3.077080
0.005800	2.102290
0.005900	-1.309470
0.006000	-1.309470
0.006100	-2.771650
0.006200	-5.696010
0.006300	-4.721220
0.006400	0.152717
0.006500	-1.796860
0.006600	0.152717
0.006700	0.640111
0.006800	0.152717
0.006900	-3.746440
0.007000	2.102290
0.007100	6.001440
0.007200	9.900600
0.007300	11.850200
0.007400	6.001440
0.007500	2.102290
0.007600	2.102290
0.007700	3.077080
0.007800	7.951020
0.007900	9.900600
0.008000	7.463630
0.008100	4.051870
0.008200	0.152717
0.008300	2.102290
0.008400	0.640111
0.008500	-3.746440
0.008600	0.152717
0.008700	2.102290
0.008800	-1.796860
0.008900	-0.822071
0.009000	2.102290
0.009100	2.589690
0.009200	-0.822071
0.009300	-3.746440
0.009400	-0.822071
0.009500	4.051870
0.009600	4.051870
0.009700	1.127500
0.009800	-2.771650
0.009900	-1.309470
0.010000	4.051870
0.010100	6.001440
0.010200	-1.796860
0.010300	-0.822071
0.010400	2.589690
0.010500	0.152717
0.010600	-4.721220
0.010700	-5.208620
0.010800	0.152717
0.010900	3.077080
0.011000	3.077080
0.011100	6.001440
0.011200	9.900600
0.011300	7.951020
0.011400	6.001440
0.011500	6.001440
0.011600	4.051870
0.011700	6.001440
0.011800	4.051870
0.011900	0.152717
0.012000	0.152717
0.012100	0.152717
0.012200	-3.746440
0.012300	-7.645590
0.012400	-7.645590
0.012500	-6.670800
0.012600	-13.494300
0.012700	-21.292601
0.012800	-21.292601
0.012900	-21.292601
0.013000	-29.090900
0.013100	-36.889198
0.013200	-32.502701
0.013300	-32.990101
0.013400	-32.015301
0.013500	-25.191799
0.013600	-25.191799
0.013700	-18.368299
0.013800	-12.519500
0.013900	-9.595160
0.014000	-5.696010
0.014100	2.102290
0.014200	6.976230
0.014300	7.951020
0.014400	13.799700
0.014500	11.850200
0.014600	6.001440
0.014700	4.051870
0.014800	9.900600
0.014900	2.102290
0.015000	-7.645590
0.015100	1.127500
0.015200	9.900600
0.015300	10.875400
0.015400	4.051870
0.015500	-0.334677
0.015600	0.152717
0.015700	-2.771650
0.015800	-10.570000
0.015900	-17.393499
0.016000	-15.443900
0.016100	-19.343000
0.016200	-20.317801
0.016300	-17.393499
0.016400	-21.292601
0.016500	-31.040501
0.016600	-32.990101
0.016700	-31.040501
0.016800	-29.090900
0.016900	-24.216999
0.017000	-15.443900
0.017100	-12.519500
0.017200	-9.595160
0.017300	-5.696010
0.017400	-3.746440
0.017500	-8.620380
0.017600	-6.670800
0.017700	-5.696010
0.017800	-0.822071
0.017900	3.564470
0.018000	10.875400
0.018100	25.497200
0.018200	25.497200
0.018300	22.572800
0.018400	26.472000
0.018500	34.270302
0.018600	29.396400
0.018700	32.320702
0.018800	29.396400
0.018900	17.698900
0.019000	8.925810
0.019100	3.564470
0.019200	2.102290
0.019300	2.102290
0.019400	6.976230
0.019500	8.925810
0.019600	7.463630
0.019700	4.051870
0.019800	2.102290
0.019900	-1.796860
0.020000	-9.595160
0.020100	-11.544700
0.020200	-9.595160
0.020300	-1.309470
0.020400	3.077080
0.020500	2.102290
0.020600	0.640111
0.020700	9.900600
0.020800	15.749300
0.020900	13.799700
0.021000	17.698900
0.021100	18.186300
0.021200	25.497200
0.021300	30.371099
0.021400	31.833300
0.021500	27.934200
0.021600	35.732498
0.021700	44.993000
0.021800	37.682098
0.021900	28.421600
0.022000	25.497200
0.022100	7.951020
0.022200	-13.006900
0.022300	-23.242201
0.022400	-25.191799
0.022500	-21.292601
0.022600	-13.494300
0.022700	-9.595160
0.022800	-7.645590
0.022900	-2.771650
0.023000	3.077080
0.023100	-1.796860
0.023200	-11.544700
0.023300	-16.418699
0.023400	-21.292601
0.023500	-28.116100
0.023600	-31.527901
0.023700	-25.191799
0.023800	-25.191799
0.023900	-32.015301
0.024000	-35.914398
0.024100	-29.090900
0.024200	-20.317801
0.024300	-7.645590
0.024400	6.976230
0.024500	9.900600
0.024600	11.850200
0.024700	4.539260
0.024800	-5.696010
0.024900	0.152717
0.025000	12.337600
0.025100	9.900600
0.025200	9.900600
0.025300	18.673700
0.025400	29.396400
0.025500	35.245098
0.025600	29.396400
0.025700	17.698900
0.025800	17.698900
0.025900	19.648500
0.026000	17.698900
0.026100	14.287100
0.026200	14.774500
0.026300	20.623301
0.026400	23.547600
0.026500	18.673700
0.026600	9.900600
0.026700	11.362800
0.026800	13.799700
0.026900	9.900600
0.027000	7.951020
0.027100	2.589690
0.027200	3.077080
0.027300	-1.796860
0.027400	-7.158190
0.027500	-11.544700
0.027600	-13.494300
0.027700	-11.544700
0.027800	-7.645590
0.027900	-7.645590
0.028000	-5.696010
0.028100	-1.309470
0.028200	6.976230
0.028300	14.774500
0.028400	41.093800
0.028500	101.530998
0.028600	109.329002
0.028700	70.337502
0.028800	48.892101
0.028900	42.068600
0.029000	33.295502
0.029100	26.472000
0.029200	23.547600
0.029300	18.673700
0.029400	8.925810
0.029500	2.102290
0.029600	0.152717
0.029700	-7.645590
0.029800	-12.519500
0.029900	-13.494300
0.030000	-20.317801
0.030100	-21.292601
0.030200	-21.292601
0.030300	-22.754801
0.030400	-25.191799
0.030500	-25.191799
0.030600	-21.292601
0.030700	-9.595160
0.030800	1.127500
0.030900	1.127500
0.031000	2.102290
0.031100	0.152717
0.031200	2.102290
0.031300	6.001440
0.031400	8.925810
0.031500	9.900600
0.031600	2.102290
0.031700	6.001440
0.031800	4.051870
0.031900	-1.309470
0.032000	-3.746440
0.032100	-5.208620
0.032200	1.127500
0.032300	9.900600
0.032400	21.598101
0.032500	26.959400
0.032600	35.245098
0.032700	46.942501
0.032800	47.429901
0.032900	44.993000
0.033000	41.093800
0.033100	40.118999
0.033200	42.068600
0.033300	41.093800
0.033400	25.497200
0.033500	12.337600
0.033600	1.127500
0.033700	2.102290
0.033800	-2.771650
0.033900	-13.494300
0.034000	-19.343000
0.034100	-21.292601
0.034200	-29.090900
0.034300	-27.141300
0.034400	-27.141300
0.034500	-25.191799
0.034600	-22.267401
0.034700	-15.443900
0.034800	-5.696010
0.034900	-3.746440
0.035000	0.152717
0.035100	6.976230
0.035200	13.799700
0.035300	15.749300
0.035400	10.388000
0.035500	11.850200
0.035600	10.875400
0.035700	6.001440
0.035800	2.102290
0.035900	-1.796860
0.036000	-9.595160
0.036100	-11.057300
0.036200	-19.343000
0.036300	-17.393499
0.036400	-18.855600
0.036500	-22.267401
0.036600	-21.292601
0.036700	-11.544700
0.036800	-10.570000
0.036900	-17.393499
0.037000	-9.595160
0.037100	-4.721220
0.037200	-4.721220
0.037300	2.102290
0.037400	9.900600
0.037500	7.951020
0.037600	11.362800
0.037700	21.598101
0.037800	19.648500
0.037900	13.799700
0.038000	13.799700
0.038100	10.875400
0.038200	4.051870
0.038300	2.102290
0.038400	-13.494300
0.038500	-23.242201
0.038600	-19.343000
0.038700	-21.292601
0.038800	-29.090900
0.038900	-32.990101
0.039000	-34.939701
0.039100	-32.990101
0.039200	-29.090900
0.039300	-16.418699
0.039400	-20.317801
0.039500	-25.191799
0.039600	-23.242201
0.039700	-21.292601
0.039800	-15.443900
0.039900	-7.645590
0.040000	-3.746440
0.040100	2.102290
0.040200	5.026660
0.040300	6.001440
0.040400	6.001440
0.040500	8.925810
0.040600	3.077080
0.040700	-3.746440
0.040800	-5.696010
0.040900	-7.158190
0.041000	-1.796860
0.041100	-4.721220
0.041200	-8.132980
0.041300	-9.595160
0.041400	-9.595160
0.041500	-5.696010
0.041600	-1.796860
0.041700	-5.696010
0.041800	-13.494300
0.041900	-15.443900
0.042000	-15.443900
0.042100	-7.645590
0.042200	-1.796860
0.042300	2.102290
0.042400	6.001440
0.042500	13.799700
0.042600	22.572800
0.042700	29.396400
0.042800	29.396400
0.042900	27.446800
0.043000	25.497200
0.043100	17.698900
0.043200	11.850200
0.043300	8.438410
0.043400	6.976230
0.043500	11.850200
0.043600	6.976230
0.043700	2.102290
0.043800	-4.721220
0.043900	-5.696010
0.044000	-0.822071
0.044100	-5.696010
0.044200	-9.595160
0.044300	-9.595160
0.044400	-5.696010
0.044500	-4.721220
0.044600	-8.620380
0.044700	-10.570000
0.044800	-10.570000
0.044900	-5.696010
0.045000	-1.796860
0.045100	-2.771650
0.045200	1.127500
0.045300	7.951020
0.045400	8.925810
0.045500	4.051870
0.045600	-1.796860
0.045700	2.589690
0.045800	7.951020
0.045900	13.799700
0.046000	7.951020
0.046100	-4.721220
0.046200	-9.595160
0.046300	-7.645590
0.046400	-13.494300
0.046500	-23.242201
0.046600	-28.116100
0.046700	-29.090900
0.046800	-28.603500
0.046900	-19.343000
0.047000	-9.107770
0.047100	-10.570000
0.047200	-3.746440
0.047300	2.102290
0.047400	3.077080
0.047500	6.001440
0.047600	15.749300
0.047700	21.598101
0.047800	23.547600
0.047900	25.497200
0.048000	25.497200
0.048100	21.598101
0.048200	27.446800
0.048300	21.598101
0.048400	2.102290
0.048500	-43.712700
0.048600	-17.393499
0.048700	55.228199
0.048800	15.749300
0.048900	-27.141300
0.049000	-24.704399
0.049100	-29.090900
0.049200	-34.939701
0.049300	-25.191799
0.049400	-21.292601
0.049500	-29.090900
0.049600	-32.990101
0.049700	-17.393499
0.049800	0.152717
0.049900	-7.158190
0.050000	-17.393499
0.050100	-16.418699
0.050200	-9.595160
0.050300	-7.645590
0.050400	-11.544700
0.050500	-13.494300
0.050600	-20.317801
0.050700	-23.242201
0.050800	-15.443900
0.050900	-7.645590
0.051000	-7.645590
0.051100	-7.645590
0.051200	0.152717
0.051300	9.900600
0.051400	15.749300
0.051500	17.698900
0.051600	17.698900
0.051700	17.698900
0.051800	18.673700
0.051900	18.673700
0.052000	15.749300
0.052100	11.850200
0.052200	9.900600
0.052300	7.951020
0.052400	9.900600
0.052500	6.976230
0.052600	2.102290
0.052700	-1.309470
0.052800	-0.822071
0.052900	-5.696010
0.053000	-4.721220
0.053100	-4.721220
0.053200	-5.696010
0.053300	-12.519500
0.053400	-9.595160
0.053500	-11.544700
0.053600	-9.595160
0.053700	-11.544700
0.053800	-9.595160
0.053900	-3.746440
0.054000	-4.721220
0.054100	-0.334677
0.054200	2.102290
0.054300	2.589690
0.054400	-1.796860
0.054500	-3.746440
0.054600	-1.796860
0.054700	-5.696010
0.054800	-21.292601
0.054900	-42.737999
0.055000	25.497200
0.055100	48.892101
0.055200	7.951020
0.055300	1.127500
0.055400	8.925810
0.055500	1.127500
0.055600	0.152717
0.055700	2.102290
0.055800	0.152717
0.055900	-4.721220
0.056000	-6.670800
0.056100	-12.032100
0.056200	-15.443900
0.056300	-9.595160
0.056400	-7.645590
0.056500	-9.595160
0.056600	-9.595160
0.056700	-12.519500
0.056800	-19.343000
0.056900	-19.830400
0.057000	-15.443900
0.057100	-16.906099
0.057200	-11.544700
0.057300	-7.645590
0.057400	-9.595160
0.057500	-9.595160
0.057600	-4.721220
0.057700	4.051870
0.057800	6.001440
0.057900	6.001440
0.058000	7.951020
0.058100	10.875400
0.058200	6.001440
0.058300	4.051870
0.058400	6.976230
0.058500	10.875400
0.058600	16.724100
0.058700	13.799700
0.058800	8.925810
0.058900	13.799700
0.059000	11.362800
0.059100	2.102290
0.059200	4.539260
0.059300	7.951020
0.059400	6.976230
0.059500	2.102290
0.059600	-4.721220
0.059700	-13.494300
0.059800	-13.494300
0.059900	-19.343000
0.060000	-20.317801
0.060100	-20.317801
0.060200	-16.418699
0.060300	-18.368299
0.060400	-13.494300
0.060500	-9.595160
0.060600	-13.006900
0.060700	-15.443900
0.060800	-13.494300
0.060900	-10.570000
0.061000	-7.158190
0.061100	2.102290
0.061200	3.077080
0.061300	4.051870
0.061400	3.077080
0.061500	8.925810
0.061600	7.951020
0.061700	7.951020
0.061800	7.951020
0.061900	6.976230
0.062000	7.951020
0.062100	4.051870
0.062200	0.152717
0.062300	0.152717
0.062400	2.102290
0.062500	0.152717
0.062600	2.102290
0.062700	3.077080
0.062800	0.152717
0.062900	3.077080
0.063000	3.077080
0.063100	-5.696010
0.063200	-5.696010
0.063300	-3.746440
0.063400	-5.208620
0.063500	-5.696010
0.063600	-5.696010
0.063700	-3.746440
0.063800	-0.822071
0.063900	-1.796860
0.064000	-1.309470
0.064100	-1.796860
0.064200	-5.696010
0.064300	-12.519500
0.064400	-7.645590
0.064500	-7.645590
0.064600	-4.721220
0.064700	-1.796860
0.064800	-0.822071
0.064900	-4.721220
0.065000	0.152717
0.065100	2.102290
0.065200	2.102290
0.065300	0.152717
0.065400	-3.746440
0.065500	0.152717
0.065600	4.051870
0.065700	0.152717
0.065800	-1.796860
0.065900	-3.746440
0.066000	-8.620380
0.066100	-8.620380
0.066200	-10.570000
0.066300	-3.746440
0.066400	-3.746440
0.066500	-7.158190
0.066600	-5.208620
0.066700	-4.721220
0.066800	-5.696010
0.066900	-12.519500
0.067000	-13.494300
0.067100	-7.645590
0.067200	-6.670800
0.067300	-3.746440
0.067400	-1.796860
0.067500	-1.796860
0.067600	-0.822071
0.067700	0.152717
0.067800	2.102290
0.067900	2.102290
0.068000	4.051870
0.068100	4.051870
0.068200	3.077080
0.068300	-3.746440
0.068400	-3.746440
0.068500	-0.822071
0.068600	-0.822071
0.068700	2.102290
0.068800	2.102290
0.068900	2.102290
0.069000	1.614900
0.069100	0.152717
0.069200	-1.796860
0.069300	-5.696010
0.069400	-5.696010
0.069500	-5.696010
0.069600	-7.645590
0.069700	-1.796860
0.069800	6.001440
0.069900	2.102290
0.070000	1.127500
0.070100	-0.822071
0.070200	-1.796860
0.070300	-4.721220
0.070400	-6.670800
0.070500	-7.645590
0.070600	-4.721220
0.070700	-4.721220
0.070800	-7.645590
0.070900	-10.570000
0.071000	-5.696010
0.071100	-8.620380
0.071200	-8.620380
0.071300	-7.158190
0.071400	-3.746440
0.071500	-3.746440
0.071600	-5.696010
0.071700	-2.771650
0.071800	0.152717
0.071900	0.152717
0.072000	2.102290
0.072100	2.102290
0.072200	2.102290
0.072300	2.102290
0.072400	-1.796860
0.072500	3.077080
0.072600	6.001440
0.072700	0.152717
0.072800	-5.696010
0.072900	-3.746440
0.073000	-1.796860
0.073100	-7.645590
0.073200	-13.494300
0.073300	-15.443900
0.073400	-8.620380
0.073500	-11.544700
0.073600	-9.595160
0.073700	-9.595160
0.073800	-8.620380
0.073900	-6.670800
0.074000	-5.208620
0.074100	-5.696010
0.074200	-4.721220
0.074300	-3.746440
0.074400	-5.696010
0.074500	-7.645590
0.074600	-8.620380
0.074700	-4.721220
0.074800	-3.746440
0.074900	-1.796860
0.075000	2.589690
0.075100	2.102290
0.075200	-3.746440
0.075300	-4.233830
0.075400	-0.822071
0.075500	-1.796860
0.075600	-3.746440
0.075700	-3.746440
0.075800	-3.746440
0.075900	-4.721220
0.076000	-8.620380
0.076100	-9.595160
0.076200	-10.570000
0.076300	-8.620380
0.076400	-5.696010
0.076500	0.152717
0.076600	-3.746440
0.076700	0.152717
0.076800	2.102290
0.076900	-3.746440
0.077000	-5.696010
0.077100	-4.721220
0.077200	-5.696010
0.077300	-5.696010
0.077400	-3.746440
0.077500	0.152717
0.077600	-0.822071
0.077700	-5.696010
0.077800	-7.645590
0.077900	-3.746440
0.078000	-5.696010
0.078100	-2.284250
0.078200	1.127500
0.078300	0.152717
0.078400	-2.771650
0.078500	2.102290
0.078600	2.102290
0.078700	0.152717
0.078800	0.152717
0.078900	-4.721220
0.079000	2.102290
0.079100	4.539260
0.079200	6.976230
0.079300	3.077080
0.079400	-0.822071
0.079500	-1.796860
0.079600	-0.822071
0.079700	-0.334677
0.079800	0.640111
0.079900	-1.796860
0.080000	-3.746440
0.080100	-1.796860
0.080200	-2.771650
0.080300	-5.696010
0.080400	-4.721220
0.080500	-1.796860
0.080600	-5.696010
0.080700	-3.746440
0.080800	-5.208620
0.080900	-5.696010
0.081000	-7.645590
0.081100	-7.645590
0.081200	-6.670800
0.081300	-4.721220
0.081400	-4.721220
0.081500	-5.696010
0.081600	-4.721220
0.081700	-5.696010
0.081800	-5.208620
0.081900	2.102290
0.082000	3.077080
0.082100	-2.771650
0.082200	-5.696010
0.082300	-1.796860
0.082400	-1.796860
0.082500	-0.822071
0.082600	-4.721220
0.082700	-1.796860
0.082800	-5.696010
0.082900	-1.796860
0.083000	1.127500
0.083100	-2.771650
0.083200	-6.670800
0.083300	-4.233830
0.083400	-5.696010
0.083500	-9.595160
0.083600	-6.670800
0.083700	-3.746440
0.083800	-5.696010
0.083900	-5.696010
0.084000	-4.721220
0.084100	-3.259040
0.084200	0.152717
0.084300	-1.796860
0.084400	-5.696010
0.084500	-7.158190
0.084600	-3.746440
0.084700	-4.721220
0.084800	-8.620380
0.084900	-7.645590
0.085000	-0.822071
0.085100	-5.696010
0.085200	-3.746440
0.085300	-5.696010
0.085400	-6.670800
0.085500	-5.696010
0.085600	-7.645590
0.085700	-4.721220
0.085800	-1.796860
0.085900	0.152717
0.086000	-5.696010
0.086100	-4.721220
0.086200	-6.670800
0.086300	-5.696010
0.086400	-1.796860
0.086500	-5.696010
0.086600	-9.595160
0.086700	-6.670800
0.086800	-6.670800
0.086900	-7.645590
0.087000	-5.696010
0.087100	-8.620380
0.087200	-3.746440
0.087300	-5.696010
0.087400	-7.645590
0.087500	-6.670800
0.087600	-5.696010
0.087700	-3.746440
0.087800	-4.721220
0.087900	-1.796860
0.088000	0.152717
0.088100	-3.746440
0.088200	-6.183410
0.088300	-4.721220
0.088400	-1.796860
0.088500	0.152717
0.088600	1.127500
0.088700	-1.796860
0.088800	-1.796860
0.088900	-0.822071
0.089000	-5.696010
0.089100	-3.746440
0.089200	0.640111
0.089300	-1.796860
0.089400	-3.746440
0.089500	-3.746440
0.089600	-4.721220
0.089700	-4.721220
0.089800	-5.696010
0.089900	-4.721220
0.090000	0.152717
0.090100	-3.746440
0.090200	-5.696010
0.090300	-3.746440
0.090400	-4.721220
0.090500	-8.620380
0.090600	-9.595160
0.090700	-7.645590
0.090800	-5.696010
0.090900	-1.796860
0.091000	-0.822071
0.091100	-7.645590
0.091200	-5.696010
0.091300	-3.746440
0.091400	-4.721220
0.091500	-0.822071
0.091600	-3.746440
0.091700	-5.696010
0.091800	-3.746440
0.091900	-1.796860
0.092000	-4.721220
0.092100	0.152717
0.092200	2.102290
0.092300	0.152717
0.092400	-3.746440
0.092500	-0.822071
0.092600	2.102290
0.092700	2.102290
0.092800	-3.746440
0.092900	-5.696010
0.093000	-5.696010
0.093100	-5.696010
0.093200	-5.696010
0.093300	-5.696010
0.093400	-5.696010
0.093500	-8.620380
0.093600	-9.595160
0.093700	-7.645590
0.093800	-4.721220
0.093900	-11.057300
0.094000	-12.032100
0.094100	-7.645590
0.094200	-4.721220
0.094300	-1.796860
0.094400	2.102290
0.094500	0.152717
0.094600	-1.796860
0.094700	-5.696010
0.094800	-3.746440
0.094900	-3.746440
0.095000	-5.696010
0.095100	-5.696010
0.095200	-1.796860
0.095300	0.152717
0.095400	4.051870
0.095500	3.077080
0.095600	-1.796860
0.095700	-3.746440
0.095800	-5.696010
0.095900	-0.822071
0.096000	2.102290
0.096100	-0.334677
0.096200	-3.746440
0.096300	3.077080
0.096400	0.152717
0.096500	-5.696010
0.096600	-5.696010
0.096700	-3.746440
0.096800	-7.645590
0.096900	-7.158190
0.097000	-3.746440
0.097100	-5.208620
0.097200	-7.645590
0.097300	-6.183410
0.097400	-5.696010
0.097500	-3.746440
0.097600	-1.309470
0.097700	-3.746440
0.097800	-1.796860
0.097900	2.102290
0.098000	6.001440
0.098100	6.488840
0.098200	5.026660
0.098300	2.102290
0.098400	4.051870
0.098500	6.001440
0.098600	6.488840
0.098700	6.001440
0.098800	0.152717
0.098900	-4.721220
0.099000	2.102290
0.099100	2.102290
0.099200	2.102290
0.099300	0.152717
0.099400	-0.822071
0.099500	-0.822071
0.099600	-0.822071
0.099700	4.051870
0.099800	2.589690
0.099900	0.152717
0.100000	2.102290
0.100100	6.001440
0.100200	4.051870
0.100300	-0.822071
0.100400	-4.721220
0.100500	-7.645590
0.100600	-8.620380
0.100700	-1.796860
0.100800	1.127500
0.100900	-0.822071
0.101000	2.102290
0.101100	6.976230
0.101200	2.102290
0.101300	-1.796860
0.101400	-1.796860
0.101500	-0.822071
0.101600	-1.796860
0.101700	-1.796860
0.101800	0.152717
0.101900	-2.771650
0.102000	-4.721220
0.102100	0.152717
0.102200	-0.822071
0.102300	-5.696010
0.102400	-1.796860
0.102500	-1.796860
0.102600	-5.696010
0.102700	-3.746440
0.102800	0.152717
0.102900	-2.771650
0.103000	-6.670800
0.103100	0.152717
0.103200	-1.796860
0.103300	-5.696010
0.103400	-1.796860
0.103500	0.152717
0.103600	-5.696010
0.103700	-5.696010
0.103800	-3.746440
0.103900	-5.696010
0.104000	-6.670800
0.104100	0.152717
0.104200	0.152717
0.104300	-2.771650
0.104400	-5.696010
0.104500	0.152717
0.104600	0.152717
0.104700	-1.796860
0.104800	-3.746440
0.104900	0.152717
0.105000	2.102290
0.105100	2.589690
0.105200	2.102290
0.105300	-3.746440
0.105400	-5.696010
0.105500	0.152717
0.105600	-2.771650
0.105700	-0.822071
0.105800	0.152717
0.105900	0.152717
0.106000	-5.696010
0.106100	-3.746440
0.106200	-3.746440
0.106300	-3.746440
0.106400	-2.771650
0.106500	-0.822071
0.106600	-0.334677
0.106700	-1.796860
0.106800	0.152717
0.106900	0.152717
0.107000	-3.746440
0.107100	-7.645590
0.107200	-5.696010
0.107300	0.152717
0.107400	-0.334677
0.107500	-2.771650
0.107600	0.640111
0.107700	2.102290
0.107800	2.102290
0.107900	4.051870
0.108000	0.640111
0.108100	0.640111
0.108200	3.077080
0.108300	2.102290
0.108400	2.102290
0.108500	2.102290
0.108600	-3.746440
0.108700	-1.796860
0.108800	2.102290
0.108900	-3.746440
0.109000	-4.233830
0.109100	-7.645590
0.109200	-4.233830
0.109300	2.102290
0.109400	2.102290
0.109500	0.152717
0.109600	-0.822071
0.109700	-0.822071
0.109800	2.102290
0.109900	2.102290
0.110000	0.152717
0.110100	1.127500
0.110200	0.152717
0.110300	-1.796860
0.110400	-5.696010
0.110500	-5.208620
0.110600	0.152717
0.110700	-4.721220
0.110800	-5.696010
0.110900	-4.721220
0.111000	-1.796860
0.111100	1.127500
0.111200	2.102290
0.111300	-0.822071
0.111400	-1.796860
0.111500	1.127500
0.111600	2.102290
0.111700	0.640111
0.111800	-0.334677
0.111900	0.152717
0.112000	-3.746440
0.112100	-3.746440
0.112200	-3.259040
0.112300	-0.822071
0.112400	-4.721220
0.112500	-5.696010
0.112600	-5.696010
0.112700	-3.259040
0.112800	-4.721220
0.112900	-0.822071
0.113000	-3.746440
0.113100	-0.822071
0.113200	1.127500
0.113300	-0.334677
0.113400	-1.796860
0.113500	-1.796860
0.113600	-1.796860
0.113700	-1.796860
0.113800	-3.746440
0.113900	-9.595160
0.114000	-6.670800
0.114100	-7.645590
0.114200	-9.595160
0.114300	-4.721220
0.114400	-1.309470
0.114500	-1.309470
0.114600	-3.746440
0.114700	-3.746440
0.114800	-7.158190
0.114900	-1.796860
0.115000	-2.771650
0.115100	-5.696010
0.115200	-1.796860
0.115300	-1.796860
0.115400	-4.721220
0.115500	2.102290
0.115600	0.152717
0.115700	-0.822071
0.115800	-0.822071
0.115900	-1.796860
0.116000	-1.796860
0.116100	0.640111
0.116200	-3.746440
0.116300	-3.746440
0.116400	-1.309470
0.116500	0.152717
0.116600	6.001440
0.116700	6.001440
0.116800	2.102290
0.116900	0.152717
0.117000	-1.796860
0.117100	-3.746440
0.117200	2.102290
0.117300	-1.796860
0.117400	-1.796860
0.117500	0.152717
0.117600	-5.696010
0.117700	-0.822071
0.117800	2.102290
0.117900	1.127500
0.118000	-0.822071
0.118100	3.077080
0.118200	3.077080
0.118300	3.077080
0.118400	4.051870
0.118500	3.077080
0.118600	3.077080
0.118700	1.127500
0.118800	0.152717
0.118900	-0.822071
0.119000	1.127500
0.119100	-1.796860
0.119200	-5.208620
0.119300	-4.721220
0.119400	0.152717
0.119500	-0.822071
0.119600	0.152717
0.119700	2.102290
0.119800	2.102290
0.119900	0.152717
0.120000	2.102290
0.120100	-0.334677
0.120200	-0.822071
0.120300	-1.796860
0.120400	-1.309470
0.120500	2.102290
0.120600	6.001440
0.120700	1.614900
0.120800	1.614900
0.120900	2.102290
0.121000	2.102290
0.121100	0.152717
0.121200	-2.771650
0.121300	-3.746440
0.121400	-0.822071
0.121500	0.152717
0.121600	-1.796860
0.121700	0.152717
0.121800	1.127500
0.121900	0.152717
0.122000	0.152717
0.122100	-0.822071
0.122200	0.152717
0.122300	-3.259040
0.122400	-2.771650
0.122500	2.102290
0.122600	-0.822071
0.122700	-1.796860
0.122800	2.102290
0.122900	3.077080
0.123000	-1.796860
0.123100	-0.822071
0.123200	2.102290
0.123300	2.102290
0.123400	-0.822071
0.123500	-3.259040
0.123600	-1.796860
0.123700	0.152717
0.123800	0.152717
0.123900	3.077080
0.124000	0.640111
0.124100	-3.746440
0.124200	-1.796860
0.124300	3.077080
0.124400	-1.796860
0.124500	-4.721220
0.124600	-4.721220
0.124700	-5.696010
0.124800	-3.746440
0.124900	-1.309470
0.125000	-5.208620
0.125100	-1.796860
0.125200	-9.595160
0.125300	-12.519500
0.125400	-10.570000
0.125500	-8.132980
0.125600	-3.746440
0.125700	-1.796860
0.125800	-5.696010
0.125900	-5.696010
0.126000	-0.822071
0.126100	-1.309470
0.126200	-7.645590
0.126300	-5.696010
0.126400	0.152717
0.126500	-2.771650
0.126600	-5.696010
0.126700	-1.796860
0.126800	2.102290
0.126900	3.077080
0.127000	3.077080
0.127100	2.102290
0.127200	-0.822071
0.127300	-3.746440
0.127400	0.152717
0.127500	2.102290
0.127600	0.152717
0.127700	0.152717
0.127800	0.152717
0.127900	4.051870
0.128000	6.001440
0.128100	6.001440
0.128200	3.077080
0.128300	6.001440
0.128400	2.102290
0.128500	3.077080
0.128600	6.976230
0.128700	9.900600
0.128800	3.077080
0.128900	-0.334677
0.129000	2.102290
0.129100	2.102290
0.129200	3.077080
0.129300	1.127500
0.129400	4.051870
0.129500	2.102290
0.129600	2.102290
0.129700	4.051870
0.129800	2.102290
0.129900	-0.822071
0.130000	1.127500
0.130100	2.102290
0.130200	-1.309470
0.130300	-1.309470
0.130400	-3.746440
0.130500	-3.746440
0.130600	-7.158190
0.130700	-5.696010
0.130800	-1.796860
0.130900	1.127500
0.131000	2.102290
0.131100	2.102290
0.131200	0.152717
0.131300	-0.822071
0.131400	4.051870
0.131500	2.589690
0.131600	0.640111
0.131700	2.102290
0.131800	2.102290
0.131900	0.152717
0.132000	-1.796860
0.132100	2.102290
0.132200	3.077080
0.132300	-3.746440
0.132400	-8.620380
0.132500	-7.645590
0.132600	-3.746440
0.132700	-3.746440
0.132800	0.640111
0.132900	2.102290
0.133000	3.077080
0.133100	0.152717
0.133200	1.127500
0.133300	-2.771650
0.133400	-4.721220
0.133500	-4.721220
0.133600	-3.746440
0.133700	-3.746440
0.133800	-5.208620
0.133900	-5.696010
0.134000	0.152717
0.134100	2.589690
0.134200	-3.746440
0.134300	-0.822071
0.134400	-0.334677
0.134500	-3.746440
0.134600	0.152717
0.134700	3.077080
0.134800	0.152717
0.134900	-5.696010
0.135000	-3.746440
0.135100	-0.822071
0.135200	2.102290
0.135300	-1.796860
0.135400	-4.721220
0.135500	-5.696010
0.135600	-5.696010
0.135700	-5.696010
0.135800	-5.696010
0.135900	-4.721220
0.136000	-1.796860
0.136100	-3.746440
0.136200	-1.309470
0.136300	2.102290
0.136400	-3.746440
0.136500	-6.670800
0.136600	-5.696010
0.136700	-5.208620
0.136800	-1.796860
0.136900	0.152717
0.137000	-2.771650
0.137100	0.640111
0.137200	1.614900
0.137300	-1.309470
0.137400	-3.746440
0.137500	-3.746440
0.137600	-3.259040
0.137700	-3.746440
0.137800	-3.746440
0.137900	2.102290
0.138000	-2.771650
0.138100	-6.670800
0.138200	-5.696010
0.138300	-1.309470
0.138400	-1.796860
0.138500	3.077080
0.138600	-1.796860
0.138700	-4.721220
0.138800	0.152717
0.138900	-0.334677
0.139000	-3.746440
0.139100	-0.822071
0.139200	-0.822071
0.139300	0.152717
0.139400	0.152717
0.139500	-3.259040
0.139600	-8.620380
0.139700	-5.696010
0.139800	2.102290
0.139900	6.001440
0.140000	0.152717
0.140100	-3.746440
0.140200	-1.309470
0.140300	4.539260
0.140400	2.102290
0.140500	0.152717
0.140600	3.077080
0.140700	2.589690
0.140800	-0.822071
0.140900	-1.796860
0.141000	3.077080
0.141100	2.102290
0.141200	0.152717
0.141300	-1.796860
0.141400	-4.721220
0.141500	-4.721220
0.141600	-4.721220
0.141700	-3.746440
0.141800	-5.208620
0.141900	-2.771650
0.142000	-1.796860
0.142100	0.152717
0.142200	0.152717
0.142300	0.152717
0.142400	-0.822071
0.142500	0.640111
0.142600	4.051870
0.142700	-3.746440
0.142800	-1.796860
0.142900	0.152717
0.143000	0.640111
0.143100	-0.334677
0.143200	-3.746440
0.143300	-1.796860
0.143400	-0.822071
0.143500	-2.771650
0.143600	-3.746440
0.143700	2.102290
0.143800	-0.822071
0.143900	-0.822071
0.144000	-3.746440
0.144100	-9.595160
0.144200	-9.595160
0.144300	-7.645590
0.144400	-9.107770
0.144500	-9.595160
0.144600	-3.746440
0.144700	-1.796860
0.144800	-1.796860
0.144900	1.127500
0.145000	-1.796860
0.145100	-6.670800
0.145200	-1.796860
0.145300	-4.721220
0.145400	-2.771650
0.145500	2.102290
0.145600	-1.309470
0.145700	-1.796860
0.145800	-4.721220
0.145900	-5.208620
0.146000	-4.721220
0.146100	-2.771650
0.146200	-1.796860
0.146300	-5.696010
0.146400	-1.796860
0.146500	-1.796860
0.146600	-1.796860
0.146700	-1.796860
0.146800	-1.796860
0.146900	-1.796860
0.147000	-2.771650
0.147100	-5.208620
0.147200	-5.696010
0.147300	-5.696010
0.147400	-5.696010
0.147500	-5.208620
0.147600	-4.721220
0.147700	-4.721220
0.147800	-3.746440
0.147900	-5.696010
0.148000	-7.645590
0.148100	-3.746440
0.148200	-4.721220
0.148300	-7.645590
0.148400	-6.670800
0.148500	-7.645590
0.148600	-5.208620
0.148700	-1.796860
0.148800	-1.796860
0.148900	-4.233830
0.149000	-0.822071
0.149100	-1.796860
0.149200	0.152717
0.149300	-0.822071
0.149400	-0.822071
0.149500	-1.309470
0.149600	-9.595160
0.149700	-4.721220
0.149800	-1.796860
0.149900	-4.721220
0.150000	-4.233830
0.150100	-1.796860
0.150200	-0.822071
0.150300	-0.822071
0.150400	-1.796860
0.150500	-0.822071
0.150600	-4.721220
0.150700	-3.746440
0.150800	0.152717
0.150900	-2.771650
0.151000	-4.721220
0.151100	-3.746440
0.151200	-1.309470
0.151300	-1.796860
0.151400	-1.796860
0.151500	-4.721220
0.151600	-2.771650
0.151700	0.152717
0.151800	2.102290
0.151900	-0.822071
0.152000	-1.796860
0.152100	-4.721220
0.152200	-5.696010
0.152300	-0.822071
0.152400	0.152717
0.152500	2.102290
0.152600	1.127500
0.152700	-1.796860
0.152800	-1.796860
0.152900	-3.746440
0.153000	-5.696010
0.153100	-7.645590
0.153200	-1.796860
0.153300	-0.822071
0.153400	-4.721220
0.153500	-3.746440
0.153600	-1.309470
0.153700	0.152717
0.153800	-1.796860
0.153900	-1.796860
0.154000	-1.796860
0.154100	0.152717
0.154200	0.152717
0.154300	0.152717
0.154400	1.127500
0.154500	0.152717
0.154600	-0.822071
0.154700	0.152717
0.154800	-3.746440
0.154900	-7.645590
0.155000	-3.746440
0.155100	3.077080
0.155200	2.102290
0.155300	-0.822071
0.155400	3.077080
0.155500	2.102290
0.155600	2.102290
0.155700	-1.796860
0.155800	-3.746440
0.155900	-1.309470
0.156000	-4.721220
0.156100	-5.696010
0.156200	-3.746440
0.156300	-5.696010
0.156400	-7.645590
0.156500	-3.746440
0.156600	0.152717
0.156700	-3.746440
0.156800	-5.208620
0.156900	-1.796860
0.157000	-1.796860
0.157100	-5.696010
0.157200	0.152717
0.157300	0.152717
0.157400	-6.670800
0.157500	-5.208620
0.157600	2.102290
0.157700	0.152717
0.157800	2.102290
0.157900	-1.796860
0.158000	2.102290
0.158100	2.102290
0.158200	2.102290
0.158300	-1.796860
0.158400	-5.696010
0.158500	-1.796860
0.158600	-1.796860
0.158700	-4.233830
0.158800	-1.796860
0.158900	-1.796860
0.159000	-1.796860
0.159100	-5.696010
0.159200	-1.796860
0.159300	-0.822071
0.159400	-1.796860
0.159500	-5.696010
0.159600	-9.595160
0.159700	-5.696010
0.159800	-3.746440
0.159900	-5.696010
0.160000	-3.746440
0.160100	-1.796860
0.160200	-1.796860
0.160300	-3.259040
0.160400	-3.746440
0.160500	-1.796860
0.160600	-2.771650
0.160700	-8.620380
0.160800	-7.645590
0.160900	-5.696010
0.161000	-4.233830
0.161100	-1.796860
0.161200	-4.233830
0.161300	-8.620380
0.161400	-5.696010
0.161500	-3.746440
0.161600	-2.771650
0.161700	-4.721220
0.161800	-0.334677
0.161900	2.589690
0.162000	0.152717
0.162100	0.640111
0.162200	1.127500
0.162300	0.152717
0.162400	0.640111
0.162500	-1.796860
0.162600	3.077080
0.162700	6.001440
0.162800	-0.334677
0.162900	0.152717
0.163000	0.152717
0.163100	-3.746440
0.163200	-2.771650
0.163300	-5.696010
0.163400	-1.796860
0.163500	2.589690
0.163600	6.001440
0.163700	4.051870
0.163800	-0.822071
0.163900	0.152717
0.164000	2.102290
0.164100	4.051870
0.164200	2.102290
0.164300	-1.796860
0.164400	-2.771650
0.164500	0.640111
0.164600	-4.721220
0.164700	-5.696010
0.164800	-3.746440
0.164900	2.102290
0.165000	-0.822071
0.165100	1.614900
0.165200	3.077080
0.165300	-0.822071
0.165400	-3.746440
0.165500	-2.771650
0.165600	-0.822071
0.165700	-1.796860
0.165800	-4.721220
0.165900	-2.771650
0.166000	-1.796860
0.166100	-1.309470
0.166200	-5.696010
0.166300	-0.822071
0.166400	4.051870
0.166500	0.152717
0.166600	-0.822071
0.166700	-0.822071
0.166800	1.127500
0.166900	2.102290
0.167000	-1.796860
0.167100	-9.595160
0.167200	-5.696010
0.167300	-5.696010
0.167400	-2.771650
0.167500	-1.796860
0.167600	-5.208620
0.167700	-7.158190
0.167800	-3.746440
0.167900	2.102290
0.168000	1.127500
0.168100	-2.771650
0.168200	-1.796860
0.168300	-1.796860
0.168400	-5.696010
0.168500	-7.645590
0.168600	-5.696010
0.168700	-5.696010
0.168800	-8.620380
0.168900	-8.620380
0.169000	-3.746440
0.169100	-7.158190
0.169200	-4.721220
0.169300	-2.284250
0.169400	-7.645590
0.169500	-5.696010
0.169600	-5.696010
0.169700	-1.796860
0.169800	0.152717
0.169900	0.152717
0.170000	0.152717
0.170100	0.152717
0.170200	0.152717
0.170300	-1.796860
0.170400	-1.796860
0.170500	-3.746440
0.170600	0.152717
0.170700	6.976230
0.170800	6.001440
0.170900	-0.822071
0.171000	-5.208620
0.171100	-5.696010
0.171200	-4.721220
0.171300	-5.696010
0.171400	-3.746440
0.171500	-6.183410
0.171600	-5.696010
0.171700	-4.721220
0.171800	-0.822071
0.171900	1.127500
0.172000	-3.746440
0.172100	-5.696010
0.172200	-1.796860
0.172300	2.589690
0.172400	2.102290
0.172500	0.152717
0.172600	0.152717
0.172700	0.152717
0.172800	4.051870
0.172900	6.001440
0.173000	2.102290
0.173100	2.102290
0.173200	2.102290
0.173300	0.152717
0.173400	2.102290
0.173500	2.102290
0.173600	4.051870
0.173700	3.077080
0.173800	1.127500
0.173900	2.102290
0.174000	0.152717
0.174100	0.152717
0.174200	0.640111
0.174300	1.127500
0.174400	-0.822071
0.174500	0.152717
0.174600	-1.309470
0.174700	-3.746440
0.174800	-3.746440
0.174900	-0.822071
0.175000	3.077080
0.175100	0.152717
0.175200	-7.645590
0.175300	-1.796860
0.175400	0.152717
0.175500	0.152717
0.175600	1.127500
0.175700	-1.796860
0.175800	0.152717
0.175900	-0.334677
0.176000	-0.822071
0.176100	0.152717
0.176200	2.102290
0.176300	3.077080
0.176400	0.152717
0.176500	-1.796860
0.176600	-0.822071
0.176700	-1.796860
0.176800	-2.771650
0.176900	-3.746440
0.177000	-4.721220
0.177100	-5.208620
0.177200	-1.796860
0.177300	-4.721220
0.177400	-5.696010
0.177500	-1.796860
0.177600	0.152717
0.177700	-1.796860
0.177800	-3.746440
0.177900	0.152717
0.178000	-1.796860
0.178100	-4.721220
0.178200	-5.696010
0.178300	-3.259040
0.178400	-0.822071
0.178500	-5.208620
0.178600	-3.259040
0.178700	-1.796860
0.178800	1.127500
0.178900	-1.796860
0.179000	-7.158190
0.179100	-5.696010
0.179200	0.152717
0.179300	-2.771650
0.179400	-5.696010
0.179500	-3.746440
0.179600	1.127500
0.179700	0.152717
0.179800	0.152717
0.179900	2.102290
0.180000	-2.771650
0.180100	-5.696010
0.180200	-0.822071
0.180300	2.102290
0.180400	-7.158190
0.180500	-9.595160
0.180600	-5.696010
0.180700	2.102290
0.180800	2.102290
0.180900	0.152717
0.181000	-0.822071
0.181100	-4.721220
0.181200	-0.334677
0.181300	-0.822071
0.181400	-5.696010
0.181500	-5.696010
0.181600	-5.696010
0.181700	-5.696010
0.181800	-5.696010
0.181900	-2.771650
0.182000	-0.334677
0.182100	-4.721220
0.182200	-1.796860
0.182300	-1.796860
0.182400	2.102290
0.182500	2.589690
0.182600	1.127500
0.182700	0.152717
0.182800	2.102290
0.182900	1.127500
0.183000	-1.796860
0.183100	-7.158190
0.183200	-3.746440
0.183300	0.152717
0.183400	0.152717
0.183500	-1.796860
0.183600	-3.746440
0.183700	-3.259040
0.183800	-1.796860
0.183900	2.102290
0.184000	3.077080
0.184100	2.102290
0.184200	-0.334677
0.184300	-3.746440
0.184400	-1.796860
0.184500	-0.822071
0.184600	0.152717
0.184700	-0.822071
0.184800	2.589690
0.184900	0.640111
0.185000	1.127500
0.185100	2.102290
0.185200	0.152717
0.185300	-0.822071
0.185400	-5.696010
0.185500	-5.696010
0.185600	-2.771650
0.185700	-1.796860
0.185800	-0.822071
0.185900	-1.796860
0.186000	2.102290
0.186100	4.539260
0.186200	-3.746440
0.186300	-7.645590
0.186400	-9.595160
0.186500	-5.696010
0.186600	0.152717
0.186700	2.102290
0.186800	2.102290
0.186900	-3.746440
0.187000	-5.696010
0.187100	-4.721220
0.187200	-3.746440
0.187300	-5.696010
0.187400	-3.746440
0.187500	-3.746440
0.187600	-4.721220
0.187700	-5.696010
0.187800	-3.746440
0.187900	-3.746440
0.188000	-4.721220
0.188100	-6.670800
0.188200	-4.721220
0.188300	-4.721220
0.188400	-4.721220
0.188500	-3.746440
0.188600	-4.721220
0.188700	-3.746440
0.188800	-0.822071
0.188900	-4.233830
0.189000	-5.696010
0.189100	0.152717
0.189200	-0.822071
0.189300	-5.696010
0.189400	-7.645590
0.189500	-4.721220
0.189600	-0.822071
0.189700	0.152717
0.189800	-1.796860
0.189900	-4.233830
0.190000	1.127500
0.190100	4.051870
0.190200	1.127500
0.190300	-3.746440
0.190400	-5.696010
0.190500	-3.259040
0.190600	-4.233830
0.190700	-7.158190
0.190800	-1.796860
0.190900	2.102290
0.191000	-4.233830
0.191100	-0.822071
0.191200	-1.796860
0.191300	-3.746440
0.191400	-1.796860
0.191500	-0.822071
0.191600	-3.259040
0.191700	-1.796860
0.191800	-8.620380
0.191900	-8.620380
0.192000	-4.721220
0.192100	-1.796860
0.192200	0.152717
0.192300	-2.771650
0.192400	-7.645590
0.192500	-9.595160
0.192600	-5.696010
0.192700	-0.822071
0.192800	-5.208620
0.192900	-7.158190
0.193000	-4.721220
0.193100	-1.796860
0.193200	3.077080
0.193300	-3.259040
0.193400	-6.670800
0.193500	-6.670800
0.193600	0.152717
0.193700	-0.334677
0.193800	1.127500
0.193900	0.152717
0.194000	-3.746440
0.194100	-1.796860
0.194200	-1.309470
0.194300	-3.746440
0.194400	-4.721220
0.194500	2.102290
0.194600	0.152717
0.194700	-0.822071
0.194800	0.152717
0.194900	-1.309470
0.195000	-3.746440
0.195100	-5.696010
0.195200	0.152717
0.195300	2.102290
0.195400	1.127500
0.195500	2.102290
0.195600	2.102290
0.195700	-2.771650
0.195800	-4.721220
0.195900	-4.721220
0.196000	-3.746440
0.196100	-4.721220
0.196200	-4.721220
0.196300	-6.670800
0.196400	-3.259040
0.196500	0.152717
0.196600	-1.796860
0.196700	-3.746440
0.196800	-3.746440
0.196900	-0.822071
0.197000	1.127500
0.197100	-3.746440
0.197200	-3.746440
0.197300	-5.696010
0.197400	-3.746440
0.197500	-2.771650
0.197600	-2.771650
0.197700	-1.309470
0.197800	2.102290
0.197900	-1.796860
0.198000	0.152717
0.198100	4.051870
0.198200	4.051870
0.198300	0.152717
0.198400	-5.696010
0.198500	-5.696010
0.198600	-1.309470
0.198700	-4.233830
0.198800	-3.746440
0.198900	-1.796860
0.199000	-0.334677
0.199100	-3.746440
0.199200	-5.696010
0.199300	-3.259040
0.199400	-1.796860
0.199500	-5.696010
0.199600	-8.620380
0.199700	-3.746440
0.199800	0.152717
0.199900	-4.721220
0.200000	-5.696010
0.200100	-1.796860
0.200200	2.102290
0.200300	-1.309470
0.200400	-0.334677
0.200500	2.102290
0.200600	-0.822071
0.200700	-3.746440
0.200800	-1.796860
0.200900	-0.822071
0.201000	-1.796860
0.201100	-5.696010
0.201200	-1.796860
0.201300	0.152717
0.201400	2.102290
0.201500	-2.771650
0.201600	-1.796860
0.201700	-1.796860
0.201800	-5.696010
0.201900	-10.570000
0.202000	-9.107770
0.202100	-5.696010
0.202200	-5.696010
0.202300	-4.721220
0.202400	-3.746440
0.202500	-1.796860
0.202600	-1.796860
0.202700	0.152717
0.202800	-2.771650
0.202900	0.152717
0.203000	0.640111
0.203100	-0.822071
0.203200	-3.746440
0.203300	-3.746440
0.203400	-2.771650
0.203500	-3.746440
0.203600	-4.721220
0.203700	-4.233830
0.203800	0.152717
0.203900	0.152717
0.204000	-3.746440
0.204100	-4.721220
0.204200	-1.796860
0.204300	-1.796860
0.204400	-3.746440
0.204500	-1.796860
0.204600	1.614900
0.204700	-0.334677
0.204800	-4.233830
0.204900	-5.208620
0.205000	-2.771650
0.205100	-1.309470
0.205200	-6.670800
0.205300	-7.645590
0.205400	-4.233830
0.205500	-0.822071
0.205600	-1.796860
0.205700	-1.796860
0.205800	-1.796860
0.205900	-0.822071
0.206000	-4.721220
0.206100	-8.620380
0.206200	-1.309470
0.206300	0.152717
0.206400	-2.771650
0.206500	-2.771650
0.206600	-3.746440
0.206700	-5.696010
0.206800	-2.771650
0.206900	-3.746440
0.207000	-7.645590
0.207100	-6.670800
0.207200	-7.645590
0.207300	-1.796860
0.207400	2.102290
0.207500	-0.334677
0.207600	-4.721220
0.207700	-4.721220
0.207800	0.640111
0.207900	-3.746440
0.208000	-4.721220
0.208100	-0.822071
0.208200	-2.771650
0.208300	-3.746440
0.208400	-5.696010
0.208500	-5.696010
0.208600	-4.721220
0.208700	-1.796860
0.208800	-0.822071
0.208900	-4.721220
0.209000	-5.696010
0.209100	-4.721220
0.209200	-3.746440
0.209300	-0.822071
0.209400	2.102290
0.209500	-0.822071
0.209600	-2.771650
0.209700	-1.796860
0.209800	-3.746440
0.209900	-5.696010
0.210000	-1.796860
0.210100	-3.746440
0.210200	-3.746440
0.210300	2.102290
0.210400	3.077080
0.210500	0.152717
0.210600	-2.771650
0.210700	-6.670800
0.210800	-2.771650
0.210900	-2.771650
0.211000	0.152717
0.211100	-3.259040
0.211200	-3.746440
0.211300	-0.822071
0.211400	-1.796860
0.211500	-2.771650
0.211600	-5.208620
0.211700	-3.746440
0.211800	-1.796860
0.211900	-3.746440
0.212000	-5.696010
0.212100	-3.259040
0.212200	-3.746440
0.212300	-5.696010
0.212400	-1.796860
0.212500	-1.796860
0.212600	-2.771650
0.212700	-3.746440
0.212800	-1.796860
0.212900	-1.796860
0.213000	-0.822071
0.213100	-3.259040
0.213200	-5.696010
0.213300	-3.259040
0.213400	-1.796860
0.213500	-0.334677
0.213600	-3.746440
0.213700	-1.796860
0.213800	0.152717
0.213900	0.152717
0.214000	-3.259040
0.214100	-5.696010
0.214200	-4.721220
0.214300	0.152717
0.214400	0.152717
0.214500	-3.746440
0.214600	-5.696010
0.214700	-5.208620
0.214800	-1.796860
0.214900	0.152717
0.215000	-6.670800
0.215100	-5.696010
0.215200	-7.645590
0.215300	-1.796860
0.215400	0.152717
0.215500	2.102290
0.215600	1.127500
0.215700	1.127500
0.215800	-1.796860
0.215900	-1.796860
0.216000	-5.208620
0.216100	-1.796860
0.216200	-1.796860
0.216300	0.640111
0.216400	2.102290
0.216500	0.152717
0.216600	-5.696010
0.216700	-6.670800
0.216800	-1.796860
0.216900	1.127500
0.217000	1.127500
0.217100	-1.796860
0.217200	-4.233830
0.217300	-1.796860
0.217400	2.102290
0.217500	-1.796860
0.217600	-2.771650
0.217700	0.152717
0.217800	0.152717
0.217900	-1.796860
0.218000	0.152717
0.218100	-0.822071
0.218200	1.127500
0.218300	-2.771650
0.218400	-1.796860
0.218500	0.152717
0.218600	0.152717
0.218700	0.152717
0.218800	-5.696010
0.218900	-5.696010
0.219000	2.102290
0.219100	2.102290
0.219200	0.152717
0.219300	-7.645590
0.219400	-4.721220
0.219500	-3.746440
0.219600	-1.796860
0.219700	-3.746440
0.219800	-3.259040
0.219900	-5.696010
0.220000	-5.696010
0.220100	0.640111
0.220200	-0.822071
0.220300	-5.696010
0.220400	-0.822071
0.220500	-0.822071
0.220600	-1.796860
0.220700	-1.796860
0.220800	0.152717
0.220900	-1.796860
0.221000	-3.746440
0.221100	-5.696010
0.221200	-3.746440
0.221300	0.640111
0.221400	0.152717
0.221500	-3.746440
0.221600	-3.746440
0.221700	2.102290
0.221800	2.102290
0.221900	-0.822071
0.222000	-1.796860
0.222100	2.102290
0.222200	1.127500
0.222300	2.102290
0.222400	2.102290
0.222500	-0.822071
0.222600	0.152717
0.222700	2.102290
0.222800	0.640111
0.222900	2.102290
0.223000	1.614900
0.223100	2.102290
0.223200	1.127500
0.223300	0.152717
0.223400	-1.796860
0.223500	1.127500
0.223600	-0.822071
0.223700	0.152717
0.223800	-1.796860
0.223900	-3.746440
0.224000	-3.746440
0.224100	0.152717
0.224200	2.102290
0.224300	-1.796860
0.224400	-4.721220
0.224500	-4.233830
0.224600	-1.796860
0.224700	-4.721220
0.224800	-4.721220
0.224900	-5.696010
0.225000	1.127500
0.225100	0.152717
0.225200	-1.796860
0.225300	-1.796860
0.225400	-5.696010
0.225500	0.152717
0.225600	0.152717
0.225700	-5.208620
0.225800	-7.645590
0.225900	-4.721220
0.226000	-3.746440
0.226100	-4.721220
0.226200	-5.696010
0.226300	-4.233830
0.226400	-3.746440
0.226500	-5.696010
0.226600	-5.696010
0.226700	-3.746440
0.226800	-3.746440
0.226900	-1.796860
0.227000	3.077080
0.227100	0.640111
0.227200	0.152717
0.227300	-1.796860
0.227400	-5.696010
0.227500	-9.595160
0.227600	1.127500
0.227700	6.488840
0.227800	2.589690
0.227900	1.127500
0.228000	-3.746440
0.228100	-0.822071
0.228200	-1.796860
0.228300	-5.208620
0.228400	-4.721220
0.228500	-1.796860
0.228600	-2.771650
0.228700	-3.259040
0.228800	-2.771650
0.228900	-2.771650
0.229000	-5.696010
0.229100	-1.796860
0.229200	-0.822071
0.229300	-1.796860
0.229400	-0.822071
0.229500	0.152717
0.229600	2.102290
0.229700	-0.822071
0.229800	-4.721220
0.229900	-1.796860
0.230000	-0.822071
0.230100	-3.259040
0.230200	-5.696010
0.230300	-5.696010
0.230400	-5.696010
0.230500	-0.822071
0.230600	2.102290
0.230700	-5.696010
0.230800	-4.721220
0.230900	1.127500
0.231000	4.051870
0.231100	-1.796860
0.231200	0.152717
0.231300	2.102290
0.231400	3.564470
0.231500	-3.746440
0.231600	-5.696010
0.231700	-2.771650
0.231800	-0.822071
0.231900	-0.822071
0.232000	0.152717
0.232100	1.127500
0.232200	0.152717
0.232300	-1.796860
0.232400	-4.233830
0.232500	-1.796860
0.232600	0.152717
0.232700	-2.771650
0.232800	-5.208620
0.232900	-1.796860
0.233000	0.152717
0.233100	3.077080
0.233200	-0.334677
0.233300	-1.796860
0.233400	-1.796860
0.233500	2.102290
0.233600	2.102290
0.233700	-1.796860
0.233800	2.102290
0.233900	-1.796860
0.234000	-1.796860
0.234100	1.127500
0.234200	6.001440
0.234300	4.051870
0.234400	2.102290
0.234500	2.102290
0.234600	-1.796860
0.234700	-1.796860
0.234800	4.051870
0.234900	6.001440
0.235000	4.051870
0.235100	2.589690
0.235200	0.152717
0.235300	-4.721220
0.235400	-1.796860
0.235500	1.127500
0.235600	1.127500
0.235700	-4.721220
0.235800	-3.746440
0.235900	1.127500
0.236000	-3.259040
0.236100	-1.796860
0.236200	0.152717
0.236300	0.152717
0.236400	-2.771650
0.236500	-4.721220
0.236600	-1.796860
0.236700	0.152717
0.236800	0.152717
0.236900	0.640111
0.237000	-0.822071
0.237100	-4.233830
0.237200	0.152717
0.237300	1.127500
0.237400	2.102290
0.237500	2.102290
0.237600	-1.796860
0.237700	-3.746440
0.237800	-3.746440
0.237900	-5.696010
0.238000	-2.771650
0.238100	-1.796860
0.238200	-3.746440
0.238300	-4.721220
0.238400	-1.796860
0.238500	-2.771650
0.238600	2.102290
0.238700	-0.822071
0.238800	-1.796860
0.238900	-4.721220
0.239000	-5.696010
0.239100	-1.796860
0.239200	-1.796860
0.239300	-5.696010
0.239400	-0.822071
0.239500	-0.822071
0.239600	-3.746440
0.239700	0.152717
0.239800	2.102290
0.239900	-1.796860
0.240000	-5.696010
0.240100	0.640111
0.240200	2.102290
0.240300	-1.796860
0.240400	-3.746440
0.240500	0.152717
0.240600	0.152717
0.240700	1.127500
0.240800	0.152717
0.240900	-4.233830
0.241000	1.127500
0.241100	-1.796860
0.241200	-1.796860
0.241300	-4.721220
0.241400	-7.645590
0.241500	-7.645590
0.241600	-3.746440
0.241700	1.127500
0.241800	1.127500
0.241900	0.640111
0.242000	0.640111
0.242100	-5.208620
0.242200	-1.796860
0.242300	2.102290
0.242400	1.127500
0.242500	0.152717
0.242600	-4.233830
0.242700	-3.746440
0.242800	-1.796860
0.242900	-1.796860
0.243000	-3.746440
0.243100	-1.796860
0.243200	-3.746440
0.243300	-4.721220
0.243400	-2.771650
0.243500	-3.259040
0.243600	-4.721220
0.243700	-3.746440
0.243800	-1.309470
0.243900	-1.796860
0.244000	-4.721220
0.244100	-5.696010
0.244200	-5.696010
0.244300	-8.620380
0.244400	-5.696010
0.244500	-1.796860
0.244600	0.152717
0.244700	-0.822071
0.244800	-5.696010
0.244900	-7.645590
0.245000	-1.796860
0.245100	-0.822071
0.245200	-4.721220
0.245300	-5.696010
0.245400	-6.670800
0.245500	-4.233830
0.245600	-2.771650
0.245700	-5.696010
0.245800	-5.696010
0.245900	-1.796860
0.246000	-1.796860
0.246100	0.152717
0.246200	-1.309470
0.246300	-3.746440
0.246400	-0.822071
0.246500	3.077080
0.246600	-0.822071
0.246700	-3.746440
0.246800	0.152717
0.246900	-0.822071
0.247000	0.152717
0.247100	-0.822071
0.247200	0.152717
0.247300	-3.746440
0.247400	-4.721220
0.247500	-5.696010
0.247600	-4.233830
0.247700	-1.796860
0.247800	0.152717
0.247900	-2.771650
0.248000	-5.696010
0.248100	-4.721220
0.248200	-0.822071
0.248300	-1.309470
0.248400	0.152717
0.248500	-1.796860
0.248600	-4.721220
0.248700	-1.309470
0.248800	2.102290
0.248900	2.589690
0.249000	1.614900
0.249100	0.152717
0.249200	-5.696010
0.249300	-5.696010
0.249400	0.152717
0.249500	2.102290
0.249600	-1.796860
0.249700	-1.796860
0.249800	-0.822071
0.249900	-1.309470
0.250000	-5.696010
0.250100	0.152717
0.250200	0.640111
0.250300	4.051870
0.250400	2.102290
0.250500	1.127500
0.250600	3.077080
0.250700	6.001440
0.250800	4.051870
0.250900	0.640111
0.251000	-1.309470
0.251100	4.051870
0.251200	6.001440
0.251300	2.102290
0.251400	2.102290
0.251500	2.102290
0.251600	-1.309470
0.251700	-5.696010
0.251800	-5.208620
0.251900	-2.284250
0.252000	-5.696010
0.252100	-5.696010
0.252200	-3.746440
0.252300	-1.796860
0.252400	-0.822071
0.252500	-0.334677
0.252600	-0.822071
0.252700	-5.696010
0.252800	-5.208620
0.252900	0.152717
0.253000	0.152717
0.253100	2.102290
0.253200	2.102290
0.253300	-3.746440
0.253400	-3.746440
0.253500	2.102290
0.253600	5.026660
0.253700	0.640111
0.253800	1.127500
0.253900	4.051870
0.254000	3.077080
0.254100	3.077080
0.254200	4.051870
0.254300	2.102290
0.254400	-3.746440
0.254500	-1.796860
0.254600	-2.771650
0.254700	-9.595160
0.254800	-5.208620
0.254900	-1.796860
0.255000	-5.696010
0.255100	-5.696010
0.255200	-5.696010
0.255300	-5.208620
0.255400	-1.796860
0.255500	2.102290
0.255600	0.152717
0.255700	-1.796860
0.255800	-0.822071
0.255900	3.077080
0.256000	0.152717
0.256100	-0.822071
0.256200	0.152717
0.256300	0.152717
0.256400	-0.822071
0.256500	-1.309470
0.256600	2.102290
0.256700	2.102290
0.256800	2.102290
0.256900	6.001440
0.257000	6.001440
0.257100	3.077080
0.257200	-0.822071
0.257300	0.152717
0.257400	2.102290
0.257500	2.102290
0.257600	1.127500
0.257700	-1.796860
0.257800	-4.721220
0.257900	-5.696010
0.258000	-3.746440
0.258100	-4.721220
0.258200	-1.796860
0.258300	0.640111
0.258400	0.152717
0.258500	-0.822071
0.258600	-4.721220
0.258700	-7.645590
0.258800	-9.595160
0.258900	-6.670800
0.259000	-4.721220
0.259100	-2.771650
0.259200	2.589690
0.259300	-1.796860
0.259400	-5.696010
0.259500	-8.620380
0.259600	-5.696010
0.259700	-1.796860
0.259800	-3.746440
0.259900	-4.721220
0.260000	-5.208620
0.260100	-3.746440
0.260200	0.152717
0.260300	2.589690
0.260400	3.077080
0.260500	3.077080
0.260600	-0.822071
0.260700	-4.233830
0.260800	-1.309470
0.260900	-5.208620
0.261000	-4.721220
0.261100	2.102290
0.261200	4.051870
0.261300	6.001440
0.261400	2.102290
0.261500	-1.796860
0.261600	-0.334677
0.261700	4.051870
0.261800	2.102290
0.261900	-0.822071
0.262000	-0.334677
0.262100	1.127500
0.262200	-1.309470
0.262300	-1.796860
0.262400	2.102290
0.262500	4.051870
0.262600	4.051870
0.262700	2.589690
0.262800	-0.822071
0.262900	2.102290
0.263000	6.001440
0.263100	2.102290
0.263200	0.152717
0.263300	-3.746440
0.263400	-1.309470
0.263500	2.102290
0.263600	-1.309470
0.263700	0.152717
0.263800	1.127500
0.263900	3.077080
0.264000	2.102290
0.264100	-3.746440
0.264200	-6.670800
0.264300	-3.746440
0.264400	-0.822071
0.264500	-0.822071
0.264600	-5.696010
0.264700	-1.796860
0.264800	0.152717
0.264900	-1.796860
0.265000	-2.771650
0.265100	-1.796860
0.265200	-5.208620
0.265300	-3.746440
0.265400	-5.696010
0.265500	-4.721220
0.265600	-0.822071
0.265700	-1.796860
0.265800	-7.158190
0.265900	-1.309470
0.266000	-1.796860
0.266100	0.152717
0.266200	0.152717
0.266300	-1.796860
0.266400	-1.796860
0.266500	1.127500
0.266600	0.152717
0.266700	0.152717
0.266800	3.077080
0.266900	2.102290
0.267000	-1.309470
0.267100	-3.259040
0.267200	2.102290
0.267300	2.102290
0.267400	0.152717
0.267500	0.152717
0.267600	-0.334677
0.267700	-0.822071
0.267800	2.102290
0.267900	1.127500
0.268000	2.102290
0.268100	0.640111
0.268200	-0.822071
0.268300	0.152717
0.268400	-1.309470
0.268500	-1.796860
0.268600	-3.746440
0.268700	-3.746440
0.268800	-4.721220
0.268900	-3.746440
0.269000	-3.259040
0.269100	-5.696010
0.269200	-1.796860
0.269300	2.102290
0.269400	2.102290
0.269500	0.152717
0.269600	-7.645590
0.269700	-5.696010
0.269800	-3.746440
0.269900	-1.796860
0.270000	-1.796860
0.270100	-5.696010
0.270200	-5.696010
0.270300	-1.796860
0.270400	1.127500
0.270500	2.102290
0.270600	-1.796860
0.270700	-3.259040
0.270800	-1.796860
0.270900	-3.746440
0.271000	0.152717
0.271100	-4.721220
0.271200	-3.746440
0.271300	-6.183410
0.271400	-4.721220
0.271500	-1.796860
0.271600	0.152717
0.271700	1.127500
0.271800	1.127500
0.271900	0.640111
0.272000	2.102290
0.272100	0.640111
0.272200	-4.721220
0.272300	-7.645590
0.272400	-3.746440
0.272500	-1.309470
0.272600	0.152717
0.272700	-0.334677
0.272800	2.102290
0.272900	2.102290
0.273000	-1.796860
0.273100	0.152717
0.273200	0.152717
0.273300	-3.746440
0.273400	-5.208620
0.273500	-1.796860
0.273600	0.640111
0.273700	0.152717
0.273800	2.102290
0.273900	0.152717
0.274000	-1.796860
0.274100	0.152717
0.274200	2.102290
0.274300	-0.822071
0.274400	-6.670800
0.274500	-3.746440
0.274600	-0.822071
0.274700	2.589690
0.274800	0.640111
0.274900	-3.746440
0.275000	-0.822071
0.275100	2.102290
0.275200	-2.771650
0.275300	-3.746440
0.275400	-1.796860
0.275500	-1.796860
0.275600	-1.796860
0.275700	2.102290
0.275800	2.102290
0.275900	-2.771650
0.276000	-3.259040
0.276100	0.152717
0.276200	-3.746440
0.276300	-2.771650
0.276400	0.640111
0.276500	3.077080
0.276600	2.102290
0.276700	-1.796860
0.276800	1.127500
0.276900	-1.796860
0.277000	-7.645590
0.277100	-5.696010
0.277200	0.152717
0.277300	-1.796860
0.277400	-1.796860
0.277500	6.001440
0.277600	3.077080
0.277700	-1.796860
0.277800	0.152717
0.277900	-0.822071
0.278000	-5.696010
0.278100	-5.696010
0.278200	-4.721220
0.278300	2.102290
0.278400	5.026660
0.278500	6.001440
0.278600	4.051870
0.278700	4.051870
0.278800	0.152717
0.278900	0.152717
0.279000	0.152717
0.279100	-1.796860
0.279200	2.102290
0.279300	4.051870
0.279400	3.077080
0.279500	-0.822071
0.279600	-2.771650
0.279700	-1.796860
0.279800	-3.259040
0.279900	4.051870
0.280000	5.026660
0.280100	-1.309470
0.280200	0.152717
0.280300	1.127500
0.280400	-0.822071
0.280500	-1.796860
0.280600	-2.771650
0.280700	-3.746440
0.280800	-0.822071
0.280900	2.102290
0.281000	2.102290
0.281100	-2.771650
0.281200	2.102290
0.281300	1.127500
0.281400	-1.796860
0.281500	-5.696010
0.281600	-7.645590
0.281700	-4.721220
0.281800	-5.208620
0.281900	-3.746440
0.282000	0.152717
0.282100	0.152717
0.282200	2.102290
0.282300	2.102290
0.282400	0.152717
0.282500	-0.822071
0.282600	0.152717
0.282700	-3.259040
0.282800	-7.158190
0.282900	-0.822071
0.283000	0.152717
0.283100	0.152717
0.283200	0.152717
0.283300	0.152717
0.283400	2.102290
0.283500	1.127500
0.283600	-0.822071
0.283700	-5.208620
0.283800	-5.696010
0.283900	-4.721220
0.284000	-1.796860
0.284100	1.127500
0.284200	1.127500
0.284300	-0.822071
0.284400	-6.183410
0.284500	-7.645590
0.284600	-3.746440
0.284700	0.152717
0.284800	2.589690
0.284900	-0.822071
0.285000	-1.796860
0.285100	-1.796860
0.285200	-1.796860
0.285300	0.152717
0.285400	-3.746440
0.285500	-4.721220
0.285600	-3.746440
0.285700	-1.796860
0.285800	0.152717
0.285900	0.152717
0.286000	2.102290
0.286100	6.001440
0.286200	2.102290
0.286300	1.127500
0.286400	2.102290
0.286500	1.127500
0.286600	-3.259040
0.286700	-7.645590
0.286800	-5.696010
0.286900	-5.696010
0.287000	-4.233830
0.287100	-1.796860
0.287200	2.102290
0.287300	4.051870
0.287400	-0.822071
0.287500	-1.796860
0.287600	-3.746440
0.287700	-2.771650
0.287800	-4.721220
0.287900	0.152717
0.288000	0.152717
0.288100	2.102290
0.288200	0.152717
0.288300	0.152717
0.288400	0.152717
0.288500	2.102290
0.288600	4.051870
0.288700	6.001440
0.288800	2.102290
0.288900	2.102290
0.289000	0.152717
0.289100	-3.746440
0.289200	-5.696010
0.289300	-5.208620
0.289400	0.640111
0.289500	0.152717
0.289600	2.589690
0.289700	2.102290
0.289800	-3.746440
0.289900	0.152717
0.290000	1.127500
0.290100	-3.746440
0.290200	-6.670800
0.290300	-4.233830
0.290400	-3.746440
0.290500	-3.746440
0.290600	2.102290
0.290700	1.127500
0.290800	-0.822071
0.290900	-3.746440
0.291000	2.102290
0.291100	3.077080
0.291200	-4.721220
0.291300	-3.746440
0.291400	-1.796860
0.291500	0.152717
0.291600	1.127500
0.291700	2.102290
0.291800	0.640111
0.291900	2.102290
0.292000	-3.259040
0.292100	3.077080
0.292200	4.539260
0.292300	2.102290
0.292400	0.152717
0.292500	-3.746440
0.292600	-5.696010
0.292700	-3.746440
0.292800	-4.721220
0.292900	-5.696010
0.293000	-5.696010
0.293100	-4.721220
0.293200	0.152717
0.293300	-3.259040
0.293400	-0.822071
0.293500	-1.796860
0.293600	-4.233830
0.293700	-7.645590
0.293800	-3.746440
0.293900	0.152717
0.294000	2.102290
0.294100	-5.696010
0.294200	-5.696010
0.294300	1.127500
0.294400	2.102290
0.294500	4.051870
0.294600	2.102290
0.294700	-3.259040
0.294800	-2.771650
0.294900	-5.696010
0.295000	-3.746440
0.295100	-4.721220
0.295200	-3.746440
0.295300	-5.696010
0.295400	-3.746440
0.295500	2.102290
0.295600	3.077080
0.295700	0.152717
0.295800	-1.796860
0.295900	3.077080
0.296000	2.102290
0.296100	-1.796860
0.296200	-3.746440
0.296300	-0.822071
0.296400	1.614900
0.296500	-0.822071
0.296600	-0.822071
0.296700	-1.796860
0.296800	1.127500
0.296900	-3.746440
0.297000	-7.645590
0.297100	-5.696010
0.297200	-3.746440
0.297300	-3.746440
0.297400	-4.233830
0.297500	-1.796860
0.297600	-3.746440
0.297700	-0.822071
0.297800	2.102290
0.297900	-3.259040
0.298000	-5.696010
0.298100	0.152717
0.298200	-1.796860
0.298300	-1.796860
0.298400	0.152717
0.298500	1.614900
0.298600	0.152717
0.298700	-3.746440
0.298800	-3.746440
0.298900	1.127500
0.299000	4.051870
0.299100	4.051870
0.299200	2.102290
0.299300	-5.696010
0.299400	-5.696010
0.299500	0.152717
0.299600	0.152717
0.299700	-3.746440
0.299800	-4.233830
0.299900	-0.822071
