-0.050000	2.820220
-0.049900	-1.784220
-0.049800	-7.539760
-0.049700	2.052810
-0.049600	13.180200
-0.049500	13.180200
-0.049400	8.192060
-0.049300	8.192060
-0.049200	15.482400
-0.049100	12.796500
-0.049000	-7.923470
-0.048900	-2.551620
-0.048800	24.691299
-0.048700	11.261700
-0.048600	-5.621250
-0.048500	0.901702
-0.048400	17.017200
-0.048300	13.563900
-0.048200	0.134296
-0.048100	2.820220
-0.048000	10.494300
-0.047900	0.517999
-0.047800	-10.993100
-0.047700	-2.167920
-0.047600	0.517999
-0.047500	-4.470140
-0.047400	-10.609400
-0.047300	-19.050900
-0.047200	-18.283400
-0.047100	-9.074580
-0.047000	8.192060
-0.046900	18.168301
-0.046800	13.563900
-0.046700	-1.400520
-0.046600	-12.144200
-0.046500	-9.458280
-0.046400	-0.633110
-0.046300	2.820220
-0.046200	10.878000
-0.046100	10.110600
-0.046000	12.412800
-0.045900	25.075001
-0.045800	8.959470
-0.045700	-8.307170
-0.045600	-1.016810
-0.045500	-1.784220
-0.045400	0.517999
-0.045300	-2.935330
-0.045200	-2.167920
-0.045100	2.436510
-0.045000	-8.307170
-0.044900	-16.748600
-0.044800	-2.167920
-0.044700	2.436510
-0.044600	-2.167920
-0.044500	4.738730
-0.044400	8.959470
-0.044300	-4.470140
-0.044200	-2.167920
-0.044100	10.110600
-0.044000	3.203920
-0.043900	-6.772360
-0.043800	-9.841980
-0.043700	-2.935330
-0.043600	-0.249407
-0.043500	-1.784220
-0.043400	-1.400520
-0.043300	-9.458280
-0.043200	-7.156060
-0.043100	0.134296
-0.043000	-2.551620
-0.042900	-9.841980
-0.042800	-10.225700
-0.042700	-9.458280
-0.042600	-10.993100
-0.042500	-1.400520
-0.042400	-2.551620
-0.042300	-3.319030
-0.042200	3.203920
-0.042100	-3.319030
-0.042000	-2.167920
-0.041900	-11.376800
-0.041800	-18.283400
-0.041700	-6.388650
-0.041600	1.285410
-0.041500	-5.237550
-0.041400	-12.911600
-0.041300	-2.167920
-0.041200	0.517999
-0.041100	0.134296
-0.041000	3.971330
-0.040900	2.052810
-0.040800	10.494300
-0.040700	14.331300
-0.040600	-3.319030
-0.040500	-8.307170
-0.040400	-4.470140
-0.040300	-4.853840
-0.040200	-3.319030
-0.040100	0.517999
-0.040000	-5.237550
-0.039900	-9.458280
-0.039800	-8.690870
-0.039700	-5.237550
-0.039600	-2.551620
-0.039500	-1.016810
-0.039400	-1.400520
-0.039300	-1.400520
-0.039200	-4.470140
-0.039100	-4.086440
-0.039000	3.587620
-0.038900	-0.249407
-0.038800	-1.016810
-0.038700	-0.633110
-0.038600	-2.551620
-0.038500	5.506140
-0.038400	-2.167920
-0.038300	-4.853840
-0.038200	7.808360
-0.038100	10.494300
-0.038000	5.506140
-0.037900	2.436510
-0.037800	-10.609400
-0.037700	-10.225700
-0.037600	-2.935330
-0.037500	-12.527900
-0.037400	-12.527900
-0.037300	-9.458280
-0.037200	-13.679000
-0.037100	-1.016810
-0.037000	13.947600
-0.036900	-0.633110
-0.036800	-9.458280
-0.036700	5.889840
-0.036600	6.657250
-0.036500	-0.249407
-0.036400	-2.935330
-0.036300	-10.993100
-0.036200	-6.388650
-0.036100	8.192060
-0.036000	-2.167920
-0.035900	-3.702730
-0.035800	7.040950
-0.035700	10.110600
-0.035600	-6.388650
-0.035500	-13.679000
-0.035400	-6.388650
-0.035300	1.285410
-0.035200	5.889840
-0.035100	1.669110
-0.035000	-1.784220
-0.034900	-13.295300
-0.034800	-26.341200
-0.034700	-13.679000
-0.034600	2.820220
-0.034500	7.808360
-0.034400	8.192060
-0.034300	0.901702
-0.034200	-2.167920
-0.034100	7.808360
-0.034000	5.889840
-0.033900	5.889840
-0.033800	13.947600
-0.033700	9.726870
-0.033600	4.738730
-0.033500	9.726870
-0.033400	3.587620
-0.033300	-5.621250
-0.033200	-6.004950
-0.033100	-3.319030
-0.033000	12.796500
-0.032900	12.029100
-0.032800	0.134296
-0.032700	7.424650
-0.032600	15.866100
-0.032500	-11.376800
-0.032400	-27.875999
-0.032300	4.355030
-0.032200	16.633499
-0.032100	-7.539760
-0.032000	-14.446400
-0.031900	-2.935330
-0.031800	7.040950
-0.031700	11.645400
-0.031600	8.959470
-0.031500	-9.841980
-0.031400	-8.690870
-0.031300	4.355030
-0.031200	-13.295300
-0.031100	-14.830100
-0.031000	8.575760
-0.030900	17.017200
-0.030800	4.738730
-0.030700	5.506140
-0.030600	19.319401
-0.030500	15.098700
-0.030400	2.436510
-0.030300	-2.167920
-0.030200	8.192060
-0.030100	5.506140
-0.030000	-5.237550
-0.029900	-9.841980
-0.029800	-5.237550
-0.029700	4.355030
-0.029600	-8.307170
-0.029500	-14.062700
-0.029400	-2.551620
-0.029300	-8.307170
-0.029200	-18.667200
-0.029100	6.657250
-0.029000	14.331300
-0.028900	-9.074580
-0.028800	-8.307170
-0.028700	14.331300
-0.028600	11.645400
-0.028500	0.134296
-0.028400	6.657250
-0.028300	4.738730
-0.028200	-4.853840
-0.028100	0.517999
-0.028000	-2.551620
-0.027900	-10.993100
-0.027800	-1.784220
-0.027700	-1.016810
-0.027600	-12.144200
-0.027500	-3.702730
-0.027400	3.587620
-0.027300	3.203920
-0.027200	-0.249407
-0.027100	-11.760500
-0.027000	-6.772360
-0.026900	19.319401
-0.026800	16.249800
-0.026700	-4.086440
-0.026600	-10.609400
-0.026500	-4.853840
-0.026400	-0.633110
-0.026300	-4.853840
-0.026200	-1.016810
-0.026100	12.412800
-0.026000	10.878000
-0.025900	2.436510
-0.025800	-0.249407
-0.025700	-1.016810
-0.025600	-2.935330
-0.025500	2.052810
-0.025400	4.355030
-0.025300	-6.388650
-0.025200	-9.458280
-0.025100	-3.319030
-0.025000	0.517999
-0.024900	7.040950
-0.024800	5.889840
-0.024700	-7.539760
-0.024600	-2.935330
-0.024500	9.726870
-0.024400	2.436510
-0.024300	-0.633110
-0.024200	8.192060
-0.024100	5.506140
-0.024000	-2.935330
-0.023900	-3.702730
-0.023800	3.203920
-0.023700	-3.702730
-0.023600	-8.690870
-0.023500	0.901702
-0.023400	4.738730
-0.023300	0.901702
-0.023200	2.436510
-0.023100	2.436510
-0.023000	3.587620
-0.022900	4.738730
-0.022800	-0.249407
-0.022700	-4.470140
-0.022600	-2.167920
-0.022500	-6.388650
-0.022400	-19.818300
-0.022300	-22.120501
-0.022200	-5.237550
-0.022100	1.285410
-0.022000	7.424650
-0.021900	21.238001
-0.021800	21.621700
-0.021700	9.343170
-0.021600	8.575760
-0.021500	16.633499
-0.021400	6.657250
-0.021300	-3.702730
-0.021200	3.587620
-0.021100	4.355030
-0.021000	-0.249407
-0.020900	2.820220
-0.020800	11.261700
-0.020700	6.273540
-0.020600	-6.388650
-0.020500	-0.633110
-0.020400	17.400900
-0.020300	14.715000
-0.020200	1.285410
-0.020100	-6.772360
-0.020000	-11.760500
-0.019900	-2.935330
-0.019800	11.645400
-0.019700	6.273540
-0.019600	4.355030
-0.019500	5.889840
-0.019400	8.192060
-0.019300	9.343170
-0.019200	3.587620
-0.019100	8.192060
-0.019000	0.517999
-0.018900	-12.527900
-0.018800	1.669110
-0.018700	5.506140
-0.018600	-14.830100
-0.018500	-12.911600
-0.018400	-2.935330
-0.018300	3.203920
-0.018200	17.017200
-0.018100	17.017200
-0.018000	2.052810
-0.017900	0.134296
-0.017800	1.285410
-0.017700	-4.086440
-0.017600	-0.633110
-0.017500	3.203920
-0.017400	-0.249407
-0.017300	2.820220
-0.017200	-0.633110
-0.017100	-5.621250
-0.017000	-1.784220
-0.016900	0.134296
-0.016800	-0.249407
-0.016700	6.657250
-0.016600	6.657250
-0.016500	-3.319030
-0.016400	-7.923470
-0.016300	-4.086440
-0.016200	-5.237550
-0.016100	-1.016810
-0.016000	-1.016810
-0.015900	-6.004950
-0.015800	-4.086440
-0.015700	-5.237550
-0.015600	-3.319030
-0.015500	5.506140
-0.015400	5.889840
-0.015300	-12.527900
-0.015200	-4.470140
-0.015100	9.343170
-0.015000	5.889840
-0.014900	3.971330
-0.014800	6.273540
-0.014700	1.669110
-0.014600	3.971330
-0.014500	-4.086440
-0.014400	-17.516001
-0.014300	-5.237550
-0.014200	3.203920
-0.014100	-4.470140
-0.014000	-0.249407
-0.013900	2.436510
-0.013800	-3.702730
-0.013700	-7.923470
-0.013600	-7.156060
-0.013500	-2.167920
-0.013400	7.040950
-0.013300	5.889840
-0.013200	-5.237550
-0.013100	-9.074580
-0.013000	-1.400520
-0.012900	3.971330
-0.012800	1.285410
-0.012700	2.436510
-0.012600	2.052810
-0.012500	1.285410
-0.012400	2.820220
-0.012300	8.192060
-0.012200	-1.016810
-0.012100	-1.784220
-0.012000	-12.144200
-0.011900	-27.492300
-0.011800	-14.062700
-0.011700	1.285410
-0.011600	2.052810
-0.011500	10.110600
-0.011400	5.889840
-0.011300	-8.307170
-0.011200	-4.086440
-0.011100	9.726870
-0.011000	1.669110
-0.010900	-10.993100
-0.010800	2.052810
-0.010700	12.412800
-0.010600	10.494300
-0.010500	2.052810
-0.010400	-6.772360
-0.010300	-10.225700
-0.010200	-7.539760
-0.010100	-4.086440
-0.010000	4.355030
-0.009900	13.947600
-0.009800	7.424650
-0.009700	-7.156060
-0.009600	-3.319030
-0.009500	7.808360
-0.009400	17.400900
-0.009300	19.319401
-0.009200	7.040950
-0.009100	-7.156060
-0.009000	1.285410
-0.008900	8.192060
-0.008800	1.669110
-0.008700	3.203920
-0.008600	8.192060
-0.008500	5.506140
-0.008400	-0.633110
-0.008300	-1.016810
-0.008200	2.436510
-0.008100	12.412800
-0.008000	5.889840
-0.007900	-6.388650
-0.007800	-1.016810
-0.007700	9.343170
-0.007600	10.110600
-0.007500	-0.249407
-0.007400	-2.551620
-0.007300	12.796500
-0.007200	15.482400
-0.007100	5.889840
-0.007000	7.808360
-0.006900	2.820220
-0.006800	-2.551620
-0.006700	0.901702
-0.006600	4.738730
-0.006500	2.052810
-0.006400	1.285410
-0.006300	0.134296
-0.006200	4.355030
-0.006100	7.040950
-0.006000	-5.237550
-0.005900	-14.446400
-0.005800	-6.388650
-0.005700	4.738730
-0.005600	8.192060
-0.005500	0.134296
-0.005400	0.134296
-0.005300	5.506140
-0.005200	-2.551620
-0.005100	-1.016810
-0.005000	-1.400520
-0.004900	-1.784220
-0.004800	16.633499
-0.004700	23.923901
-0.004600	8.575760
-0.004500	-4.086440
-0.004400	-4.086440
-0.004300	1.285410
-0.004200	4.738730
-0.004100	-1.016810
-0.004000	6.657250
-0.003900	-1.016810
-0.003800	-4.086440
-0.003700	12.796500
-0.003600	15.866100
-0.003500	13.947600
-0.003400	15.098700
-0.003300	-2.167920
-0.003200	-6.772360
-0.003100	5.122440
-0.003000	5.506140
-0.002900	8.575760
-0.002800	16.249800
-0.002700	8.575760
-0.002600	-0.633110
-0.002500	3.203920
-0.002400	13.947600
-0.002300	10.878000
-0.002200	5.889840
-0.002100	8.959470
-0.002000	0.134296
-0.001900	0.517999
-0.001800	10.494300
-0.001700	12.029100
-0.001600	1.669110
-0.001500	-4.853840
-0.001400	5.889840
-0.001300	18.935699
-0.001200	10.878000
-0.001100	0.901702
-0.001000	-1.016810
-0.000900	-1.400520
-0.000800	6.657250
-0.000700	10.494300
-0.000600	2.436510
-0.000500	-7.923470
-0.000400	4.355030
-0.000300	17.400900
-0.000200	7.040950
-0.000100	-3.319030
0.000000	-10.225700
0.000100	-1.016810
0.000200	6.273540
0.000300	13.563900
0.000400	13.947600
0.000500	-2.935330
0.000600	-12.911600
0.000700	-6.004950
0.000800	4.355030
0.000900	7.424650
0.001000	-1.784220
0.001100	-0.249407
0.001200	8.575760
0.001300	3.203920
0.001400	1.669110
0.001500	5.506140
0.001600	8.575760
0.001700	13.947600
0.001800	14.331300
0.001900	3.971330
0.002000	-1.400520
0.002100	6.657250
0.002200	10.110600
0.002300	-2.167920
0.002400	-3.702730
0.002500	4.738730
0.002600	-4.853840
0.002700	-10.609400
0.002800	0.901702
0.002900	14.331300
0.003000	2.052810
0.003100	-10.993100
0.003200	3.971330
0.003300	12.796500
0.003400	7.424650
0.003500	0.517999
0.003600	-1.016810
0.003700	-3.702730
0.003800	-7.539760
0.003900	-7.156060
0.004000	12.412800
0.004100	23.156500
0.004200	11.645400
0.004300	7.808360
0.004400	14.331300
0.004500	5.506140
0.004600	3.203920
0.004700	12.029100
0.004800	18.168301
0.004900	15.866100
0.005000	4.738730
0.005100	-9.074580
0.005200	-14.446400
0.005300	-1.784220
0.005400	14.715000
0.005500	15.482400
0.005600	24.307600
0.005700	29.295700
0.005800	22.772800
0.005900	13.947600
0.006000	7.040950
0.006100	10.110600
0.006200	13.563900
0.006300	0.901702
0.006400	2.052810
0.006500	4.355030
0.006600	9.726870
0.006700	25.842400
0.006800	24.691299
0.006900	10.494300
0.007000	14.715000
0.007100	5.506140
0.007200	-2.167920
0.007300	4.355030
0.007400	5.889840
0.007500	9.343170
0.007600	12.796500
0.007700	5.122440
0.007800	1.669110
0.007900	0.134296
0.008000	-5.237550
0.008100	-2.935330
0.008200	20.470600
0.008300	32.365299
0.008400	20.086901
0.008500	18.935699
0.008600	16.633499
0.008700	8.575760
0.008800	5.506140
0.008900	4.355030
0.009000	10.110600
0.009100	13.180200
0.009200	5.122440
0.009300	5.889840
0.009400	18.168301
0.009500	19.703100
0.009600	10.878000
0.009700	6.273540
0.009800	2.820220
0.009900	7.040950
0.010000	1.285410
0.010100	-10.993100
0.010200	-1.400520
0.010300	15.098700
0.010400	18.168301
0.010500	15.098700
0.010600	10.878000
0.010700	9.726870
0.010800	1.285410
0.010900	-1.784220
0.011000	10.494300
0.011100	5.506140
0.011200	-2.551620
0.011300	8.575760
0.011400	13.947600
0.011500	6.657250
0.011600	-3.319030
0.011700	-11.760500
0.011800	-4.086440
0.011900	5.122440
0.012000	3.971330
0.012100	-4.470140
0.012200	-4.470140
0.012300	-0.633110
0.012400	6.657250
0.012500	9.726870
0.012600	5.122440
0.012700	6.273540
0.012800	14.715000
0.012900	6.273540
0.013000	6.657250
0.013100	23.540199
0.013200	25.075001
0.013300	12.412800
0.013400	9.726870
0.013500	13.947600
0.013600	15.098700
0.013700	14.331300
0.013800	2.436510
0.013900	-1.784220
0.014000	1.669110
0.014100	12.412800
0.014200	13.947600
0.014300	7.424650
0.014400	10.494300
0.014500	24.307600
0.014600	20.854300
0.014700	12.412800
0.014800	3.203920
0.014900	-9.841980
0.015000	-10.993100
0.015100	3.587620
0.015200	18.552000
0.015300	12.412800
0.015400	1.285410
0.015500	-0.249407
0.015600	9.343170
0.015700	14.331300
0.015800	18.935699
0.015900	18.168301
0.016000	18.935699
0.016100	23.156500
0.016200	8.959470
0.016300	8.192060
0.016400	16.249800
0.016500	5.506140
0.016600	-10.609400
0.016700	-2.167920
0.016800	11.261700
0.016900	9.726870
0.017000	-0.633110
0.017100	15.482400
0.017200	31.981600
0.017300	30.446800
0.017400	20.854300
0.017500	19.319401
0.017600	15.098700
0.017700	0.134296
0.017800	-9.074580
0.017900	5.889840
0.018000	18.935699
0.018100	17.017200
0.018200	15.866100
0.018300	15.866100
0.018400	15.482400
0.018500	15.866100
0.018600	15.482400
0.018700	19.703100
0.018800	15.482400
0.018900	2.820220
0.019000	11.645400
0.019100	20.086901
0.019200	3.587620
0.019300	-7.539760
0.019400	0.901702
0.019500	6.657250
0.019600	6.273540
0.019700	14.331300
0.019800	23.923901
0.019900	25.842400
0.020000	36.202400
0.020100	25.075001
0.020200	3.587620
0.020300	7.040950
0.020400	15.098700
0.020500	18.168301
0.020600	23.540199
0.020700	17.400900
0.020800	5.889840
0.020900	3.203920
0.021000	10.494300
0.021100	11.261700
0.021200	8.959470
0.021300	15.866100
0.021400	17.017200
0.021500	17.400900
0.021600	17.017200
0.021700	14.715000
0.021800	19.703100
0.021900	30.446800
0.022000	24.307600
0.022100	12.412800
0.022200	18.168301
0.022300	20.086901
0.022400	23.923901
0.022500	29.679399
0.022600	27.760900
0.022700	11.261700
0.022800	-2.167920
0.022900	15.866100
0.023000	23.540199
0.023100	11.645400
0.023200	11.645400
0.023300	28.912001
0.023400	25.458700
0.023500	24.307600
0.023600	26.993500
0.023700	7.424650
0.023800	13.180200
0.023900	35.818699
0.024000	19.703100
0.024100	13.563900
0.024200	26.993500
0.024300	31.981600
0.024400	25.075001
0.024500	16.633499
0.024600	18.935699
0.024700	30.830500
0.024800	24.691299
0.024900	25.458700
0.025000	36.969799
0.025100	35.435001
0.025200	16.633499
0.025300	23.540199
0.025400	36.202400
0.025500	21.621700
0.025600	17.017200
0.025700	20.854300
0.025800	21.621700
0.025900	31.214199
0.026000	39.271999
0.026100	33.132801
0.026200	30.446800
0.026300	43.876400
0.026400	43.492699
0.026500	33.900200
0.026600	30.063101
0.026700	35.051300
0.026800	40.423100
0.026900	46.946098
0.027000	48.097198
0.027100	40.423100
0.027200	25.842400
0.027300	23.923901
0.027400	28.528299
0.027500	34.667599
0.027600	31.597900
0.027700	27.377199
0.027800	38.120899
0.027900	55.771198
0.028000	43.109001
0.028100	29.679399
0.028200	39.271999
0.028300	52.317902
0.028400	50.783100
0.028500	45.794998
0.028600	42.725300
0.028700	35.818699
0.028800	41.190498
0.028900	48.480900
0.029000	40.039398
0.029100	36.586102
0.029200	44.260101
0.029300	45.794998
0.029400	34.283901
0.029500	31.981600
0.029600	45.027500
0.029700	59.992001
0.029800	47.713501
0.029900	40.423100
0.030000	50.015701
0.030100	55.771198
0.030200	54.236401
0.030300	65.747498
0.030400	66.898598
0.030500	49.248299
0.030600	47.329800
0.030700	54.620098
0.030800	51.166801
0.030900	48.097198
0.031000	42.341599
0.031100	40.423100
0.031200	43.876400
0.031300	46.562401
0.031400	53.852699
0.031500	53.852699
0.031600	59.224602
0.031700	70.735603
0.031800	69.200798
0.031900	62.294201
0.032000	61.526798
0.032100	66.898598
0.032200	67.282303
0.032300	59.992001
0.032400	51.934200
0.032500	58.457199
0.032600	50.783100
0.032700	41.574200
0.032800	53.852699
0.032900	66.514900
0.033000	68.049698
0.033100	68.433403
0.033200	74.189003
0.033300	79.560799
0.033400	69.200798
0.033500	57.306000
0.033600	65.747498
0.033700	80.711899
0.033800	68.817101
0.033900	56.922298
0.034000	58.840900
0.034100	69.584503
0.034200	71.503098
0.034300	73.421600
0.034400	76.107498
0.034500	68.433403
0.034600	61.143101
0.034700	67.282303
0.034800	72.654198
0.034900	64.980103
0.035000	67.282303
0.035100	84.549004
0.035200	81.862999
0.035300	81.095596
0.035400	92.606697
0.035500	91.071899
0.035600	88.769699
0.035700	90.304497
0.035800	92.606697
0.035900	90.688202
0.036000	95.292603
0.036100	104.117996
0.036200	100.280998
0.036300	95.292603
0.036400	95.292603
0.036500	85.700104
0.036600	80.328201
0.036700	75.723801
0.036800	79.944504
0.036900	91.839302
0.037000	99.513397
0.037100	88.769699
0.037200	92.606697
0.037300	110.640999
0.037400	95.676300
0.037500	82.630402
0.037600	101.816002
0.037700	111.024002
0.037800	96.827499
0.037900	91.071899
0.038000	102.198997
0.038100	111.792000
0.038200	109.106003
0.038300	115.628998
0.038400	126.755997
0.038500	122.536003
0.038600	111.407997
0.038700	110.640999
0.038800	120.616997
0.038900	128.291000
0.039000	118.698997
0.039100	119.849998
0.039200	122.918999
0.039300	111.792000
0.039400	116.013000
0.039500	121.000999
0.039600	115.245003
0.039700	115.628998
0.039800	119.849998
0.039900	115.628998
0.040000	123.686996
0.040100	124.070000
0.040200	135.964996
0.040300	149.011002
0.040400	145.557999
0.040500	135.964996
0.040600	125.988998
0.040700	112.176003
0.040800	124.454002
0.040900	134.429993
0.041000	135.197998
0.041100	145.557999
0.041200	148.244003
0.041300	145.173996
0.041400	137.884003
0.041500	138.651001
0.041600	148.626999
0.041700	141.720993
0.041800	140.186005
0.041900	147.475998
0.042000	138.266998
0.042100	135.580994
0.042200	135.580994
0.042300	135.580994
0.042400	149.011002
0.042500	158.987000
0.042600	153.615005
0.042700	146.709000
0.042800	142.104004
0.042900	143.639008
0.043000	144.022995
0.043100	141.337006
0.043200	151.313004
0.043300	156.300995
0.043400	151.313004
0.043500	149.778000
0.043600	160.138000
0.043700	150.162003
0.043800	141.720993
0.043900	152.848007
0.044000	158.987000
0.044100	156.300995
0.044200	165.126999
0.044300	166.660995
0.044400	168.580002
0.044500	162.824005
0.044600	146.709000
0.044700	159.371002
0.044800	162.440994
0.044900	139.802002
0.045000	153.615005
0.045100	166.660995
0.045200	160.138000
0.045300	158.220001
0.045400	142.871994
0.045500	133.279007
0.045600	139.417999
0.045700	150.546005
0.045800	164.742996
0.045900	152.080994
0.046000	137.500000
0.046100	139.802002
0.046200	149.778000
0.046300	152.080994
0.046400	162.440994
0.046500	163.975006
0.046600	159.371002
0.046700	163.591995
0.046800	161.289993
0.046900	143.255997
0.047000	147.860001
0.047100	168.195999
0.047200	160.522003
0.047300	148.244003
0.047400	153.998993
0.047500	151.697006
0.047600	146.324997
0.047700	145.557999
0.047800	150.546005
0.047900	161.673004
0.048000	169.347000
0.048100	165.893997
0.048200	165.893997
0.048300	173.184006
0.048400	169.731003
0.048500	157.069000
0.048600	139.802002
0.048700	137.500000
0.048800	140.570007
0.048900	140.953003
0.049000	139.802002
0.049100	139.035004
0.049200	135.197998
0.049300	140.570007
0.049400	144.789993
0.049500	139.417999
0.049600	129.826004
0.049700	128.291000
0.049800	130.593002
0.049900	129.442001
0.050000	134.429993
0.050100	139.035004
0.050200	128.675003
0.050300	129.059006
0.050400	140.570007
0.050500	130.593002
0.050600	122.536003
0.050700	130.210007
0.050800	136.348999
0.050900	134.429993
0.051000	142.871994
0.051100	148.626999
0.051200	135.197998
0.051300	137.115997
0.051400	138.651001
0.051500	124.454002
0.051600	130.210007
0.051700	145.173996
0.051800	140.570007
0.051900	150.546005
0.052000	165.509995
0.052100	159.371002
0.052200	161.673004
0.052300	173.951996
0.052400	168.195999
0.052500	160.906006
0.052600	165.509995
0.052700	168.580002
0.052800	173.567993
0.052900	188.531998
0.053000	194.671997
0.053100	195.438995
0.053200	197.358002
0.053300	196.207001
0.053400	201.578003
0.053500	204.264008
0.053600	195.822998
0.053700	191.602005
0.053800	198.509003
0.053900	208.869003
0.054000	224.216995
0.054100	214.240997
0.054200	202.729004
0.054300	204.264008
0.054400	212.705994
0.054500	215.774994
0.054600	206.567001
0.054700	194.671997
0.054800	201.962006
0.054900	205.798996
0.055000	190.835007
0.055100	191.985992
0.055200	205.414993
0.055300	200.044006
0.055400	184.311996
0.055500	179.707001
0.055600	186.229996
0.055700	186.998001
0.055800	172.417007
0.055900	166.278000
0.056000	168.195999
0.056100	161.673004
0.056200	156.300995
0.056300	152.464005
0.056400	158.987000
0.056500	165.893997
0.056600	155.533997
0.056700	139.417999
0.056800	129.059006
0.056900	130.210007
0.057000	129.442001
0.057100	130.593002
0.057200	134.813995
0.057300	121.384003
0.057400	118.698997
0.057500	119.849998
0.057600	112.943001
0.057700	104.885002
0.057800	102.198997
0.057900	96.443703
0.058000	91.455597
0.058100	84.165298
0.058200	73.805298
0.058300	74.572701
0.058400	64.212700
0.058500	51.166801
0.058600	53.469002
0.058700	60.375702
0.058800	65.747498
0.058900	64.212700
0.059000	55.771198
0.059100	47.713501
0.059200	37.737202
0.059300	38.504601
0.059400	38.504601
0.059500	38.888302
0.059600	26.993500
0.059700	9.343170
0.059800	10.878000
0.059900	17.017200
0.060000	12.412800
0.060100	5.506140
0.060200	5.889840
0.060300	7.040950
0.060400	-0.249407
0.060500	-24.422701
0.060600	-34.782700
0.060700	-30.561899
0.060800	-38.236000
0.060900	-43.224098
0.061000	-39.770802
0.061100	-37.084900
0.061200	-33.247898
0.061300	-38.236000
0.061400	-45.526402
0.061500	-39.770802
0.061600	-36.317501
0.061700	-37.468601
0.061800	-50.898201
0.061900	-60.490799
0.062000	-58.188599
0.062100	-53.967800
0.062200	-55.118900
0.062300	-55.886299
0.062400	-56.270000
0.062500	-55.886299
0.062600	-50.514500
0.062700	-58.188599
0.062800	-71.618202
0.062900	-67.013702
0.063000	-60.107101
0.063100	-63.560398
0.063200	-63.944099
0.063300	-67.781097
0.063400	-76.989998
0.063500	-86.198898
0.063600	-82.361801
0.063700	-63.560398
0.063800	-60.874500
0.063900	-69.699600
0.064000	-61.641899
0.064100	-54.351501
0.064200	-63.944099
0.064300	-61.258202
0.064400	-62.025600
0.064500	-69.699600
0.064600	-62.792999
0.064700	-60.107101
0.064800	-66.629997
0.064900	-55.502602
0.065000	-42.456699
0.065100	-47.061199
0.065200	-57.804901
0.065300	-57.804901
0.065400	-45.910099
0.065500	-47.444901
0.065600	-61.258202
0.065700	-65.478897
0.065800	-58.188599
0.065900	-46.293800
0.066000	-37.468601
0.066100	-35.550098
0.066200	-33.631599
0.066300	-37.084900
0.066400	-40.921902
0.066500	-41.305599
0.066600	-35.933800
0.066700	-42.456699
0.066800	-45.526402
0.066900	-25.573799
0.067000	-22.504200
0.067100	-32.480499
0.067200	-38.236000
0.067300	-39.387100
0.067400	-31.713100
0.067500	-18.667200
0.067600	-26.724899
0.067700	-31.329300
0.067800	-28.259701
0.067900	-27.108601
0.068000	-20.202000
0.068100	-19.818300
0.068200	-22.504200
0.068300	-18.667200
0.068400	-22.887899
0.068500	-16.748600
0.068600	5.506140
0.068700	5.506140
0.068800	-6.388650
0.068900	0.134296
0.069000	3.203920
0.069100	-11.376800
0.069200	-7.539760
0.069300	13.947600
0.069400	15.098700
0.069500	-3.702730
0.069600	-10.609400
0.069700	-4.853840
0.069800	-5.621250
0.069900	-5.237550
0.070000	-9.458280
0.070100	-14.830100
0.070200	-0.249407
0.070300	14.715000
0.070400	11.645400
0.070500	-1.016810
0.070600	-8.690870
0.070700	8.575760
0.070800	14.715000
0.070900	0.134296
0.071000	-13.295300
0.071100	-12.911600
0.071200	-3.319030
0.071300	3.971330
0.071400	8.192060
0.071500	2.436510
0.071600	2.820220
0.071700	9.726870
0.071800	-7.156060
0.071900	-8.690870
0.072000	-0.633110
0.072100	-0.249407
0.072200	-7.923470
0.072300	-18.667200
0.072400	-20.202000
0.072500	-11.760500
0.072600	-21.353100
0.072700	-37.852299
0.072800	-33.631599
0.072900	-24.806400
0.073000	-26.724899
0.073100	-29.794500
0.073200	-37.852299
0.073300	-40.154499
0.073400	-44.758999
0.073500	-56.270000
0.073600	-59.723400
0.073700	-45.142700
0.073800	-43.991501
0.073900	-63.944099
0.074000	-63.944099
0.074100	-58.572300
0.074200	-73.920403
0.074300	-70.850800
0.074400	-52.432999
0.074500	-51.665600
0.074600	-62.025600
0.074700	-76.989998
0.074800	-82.361801
0.074900	-83.896698
0.075000	-86.198898
0.075100	-83.896698
0.075200	-90.419601
0.075300	-103.848999
0.075400	-106.918999
0.075500	-106.535004
0.075600	-116.511002
0.075700	-120.732002
0.075800	-119.964996
0.075900	-125.720001
0.076000	-129.557007
0.076100	-130.707993
0.076200	-132.242996
0.076300	-139.533997
0.076400	-148.358994
0.076500	-144.522003
0.076600	-144.522003
0.076700	-149.893997
0.076800	-157.567993
0.076900	-167.160004
0.077000	-163.707001
0.077100	-163.322998
0.077200	-174.451004
0.077300	-176.369003
0.077400	-172.916000
0.077500	-183.658997
0.077600	-187.880005
0.077700	-194.018997
0.077800	-201.692993
0.077900	-200.925995
0.078000	-198.623993
0.078100	-202.460999
0.078200	-208.600006
0.078300	-217.042007
0.078400	-227.401993
0.078500	-227.785004
0.078600	-218.576004
0.078700	-217.042007
0.078800	-233.156998
0.078900	-238.912994
0.079000	-226.634003
0.079100	-222.412994
0.079200	-238.912994
0.079300	-243.901001
0.079400	-232.389999
0.079500	-238.912994
0.079600	-253.876999
0.079700	-243.132996
0.079800	-235.459000
0.079900	-245.052002
0.080000	-268.458008
0.080100	-269.993011
0.080200	-260.783997
0.080300	-260.015991
0.080400	-256.562988
0.080500	-252.341995
0.080600	-256.562988
0.080700	-267.690002
0.080800	-270.760010
0.080900	-264.621002
0.081000	-251.574997
0.081100	-244.667999
0.081200	-258.481995
0.081300	-263.852997
0.081400	-259.632996
0.081500	-255.412003
0.081600	-256.946991
0.081700	-267.307007
0.081800	-274.596985
0.081900	-272.678986
0.082000	-273.829987
0.082100	-278.433990
0.082200	-279.584991
0.082300	-273.062012
0.082400	-260.399994
0.082500	-257.329987
0.082600	-256.562988
0.082700	-255.412003
0.082800	-259.248993
0.082900	-273.062012
0.083000	-274.596985
0.083100	-265.772003
0.083200	-262.701996
0.083300	-265.772003
0.083400	-265.003998
0.083500	-263.852997
0.083600	-265.772003
0.083700	-269.993011
0.083800	-276.898987
0.083900	-272.678986
0.084000	-271.144012
0.084100	-268.458008
0.084200	-269.609009
0.084300	-269.225006
0.084400	-272.295013
0.084500	-254.643997
0.084600	-240.447006
0.084700	-239.296005
0.084800	-247.738007
0.084900	-254.261002
0.085000	-260.015991
0.085100	-255.412003
0.085200	-248.121994
0.085300	-253.110001
0.085400	-258.481995
0.085500	-250.039993
0.085600	-243.901001
0.085700	-250.039993
0.085800	-255.412003
0.085900	-240.830994
0.086000	-230.470993
0.086100	-230.854996
0.086200	-226.250000
0.086300	-235.459000
0.086400	-255.028000
0.086500	-245.819000
0.086600	-233.925003
0.086700	-236.227005
0.086800	-236.227005
0.086900	-235.076004
0.087000	-235.459000
0.087100	-237.761993
0.087200	-244.285004
0.087300	-251.574997
0.087400	-251.574997
0.087500	-244.667999
0.087600	-243.516998
0.087700	-240.063995
0.087800	-235.843002
0.087900	-231.238998
0.088000	-233.156998
0.088100	-243.132996
0.088200	-248.889008
0.088300	-246.970001
0.088400	-250.423996
0.088500	-254.261002
0.088600	-257.329987
0.088700	-259.248993
0.088800	-251.574997
0.088900	-246.970001
0.089000	-245.819000
0.089100	-240.830994
0.089200	-248.889008
0.089300	-250.423996
0.089400	-235.843002
0.089500	-247.738007
0.089600	-280.735992
0.089700	-285.341003
0.089800	-261.166992
0.089900	-246.970001
0.090000	-252.725998
0.090100	-271.527008
0.090200	-272.678986
0.090300	-261.166992
0.090400	-255.412003
0.090500	-257.713989
0.090600	-260.399994
0.090700	-268.842010
0.090800	-275.364014
0.090900	-277.666992
0.091000	-283.421997
0.091100	-289.178009
0.091200	-279.968994
0.091300	-266.923004
0.091400	-265.772003
0.091500	-282.270996
0.091600	-287.643005
0.091700	-273.062012
0.091800	-275.747986
0.091900	-286.876007
0.092000	-285.723999
0.092100	-285.341003
0.092200	-294.933014
0.092300	-293.782013
0.092400	-291.480011
0.092500	-296.467987
0.092600	-281.886993
0.092700	-277.282990
0.092800	-291.480011
0.092900	-296.851990
0.093000	-294.549988
0.093100	-297.618988
0.093200	-297.235992
0.093300	-299.537994
0.093400	-308.363007
0.093500	-298.002991
0.093600	-291.480011
0.093700	-304.141998
0.093800	-313.351013
0.093900	-312.584015
0.094000	-311.816010
0.094100	-326.013000
0.094200	-329.467010
0.094300	-323.710999
0.094400	-327.548004
0.094500	-322.559998
0.094600	-318.722992
0.094700	-327.164001
0.094800	-338.291992
0.094900	-351.721008
0.095000	-350.570007
0.095100	-342.511993
0.095200	-347.501007
0.095300	-356.325989
0.095400	-365.535004
0.095500	-359.778992
0.095600	-356.325989
0.095700	-360.546997
0.095800	-365.535004
0.095900	-379.347992
0.096000	-379.731995
0.096100	-370.139008
0.096200	-375.127014
0.096300	-384.335999
0.096400	-391.626007
0.096500	-398.532990
0.096600	-400.067993
0.096700	-404.671997
0.096800	-401.218994
0.096900	-407.358002
0.097000	-416.183014
0.097100	-416.183014
0.097200	-425.776001
0.097300	-431.532013
0.097400	-425.776001
0.097500	-429.613007
0.097600	-436.519989
0.097700	-448.031006
0.097800	-458.390991
0.097900	-459.157990
0.098000	-456.088989
0.098100	-457.239990
0.098200	-472.204010
0.098300	-479.877991
0.098400	-491.389008
0.098500	-499.830994
0.098600	-505.585999
0.098700	-507.121002
0.098800	-510.958008
0.098900	-510.191010
0.099000	-516.713989
0.099100	-529.760010
0.099200	-534.747986
0.099300	-537.049988
0.099400	-541.653992
0.099500	-546.258972
0.099600	-552.013977
0.099700	-562.374023
0.099800	-571.198975
0.099900	-566.594971
0.100000	-565.059998
0.100100	-575.419983
0.100200	-601.895996
0.100300	-618.778992
0.100400	-621.080994
0.100500	-626.068970
0.100600	-636.429016
0.100700	-636.812988
0.100800	-638.346985
0.100900	-650.242004
0.101000	-658.299988
0.101100	-656.382019
0.101200	-666.742004
0.101300	-673.263977
0.101400	-678.635986
0.101500	-691.682007
0.101600	-712.786011
0.101700	-718.924988
0.101800	-712.786011
0.101900	-713.552979
0.102000	-728.518005
0.102100	-741.179993
0.102200	-741.947021
0.102300	-745.783997
0.102400	-761.515991
0.102500	-761.132019
0.102600	-763.051025
0.102700	-769.190002
0.102800	-775.328979
0.102900	-792.211975
0.103000	-807.560974
0.103100	-806.793030
0.103200	-812.549011
0.103300	-821.374023
0.103400	-832.885010
0.103500	-835.955017
0.103600	-836.338013
0.103700	-840.559021
0.103800	-853.604980
0.103900	-860.512024
0.104000	-872.023010
0.104100	-877.010986
0.104200	-874.708984
0.104300	-886.987000
0.104400	-900.416992
0.104500	-904.254028
0.104600	-903.486023
0.104700	-923.822998
0.104800	-942.624023
0.104900	-936.101013
0.105000	-930.729004
0.105100	-936.484985
0.105200	-944.541992
0.105300	-956.437012
0.105400	-962.192993
0.105500	-967.181030
0.105600	-983.296021
0.105700	-992.122009
0.105800	-987.133972
0.105900	-999.028015
0.106000	-1015.140015
0.106100	-1017.450012
0.106200	-1024.349976
0.106300	-1031.260010
0.106400	-1023.969971
0.106500	-1027.810059
0.106600	-1039.699951
0.106700	-1046.989990
0.106800	-1049.680054
0.106900	-1040.469971
0.107000	-1037.400024
0.107100	-1059.650024
0.107200	-1069.250000
0.107300	-1073.849976
0.107400	-1082.680054
0.107500	-1083.829956
0.107600	-1084.209961
0.107700	-1093.800049
0.107800	-1104.550049
0.107900	-1105.310059
0.108000	-1104.160034
0.108100	-1108.770020
0.108200	-1109.150024
0.108300	-1111.069946
0.108400	-1131.020020
0.108500	-1142.150024
0.108600	-1140.609985
0.108700	-1133.709961
0.108800	-1136.780029
0.108900	-1144.839966
0.109000	-1159.030029
0.109100	-1165.560059
0.109200	-1166.709961
0.109300	-1177.829956
0.109400	-1185.119995
0.109500	-1177.829956
0.109600	-1163.250000
0.109700	-1164.400024
0.109800	-1177.829956
0.109900	-1188.189941
0.110000	-1197.020020
0.110100	-1210.829956
0.110200	-1203.930054
0.110300	-1190.880005
0.110400	-1203.540039
0.110500	-1217.739990
0.110600	-1217.359985
0.110700	-1221.959961
0.110800	-1230.020020
0.110900	-1238.459961
0.111000	-1242.300049
0.111100	-1235.390015
0.111200	-1227.719971
0.111300	-1233.849976
0.111400	-1236.920044
0.111500	-1231.550049
0.111600	-1225.800049
0.111700	-1233.849976
0.111800	-1241.910034
0.111900	-1240.380005
0.112000	-1243.449951
0.112100	-1257.260010
0.112200	-1259.949951
0.112300	-1257.260010
0.112400	-1263.020020
0.112500	-1250.739990
0.112600	-1244.599976
0.112700	-1261.859985
0.112800	-1271.069946
0.112900	-1273.380005
0.113000	-1275.290039
0.113100	-1269.920044
0.113200	-1266.089966
0.113300	-1264.930054
0.113400	-1266.849976
0.113500	-1269.540039
0.113600	-1277.599976
0.113700	-1284.500000
0.113800	-1281.050049
0.113900	-1270.310059
0.114000	-1265.699951
0.114100	-1278.750000
0.114200	-1281.050049
0.114300	-1277.979980
0.114400	-1279.130005
0.114500	-1275.290039
0.114600	-1272.989990
0.114700	-1282.199951
0.114800	-1285.650024
0.114900	-1281.819946
0.115000	-1285.270020
0.115100	-1269.920044
0.115200	-1262.250000
0.115300	-1277.209961
0.115400	-1275.680054
0.115500	-1264.550049
0.115600	-1268.770020
0.115700	-1270.310059
0.115800	-1273.760010
0.115900	-1266.849976
0.116000	-1258.410034
0.116100	-1272.219971
0.116200	-1276.449951
0.116300	-1269.160034
0.116400	-1261.479980
0.116500	-1249.969971
0.116600	-1244.979980
0.116700	-1255.339966
0.116800	-1256.880005
0.116900	-1259.560059
0.117000	-1259.560059
0.117100	-1259.560059
0.117200	-1265.319946
0.117300	-1257.260010
0.117400	-1241.530029
0.117500	-1233.849976
0.117600	-1241.140015
0.117700	-1241.910034
0.117800	-1232.319946
0.117900	-1232.699951
0.118000	-1235.390015
0.118100	-1223.489990
0.118200	-1220.420044
0.118300	-1227.719971
0.118400	-1218.510010
0.118500	-1202.770020
0.118600	-1202.390015
0.118700	-1208.530029
0.118800	-1204.689941
0.118900	-1203.930054
0.119000	-1204.310059
0.119100	-1192.410034
0.119200	-1192.800049
0.119300	-1192.030029
0.119400	-1181.290039
0.119500	-1176.300049
0.119600	-1173.609985
0.119700	-1177.449951
0.119800	-1172.849976
0.119900	-1153.280029
0.120000	-1154.040039
0.120100	-1159.800049
0.120200	-1162.099976
0.120300	-1156.729980
0.120400	-1133.709961
0.120500	-1123.729980
0.120600	-1131.410034
0.120700	-1131.790039
0.120800	-1126.030029
0.120900	-1120.280029
0.121000	-1110.689941
0.121100	-1114.910034
0.121200	-1119.130005
0.121300	-1103.780029
0.121400	-1095.339966
0.121500	-1089.969971
0.121600	-1086.130005
0.121700	-1082.290039
0.121800	-1082.290039
0.121900	-1070.780029
0.122000	-1058.890015
0.122100	-1054.280029
0.122200	-1053.510010
0.122300	-1055.430054
0.122400	-1053.510010
0.122500	-1040.469971
0.122600	-1030.489990
0.122700	-1027.420044
0.122800	-1024.739990
0.122900	-1030.489990
0.123000	-1027.420044
0.123100	-1013.989990
0.123200	-1018.599976
0.123300	-1020.520020
0.123400	-998.645020
0.123500	-996.341980
0.123600	-1014.760010
0.123700	-1012.840027
0.123800	-996.726013
0.123900	-989.435974
0.124000	-981.762024
0.124100	-977.156982
0.124200	-968.716003
0.124300	-960.658020
0.124400	-969.098999
0.124500	-961.809021
0.124600	-950.297974
0.124700	-953.367981
0.124800	-947.612000
0.124900	-947.228027
0.125000	-953.750977
0.125100	-948.763000
0.125200	-936.484985
0.125300	-934.565979
0.125400	-929.961975
0.125500	-918.450989
0.125600	-923.822998
0.125700	-923.054993
0.125800	-903.869995
0.125900	-895.429016
0.126000	-899.648987
0.126100	-883.533997
0.126200	-873.940979
0.126300	-891.591003
0.126400	-892.742981
0.126500	-878.929016
0.126600	-876.627014
0.126700	-877.778015
0.126800	-870.872009
0.126900	-863.965027
0.127000	-862.814026
0.127100	-846.697998
0.127200	-842.476990
0.127300	-844.012024
0.127400	-840.559021
0.127500	-834.036011
0.127600	-833.651978
0.127700	-840.942993
0.127800	-833.268982
0.127900	-820.606018
0.128000	-814.851013
0.128100	-814.466980
0.128200	-812.932007
0.128300	-802.572021
0.128400	-798.351990
0.128500	-789.526001
0.128600	-791.445007
0.128700	-791.445007
0.128800	-781.085022
0.128900	-781.851990
0.129000	-784.155029
0.129100	-775.328979
0.129200	-771.492004
0.129300	-769.573975
0.129400	-769.573975
0.129500	-763.051025
0.129600	-757.679016
0.129700	-750.005005
0.129800	-741.564026
0.129900	-753.458008
0.130000	-755.377014
0.130100	-733.890015
0.130200	-730.435974
0.130300	-739.260986
0.130400	-725.831970
0.130500	-712.401978
0.130600	-721.611023
0.130700	-718.541016
0.130800	-706.263000
0.130900	-706.646973
0.131000	-707.030029
0.131100	-695.518982
0.131200	-693.984009
0.131300	-707.414001
0.131400	-701.275024
0.131500	-682.090027
0.131600	-683.241028
0.131700	-685.543030
0.131800	-673.648010
0.131900	-667.125000
0.132000	-660.986023
0.132100	-652.927979
0.132200	-658.299988
0.132300	-650.242004
0.132400	-640.265991
0.132500	-649.091003
0.132600	-650.625977
0.132700	-640.265991
0.132800	-649.091003
0.132900	-649.091003
0.133000	-635.278015
0.133100	-637.963989
0.133200	-636.044983
0.133300	-612.638977
0.133400	-599.210022
0.133500	-599.210022
0.133600	-595.372986
0.133700	-597.674988
0.133800	-595.755981
0.133900	-586.547974
0.134000	-579.257019
0.134100	-575.419983
0.134200	-570.432007
0.134300	-568.513977
0.134400	-567.745972
0.134500	-562.374023
0.134600	-571.583008
0.134700	-567.745972
0.134800	-550.862976
0.134900	-547.026001
0.135000	-551.630981
0.135100	-544.340027
0.135200	-535.898987
0.135300	-525.539001
0.135400	-530.911011
0.135500	-523.619995
0.135600	-515.945984
0.135700	-521.702026
0.135800	-509.040009
0.135900	-499.062988
0.136000	-504.434998
0.136100	-497.144989
0.136200	-486.401001
0.136300	-496.760986
0.136400	-497.528015
0.136500	-477.959991
0.136600	-474.506012
0.136700	-481.028992
0.136800	-469.902008
0.136900	-458.390991
0.137000	-458.006989
0.137100	-461.843994
0.137200	-453.019012
0.137300	-439.588989
0.137400	-439.588989
0.137500	-443.809998
0.137600	-453.786011
0.137700	-453.786011
0.137800	-437.670990
0.137900	-421.171997
0.138000	-420.787994
0.138100	-423.858002
0.138200	-420.787994
0.138300	-409.277008
0.138400	-398.532990
0.138500	-397.765991
0.138600	-406.207001
0.138700	-397.765991
0.138800	-382.417999
0.138900	-385.487000
0.139000	-389.324005
0.139100	-375.127014
0.139200	-376.661987
0.139300	-377.045990
0.139400	-366.302002
0.139500	-356.325989
0.139600	-347.884003
0.139700	-343.279999
0.139800	-343.279999
0.139900	-339.826996
0.140000	-332.536011
0.140100	-329.467010
0.140200	-327.164001
0.140300	-323.710999
0.140400	-329.467010
0.140500	-326.397003
0.140600	-312.584015
0.140700	-319.106995
0.140800	-317.187988
0.140900	-312.967010
0.141000	-313.351013
0.141100	-298.002991
0.141200	-291.864014
0.141300	-291.480011
0.141400	-280.352997
0.141500	-273.062012
0.141600	-279.584991
0.141700	-279.968994
0.141800	-273.829987
0.141900	-271.527008
0.142000	-268.842010
0.142100	-261.166992
0.142200	-256.946991
0.142300	-246.970001
0.142400	-246.203003
0.142500	-244.667999
0.142600	-234.692001
0.142700	-230.087997
0.142800	-233.925003
0.142900	-228.169006
0.143000	-223.565002
0.143100	-227.785004
0.143200	-227.401993
0.143300	-213.972000
0.143400	-207.065002
0.143500	-195.938004
0.143600	-188.264008
0.143700	-189.798996
0.143800	-188.647995
0.143900	-180.973999
0.144000	-180.205994
0.144100	-177.520004
0.144200	-176.369003
0.144300	-181.356995
0.144400	-167.160004
0.144500	-149.893997
0.144600	-155.649002
0.144700	-159.102005
0.144800	-150.276993
0.144900	-159.485992
0.145000	-158.718994
0.145100	-145.289001
0.145200	-138.382004
0.145300	-142.220001
0.145400	-141.451996
0.145500	-139.917007
0.145600	-139.917007
0.145700	-134.544998
0.145800	-128.022995
0.145900	-131.860001
0.146000	-136.080002
0.146100	-126.487999
0.146200	-103.466003
0.146300	-90.419601
0.146400	-92.338097
0.146500	-100.012001
0.146600	-93.872902
0.146700	-79.675903
0.146800	-83.129303
0.146900	-93.872902
0.147000	-87.733704
0.147100	-81.978104
0.147200	-83.896698
0.147300	-79.675903
0.147400	-70.467102
0.147500	-72.001900
0.147600	-67.013702
0.147700	-59.723400
0.147800	-52.049301
0.147900	-45.142700
0.148000	-44.758999
0.148100	-44.375301
0.148200	-39.387100
0.148300	-32.096802
0.148400	-27.492300
0.148500	-24.806400
0.148600	-22.504200
0.148700	-17.132299
0.148800	-23.655300
0.148900	-29.794500
0.149000	-30.945601
0.149100	-22.887899
0.149200	-7.923470
0.149300	0.134296
0.149400	-13.295300
0.149500	-19.434601
0.149600	-7.539760
0.149700	0.517999
0.149800	-1.016810
0.149900	9.726870
0.150000	22.772800
0.150100	23.540199
0.150200	13.563900
0.150300	18.168301
0.150400	26.226101
0.150500	20.470600
0.150600	13.563900
0.150700	12.412800
0.150800	26.226101
0.150900	41.957901
0.151000	33.900200
0.151100	29.295700
0.151200	35.435001
0.151300	43.109001
0.151400	51.550499
0.151500	53.085300
0.151600	48.864601
0.151700	48.097198
0.151800	51.550499
0.151900	60.759399
0.152000	69.968201
0.152100	69.200798
0.152200	71.503098
0.152300	72.654198
0.152400	66.514900
0.152500	63.828999
0.152600	69.968201
0.152700	92.223000
0.152800	95.676300
0.152900	74.189003
0.153000	86.083801
0.153100	97.978600
0.153200	89.153397
0.153300	83.014099
0.153400	94.525200
0.153500	102.198997
0.153600	97.594902
0.153700	99.897102
0.153800	106.036003
0.153900	106.804001
0.154000	107.955002
0.154100	114.094002
0.154200	116.013000
0.154300	120.616997
0.154400	117.931000
0.154500	119.082001
0.154600	129.826004
0.154700	126.755997
0.154800	116.396004
0.154900	130.210007
0.155000	130.593002
0.155100	124.070000
0.155200	128.291000
0.155300	137.884003
0.155400	144.022995
0.155500	143.639008
0.155600	142.104004
0.155700	145.940994
0.155800	138.266998
0.155900	138.266998
0.156000	150.929993
0.156100	158.220001
0.156200	168.964005
0.156300	164.742996
0.156400	144.022995
0.156500	140.953003
0.156600	154.382996
0.156700	164.742996
0.156800	164.742996
0.156900	167.813004
0.157000	168.195999
0.157100	163.975006
0.157200	162.824005
0.157300	158.604004
0.157400	158.604004
0.157500	171.649994
0.157600	175.487000
0.157700	170.115005
0.157800	167.044998
0.157900	180.091003
0.158000	196.207001
0.158100	188.149002
0.158200	179.707001
0.158300	189.684006
0.158400	190.835007
0.158500	193.136993
0.158600	193.136993
0.158700	186.613998
0.158800	194.671997
0.158900	199.660004
0.159000	191.985992
0.159100	194.287994
0.159200	203.496994
0.159300	205.798996
0.159400	202.729004
0.159500	213.856995
0.159600	210.787003
0.159700	200.427002
0.159800	199.276001
0.159900	191.602005
0.160000	181.242004
0.160100	193.904007
0.160200	213.089005
0.160300	213.089005
0.160400	208.485001
0.160500	210.020004
0.160600	212.705994
0.160700	206.182999
0.160800	205.414993
0.160900	208.485001
0.161000	219.229004
0.161100	230.740005
0.161200	225.367996
0.161300	209.251999
0.161400	207.718002
0.161500	216.542999
0.161600	216.542999
0.161700	217.309998
0.161800	223.449005
0.161900	223.065994
0.162000	215.391998
0.162100	215.391998
0.162200	229.972000
0.162300	241.100006
0.162400	236.494995
0.162500	233.425995
0.162600	227.285995
0.162700	215.774994
0.162800	211.938004
0.162900	221.914993
0.163000	226.903000
0.163100	233.809006
0.163200	235.727997
0.163300	234.960999
0.163400	234.960999
0.163500	232.274994
0.163600	234.960999
0.163700	229.205002
0.163800	223.832993
0.163900	238.414001
0.164000	245.703995
0.164100	239.949005
0.164200	240.332001
0.164300	236.112000
0.164400	230.740005
0.164500	233.809006
0.164600	232.658005
0.164700	224.983994
0.164800	231.123993
0.164900	239.565002
0.165000	237.263000
0.165100	243.018005
0.165200	248.389999
0.165300	252.227005
0.165400	246.854996
0.165500	236.878998
0.165600	240.716003
0.165700	250.692001
0.165800	243.018005
0.165900	243.018005
0.166000	256.063995
0.166100	250.692001
0.166200	239.565002
0.166300	244.169006
0.166400	243.018005
0.166500	239.181000
0.166600	255.679993
0.166700	266.424011
0.166800	268.726013
0.166900	252.994995
0.167000	238.029999
0.167100	249.541000
0.167200	247.623001
0.167300	239.949005
0.167400	238.029999
0.167500	235.343994
0.167600	239.565002
0.167700	246.087997
0.167800	248.005997
0.167900	248.774002
0.168000	255.296997
0.168100	255.296997
0.168200	254.145996
0.168300	264.122009
0.168400	264.506012
0.168500	256.447998
0.168600	266.424011
0.168700	274.865997
0.168800	266.424011
0.168900	265.657013
0.169000	276.399994
0.169100	269.493988
0.169200	265.273010
0.169300	268.342987
0.169400	258.750000
0.169500	250.692001
0.169600	255.679993
0.169700	260.669006
0.169800	272.179993
0.169900	269.877991
0.170000	255.296997
0.170100	256.063995
0.170200	271.411987
0.170300	271.795990
0.170400	264.122009
0.170500	272.946991
0.170600	280.237000
0.170700	274.481995
0.170800	265.657013
0.170900	268.342987
0.171000	281.772003
0.171100	275.248993
0.171200	259.518005
0.171300	271.411987
0.171400	287.144012
0.171500	282.923004
0.171600	267.959015
0.171700	258.365997
0.171800	262.971008
0.171900	269.877991
0.172000	265.273010
0.172100	272.946991
0.172200	275.632996
0.172300	260.669006
0.172400	258.365997
0.172500	266.424011
0.172600	270.644989
0.172700	265.657013
0.172800	261.820007
0.172900	274.481995
0.173000	282.156006
0.173100	275.248993
0.173200	267.575012
0.173300	265.273010
0.173400	262.587006
0.173500	270.260986
0.173600	280.621002
0.173700	290.596985
0.173800	289.446014
0.173900	281.005005
0.174000	280.621002
0.174100	284.842010
0.174200	272.179993
0.174300	264.122009
0.174400	273.330994
0.174500	276.016998
0.174600	267.575012
0.174700	269.877991
0.174800	284.075012
0.174900	284.842010
0.175000	270.644989
0.175100	264.506012
0.175200	265.273010
0.175300	268.726013
0.175400	282.923004
0.175500	285.993011
0.175600	274.481995
0.175700	260.285004
0.175800	270.644989
0.175900	287.528015
0.176000	285.609009
0.176100	279.470001
0.176200	276.016998
0.176300	269.493988
0.176400	279.854004
0.176500	294.433990
0.176600	294.433990
0.176700	285.993011
0.176800	285.993011
0.176900	281.005005
0.177000	277.552002
0.177100	277.934998
0.177200	281.772003
0.177300	281.772003
0.177400	283.307007
0.177500	282.156006
0.177600	280.237000
0.177700	278.319000
0.177800	274.481995
0.177900	274.097992
0.178000	277.934998
0.178100	274.481995
0.178200	273.714996
0.178300	279.470001
0.178400	291.364990
0.178500	296.352997
0.178600	290.596985
0.178700	286.377014
0.178800	290.596985
0.178900	295.968994
0.179000	294.433990
0.179100	291.364990
0.179200	286.760010
0.179300	287.528015
0.179400	293.666992
0.179500	292.899994
0.179600	283.307007
0.179700	282.540009
0.179800	290.980988
0.179900	281.772003
0.180000	277.167999
0.180100	284.458008
0.180200	291.364990
0.180300	299.806000
0.180400	298.654999
0.180500	288.678986
0.180600	293.666992
0.180700	291.748993
0.180800	282.923004
0.180900	285.993011
0.181000	284.842010
0.181100	272.946991
0.181200	282.540009
0.181300	296.352997
0.181400	294.433990
0.181500	290.980988
0.181600	292.131989
0.181700	289.829987
0.181800	286.377014
0.181900	294.050995
0.182000	297.119995
0.182100	285.993011
0.182200	280.621002
0.182300	279.085999
0.182400	277.167999
0.182500	291.364990
0.182600	299.039001
0.182700	290.213989
0.182800	295.585999
0.182900	307.480011
0.183000	300.957001
0.183100	296.737000
0.183200	300.190002
0.183300	295.201996
0.183400	294.433990
0.183500	291.364990
0.183600	298.654999
0.183700	315.537994
0.183800	311.316986
0.183900	295.968994
0.184000	291.364990
0.184100	290.596985
0.184200	296.737000
0.184300	302.109009
0.184400	308.247986
0.184500	304.411011
0.184600	292.899994
0.184700	286.377014
0.184800	305.946014
0.184900	315.537994
0.185000	304.411011
0.185100	304.794006
0.185200	312.084991
0.185300	302.109009
0.185400	290.596985
0.185500	295.201996
0.185600	304.027008
0.185700	312.084991
0.185800	310.165985
0.185900	297.503998
0.186000	298.654999
0.186100	303.643005
0.186200	305.562012
0.186300	300.957001
0.186400	302.492004
0.186500	312.851990
0.186600	310.933990
0.186700	299.806000
0.186800	302.876007
0.186900	310.549988
0.187000	311.316986
0.187100	300.190002
0.187200	297.119995
0.187300	304.027008
0.187400	317.457001
0.187500	309.782990
0.187600	299.039001
0.187700	303.643005
0.187800	301.725006
0.187900	297.888000
0.188000	315.537994
0.188100	318.223999
0.188200	310.933990
0.188300	318.608002
0.188400	311.316986
0.188500	308.247986
0.188600	328.584015
0.188700	323.212006
0.188800	303.260010
0.188900	305.178009
0.189000	305.562012
0.189100	315.537994
0.189200	331.653992
0.189300	325.898010
0.189400	306.329010
0.189500	306.329010
0.189600	305.946014
0.189700	318.223999
0.189800	317.839996
0.189900	305.178009
0.190000	309.398987
0.190100	317.457001
0.190200	312.084991
0.190300	320.910004
0.190400	328.584015
0.190500	327.049011
0.190600	323.596008
0.190700	312.851990
0.190800	306.329010
0.190900	307.480011
0.191000	316.306000
0.191100	325.898010
0.191200	337.792999
0.191300	342.781006
0.191400	345.467010
0.191500	337.408997
0.191600	333.955994
0.191700	323.980011
0.191800	327.049011
0.191900	332.804993
0.192000	317.839996
0.192100	314.002991
0.192200	322.445007
0.192300	315.537994
0.192400	315.537994
0.192500	323.596008
0.192600	325.514008
0.192700	325.131012
0.192800	313.235992
0.192900	315.153992
0.193000	331.653992
0.193100	332.804993
0.193200	331.653992
0.193300	327.816986
0.193400	322.061005
0.193500	324.363007
0.193600	325.514008
0.193700	326.665985
0.193800	330.118988
0.193900	331.653992
0.194000	333.955994
0.194100	328.967987
0.194200	321.294006
0.194300	318.223999
0.194400	315.153992
0.194500	310.549988
0.194600	329.734985
0.194700	343.165009
0.194800	341.630005
0.194900	342.781006
0.195000	344.700012
0.195100	340.863007
0.195200	344.700012
0.195300	350.454987
0.195400	342.397003
0.195500	333.188995
0.195600	341.246002
0.195700	343.932007
0.195800	349.303986
0.195900	354.291992
0.196000	341.630005
0.196100	330.118988
0.196200	338.177002
0.196300	336.257996
0.196400	333.571991
0.196500	332.420990
0.196600	329.734985
0.196700	328.200012
0.196800	334.339996
0.196900	343.932007
0.197000	330.502991
0.197100	321.294006
0.197200	335.873993
0.197300	350.454987
0.197400	342.397003
0.197500	340.479004
0.197600	348.920013
0.197700	353.140991
0.197800	359.279999
0.197900	358.513000
0.198000	335.490997
0.198100	337.792999
0.198200	351.605988
0.198300	345.851013
0.198400	347.385986
0.198500	354.291992
0.198600	353.140991
0.198700	358.128998
0.198800	348.920013
0.198900	348.153015
0.199000	352.373993
0.199100	351.605988
0.199200	354.291992
0.199300	366.954010
0.199400	360.431000
0.199500	354.675995
0.199600	355.059998
0.199700	344.700012
0.199800	343.165009
0.199900	361.966003
0.200000	375.395996
0.200100	368.105011
0.200200	355.826996
0.200300	353.907990
0.200400	351.989990
0.200500	343.932007
0.200600	353.524994
0.200700	367.338013
0.200800	371.558990
0.200900	365.036011
0.201000	361.199005
0.201100	356.210999
0.201200	358.128998
0.201300	359.279999
0.201400	366.571014
0.201500	375.011993
0.201600	367.721985
0.201700	360.048004
0.201800	359.664001
0.201900	364.268005
0.202000	366.954010
0.202100	365.803009
0.202200	364.268005
0.202300	371.174988
0.202400	367.721985
0.202500	363.501007
0.202600	364.652008
0.202700	375.779999
0.202800	378.082001
0.202900	376.162994
0.203000	365.803009
0.203100	354.675995
0.203200	367.721985
0.203300	381.535004
0.203400	375.011993
0.203500	365.036011
0.203600	366.571014
0.203700	365.420013
0.203800	363.885010
0.203900	379.617004
0.204000	389.209015
0.204100	388.441986
0.204200	384.221008
0.204300	383.837006
0.204400	375.779999
0.204500	366.954010
0.204600	372.325989
0.204700	377.313995
0.204800	371.942993
0.204900	376.546997
0.205000	365.036011
0.205100	356.593994
0.205200	371.174988
0.205300	386.523010
0.205400	390.359985
0.205500	388.441986
0.205600	388.058014
0.205700	380.000000
0.205800	367.338013
0.205900	372.709991
0.206000	376.162994
0.206100	368.105011
0.206200	366.954010
0.206300	375.011993
0.206400	368.105011
0.206500	366.954010
0.206600	380.768005
0.206700	380.384003
0.206800	373.860992
0.206900	380.000000
0.207000	377.313995
0.207100	365.036011
0.207200	367.338013
0.207300	375.779999
0.207400	374.627991
0.207500	368.105011
0.207600	373.860992
0.207700	386.140015
0.207800	379.233002
0.207900	380.000000
0.208000	382.686005
0.208100	383.454010
0.208200	383.837006
0.208300	387.290985
0.208400	383.454010
0.208500	382.302002
0.208600	381.535004
0.208700	383.454010
0.208800	387.674011
0.208900	376.546997
0.209000	362.734009
0.209100	374.244995
0.209200	385.372009
0.209300	378.464996
0.209400	374.627991
0.209500	374.244995
0.209600	371.174988
0.209700	378.848999
0.209800	384.988007
0.209900	385.756012
0.210000	388.825012
0.210100	381.151001
0.210200	378.082001
0.210300	381.919006
0.210400	381.151001
0.210500	387.674011
0.210600	396.115997
0.210700	389.592987
0.210800	381.151001
0.210900	382.302002
0.211000	380.384003
0.211100	380.384003
0.211200	386.140015
0.211300	389.209015
0.211400	396.115997
0.211500	391.894989
0.211600	378.464996
0.211700	380.000000
0.211800	385.372009
0.211900	381.919006
0.212000	381.151001
0.212100	384.988007
0.212200	388.058014
0.212300	389.209015
0.212400	387.290985
0.212500	386.523010
0.212600	388.825012
0.212700	386.907013
0.212800	388.825012
0.212900	396.498993
0.213000	393.813995
0.213100	393.045990
0.213200	389.592987
0.213300	396.115997
0.213400	392.661987
0.213500	379.617004
0.213600	385.756012
0.213700	393.429993
0.213800	380.768005
0.213900	377.313995
0.214000	386.907013
0.214100	384.605011
0.214200	381.151001
0.214300	391.127991
0.214400	385.372009
0.214500	383.070007
0.214600	378.848999
0.214700	367.721985
0.214800	366.571014
0.214900	377.697998
0.215000	376.162994
0.215100	371.558990
0.215200	374.627991
0.215300	376.162994
0.215400	365.420013
0.215500	356.210999
0.215600	365.036011
0.215700	368.105011
0.215800	382.686005
0.215900	386.523010
0.216000	378.848999
0.216100	377.313995
0.216200	372.325989
0.216300	367.338013
0.216400	371.942993
0.216500	368.872986
0.216600	369.256989
0.216700	368.105011
0.216800	363.117004
0.216900	370.023987
0.217000	377.697998
0.217100	373.860992
0.217200	370.023987
0.217300	366.187012
0.217400	360.815002
0.217500	370.407990
0.217600	373.860992
0.217700	373.860992
0.217800	373.093994
0.217900	362.734009
0.218000	350.454987
0.218100	351.222992
0.218200	373.093994
0.218300	371.942993
0.218400	359.279999
0.218500	363.501007
0.218600	362.734009
0.218700	356.977997
0.218800	353.140991
0.218900	348.153015
0.219000	361.966003
0.219100	366.187012
0.219200	357.362000
0.219300	364.268005
0.219400	366.954010
0.219500	357.362000
0.219600	371.174988
0.219700	360.815002
0.219800	351.605988
0.219900	365.803009
0.220000	360.431000
0.220100	359.279999
0.220200	368.489014
0.220300	364.268005
0.220400	367.338013
0.220500	376.546997
0.220600	360.431000
0.220700	358.897003
0.220800	365.803009
0.220900	356.977997
0.221000	339.328003
0.221100	342.781006
0.221200	357.362000
0.221300	357.362000
0.221400	343.548004
0.221500	346.234009
0.221600	353.140991
0.221700	350.838989
0.221800	348.920013
0.221900	345.083008
0.222000	343.548004
0.222100	350.838989
0.222200	359.664001
0.222300	356.977997
0.222400	346.234009
0.222500	338.944000
0.222600	341.630005
0.222700	344.700012
0.222800	347.769012
0.222900	353.140991
0.223000	352.756989
0.223100	354.291992
0.223200	354.291992
0.223300	342.397003
0.223400	338.944000
0.223500	350.838989
0.223600	358.513000
0.223700	351.222992
0.223800	343.932007
0.223900	343.548004
0.224000	356.210999
0.224100	356.977997
0.224200	341.246002
0.224300	340.863007
0.224400	348.536987
0.224500	351.222992
0.224600	346.234009
0.224700	345.851013
0.224800	357.362000
0.224900	370.790985
0.225000	366.571014
0.225100	360.815002
0.225200	362.350006
0.225300	361.583008
0.225400	356.593994
0.225500	360.815002
0.225600	353.907990
0.225700	345.467010
0.225800	341.630005
0.225900	345.083008
0.226000	338.177002
0.226100	346.234009
0.226200	352.756989
0.226300	349.687988
0.226400	346.618011
0.226500	344.700012
0.226600	343.932007
0.226700	353.524994
0.226800	359.279999
0.226900	356.210999
0.227000	357.362000
0.227100	357.744995
0.227200	350.454987
0.227300	337.792999
0.227400	341.630005
0.227500	348.920013
0.227600	346.234009
0.227700	351.989990
0.227800	352.756989
0.227900	347.385986
0.228000	348.920013
0.228100	345.851013
0.228200	347.385986
0.228300	357.362000
0.228400	353.140991
0.228500	341.246002
0.228600	332.804993
0.228700	343.548004
0.228800	352.373993
0.228900	348.536987
0.229000	348.920013
0.229100	344.316010
0.229200	342.781006
0.229300	351.222992
0.229400	361.583008
0.229500	366.954010
0.229600	359.664001
0.229700	349.687988
0.229800	358.513000
0.229900	371.174988
0.230000	351.605988
0.230100	336.257996
0.230200	336.641998
0.230300	343.548004
0.230400	349.303986
0.230500	344.700012
0.230600	350.454987
0.230700	364.268005
0.230800	359.664001
0.230900	341.246002
0.231000	342.781006
0.231100	345.467010
0.231200	357.362000
0.231300	365.803009
0.231400	358.897003
0.231500	354.675995
0.231600	350.454987
0.231700	338.944000
0.231800	344.316010
0.231900	345.083008
0.232000	337.792999
0.232100	346.234009
0.232200	356.210999
0.232300	355.442993
0.232400	346.234009
0.232500	333.571991
0.232600	335.490997
0.232700	347.769012
0.232800	351.222992
0.232900	342.397003
0.233000	333.571991
0.233100	337.408997
0.233200	338.177002
0.233300	340.095001
0.233400	346.618011
0.233500	345.083008
0.233600	345.467010
0.233700	340.479004
0.233800	340.095001
0.233900	329.734985
0.234000	321.294006
0.234100	334.722992
0.234200	347.385986
0.234300	341.630005
0.234400	338.177002
0.234500	329.734985
0.234600	327.049011
0.234700	327.433014
0.234800	325.898010
0.234900	327.049011
0.235000	328.200012
0.235100	323.212006
0.235200	325.898010
0.235300	332.420990
0.235400	329.734985
0.235500	325.131012
0.235600	322.445007
0.235700	329.351013
0.235800	338.177002
0.235900	337.026001
0.236000	322.829010
0.236100	318.223999
0.236200	321.294006
0.236300	321.677002
0.236400	322.829010
0.236500	324.363007
0.236600	327.816986
0.236700	325.898010
0.236800	318.990997
0.236900	327.049011
0.237000	327.049011
0.237100	327.049011
0.237200	330.502991
0.237300	327.816986
0.237400	328.584015
0.237500	333.188995
0.237600	325.898010
0.237700	315.537994
0.237800	314.002991
0.237900	320.910004
0.238000	322.061005
0.238100	323.212006
0.238200	325.898010
0.238300	323.596008
0.238400	312.084991
0.238500	307.096985
0.238600	308.247986
0.238700	312.851990
0.238800	317.839996
0.238900	323.980011
0.239000	325.131012
0.239100	326.665985
0.239200	334.339996
0.239300	331.269989
0.239400	327.049011
0.239500	317.839996
0.239600	296.352997
0.239700	299.423004
0.239800	317.457001
0.239900	318.608002
0.240000	308.247986
0.240100	305.178009
0.240200	312.851990
0.240300	313.235992
0.240400	316.306000
0.240500	324.747009
0.240600	317.839996
0.240700	316.688995
0.240800	320.143005
0.240900	313.235992
0.241000	306.713013
0.241100	303.643005
0.241200	305.562012
0.241300	314.002991
0.241400	307.480011
0.241500	299.806000
0.241600	302.876007
0.241700	312.084991
0.241800	317.839996
0.241900	319.759003
0.242000	308.631989
0.242100	305.946014
0.242200	304.794006
0.242300	308.247986
0.242400	305.946014
0.242500	300.574005
0.242600	304.794006
0.242700	300.957001
0.242800	293.666992
0.242900	301.725006
0.243000	303.260010
0.243100	301.341003
0.243200	312.084991
0.243300	309.782990
0.243400	294.433990
0.243500	300.574005
0.243600	306.713013
0.243700	309.015015
0.243800	300.190002
0.243900	292.131989
0.244000	297.119995
0.244100	304.411011
0.244200	301.341003
0.244300	294.050995
0.244400	290.596985
0.244500	300.957001
0.244600	299.806000
0.244700	302.876007
0.244800	307.096985
0.244900	301.725006
0.245000	301.725006
0.245100	299.039001
0.245200	303.260010
0.245300	302.109009
0.245400	291.364990
0.245500	295.585999
0.245600	298.654999
0.245700	289.446014
0.245800	290.980988
0.245900	289.446014
0.246000	279.085999
0.246100	284.458008
0.246200	289.062988
0.246300	279.085999
0.246400	276.016998
0.246500	281.772003
0.246600	284.842010
0.246700	282.923004
0.246800	286.377014
0.246900	283.691010
0.247000	281.389008
0.247100	281.772003
0.247200	286.760010
0.247300	295.585999
0.247400	299.806000
0.247500	297.503998
0.247600	290.213989
0.247700	281.389008
0.247800	285.993011
0.247900	280.237000
0.248000	282.540009
0.248100	282.156006
0.248200	276.016998
0.248300	286.377014
0.248400	298.654999
0.248500	297.888000
0.248600	298.272003
0.248700	296.352997
0.248800	279.085999
0.248900	270.644989
0.249000	286.377014
0.249100	280.621002
0.249200	269.877991
0.249300	279.854004
0.249400	284.075012
0.249500	285.609009
0.249600	281.005005
0.249700	283.307007
0.249800	282.156006
0.249900	282.540009
0.250000	284.458008
0.250100	274.865997
0.250200	276.399994
0.250300	284.075012
0.250400	290.980988
0.250500	287.528015
0.250600	277.552002
0.250700	275.248993
0.250800	274.097992
0.250900	274.481995
0.251000	275.248993
0.251100	274.481995
0.251200	289.446014
0.251300	288.678986
0.251400	270.644989
0.251500	263.738007
0.251600	268.726013
0.251700	269.877991
0.251800	276.399994
0.251900	277.167999
0.252000	275.248993
0.252100	266.808014
0.252200	261.436005
0.252300	274.097992
0.252400	277.552002
0.252500	258.365997
0.252600	254.145996
0.252700	265.657013
0.252800	272.946991
0.252900	269.109985
0.253000	259.134003
0.253100	262.587006
0.253200	268.342987
0.253300	265.657013
0.253400	255.296997
0.253500	250.692001
0.253600	257.598999
0.253700	271.028992
0.253800	282.540009
0.253900	278.319000
0.254000	276.783997
0.254100	277.167999
0.254200	269.109985
0.254300	262.971008
0.254400	267.191986
0.254500	259.134003
0.254600	251.843002
0.254700	255.679993
0.254800	257.598999
0.254900	252.227005
0.255000	265.657013
0.255100	267.575012
0.255200	253.378006
0.255300	246.854996
0.255400	246.854996
0.255500	242.251007
0.255600	253.378006
0.255700	260.669006
0.255800	261.436005
0.255900	265.273010
0.256000	253.378006
0.256100	243.018005
0.256200	247.623001
0.256300	247.238998
0.256400	249.541000
0.256500	258.365997
0.256600	264.889008
0.256700	259.901001
0.256800	250.692001
0.256900	251.076004
0.257000	257.214996
0.257100	254.529007
0.257200	246.087997
0.257300	244.936996
0.257400	243.018005
0.257500	231.507004
0.257600	233.425995
0.257700	241.483002
0.257800	239.565002
0.257900	225.367996
0.258000	215.007996
0.258100	218.845001
0.258200	222.682007
0.258300	223.065994
0.258400	219.229004
0.258500	222.682007
0.258600	231.891006
0.258700	228.820999
0.258800	228.820999
0.258900	239.181000
0.259000	234.576996
0.259100	215.774994
0.259200	213.856995
0.259300	218.078003
0.259400	212.705994
0.259500	213.473007
0.259600	217.309998
0.259700	212.705994
0.259800	195.438995
0.259900	190.451004
0.260000	191.985992
0.260100	188.531998
0.260200	188.916000
0.260300	193.904007
0.260400	191.985992
0.260500	184.695007
0.260600	180.475006
0.260700	180.475006
0.260800	186.613998
0.260900	183.927994
0.261000	172.417007
0.261100	182.009995
0.261200	188.531998
0.261300	183.160995
0.261400	168.195999
0.261500	162.440994
0.261600	164.358994
0.261700	163.207993
0.261800	165.893997
0.261900	175.102997
0.262000	172.417007
0.262100	164.742996
0.262200	163.207993
0.262300	150.929993
0.262400	132.128006
0.262500	133.279007
0.262600	134.813995
0.262700	127.524002
0.262800	124.454002
0.262900	131.744003
0.263000	127.524002
0.263100	118.698997
0.263200	118.315002
0.263300	119.849998
0.263400	127.906998
0.263500	135.197998
0.263600	128.675003
0.263700	120.616997
0.263800	113.327003
0.263900	111.792000
0.264000	109.106003
0.264100	112.943001
0.264200	107.570999
0.264300	99.513397
0.264400	111.792000
0.264500	118.698997
0.264600	103.734001
0.264700	98.746002
0.264800	103.349998
0.264900	92.223000
0.265000	89.153397
0.265100	99.129700
0.265200	103.349998
0.265300	85.316399
0.265400	74.189003
0.265500	82.630402
0.265600	94.908897
0.265700	87.234901
0.265800	80.711899
0.265900	84.165298
0.266000	79.944504
0.266100	69.968201
0.266200	64.212700
0.266300	62.677898
0.266400	57.306000
0.266500	55.387501
0.266600	55.003799
0.266700	51.934200
0.266800	44.260101
0.266900	38.504601
0.267000	43.492699
0.267100	57.306000
0.267200	60.375702
0.267300	51.934200
0.267400	48.097198
0.267500	50.015701
0.267600	48.097198
0.267700	52.701599
0.267800	45.027500
0.267900	36.202400
0.268000	45.027500
0.268100	54.620098
0.268200	51.166801
0.268300	45.794998
0.268400	44.643799
0.268500	41.190498
0.268600	39.271999
0.268700	36.586102
0.268800	37.353500
0.268900	45.027500
0.269000	44.643799
0.269100	32.749100
0.269200	30.830500
0.269300	33.516499
0.269400	24.307600
0.269500	18.168301
0.269600	28.144600
0.269700	33.516499
0.269800	30.446800
0.269900	28.528299
0.270000	21.238001
0.270100	25.842400
0.270200	27.760900
0.270300	15.098700
0.270400	-2.551620
0.270500	-1.016810
0.270600	5.506140
0.270700	14.331300
0.270800	22.005400
0.270900	12.029100
0.271000	-0.249407
0.271100	1.669110
0.271200	5.889840
0.271300	18.168301
0.271400	20.086901
0.271500	16.249800
0.271600	15.866100
0.271700	11.645400
0.271800	7.424650
0.271900	-2.551620
0.272000	-3.319030
0.272100	2.052810
0.272200	0.134296
0.272300	-9.458280
0.272400	-5.621250
0.272500	4.738730
0.272600	3.971330
0.272700	10.110600
0.272800	2.436510
0.272900	-15.597500
0.273000	-24.039000
0.273100	-19.818300
0.273200	-17.132299
0.273300	-13.295300
0.273400	-15.981200
0.273500	-8.307170
0.273600	-5.237550
0.273700	-6.772360
0.273800	-12.144200
0.273900	-22.887899
0.274000	-16.364901
0.274100	-2.935330
0.274200	-11.760500
0.274300	-10.993100
0.274400	1.285410
0.274500	0.134296
0.274600	1.669110
0.274700	-3.702730
0.274800	-11.760500
0.274900	-8.690870
0.275000	-10.225700
0.275100	-2.935330
0.275200	-1.784220
0.275300	-12.527900
0.275400	-11.760500
0.275500	-9.074580
0.275600	-14.062700
0.275700	-7.539760
0.275800	-17.132299
0.275900	-23.655300
0.276000	-19.050900
0.276100	-20.585699
0.276200	-11.376800
0.276300	0.901702
0.276400	-7.539760
0.276500	-21.353100
0.276600	-20.585699
0.276700	-8.307170
0.276800	-15.981200
0.276900	-29.027100
0.277000	-17.132299
0.277100	-9.841980
0.277200	-7.923470
0.277300	-10.609400
0.277400	-26.341200
0.277500	-32.096802
0.277600	-14.062700
0.277700	-7.923470
0.277800	-12.144200
0.277900	-22.887899
0.278000	-27.875999
0.278100	-14.830100
0.278200	-15.597500
0.278300	-25.573799
0.278400	-22.120501
0.278500	-20.202000
0.278600	-26.341200
0.278700	-15.213800
0.278800	-19.818300
0.278900	-30.561899
0.279000	-21.736799
0.279100	-22.120501
0.279200	-37.468601
0.279300	-37.852299
0.279400	-27.108601
0.279500	-18.283400
0.279600	-26.341200
0.279700	-32.096802
0.279800	-33.247898
0.279900	-33.631599
0.280000	-30.945601
0.280100	-34.015301
0.280200	-25.190100
0.280300	-6.388650
0.280400	-10.225700
0.280500	-37.852299
0.280600	-48.212299
0.280700	-54.351501
0.280800	-48.979698
0.280900	-27.108601
0.281000	-22.887899
0.281100	-31.329300
0.281200	-37.468601
0.281300	-44.758999
0.281400	-39.003399
0.281500	-22.887899
0.281600	-25.957500
0.281700	-35.933800
0.281800	-24.806400
0.281900	-22.504200
0.282000	-29.410801
0.282100	-28.259701
0.282200	-42.456699
0.282300	-58.572300
0.282400	-44.758999
0.282500	-40.921902
0.282600	-41.689301
0.282700	-35.166401
0.282800	-39.003399
0.282900	-43.607800
0.283000	-47.444901
0.283100	-49.747101
0.283200	-48.212299
0.283300	-50.898201
0.283400	-54.351501
0.283500	-43.991501
0.283600	-42.840401
0.283700	-45.142700
0.283800	-47.828602
0.283900	-53.200401
0.284000	-58.956001
0.284100	-52.816700
0.284200	-42.840401
0.284300	-38.236000
0.284400	-42.073002
0.284500	-37.468601
0.284600	-37.852299
0.284700	-45.910099
0.284800	-48.212299
0.284900	-60.490799
0.285000	-67.781097
0.285100	-56.653702
0.285200	-44.375301
0.285300	-51.281898
0.285400	-53.967800
0.285500	-43.224098
0.285600	-32.864201
0.285700	-43.224098
0.285800	-53.967800
0.285900	-51.281898
0.286000	-45.142700
0.286100	-58.572300
0.286200	-67.781097
0.286300	-62.409302
0.286400	-53.200401
0.286500	-57.037498
0.286600	-62.792999
0.286700	-58.188599
0.286800	-54.735199
0.286900	-45.526402
0.287000	-45.142700
0.287100	-60.490799
0.287200	-55.886299
0.287300	-49.363400
0.287400	-52.816700
0.287500	-58.956001
0.287600	-63.944099
0.287700	-57.804901
0.287800	-54.735199
0.287900	-53.584099
0.288000	-58.188599
0.288100	-67.013702
0.288200	-66.629997
0.288300	-71.618202
0.288400	-73.920403
0.288500	-66.246300
0.288600	-57.037498
0.288700	-60.490799
0.288800	-63.176701
0.288900	-64.327797
0.289000	-64.711502
0.289100	-67.397400
0.289200	-79.292198
0.289300	-74.304100
0.289400	-64.711502
0.289500	-68.164803
0.289600	-73.920403
0.289700	-81.210701
0.289800	-90.803299
0.289900	-91.570702
0.290000	-82.745598
0.290100	-75.838898
0.290200	-76.989998
0.290300	-87.733704
0.290400	-96.558899
0.290500	-82.745598
0.290600	-73.920403
0.290700	-90.035896
0.290800	-95.791496
0.290900	-95.791496
0.291000	-88.501099
0.291100	-68.548500
0.291200	-66.629997
0.291300	-71.618202
0.291400	-75.455200
0.291500	-87.733704
0.291600	-95.791496
0.291700	-89.268501
0.291800	-86.966301
0.291900	-86.198898
0.292000	-83.513000
0.292100	-82.745598
0.292200	-85.431503
0.292300	-100.012001
0.292400	-113.824997
0.292500	-100.779999
0.292600	-86.582603
0.292700	-94.256599
0.292800	-96.942596
0.292900	-98.861099
0.293000	-103.466003
0.293100	-101.931000
0.293200	-101.546997
0.293300	-101.931000
0.293400	-90.035896
0.293500	-85.815201
0.293600	-96.558899
0.293700	-101.546997
0.293800	-96.942596
0.293900	-103.082001
0.294000	-110.755997
0.294100	-116.127998
0.294200	-111.139999
0.294300	-109.987999
0.294400	-108.836998
0.294500	-96.942596
0.294600	-96.942596
0.294700	-103.848999
0.294800	-102.314003
0.294900	-104.233002
0.295000	-96.942596
0.295100	-81.210701
0.295200	-92.338097
0.295300	-108.070000
0.295400	-111.523003
0.295500	-103.466003
0.295600	-106.535004
0.295700	-111.523003
0.295800	-105.000000
0.295900	-99.628502
0.296000	-103.466003
0.296100	-99.244797
0.296200	-98.861099
0.296300	-96.175201
0.296400	-91.186996
0.296500	-88.884804
0.296600	-93.105499
0.296700	-106.151001
0.296800	-116.894997
0.296900	-112.291000
0.297000	-101.163002
0.297100	-103.082001
0.297200	-103.848999
0.297300	-104.616997
0.297400	-108.070000
0.297500	-100.779999
0.297600	-96.558899
0.297700	-95.791496
0.297800	-88.501099
0.297900	-90.035896
0.298000	-99.628502
0.298100	-103.848999
0.298200	-100.779999
0.298300	-97.326302
0.298400	-86.966301
0.298500	-79.292198
0.298600	-96.175201
0.298700	-116.511002
0.298800	-107.685997
0.298900	-95.407799
0.299000	-92.338097
0.299100	-86.966301
0.299200	-90.035896
0.299300	-97.326302
0.299400	-91.954399
0.299500	-84.664101
0.299600	-96.942596
0.299700	-93.105499
0.299800	-77.757401
0.299900	-84.280403
