-0.050000	3.887490
-0.049900	0.965786
-0.049800	-0.495067
-0.049700	-0.008116
-0.049600	-0.008116
-0.049500	-5.851530
-0.049400	-8.773230
-0.049300	-4.877630
-0.049200	0.965786
-0.049100	2.913590
-0.049000	3.887490
-0.048900	6.809200
-0.048800	6.809200
-0.048700	1.939690
-0.048600	-0.982018
-0.048500	-0.982018
-0.048400	-0.008116
-0.048300	-0.982018
-0.048200	-0.982018
-0.048100	-0.008116
-0.048000	-2.929820
-0.047900	-3.903720
-0.047800	6.809200
-0.047700	6.809200
-0.047600	0.965786
-0.047500	0.478835
-0.047400	6.809200
-0.047300	4.861390
-0.047200	0.965786
-0.047100	-0.982018
-0.047000	-0.982018
-0.046900	-3.416770
-0.046800	-4.390670
-0.046700	-0.982018
-0.046600	-2.442870
-0.046500	-7.799330
-0.046400	-9.747140
-0.046300	-4.877630
-0.046200	-4.877630
-0.046100	2.913590
-0.046000	7.783100
-0.045900	0.965786
-0.045800	-2.929820
-0.045700	1.939690
-0.045600	0.965786
-0.045500	-2.929820
-0.045400	2.913590
-0.045300	6.809200
-0.045200	-0.982018
-0.045100	-4.877630
-0.045000	-9.747140
-0.044900	-0.008116
-0.044800	-0.982018
-0.044700	-0.982018
-0.044600	0.965786
-0.044500	0.965786
-0.044400	0.965786
-0.044300	-3.416770
-0.044200	6.809200
-0.044100	0.965786
-0.044000	-4.877630
-0.043900	-4.877630
-0.043800	-0.008116
-0.043700	0.965786
-0.043600	-2.929820
-0.043500	-2.442870
-0.043400	-0.982018
-0.043300	-4.877630
-0.043200	-4.390670
-0.043100	-4.877630
-0.043000	-5.851530
-0.042900	-0.008116
-0.042800	-0.982018
-0.042700	-4.877630
-0.042600	1.452740
-0.042500	-4.877630
-0.042400	2.913590
-0.042300	-0.008116
-0.042200	-2.442870
-0.042100	1.939690
-0.042000	-0.008116
-0.041900	-4.877630
-0.041800	-3.903720
-0.041700	-2.929820
-0.041600	1.939690
-0.041500	2.913590
-0.041400	3.887490
-0.041300	2.913590
-0.041200	2.913590
-0.041100	3.887490
-0.041000	2.913590
-0.040900	2.913590
-0.040800	-6.825430
-0.040700	2.913590
-0.040600	2.913590
-0.040500	-0.495067
-0.040400	-6.825430
-0.040300	-4.877630
-0.040200	-4.877630
-0.040100	-4.877630
-0.040000	-3.903720
-0.039900	0.965786
-0.039800	2.913590
-0.039700	0.965786
-0.039600	-2.442870
-0.039500	6.809200
-0.039400	2.913590
-0.039300	2.913590
-0.039200	-3.903720
-0.039100	0.965786
-0.039000	-5.851530
-0.038900	-2.929820
-0.038800	-3.903720
-0.038700	-4.877630
-0.038600	-0.982018
-0.038500	1.939690
-0.038400	2.913590
-0.038300	-0.982018
-0.038200	-0.495067
-0.038100	4.861390
-0.038000	2.913590
-0.037900	6.809200
-0.037800	6.809200
-0.037700	2.913590
-0.037600	-0.982018
-0.037500	-2.929820
-0.037400	0.965786
-0.037300	-0.982018
-0.037200	-5.851530
-0.037100	-10.721000
-0.037000	-4.877630
-0.036900	2.913590
-0.036800	0.965786
-0.036700	0.965786
-0.036600	2.913590
-0.036500	2.913590
-0.036400	1.939690
-0.036300	0.965786
-0.036200	1.939690
-0.036100	0.965786
-0.036000	1.452740
-0.035900	-0.495067
-0.035800	-4.877630
-0.035700	-3.903720
-0.035600	-3.903720
-0.035500	-0.008116
-0.035400	2.913590
-0.035300	0.965786
-0.035200	-2.929820
-0.035100	6.809200
-0.035000	2.426640
-0.034900	0.965786
-0.034800	2.913590
-0.034700	1.939690
-0.034600	-0.008116
-0.034500	-4.877630
-0.034400	-7.799330
-0.034300	-0.008116
-0.034200	-4.877630
-0.034100	-0.008116
-0.034000	1.939690
-0.033900	-0.982018
-0.033800	0.965786
-0.033700	1.452740
-0.033600	0.965786
-0.033500	2.913590
-0.033400	2.913590
-0.033300	0.965786
-0.033200	0.965786
-0.033100	1.939690
-0.033000	-8.773230
-0.032900	-2.929820
-0.032800	-0.982018
-0.032700	-2.929820
-0.032600	-4.877630
-0.032500	6.809200
-0.032400	0.965786
-0.032300	0.965786
-0.032200	6.809200
-0.032100	2.913590
-0.032000	0.965786
-0.031900	0.965786
-0.031800	2.913590
-0.031700	-5.851530
-0.031600	-0.008116
-0.031500	-3.416770
-0.031400	-0.982018
-0.031300	-0.982018
-0.031200	-2.929820
-0.031100	1.939690
-0.031000	2.913590
-0.030900	3.887490
-0.030800	6.809200
-0.030700	3.887490
-0.030600	0.965786
-0.030500	-7.799330
-0.030400	-4.877630
-0.030300	-0.008116
-0.030200	0.965786
-0.030100	-4.877630
-0.030000	-10.234100
-0.029900	-8.773230
-0.029800	-3.903720
-0.029700	-0.982018
-0.029600	-3.903720
-0.029500	6.809200
-0.029400	6.809200
-0.029300	0.965786
-0.029200	0.965786
-0.029100	0.965786
-0.029000	-0.008116
-0.028900	-6.825430
-0.028800	0.965786
-0.028700	3.400540
-0.028600	3.887490
-0.028500	1.452740
-0.028400	-4.877630
-0.028300	-0.982018
-0.028200	0.965786
-0.028100	-0.982018
-0.028000	-0.008116
-0.027900	1.939690
-0.027800	1.452740
-0.027700	6.809200
-0.027600	7.783100
-0.027500	-0.008116
-0.027400	-4.390670
-0.027300	-0.495067
-0.027200	-0.982018
-0.027100	-2.929820
-0.027000	-0.008116
-0.026900	-3.903720
-0.026800	-8.773230
-0.026700	-10.721000
-0.026600	-4.877630
-0.026500	0.965786
-0.026400	3.887490
-0.026300	6.809200
-0.026200	2.913590
-0.026100	3.400540
-0.026000	-0.008116
-0.025900	-4.877630
-0.025800	-0.495067
-0.025700	1.939690
-0.025600	-0.982018
-0.025500	-4.390670
-0.025400	-3.903720
-0.025300	-6.825430
-0.025200	-4.877630
-0.025100	-3.903720
-0.025000	-0.982018
-0.024900	2.913590
-0.024800	6.809200
-0.024700	2.913590
-0.024600	2.913590
-0.024500	0.965786
-0.024400	-2.442870
-0.024300	-3.416770
-0.024200	2.913590
-0.024100	1.939690
-0.024000	-0.982018
-0.023900	-2.442870
-0.023800	-5.851530
-0.023700	-8.773230
-0.023600	-8.773230
-0.023500	0.965786
-0.023400	-2.929820
-0.023300	-0.982018
-0.023200	1.939690
-0.023100	2.913590
-0.023000	4.861390
-0.022900	2.913590
-0.022800	2.913590
-0.022700	2.913590
-0.022600	2.913590
-0.022500	-0.982018
-0.022400	0.965786
-0.022300	2.913590
-0.022200	-0.982018
-0.022100	-3.903720
-0.022000	-2.442870
-0.021900	0.965786
-0.021800	-1.955920
-0.021700	-2.929820
-0.021600	1.939690
-0.021500	6.809200
-0.021400	2.913590
-0.021300	-0.008116
-0.021200	3.887490
-0.021100	6.809200
-0.021000	6.809200
-0.020900	2.913590
-0.020800	3.887490
-0.020700	-0.982018
-0.020600	-1.955920
-0.020500	2.913590
-0.020400	-0.008116
-0.020300	-0.982018
-0.020200	-0.982018
-0.020100	-3.903720
-0.020000	-4.877630
-0.019900	-4.877630
-0.019800	-2.929820
-0.019700	-0.008116
-0.019600	0.965786
-0.019500	-3.416770
-0.019400	-2.929820
-0.019300	-4.877630
-0.019200	-5.851530
-0.019100	-0.982018
-0.019000	2.913590
-0.018900	3.887490
-0.018800	2.913590
-0.018700	-0.982018
-0.018600	-6.338480
-0.018500	-8.773230
-0.018400	-4.877630
-0.018300	-3.903720
-0.018200	2.426640
-0.018100	2.913590
-0.018000	0.965786
-0.017900	0.965786
-0.017800	2.913590
-0.017700	-0.495067
-0.017600	-2.929820
-0.017500	0.965786
-0.017400	0.965786
-0.017300	0.965786
-0.017200	-0.008116
-0.017100	-0.982018
-0.017000	0.965786
-0.016900	-0.982018
-0.016800	-4.877630
-0.016700	-0.008116
-0.016600	0.965786
-0.016500	2.913590
-0.016400	6.809200
-0.016300	1.939690
-0.016200	8.757000
-0.016100	4.861390
-0.016000	3.887490
-0.015900	1.939690
-0.015800	-4.877630
-0.015700	-0.982018
-0.015600	2.913590
-0.015500	2.913590
-0.015400	-4.877630
-0.015300	-4.877630
-0.015200	-4.877630
-0.015100	-2.442870
-0.015000	-0.982018
-0.014900	0.965786
-0.014800	2.913590
-0.014700	0.965786
-0.014600	6.809200
-0.014500	0.965786
-0.014400	-3.903720
-0.014300	-2.929820
-0.014200	-0.982018
-0.014100	-3.903720
-0.014000	-0.982018
-0.013900	-1.955920
-0.013800	-9.747140
-0.013700	-3.903720
-0.013600	-6.825430
-0.013500	-7.799330
-0.013400	-0.008116
-0.013300	-2.929820
-0.013200	1.452740
-0.013100	-3.903720
-0.013000	6.809200
-0.012900	11.678700
-0.012800	7.296150
-0.012700	0.965786
-0.012600	3.887490
-0.012500	2.913590
-0.012400	0.965786
-0.012300	2.913590
-0.012200	6.809200
-0.012100	0.965786
-0.012000	-0.982018
-0.011900	-0.982018
-0.011800	-0.982018
-0.011700	1.939690
-0.011600	6.809200
-0.011500	2.913590
-0.011400	6.809200
-0.011300	2.913590
-0.011200	2.913590
-0.011100	2.913590
-0.011000	3.400540
-0.010900	6.809200
-0.010800	-3.903720
-0.010700	-5.851530
-0.010600	-2.929820
-0.010500	-3.416770
-0.010400	0.965786
-0.010300	-0.982018
-0.010200	6.809200
-0.010100	6.809200
-0.010000	-0.008116
-0.009900	-0.982018
-0.009800	-0.008116
-0.009700	2.913590
-0.009600	6.809200
-0.009500	0.965786
-0.009400	-0.008116
-0.009300	0.965786
-0.009200	-0.008116
-0.009100	-3.903720
-0.009000	-3.903720
-0.008900	1.452740
-0.008800	6.809200
-0.008700	3.887490
-0.008600	4.861390
-0.008500	6.809200
-0.008400	6.809200
-0.008300	-0.982018
-0.008200	-0.008116
-0.008100	-0.982018
-0.008000	-0.982018
-0.007900	-3.903720
-0.007800	-0.982018
-0.007700	-2.929820
-0.007600	-2.929820
-0.007500	-4.877630
-0.007400	-3.903720
-0.007300	-0.982018
-0.007200	2.913590
-0.007100	3.887490
-0.007000	6.809200
-0.006900	8.757000
-0.006800	9.730900
-0.006700	2.913590
-0.006600	-4.877630
-0.006500	-0.982018
-0.006400	-0.008116
-0.006300	-0.008116
-0.006200	-7.799330
-0.006100	-8.773230
-0.006000	-5.851530
-0.005900	-4.877630
-0.005800	-3.416770
-0.005700	-4.877630
-0.005600	2.913590
-0.005500	3.400540
-0.005400	2.913590
-0.005300	-1.468970
-0.005200	-2.929820
-0.005100	-2.929820
-0.005000	-3.903720
-0.004900	6.809200
-0.004800	-0.982018
-0.004700	-0.982018
-0.004600	-0.008116
-0.004500	0.965786
-0.004400	-6.825430
-0.004300	-14.616600
-0.004200	-4.877630
-0.004100	-3.903720
-0.004000	-3.903720
-0.003900	-3.903720
-0.003800	-0.982018
-0.003700	0.965786
-0.003600	3.887490
-0.003500	2.913590
-0.003400	2.913590
-0.003300	1.939690
-0.003200	-0.982018
-0.003100	2.913590
-0.003000	0.965786
-0.002900	-4.877630
-0.002800	-6.825430
-0.002700	-4.877630
-0.002600	-4.877630
-0.002500	6.809200
-0.002400	6.809200
-0.002300	2.913590
-0.002200	6.809200
-0.002100	3.887490
-0.002000	-0.008116
-0.001900	-2.929820
-0.001800	-0.008116
-0.001700	3.400540
-0.001600	-0.008116
-0.001500	-3.416770
-0.001400	-0.008116
-0.001300	-2.929820
-0.001200	-2.929820
-0.001100	-0.982018
-0.001000	-0.008116
-0.000900	2.426640
-0.000800	2.426640
-0.000700	6.809200
-0.000600	6.809200
-0.000500	-0.982018
-0.000400	-0.982018
-0.000300	-2.929820
-0.000200	-6.338480
-0.000100	-1.955920
0.000000	-2.929820
0.000100	-4.877630
0.000200	-4.877630
0.000300	0.965786
0.000400	3.887490
0.000500	-0.495067
0.000600	6.809200
0.000700	6.809200
0.000800	6.809200
0.000900	6.809200
0.001000	3.887490
0.001100	2.913590
0.001200	0.965786
0.001300	-0.008116
0.001400	0.965786
0.001500	-8.773230
0.001600	-3.903720
0.001700	-7.799330
0.001800	6.809200
0.001900	-0.008116
0.002000	3.887490
0.002100	4.861390
0.002200	3.887490
0.002300	4.861390
0.002400	10.704800
0.002500	0.965786
0.002600	-4.877630
0.002700	1.452740
0.002800	4.861390
0.002900	0.965786
0.003000	0.965786
0.003100	-4.877630
0.003200	0.965786
0.003300	-0.982018
0.003400	-7.312380
0.003500	3.887490
0.003600	1.939690
0.003700	-4.877630
0.003800	2.913590
0.003900	1.939690
0.004000	-6.825430
0.004100	-3.903720
0.004200	1.939690
0.004300	3.887490
0.004400	-2.929820
0.004500	-6.825430
0.004600	-0.982018
0.004700	-0.982018
0.004800	-12.668800
0.004900	-7.799330
0.005000	-0.982018
0.005100	-3.903720
0.005200	-0.982018
0.005300	2.913590
0.005400	-1.955920
0.005500	-3.903720
0.005600	-0.982018
0.005700	-2.929820
0.005800	-0.982018
0.005900	-3.903720
0.006000	1.452740
0.006100	2.913590
0.006200	-0.982018
0.006300	-4.877630
0.006400	-5.851530
0.006500	-2.929820
0.006600	-2.929820
0.006700	-0.982018
0.006800	-9.747140
0.006900	-2.442870
0.007000	-3.903720
0.007100	-4.877630
0.007200	-0.982018
0.007300	0.965786
0.007400	-4.877630
0.007500	-6.825430
0.007600	0.965786
0.007700	-6.825430
0.007800	-10.721000
0.007900	-8.286280
0.008000	-6.338480
0.008100	-9.747140
0.008200	-0.982018
0.008300	-0.982018
0.008400	0.965786
0.008500	-0.008116
0.008600	1.452740
0.008700	-2.929820
0.008800	-2.929820
0.008900	-4.877630
0.009000	-11.694900
0.009100	-3.903720
0.009200	-0.982018
0.009300	-8.773230
0.009400	-8.773230
0.009500	-10.721000
0.009600	-12.668800
0.009700	-8.773230
0.009800	-0.982018
0.009900	2.913590
0.010000	-2.929820
0.010100	-2.929820
0.010200	0.965786
0.010300	-0.008116
0.010400	-4.877630
0.010500	-6.825430
0.010600	-7.799330
0.010700	-7.799330
0.010800	-6.825430
0.010900	-4.877630
0.011000	-17.538401
0.011100	-12.668800
0.011200	-12.668800
0.011300	-18.999201
0.011400	-14.616600
0.011500	-14.616600
0.011600	-14.616600
0.011700	-4.877630
0.011800	-10.721000
0.011900	-14.616600
0.012000	-11.694900
0.012100	-8.773230
0.012200	-24.355700
0.012300	-24.355700
0.012400	-20.460100
0.012500	-22.407900
0.012600	-26.303499
0.012700	-26.303499
0.012800	-24.355700
0.012900	-22.407900
0.013000	-27.277399
0.013100	-34.094700
0.013200	-31.659901
0.013300	-15.590500
0.013400	-16.564400
0.013500	-13.642700
0.013600	-9.747140
0.013700	-8.286280
0.013800	-8.286280
0.013900	-0.008116
0.014000	13.626500
0.014100	22.391600
0.014200	26.287201
0.014300	29.208900
0.014400	30.182800
0.014500	28.235001
0.014600	11.678700
0.014700	11.678700
0.014800	8.757000
0.014900	16.548201
0.015000	26.287201
0.015100	31.156700
0.015200	34.078499
0.015300	24.339399
0.015400	11.678700
0.015500	4.861390
0.015600	6.809200
0.015700	-0.982018
0.015800	-8.773230
0.015900	-16.564400
0.016000	-16.564400
0.016100	-6.825430
0.016200	3.887490
0.016300	19.469900
0.016400	33.104599
0.016500	24.339399
0.016600	14.600400
0.016700	11.678700
0.016800	7.783100
0.016900	-8.773230
0.017000	-27.277399
0.017100	-36.042500
0.017200	-36.042500
0.017300	-41.885899
0.017400	-42.372898
0.017500	-30.199100
0.017600	-12.181900
0.017700	1.939690
0.017800	6.809200
0.017900	26.287201
0.018000	23.365499
0.018100	7.783100
0.018200	-7.799330
0.018300	-19.486200
0.018400	-25.816500
0.018500	-23.381800
0.018600	-15.590500
0.018700	0.965786
0.018800	17.522100
0.018900	10.704800
0.019000	1.939690
0.019100	-6.338480
0.019200	-14.616600
0.019300	-6.825430
0.019400	5.835300
0.019500	14.600400
0.019600	5.348350
0.019700	15.574300
0.019800	19.469900
0.019900	12.652600
0.020000	7.296150
0.020100	2.913590
0.020200	-5.851530
0.020300	-0.008116
0.020400	-5.364580
0.020500	-8.773230
0.020600	-4.390670
0.020700	-0.982018
0.020800	-15.590500
0.020900	-46.268501
0.021000	-146.580002
0.021100	-112.007004
0.021200	6.809200
0.021300	-20.460100
0.021400	-86.685402
0.021500	-74.024696
0.021600	28.722000
0.021700	97.869003
0.021800	40.895802
0.021900	-7.799330
0.022000	-28.251301
0.022100	-106.163002
0.022200	-126.614998
0.022300	-78.894203
0.022400	-62.337799
0.022500	-63.311699
0.022600	-52.598801
0.022700	-45.781502
0.022800	-49.677101
0.022900	-36.042500
0.023000	-25.329599
0.023100	-26.790400
0.023200	-31.173000
0.023300	-32.146900
0.023400	-31.173000
0.023500	-20.460100
0.023600	-12.181900
0.023700	9.730900
0.023800	6.809200
0.023900	-16.564400
0.024000	-20.460100
0.024100	-19.486200
0.024200	-29.225201
0.024300	-34.094700
0.024400	-30.199100
0.024500	-10.234100
0.024600	6.809200
0.024700	-90.581001
0.024800	-112.007004
0.024900	-48.703201
0.025000	-24.355700
0.025100	-37.016399
0.025200	-35.068600
0.025300	-28.251301
0.025400	-34.581600
0.025500	-23.381800
0.025600	-20.460100
0.025700	-23.868700
0.025800	-25.816500
0.025900	-23.381800
0.026000	-21.920900
0.026100	-28.251301
0.026200	-26.303499
0.026300	-18.512300
0.026400	-10.721000
0.026500	-2.929820
0.026600	-3.903720
0.026700	-8.286280
0.026800	-4.877630
0.026900	-0.008116
0.027000	-10.234100
0.027100	-5.851530
0.027200	-10.721000
0.027300	-6.825430
0.027400	-0.008116
0.027500	-0.982018
0.027600	-6.825430
0.027700	-12.668800
0.027800	-10.721000
0.027900	-7.799330
0.028000	-11.694900
0.028100	2.913590
0.028200	6.809200
0.028300	2.426640
0.028400	104.198997
0.028500	413.899994
0.028600	353.518005
0.028700	95.921204
0.028800	58.425999
0.028900	73.034500
0.029000	45.765301
0.029100	41.869701
0.029200	42.356602
0.029300	37.974098
0.029400	28.235001
0.029500	32.130699
0.029600	30.182800
0.029700	18.496000
0.029800	12.652600
0.029900	15.574300
0.030000	16.548201
0.030100	13.626500
0.030200	8.270050
0.030300	6.809200
0.030400	2.426640
0.030500	11.678700
0.030600	11.678700
0.030700	12.652600
0.030800	18.009100
0.030900	25.313299
0.031000	24.339399
0.031100	19.469900
0.031200	24.339399
0.031300	31.156700
0.031400	-0.495067
0.031500	-37.990299
0.031600	-7.799330
0.031700	18.496000
0.031800	2.913590
0.031900	-8.773230
0.032000	-2.929820
0.032100	8.757000
0.032200	15.087400
0.032300	8.757000
0.032400	6.809200
0.032500	3.887490
0.032600	7.783100
0.032700	4.861390
0.032800	3.887490
0.032900	-4.877630
0.033000	-5.851530
0.033100	2.913590
0.033200	2.913590
0.033300	6.809200
0.033400	2.913590
0.033500	-0.008116
0.033600	1.452740
0.033700	12.652600
0.033800	11.678700
0.033900	11.678700
0.034000	9.730900
0.034100	7.783100
0.034200	8.757000
0.034300	8.757000
0.034400	2.913590
0.034500	2.913590
0.034600	-3.903720
0.034700	1.939690
0.034800	-5.851530
0.034900	-4.877630
0.035000	-5.851530
0.035100	-0.982018
0.035200	6.809200
0.035300	11.678700
0.035400	20.443800
0.035500	27.261101
0.035600	22.391600
0.035700	6.809200
0.035800	-0.982018
0.035900	3.887490
0.036000	-5.851530
0.036100	-12.668800
0.036200	-0.982018
0.036300	3.887490
0.036400	13.626500
0.036500	16.061300
0.036600	12.652600
0.036700	5.835300
0.036800	12.165700
0.036900	6.809200
0.037000	-6.825430
0.037100	-35.068600
0.037200	-4.877630
0.037300	8.757000
0.037400	0.965786
0.037500	-17.051399
0.037600	-15.590500
0.037700	-0.008116
0.037800	6.809200
0.037900	6.809200
0.038000	7.296150
0.038100	5.348350
0.038200	1.452740
0.038300	7.296150
0.038400	6.809200
0.038500	-0.495067
0.038600	-5.851530
0.038700	-9.747140
0.038800	-11.208000
0.038900	-11.694900
0.039000	-8.773230
0.039100	-4.877630
0.039200	2.913590
0.039300	8.757000
0.039400	12.652600
0.039500	0.965786
0.039600	2.913590
0.039700	1.939690
0.039800	2.913590
0.039900	3.400540
0.040000	2.913590
0.040100	-0.495067
0.040200	-0.008116
0.040300	2.913590
0.040400	-7.799330
0.040500	-6.825430
0.040600	-1.955920
0.040700	-9.260180
0.040800	-9.260180
0.040900	-4.877630
0.041000	3.887490
0.041100	6.809200
0.041200	6.809200
0.041300	6.809200
0.041400	-0.982018
0.041500	0.965786
0.041600	-0.008116
0.041700	2.426640
0.041800	-0.008116
0.041900	-4.877630
0.042000	-3.903720
0.042100	-6.825430
0.042200	-8.773230
0.042300	-5.851530
0.042400	-6.825430
0.042500	-10.234100
0.042600	-8.773230
0.042700	-11.694900
0.042800	-24.355700
0.042900	-26.303499
0.043000	-14.616600
0.043100	-9.260180
0.043200	-2.442870
0.043300	-2.929820
0.043400	-2.929820
0.043500	-4.877630
0.043600	-10.721000
0.043700	-18.025299
0.043800	-12.668800
0.043900	-8.773230
0.044000	-10.234100
0.044100	-8.773230
0.044200	-3.903720
0.044300	-7.799330
0.044400	-15.590500
0.044500	-17.538401
0.044600	-8.286280
0.044700	-3.416770
0.044800	-2.442870
0.044900	0.965786
0.045000	8.757000
0.045100	2.913590
0.045200	-0.495067
0.045300	-4.877630
0.045400	-5.851530
0.045500	-6.825430
0.045600	-17.051399
0.045700	-5.851530
0.045800	-11.694900
0.045900	-6.825430
0.046000	-8.773230
0.046100	-12.668800
0.046200	-15.590500
0.046300	-12.181900
0.046400	-9.747140
0.046500	-24.842600
0.046600	-26.790400
0.046700	-10.721000
0.046800	-11.208000
0.046900	-6.338480
0.047000	-8.773230
0.047100	-17.051399
0.047200	-14.616600
0.047300	-14.616600
0.047400	-28.251301
0.047500	-33.120800
0.047600	-12.181900
0.047700	-14.129700
0.047800	-18.512300
0.047900	-13.642700
0.048000	-22.894800
0.048100	-20.460100
0.048200	-12.668800
0.048300	-20.460100
0.048400	-32.146900
0.048500	-77.920303
0.048600	-26.303499
0.048700	74.008400
0.048800	-9.260180
0.048900	-41.885899
0.049000	-16.077499
0.049100	-30.199100
0.049200	-22.407900
0.049300	-2.442870
0.049400	-6.825430
0.049500	-7.799330
0.049600	-19.486200
0.049700	-16.564400
0.049800	5.348350
0.049900	-0.982018
0.050000	-8.286280
0.050100	-6.825430
0.050200	-16.564400
0.050300	-27.277399
0.050400	-30.199100
0.050500	-24.355700
0.050600	-22.407900
0.050700	-16.564400
0.050800	-8.773230
0.050900	-12.668800
0.051000	-14.129700
0.051100	-12.668800
0.051200	-13.642700
0.051300	-16.564400
0.051400	-18.025299
0.051500	-16.564400
0.051600	-15.590500
0.051700	-16.564400
0.051800	-14.616600
0.051900	-18.512300
0.052000	-20.460100
0.052100	-24.355700
0.052200	-10.721000
0.052300	-10.721000
0.052400	-14.616600
0.052500	-21.434000
0.052600	-25.816500
0.052700	-28.251301
0.052800	-24.355700
0.052900	-24.355700
0.053000	-23.381800
0.053100	-20.460100
0.053200	-21.434000
0.053300	-20.460100
0.053400	-21.920900
0.053500	-20.460100
0.053600	-21.434000
0.053700	-21.434000
0.053800	-20.460100
0.053900	-16.564400
0.054000	-14.616600
0.054100	-16.564400
0.054200	-16.564400
0.054300	-14.616600
0.054400	-14.616600
0.054500	-15.590500
0.054600	-18.512300
0.054700	-23.381800
0.054800	-36.042500
0.054900	-24.355700
0.055000	55.504299
0.055100	2.913590
0.055200	-47.729301
0.055300	-16.564400
0.055400	-9.747140
0.055500	-18.512300
0.055600	-18.512300
0.055700	-18.512300
0.055800	-18.512300
0.055900	-14.616600
0.056000	-8.773230
0.056100	-7.799330
0.056200	-12.668800
0.056300	-22.407900
0.056400	-27.764299
0.056500	-27.277399
0.056600	-18.512300
0.056700	-16.564400
0.056800	-19.486200
0.056900	-18.512300
0.057000	-17.538401
0.057100	-20.460100
0.057200	-23.381800
0.057300	-21.434000
0.057400	-16.564400
0.057500	-14.616600
0.057600	-13.642700
0.057700	-13.642700
0.057800	-12.668800
0.057900	-16.564400
0.058000	-16.077499
0.058100	-12.668800
0.058200	-13.642700
0.058300	-14.616600
0.058400	-15.590500
0.058500	-18.025299
0.058600	-15.590500
0.058700	-12.668800
0.058800	-8.773230
0.058900	-14.616600
0.059000	-29.225201
0.059100	-20.460100
0.059200	-11.694900
0.059300	-16.564400
0.059400	-19.486200
0.059500	-16.564400
0.059600	-12.668800
0.059700	-13.642700
0.059800	-13.155800
0.059900	-17.051399
0.060000	-13.155800
0.060100	-20.460100
0.060200	-21.920900
0.060300	-20.460100
0.060400	-9.260180
0.060500	-7.799330
0.060600	-8.286280
0.060700	-4.390670
0.060800	-1.955920
0.060900	-13.642700
0.061000	-8.773230
0.061100	-7.312380
0.061200	-7.799330
0.061300	-12.668800
0.061400	-10.721000
0.061500	-10.721000
0.061600	-16.564400
0.061700	-16.564400
0.061800	-8.773230
0.061900	2.913590
0.062000	-12.668800
0.062100	-22.407900
0.062200	-8.773230
0.062300	-3.903720
0.062400	-6.825430
0.062500	-8.286280
0.062600	-8.773230
0.062700	-5.851530
0.062800	-7.799330
0.062900	-9.747140
0.063000	-10.721000
0.063100	-15.590500
0.063200	-10.721000
0.063300	-11.208000
0.063400	-8.773230
0.063500	-14.616600
0.063600	-19.486200
0.063700	-18.512300
0.063800	-12.668800
0.063900	-9.747140
0.064000	-8.773230
0.064100	-8.773230
0.064200	-11.208000
0.064300	-12.181900
0.064400	-7.312380
0.064500	-6.825430
0.064600	-7.799330
0.064700	-12.181900
0.064800	-12.668800
0.064900	-4.877630
0.065000	-4.877630
0.065100	-15.590500
0.065200	-8.773230
0.065300	-10.234100
0.065400	-10.721000
0.065500	-8.773230
0.065600	-4.877630
0.065700	-2.442870
0.065800	1.939690
0.065900	0.965786
0.066000	1.939690
0.066100	-0.982018
0.066200	-2.929820
0.066300	-3.903720
0.066400	-0.982018
0.066500	-0.008116
0.066600	-0.982018
0.066700	-6.825430
0.066800	-11.694900
0.066900	-18.512300
0.067000	-15.590500
0.067100	-18.999201
0.067200	-16.564400
0.067300	-10.721000
0.067400	-15.590500
0.067500	-12.668800
0.067600	-11.694900
0.067700	-12.668800
0.067800	-11.694900
0.067900	-4.877630
0.068000	-10.721000
0.068100	-4.877630
0.068200	-7.799330
0.068300	-10.721000
0.068400	-15.590500
0.068500	-12.668800
0.068600	-15.590500
0.068700	-11.694900
0.068800	-6.825430
0.068900	-11.694900
0.069000	-16.077499
0.069100	-19.486200
0.069200	-18.512300
0.069300	-19.486200
0.069400	-14.616600
0.069500	-19.486200
0.069600	-20.460100
0.069700	-11.694900
0.069800	-8.773230
0.069900	-10.234100
0.070000	-8.773230
0.070100	-12.668800
0.070200	-13.642700
0.070300	-12.668800
0.070400	-12.668800
0.070500	-16.077499
0.070600	-18.512300
0.070700	-14.616600
0.070800	-14.616600
0.070900	-20.460100
0.071000	-20.460100
0.071100	-24.842600
0.071200	-27.277399
0.071300	-28.738199
0.071400	-24.355700
0.071500	-23.381800
0.071600	-26.303499
0.071700	-24.355700
0.071800	-27.764299
0.071900	-24.355700
0.072000	-31.173000
0.072100	-32.146900
0.072200	-35.068600
0.072300	-34.094700
0.072400	-30.199100
0.072500	-29.712099
0.072600	-28.251301
0.072700	-30.199100
0.072800	-31.173000
0.072900	-31.173000
0.073000	-32.146900
0.073100	-34.094700
0.073200	-28.251301
0.073300	-23.381800
0.073400	-27.764299
0.073500	-32.633801
0.073600	-22.407900
0.073700	-21.434000
0.073800	-21.434000
0.073900	-19.486200
0.074000	-19.486200
0.074100	-21.920900
0.074200	-15.103600
0.074300	-14.129700
0.074400	-15.590500
0.074500	-14.616600
0.074600	-16.564400
0.074700	-22.407900
0.074800	-19.486200
0.074900	-14.616600
0.075000	-10.721000
0.075100	-9.747140
0.075200	-7.312380
0.075300	-5.851530
0.075400	-0.982018
0.075500	-4.877630
0.075600	-10.234100
0.075700	-12.668800
0.075800	-12.668800
0.075900	-6.825430
0.076000	-5.851530
0.076100	-4.877630
0.076200	-4.877630
0.076300	-8.773230
0.076400	-8.773230
0.076500	-8.773230
0.076600	-12.668800
0.076700	-16.564400
0.076800	-6.825430
0.076900	0.965786
0.077000	2.913590
0.077100	-0.982018
0.077200	1.452740
0.077300	-2.929820
0.077400	-4.877630
0.077500	-0.008116
0.077600	-0.982018
0.077700	-4.877630
0.077800	-2.929820
0.077900	-2.929820
0.078000	-4.877630
0.078100	-6.825430
0.078200	-8.773230
0.078300	-8.773230
0.078400	-7.799330
0.078500	-11.694900
0.078600	-16.564400
0.078700	-17.051399
0.078800	-12.668800
0.078900	-12.668800
0.079000	-15.590500
0.079100	-10.721000
0.079200	-8.773230
0.079300	-10.721000
0.079400	-14.616600
0.079500	-12.668800
0.079600	-12.668800
0.079700	-16.564400
0.079800	-16.564400
0.079900	-14.616600
0.080000	-20.460100
0.080100	-14.616600
0.080200	-18.512300
0.080300	-18.512300
0.080400	-18.512300
0.080500	-19.486200
0.080600	-18.512300
0.080700	-18.512300
0.080800	-14.616600
0.080900	-11.694900
0.081000	-11.694900
0.081100	-10.721000
0.081200	-12.668800
0.081300	-12.668800
0.081400	-12.668800
0.081500	-16.564400
0.081600	-19.973101
0.081700	-14.129700
0.081800	-12.668800
0.081900	-16.564400
0.082000	-18.512300
0.082100	-18.512300
0.082200	-20.460100
0.082300	-22.894800
0.082400	-20.460100
0.082500	-17.538401
0.082600	-12.181900
0.082700	-12.668800
0.082800	-10.721000
0.082900	-11.694900
0.083000	-12.668800
0.083100	-12.668800
0.083200	-8.773230
0.083300	-8.773230
0.083400	-3.903720
0.083500	-6.825430
0.083600	-8.286280
0.083700	-11.694900
0.083800	-4.877630
0.083900	-6.825430
0.084000	-8.773230
0.084100	-11.694900
0.084200	-12.668800
0.084300	-6.825430
0.084400	-8.773230
0.084500	-12.668800
0.084600	-12.668800
0.084700	-12.668800
0.084800	-10.234100
0.084900	-4.877630
0.085000	-1.955920
0.085100	-2.929820
0.085200	-6.825430
0.085300	-8.773230
0.085400	-6.825430
0.085500	-4.390670
0.085600	-2.929820
0.085700	-0.982018
0.085800	-0.008116
0.085900	-3.903720
0.086000	-6.825430
0.086100	-12.668800
0.086200	-14.616600
0.086300	-8.773230
0.086400	-4.877630
0.086500	-3.903720
0.086600	-8.773230
0.086700	-4.877630
0.086800	-4.877630
0.086900	-6.825430
0.087000	-4.877630
0.087100	-8.286280
0.087200	-10.721000
0.087300	-6.825430
0.087400	-8.773230
0.087500	-12.181900
0.087600	-8.773230
0.087700	-8.773230
0.087800	-8.773230
0.087900	-8.773230
0.088000	-8.773230
0.088100	-10.721000
0.088200	-8.773230
0.088300	-9.747140
0.088400	-8.773230
0.088500	-4.877630
0.088600	-4.877630
0.088700	-4.390670
0.088800	-2.929820
0.088900	-0.495067
0.089000	-0.982018
0.089100	-3.903720
0.089200	-8.773230
0.089300	-4.877630
0.089400	-4.877630
0.089500	-6.825430
0.089600	-6.825430
0.089700	-4.877630
0.089800	-2.929820
0.089900	-5.851530
0.090000	-10.721000
0.090100	-12.668800
0.090200	-14.616600
0.090300	-10.234100
0.090400	-3.416770
0.090500	-0.982018
0.090600	0.965786
0.090700	2.913590
0.090800	0.965786
0.090900	0.965786
0.091000	0.965786
0.091100	-0.982018
0.091200	1.939690
0.091300	-1.955920
0.091400	-10.721000
0.091500	-7.799330
0.091600	-4.877630
0.091700	-12.668800
0.091800	-8.773230
0.091900	-10.234100
0.092000	-0.982018
0.092100	-4.877630
0.092200	-4.877630
0.092300	0.965786
0.092400	-0.008116
0.092500	-3.903720
0.092600	-3.903720
0.092700	-2.442870
0.092800	0.965786
0.092900	1.452740
0.093000	-2.929820
0.093100	-4.877630
0.093200	-0.982018
0.093300	0.965786
0.093400	-3.903720
0.093500	-0.008116
0.093600	3.400540
0.093700	0.965786
0.093800	-3.903720
0.093900	-6.825430
0.094000	-7.799330
0.094100	-4.877630
0.094200	-12.668800
0.094300	-8.773230
0.094400	-7.799330
0.094500	0.965786
0.094600	4.861390
0.094700	2.426640
0.094800	2.913590
0.094900	4.861390
0.095000	2.913590
0.095100	2.913590
0.095200	-4.390670
0.095300	-0.982018
0.095400	-3.903720
0.095500	-0.982018
0.095600	-1.955920
0.095700	-0.982018
0.095800	2.913590
0.095900	6.809200
0.096000	6.809200
0.096100	-0.982018
0.096200	2.913590
0.096300	0.965786
0.096400	0.965786
0.096500	-2.929820
0.096600	-4.877630
0.096700	3.887490
0.096800	2.913590
0.096900	6.809200
0.097000	6.809200
0.097100	6.809200
0.097200	-1.955920
0.097300	0.965786
0.097400	1.939690
0.097500	-2.929820
0.097600	-6.825430
0.097700	-0.982018
0.097800	-0.008116
0.097900	-0.495067
0.098000	-0.495067
0.098100	-4.877630
0.098200	-7.799330
0.098300	-5.364580
0.098400	-6.825430
0.098500	-2.929820
0.098600	0.965786
0.098700	-2.929820
0.098800	-3.903720
0.098900	3.400540
0.099000	4.861390
0.099100	0.965786
0.099200	-0.008116
0.099300	0.965786
0.099400	-0.008116
0.099500	-2.929820
0.099600	-5.851530
0.099700	-4.877630
0.099800	-2.929820
0.099900	-4.877630
0.100000	-6.825430
0.100100	-3.903720
0.100200	-7.799330
0.100300	-6.825430
0.100400	-0.008116
0.100500	-0.982018
0.100600	6.809200
0.100700	2.913590
0.100800	3.887490
0.100900	2.913590
0.101000	6.809200
0.101100	0.478835
0.101200	3.400540
0.101300	-2.929820
0.101400	6.809200
0.101500	0.965786
0.101600	2.913590
0.101700	-3.903720
0.101800	-0.982018
0.101900	-4.877630
0.102000	-2.929820
0.102100	1.939690
0.102200	2.913590
0.102300	1.939690
0.102400	6.809200
0.102500	4.861390
0.102600	0.965786
0.102700	-0.982018
0.102800	-4.877630
0.102900	-0.495067
0.103000	4.861390
0.103100	3.887490
0.103200	2.913590
0.103300	-0.982018
0.103400	-0.008116
0.103500	3.887490
0.103600	2.913590
0.103700	0.965786
0.103800	-0.008116
0.103900	0.965786
0.104000	-0.008116
0.104100	2.913590
0.104200	-0.982018
0.104300	7.783100
0.104400	6.809200
0.104500	2.913590
0.104600	0.965786
0.104700	1.939690
0.104800	-0.008116
0.104900	2.913590
0.105000	2.913590
0.105100	6.809200
0.105200	0.965786
0.105300	0.965786
0.105400	0.965786
0.105500	-0.982018
0.105600	-3.903720
0.105700	-6.825430
0.105800	-0.982018
0.105900	2.913590
0.106000	6.809200
0.106100	7.783100
0.106200	7.783100
0.106300	6.809200
0.106400	0.965786
0.106500	-0.008116
0.106600	6.809200
0.106700	7.783100
0.106800	6.809200
0.106900	3.887490
0.107000	-0.008116
0.107100	-2.929820
0.107200	-2.929820
0.107300	-3.903720
0.107400	-0.982018
0.107500	0.965786
0.107600	2.913590
0.107700	3.887490
0.107800	6.809200
0.107900	6.809200
0.108000	6.809200
0.108100	3.887490
0.108200	-0.008116
0.108300	-2.929820
0.108400	3.887490
0.108500	7.783100
0.108600	6.809200
0.108700	6.809200
0.108800	0.965786
0.108900	-0.008116
0.109000	-0.008116
0.109100	-0.982018
0.109200	3.887490
0.109300	6.809200
0.109400	6.809200
0.109500	1.939690
0.109600	1.939690
0.109700	2.913590
0.109800	1.452740
0.109900	-0.982018
0.110000	0.965786
0.110100	2.913590
0.110200	2.913590
0.110300	1.939690
0.110400	-4.877630
0.110500	-3.416770
0.110600	-2.929820
0.110700	-2.929820
0.110800	0.965786
0.110900	6.809200
0.111000	6.809200
0.111100	6.809200
0.111200	6.809200
0.111300	2.913590
0.111400	2.913590
0.111500	1.452740
0.111600	-3.903720
0.111700	-4.877630
0.111800	-3.903720
0.111900	-6.825430
0.112000	-4.877630
0.112100	0.965786
0.112200	-1.955920
0.112300	-4.877630
0.112400	-3.903720
0.112500	0.965786
0.112600	2.913590
0.112700	-4.877630
0.112800	-7.312380
0.112900	-6.825430
0.113000	-2.929820
0.113100	6.809200
0.113200	8.757000
0.113300	1.452740
0.113400	2.913590
0.113500	-0.008116
0.113600	6.809200
0.113700	-0.495067
0.113800	6.809200
0.113900	0.965786
0.114000	-2.929820
0.114100	-4.877630
0.114200	-2.929820
0.114300	-0.982018
0.114400	-2.442870
0.114500	-0.982018
0.114600	-0.008116
0.114700	1.939690
0.114800	-0.008116
0.114900	-0.008116
0.115000	3.887490
0.115100	3.887490
0.115200	2.913590
0.115300	-0.495067
0.115400	-0.982018
0.115500	1.939690
0.115600	-0.982018
0.115700	1.452740
0.115800	0.965786
0.115900	0.965786
0.116000	-2.442870
0.116100	-5.851530
0.116200	2.913590
0.116300	-3.416770
0.116400	-5.851530
0.116500	-4.877630
0.116600	-4.877630
0.116700	3.400540
0.116800	8.757000
0.116900	2.913590
0.117000	2.913590
0.117100	6.809200
0.117200	6.809200
0.117300	6.809200
0.117400	1.939690
0.117500	-0.495067
0.117600	-0.008116
0.117700	0.478835
0.117800	-0.982018
0.117900	0.965786
0.118000	-0.982018
0.118100	-0.982018
0.118200	-2.929820
0.118300	-0.982018
0.118400	-2.929820
0.118500	-0.008116
0.118600	1.452740
0.118700	-0.008116
0.118800	11.678700
0.118900	6.809200
0.119000	6.809200
0.119100	6.809200
0.119200	6.809200
0.119300	1.939690
0.119400	2.913590
0.119500	2.913590
0.119600	-0.982018
0.119700	-0.982018
0.119800	-2.929820
0.119900	-4.877630
0.120000	-2.929820
0.120100	-0.982018
0.120200	0.965786
0.120300	-0.982018
0.120400	-0.982018
0.120500	-6.825430
0.120600	-10.721000
0.120700	-6.825430
0.120800	6.809200
0.120900	2.913590
0.121000	0.965786
0.121100	1.939690
0.121200	0.965786
0.121300	-1.955920
0.121400	6.809200
0.121500	0.965786
0.121600	-3.903720
0.121700	-1.955920
0.121800	0.965786
0.121900	2.913590
0.122000	-3.903720
0.122100	-5.851530
0.122200	-8.773230
0.122300	-6.825430
0.122400	-12.668800
0.122500	-2.442870
0.122600	-0.008116
0.122700	-0.495067
0.122800	1.939690
0.122900	3.887490
0.123000	7.783100
0.123100	6.809200
0.123200	1.939690
0.123300	0.965786
0.123400	2.913590
0.123500	2.913590
0.123600	0.965786
0.123700	-0.982018
0.123800	1.452740
0.123900	2.913590
0.124000	1.452740
0.124100	2.913590
0.124200	0.965786
0.124300	-3.903720
0.124400	3.887490
0.124500	6.809200
0.124600	0.965786
0.124700	-0.982018
0.124800	6.809200
0.124900	6.809200
0.125000	2.913590
0.125100	-2.929820
0.125200	-4.877630
0.125300	-0.982018
0.125400	0.965786
0.125500	-2.929820
0.125600	-0.982018
0.125700	0.965786
0.125800	2.913590
0.125900	-0.495067
0.126000	-6.825430
0.126100	-3.416770
0.126200	-0.982018
0.126300	-0.982018
0.126400	3.887490
0.126500	3.887490
0.126600	3.887490
0.126700	6.809200
0.126800	4.861390
0.126900	1.939690
0.127000	-0.982018
0.127100	-0.982018
0.127200	-1.955920
0.127300	-2.929820
0.127400	-3.416770
0.127500	-0.982018
0.127600	-2.929820
0.127700	-0.982018
0.127800	1.452740
0.127900	-0.982018
0.128000	-2.929820
0.128100	-0.008116
0.128200	1.939690
0.128300	3.887490
0.128400	6.809200
0.128500	0.965786
0.128600	-2.929820
0.128700	-6.825430
0.128800	2.913590
0.128900	-0.008116
0.129000	-0.982018
0.129100	-2.929820
0.129200	-0.982018
0.129300	-3.903720
0.129400	-3.903720
0.129500	-2.929820
0.129600	-6.825430
0.129700	-4.877630
0.129800	-2.929820
0.129900	-2.929820
0.130000	-4.877630
0.130100	-3.903720
0.130200	-0.982018
0.130300	1.939690
0.130400	3.887490
0.130500	2.913590
0.130600	-4.390670
0.130700	-0.982018
0.130800	-0.008116
0.130900	2.913590
0.131000	2.913590
0.131100	0.965786
0.131200	-4.877630
0.131300	-6.825430
0.131400	-10.721000
0.131500	-0.982018
0.131600	-4.877630
0.131700	-0.982018
0.131800	0.965786
0.131900	6.809200
0.132000	2.913590
0.132100	-2.929820
0.132200	-6.338480
0.132300	-0.982018
0.132400	-0.982018
0.132500	-0.982018
0.132600	-2.929820
0.132700	-0.982018
0.132800	-7.799330
0.132900	-6.338480
0.133000	-4.877630
0.133100	-6.825430
0.133200	-4.877630
0.133300	-0.982018
0.133400	3.887490
0.133500	1.452740
0.133600	-0.982018
0.133700	-0.982018
0.133800	2.913590
0.133900	6.809200
0.134000	6.809200
0.134100	2.913590
0.134200	2.913590
0.134300	0.965786
0.134400	0.965786
0.134500	-2.929820
0.134600	0.965786
0.134700	0.965786
0.134800	-0.982018
0.134900	-0.982018
0.135000	-2.929820
0.135100	-0.982018
0.135200	-0.982018
0.135300	-3.903720
0.135400	-6.825430
0.135500	-0.982018
0.135600	-2.929820
0.135700	6.809200
0.135800	3.887490
0.135900	0.965786
0.136000	-1.955920
0.136100	2.913590
0.136200	3.887490
0.136300	-2.929820
0.136400	0.965786
0.136500	-0.008116
0.136600	1.939690
0.136700	-0.982018
0.136800	2.913590
0.136900	2.913590
0.137000	-0.982018
0.137100	-4.877630
0.137200	-3.903720
0.137300	2.913590
0.137400	6.809200
0.137500	2.913590
0.137600	3.887490
0.137700	3.887490
0.137800	2.913590
0.137900	2.913590
0.138000	1.452740
0.138100	-0.008116
0.138200	0.478835
0.138300	-0.008116
0.138400	-2.929820
0.138500	-3.903720
0.138600	0.965786
0.138700	-6.825430
0.138800	-6.825430
0.138900	-3.903720
0.139000	-6.825430
0.139100	-10.721000
0.139200	-4.877630
0.139300	0.965786
0.139400	-0.008116
0.139500	-3.903720
0.139600	2.913590
0.139700	-0.982018
0.139800	-0.982018
0.139900	0.965786
0.140000	-0.982018
0.140100	0.965786
0.140200	0.965786
0.140300	-0.982018
0.140400	-0.982018
0.140500	-2.929820
0.140600	-2.929820
0.140700	-3.903720
0.140800	-4.877630
0.140900	-0.982018
0.141000	-1.955920
0.141100	6.809200
0.141200	-0.982018
0.141300	-3.903720
0.141400	1.452740
0.141500	-0.008116
0.141600	-0.982018
0.141700	-7.312380
0.141800	-0.982018
0.141900	2.913590
0.142000	6.809200
0.142100	0.965786
0.142200	-4.877630
0.142300	-6.338480
0.142400	-4.390670
0.142500	-3.903720
0.142600	-5.851530
0.142700	-3.903720
0.142800	-0.008116
0.142900	4.861390
0.143000	6.809200
0.143100	-0.982018
0.143200	-0.982018
0.143300	2.913590
0.143400	2.913590
0.143500	-0.008116
0.143600	-1.955920
0.143700	-0.982018
0.143800	1.939690
0.143900	-4.390670
0.144000	-8.773230
0.144100	-2.929820
0.144200	-0.982018
0.144300	-0.495067
0.144400	-5.851530
0.144500	-5.851530
0.144600	-0.008116
0.144700	2.913590
0.144800	-0.008116
0.144900	0.478835
0.145000	2.913590
0.145100	-0.982018
0.145200	6.809200
0.145300	2.913590
0.145400	2.913590
0.145500	-3.903720
0.145600	-4.877630
0.145700	-4.877630
0.145800	-5.851530
0.145900	-4.877630
0.146000	-4.877630
0.146100	-4.877630
0.146200	-3.903720
0.146300	-0.982018
0.146400	2.913590
0.146500	-0.982018
0.146600	-0.982018
0.146700	-0.982018
0.146800	2.913590
0.146900	-0.982018
0.147000	0.965786
0.147100	0.965786
0.147200	-0.982018
0.147300	0.965786
0.147400	-0.982018
0.147500	-6.338480
0.147600	-6.825430
0.147700	-8.773230
0.147800	-1.955920
0.147900	-2.929820
0.148000	0.965786
0.148100	3.887490
0.148200	3.887490
0.148300	-0.008116
0.148400	-7.312380
0.148500	2.913590
0.148600	0.965786
0.148700	-2.929820
0.148800	-8.773230
0.148900	2.913590
0.149000	-3.903720
0.149100	1.939690
0.149200	-0.495067
0.149300	2.913590
0.149400	-4.877630
0.149500	-5.851530
0.149600	-4.877630
0.149700	-6.825430
0.149800	-8.773230
0.149900	-6.825430
0.150000	-8.773230
0.150100	1.452740
0.150200	0.965786
0.150300	3.400540
0.150400	3.887490
0.150500	6.809200
0.150600	2.913590
0.150700	-0.008116
0.150800	-0.982018
0.150900	-2.929820
0.151000	-0.982018
0.151100	-0.982018
0.151200	0.965786
0.151300	-2.442870
0.151400	-4.877630
0.151500	-4.877630
0.151600	-6.825430
0.151700	-6.825430
0.151800	-4.877630
0.151900	-4.877630
0.152000	2.913590
0.152100	3.887490
0.152200	7.783100
0.152300	6.809200
0.152400	6.809200
0.152500	2.913590
0.152600	0.965786
0.152700	-4.877630
0.152800	-0.982018
0.152900	6.809200
0.153000	1.939690
0.153100	0.965786
0.153200	-2.929820
0.153300	-7.799330
0.153400	-4.877630
0.153500	-4.390670
0.153600	-3.903720
0.153700	-3.416770
0.153800	0.965786
0.153900	-4.877630
0.154000	-0.008116
0.154100	1.939690
0.154200	2.913590
0.154300	2.913590
0.154400	2.913590
0.154500	0.965786
0.154600	0.965786
0.154700	0.965786
0.154800	0.965786
0.154900	0.965786
0.155000	0.965786
0.155100	2.913590
0.155200	2.913590
0.155300	-6.825430
0.155400	-6.825430
0.155500	-3.416770
0.155600	-5.851530
0.155700	-4.877630
0.155800	-2.929820
0.155900	1.939690
0.156000	1.939690
0.156100	-7.799330
0.156200	-0.982018
0.156300	0.965786
0.156400	0.965786
0.156500	-0.982018
0.156600	-1.955920
0.156700	-4.877630
0.156800	-4.877630
0.156900	-8.773230
0.157000	-9.747140
0.157100	-4.877630
0.157200	-0.008116
0.157300	3.887490
0.157400	6.809200
0.157500	2.913590
0.157600	-5.851530
0.157700	-2.442870
0.157800	-5.851530
0.157900	-4.877630
0.158000	-8.286280
0.158100	-1.955920
0.158200	-2.929820
0.158300	2.913590
0.158400	0.965786
0.158500	-7.799330
0.158600	-8.773230
0.158700	-4.877630
0.158800	-2.442870
0.158900	-8.773230
0.159000	-2.929820
0.159100	-6.825430
0.159200	-10.721000
0.159300	-4.877630
0.159400	-0.982018
0.159500	-2.442870
0.159600	-0.982018
0.159700	-2.929820
0.159800	0.965786
0.159900	0.965786
0.160000	0.965786
0.160100	-5.851530
0.160200	-8.773230
0.160300	3.400540
0.160400	0.965786
0.160500	-4.877630
0.160600	-4.877630
0.160700	-6.825430
0.160800	-3.903720
0.160900	-4.877630
0.161000	-7.799330
0.161100	-6.825430
0.161200	-4.877630
0.161300	-0.982018
0.161400	-0.982018
0.161500	2.913590
0.161600	2.913590
0.161700	-0.008116
0.161800	-0.982018
0.161900	-0.982018
0.162000	-6.338480
0.162100	1.939690
0.162200	-0.008116
0.162300	-2.929820
0.162400	-2.442870
0.162500	-3.903720
0.162600	-0.982018
0.162700	-0.982018
0.162800	-6.825430
0.162900	-6.825430
0.163000	-7.799330
0.163100	-4.877630
0.163200	-0.982018
0.163300	3.400540
0.163400	2.913590
0.163500	0.965786
0.163600	6.809200
0.163700	6.809200
0.163800	0.965786
0.163900	2.913590
0.164000	-0.008116
0.164100	-0.982018
0.164200	0.965786
0.164300	-0.982018
0.164400	-7.799330
0.164500	-6.825430
0.164600	0.965786
0.164700	-0.495067
0.164800	-3.903720
0.164900	-2.929820
0.165000	-0.982018
0.165100	6.809200
0.165200	-3.903720
0.165300	-7.799330
0.165400	2.913590
0.165500	2.913590
0.165600	3.887490
0.165700	3.887490
0.165800	-0.495067
0.165900	-2.929820
0.166000	-4.877630
0.166100	-4.877630
0.166200	1.939690
0.166300	3.887490
0.166400	-0.008116
0.166500	-0.982018
0.166600	-6.825430
0.166700	-4.877630
0.166800	-4.877630
0.166900	-8.773230
0.167000	-8.773230
0.167100	-4.877630
0.167200	-0.982018
0.167300	-3.903720
0.167400	6.809200
0.167500	2.913590
0.167600	-0.982018
0.167700	-0.982018
0.167800	-3.903720
0.167900	2.913590
0.168000	-2.929820
0.168100	-2.929820
0.168200	-0.495067
0.168300	-2.929820
0.168400	-4.877630
0.168500	-0.982018
0.168600	-1.955920
0.168700	-6.825430
0.168800	-10.721000
0.168900	-3.903720
0.169000	-4.877630
0.169100	-2.929820
0.169200	-2.929820
0.169300	-2.442870
0.169400	0.965786
0.169500	2.913590
0.169600	-0.982018
0.169700	-2.929820
0.169800	-4.877630
0.169900	-6.825430
0.170000	-3.903720
0.170100	-8.286280
0.170200	-0.982018
0.170300	0.965786
0.170400	-0.982018
0.170500	-7.799330
0.170600	-8.773230
0.170700	-8.773230
0.170800	-7.312380
0.170900	-8.773230
0.171000	-4.877630
0.171100	-1.955920
0.171200	-3.416770
0.171300	-0.982018
0.171400	2.913590
0.171500	-0.982018
0.171600	-4.877630
0.171700	-2.929820
0.171800	-4.877630
0.171900	-4.877630
0.172000	-0.495067
0.172100	-4.877630
0.172200	-8.773230
0.172300	-11.208000
0.172400	-6.825430
0.172500	-7.799330
0.172600	-6.825430
0.172700	-2.929820
0.172800	-0.008116
0.172900	1.939690
0.173000	0.965786
0.173100	1.939690
0.173200	-3.903720
0.173300	1.939690
0.173400	2.913590
0.173500	-0.982018
0.173600	-4.877630
0.173700	-4.877630
0.173800	-2.929820
0.173900	-0.982018
0.174000	-0.982018
0.174100	0.478835
0.174200	-3.903720
0.174300	-11.694900
0.174400	-8.773230
0.174500	-4.390670
0.174600	-4.877630
0.174700	-0.982018
0.174800	-0.008116
0.174900	-0.008116
0.175000	-1.955920
0.175100	1.939690
0.175200	0.965786
0.175300	2.913590
0.175400	6.809200
0.175500	-0.982018
0.175600	-4.877630
0.175700	-2.929820
0.175800	-0.982018
0.175900	-2.442870
0.176000	-0.982018
0.176100	0.965786
0.176200	2.913590
0.176300	0.965786
0.176400	-2.929820
0.176500	-4.877630
0.176600	-2.929820
0.176700	1.939690
0.176800	3.887490
0.176900	6.809200
0.177000	2.913590
0.177100	-0.495067
0.177200	2.913590
0.177300	6.809200
0.177400	2.913590
0.177500	2.913590
0.177600	0.965786
0.177700	1.939690
0.177800	0.965786
0.177900	-1.955920
0.178000	-7.799330
0.178100	-6.825430
0.178200	-4.877630
0.178300	-1.955920
0.178400	-4.877630
0.178500	-2.929820
0.178600	-0.982018
0.178700	0.965786
0.178800	-0.982018
0.178900	0.965786
0.179000	0.965786
0.179100	-2.929820
0.179200	-3.903720
0.179300	0.965786
0.179400	1.452740
0.179500	-0.982018
0.179600	-1.955920
0.179700	-0.982018
0.179800	-0.982018
0.179900	-4.877630
0.180000	-8.773230
0.180100	-6.825430
0.180200	0.965786
0.180300	0.965786
0.180400	-0.982018
0.180500	2.913590
0.180600	-4.877630
0.180700	-0.008116
0.180800	-2.929820
0.180900	-6.825430
0.181000	-4.877630
0.181100	-0.982018
0.181200	-4.877630
0.181300	-0.982018
0.181400	-0.982018
0.181500	-0.008116
0.181600	-5.851530
0.181700	-8.773230
0.181800	-4.877630
0.181900	-0.008116
0.182000	1.939690
0.182100	-4.877630
0.182200	1.452740
0.182300	-0.008116
0.182400	-4.390670
0.182500	2.913590
0.182600	1.939690
0.182700	-0.495067
0.182800	-2.442870
0.182900	-0.982018
0.183000	0.965786
0.183100	-0.008116
0.183200	2.913590
0.183300	-2.442870
0.183400	-7.799330
0.183500	-4.877630
0.183600	-0.982018
0.183700	-3.903720
0.183800	-6.825430
0.183900	-0.495067
0.184000	0.965786
0.184100	6.809200
0.184200	6.809200
0.184300	2.913590
0.184400	-0.982018
0.184500	-0.982018
0.184600	-0.008116
0.184700	-0.008116
0.184800	-2.929820
0.184900	-3.903720
0.185000	-0.008116
0.185100	-2.929820
0.185200	-2.929820
0.185300	-2.929820
0.185400	-0.008116
0.185500	-0.008116
0.185600	6.809200
0.185700	1.452740
0.185800	7.296150
0.185900	6.809200
0.186000	6.809200
0.186100	2.913590
0.186200	-0.982018
0.186300	-0.982018
0.186400	0.965786
0.186500	-0.008116
0.186600	-2.929820
0.186700	-5.851530
0.186800	-4.390670
0.186900	-2.929820
0.187000	-2.929820
0.187100	-4.877630
0.187200	-6.825430
0.187300	-5.851530
0.187400	-0.008116
0.187500	0.478835
0.187600	6.809200
0.187700	2.913590
0.187800	-5.851530
0.187900	0.965786
0.188000	0.965786
0.188100	-0.008116
0.188200	-0.982018
0.188300	-0.982018
0.188400	-0.982018
0.188500	-3.903720
0.188600	-3.903720
0.188700	-0.495067
0.188800	-3.903720
0.188900	-7.799330
0.189000	-10.721000
0.189100	-15.590500
0.189200	-2.929820
0.189300	3.400540
0.189400	2.913590
0.189500	-0.008116
0.189600	-0.982018
0.189700	-6.338480
0.189800	-0.982018
0.189900	-1.955920
0.190000	-3.903720
0.190100	-0.982018
0.190200	-0.008116
0.190300	-0.008116
0.190400	-2.929820
0.190500	2.913590
0.190600	-6.338480
0.190700	-2.929820
0.190800	-6.338480
0.190900	-0.982018
0.191000	-5.851530
0.191100	-4.877630
0.191200	-4.877630
0.191300	-0.982018
0.191400	0.965786
0.191500	-0.982018
0.191600	-0.008116
0.191700	3.887490
0.191800	-0.495067
0.191900	-0.008116
0.192000	-3.903720
0.192100	-0.982018
0.192200	0.965786
0.192300	-3.903720
0.192400	-4.877630
0.192500	-2.929820
0.192600	-3.903720
0.192700	-4.877630
0.192800	-8.773230
0.192900	-11.694900
0.193000	-6.825430
0.193100	-7.312380
0.193200	-2.929820
0.193300	-3.903720
0.193400	-0.982018
0.193500	-2.929820
0.193600	0.965786
0.193700	1.939690
0.193800	-0.008116
0.193900	-0.982018
0.194000	0.965786
0.194100	2.913590
0.194200	3.887490
0.194300	0.965786
0.194400	-0.982018
0.194500	-0.982018
0.194600	-2.929820
0.194700	-6.825430
0.194800	-7.799330
0.194900	-3.903720
0.195000	-8.773230
0.195100	3.887490
0.195200	7.783100
0.195300	6.809200
0.195400	-0.982018
0.195500	-0.982018
0.195600	-4.877630
0.195700	-4.390670
0.195800	-0.982018
0.195900	0.965786
0.196000	0.965786
0.196100	-0.982018
0.196200	-0.982018
0.196300	-4.877630
0.196400	-0.982018
0.196500	-2.929820
0.196600	-1.955920
0.196700	-2.929820
0.196800	-0.982018
0.196900	-0.008116
0.197000	-0.008116
0.197100	0.965786
0.197200	2.913590
0.197300	2.913590
0.197400	-2.442870
0.197500	-3.903720
0.197600	-0.982018
0.197700	-2.929820
0.197800	2.913590
0.197900	2.913590
0.198000	-4.877630
0.198100	-4.877630
0.198200	-2.929820
0.198300	-3.903720
0.198400	-6.825430
0.198500	-11.208000
0.198600	-6.825430
0.198700	-4.877630
0.198800	-0.982018
0.198900	-0.495067
0.199000	6.809200
0.199100	6.809200
0.199200	3.887490
0.199300	-0.982018
0.199400	-3.903720
0.199500	-6.338480
0.199600	-4.877630
0.199700	-8.773230
0.199800	-7.799330
0.199900	3.887490
0.200000	-0.008116
0.200100	2.913590
0.200200	0.965786
0.200300	-6.338480
0.200400	-7.799330
0.200500	-4.877630
0.200600	-3.903720
0.200700	-3.903720
0.200800	2.913590
0.200900	2.913590
0.201000	-0.008116
0.201100	1.452740
0.201200	6.809200
0.201300	2.913590
0.201400	2.913590
0.201500	-1.955920
0.201600	-2.929820
0.201700	-4.877630
0.201800	-8.773230
0.201900	-6.338480
0.202000	-6.338480
0.202100	-0.008116
0.202200	-2.929820
0.202300	-2.929820
0.202400	-4.877630
0.202500	-0.982018
0.202600	2.913590
0.202700	2.913590
0.202800	2.913590
0.202900	-1.955920
0.203000	0.965786
0.203100	6.809200
0.203200	2.913590
0.203300	-2.929820
0.203400	-0.982018
0.203500	1.939690
0.203600	-0.495067
0.203700	-0.982018
0.203800	1.452740
0.203900	-0.982018
0.204000	-0.982018
0.204100	0.965786
0.204200	2.913590
0.204300	-2.929820
0.204400	3.400540
0.204500	2.913590
0.204600	2.913590
0.204700	6.809200
0.204800	2.913590
0.204900	-0.495067
0.205000	0.965786
0.205100	2.913590
0.205200	0.965786
0.205300	-3.416770
0.205400	-4.877630
0.205500	-6.825430
0.205600	-8.773230
0.205700	-7.799330
0.205800	-2.929820
0.205900	-0.982018
0.206000	6.809200
0.206100	3.887490
0.206200	6.809200
0.206300	6.809200
0.206400	0.965786
0.206500	-6.825430
0.206600	0.478835
0.206700	-2.929820
0.206800	-0.008116
0.206900	-4.877630
0.207000	-9.747140
0.207100	0.965786
0.207200	-0.982018
0.207300	-5.851530
0.207400	-7.799330
0.207500	-8.773230
0.207600	-2.929820
0.207700	-0.982018
0.207800	6.809200
0.207900	2.913590
0.208000	0.965786
0.208100	6.809200
0.208200	-1.955920
0.208300	4.861390
0.208400	3.887490
0.208500	1.939690
0.208600	-0.982018
0.208700	-3.903720
0.208800	-3.903720
0.208900	-4.877630
0.209000	-10.721000
0.209100	-8.773230
0.209200	-3.903720
0.209300	6.809200
0.209400	2.913590
0.209500	1.452740
0.209600	-2.929820
0.209700	-0.008116
0.209800	3.887490
0.209900	-0.982018
0.210000	-3.903720
0.210100	-0.982018
0.210200	-0.495067
0.210300	-0.982018
0.210400	-4.877630
0.210500	-2.929820
0.210600	-4.390670
0.210700	-8.286280
0.210800	-6.825430
0.210900	-3.903720
0.211000	-0.982018
0.211100	-2.929820
0.211200	0.478835
0.211300	-2.929820
0.211400	-4.877630
0.211500	-7.799330
0.211600	-7.799330
0.211700	-4.877630
0.211800	-0.982018
0.211900	0.478835
0.212000	-3.903720
0.212100	-8.773230
0.212200	-8.286280
0.212300	-3.416770
0.212400	-0.982018
0.212500	-4.877630
0.212600	-0.982018
0.212700	-0.008116
0.212800	-0.008116
0.212900	1.939690
0.213000	0.965786
0.213100	2.913590
0.213200	0.965786
0.213300	-6.825430
0.213400	1.452740
0.213500	-0.495067
0.213600	-1.955920
0.213700	-0.008116
0.213800	-0.982018
0.213900	-2.929820
0.214000	-2.442870
0.214100	-8.773230
0.214200	-8.773230
0.214300	-3.903720
0.214400	-2.442870
0.214500	0.965786
0.214600	2.913590
0.214700	0.965786
0.214800	-0.982018
0.214900	-0.982018
0.215000	1.939690
0.215100	3.887490
0.215200	0.965786
0.215300	-0.982018
0.215400	-0.982018
0.215500	2.913590
0.215600	3.887490
0.215700	2.913590
0.215800	-3.903720
0.215900	-4.877630
0.216000	-2.929820
0.216100	-3.903720
0.216200	-3.903720
0.216300	-4.390670
0.216400	1.939690
0.216500	2.913590
0.216600	1.452740
0.216700	0.965786
0.216800	0.965786
0.216900	-0.008116
0.217000	-0.982018
0.217100	-0.982018
0.217200	-1.955920
0.217300	-8.773230
0.217400	-5.851530
0.217500	-0.008116
0.217600	-7.799330
0.217700	-11.208000
0.217800	-8.773230
0.217900	-6.338480
0.218000	-4.877630
0.218100	2.913590
0.218200	2.913590
0.218300	0.965786
0.218400	-0.982018
0.218500	-1.955920
0.218600	-0.495067
0.218700	-0.008116
0.218800	-0.982018
0.218900	-3.903720
0.219000	-4.877630
0.219100	-7.312380
0.219200	-6.338480
0.219300	-3.903720
0.219400	-4.877630
0.219500	-0.008116
0.219600	0.965786
0.219700	1.939690
0.219800	0.965786
0.219900	-0.982018
0.220000	-4.877630
0.220100	-0.982018
0.220200	0.965786
0.220300	0.965786
0.220400	-1.955920
0.220500	-0.982018
0.220600	-2.442870
0.220700	-7.312380
0.220800	-6.825430
0.220900	-7.799330
0.221000	-6.825430
0.221100	-0.982018
0.221200	1.939690
0.221300	-0.982018
0.221400	0.965786
0.221500	0.478835
0.221600	-0.982018
0.221700	-3.903720
0.221800	-4.877630
0.221900	-3.416770
0.222000	-3.903720
0.222100	-0.982018
0.222200	-3.903720
0.222300	-0.982018
0.222400	-0.982018
0.222500	-4.877630
0.222600	-6.825430
0.222700	-4.877630
0.222800	-6.338480
0.222900	-6.825430
0.223000	-2.929820
0.223100	2.913590
0.223200	2.913590
0.223300	-0.982018
0.223400	-0.008116
0.223500	-4.390670
0.223600	-6.825430
0.223700	-2.929820
0.223800	-0.982018
0.223900	-0.008116
0.224000	-3.903720
0.224100	-2.929820
0.224200	-2.929820
0.224300	-2.929820
0.224400	-0.982018
0.224500	2.913590
0.224600	1.939690
0.224700	1.939690
0.224800	-2.929820
0.224900	6.809200
0.225000	6.809200
0.225100	0.965786
0.225200	0.965786
0.225300	-0.982018
0.225400	1.939690
0.225500	-0.008116
0.225600	-8.773230
0.225700	-12.668800
0.225800	-6.825430
0.225900	-3.903720
0.226000	-4.877630
0.226100	-7.799330
0.226200	-4.877630
0.226300	-0.008116
0.226400	0.965786
0.226500	3.400540
0.226600	1.939690
0.226700	2.913590
0.226800	7.296150
0.226900	6.809200
0.227000	2.913590
0.227100	1.939690
0.227200	-0.008116
0.227300	-2.929820
0.227400	0.478835
0.227500	-4.877630
0.227600	-3.903720
0.227700	-4.877630
0.227800	-1.955920
0.227900	-2.929820
0.228000	-4.877630
0.228100	-8.773230
0.228200	-7.799330
0.228300	-6.825430
0.228400	-4.877630
0.228500	-4.390670
0.228600	-0.982018
0.228700	2.913590
0.228800	-0.008116
0.228900	6.809200
0.229000	2.913590
0.229100	4.861390
0.229200	2.913590
0.229300	0.965786
0.229400	2.913590
0.229500	3.887490
0.229600	4.861390
0.229700	2.913590
0.229800	2.913590
0.229900	-0.982018
0.230000	-6.825430
0.230100	-6.825430
0.230200	-6.825430
0.230300	-0.982018
0.230400	1.939690
0.230500	2.913590
0.230600	-1.955920
0.230700	2.913590
0.230800	2.913590
0.230900	-0.982018
0.231000	-2.929820
0.231100	1.939690
0.231200	6.809200
0.231300	1.452740
0.231400	0.965786
0.231500	1.939690
0.231600	2.913590
0.231700	-0.495067
0.231800	-4.877630
0.231900	-5.851530
0.232000	-4.390670
0.232100	-6.825430
0.232200	-0.008116
0.232300	2.913590
0.232400	2.913590
0.232500	2.913590
0.232600	1.939690
0.232700	2.913590
0.232800	2.913590
0.232900	-2.929820
0.233000	-2.929820
0.233100	1.452740
0.233200	-0.982018
0.233300	-2.442870
0.233400	1.452740
0.233500	-4.877630
0.233600	-8.773230
0.233700	-4.877630
0.233800	-4.877630
0.233900	-0.982018
0.234000	2.913590
0.234100	2.913590
0.234200	-0.008116
0.234300	2.913590
0.234400	0.965786
0.234500	-4.877630
0.234600	1.939690
0.234700	-2.929820
0.234800	-3.903720
0.234900	-0.982018
0.235000	-4.877630
0.235100	-4.877630
0.235200	-0.982018
0.235300	-0.982018
0.235400	-0.982018
0.235500	-8.773230
0.235600	-3.903720
0.235700	-4.877630
0.235800	-4.877630
0.235900	-0.982018
0.236000	-0.008116
0.236100	-0.008116
0.236200	2.913590
0.236300	6.809200
0.236400	6.809200
0.236500	-0.982018
0.236600	-4.877630
0.236700	-2.442870
0.236800	-0.982018
0.236900	-0.008116
0.237000	-0.008116
0.237100	-6.825430
0.237200	-6.825430
0.237300	-0.982018
0.237400	-0.982018
0.237500	6.809200
0.237600	2.913590
0.237700	2.913590
0.237800	-0.982018
0.237900	-0.982018
0.238000	-0.982018
0.238100	-0.982018
0.238200	-4.877630
0.238300	2.913590
0.238400	6.809200
0.238500	3.887490
0.238600	-0.982018
0.238700	-2.442870
0.238800	2.913590
0.238900	-2.929820
0.239000	-4.877630
0.239100	-2.929820
0.239200	-3.903720
0.239300	-2.929820
0.239400	-0.982018
0.239500	-8.286280
0.239600	-2.929820
0.239700	-3.903720
0.239800	-0.008116
0.239900	-0.982018
0.240000	-1.955920
0.240100	-0.982018
0.240200	-0.982018
0.240300	-6.825430
0.240400	-4.877630
0.240500	-0.008116
0.240600	2.913590
0.240700	2.913590
0.240800	-0.982018
0.240900	-3.903720
0.241000	-2.929820
0.241100	-4.877630
0.241200	-2.929820
0.241300	-4.877630
0.241400	2.913590
0.241500	2.913590
0.241600	6.809200
0.241700	2.913590
0.241800	-2.929820
0.241900	-5.851530
0.242000	2.913590
0.242100	6.809200
0.242200	-0.982018
0.242300	-2.929820
0.242400	-3.903720
0.242500	-0.495067
0.242600	-4.390670
0.242700	-2.929820
0.242800	-6.338480
0.242900	-7.312380
0.243000	-5.851530
0.243100	-3.416770
0.243200	-0.008116
0.243300	-0.982018
0.243400	0.478835
0.243500	-2.929820
0.243600	-0.982018
0.243700	2.913590
0.243800	1.939690
0.243900	-0.982018
0.244000	-2.929820
0.244100	-3.903720
0.244200	-0.008116
0.244300	0.965786
0.244400	2.913590
0.244500	-0.008116
0.244600	2.913590
0.244700	-0.982018
0.244800	-7.799330
0.244900	-6.338480
0.245000	-8.286280
0.245100	-8.773230
0.245200	-11.694900
0.245300	2.913590
0.245400	2.913590
0.245500	-0.495067
0.245600	-0.008116
0.245700	2.913590
0.245800	6.809200
0.245900	-2.929820
0.246000	-5.851530
0.246100	-4.390670
0.246200	-3.903720
0.246300	-4.877630
0.246400	-4.877630
0.246500	-2.929820
0.246600	-3.903720
0.246700	-5.851530
0.246800	-4.877630
0.246900	-3.903720
0.247000	-4.877630
0.247100	-3.903720
0.247200	-0.982018
0.247300	6.809200
0.247400	7.783100
0.247500	0.965786
0.247600	1.939690
0.247700	6.809200
0.247800	1.939690
0.247900	-4.877630
0.248000	-3.903720
0.248100	-0.982018
0.248200	-2.929820
0.248300	-2.929820
0.248400	0.965786
0.248500	6.809200
0.248600	-0.008116
0.248700	1.452740
0.248800	6.809200
0.248900	-0.982018
0.249000	-4.877630
0.249100	-3.903720
0.249200	-4.877630
0.249300	-0.982018
0.249400	-6.825430
0.249500	-2.929820
0.249600	0.965786
0.249700	0.965786
0.249800	-2.929820
0.249900	-3.903720
0.250000	-0.982018
0.250100	1.939690
0.250200	0.965786
0.250300	-7.799330
0.250400	-8.773230
0.250500	-4.877630
0.250600	-6.825430
0.250700	-6.825430
0.250800	-3.903720
0.250900	0.965786
0.251000	1.939690
0.251100	6.809200
0.251200	6.809200
0.251300	2.913590
0.251400	-2.929820
0.251500	-0.982018
0.251600	-0.982018
0.251700	-3.416770
0.251800	-7.799330
0.251900	-4.877630
0.252000	-3.416770
0.252100	-4.877630
0.252200	-6.825430
0.252300	2.913590
0.252400	-0.008116
0.252500	1.939690
0.252600	0.965786
0.252700	6.809200
0.252800	6.809200
0.252900	-0.982018
0.253000	-0.982018
0.253100	6.809200
0.253200	6.809200
0.253300	0.965786
0.253400	-0.982018
0.253500	-5.851530
0.253600	-0.008116
0.253700	-4.877630
0.253800	-6.825430
0.253900	-6.338480
0.254000	-4.877630
0.254100	-4.877630
0.254200	-7.799330
0.254300	-4.877630
0.254400	-0.008116
0.254500	6.809200
0.254600	-2.442870
0.254700	-0.982018
0.254800	-4.877630
0.254900	-5.851530
0.255000	-8.773230
0.255100	-8.773230
0.255200	-0.982018
0.255300	0.965786
0.255400	-0.008116
0.255500	-0.008116
0.255600	-2.929820
0.255700	-4.877630
0.255800	-2.929820
0.255900	-0.982018
0.256000	-2.929820
0.256100	-1.955920
0.256200	-0.982018
0.256300	1.939690
0.256400	6.809200
0.256500	6.809200
0.256600	-2.929820
0.256700	-4.877630
0.256800	-0.495067
0.256900	0.965786
0.257000	-2.929820
0.257100	-6.825430
0.257200	1.939690
0.257300	-0.495067
0.257400	-0.982018
0.257500	-3.903720
0.257600	-6.825430
0.257700	-4.877630
0.257800	0.965786
0.257900	-0.982018
0.258000	-0.008116
0.258100	0.965786
0.258200	2.913590
0.258300	3.887490
0.258400	2.913590
0.258500	3.400540
0.258600	2.913590
0.258700	3.887490
0.258800	3.887490
0.258900	2.913590
0.259000	1.939690
0.259100	-0.982018
0.259200	-1.955920
0.259300	-0.982018
0.259400	-0.008116
0.259500	-8.773230
0.259600	-8.773230
0.259700	-6.825430
0.259800	2.913590
0.259900	2.913590
0.260000	6.809200
0.260100	4.861390
0.260200	1.939690
0.260300	1.939690
0.260400	-0.495067
0.260500	-2.929820
0.260600	1.939690
0.260700	1.939690
0.260800	1.452740
0.260900	-2.929820
0.261000	-4.877630
0.261100	-8.773230
0.261200	-12.181900
0.261300	-0.008116
0.261400	-4.877630
0.261500	-2.929820
0.261600	0.965786
0.261700	-0.982018
0.261800	-4.877630
0.261900	-0.982018
0.262000	-4.877630
0.262100	-0.008116
0.262200	-5.851530
0.262300	-3.903720
0.262400	-1.955920
0.262500	-1.955920
0.262600	-5.364580
0.262700	-0.495067
0.262800	-2.929820
0.262900	0.965786
0.263000	-2.929820
0.263100	-7.799330
0.263200	-8.773230
0.263300	-0.982018
0.263400	2.913590
0.263500	-4.877630
0.263600	0.965786
0.263700	3.887490
0.263800	1.939690
0.263900	0.965786
0.264000	-0.008116
0.264100	-0.982018
0.264200	-2.929820
0.264300	-4.877630
0.264400	-0.982018
0.264500	-2.929820
0.264600	-2.929820
0.264700	-2.929820
0.264800	-4.390670
0.264900	-8.773230
0.265000	-12.668800
0.265100	-4.877630
0.265200	3.887490
0.265300	2.913590
0.265400	-1.955920
0.265500	-2.929820
0.265600	-0.008116
0.265700	2.913590
0.265800	-0.982018
0.265900	-1.955920
0.266000	-3.903720
0.266100	-4.877630
0.266200	-5.851530
0.266300	-4.877630
0.266400	-8.773230
0.266500	-3.903720
0.266600	0.965786
0.266700	2.913590
0.266800	-0.982018
0.266900	-4.390670
0.267000	-4.877630
0.267100	-5.851530
0.267200	-0.982018
0.267300	2.913590
0.267400	-0.008116
0.267500	-1.955920
0.267600	-7.799330
0.267700	-0.982018
0.267800	2.913590
0.267900	0.965786
0.268000	-4.877630
0.268100	0.965786
0.268200	-2.929820
0.268300	-4.877630
0.268400	-11.694900
0.268500	-8.773230
0.268600	-4.877630
0.268700	-8.773230
0.268800	-3.903720
0.268900	-0.982018
0.269000	0.965786
0.269100	0.965786
0.269200	-2.929820
0.269300	6.809200
0.269400	3.887490
0.269500	6.809200
0.269600	-1.955920
0.269700	-1.955920
0.269800	2.913590
0.269900	-3.903720
0.270000	-2.929820
0.270100	-2.929820
0.270200	-3.903720
0.270300	0.965786
0.270400	-4.877630
0.270500	-6.825430
0.270600	-4.877630
0.270700	-6.825430
0.270800	-2.929820
0.270900	-0.982018
0.271000	2.913590
0.271100	-4.877630
0.271200	-2.929820
0.271300	-1.955920
0.271400	-3.903720
0.271500	1.452740
0.271600	-0.982018
0.271700	-4.877630
0.271800	-4.877630
0.271900	2.913590
0.272000	2.913590
0.272100	-0.982018
0.272200	-4.877630
0.272300	-8.286280
0.272400	-8.773230
0.272500	-6.825430
0.272600	-4.877630
0.272700	-6.825430
0.272800	-3.416770
0.272900	8.757000
0.273000	2.913590
0.273100	-2.929820
0.273200	-0.008116
0.273300	-0.982018
0.273400	-3.903720
0.273500	-4.877630
0.273600	-4.390670
0.273700	-2.929820
0.273800	-4.877630
0.273900	-6.825430
0.274000	-4.877630
0.274100	-0.982018
0.274200	-4.877630
0.274300	-8.773230
0.274400	-14.616600
0.274500	-4.877630
0.274600	3.887490
0.274700	6.809200
0.274800	6.809200
0.274900	-0.982018
0.275000	-0.982018
0.275100	3.887490
0.275200	-1.955920
0.275300	0.965786
0.275400	2.913590
0.275500	2.913590
0.275600	0.965786
0.275700	-3.416770
0.275800	3.887490
0.275900	2.913590
0.276000	1.939690
0.276100	-3.903720
0.276200	-4.877630
0.276300	-4.877630
0.276400	-2.929820
0.276500	1.939690
0.276600	6.809200
0.276700	2.913590
0.276800	-4.877630
0.276900	2.913590
0.277000	2.913590
0.277100	0.965786
0.277200	-0.982018
0.277300	-0.982018
0.277400	0.965786
0.277500	-0.008116
0.277600	0.965786
0.277700	-0.495067
0.277800	0.965786
0.277900	-0.982018
0.278000	-0.008116
0.278100	-4.877630
0.278200	-2.442870
0.278300	2.913590
0.278400	2.913590
0.278500	-0.982018
0.278600	0.965786
0.278700	3.887490
0.278800	6.809200
0.278900	3.887490
0.279000	0.965786
0.279100	-0.008116
0.279200	-0.982018
0.279300	-4.877630
0.279400	-2.929820
0.279500	-2.929820
0.279600	-4.877630
0.279700	-11.694900
0.279800	-6.825430
0.279900	-0.982018
0.280000	-0.982018
0.280100	2.913590
0.280200	-0.008116
0.280300	2.913590
0.280400	2.913590
0.280500	-0.982018
0.280600	-4.877630
0.280700	-4.877630
0.280800	-4.877630
0.280900	-2.929820
0.281000	-0.008116
0.281100	-3.903720
0.281200	-10.721000
0.281300	-6.825430
0.281400	-4.877630
0.281500	-8.773230
0.281600	-5.851530
0.281700	8.757000
0.281800	1.452740
0.281900	-4.390670
0.282000	0.965786
0.282100	0.965786
0.282200	-0.982018
0.282300	-6.825430
0.282400	-4.877630
0.282500	-3.416770
0.282600	-0.982018
0.282700	-3.903720
0.282800	-4.390670
0.282900	-3.903720
0.283000	-2.929820
0.283100	-0.982018
0.283200	-6.338480
0.283300	-0.008116
0.283400	-0.982018
0.283500	0.965786
0.283600	2.913590
0.283700	2.913590
0.283800	2.913590
0.283900	0.965786
0.284000	-0.982018
0.284100	-2.929820
0.284200	-3.903720
0.284300	-4.390670
0.284400	-0.982018
0.284500	-0.982018
0.284600	-3.416770
0.284700	-4.877630
0.284800	-10.234100
0.284900	-8.773230
0.285000	-0.982018
0.285100	-0.495067
0.285200	0.965786
0.285300	-6.825430
0.285400	-3.903720
0.285500	-0.008116
0.285600	2.913590
0.285700	-0.982018
0.285800	-2.929820
0.285900	-0.982018
0.286000	-0.495067
0.286100	-2.442870
0.286200	2.913590
0.286300	-5.851530
0.286400	-6.825430
0.286500	-4.877630
0.286600	-7.312380
0.286700	-0.008116
0.286800	-4.877630
0.286900	-4.877630
0.287000	-4.877630
0.287100	-10.234100
0.287200	-2.929820
0.287300	-3.903720
0.287400	-0.008116
0.287500	2.913590
0.287600	6.809200
0.287700	2.913590
0.287800	1.452740
0.287900	2.913590
0.288000	-4.877630
0.288100	-0.982018
0.288200	-3.903720
0.288300	-2.929820
0.288400	-2.929820
0.288500	-4.877630
0.288600	-4.877630
0.288700	-2.929820
0.288800	-3.903720
0.288900	-4.877630
0.289000	-6.825430
0.289100	-10.234100
0.289200	-6.825430
0.289300	0.965786
0.289400	1.939690
0.289500	6.809200
0.289600	-0.008116
0.289700	2.913590
0.289800	3.400540
0.289900	-0.982018
0.290000	-3.903720
0.290100	-6.825430
0.290200	-4.877630
0.290300	-4.877630
0.290400	-6.825430
0.290500	-10.721000
0.290600	-7.799330
0.290700	-6.338480
0.290800	-4.877630
0.290900	-0.008116
0.291000	2.913590
0.291100	-0.982018
0.291200	-4.877630
0.291300	-1.955920
0.291400	-0.008116
0.291500	-2.929820
0.291600	-3.416770
0.291700	-10.721000
0.291800	-8.773230
0.291900	-0.008116
0.292000	-0.982018
0.292100	-6.825430
0.292200	-0.982018
0.292300	-4.877630
0.292400	-5.851530
0.292500	-4.877630
0.292600	-4.877630
0.292700	-11.694900
0.292800	-10.721000
0.292900	-6.825430
0.293000	-2.929820
0.293100	-4.877630
0.293200	-2.929820
0.293300	2.913590
0.293400	-0.495067
0.293500	2.913590
0.293600	2.913590
0.293700	-4.877630
0.293800	-0.982018
0.293900	-0.982018
0.294000	1.939690
0.294100	-2.929820
0.294200	-3.903720
0.294300	-4.877630
0.294400	-4.877630
0.294500	-7.799330
0.294600	-7.799330
0.294700	-4.877630
0.294800	-4.877630
0.294900	0.965786
0.295000	1.939690
0.295100	-0.008116
0.295200	0.478835
0.295300	0.965786
0.295400	0.965786
0.295500	-3.903720
0.295600	-2.929820
0.295700	0.478835
0.295800	-0.008116
0.295900	-0.982018
0.296000	-4.877630
0.296100	-6.825430
0.296200	-0.982018
0.296300	3.887490
0.296400	2.913590
0.296500	-0.982018
0.296600	-3.903720
0.296700	-6.825430
0.296800	-6.825430
0.296900	-8.286280
0.297000	-12.181900
0.297100	0.965786
0.297200	2.913590
0.297300	0.965786
0.297400	-0.982018
0.297500	-2.929820
0.297600	-7.799330
0.297700	-0.008116
0.297800	-1.955920
0.297900	6.809200
0.298000	7.783100
0.298100	0.965786
0.298200	-7.799330
0.298300	-2.929820
0.298400	-8.773230
0.298500	-12.668800
0.298600	-8.286280
0.298700	-0.982018
0.298800	2.913590
0.298900	2.913590
0.299000	0.965786
0.299100	-0.008116
0.299200	-2.929820
0.299300	0.965786
0.299400	-4.390670
0.299500	2.913590
0.299600	-2.929820
0.299700	-0.008116
0.299800	0.965786
0.299900	-2.929820
