-0.050000	53.038799
-0.049900	72.780197
-0.049800	102.391998
-0.049700	-154.246994
-0.049600	-124.635002
-0.049500	62.909500
-0.049400	72.780197
-0.049300	141.875000
-0.049200	151.746002
-0.049100	23.426600
-0.049000	-75.280800
-0.048900	23.426600
-0.048800	112.263000
-0.048700	191.229004
-0.048600	-65.410103
-0.048500	-233.212997
-0.048400	-233.212997
-0.048300	-75.280800
-0.048200	92.521698
-0.048100	23.426600
-0.048000	102.391998
-0.047900	181.358002
-0.047800	43.167999
-0.047700	-213.470993
-0.047600	-104.892998
-0.047500	82.651001
-0.047400	53.038799
-0.047300	-114.764000
-0.047200	43.167999
-0.047100	53.038799
-0.047000	-95.022301
-0.046900	-144.376007
-0.046800	-104.892998
-0.046700	132.005005
-0.046600	388.644012
-0.046500	23.426600
-0.046400	-223.341995
-0.046300	-75.280800
-0.046200	181.358002
-0.046100	201.100006
-0.046000	-16.056400
-0.045900	-16.056400
-0.045800	181.358002
-0.045700	-25.927099
-0.045600	-55.539398
-0.045500	62.909500
-0.045400	33.297298
-0.045300	23.426600
-0.045200	102.391998
-0.045100	220.841003
-0.045000	-75.280800
-0.044900	-95.022301
-0.044800	220.841003
-0.044700	43.167999
-0.044600	-55.539398
-0.044500	102.391998
-0.044400	141.875000
-0.044300	-16.056400
-0.044200	-35.797901
-0.044100	-75.280800
-0.044000	-85.151604
-0.043900	13.555800
-0.043800	-45.668598
-0.043700	-95.022301
-0.043600	82.651001
-0.043500	102.391998
-0.043400	-144.376007
-0.043300	-75.280800
-0.043200	141.875000
-0.043100	23.426600
-0.043000	13.555800
-0.042900	33.297298
-0.042800	-183.858994
-0.042700	-75.280800
-0.042600	43.167999
-0.042500	-16.056400
-0.042400	43.167999
-0.042300	13.555800
-0.042200	-312.178986
-0.042100	-154.246994
-0.042000	102.391998
-0.041900	210.970993
-0.041800	-75.280800
-0.041700	-65.410103
-0.041600	141.875000
-0.041500	-16.056400
-0.041400	-213.470993
-0.041300	23.426600
-0.041200	201.100006
-0.041100	210.970993
-0.041000	-134.505005
-0.040900	-223.341995
-0.040800	122.134003
-0.040700	82.651001
-0.040600	53.038799
-0.040500	82.651001
-0.040400	-35.797901
-0.040300	43.167999
-0.040200	141.875000
-0.040100	72.780197
-0.040000	23.426600
-0.039900	-6.185660
-0.039800	82.651001
-0.039700	-65.410103
-0.039600	-95.022301
-0.039500	102.391998
-0.039400	-173.988007
-0.039300	53.038799
-0.039200	270.195007
-0.039100	82.651001
-0.039000	-124.635002
-0.038900	-134.505005
-0.038800	62.909500
-0.038700	3.685080
-0.038600	-124.635002
-0.038500	-16.056400
-0.038400	-55.539398
-0.038300	-35.797901
-0.038200	171.488007
-0.038100	-35.797901
-0.038000	-35.797901
-0.037900	-75.280800
-0.037800	-95.022301
-0.037700	260.324005
-0.037600	43.167999
-0.037500	-114.764000
-0.037400	102.391998
-0.037300	201.100006
-0.037200	-55.539398
-0.037100	-16.056400
-0.037000	240.582993
-0.036900	13.555800
-0.036800	-144.376007
-0.036700	82.651001
-0.036600	53.038799
-0.036500	-95.022301
-0.036400	-65.410103
-0.036300	23.426600
-0.036200	33.297298
-0.036100	-35.797901
-0.036000	-193.729996
-0.035900	92.521698
-0.035800	250.453995
-0.035700	82.651001
-0.035600	-233.212997
-0.035500	-164.117004
-0.035400	43.167999
-0.035300	-45.668598
-0.035200	-173.988007
-0.035100	-193.729996
-0.035000	13.555800
-0.034900	230.712006
-0.034800	141.875000
-0.034700	23.426600
-0.034600	82.651001
-0.034500	319.549011
-0.034400	62.909500
-0.034300	-164.117004
-0.034200	-75.280800
-0.034100	82.651001
-0.034000	-95.022301
-0.033900	-55.539398
-0.033800	201.100006
-0.033700	-35.797901
-0.033600	-134.505005
-0.033500	43.167999
-0.033400	62.909500
-0.033300	23.426600
-0.033200	-55.539398
-0.033100	-55.539398
-0.033000	62.909500
-0.032900	-65.410103
-0.032800	-75.280800
-0.032700	92.521698
-0.032600	43.167999
-0.032500	43.167999
-0.032400	141.875000
-0.032300	141.875000
-0.032200	53.038799
-0.032100	-114.764000
-0.032000	-114.764000
-0.031900	-25.927099
-0.031800	122.134003
-0.031700	82.651001
-0.031600	-6.185660
-0.031500	-114.764000
-0.031400	-35.797901
-0.031300	171.488007
-0.031200	141.875000
-0.031100	-55.539398
-0.031000	-272.696014
-0.030900	-252.953995
-0.030800	23.426600
-0.030700	23.426600
-0.030600	-45.668598
-0.030500	3.685080
-0.030400	-35.797901
-0.030300	62.909500
-0.030200	122.134003
-0.030100	122.134003
-0.030000	-104.892998
-0.029900	-114.764000
-0.029800	-55.539398
-0.029700	53.038799
-0.029600	92.521698
-0.029500	23.426600
-0.029400	-6.185660
-0.029300	62.909500
-0.029200	151.746002
-0.029100	-114.764000
-0.029000	-16.056400
-0.028900	43.167999
-0.028800	-65.410103
-0.028700	3.685080
-0.028600	-75.280800
-0.028500	-55.539398
-0.028400	33.297298
-0.028300	43.167999
-0.028200	-124.635002
-0.028100	-85.151604
-0.028000	191.229004
-0.027900	13.555800
-0.027800	-75.280800
-0.027700	220.841003
-0.027600	23.426600
-0.027500	-243.082993
-0.027400	-361.532013
-0.027300	-183.858994
-0.027200	171.488007
-0.027100	43.167999
-0.027000	-233.212997
-0.026900	-75.280800
-0.026800	13.555800
-0.026700	-85.151604
-0.026600	-134.505005
-0.026500	-95.022301
-0.026400	23.426600
-0.026300	201.100006
-0.026200	102.391998
-0.026100	-45.668598
-0.026000	141.875000
-0.025900	-16.056400
-0.025800	-233.212997
-0.025700	-213.470993
-0.025600	122.134003
-0.025500	240.582993
-0.025400	-35.797901
-0.025300	-75.280800
-0.025200	-55.539398
-0.025100	141.875000
-0.025000	3.685080
-0.024900	-193.729996
-0.024800	-35.797901
-0.024700	230.712006
-0.024600	181.358002
-0.024500	-75.280800
-0.024400	-16.056400
-0.024300	-95.022301
-0.024200	-173.988007
-0.024100	-55.539398
-0.024000	23.426600
-0.023900	141.875000
-0.023800	23.426600
-0.023700	-95.022301
-0.023600	220.841003
-0.023500	280.066010
-0.023400	-35.797901
-0.023300	-233.212997
-0.023200	3.685080
-0.023100	102.391998
-0.023000	33.297298
-0.022900	-134.505005
-0.022800	-75.280800
-0.022700	141.875000
-0.022600	-75.280800
-0.022500	-183.858994
-0.022400	43.167999
-0.022300	220.841003
-0.022200	72.780197
-0.022100	-114.764000
-0.022000	-95.022301
-0.021900	240.582993
-0.021800	62.909500
-0.021700	-203.600006
-0.021600	92.521698
-0.021500	82.651001
-0.021400	-45.668598
-0.021300	-243.082993
-0.021200	-35.797901
-0.021100	141.875000
-0.021000	-203.600006
-0.020900	-292.437012
-0.020800	-164.117004
-0.020700	-55.539398
-0.020600	72.780197
-0.020500	161.617004
-0.020400	-55.539398
-0.020300	-124.635002
-0.020200	181.358002
-0.020100	-16.056400
-0.020000	-95.022301
-0.019900	13.555800
-0.019800	-95.022301
-0.019700	43.167999
-0.019600	112.263000
-0.019500	62.909500
-0.019400	43.167999
-0.019300	-45.668598
-0.019200	82.651001
-0.019100	122.134003
-0.019000	-154.246994
-0.018900	-65.410103
-0.018800	-114.764000
-0.018700	-124.635002
-0.018600	-35.797901
-0.018500	-55.539398
-0.018400	-154.246994
-0.018300	-16.056400
-0.018200	122.134003
-0.018100	3.685080
-0.018000	-154.246994
-0.017900	33.297298
-0.017800	210.970993
-0.017700	3.685080
-0.017600	-35.797901
-0.017500	62.909500
-0.017400	-35.797901
-0.017300	-65.410103
-0.017200	33.297298
-0.017100	-144.376007
-0.017000	-124.635002
-0.016900	201.100006
-0.016800	260.324005
-0.016700	23.426600
-0.016600	-45.668598
-0.016500	141.875000
-0.016400	62.909500
-0.016300	-114.764000
-0.016200	43.167999
-0.016100	92.521698
-0.016000	151.746002
-0.015900	-65.410103
-0.015800	-75.280800
-0.015700	171.488007
-0.015600	240.582993
-0.015500	82.651001
-0.015400	-95.022301
-0.015300	-183.858994
-0.015200	3.685080
-0.015100	201.100006
-0.015000	-95.022301
-0.014900	-104.892998
-0.014800	122.134003
-0.014700	181.358002
-0.014600	-95.022301
-0.014500	-243.082993
-0.014400	-45.668598
-0.014300	-65.410103
-0.014200	23.426600
-0.014100	171.488007
-0.014000	72.780197
-0.013900	62.909500
-0.013800	72.780197
-0.013700	-16.056400
-0.013600	43.167999
-0.013500	220.841003
-0.013400	102.391998
-0.013300	23.426600
-0.013200	92.521698
-0.013100	-75.280800
-0.013000	-16.056400
-0.012900	122.134003
-0.012800	181.358002
-0.012700	43.167999
-0.012600	-213.470993
-0.012500	-55.539398
-0.012400	112.263000
-0.012300	-114.764000
-0.012200	-65.410103
-0.012100	102.391998
-0.012000	43.167999
-0.011900	-233.212997
-0.011800	-16.056400
-0.011700	-35.797901
-0.011600	23.426600
-0.011500	43.167999
-0.011400	-45.668598
-0.011300	43.167999
-0.011200	-164.117004
-0.011100	-114.764000
-0.011000	-6.185660
-0.010900	-95.022301
-0.010800	62.909500
-0.010700	62.909500
-0.010600	33.297298
-0.010500	102.391998
-0.010400	-75.280800
-0.010300	-95.022301
-0.010200	-55.539398
-0.010100	13.555800
-0.010000	161.617004
-0.009900	210.970993
-0.009800	-45.668598
-0.009700	-75.280800
-0.009600	141.875000
-0.009500	220.841003
-0.009400	132.005005
-0.009300	112.263000
-0.009200	102.391998
-0.009100	112.263000
-0.009000	-45.668598
-0.008900	23.426600
-0.008800	43.167999
-0.008700	-75.280800
-0.008600	62.909500
-0.008500	122.134003
-0.008400	23.426600
-0.008300	-16.056400
-0.008200	82.651001
-0.008100	250.453995
-0.008000	-55.539398
-0.007900	-134.505005
-0.007800	122.134003
-0.007700	122.134003
-0.007600	-45.668598
-0.007500	82.651001
-0.007400	-16.056400
-0.007300	33.297298
-0.007200	102.391998
-0.007100	43.167999
-0.007000	-114.764000
-0.006900	-322.049011
-0.006800	-183.858994
-0.006700	82.651001
-0.006600	181.358002
-0.006500	122.134003
-0.006400	43.167999
-0.006300	-95.022301
-0.006200	23.426600
-0.006100	191.229004
-0.006000	-16.056400
-0.005900	-75.280800
-0.005800	-35.797901
-0.005700	122.134003
-0.005600	-35.797901
-0.005500	-213.470993
-0.005400	-85.151604
-0.005300	82.651001
-0.005200	82.651001
-0.005100	-35.797901
-0.005000	112.263000
-0.004900	171.488007
-0.004800	43.167999
-0.004700	-16.056400
-0.004600	-95.022301
-0.004500	-75.280800
-0.004400	3.685080
-0.004300	-95.022301
-0.004200	-55.539398
-0.004100	151.746002
-0.004000	-124.635002
-0.003900	-124.635002
-0.003800	181.358002
-0.003700	43.167999
-0.003600	-35.797901
-0.003500	82.651001
-0.003400	-6.185660
-0.003300	-114.764000
-0.003200	43.167999
-0.003100	-35.797901
-0.003000	-16.056400
-0.002900	13.555800
-0.002800	13.555800
-0.002700	43.167999
-0.002600	-55.539398
-0.002500	-154.246994
-0.002400	122.134003
-0.002300	161.617004
-0.002200	33.297298
-0.002100	33.297298
-0.002000	-75.280800
-0.001900	-164.117004
-0.001800	-173.988007
-0.001700	43.167999
-0.001600	191.229004
-0.001500	92.521698
-0.001400	-75.280800
-0.001300	-25.927099
-0.001200	220.841003
-0.001100	201.100006
-0.001000	-95.022301
-0.000900	3.685080
-0.000800	122.134003
-0.000700	23.426600
-0.000600	43.167999
-0.000500	-104.892998
-0.000400	-193.729996
-0.000300	92.521698
-0.000200	-95.022301
-0.000100	-85.151604
0.000000	181.358002
0.000100	-25.927099
0.000200	-193.729996
0.000300	43.167999
0.000400	-35.797901
0.000500	-95.022301
0.000600	-55.539398
0.000700	-45.668598
0.000800	82.651001
0.000900	62.909500
0.001000	23.426600
0.001100	161.617004
0.001200	-75.280800
0.001300	-95.022301
0.001400	112.263000
0.001500	43.167999
0.001600	-114.764000
0.001700	141.875000
0.001800	280.066010
0.001900	82.651001
0.002000	-85.151604
0.002100	-45.668598
0.002200	-154.246994
0.002300	-75.280800
0.002400	112.263000
0.002500	-55.539398
0.002600	-104.892998
0.002700	230.712006
0.002800	250.453995
0.002900	102.391998
0.003000	-410.885986
0.003100	-203.600006
0.003200	457.739014
0.003300	-6.185660
0.003400	-233.212997
0.003500	151.746002
0.003600	319.549011
0.003700	220.841003
0.003800	378.773010
0.003900	201.100006
0.004000	-173.988007
0.004100	92.521698
0.004200	378.773010
0.004300	102.391998
0.004400	-252.953995
0.004500	23.426600
0.004600	23.426600
0.004700	-124.635002
0.004800	-252.953995
0.004900	3.685080
0.005000	181.358002
0.005100	-114.764000
0.005200	62.909500
0.005300	141.875000
0.005400	-114.764000
0.005500	-35.797901
0.005600	359.032013
0.005700	102.391998
0.005800	-193.729996
0.005900	201.100006
0.006000	191.229004
0.006100	33.297298
0.006200	-16.056400
0.006300	-16.056400
0.006400	62.909500
0.006500	191.229004
0.006600	112.263000
0.006700	-45.668598
0.006800	92.521698
0.006900	191.229004
0.007000	-124.635002
0.007100	-16.056400
0.007200	62.909500
0.007300	-95.022301
0.007400	-183.858994
0.007500	43.167999
0.007600	23.426600
0.007700	-65.410103
0.007800	210.970993
0.007900	181.358002
0.008000	-233.212997
0.008100	-114.764000
0.008200	122.134003
0.008300	141.875000
0.008400	82.651001
0.008500	-193.729996
0.008600	53.038799
0.008700	181.358002
0.008800	-114.764000
0.008900	-75.280800
0.009000	418.256012
0.009100	388.644012
0.009200	23.426600
0.009300	13.555800
0.009400	220.841003
0.009500	-45.668598
0.009600	-203.600006
0.009700	151.746002
0.009800	171.488007
0.009900	23.426600
0.010000	280.066010
0.010100	240.582993
0.010200	240.582993
0.010300	122.134003
0.010400	72.780197
0.010500	191.229004
0.010600	122.134003
0.010700	112.263000
0.010800	319.549011
0.010900	132.005005
0.011000	-154.246994
0.011100	72.780197
0.011200	428.127014
0.011300	359.032013
0.011400	161.617004
0.011500	270.195007
0.011600	319.549011
0.011700	240.582993
0.011800	280.066010
0.011900	516.963989
0.012000	526.833984
0.012100	319.549011
0.012200	516.963989
0.012300	892.052002
0.012400	674.895020
0.012500	714.377991
0.012600	1069.719971
0.012700	852.568970
0.012800	773.603027
0.012900	931.534973
0.013000	1030.239990
0.013100	674.895020
0.013200	516.963989
0.013300	694.637024
0.013400	872.309998
0.013500	852.568970
0.013600	803.215027
0.013700	743.991028
0.013800	615.671021
0.013900	201.100006
0.014000	171.488007
0.014100	536.705017
0.014200	230.712006
0.014300	-549.075989
0.014400	-1180.800049
0.014500	-835.328003
0.014600	-1338.739990
0.014700	-2009.949951
0.014800	-2128.389893
0.014900	-1773.050049
0.015000	-1328.859985
0.015100	-1733.560059
0.015200	-1861.880005
0.015300	-1536.150024
0.015400	-1536.150024
0.015500	-1891.500000
0.015600	-1891.500000
0.015700	-1713.819946
0.015800	-1852.010010
0.015900	-2079.040039
0.016000	-1861.880005
0.016100	-1634.859985
0.016200	-1200.550049
0.016300	-618.171021
0.016400	-114.764000
0.016500	359.032013
0.016600	753.861023
0.016700	576.187988
0.016800	734.119995
0.016900	1168.430054
0.017000	734.119995
0.017100	635.411987
0.017200	813.085999
0.017300	665.025024
0.017400	141.875000
0.017500	181.358002
0.017600	329.419006
0.017700	-55.539398
0.017800	-203.600006
0.017900	-114.764000
0.018000	-173.988007
0.018100	-302.308014
0.018200	-282.566010
0.018300	-608.301025
0.018400	-391.144012
0.018500	-35.797901
0.018600	141.875000
0.018700	516.963989
0.018800	1020.369995
0.018900	1474.430054
0.019000	1711.319946
0.019100	1622.489990
0.019200	1691.579956
0.019300	2017.319946
0.019400	1444.810059
0.019500	763.731995
0.019600	813.085999
0.019700	615.671021
0.019800	289.937012
0.019900	201.100006
0.020000	-35.797901
0.020100	-371.403015
0.020200	-154.246994
0.020300	122.134003
0.020400	-124.635002
0.020500	-401.015015
0.020600	-75.280800
0.020700	-154.246994
0.020800	-746.491028
0.020900	-825.456970
0.021000	-776.103027
0.021100	-1141.319946
0.021200	-1180.800049
0.021300	-1348.609985
0.021400	-1536.150024
0.021500	-1753.310059
0.021600	-1476.930054
0.021700	-1338.739990
0.021800	-1279.510010
0.021900	-1259.770020
0.022000	-1457.180054
0.022100	-1378.219971
0.022200	-1289.380005
0.022300	-1101.839966
0.022400	-736.619995
0.022500	-864.940002
0.022600	-1299.250000
0.022700	-1378.219971
0.022800	-736.619995
0.022900	-312.178986
0.023000	-608.301025
0.023100	-519.463989
0.023200	210.970993
0.023300	437.997986
0.023400	595.929016
0.023500	961.146973
0.023600	1109.209961
0.023700	1434.939941
0.023800	1326.359985
0.023900	911.793030
0.024000	734.119995
0.024100	655.153992
0.024200	457.739014
0.024300	210.970993
0.024400	-6.185660
0.024500	-183.858994
0.024600	-401.015015
0.024700	-371.403015
0.024800	-667.525024
0.024900	-746.491028
0.025000	-697.137024
0.025100	-884.681030
0.025200	-884.681030
0.025300	-864.940002
0.025400	-1101.839966
0.025500	-1328.859985
0.025600	-1338.739990
0.025700	-1348.609985
0.025800	-1516.410034
0.025900	-1713.819946
0.026000	-2009.949951
0.026100	-1802.660034
0.026200	-1437.439941
0.026300	-1812.530029
0.026400	-2493.610107
0.026500	-1950.719971
0.026600	-1615.119995
0.026700	-2187.620117
0.026800	-2513.350098
0.026900	-2246.840088
0.027000	-2760.120117
0.027100	-3411.590088
0.027200	-2473.870117
0.027300	-2009.949951
0.027400	-2602.189941
0.027500	-2829.219971
0.027600	-3016.760010
0.027700	-3293.139893
0.027800	-3717.580078
0.027900	-3352.370117
0.028000	-3016.760010
0.028100	-3036.500000
0.028200	-2049.429932
0.028300	-2256.709961
0.028400	-1990.199951
0.028500	-845.197998
0.028600	-1299.250000
0.028700	-1269.640015
0.028800	-766.232971
0.028900	-864.940002
0.029000	-845.197998
0.029100	-934.034973
0.029200	-1101.839966
0.029300	-1141.319946
0.029400	-1180.800049
0.029500	-1299.250000
0.029600	-1299.250000
0.029700	-943.906006
0.029800	-884.681030
0.029900	-884.681030
0.030000	-746.491028
0.030100	-805.716003
0.030200	-924.164001
0.030300	-973.518005
0.030400	-845.197998
0.030500	-746.491028
0.030600	-1101.839966
0.030700	-1230.160034
0.030800	-983.388977
0.030900	-1101.839966
0.031000	-1318.989990
0.031100	-1516.410034
0.031200	-1378.219971
0.031300	-1101.839966
0.031400	-815.585999
0.031500	-884.681030
0.031600	-677.395996
0.031700	-341.790985
0.031800	-450.368988
0.031900	-410.885986
0.032000	43.167999
0.032100	122.134003
0.032200	-114.764000
0.032300	-35.797901
0.032400	141.875000
0.032500	122.134003
0.032600	-75.280800
0.032700	-75.280800
0.032800	102.391998
0.032900	-173.988007
0.033000	-233.212997
0.033100	122.134003
0.033200	161.617004
0.033300	-282.566010
0.033400	-331.920013
0.033500	-95.022301
0.033600	-331.920013
0.033700	-272.696014
0.033800	-410.885986
0.033900	-805.716003
0.034000	-1101.839966
0.034100	-707.007996
0.034200	-430.627014
0.034300	-549.075989
0.034400	-391.144012
0.034500	-262.825012
0.034600	-16.056400
0.034700	-173.988007
0.034800	-509.592987
0.034900	-114.764000
0.035000	-233.212997
0.035100	-489.851990
0.035200	-233.212997
0.035300	-173.988007
0.035400	-450.368988
0.035500	-815.585999
0.035600	-963.646973
0.035700	-1101.839966
0.035800	-726.750000
0.035900	-707.007996
0.036000	-1101.839966
0.036100	-1141.319946
0.036200	-1447.310059
0.036300	-1536.150024
0.036400	-1358.479980
0.036500	-1338.739990
0.036600	-1338.739990
0.036700	-1753.310059
0.036800	-1990.199951
0.036900	-1782.920044
0.037000	-1792.790039
0.037100	-2345.550049
0.037200	-2582.449951
0.037300	-2404.780029
0.037400	-2207.360107
0.037500	-2148.139893
0.037600	-2286.330078
0.037700	-2404.780029
0.037800	-1970.459961
0.037900	-1615.119995
0.038000	-1723.689941
0.038100	-1457.180054
0.038200	-1289.380005
0.038300	-1318.989990
0.038400	-1161.060059
0.038500	-864.940002
0.038600	-707.007996
0.038700	-608.301025
0.038800	-677.395996
0.038900	-707.007996
0.039000	-657.653992
0.039100	-628.041992
0.039200	-628.041992
0.039300	-430.627014
0.039400	-677.395996
0.039500	-1111.709961
0.039600	-1447.310059
0.039700	-1269.640015
0.039800	-1210.420044
0.039900	-1397.959961
0.040000	-1457.180054
0.040100	-1575.630005
0.040200	-1713.819946
0.040300	-1852.010010
0.040400	-1852.010010
0.040500	-1723.689941
0.040600	-1861.880005
0.040700	-1940.849976
0.040800	-1842.140015
0.040900	-1990.199951
0.041000	-2385.030029
0.041100	-2138.270020
0.041200	-2059.300049
0.041300	-2079.040039
0.041400	-2009.949951
0.041500	-2276.459961
0.041600	-2187.620117
0.041700	-1812.530029
0.041800	-1703.949951
0.041900	-1565.760010
0.042000	-1536.150024
0.042100	-1694.079956
0.042200	-1585.500000
0.042300	-1674.339966
0.042400	-1496.670044
0.042500	-1318.989990
0.042600	-1773.050049
0.042700	-1595.369995
0.042800	-1842.140015
0.042900	-2641.669922
0.043000	-2148.139893
0.043100	-1911.239990
0.043200	-2394.899902
0.043300	-2246.840088
0.043400	-2158.010010
0.043500	-2098.780029
0.043600	-1832.270020
0.043700	-1792.790039
0.043800	-1615.119995
0.043900	-1555.890015
0.044000	-1536.150024
0.044100	-1733.560059
0.044200	-1457.180054
0.044300	-1457.180054
0.044400	-1970.459961
0.044500	-2069.169922
0.044600	-2039.560059
0.044700	-1713.819946
0.044800	-1713.819946
0.044900	-2029.689941
0.045000	-1970.459961
0.045100	-2286.330078
0.045200	-2404.780029
0.045300	-2315.939941
0.045400	-2572.580078
0.045500	-2621.929932
0.045600	-2187.620117
0.045700	-2167.879883
0.045800	-2454.129883
0.045900	-2286.330078
0.046000	-1733.560059
0.046100	-1496.670044
0.046200	-1526.280029
0.046300	-1694.079956
0.046400	-1615.119995
0.046500	-1397.959961
0.046600	-1240.030029
0.046700	-1437.439941
0.046800	-1615.119995
0.046900	-1309.119995
0.047000	-1161.060059
0.047100	-1338.739990
0.047200	-1338.739990
0.047300	-1595.369995
0.047400	-1496.670044
0.047500	-1161.060059
0.047600	-1259.770020
0.047700	-1496.670044
0.047800	-1615.119995
0.047900	-1180.800049
0.048000	-1358.479980
0.048100	-1615.119995
0.048200	-1328.859985
0.048300	-1309.119995
0.048400	-1615.119995
0.048500	-1595.369995
0.048600	-1437.439941
0.048700	-953.776978
0.048800	-805.716003
0.048900	-835.328003
0.049000	-667.525024
0.049100	-549.075989
0.049200	-943.906006
0.049300	-1121.579956
0.049400	-1101.839966
0.049500	-845.197998
0.049600	-1180.800049
0.049700	-1555.890015
0.049800	-1348.609985
0.049900	-1378.219971
0.050000	-1476.930054
0.050100	-1397.959961
0.050200	-1496.670044
0.050300	-1575.630005
0.050400	-1378.219971
0.050500	-1605.250000
0.050600	-1753.310059
0.050700	-1555.890015
0.050800	-1417.699951
0.050900	-1476.930054
0.051000	-1457.180054
0.051100	-1546.020020
0.051200	-1417.699951
0.051300	-1220.290039
0.051400	-1299.250000
0.051500	-1161.060059
0.051600	-1121.579956
0.051700	-1101.839966
0.051800	-1259.770020
0.051900	-1437.439941
0.052000	-1427.569946
0.052100	-1131.449951
0.052200	-1328.859985
0.052300	-1141.319946
0.052400	-1240.030029
0.052500	-1289.380005
0.052600	-943.906006
0.052700	-805.716003
0.052800	-1101.839966
0.052900	-1348.609985
0.053000	-1378.219971
0.053100	-1299.250000
0.053200	-1180.800049
0.053300	-766.232971
0.053400	-1101.839966
0.053500	-1210.420044
0.053600	-825.456970
0.053700	-509.592987
0.053800	-716.879028
0.053900	-687.267029
0.054000	-1101.839966
0.054100	-1240.030029
0.054200	-1161.060059
0.054300	-1309.119995
0.054400	-1457.180054
0.054500	-1220.290039
0.054600	-1230.160034
0.054700	-1496.670044
0.054800	-1180.800049
0.054900	-1437.439941
0.055000	-1713.819946
0.055100	-1101.839966
0.055200	-746.491028
0.055300	-1121.579956
0.055400	-1299.250000
0.055500	-963.646973
0.055600	-1101.839966
0.055700	-1348.609985
0.055800	-1101.839966
0.055900	-1101.839966
0.056000	-1417.699951
0.056100	-1397.959961
0.056200	-1003.130005
0.056300	-1101.839966
0.056400	-1249.900024
0.056500	-1101.839966
0.056600	-716.879028
0.056700	-943.906006
0.056800	-845.197998
0.056900	-450.368988
0.057000	-381.273987
0.057100	-726.750000
0.057200	-657.653992
0.057300	-549.075989
0.057400	-687.267029
0.057500	-519.463989
0.057600	-549.075989
0.057700	-588.559021
0.057800	-391.144012
0.057900	-657.653992
0.058000	-855.068970
0.058100	-549.075989
0.058200	-726.750000
0.058300	-766.232971
0.058400	-628.041992
0.058500	-588.559021
0.058600	-539.205994
0.058700	-509.592987
0.058800	-549.075989
0.058900	-440.497986
0.059000	-252.953995
0.059100	-509.592987
0.059200	-707.007996
0.059300	-568.817993
0.059400	-371.403015
0.059500	-479.980988
0.059600	-509.592987
0.059700	-450.368988
0.059800	-401.015015
0.059900	-351.661987
0.060000	-351.661987
0.060100	-371.403015
0.060200	-489.851990
0.060300	-213.470993
0.060400	-213.470993
0.060500	-401.015015
0.060600	-282.566010
0.060700	-16.056400
0.060800	-16.056400
0.060900	13.555800
0.061000	82.651001
0.061100	141.875000
0.061200	181.358002
0.061300	161.617004
0.061400	-16.056400
0.061500	171.488007
0.061600	62.909500
0.061700	-164.117004
0.061800	-233.212997
0.061900	-341.790985
0.062000	-371.403015
0.062100	-233.212997
0.062200	-164.117004
0.062300	43.167999
0.062400	43.167999
0.062500	-114.764000
0.062600	122.134003
0.062700	378.773010
0.062800	122.134003
0.062900	-114.764000
0.063000	-16.056400
0.063100	122.134003
0.063200	112.263000
0.063300	201.100006
0.063400	-55.539398
0.063500	-233.212997
0.063600	-95.022301
0.063700	-75.280800
0.063800	-430.627014
0.063900	-509.592987
0.064000	-252.953995
0.064100	-292.437012
0.064200	-637.913025
0.064300	-578.689026
0.064400	-312.178986
0.064500	-144.376007
0.064600	-243.082993
0.064700	-213.470993
0.064800	-35.797901
0.064900	-55.539398
0.065000	-233.212997
0.065100	-193.729996
0.065200	3.685080
0.065300	3.685080
0.065400	102.391998
0.065500	-35.797901
0.065600	-233.212997
0.065700	-252.953995
0.065800	-75.280800
0.065900	-75.280800
0.066000	-391.144012
0.066100	-292.437012
0.066200	-193.729996
0.066300	-95.022301
0.066400	122.134003
0.066500	112.263000
0.066600	-75.280800
0.066700	43.167999
0.066800	102.391998
0.066900	82.651001
0.067000	122.134003
0.067100	-65.410103
0.067200	-183.858994
0.067300	-302.308014
0.067400	-351.661987
0.067500	23.426600
0.067600	62.909500
0.067700	43.167999
0.067800	102.391998
0.067900	161.617004
0.068000	141.875000
0.068100	-203.600006
0.068200	-331.920013
0.068300	-144.376007
0.068400	-154.246994
0.068500	-55.539398
0.068600	-233.212997
0.068700	-95.022301
0.068800	-25.927099
0.068900	-124.635002
0.069000	-164.117004
0.069100	-272.696014
0.069200	-193.729996
0.069300	3.685080
0.069400	-55.539398
0.069500	-371.403015
0.069600	-331.920013
0.069700	-292.437012
0.069800	-361.532013
0.069900	-262.825012
0.070000	-173.988007
0.070100	-351.661987
0.070200	-322.049011
0.070300	-213.470993
0.070400	-75.280800
0.070500	-95.022301
0.070600	-351.661987
0.070700	-322.049011
0.070800	-351.661987
0.070900	-292.437012
0.071000	-154.246994
0.071100	-164.117004
0.071200	-173.988007
0.071300	-55.539398
0.071400	3.685080
0.071500	141.875000
0.071600	102.391998
0.071700	122.134003
0.071800	82.651001
0.071900	82.651001
0.072000	339.290009
0.072100	122.134003
0.072200	-6.185660
0.072300	102.391998
0.072400	62.909500
0.072500	-6.185660
0.072600	-233.212997
0.072700	-213.470993
0.072800	-114.764000
0.072900	-351.661987
0.073000	-519.463989
0.073100	-371.403015
0.073200	-292.437012
0.073300	-391.144012
0.073400	-331.920013
0.073500	-213.470993
0.073600	-55.539398
0.073700	23.426600
0.073800	-124.635002
0.073900	-134.505005
0.074000	-16.056400
0.074100	-75.280800
0.074200	201.100006
0.074300	72.780197
0.074400	-381.273987
0.074500	-331.920013
0.074600	-173.988007
0.074700	-65.410103
0.074800	-322.049011
0.074900	-529.335022
0.075000	-470.109985
0.075100	-193.729996
0.075200	-104.892998
0.075300	-233.212997
0.075400	-223.341995
0.075500	-95.022301
0.075600	62.909500
0.075700	112.263000
0.075800	-114.764000
0.075900	-75.280800
0.076000	240.582993
0.076100	13.555800
0.076200	-134.505005
0.076300	-75.280800
0.076400	62.909500
0.076500	-203.600006
0.076600	-282.566010
0.076700	3.685080
0.076800	3.685080
0.076900	43.167999
0.077000	-173.988007
0.077100	-55.539398
0.077200	72.780197
0.077300	-252.953995
0.077400	-223.341995
0.077500	82.651001
0.077600	-193.729996
0.077700	-272.696014
0.077800	-233.212997
0.077900	-322.049011
0.078000	-173.988007
0.078100	23.426600
0.078200	-114.764000
0.078300	-331.920013
0.078400	-193.729996
0.078500	-35.797901
0.078600	-144.376007
0.078700	-193.729996
0.078800	-6.185660
0.078900	92.521698
0.079000	3.685080
0.079100	82.651001
0.079200	-45.668598
0.079300	-361.532013
0.079400	-223.341995
0.079500	-183.858994
0.079600	-272.696014
0.079700	-154.246994
0.079800	-65.410103
0.079900	-104.892998
0.080000	-193.729996
0.080100	-55.539398
0.080200	-193.729996
0.080300	-292.437012
0.080400	-95.022301
0.080500	-55.539398
0.080600	-183.858994
0.080700	-154.246994
0.080800	-252.953995
0.080900	-371.403015
0.081000	-243.082993
0.081100	-114.764000
0.081200	-114.764000
0.081300	-144.376007
0.081400	-272.696014
0.081500	-233.212997
0.081600	-45.668598
0.081700	112.263000
0.081800	-193.729996
0.081900	-233.212997
0.082000	122.134003
0.082100	-16.056400
0.082200	-173.988007
0.082300	-144.376007
0.082400	102.391998
0.082500	-25.927099
0.082600	82.651001
0.082700	-75.280800
0.082800	-6.185660
0.082900	132.005005
0.083000	43.167999
0.083100	-173.988007
0.083200	-75.280800
0.083300	-6.185660
0.083400	-75.280800
0.083500	-6.185660
0.083600	23.426600
0.083700	-213.470993
0.083800	33.297298
0.083900	-6.185660
0.084000	-252.953995
0.084100	-361.532013
0.084200	-144.376007
0.084300	-233.212997
0.084400	-351.661987
0.084500	-55.539398
0.084600	82.651001
0.084700	23.426600
0.084800	-134.505005
0.084900	-203.600006
0.085000	-55.539398
0.085100	-114.764000
0.085200	-75.280800
0.085300	-16.056400
0.085400	23.426600
0.085500	-55.539398
0.085600	-75.280800
0.085700	201.100006
0.085800	23.426600
0.085900	-430.627014
0.086000	-193.729996
0.086100	289.937012
0.086200	122.134003
0.086300	13.555800
0.086400	-75.280800
0.086500	-173.988007
0.086600	-75.280800
0.086700	102.391998
0.086800	-65.410103
0.086900	92.521698
0.087000	43.167999
0.087100	-252.953995
0.087200	-262.825012
0.087300	43.167999
0.087400	-233.212997
0.087500	-341.790985
0.087600	3.685080
0.087700	53.038799
0.087800	-193.729996
0.087900	-55.539398
0.088000	-55.539398
0.088100	-85.151604
0.088200	-75.280800
0.088300	-75.280800
0.088400	23.426600
0.088500	-75.280800
0.088600	-75.280800
0.088700	181.358002
0.088800	151.746002
0.088900	82.651001
0.089000	-114.764000
0.089100	-95.022301
0.089200	141.875000
0.089300	82.651001
0.089400	-114.764000
0.089500	-114.764000
0.089600	92.521698
0.089700	13.555800
0.089800	-16.056400
0.089900	102.391998
0.090000	122.134003
0.090100	-144.376007
0.090200	-124.635002
0.090300	-25.927099
0.090400	-16.056400
0.090500	102.391998
0.090600	171.488007
0.090700	102.391998
0.090800	43.167999
0.090900	-35.797901
0.091000	43.167999
0.091100	240.582993
0.091200	62.909500
0.091300	-75.280800
0.091400	-124.635002
0.091500	-25.927099
0.091600	33.297298
0.091700	-124.635002
0.091800	3.685080
0.091900	-35.797901
0.092000	-55.539398
0.092100	-16.056400
0.092200	3.685080
0.092300	-35.797901
0.092400	-6.185660
0.092500	171.488007
0.092600	82.651001
0.092700	141.875000
0.092800	201.100006
0.092900	43.167999
0.093000	-35.797901
0.093100	72.780197
0.093200	191.229004
0.093300	102.391998
0.093400	23.426600
0.093500	220.841003
0.093600	220.841003
0.093700	-25.927099
0.093800	112.263000
0.093900	102.391998
0.094000	-134.505005
0.094100	-114.764000
0.094200	82.651001
0.094300	43.167999
0.094400	43.167999
0.094500	23.426600
0.094600	-95.022301
0.094700	-35.797901
0.094800	260.324005
0.094900	33.297298
0.095000	-95.022301
0.095100	82.651001
0.095200	23.426600
0.095300	62.909500
0.095400	122.134003
0.095500	43.167999
0.095600	-55.539398
0.095700	43.167999
0.095800	82.651001
0.095900	141.875000
0.096000	92.521698
0.096100	201.100006
0.096200	151.746002
0.096300	260.324005
0.096400	339.290009
0.096500	92.521698
0.096600	-45.668598
0.096700	43.167999
0.096800	82.651001
0.096900	210.970993
0.097000	161.617004
0.097100	-16.056400
0.097200	-45.668598
0.097300	62.909500
0.097400	181.358002
0.097500	171.488007
0.097600	171.488007
0.097700	-65.410103
0.097800	-262.825012
0.097900	112.263000
0.098000	122.134003
0.098100	-45.668598
0.098200	102.391998
0.098300	161.617004
0.098400	122.134003
0.098500	82.651001
0.098600	82.651001
0.098700	201.100006
0.098800	171.488007
0.098900	-75.280800
0.099000	-35.797901
0.099100	141.875000
0.099200	171.488007
0.099300	122.134003
0.099400	132.005005
0.099500	-134.505005
0.099600	-95.022301
0.099700	240.582993
0.099800	53.038799
0.099900	33.297298
0.100000	141.875000
0.100100	-45.668598
0.100200	53.038799
0.100300	220.841003
0.100400	-45.668598
0.100500	-16.056400
0.100600	92.521698
0.100700	-65.410103
0.100800	23.426600
0.100900	72.780197
0.101000	62.909500
0.101100	92.521698
0.101200	82.651001
0.101300	92.521698
0.101400	122.134003
0.101500	62.909500
0.101600	141.875000
0.101700	181.358002
0.101800	-173.988007
0.101900	-213.470993
0.102000	53.038799
0.102100	102.391998
0.102200	3.685080
0.102300	161.617004
0.102400	122.134003
0.102500	-16.056400
0.102600	62.909500
0.102700	171.488007
0.102800	33.297298
0.102900	-183.858994
0.103000	-154.246994
0.103100	141.875000
0.103200	141.875000
0.103300	62.909500
0.103400	23.426600
0.103500	151.746002
0.103600	92.521698
0.103700	3.685080
0.103800	3.685080
0.103900	72.780197
0.104000	201.100006
0.104100	-25.927099
0.104200	-164.117004
0.104300	102.391998
0.104400	280.066010
0.104500	53.038799
0.104600	-45.668598
0.104700	102.391998
0.104800	62.909500
0.104900	132.005005
0.105000	82.651001
0.105100	23.426600
0.105200	-75.280800
0.105300	-6.185660
0.105400	122.134003
0.105500	102.391998
0.105600	-114.764000
0.105700	-45.668598
0.105800	62.909500
0.105900	-35.797901
0.106000	102.391998
0.106100	82.651001
0.106200	122.134003
0.106300	122.134003
0.106400	220.841003
0.106500	132.005005
0.106600	-95.022301
0.106700	-134.505005
0.106800	-35.797901
0.106900	82.651001
0.107000	-25.927099
0.107100	-35.797901
0.107200	13.555800
0.107300	102.391998
0.107400	220.841003
0.107500	122.134003
0.107600	171.488007
0.107700	181.358002
0.107800	141.875000
0.107900	23.426600
0.108000	23.426600
0.108100	201.100006
0.108200	-16.056400
0.108300	-95.022301
0.108400	141.875000
0.108500	43.167999
0.108600	-6.185660
0.108700	240.582993
0.108800	220.841003
0.108900	-213.470993
0.109000	-104.892998
0.109100	151.746002
0.109200	82.651001
0.109300	62.909500
0.109400	-35.797901
0.109500	-173.988007
0.109600	-134.505005
0.109700	-35.797901
0.109800	250.453995
0.109900	82.651001
0.110000	53.038799
0.110100	82.651001
0.110200	122.134003
0.110300	82.651001
0.110400	122.134003
0.110500	62.909500
0.110600	53.038799
0.110700	-35.797901
0.110800	-104.892998
0.110900	-55.539398
0.111000	92.521698
0.111100	171.488007
0.111200	132.005005
0.111300	181.358002
0.111400	-16.056400
0.111500	82.651001
0.111600	-75.280800
0.111700	-223.341995
0.111800	33.297298
0.111900	92.521698
0.112000	62.909500
0.112100	43.167999
0.112200	3.685080
0.112300	-45.668598
0.112400	299.807007
0.112500	339.290009
0.112600	-75.280800
0.112700	-144.376007
0.112800	43.167999
0.112900	53.038799
0.113000	-124.635002
0.113100	43.167999
0.113200	23.426600
0.113300	102.391998
0.113400	33.297298
0.113500	-75.280800
0.113600	171.488007
0.113700	92.521698
0.113800	-144.376007
0.113900	53.038799
0.114000	-65.410103
0.114100	-16.056400
0.114200	122.134003
0.114300	-16.056400
0.114400	-55.539398
0.114500	-45.668598
0.114600	3.685080
0.114700	112.263000
0.114800	171.488007
0.114900	151.746002
0.115000	102.391998
0.115100	112.263000
0.115200	141.875000
0.115300	122.134003
0.115400	122.134003
0.115500	240.582993
0.115600	132.005005
0.115700	-134.505005
0.115800	-45.668598
0.115900	280.066010
0.116000	299.807007
0.116100	201.100006
0.116200	280.066010
0.116300	23.426600
0.116400	33.297298
0.116500	161.617004
0.116600	-65.410103
0.116700	-75.280800
0.116800	240.582993
0.116900	260.324005
0.117000	23.426600
0.117100	33.297298
0.117200	201.100006
0.117300	-35.797901
0.117400	13.555800
0.117500	319.549011
0.117600	92.521698
0.117700	-75.280800
0.117800	62.909500
0.117900	181.358002
0.118000	280.066010
0.118100	171.488007
0.118200	112.263000
0.118300	181.358002
0.118400	-55.539398
0.118500	-95.022301
0.118600	82.651001
0.118700	-16.056400
0.118800	3.685080
0.118900	72.780197
0.119000	3.685080
0.119100	201.100006
0.119200	82.651001
0.119300	53.038799
0.119400	-65.410103
0.119500	62.909500
0.119600	230.712006
0.119700	250.453995
0.119800	62.909500
0.119900	102.391998
0.120000	141.875000
0.120100	-65.410103
0.120200	62.909500
0.120300	62.909500
0.120400	-55.539398
0.120500	141.875000
0.120600	181.358002
0.120700	-25.927099
0.120800	201.100006
0.120900	220.841003
0.121000	43.167999
0.121100	82.651001
0.121200	161.617004
0.121300	122.134003
0.121400	171.488007
0.121500	280.066010
0.121600	260.324005
0.121700	280.066010
0.121800	359.032013
0.121900	13.555800
0.122000	-75.280800
0.122100	112.263000
0.122200	82.651001
0.122300	82.651001
0.122400	43.167999
0.122500	23.426600
0.122600	62.909500
0.122700	92.521698
0.122800	122.134003
0.122900	3.685080
0.123000	-104.892998
0.123100	-16.056400
0.123200	-16.056400
0.123300	-95.022301
0.123400	-75.280800
0.123500	62.909500
0.123600	82.651001
0.123700	102.391998
0.123800	23.426600
0.123900	-114.764000
0.124000	-55.539398
0.124100	122.134003
0.124200	171.488007
0.124300	-95.022301
0.124400	-65.410103
0.124500	201.100006
0.124600	-75.280800
0.124700	-75.280800
0.124800	289.937012
0.124900	191.229004
0.125000	-173.988007
0.125100	-114.764000
0.125200	82.651001
0.125300	-75.280800
0.125400	92.521698
0.125500	201.100006
0.125600	-16.056400
0.125700	-114.764000
0.125800	62.909500
0.125900	62.909500
0.126000	-16.056400
0.126100	201.100006
0.126200	220.841003
0.126300	3.685080
0.126400	-35.797901
0.126500	72.780197
0.126600	112.263000
0.126700	102.391998
0.126800	43.167999
0.126900	62.909500
0.127000	-65.410103
0.127100	-35.797901
0.127200	23.426600
0.127300	43.167999
0.127400	-55.539398
0.127500	33.297298
0.127600	33.297298
0.127700	102.391998
0.127800	82.651001
0.127900	102.391998
0.128000	62.909500
0.128100	132.005005
0.128200	122.134003
0.128300	161.617004
0.128400	-114.764000
0.128500	23.426600
0.128600	112.263000
0.128700	43.167999
0.128800	13.555800
0.128900	102.391998
0.129000	43.167999
0.129100	72.780197
0.129200	-16.056400
0.129300	-114.764000
0.129400	82.651001
0.129500	280.066010
0.129600	122.134003
0.129700	62.909500
0.129800	191.229004
0.129900	53.038799
0.130000	-55.539398
0.130100	53.038799
0.130200	161.617004
0.130300	220.841003
0.130400	201.100006
0.130500	82.651001
0.130600	13.555800
0.130700	82.651001
0.130800	-75.280800
0.130900	62.909500
0.131000	250.453995
0.131100	141.875000
0.131200	43.167999
0.131300	102.391998
0.131400	220.841003
0.131500	-16.056400
0.131600	43.167999
0.131700	161.617004
0.131800	122.134003
0.131900	-134.505005
0.132000	3.685080
0.132100	299.807007
0.132200	-16.056400
0.132300	23.426600
0.132400	191.229004
0.132500	43.167999
0.132600	-75.280800
0.132700	-75.280800
0.132800	201.100006
0.132900	102.391998
0.133000	-124.635002
0.133100	-233.212997
0.133200	-371.403015
0.133300	-154.246994
0.133400	220.841003
0.133500	3.685080
0.133600	-114.764000
0.133700	43.167999
0.133800	220.841003
0.133900	82.651001
0.134000	62.909500
0.134100	240.582993
0.134200	102.391998
0.134300	43.167999
0.134400	141.875000
0.134500	151.746002
0.134600	82.651001
0.134700	122.134003
0.134800	23.426600
0.134900	62.909500
0.135000	23.426600
0.135100	-173.988007
0.135200	-154.246994
0.135300	141.875000
0.135400	53.038799
0.135500	-35.797901
0.135600	132.005005
0.135700	141.875000
0.135800	43.167999
0.135900	43.167999
0.136000	141.875000
0.136100	-6.185660
0.136200	-65.410103
0.136300	-95.022301
0.136400	-124.635002
0.136500	43.167999
0.136600	82.651001
0.136700	-75.280800
0.136800	82.651001
0.136900	141.875000
0.137000	-55.539398
0.137100	-233.212997
0.137200	-35.797901
0.137300	210.970993
0.137400	13.555800
0.137500	82.651001
0.137600	161.617004
0.137700	-114.764000
0.137800	-55.539398
0.137900	240.582993
0.138000	62.909500
0.138100	23.426600
0.138200	122.134003
0.138300	82.651001
0.138400	72.780197
0.138500	23.426600
0.138600	-114.764000
0.138700	-85.151604
0.138800	-134.505005
0.138900	3.685080
0.139000	82.651001
0.139100	-35.797901
0.139200	82.651001
0.139300	102.391998
0.139400	122.134003
0.139500	13.555800
0.139600	181.358002
0.139700	102.391998
0.139800	-95.022301
0.139900	-45.668598
0.140000	-6.185660
0.140100	82.651001
0.140200	3.685080
0.140300	-55.539398
0.140400	62.909500
0.140500	141.875000
0.140600	-25.927099
0.140700	82.651001
0.140800	-144.376007
0.140900	-331.920013
0.141000	23.426600
0.141100	-65.410103
0.141200	-35.797901
0.141300	-55.539398
0.141400	-193.729996
0.141500	13.555800
0.141600	82.651001
0.141700	-75.280800
0.141800	23.426600
0.141900	102.391998
0.142000	-124.635002
0.142100	-272.696014
0.142200	-243.082993
0.142300	-302.308014
0.142400	-95.022301
0.142500	-104.892998
0.142600	-252.953995
0.142700	-124.635002
0.142800	-6.185660
0.142900	-144.376007
0.143000	-154.246994
0.143100	82.651001
0.143200	122.134003
0.143300	62.909500
0.143400	-55.539398
0.143500	43.167999
0.143600	43.167999
0.143700	23.426600
0.143800	161.617004
0.143900	122.134003
0.144000	-75.280800
0.144100	191.229004
0.144200	240.582993
0.144300	-6.185660
0.144400	3.685080
0.144500	141.875000
0.144600	171.488007
0.144700	82.651001
0.144800	3.685080
0.144900	-95.022301
0.145000	82.651001
0.145100	201.100006
0.145200	-16.056400
0.145300	23.426600
0.145400	82.651001
0.145500	-6.185660
0.145600	112.263000
0.145700	220.841003
0.145800	33.297298
0.145900	3.685080
0.146000	141.875000
0.146100	280.066010
0.146200	260.324005
0.146300	-55.539398
0.146400	82.651001
0.146500	82.651001
0.146600	43.167999
0.146700	141.875000
0.146800	132.005005
0.146900	-45.668598
0.147000	23.426600
0.147100	141.875000
0.147200	3.685080
0.147300	-16.056400
0.147400	230.712006
0.147500	62.909500
0.147600	-16.056400
0.147700	112.263000
0.147800	53.038799
0.147900	260.324005
0.148000	23.426600
0.148100	-134.505005
0.148200	201.100006
0.148300	349.161011
0.148400	82.651001
0.148500	-124.635002
0.148600	-55.539398
0.148700	161.617004
0.148800	92.521698
0.148900	122.134003
0.149000	-164.117004
0.149100	-25.927099
0.149200	299.807007
0.149300	43.167999
0.149400	-35.797901
0.149500	33.297298
0.149600	62.909500
0.149700	299.807007
0.149800	122.134003
0.149900	-124.635002
0.150000	62.909500
0.150100	141.875000
0.150200	-124.635002
0.150300	-45.668598
0.150400	43.167999
0.150500	-75.280800
0.150600	181.358002
0.150700	62.909500
0.150800	-55.539398
0.150900	-16.056400
0.151000	82.651001
0.151100	161.617004
0.151200	23.426600
0.151300	-16.056400
0.151400	-45.668598
0.151500	82.651001
0.151600	132.005005
0.151700	141.875000
0.151800	-75.280800
0.151900	13.555800
0.152000	151.746002
0.152100	201.100006
0.152200	122.134003
0.152300	122.134003
0.152400	151.746002
0.152500	43.167999
0.152600	72.780197
0.152700	181.358002
0.152800	43.167999
0.152900	-154.246994
0.153000	53.038799
0.153100	102.391998
0.153200	122.134003
0.153300	-134.505005
0.153400	-124.635002
0.153500	220.841003
0.153600	220.841003
0.153700	-134.505005
0.153800	-16.056400
0.153900	3.685080
0.154000	-35.797901
0.154100	-45.668598
0.154200	-55.539398
0.154300	-55.539398
0.154400	53.038799
0.154500	220.841003
0.154600	53.038799
0.154700	122.134003
0.154800	62.909500
0.154900	-173.988007
0.155000	33.297298
0.155100	62.909500
0.155200	53.038799
0.155300	220.841003
0.155400	33.297298
0.155500	3.685080
0.155600	339.290009
0.155700	122.134003
0.155800	-35.797901
0.155900	23.426600
0.156000	132.005005
0.156100	62.909500
0.156200	43.167999
0.156300	181.358002
0.156400	141.875000
0.156500	-75.280800
0.156600	82.651001
0.156700	62.909500
0.156800	43.167999
0.156900	171.488007
0.157000	112.263000
0.157100	-65.410103
0.157200	-95.022301
0.157300	92.521698
0.157400	-55.539398
0.157500	-203.600006
0.157600	280.066010
0.157700	378.773010
0.157800	43.167999
0.157900	-75.280800
0.158000	181.358002
0.158100	43.167999
0.158200	-16.056400
0.158300	112.263000
0.158400	220.841003
0.158500	102.391998
0.158600	141.875000
0.158700	-25.927099
0.158800	-114.764000
0.158900	141.875000
0.159000	112.263000
0.159100	-173.988007
0.159200	-75.280800
0.159300	171.488007
0.159400	3.685080
0.159500	-75.280800
0.159600	-45.668598
0.159700	-25.927099
0.159800	-6.185660
0.159900	240.582993
0.160000	102.391998
0.160100	-55.539398
0.160200	43.167999
0.160300	171.488007
0.160400	-114.764000
0.160500	-75.280800
0.160600	161.617004
0.160700	132.005005
0.160800	240.582993
0.160900	23.426600
0.161000	-124.635002
0.161100	240.582993
0.161200	82.651001
0.161300	-6.185660
0.161400	62.909500
0.161500	62.909500
0.161600	-104.892998
0.161700	-85.151604
0.161800	43.167999
0.161900	82.651001
0.162000	141.875000
0.162100	82.651001
0.162200	-75.280800
0.162300	141.875000
0.162400	72.780197
0.162500	-85.151604
0.162600	-154.246994
0.162700	13.555800
0.162800	141.875000
0.162900	161.617004
0.163000	43.167999
0.163100	3.685080
0.163200	23.426600
0.163300	43.167999
0.163400	23.426600
0.163500	82.651001
0.163600	151.746002
0.163700	92.521698
0.163800	102.391998
0.163900	-55.539398
0.164000	201.100006
0.164100	250.453995
0.164200	-85.151604
0.164300	-75.280800
0.164400	201.100006
0.164500	280.066010
0.164600	92.521698
0.164700	82.651001
0.164800	82.651001
0.164900	-95.022301
0.165000	-6.185660
0.165100	161.617004
0.165200	72.780197
0.165300	3.685080
0.165400	-35.797901
0.165500	-55.539398
0.165600	62.909500
0.165700	201.100006
0.165800	171.488007
0.165900	-16.056400
0.166000	-173.988007
0.166100	-16.056400
0.166200	161.617004
0.166300	102.391998
0.166400	62.909500
0.166500	161.617004
0.166600	141.875000
0.166700	102.391998
0.166800	-203.600006
0.166900	33.297298
0.167000	240.582993
0.167100	-85.151604
0.167200	62.909500
0.167300	181.358002
0.167400	-114.764000
0.167500	62.909500
0.167600	141.875000
0.167700	53.038799
0.167800	132.005005
0.167900	260.324005
0.168000	102.391998
0.168100	-65.410103
0.168200	161.617004
0.168300	102.391998
0.168400	-35.797901
0.168500	171.488007
0.168600	122.134003
0.168700	-104.892998
0.168800	151.746002
0.168900	230.712006
0.169000	43.167999
0.169100	82.651001
0.169200	33.297298
0.169300	-55.539398
0.169400	82.651001
0.169500	62.909500
0.169600	122.134003
0.169700	141.875000
0.169800	102.391998
0.169900	-95.022301
0.170000	-25.927099
0.170100	82.651001
0.170200	72.780197
0.170300	43.167999
0.170400	112.263000
0.170500	122.134003
0.170600	-65.410103
0.170700	-114.764000
0.170800	220.841003
0.170900	132.005005
0.171000	-16.056400
0.171100	-35.797901
0.171200	62.909500
0.171300	43.167999
0.171400	-16.056400
0.171500	82.651001
0.171600	82.651001
0.171700	92.521698
0.171800	112.263000
0.171900	102.391998
0.172000	-16.056400
0.172100	33.297298
0.172200	82.651001
0.172300	-55.539398
0.172400	-65.410103
0.172500	82.651001
0.172600	171.488007
0.172700	122.134003
0.172800	122.134003
0.172900	-114.764000
0.173000	-35.797901
0.173100	82.651001
0.173200	191.229004
0.173300	-6.185660
0.173400	3.685080
0.173500	23.426600
0.173600	-35.797901
0.173700	72.780197
0.173800	-35.797901
0.173900	62.909500
0.174000	43.167999
0.174100	-35.797901
0.174200	33.297298
0.174300	-16.056400
0.174400	-134.505005
0.174500	-95.022301
0.174600	171.488007
0.174700	122.134003
0.174800	-45.668598
0.174900	-75.280800
0.175000	23.426600
0.175100	-16.056400
0.175200	62.909500
0.175300	3.685080
0.175400	53.038799
0.175500	141.875000
0.175600	82.651001
0.175700	-55.539398
0.175800	43.167999
0.175900	122.134003
0.176000	82.651001
0.176100	-16.056400
0.176200	82.651001
0.176300	240.582993
0.176400	260.324005
0.176500	122.134003
0.176600	62.909500
0.176700	-114.764000
0.176800	-16.056400
0.176900	299.807007
0.177000	82.651001
0.177100	-75.280800
0.177200	-193.729996
0.177300	82.651001
0.177400	-6.185660
0.177500	3.685080
0.177600	-16.056400
0.177700	3.685080
0.177800	82.651001
0.177900	82.651001
0.178000	13.555800
0.178100	82.651001
0.178200	240.582993
0.178300	23.426600
0.178400	-75.280800
0.178500	33.297298
0.178600	260.324005
0.178700	141.875000
0.178800	3.685080
0.178900	-6.185660
0.179000	112.263000
0.179100	141.875000
0.179200	62.909500
0.179300	-16.056400
0.179400	62.909500
0.179500	240.582993
0.179600	171.488007
0.179700	-114.764000
0.179800	3.685080
0.179900	220.841003
0.180000	82.651001
0.180100	-6.185660
0.180200	-6.185660
0.180300	-55.539398
0.180400	92.521698
0.180500	82.651001
0.180600	102.391998
0.180700	112.263000
0.180800	13.555800
0.180900	33.297298
0.181000	122.134003
0.181100	181.358002
0.181200	122.134003
0.181300	-154.246994
0.181400	-75.280800
0.181500	92.521698
0.181600	43.167999
0.181700	-55.539398
0.181800	171.488007
0.181900	220.841003
0.182000	-55.539398
0.182100	23.426600
0.182200	161.617004
0.182300	309.678009
0.182400	181.358002
0.182500	-55.539398
0.182600	-35.797901
0.182700	62.909500
0.182800	201.100006
0.182900	191.229004
0.183000	112.263000
0.183100	-16.056400
0.183200	-134.505005
0.183300	-6.185660
0.183400	201.100006
0.183500	122.134003
0.183600	102.391998
0.183700	92.521698
0.183800	201.100006
0.183900	33.297298
0.184000	23.426600
0.184100	92.521698
0.184200	82.651001
0.184300	181.358002
0.184400	112.263000
0.184500	13.555800
0.184600	-16.056400
0.184700	33.297298
0.184800	-16.056400
0.184900	33.297298
0.185000	102.391998
0.185100	201.100006
0.185200	23.426600
0.185300	102.391998
0.185400	43.167999
0.185500	-233.212997
0.185600	43.167999
0.185700	181.358002
0.185800	62.909500
0.185900	82.651001
0.186000	-95.022301
0.186100	72.780197
0.186200	82.651001
0.186300	-124.635002
0.186400	-55.539398
0.186500	280.066010
0.186600	62.909500
0.186700	-55.539398
0.186800	102.391998
0.186900	-25.927099
0.187000	171.488007
0.187100	151.746002
0.187200	62.909500
0.187300	-75.280800
0.187400	-25.927099
0.187500	171.488007
0.187600	191.229004
0.187700	-95.022301
0.187800	-65.410103
0.187900	339.290009
0.188000	280.066010
0.188100	-134.505005
0.188200	82.651001
0.188300	82.651001
0.188400	-16.056400
0.188500	72.780197
0.188600	122.134003
0.188700	-16.056400
0.188800	102.391998
0.188900	3.685080
0.189000	-25.927099
0.189100	260.324005
0.189200	171.488007
0.189300	-114.764000
0.189400	-95.022301
0.189500	-16.056400
0.189600	201.100006
0.189700	82.651001
0.189800	-16.056400
0.189900	151.746002
0.190000	141.875000
0.190100	92.521698
0.190200	72.780197
0.190300	33.297298
0.190400	-114.764000
0.190500	122.134003
0.190600	102.391998
0.190700	82.651001
0.190800	220.841003
0.190900	141.875000
0.191000	-55.539398
0.191100	102.391998
0.191200	62.909500
0.191300	-203.600006
0.191400	-16.056400
0.191500	102.391998
0.191600	-16.056400
0.191700	43.167999
0.191800	122.134003
0.191900	-35.797901
0.192000	-75.280800
0.192100	141.875000
0.192200	132.005005
0.192300	82.651001
0.192400	-6.185660
0.192500	3.685080
0.192600	240.582993
0.192700	-6.185660
0.192800	-55.539398
0.192900	-95.022301
0.193000	23.426600
0.193100	181.358002
0.193200	102.391998
0.193300	23.426600
0.193400	23.426600
0.193500	122.134003
0.193600	171.488007
0.193700	201.100006
0.193800	181.358002
0.193900	23.426600
0.194000	-35.797901
0.194100	72.780197
0.194200	102.391998
0.194300	191.229004
0.194400	13.555800
0.194500	-55.539398
0.194600	82.651001
0.194700	201.100006
0.194800	62.909500
0.194900	53.038799
0.195000	230.712006
0.195100	82.651001
0.195200	43.167999
0.195300	82.651001
0.195400	151.746002
0.195500	-6.185660
0.195600	3.685080
0.195700	-154.246994
0.195800	-6.185660
0.195900	141.875000
0.196000	122.134003
0.196100	-55.539398
0.196200	-16.056400
0.196300	141.875000
0.196400	3.685080
0.196500	82.651001
0.196600	132.005005
0.196700	161.617004
0.196800	-45.668598
0.196900	-95.022301
0.197000	161.617004
0.197100	191.229004
0.197200	398.515015
0.197300	171.488007
0.197400	-173.988007
0.197500	-75.280800
0.197600	-75.280800
0.197700	-95.022301
0.197800	201.100006
0.197900	230.712006
0.198000	191.229004
0.198100	220.841003
0.198200	3.685080
0.198300	3.685080
0.198400	62.909500
0.198500	181.358002
0.198600	33.297298
0.198700	3.685080
0.198800	-35.797901
0.198900	-55.539398
0.199000	72.780197
0.199100	-75.280800
0.199200	62.909500
0.199300	240.582993
0.199400	53.038799
0.199500	-35.797901
0.199600	112.263000
0.199700	181.358002
0.199800	-75.280800
0.199900	33.297298
0.200000	92.521698
0.200100	122.134003
0.200200	13.555800
0.200300	-95.022301
0.200400	-134.505005
0.200500	82.651001
0.200600	122.134003
0.200700	92.521698
0.200800	122.134003
0.200900	-45.668598
0.201000	-85.151604
0.201100	141.875000
0.201200	-55.539398
0.201300	-154.246994
0.201400	13.555800
0.201500	112.263000
0.201600	-6.185660
0.201700	171.488007
0.201800	240.582993
0.201900	-6.185660
0.202000	-16.056400
0.202100	82.651001
0.202200	210.970993
0.202300	-55.539398
0.202400	23.426600
0.202500	181.358002
0.202600	141.875000
0.202700	23.426600
0.202800	62.909500
0.202900	161.617004
0.203000	-85.151604
0.203100	-193.729996
0.203200	181.358002
0.203300	141.875000
0.203400	122.134003
0.203500	3.685080
0.203600	-85.151604
0.203700	72.780197
0.203800	102.391998
0.203900	102.391998
0.204000	220.841003
0.204100	220.841003
0.204200	62.909500
0.204300	82.651001
0.204400	-35.797901
0.204500	-35.797901
0.204600	181.358002
0.204700	122.134003
0.204800	53.038799
0.204900	141.875000
0.205000	122.134003
0.205100	122.134003
0.205200	240.582993
0.205300	62.909500
0.205400	-75.280800
0.205500	23.426600
0.205600	62.909500
0.205700	161.617004
0.205800	-75.280800
0.205900	-45.668598
0.206000	82.651001
0.206100	220.841003
0.206200	141.875000
0.206300	250.453995
0.206400	82.651001
0.206500	-114.764000
0.206600	-16.056400
0.206700	-55.539398
0.206800	-35.797901
0.206900	151.746002
0.207000	-114.764000
0.207100	-134.505005
0.207200	260.324005
0.207300	299.807007
0.207400	-35.797901
0.207500	-124.635002
0.207600	102.391998
0.207700	141.875000
0.207800	-55.539398
0.207900	-95.022301
0.208000	43.167999
0.208100	240.582993
0.208200	201.100006
0.208300	3.685080
0.208400	141.875000
0.208500	132.005005
0.208600	-154.246994
0.208700	-114.764000
0.208800	82.651001
0.208900	102.391998
0.209000	53.038799
0.209100	33.297298
0.209200	-25.927099
0.209300	62.909500
0.209400	210.970993
0.209500	62.909500
0.209600	-85.151604
0.209700	3.685080
0.209800	220.841003
0.209900	82.651001
0.210000	43.167999
0.210100	122.134003
0.210200	102.391998
0.210300	-193.729996
0.210400	-114.764000
0.210500	151.746002
0.210600	240.582993
0.210700	43.167999
0.210800	-35.797901
0.210900	102.391998
0.211000	-45.668598
0.211100	13.555800
0.211200	122.134003
0.211300	-6.185660
0.211400	23.426600
0.211500	181.358002
0.211600	122.134003
0.211700	181.358002
0.211800	191.229004
0.211900	92.521698
0.212000	240.582993
0.212100	132.005005
0.212200	-75.280800
0.212300	43.167999
0.212400	280.066010
0.212500	270.195007
0.212600	-65.410103
0.212700	-173.988007
0.212800	171.488007
0.212900	43.167999
0.213000	23.426600
0.213100	82.651001
0.213200	112.263000
0.213300	141.875000
0.213400	62.909500
0.213500	-75.280800
0.213600	-25.927099
0.213700	-16.056400
0.213800	-16.056400
0.213900	220.841003
0.214000	171.488007
0.214100	112.263000
0.214200	240.582993
0.214300	43.167999
0.214400	112.263000
0.214500	280.066010
0.214600	-35.797901
0.214700	-35.797901
0.214800	181.358002
0.214900	-144.376007
0.215000	23.426600
0.215100	132.005005
0.215200	151.746002
0.215300	13.555800
0.215400	-154.246994
0.215500	-16.056400
0.215600	82.651001
0.215700	92.521698
0.215800	82.651001
0.215900	23.426600
0.216000	112.263000
0.216100	181.358002
0.216200	-25.927099
0.216300	43.167999
0.216400	43.167999
0.216500	102.391998
0.216600	220.841003
0.216700	181.358002
0.216800	112.263000
0.216900	171.488007
0.217000	82.651001
0.217100	3.685080
0.217200	102.391998
0.217300	260.324005
0.217400	23.426600
0.217500	-75.280800
0.217600	43.167999
0.217700	210.970993
0.217800	132.005005
0.217900	3.685080
0.218000	13.555800
0.218100	181.358002
0.218200	171.488007
0.218300	-55.539398
0.218400	53.038799
0.218500	82.651001
0.218600	72.780197
0.218700	122.134003
0.218800	102.391998
0.218900	-75.280800
0.219000	-16.056400
0.219100	3.685080
0.219200	82.651001
0.219300	220.841003
0.219400	201.100006
0.219500	92.521698
0.219600	-65.410103
0.219700	62.909500
0.219800	339.290009
0.219900	141.875000
0.220000	-35.797901
0.220100	82.651001
0.220200	151.746002
0.220300	181.358002
0.220400	82.651001
0.220500	181.358002
0.220600	240.582993
0.220700	-55.539398
0.220800	-272.696014
0.220900	92.521698
0.221000	181.358002
0.221100	-75.280800
0.221200	62.909500
0.221300	141.875000
0.221400	-75.280800
0.221500	3.685080
0.221600	250.453995
0.221700	82.651001
0.221800	72.780197
0.221900	82.651001
0.222000	122.134003
0.222100	201.100006
0.222200	82.651001
0.222300	-55.539398
0.222400	-183.858994
0.222500	-95.022301
0.222600	3.685080
0.222700	122.134003
0.222800	33.297298
0.222900	-114.764000
0.223000	-35.797901
0.223100	122.134003
0.223200	72.780197
0.223300	132.005005
0.223400	43.167999
0.223500	43.167999
0.223600	-45.668598
0.223700	-16.056400
0.223800	62.909500
0.223900	181.358002
0.224000	230.712006
0.224100	102.391998
0.224200	-55.539398
0.224300	23.426600
0.224400	82.651001
0.224500	-6.185660
0.224600	-45.668598
0.224700	329.419006
0.224800	141.875000
0.224900	-124.635002
0.225000	33.297298
0.225100	141.875000
0.225200	102.391998
0.225300	62.909500
0.225400	82.651001
0.225500	33.297298
0.225600	102.391998
0.225700	181.358002
0.225800	102.391998
0.225900	-65.410103
0.226000	3.685080
0.226100	141.875000
0.226200	102.391998
0.226300	33.297298
0.226400	82.651001
0.226500	122.134003
0.226600	141.875000
0.226700	201.100006
0.226800	43.167999
0.226900	-95.022301
0.227000	92.521698
0.227100	82.651001
0.227200	-75.280800
0.227300	-45.668598
0.227400	72.780197
0.227500	122.134003
0.227600	3.685080
0.227700	33.297298
0.227800	23.426600
0.227900	240.582993
0.228000	260.324005
0.228100	-16.056400
0.228200	122.134003
0.228300	62.909500
0.228400	-124.635002
0.228500	-16.056400
0.228600	102.391998
0.228700	33.297298
0.228800	43.167999
0.228900	43.167999
0.229000	122.134003
0.229100	-16.056400
0.229200	-6.185660
0.229300	43.167999
0.229400	-75.280800
0.229500	171.488007
0.229600	181.358002
0.229700	141.875000
0.229800	122.134003
0.229900	-75.280800
0.230000	-25.927099
0.230100	-35.797901
0.230200	13.555800
0.230300	122.134003
0.230400	82.651001
0.230500	201.100006
0.230600	141.875000
0.230700	62.909500
0.230800	62.909500
0.230900	92.521698
0.231000	240.582993
0.231100	43.167999
0.231200	-6.185660
0.231300	240.582993
0.231400	122.134003
0.231500	-35.797901
0.231600	53.038799
0.231700	53.038799
0.231800	43.167999
0.231900	122.134003
0.232000	220.841003
0.232100	122.134003
0.232200	53.038799
0.232300	82.651001
0.232400	-134.505005
0.232500	23.426600
0.232600	260.324005
0.232700	23.426600
0.232800	-114.764000
0.232900	62.909500
0.233000	122.134003
0.233100	181.358002
0.233200	23.426600
0.233300	-134.505005
0.233400	102.391998
0.233500	72.780197
0.233600	43.167999
0.233700	122.134003
0.233800	191.229004
0.233900	-35.797901
0.234000	-55.539398
0.234100	339.290009
0.234200	230.712006
0.234300	-104.892998
0.234400	82.651001
0.234500	-16.056400
0.234600	-16.056400
0.234700	240.582993
0.234800	-16.056400
0.234900	23.426600
0.235000	161.617004
0.235100	-16.056400
0.235200	-104.892998
0.235300	62.909500
0.235400	33.297298
0.235500	62.909500
0.235600	181.358002
0.235700	171.488007
0.235800	102.391998
0.235900	-45.668598
0.236000	43.167999
0.236100	23.426600
0.236200	-16.056400
0.236300	102.391998
0.236400	132.005005
0.236500	240.582993
0.236600	72.780197
0.236700	-75.280800
0.236800	3.685080
0.236900	122.134003
0.237000	270.195007
0.237100	23.426600
0.237200	-75.280800
0.237300	92.521698
0.237400	191.229004
0.237500	-16.056400
0.237600	23.426600
0.237700	299.807007
0.237800	280.066010
0.237900	3.685080
0.238000	141.875000
0.238100	161.617004
0.238200	33.297298
0.238300	13.555800
0.238400	82.651001
0.238500	82.651001
0.238600	112.263000
0.238700	72.780197
0.238800	112.263000
0.238900	161.617004
0.239000	82.651001
0.239100	-193.729996
0.239200	53.038799
0.239300	240.582993
0.239400	-173.988007
0.239500	-252.953995
0.239600	171.488007
0.239700	141.875000
0.239800	82.651001
0.239900	191.229004
0.240000	23.426600
0.240100	82.651001
0.240200	23.426600
0.240300	43.167999
0.240400	-35.797901
0.240500	82.651001
0.240600	240.582993
0.240700	23.426600
0.240800	-124.635002
0.240900	171.488007
0.241000	82.651001
0.241100	82.651001
0.241200	23.426600
0.241300	181.358002
0.241400	23.426600
0.241500	-233.212997
0.241600	3.685080
0.241700	161.617004
0.241800	102.391998
0.241900	161.617004
0.242000	122.134003
0.242100	-35.797901
0.242200	181.358002
0.242300	141.875000
0.242400	23.426600
0.242500	72.780197
0.242600	102.391998
0.242700	102.391998
0.242800	102.391998
0.242900	102.391998
0.243000	161.617004
0.243100	62.909500
0.243200	161.617004
0.243300	181.358002
0.243400	-45.668598
0.243500	82.651001
0.243600	299.807007
0.243700	112.263000
0.243800	43.167999
0.243900	112.263000
0.244000	191.229004
0.244100	23.426600
0.244200	13.555800
0.244300	-55.539398
0.244400	33.297298
0.244500	319.549011
0.244600	132.005005
0.244700	23.426600
0.244800	82.651001
0.244900	82.651001
0.245000	82.651001
0.245100	220.841003
0.245200	13.555800
0.245300	122.134003
0.245400	122.134003
0.245500	-104.892998
0.245600	43.167999
0.245700	151.746002
0.245800	62.909500
0.245900	-65.410103
0.246000	13.555800
0.246100	181.358002
0.246200	23.426600
0.246300	102.391998
0.246400	339.290009
0.246500	191.229004
0.246600	-154.246994
0.246700	-16.056400
0.246800	240.582993
0.246900	181.358002
0.247000	-213.470993
0.247100	-193.729996
0.247200	102.391998
0.247300	23.426600
0.247400	102.391998
0.247500	82.651001
0.247600	-154.246994
0.247700	-75.280800
0.247800	240.582993
0.247900	3.685080
0.248000	-55.539398
0.248100	132.005005
0.248200	62.909500
0.248300	-173.988007
0.248400	-65.410103
0.248500	122.134003
0.248600	72.780197
0.248700	141.875000
0.248800	43.167999
0.248900	-45.668598
0.249000	181.358002
0.249100	112.263000
0.249200	82.651001
0.249300	62.909500
0.249400	43.167999
0.249500	82.651001
0.249600	43.167999
0.249700	82.651001
0.249800	-65.410103
0.249900	-95.022301
0.250000	82.651001
0.250100	151.746002
0.250200	220.841003
0.250300	201.100006
0.250400	-104.892998
0.250500	-45.668598
0.250600	319.549011
0.250700	-16.056400
0.250800	-114.764000
0.250900	-16.056400
0.251000	-95.022301
0.251100	13.555800
0.251200	141.875000
0.251300	-75.280800
0.251400	-35.797901
0.251500	132.005005
0.251600	82.651001
0.251700	240.582993
0.251800	82.651001
0.251900	-45.668598
0.252000	201.100006
0.252100	62.909500
0.252200	-95.022301
0.252300	33.297298
0.252400	388.644012
0.252500	122.134003
0.252600	-95.022301
0.252700	230.712006
0.252800	220.841003
0.252900	-233.212997
0.253000	-104.892998
0.253100	43.167999
0.253200	122.134003
0.253300	132.005005
0.253400	102.391998
0.253500	-35.797901
0.253600	43.167999
0.253700	-35.797901
0.253800	62.909500
0.253900	141.875000
0.254000	-75.280800
0.254100	72.780197
0.254200	161.617004
0.254300	-193.729996
0.254400	-35.797901
0.254500	43.167999
0.254600	-35.797901
0.254700	220.841003
0.254800	151.746002
0.254900	82.651001
0.255000	62.909500
0.255100	72.780197
0.255200	23.426600
0.255300	23.426600
0.255400	-124.635002
0.255500	-75.280800
0.255600	33.297298
0.255700	72.780197
0.255800	122.134003
0.255900	82.651001
0.256000	82.651001
0.256100	53.038799
0.256200	-95.022301
0.256300	112.263000
0.256400	161.617004
0.256500	240.582993
0.256600	112.263000
0.256700	-104.892998
0.256800	-16.056400
0.256900	-25.927099
0.257000	62.909500
0.257100	122.134003
0.257200	181.358002
0.257300	161.617004
0.257400	-124.635002
0.257500	-75.280800
0.257600	260.324005
0.257700	329.419006
0.257800	122.134003
0.257900	62.909500
0.258000	-95.022301
0.258100	33.297298
0.258200	141.875000
0.258300	-45.668598
0.258400	-173.988007
0.258500	102.391998
0.258600	161.617004
0.258700	-35.797901
0.258800	220.841003
0.258900	378.773010
0.259000	240.582993
0.259100	33.297298
0.259200	-75.280800
0.259300	23.426600
0.259400	122.134003
0.259500	201.100006
0.259600	82.651001
0.259700	82.651001
0.259800	23.426600
0.259900	-45.668598
0.260000	-16.056400
0.260100	-16.056400
0.260200	102.391998
0.260300	122.134003
0.260400	102.391998
0.260500	43.167999
0.260600	82.651001
0.260700	62.909500
0.260800	240.582993
0.260900	260.324005
0.261000	102.391998
0.261100	23.426600
0.261200	72.780197
0.261300	240.582993
0.261400	43.167999
0.261500	-55.539398
0.261600	62.909500
0.261700	62.909500
0.261800	23.426600
0.261900	122.134003
0.262000	102.391998
0.262100	-134.505005
0.262200	-104.892998
0.262300	-55.539398
0.262400	82.651001
0.262500	62.909500
0.262600	-183.858994
0.262700	-35.797901
0.262800	102.391998
0.262900	53.038799
0.263000	62.909500
0.263100	-75.280800
0.263200	82.651001
0.263300	280.066010
0.263400	122.134003
0.263500	62.909500
0.263600	53.038799
0.263700	82.651001
0.263800	92.521698
0.263900	102.391998
0.264000	230.712006
0.264100	82.651001
0.264200	-35.797901
0.264300	-104.892998
0.264400	240.582993
0.264500	13.555800
0.264600	-124.635002
0.264700	260.324005
0.264800	260.324005
0.264900	-55.539398
0.265000	-65.410103
0.265100	3.685080
0.265200	181.358002
0.265300	141.875000
0.265400	122.134003
0.265500	-35.797901
0.265600	122.134003
0.265700	82.651001
0.265800	82.651001
0.265900	319.549011
0.266000	112.263000
0.266100	-173.988007
0.266200	191.229004
0.266300	201.100006
0.266400	-65.410103
0.266500	53.038799
0.266600	161.617004
0.266700	-144.376007
0.266800	102.391998
0.266900	280.066010
0.267000	82.651001
0.267100	23.426600
0.267200	53.038799
0.267300	62.909500
0.267400	3.685080
0.267500	-104.892998
0.267600	-114.764000
0.267700	122.134003
0.267800	122.134003
0.267900	92.521698
0.268000	62.909500
0.268100	-16.056400
0.268200	-35.797901
0.268300	53.038799
0.268400	82.651001
0.268500	92.521698
0.268600	112.263000
0.268700	82.651001
0.268800	-134.505005
0.268900	112.263000
0.269000	122.134003
0.269100	43.167999
0.269200	240.582993
0.269300	210.970993
0.269400	33.297298
0.269500	62.909500
0.269600	-16.056400
0.269700	-35.797901
0.269800	72.780197
0.269900	33.297298
0.270000	-114.764000
0.270100	-35.797901
0.270200	230.712006
0.270300	62.909500
0.270400	43.167999
0.270500	82.651001
0.270600	82.651001
0.270700	141.875000
0.270800	201.100006
0.270900	-35.797901
0.271000	-134.505005
0.271100	181.358002
0.271200	82.651001
0.271300	62.909500
0.271400	-16.056400
0.271500	-16.056400
0.271600	122.134003
0.271700	-75.280800
0.271800	-134.505005
0.271900	-35.797901
0.272000	33.297298
0.272100	141.875000
0.272200	122.134003
0.272300	102.391998
0.272400	201.100006
0.272500	-75.280800
0.272600	3.685080
0.272700	220.841003
0.272800	122.134003
0.272900	3.685080
0.273000	-16.056400
0.273100	82.651001
0.273200	201.100006
0.273300	-35.797901
0.273400	-75.280800
0.273500	161.617004
0.273600	122.134003
0.273700	62.909500
0.273800	72.780197
0.273900	-95.022301
0.274000	122.134003
0.274100	260.324005
0.274200	23.426600
0.274300	-25.927099
0.274400	72.780197
0.274500	23.426600
0.274600	33.297298
0.274700	62.909500
0.274800	62.909500
0.274900	13.555800
0.275000	161.617004
0.275100	23.426600
0.275200	122.134003
0.275300	171.488007
0.275400	53.038799
0.275500	122.134003
0.275600	-75.280800
0.275700	-193.729996
0.275800	141.875000
0.275900	201.100006
0.276000	-16.056400
0.276100	-16.056400
0.276200	-16.056400
0.276300	53.038799
0.276400	191.229004
0.276500	43.167999
0.276600	-6.185660
0.276700	-16.056400
0.276800	23.426600
0.276900	122.134003
0.277000	122.134003
0.277100	-16.056400
0.277200	82.651001
0.277300	181.358002
0.277400	102.391998
0.277500	43.167999
0.277600	-35.797901
0.277700	-16.056400
0.277800	82.651001
0.277900	161.617004
0.278000	122.134003
0.278100	-75.280800
0.278200	23.426600
0.278300	240.582993
0.278400	53.038799
0.278500	62.909500
0.278600	132.005005
0.278700	240.582993
0.278800	151.746002
0.278900	-183.858994
0.279000	-134.505005
0.279100	43.167999
0.279200	161.617004
0.279300	191.229004
0.279400	220.841003
0.279500	62.909500
0.279600	-16.056400
0.279700	82.651001
0.279800	23.426600
0.279900	191.229004
0.280000	230.712006
0.280100	-193.729996
0.280200	-193.729996
0.280300	122.134003
0.280400	240.582993
0.280500	280.066010
0.280600	3.685080
0.280700	23.426600
0.280800	122.134003
0.280900	82.651001
0.281000	43.167999
0.281100	122.134003
0.281200	-25.927099
0.281300	-114.764000
0.281400	43.167999
0.281500	102.391998
0.281600	62.909500
0.281700	141.875000
0.281800	-55.539398
0.281900	-154.246994
0.282000	230.712006
0.282100	141.875000
0.282200	82.651001
0.282300	82.651001
0.282400	-35.797901
0.282500	122.134003
0.282600	82.651001
0.282700	-35.797901
0.282800	122.134003
0.282900	102.391998
0.283000	53.038799
0.283100	23.426600
0.283200	-16.056400
0.283300	-16.056400
0.283400	102.391998
0.283500	43.167999
0.283600	82.651001
0.283700	210.970993
0.283800	112.263000
0.283900	102.391998
0.284000	201.100006
0.284100	-45.668598
0.284200	-95.022301
0.284300	151.746002
0.284400	171.488007
0.284500	23.426600
0.284600	82.651001
0.284700	122.134003
0.284800	-16.056400
0.284900	43.167999
0.285000	151.746002
0.285100	33.297298
0.285200	132.005005
0.285300	141.875000
0.285400	-35.797901
0.285500	-65.410103
0.285600	161.617004
0.285700	23.426600
0.285800	-6.185660
0.285900	62.909500
0.286000	181.358002
0.286100	122.134003
0.286200	92.521698
0.286300	112.263000
0.286400	82.651001
0.286500	210.970993
0.286600	280.066010
0.286700	-85.151604
0.286800	-45.668598
0.286900	141.875000
0.287000	132.005005
0.287100	-95.022301
0.287200	-85.151604
0.287300	240.582993
0.287400	23.426600
0.287500	62.909500
0.287600	181.358002
0.287700	62.909500
0.287800	43.167999
0.287900	161.617004
0.288000	62.909500
0.288100	62.909500
0.288200	-75.280800
0.288300	-213.470993
0.288400	72.780197
0.288500	122.134003
0.288600	72.780197
0.288700	299.807007
0.288800	299.807007
0.288900	3.685080
0.289000	33.297298
0.289100	-6.185660
0.289200	62.909500
0.289300	-16.056400
0.289400	-45.668598
0.289500	210.970993
0.289600	132.005005
0.289700	23.426600
0.289800	82.651001
0.289900	13.555800
0.290000	-35.797901
0.290100	62.909500
0.290200	82.651001
0.290300	240.582993
0.290400	-85.151604
0.290500	-114.764000
0.290600	-25.927099
0.290700	33.297298
0.290800	299.807007
0.290900	319.549011
0.291000	-75.280800
0.291100	-16.056400
0.291200	82.651001
0.291300	33.297298
0.291400	102.391998
0.291500	220.841003
0.291600	161.617004
0.291700	82.651001
0.291800	53.038799
0.291900	82.651001
0.292000	181.358002
0.292100	-85.151604
0.292200	-25.927099
0.292300	62.909500
0.292400	-45.668598
0.292500	82.651001
0.292600	299.807007
0.292700	33.297298
0.292800	-193.729996
0.292900	-75.280800
0.293000	23.426600
0.293100	220.841003
0.293200	280.066010
0.293300	43.167999
0.293400	-55.539398
0.293500	-114.764000
0.293600	62.909500
0.293700	141.875000
0.293800	141.875000
0.293900	-35.797901
0.294000	62.909500
0.294100	240.582993
0.294200	82.651001
0.294300	43.167999
0.294400	33.297298
0.294500	3.685080
0.294600	220.841003
0.294700	240.582993
0.294800	-25.927099
0.294900	-292.437012
0.295000	13.555800
0.295100	240.582993
0.295200	23.426600
0.295300	43.167999
0.295400	141.875000
0.295500	122.134003
0.295600	141.875000
0.295700	82.651001
0.295800	280.066010
0.295900	112.263000
0.296000	-45.668598
0.296100	-75.280800
0.296200	201.100006
0.296300	270.195007
0.296400	112.263000
0.296500	112.263000
0.296600	33.297298
0.296700	171.488007
0.296800	3.685080
0.296900	-95.022301
0.297000	82.651001
0.297100	151.746002
0.297200	33.297298
0.297300	82.651001
0.297400	171.488007
0.297500	-55.539398
0.297600	132.005005
0.297700	141.875000
0.297800	-95.022301
0.297900	-35.797901
0.298000	220.841003
0.298100	-16.056400
0.298200	-55.539398
0.298300	141.875000
0.298400	33.297298
0.298500	13.555800
0.298600	161.617004
0.298700	72.780197
0.298800	-223.341995
0.298900	3.685080
0.299000	201.100006
0.299100	62.909500
0.299200	43.167999
0.299300	53.038799
0.299400	112.263000
0.299500	82.651001
0.299600	-6.185660
0.299700	201.100006
0.299800	220.841003
0.299900	141.875000
