-0.050000	4.340680
-0.049900	0.409498
-0.049800	-0.081900
-0.049700	0.409498
-0.049600	-4.504480
-0.049500	-9.418460
-0.049400	-8.435670
-0.049300	-3.521690
-0.049200	6.306270
-0.049100	2.866490
-0.049000	3.357890
-0.048900	4.340680
-0.048800	3.357890
-0.048700	0.409498
-0.048600	-1.556090
-0.048500	0.409498
-0.048400	6.306270
-0.048300	-1.064700
-0.048200	0.409498
-0.048100	-0.573298
-0.048000	-3.521690
-0.047900	-5.487280
-0.047800	0.409498
-0.047700	0.409498
-0.047600	-1.556090
-0.047500	-1.556090
-0.047400	0.409498
-0.047300	6.306270
-0.047200	3.357890
-0.047100	-1.556090
-0.047000	-1.556090
-0.046900	-5.487280
-0.046800	-4.995880
-0.046700	-1.556090
-0.046600	0.409498
-0.046500	0.409498
-0.046400	-6.470070
-0.046300	-9.418460
-0.046200	-7.944270
-0.046100	2.375090
-0.046000	4.340680
-0.045900	-1.556090
-0.045800	-1.556090
-0.045700	2.375090
-0.045600	-0.573298
-0.045500	-1.556090
-0.045400	2.375090
-0.045300	3.357890
-0.045200	-1.556090
-0.045100	-5.487280
-0.045000	-7.452870
-0.044900	0.409498
-0.044800	-1.064700
-0.044700	-0.573298
-0.044600	0.409498
-0.044500	2.375090
-0.044400	0.409498
-0.044300	-1.556090
-0.044200	6.306270
-0.044100	0.409498
-0.044000	-0.573298
-0.043900	-3.521690
-0.043800	-1.556090
-0.043700	-1.556090
-0.043600	-1.556090
-0.043500	-1.556090
-0.043400	0.900896
-0.043300	-3.521690
-0.043200	-5.487280
-0.043100	-1.556090
-0.043000	0.900896
-0.042900	4.340680
-0.042800	-1.556090
-0.042700	-6.961470
-0.042600	0.900896
-0.042500	-3.521690
-0.042400	4.832080
-0.042300	2.375090
-0.042200	-1.556090
-0.042100	0.409498
-0.042000	-0.573298
-0.041900	-1.556090
-0.041800	-1.556090
-0.041700	-1.556090
-0.041600	-1.556090
-0.041500	-1.064700
-0.041400	2.375090
-0.041300	6.306270
-0.041200	4.340680
-0.041100	2.375090
-0.041000	2.375090
-0.040900	6.306270
-0.040800	-5.978680
-0.040700	3.357890
-0.040600	6.306270
-0.040500	-1.556090
-0.040400	-8.435670
-0.040300	-7.452870
-0.040200	-1.556090
-0.040100	-4.504480
-0.040000	-1.556090
-0.039900	2.375090
-0.039800	6.306270
-0.039700	8.271870
-0.039600	-3.521690
-0.039500	1.392290
-0.039400	2.375090
-0.039300	6.306270
-0.039200	1.392290
-0.039100	3.357890
-0.039000	-1.556090
-0.038900	-1.556090
-0.038800	-0.573298
-0.038700	-4.504480
-0.038600	-1.556090
-0.038500	2.375090
-0.038400	0.900896
-0.038300	-3.521690
-0.038200	2.375090
-0.038100	8.271870
-0.038000	2.375090
-0.037900	4.340680
-0.037800	7.289070
-0.037700	2.375090
-0.037600	-4.504480
-0.037500	-4.504480
-0.037400	0.409498
-0.037300	-1.556090
-0.037200	-1.556090
-0.037100	-7.452870
-0.037000	-4.504480
-0.036900	3.357890
-0.036800	0.900896
-0.036700	1.392290
-0.036600	6.306270
-0.036500	2.375090
-0.036400	-1.556090
-0.036300	0.409498
-0.036200	4.832080
-0.036100	6.306270
-0.036000	-1.064700
-0.035900	-3.521690
-0.035800	-0.573298
-0.035700	1.392290
-0.035600	1.392290
-0.035500	-0.573298
-0.035400	2.866490
-0.035300	0.900896
-0.035200	-1.556090
-0.035100	10.237500
-0.035000	4.340680
-0.034900	0.409498
-0.034800	3.357890
-0.034700	0.409498
-0.034600	-1.064700
-0.034500	-1.556090
-0.034400	-5.487280
-0.034300	-1.556090
-0.034200	-5.487280
-0.034100	2.375090
-0.034000	4.832080
-0.033900	-0.573298
-0.033800	0.409498
-0.033700	2.866490
-0.033600	2.375090
-0.033500	1.392290
-0.033400	2.375090
-0.033300	2.375090
-0.033200	-0.573298
-0.033100	-1.556090
-0.033000	-5.487280
-0.032900	6.306270
-0.032800	-1.556090
-0.032700	-3.521690
-0.032600	-1.556090
-0.032500	6.306270
-0.032400	0.409498
-0.032300	4.340680
-0.032200	6.306270
-0.032100	-0.573298
-0.032000	-1.556090
-0.031900	-1.556090
-0.031800	2.375090
-0.031700	-5.487280
-0.031600	-0.573298
-0.031500	-0.573298
-0.031400	-1.556090
-0.031300	-5.487280
-0.031200	-3.521690
-0.031100	-0.573298
-0.031000	4.340680
-0.030900	3.357890
-0.030800	4.340680
-0.030700	3.357890
-0.030600	0.900896
-0.030500	-3.521690
-0.030400	-1.556090
-0.030300	-0.573298
-0.030200	-1.556090
-0.030100	-6.470070
-0.030000	-6.470070
-0.029900	-0.573298
-0.029800	0.409498
-0.029700	2.375090
-0.029600	-4.013080
-0.029500	4.340680
-0.029400	4.340680
-0.029300	2.375090
-0.029200	2.375090
-0.029100	2.375090
-0.029000	0.409498
-0.028900	-5.487280
-0.028800	-1.556090
-0.028700	4.340680
-0.028600	0.409498
-0.028500	-0.081900
-0.028400	-4.504480
-0.028300	-1.556090
-0.028200	0.409498
-0.028100	-1.556090
-0.028000	2.375090
-0.027900	-0.573298
-0.027800	0.409498
-0.027700	6.306270
-0.027600	9.254660
-0.027500	1.392290
-0.027400	-1.556090
-0.027300	-1.556090
-0.027200	-4.504480
-0.027100	-1.556090
-0.027000	-1.556090
-0.026900	-4.504480
-0.026800	-1.556090
-0.026700	-4.504480
-0.026600	-0.081900
-0.026500	0.409498
-0.026400	2.375090
-0.026300	6.306270
-0.026200	1.392290
-0.026100	1.392290
-0.026000	0.409498
-0.025900	-1.556090
-0.025800	-1.064700
-0.025700	-1.556090
-0.025600	-0.573298
-0.025500	-0.573298
-0.025400	-0.573298
-0.025300	-7.452870
-0.025200	-7.452870
-0.025100	-6.470070
-0.025000	-0.081900
-0.024900	4.340680
-0.024800	4.340680
-0.024700	2.375090
-0.024600	-0.573298
-0.024500	-1.556090
-0.024400	-0.573298
-0.024300	-1.556090
-0.024200	2.375090
-0.024100	3.357890
-0.024000	0.900896
-0.023900	-1.064700
-0.023800	-4.013080
-0.023700	-4.504480
-0.023600	-12.366800
-0.023500	-1.556090
-0.023400	0.409498
-0.023300	0.409498
-0.023200	0.409498
-0.023100	2.375090
-0.023000	2.375090
-0.022900	0.900896
-0.022800	0.409498
-0.022700	-0.573298
-0.022600	2.375090
-0.022500	-1.556090
-0.022400	-0.573298
-0.022300	2.375090
-0.022200	1.392290
-0.022100	-1.556090
-0.022000	-5.487280
-0.021900	-0.573298
-0.021800	0.409498
-0.021700	0.409498
-0.021600	0.900896
-0.021500	3.357890
-0.021400	0.409498
-0.021300	2.375090
-0.021200	4.832080
-0.021100	2.375090
-0.021000	8.271870
-0.020900	6.306270
-0.020800	4.340680
-0.020700	3.357890
-0.020600	0.409498
-0.020500	-0.573298
-0.020400	0.409498
-0.020300	0.409498
-0.020200	-1.556090
-0.020100	-5.487280
-0.020000	-4.995880
-0.019900	-4.504480
-0.019800	-4.504480
-0.019700	-0.573298
-0.019600	2.375090
-0.019500	-1.064700
-0.019400	-1.556090
-0.019300	0.409498
-0.019200	2.375090
-0.019100	-1.556090
-0.019000	1.392290
-0.018900	2.375090
-0.018800	-1.556090
-0.018700	-3.521690
-0.018600	-1.556090
-0.018500	-1.556090
-0.018400	-1.556090
-0.018300	-5.487280
-0.018200	4.340680
-0.018100	6.306270
-0.018000	3.357890
-0.017900	2.375090
-0.017800	2.866490
-0.017700	-1.556090
-0.017600	-1.556090
-0.017500	0.409498
-0.017400	2.375090
-0.017300	1.392290
-0.017200	-3.521690
-0.017100	-1.556090
-0.017000	-1.556090
-0.016900	-1.556090
-0.016800	-5.487280
-0.016700	-1.556090
-0.016600	0.409498
-0.016500	7.289070
-0.016400	8.271870
-0.016300	0.409498
-0.016200	3.357890
-0.016100	0.409498
-0.016000	0.409498
-0.015900	-1.556090
-0.015800	-5.487280
-0.015700	-1.556090
-0.015600	0.409498
-0.015500	-1.556090
-0.015400	-5.487280
-0.015300	-1.556090
-0.015200	-5.487280
-0.015100	-1.556090
-0.015000	4.340680
-0.014900	7.289070
-0.014800	2.375090
-0.014700	-5.487280
-0.014600	1.392290
-0.014500	0.409498
-0.014400	-1.556090
-0.014300	-1.064700
-0.014200	-5.487280
-0.014100	-7.452870
-0.014000	-1.556090
-0.013900	-1.064700
-0.013800	-11.384100
-0.013700	-6.961470
-0.013600	-12.858200
-0.013500	-9.418460
-0.013400	-0.573298
-0.013300	-6.961470
-0.013200	1.392290
-0.013100	0.409498
-0.013000	7.289070
-0.012900	9.746060
-0.012800	4.340680
-0.012700	-1.556090
-0.012600	0.900896
-0.012500	2.375090
-0.012400	-1.556090
-0.012300	0.409498
-0.012200	2.375090
-0.012100	0.409498
-0.012000	0.409498
-0.011900	-1.556090
-0.011800	-4.504480
-0.011700	-0.081900
-0.011600	6.306270
-0.011500	-0.573298
-0.011400	2.375090
-0.011300	-1.556090
-0.011200	-1.556090
-0.011100	0.409498
-0.011000	0.900896
-0.010900	2.375090
-0.010800	-4.995880
-0.010700	-5.487280
-0.010600	-7.452870
-0.010500	-5.978680
-0.010400	2.375090
-0.010300	0.409498
-0.010200	4.832080
-0.010100	2.375090
-0.010000	0.409498
-0.009900	-1.556090
-0.009800	-5.487280
-0.009700	-4.995880
-0.009600	2.375090
-0.009500	2.375090
-0.009400	2.375090
-0.009300	0.409498
-0.009200	-5.487280
-0.009100	-5.487280
-0.009000	-6.470070
-0.008900	-1.556090
-0.008800	2.375090
-0.008700	0.409498
-0.008600	4.340680
-0.008500	6.306270
-0.008400	2.375090
-0.008300	-3.521690
-0.008200	-1.556090
-0.008100	-1.556090
-0.008000	-1.556090
-0.007900	-5.487280
-0.007800	-1.064700
-0.007700	-1.556090
-0.007600	-5.487280
-0.007500	-6.961470
-0.007400	-5.487280
-0.007300	-5.487280
-0.007200	0.409498
-0.007100	4.340680
-0.007000	4.832080
-0.006900	2.375090
-0.006800	7.289070
-0.006700	6.306270
-0.006600	0.409498
-0.006500	0.409498
-0.006400	0.409498
-0.006300	-1.556090
-0.006200	-9.418460
-0.006100	-5.487280
-0.006000	-5.487280
-0.005900	-5.487280
-0.005800	-4.013080
-0.005700	-6.470070
-0.005600	2.375090
-0.005500	-1.064700
-0.005400	-1.556090
-0.005300	-4.504480
-0.005200	-1.556090
-0.005100	-0.573298
-0.005000	-3.521690
-0.004900	4.832080
-0.004800	-1.556090
-0.004700	-3.521690
-0.004600	-1.556090
-0.004500	-1.556090
-0.004400	-5.487280
-0.004300	-13.349600
-0.004200	-6.470070
-0.004100	-5.487280
-0.004000	-0.573298
-0.003900	-1.556090
-0.003800	-4.504480
-0.003700	-0.573298
-0.003600	2.375090
-0.003500	2.375090
-0.003400	0.409498
-0.003300	-1.556090
-0.003200	-1.556090
-0.003100	2.375090
-0.003000	-3.521690
-0.002900	-4.504480
-0.002800	-6.961470
-0.002700	-7.452870
-0.002600	-5.487280
-0.002500	-1.556090
-0.002400	-1.556090
-0.002300	0.409498
-0.002200	-0.573298
-0.002100	0.900896
-0.002000	-1.556090
-0.001900	-5.487280
-0.001800	-1.556090
-0.001700	1.392290
-0.001600	-1.556090
-0.001500	-6.470070
-0.001400	-4.504480
-0.001300	-9.418460
-0.001200	-5.487280
-0.001100	-1.556090
-0.001000	-0.573298
-0.000900	4.340680
-0.000800	-1.556090
-0.000700	-0.573298
-0.000600	2.375090
-0.000500	-1.556090
-0.000400	-1.556090
-0.000300	-9.418460
-0.000200	-9.418460
-0.000100	-1.556090
0.000000	-1.556090
0.000100	-4.504480
0.000200	-7.452870
0.000300	-1.556090
0.000400	0.409498
0.000500	-1.556090
0.000600	8.271870
0.000700	3.357890
0.000800	0.409498
0.000900	3.357890
0.001000	2.375090
0.001100	-0.573298
0.001200	2.375090
0.001300	1.392290
0.001400	-1.556090
0.001500	-5.487280
0.001600	-4.504480
0.001700	-13.349600
0.001800	-1.556090
0.001900	-4.504480
0.002000	0.409498
0.002100	-4.504480
0.002200	3.357890
0.002300	-0.573298
0.002400	-1.556090
0.002500	0.409498
0.002600	7.289070
0.002700	0.409498
0.002800	-5.487280
0.002900	4.832080
0.003000	9.254660
0.003100	-3.521690
0.003200	-5.487280
0.003300	-5.487280
0.003400	2.375090
0.003500	2.375090
0.003600	1.392290
0.003700	1.392290
0.003800	-1.556090
0.003900	2.375090
0.004000	6.306270
0.004100	6.306270
0.004200	5.323480
0.004300	2.375090
0.004400	6.306270
0.004500	2.375090
0.004600	0.409498
0.004700	0.409498
0.004800	-15.315200
0.004900	-7.452870
0.005000	-1.556090
0.005100	-5.487280
0.005200	-1.556090
0.005300	-1.556090
0.005400	0.409498
0.005500	2.375090
0.005600	-5.487280
0.005700	-5.487280
0.005800	6.306270
0.005900	4.340680
0.006000	3.357890
0.006100	3.357890
0.006200	-1.556090
0.006300	-4.995880
0.006400	-0.573298
0.006500	2.375090
0.006600	-1.556090
0.006700	-1.556090
0.006800	-3.521690
0.006900	2.866490
0.007000	-4.013080
0.007100	-0.573298
0.007200	6.306270
0.007300	8.271870
0.007400	0.409498
0.007500	-0.573298
0.007600	11.220300
0.007700	3.357890
0.007800	0.409498
0.007900	-5.487280
0.008000	-8.435670
0.008100	-9.418460
0.008200	-0.573298
0.008300	-0.573298
0.008400	8.271870
0.008500	4.340680
0.008600	6.306270
0.008700	2.375090
0.008800	-4.504480
0.008900	-7.452870
0.009000	-9.418460
0.009100	-9.418460
0.009200	-5.487280
0.009300	-8.435670
0.009400	-5.487280
0.009500	-1.556090
0.009600	-1.556090
0.009700	-0.573298
0.009800	0.409498
0.009900	0.409498
0.010000	-9.418460
0.010100	-5.487280
0.010200	-1.556090
0.010300	0.409498
0.010400	3.357890
0.010500	2.375090
0.010600	-0.573298
0.010700	-0.573298
0.010800	-3.521690
0.010900	-7.452870
0.011000	-9.418460
0.011100	-6.961470
0.011200	-5.487280
0.011300	-5.487280
0.011400	-4.504480
0.011500	-5.487280
0.011600	-9.418460
0.011700	-17.280800
0.011800	-15.315200
0.011900	-9.418460
0.012000	-11.384100
0.012100	-17.280800
0.012200	-19.246401
0.012300	-13.349600
0.012400	-13.349600
0.012500	-15.315200
0.012600	-15.315200
0.012700	-13.349600
0.012800	-13.349600
0.012900	-15.315200
0.013000	-12.858200
0.013100	-13.349600
0.013200	-20.229200
0.013300	-1.556090
0.013400	3.357890
0.013500	14.660000
0.013600	12.203100
0.013700	17.117001
0.013800	25.962200
0.013900	13.185800
0.014000	12.203100
0.014100	18.099800
0.014200	10.237500
0.014300	1.392290
0.014400	-4.504480
0.014500	0.409498
0.014600	-1.556090
0.014700	-1.556090
0.014800	-15.315200
0.014900	-5.487280
0.015000	0.409498
0.015100	-5.487280
0.015200	-5.487280
0.015300	-8.435670
0.015400	-6.961470
0.015500	4.832080
0.015600	10.237500
0.015700	2.375090
0.015800	-4.504480
0.015900	-9.418460
0.016000	-6.470070
0.016100	4.340680
0.016200	19.082600
0.016300	29.893400
0.016400	33.824600
0.016500	26.945000
0.016600	22.522400
0.016700	18.099800
0.016800	6.306270
0.016900	-3.521690
0.017000	-1.556090
0.017100	-0.573298
0.017200	-5.487280
0.017300	-5.487280
0.017400	-0.573298
0.017500	1.392290
0.017600	7.780470
0.017700	1.392290
0.017800	-12.366800
0.017900	-5.487280
0.018000	-16.298000
0.018100	-26.125999
0.018200	-26.125999
0.018300	-10.401300
0.018400	-3.030290
0.018500	1.883690
0.018600	1.883690
0.018700	-7.944270
0.018800	-14.332400
0.018900	-26.125999
0.019000	-30.057199
0.019100	-29.074400
0.019200	-26.125999
0.019300	-10.892700
0.019400	-6.470070
0.019500	6.306270
0.019600	1.392290
0.019700	-0.573298
0.019800	-3.521690
0.019900	-0.573298
0.020000	7.289070
0.020100	7.289070
0.020200	10.728900
0.020300	23.996599
0.020400	17.117001
0.020500	3.357890
0.020600	-7.452870
0.020700	-14.332400
0.020800	-13.841000
0.020900	-5.978680
0.021000	12.694400
0.021100	21.048201
0.021200	7.289070
0.021300	6.306270
0.021400	11.220300
0.021500	4.340680
0.021600	-4.504480
0.021700	-16.789400
0.021800	-6.470070
0.021900	18.099800
0.022000	30.384800
0.022100	36.772999
0.022200	28.910601
0.022300	16.134199
0.022400	6.306270
0.022500	5.323480
0.022600	10.237500
0.022700	5.323480
0.022800	-5.487280
0.022900	-0.081900
0.023000	1.392290
0.023100	8.763260
0.023200	3.357890
0.023300	3.357890
0.023400	4.340680
0.023500	7.289070
0.023600	-6.470070
0.023700	-17.280800
0.023800	-11.384100
0.023900	-11.384100
0.024000	-17.280800
0.024100	-16.298000
0.024200	-16.298000
0.024300	-9.418460
0.024400	-1.556090
0.024500	0.409498
0.024600	-2.538890
0.024700	11.220300
0.024800	24.979401
0.024900	19.082600
0.025000	12.694400
0.025100	1.392290
0.025200	-6.470070
0.025300	-5.487280
0.025400	-8.435670
0.025500	-5.487280
0.025600	0.409498
0.025700	2.866490
0.025800	-5.978680
0.025900	-10.401300
0.026000	1.883690
0.026100	3.357890
0.026200	6.306270
0.026300	20.065399
0.026400	24.979401
0.026500	22.031000
0.026600	10.237500
0.026700	0.900896
0.026800	-0.573298
0.026900	-1.556090
0.027000	-7.944270
0.027100	-8.435670
0.027200	-11.384100
0.027300	11.220300
0.027400	23.013800
0.027500	18.591200
0.027600	14.168600
0.027700	9.254660
0.027800	8.271870
0.027900	14.168600
0.028000	5.323480
0.028100	0.900896
0.028200	-2.538890
0.028300	2.866490
0.028400	-2.538890
0.028500	-20.229200
0.028600	-12.366800
0.028700	3.357890
0.028800	4.340680
0.028900	4.340680
0.029000	4.340680
0.029100	14.168600
0.029200	14.660000
0.029300	17.117001
0.029400	7.289070
0.029500	10.237500
0.029600	-1.556090
0.029700	-5.487280
0.029800	7.289070
0.029900	3.357890
0.030000	-0.573298
0.030100	9.254660
0.030200	6.797670
0.030300	3.849280
0.030400	1.883690
0.030500	12.694400
0.030600	9.746060
0.030700	11.711700
0.030800	19.082600
0.030900	25.962200
0.031000	20.065399
0.031100	10.237500
0.031200	2.866490
0.031300	5.323480
0.031400	9.254660
0.031500	22.031000
0.031600	17.117001
0.031700	16.134199
0.031800	22.031000
0.031900	22.522400
0.032000	20.065399
0.032100	10.728900
0.032200	8.763260
0.032300	8.271870
0.032400	5.323480
0.032500	0.409498
0.032600	3.357890
0.032700	-1.556090
0.032800	-7.452870
0.032900	-10.401300
0.033000	-0.573298
0.033100	4.832080
0.033200	0.900896
0.033300	8.271870
0.033400	3.357890
0.033500	4.832080
0.033600	7.289070
0.033700	15.151400
0.033800	11.711700
0.033900	18.099800
0.034000	13.185800
0.034100	8.763260
0.034200	12.203100
0.034300	14.168600
0.034400	14.168600
0.034500	26.945000
0.034600	28.910601
0.034700	25.962200
0.034800	15.151400
0.034900	14.168600
0.035000	4.340680
0.035100	3.357890
0.035200	4.340680
0.035300	7.780470
0.035400	5.323480
0.035500	10.237500
0.035600	7.289070
0.035700	-0.573298
0.035800	-5.487280
0.035900	-11.384100
0.036000	-5.487280
0.036100	-0.573298
0.036200	0.900896
0.036300	11.220300
0.036400	16.625601
0.036500	8.271870
0.036600	7.289070
0.036700	-1.556090
0.036800	4.340680
0.036900	1.392290
0.037000	-0.573298
0.037100	1.392290
0.037200	12.203100
0.037300	4.832080
0.037400	10.237500
0.037500	15.151400
0.037600	16.134199
0.037700	9.746060
0.037800	12.203100
0.037900	12.694400
0.038000	3.849280
0.038100	6.797670
0.038200	1.883690
0.038300	1.392290
0.038400	3.357890
0.038500	6.306270
0.038600	3.357890
0.038700	-3.030290
0.038800	-4.504480
0.038900	-1.556090
0.039000	-5.487280
0.039100	0.409498
0.039200	8.763260
0.039300	16.134199
0.039400	16.134199
0.039500	7.289070
0.039600	1.392290
0.039700	7.289070
0.039800	8.271870
0.039900	-0.081900
0.040000	2.375090
0.040100	-4.995880
0.040200	-0.573298
0.040300	14.168600
0.040400	8.763260
0.040500	8.763260
0.040600	8.763260
0.040700	0.409498
0.040800	-6.470070
0.040900	-8.927060
0.041000	-8.927060
0.041100	-10.892700
0.041200	-13.349600
0.041300	-13.349600
0.041400	-14.332400
0.041500	-5.978680
0.041600	0.900896
0.041700	1.392290
0.041800	-0.573298
0.041900	1.392290
0.042000	-3.030290
0.042100	-3.521690
0.042200	-3.521690
0.042300	-3.521690
0.042400	-4.504480
0.042500	5.323480
0.042600	10.237500
0.042700	5.323480
0.042800	-0.573298
0.042900	8.271870
0.043000	12.203100
0.043100	10.728900
0.043200	22.031000
0.043300	20.556801
0.043400	16.134199
0.043500	11.220300
0.043600	8.763260
0.043700	8.271870
0.043800	9.254660
0.043900	6.306270
0.044000	10.237500
0.044100	12.203100
0.044200	10.237500
0.044300	6.306270
0.044400	3.357890
0.044500	-5.487280
0.044600	-6.470070
0.044700	-3.521690
0.044800	8.271870
0.044900	-0.573298
0.045000	-3.521690
0.045100	-4.504480
0.045200	-5.487280
0.045300	-12.366800
0.045400	-11.384100
0.045500	-13.349600
0.045600	-14.332400
0.045700	6.797670
0.045800	8.271870
0.045900	9.254660
0.046000	8.271870
0.046100	6.306270
0.046200	-4.504480
0.046300	-6.961470
0.046400	-1.064700
0.046500	-2.538890
0.046600	-9.909860
0.046700	0.409498
0.046800	-4.013080
0.046900	0.409498
0.047000	-3.521690
0.047100	-12.366800
0.047200	-8.435670
0.047300	-4.995880
0.047400	-7.452870
0.047500	-14.332400
0.047600	-8.927060
0.047700	-3.521690
0.047800	-3.521690
0.047900	-10.892700
0.048000	-9.418460
0.048100	-4.504480
0.048200	-5.487280
0.048300	-4.504480
0.048400	-5.487280
0.048500	10.237500
0.048600	9.254660
0.048700	-13.841000
0.048800	-5.487280
0.048900	2.866490
0.049000	-10.401300
0.049100	-11.875500
0.049200	3.357890
0.049300	-5.487280
0.049400	-8.435670
0.049500	4.340680
0.049600	10.237500
0.049700	1.883690
0.049800	-7.944270
0.049900	-6.470070
0.050000	-10.892700
0.050100	-13.349600
0.050200	-8.435670
0.050300	-5.487280
0.050400	-6.470070
0.050500	-6.470070
0.050600	-11.384100
0.050700	-9.418460
0.050800	-5.487280
0.050900	-8.435670
0.051000	-10.401300
0.051100	-1.556090
0.051200	0.409498
0.051300	0.409498
0.051400	-1.064700
0.051500	0.409498
0.051600	0.409498
0.051700	0.409498
0.051800	0.409498
0.051900	1.883690
0.052000	2.866490
0.052100	-1.556090
0.052200	4.832080
0.052300	-4.504480
0.052400	-10.401300
0.052500	-7.452870
0.052600	-5.487280
0.052700	-5.487280
0.052800	-8.435670
0.052900	-13.349600
0.053000	-12.366800
0.053100	-1.556090
0.053200	0.409498
0.053300	2.375090
0.053400	4.340680
0.053500	3.357890
0.053600	1.392290
0.053700	0.409498
0.053800	-5.487280
0.053900	-10.401300
0.054000	-7.452870
0.054100	-1.556090
0.054200	3.357890
0.054300	2.375090
0.054400	2.375090
0.054500	6.306270
0.054600	0.409498
0.054700	-5.487280
0.054800	-1.556090
0.054900	6.306270
0.055000	-4.504480
0.055100	-6.470070
0.055200	4.340680
0.055300	11.220300
0.055400	0.900896
0.055500	0.900896
0.055600	2.375090
0.055700	-3.521690
0.055800	-0.573298
0.055900	4.340680
0.056000	6.306270
0.056100	15.151400
0.056200	16.134199
0.056300	9.254660
0.056400	6.306270
0.056500	6.306270
0.056600	6.306270
0.056700	6.306270
0.056800	6.306270
0.056900	10.237500
0.057000	11.220300
0.057100	12.203100
0.057200	9.254660
0.057300	4.340680
0.057400	12.203100
0.057500	11.220300
0.057600	8.271870
0.057700	8.271870
0.057800	5.323480
0.057900	2.375090
0.058000	2.375090
0.058100	0.409498
0.058200	-0.573298
0.058300	-3.521690
0.058400	-5.487280
0.058500	0.409498
0.058600	-1.556090
0.058700	-5.487280
0.058800	-1.556090
0.058900	-0.573298
0.059000	4.340680
0.059100	6.797670
0.059200	7.289070
0.059300	8.271870
0.059400	3.357890
0.059500	4.832080
0.059600	5.323480
0.059700	8.271870
0.059800	11.220300
0.059900	1.392290
0.060000	3.357890
0.060100	4.340680
0.060200	8.271870
0.060300	6.306270
0.060400	4.832080
0.060500	5.814880
0.060600	9.746060
0.060700	14.168600
0.060800	16.134199
0.060900	5.814880
0.061000	10.237500
0.061100	7.780470
0.061200	8.271870
0.061300	5.323480
0.061400	4.832080
0.061500	6.306270
0.061600	6.306270
0.061700	10.237500
0.061800	10.237500
0.061900	8.271870
0.062000	6.306270
0.062100	8.271870
0.062200	14.168600
0.062300	21.048201
0.062400	23.996599
0.062500	14.168600
0.062600	12.203100
0.062700	17.117001
0.062800	14.168600
0.062900	4.340680
0.063000	1.392290
0.063100	-0.573298
0.063200	10.237500
0.063300	9.254660
0.063400	14.168600
0.063500	3.357890
0.063600	0.409498
0.063700	4.340680
0.063800	6.306270
0.063900	10.237500
0.064000	12.203100
0.064100	6.306270
0.064200	3.849280
0.064300	7.289070
0.064400	15.642800
0.064500	14.660000
0.064600	12.694400
0.064700	6.306270
0.064800	2.866490
0.064900	8.271870
0.065000	10.237500
0.065100	2.375090
0.065200	6.306270
0.065300	2.375090
0.065400	3.357890
0.065500	1.392290
0.065600	0.409498
0.065700	0.409498
0.065800	5.323480
0.065900	5.323480
0.066000	6.306270
0.066100	6.306270
0.066200	4.340680
0.066300	-1.556090
0.066400	0.409498
0.066500	2.375090
0.066600	6.306270
0.066700	4.340680
0.066800	4.340680
0.066900	-0.573298
0.067000	2.375090
0.067100	-0.081900
0.067200	2.375090
0.067300	8.271870
0.067400	6.306270
0.067500	2.375090
0.067600	6.306270
0.067700	8.763260
0.067800	7.780470
0.067900	8.271870
0.068000	3.357890
0.068100	13.677200
0.068200	10.237500
0.068300	8.271870
0.068400	4.832080
0.068500	8.271870
0.068600	2.375090
0.068700	7.289070
0.068800	8.271870
0.068900	3.357890
0.069000	6.306270
0.069100	7.289070
0.069200	6.306270
0.069300	1.392290
0.069400	10.237500
0.069500	11.711700
0.069600	10.237500
0.069700	10.237500
0.069800	12.694400
0.069900	15.151400
0.070000	16.625601
0.070100	11.220300
0.070200	10.237500
0.070300	10.237500
0.070400	9.254660
0.070500	9.746060
0.070600	10.237500
0.070700	5.323480
0.070800	3.357890
0.070900	2.866490
0.071000	6.797670
0.071100	3.357890
0.071200	2.375090
0.071300	4.832080
0.071400	8.271870
0.071500	9.254660
0.071600	8.271870
0.071700	8.763260
0.071800	2.375090
0.071900	4.340680
0.072000	-0.573298
0.072100	-1.556090
0.072200	-1.556090
0.072300	-0.573298
0.072400	4.340680
0.072500	2.375090
0.072600	3.357890
0.072700	9.254660
0.072800	7.780470
0.072900	-1.556090
0.073000	-6.470070
0.073100	-1.556090
0.073200	3.357890
0.073300	8.271870
0.073400	7.289070
0.073500	2.866490
0.073600	8.271870
0.073700	7.289070
0.073800	8.271870
0.073900	12.694400
0.074000	9.254660
0.074100	3.357890
0.074200	7.780470
0.074300	8.271870
0.074400	3.357890
0.074500	2.375090
0.074600	0.409498
0.074700	-0.573298
0.074800	0.409498
0.074900	2.866490
0.075000	7.780470
0.075100	6.306270
0.075200	3.357890
0.075300	5.323480
0.075400	7.780470
0.075500	6.306270
0.075600	2.375090
0.075700	-1.556090
0.075800	-5.487280
0.075900	2.375090
0.076000	5.323480
0.076100	3.357890
0.076200	-0.573298
0.076300	-1.556090
0.076400	-0.081900
0.076500	-0.573298
0.076600	-9.418460
0.076700	-11.384100
0.076800	-0.081900
0.076900	6.797670
0.077000	6.306270
0.077100	4.340680
0.077200	10.728900
0.077300	3.357890
0.077400	0.409498
0.077500	6.306270
0.077600	1.883690
0.077700	-3.521690
0.077800	0.409498
0.077900	2.375090
0.078000	6.306270
0.078100	12.203100
0.078200	4.340680
0.078300	-0.573298
0.078400	-0.573298
0.078500	-0.573298
0.078600	-5.487280
0.078700	-5.487280
0.078800	-0.573298
0.078900	-1.556090
0.079000	-1.556090
0.079100	2.375090
0.079200	4.340680
0.079300	6.306270
0.079400	1.392290
0.079500	0.900896
0.079600	2.375090
0.079700	0.409498
0.079800	-1.556090
0.079900	-1.556090
0.080000	-0.573298
0.080100	7.289070
0.080200	4.340680
0.080300	-1.556090
0.080400	-3.521690
0.080500	-3.521690
0.080600	-4.504480
0.080700	-1.556090
0.080800	2.375090
0.080900	1.392290
0.081000	4.340680
0.081100	6.306270
0.081200	6.306270
0.081300	3.357890
0.081400	2.866490
0.081500	2.375090
0.081600	6.797670
0.081700	6.306270
0.081800	2.375090
0.081900	2.375090
0.082000	2.375090
0.082100	-4.504480
0.082200	-5.487280
0.082300	-6.961470
0.082400	-3.521690
0.082500	-0.081900
0.082600	6.306270
0.082700	2.375090
0.082800	3.357890
0.082900	6.306270
0.083000	2.375090
0.083100	-1.556090
0.083200	3.357890
0.083300	8.271870
0.083400	4.340680
0.083500	-3.521690
0.083600	0.900896
0.083700	2.866490
0.083800	2.866490
0.083900	-1.556090
0.084000	-0.573298
0.084100	1.392290
0.084200	0.409498
0.084300	2.375090
0.084400	2.375090
0.084500	-1.556090
0.084600	-6.470070
0.084700	-9.418460
0.084800	-4.504480
0.084900	0.409498
0.085000	1.883690
0.085100	4.340680
0.085200	4.340680
0.085300	3.357890
0.085400	-1.556090
0.085500	-0.573298
0.085600	4.340680
0.085700	2.375090
0.085800	-0.573298
0.085900	0.409498
0.086000	-1.556090
0.086100	-5.487280
0.086200	-5.487280
0.086300	-1.556090
0.086400	2.375090
0.086500	8.271870
0.086600	-0.573298
0.086700	4.340680
0.086800	6.306270
0.086900	2.375090
0.087000	2.375090
0.087100	6.306270
0.087200	4.340680
0.087300	3.357890
0.087400	6.306270
0.087500	3.357890
0.087600	0.409498
0.087700	2.375090
0.087800	2.375090
0.087900	-3.521690
0.088000	-4.504480
0.088100	-1.556090
0.088200	-1.556090
0.088300	-3.521690
0.088400	-0.573298
0.088500	6.306270
0.088600	6.306270
0.088700	0.900896
0.088800	0.900896
0.088900	6.306270
0.089000	10.237500
0.089100	4.340680
0.089200	-0.573298
0.089300	4.340680
0.089400	3.357890
0.089500	6.306270
0.089600	4.340680
0.089700	4.832080
0.089800	5.323480
0.089900	2.866490
0.090000	-3.521690
0.090100	-1.556090
0.090200	-0.573298
0.090300	0.409498
0.090400	4.340680
0.090500	10.237500
0.090600	10.728900
0.090700	7.289070
0.090800	8.271870
0.090900	7.289070
0.091000	7.289070
0.091100	5.323480
0.091200	4.340680
0.091300	9.254660
0.091400	2.375090
0.091500	-1.556090
0.091600	-0.573298
0.091700	-8.435670
0.091800	-1.556090
0.091900	-7.452870
0.092000	-0.573298
0.092100	0.409498
0.092200	4.340680
0.092300	4.340680
0.092400	4.340680
0.092500	6.306270
0.092600	6.306270
0.092700	6.306270
0.092800	7.289070
0.092900	10.237500
0.093000	6.306270
0.093100	4.340680
0.093200	4.340680
0.093300	2.375090
0.093400	1.883690
0.093500	6.306270
0.093600	5.323480
0.093700	4.340680
0.093800	4.340680
0.093900	2.375090
0.094000	-1.556090
0.094100	0.409498
0.094200	-9.909860
0.094300	-5.487280
0.094400	-4.504480
0.094500	3.357890
0.094600	3.357890
0.094700	5.323480
0.094800	4.340680
0.094900	2.375090
0.095000	0.409498
0.095100	4.340680
0.095200	0.900896
0.095300	6.306270
0.095400	-1.556090
0.095500	-1.556090
0.095600	-1.556090
0.095700	-0.573298
0.095800	2.375090
0.095900	6.306270
0.096000	1.392290
0.096100	-4.504480
0.096200	0.409498
0.096300	-4.013080
0.096400	-3.521690
0.096500	-3.521690
0.096600	-5.487280
0.096700	7.289070
0.096800	7.289070
0.096900	5.323480
0.097000	6.306270
0.097100	7.289070
0.097200	4.340680
0.097300	6.306270
0.097400	6.306270
0.097500	-0.573298
0.097600	-1.556090
0.097700	2.375090
0.097800	4.340680
0.097900	6.306270
0.098000	2.375090
0.098100	-1.556090
0.098200	-1.556090
0.098300	-1.556090
0.098400	-5.487280
0.098500	-1.556090
0.098600	-0.573298
0.098700	-5.487280
0.098800	2.375090
0.098900	8.271870
0.099000	4.340680
0.099100	4.832080
0.099200	4.340680
0.099300	2.375090
0.099400	5.323480
0.099500	4.340680
0.099600	1.392290
0.099700	2.375090
0.099800	-0.573298
0.099900	-3.521690
0.100000	-7.452870
0.100100	1.392290
0.100200	-1.556090
0.100300	0.409498
0.100400	2.375090
0.100500	-0.573298
0.100600	8.271870
0.100700	5.323480
0.100800	7.780470
0.100900	4.832080
0.101000	6.306270
0.101100	-2.538890
0.101200	2.375090
0.101300	-3.521690
0.101400	3.357890
0.101500	-1.556090
0.101600	2.375090
0.101700	-1.556090
0.101800	2.866490
0.101900	-4.504480
0.102000	-5.487280
0.102100	3.357890
0.102200	4.832080
0.102300	2.375090
0.102400	6.306270
0.102500	8.271870
0.102600	4.340680
0.102700	2.375090
0.102800	-1.556090
0.102900	1.392290
0.103000	6.306270
0.103100	6.306270
0.103200	2.375090
0.103300	1.392290
0.103400	0.409498
0.103500	6.306270
0.103600	6.306270
0.103700	1.392290
0.103800	2.375090
0.103900	-1.556090
0.104000	2.375090
0.104100	7.289070
0.104200	-2.538890
0.104300	8.271870
0.104400	10.237500
0.104500	6.306270
0.104600	3.357890
0.104700	5.323480
0.104800	0.409498
0.104900	3.357890
0.105000	4.832080
0.105100	10.237500
0.105200	-1.064700
0.105300	-0.573298
0.105400	2.375090
0.105500	-1.556090
0.105600	0.409498
0.105700	-1.556090
0.105800	0.409498
0.105900	-1.064700
0.106000	4.340680
0.106100	8.271870
0.106200	14.168600
0.106300	11.220300
0.106400	6.306270
0.106500	5.323480
0.106600	6.306270
0.106700	8.271870
0.106800	12.203100
0.106900	10.237500
0.107000	7.289070
0.107100	6.306270
0.107200	1.392290
0.107300	-1.556090
0.107400	2.375090
0.107500	0.409498
0.107600	-1.064700
0.107700	3.357890
0.107800	10.237500
0.107900	10.237500
0.108000	8.271870
0.108100	7.289070
0.108200	2.375090
0.108300	-2.538890
0.108400	3.357890
0.108500	12.203100
0.108600	7.289070
0.108700	6.306270
0.108800	4.340680
0.108900	5.323480
0.109000	-0.573298
0.109100	0.409498
0.109200	8.271870
0.109300	10.237500
0.109400	6.306270
0.109500	6.306270
0.109600	6.306270
0.109700	7.289070
0.109800	6.306270
0.109900	6.306270
0.110000	8.763260
0.110100	3.357890
0.110200	3.357890
0.110300	4.832080
0.110400	0.409498
0.110500	-0.573298
0.110600	2.375090
0.110700	4.832080
0.110800	9.254660
0.110900	8.271870
0.111000	9.254660
0.111100	11.220300
0.111200	10.237500
0.111300	8.271870
0.111400	11.220300
0.111500	4.832080
0.111600	-0.573298
0.111700	2.375090
0.111800	2.375090
0.111900	-1.556090
0.112000	0.409498
0.112100	4.340680
0.112200	2.375090
0.112300	-1.556090
0.112400	1.392290
0.112500	2.375090
0.112600	2.375090
0.112700	-1.556090
0.112800	-0.573298
0.112900	-0.573298
0.113000	2.375090
0.113100	6.306270
0.113200	10.237500
0.113300	7.289070
0.113400	14.168600
0.113500	4.340680
0.113600	10.237500
0.113700	-1.556090
0.113800	1.392290
0.113900	0.900896
0.114000	2.375090
0.114100	-0.081900
0.114200	0.409498
0.114300	-1.556090
0.114400	0.409498
0.114500	0.409498
0.114600	1.392290
0.114700	7.289070
0.114800	4.340680
0.114900	2.375090
0.115000	9.254660
0.115100	8.271870
0.115200	1.392290
0.115300	-3.521690
0.115400	3.357890
0.115500	3.357890
0.115600	0.409498
0.115700	-0.573298
0.115800	-3.521690
0.115900	0.900896
0.116000	-1.064700
0.116100	-1.556090
0.116200	6.306270
0.116300	-1.556090
0.116400	-8.435670
0.116500	-1.556090
0.116600	2.375090
0.116700	6.306270
0.116800	12.694400
0.116900	7.289070
0.117000	4.340680
0.117100	14.168600
0.117200	12.203100
0.117300	4.340680
0.117400	2.375090
0.117500	4.340680
0.117600	6.306270
0.117700	3.357890
0.117800	4.340680
0.117900	0.409498
0.118000	-1.556090
0.118100	1.392290
0.118200	-0.573298
0.118300	2.375090
0.118400	-1.556090
0.118500	-4.504480
0.118600	-4.504480
0.118700	-2.538890
0.118800	12.203100
0.118900	8.271870
0.119000	5.323480
0.119100	6.306270
0.119200	6.306270
0.119300	3.357890
0.119400	2.375090
0.119500	3.849280
0.119600	2.375090
0.119700	2.375090
0.119800	2.375090
0.119900	2.375090
0.120000	6.306270
0.120100	2.866490
0.120200	4.340680
0.120300	4.832080
0.120400	2.375090
0.120500	-1.556090
0.120600	-1.556090
0.120700	-3.521690
0.120800	4.340680
0.120900	3.357890
0.121000	7.289070
0.121100	9.254660
0.121200	4.340680
0.121300	3.849280
0.121400	8.271870
0.121500	3.849280
0.121600	2.866490
0.121700	1.883690
0.121800	2.375090
0.121900	7.289070
0.122000	2.375090
0.122100	0.409498
0.122200	0.409498
0.122300	-1.064700
0.122400	-9.418460
0.122500	0.409498
0.122600	2.375090
0.122700	2.375090
0.122800	4.340680
0.122900	0.409498
0.123000	3.357890
0.123100	7.289070
0.123200	6.306270
0.123300	2.375090
0.123400	0.409498
0.123500	2.375090
0.123600	6.306270
0.123700	2.375090
0.123800	4.832080
0.123900	4.340680
0.124000	2.375090
0.124100	3.357890
0.124200	1.392290
0.124300	-0.573298
0.124400	12.203100
0.124500	8.271870
0.124600	3.357890
0.124700	0.409498
0.124800	8.271870
0.124900	10.728900
0.125000	9.254660
0.125100	2.375090
0.125200	-1.556090
0.125300	1.392290
0.125400	4.340680
0.125500	2.375090
0.125600	-0.573298
0.125700	0.409498
0.125800	-0.573298
0.125900	-1.556090
0.126000	-4.995880
0.126100	-1.556090
0.126200	-1.556090
0.126300	-1.064700
0.126400	5.323480
0.126500	10.237500
0.126600	7.289070
0.126700	4.340680
0.126800	7.289070
0.126900	7.289070
0.127000	6.306270
0.127100	3.357890
0.127200	3.357890
0.127300	6.797670
0.127400	1.392290
0.127500	2.375090
0.127600	-1.556090
0.127700	-1.556090
0.127800	-0.573298
0.127900	0.409498
0.128000	4.340680
0.128100	3.357890
0.128200	2.375090
0.128300	6.306270
0.128400	7.289070
0.128500	3.357890
0.128600	2.375090
0.128700	-3.030290
0.128800	6.797670
0.128900	4.832080
0.129000	0.409498
0.129100	1.392290
0.129200	6.306270
0.129300	3.357890
0.129400	-0.573298
0.129500	-0.573298
0.129600	-4.504480
0.129700	-3.521690
0.129800	-1.556090
0.129900	-1.556090
0.130000	-5.487280
0.130100	-5.487280
0.130200	-0.573298
0.130300	2.375090
0.130400	6.306270
0.130500	7.289070
0.130600	6.306270
0.130700	2.375090
0.130800	2.375090
0.130900	10.237500
0.131000	4.340680
0.131100	0.409498
0.131200	2.375090
0.131300	0.409498
0.131400	-11.384100
0.131500	2.375090
0.131600	-3.521690
0.131700	0.409498
0.131800	2.866490
0.131900	8.271870
0.132000	10.237500
0.132100	1.392290
0.132200	-3.521690
0.132300	8.271870
0.132400	4.340680
0.132500	-0.573298
0.132600	-1.064700
0.132700	3.357890
0.132800	-4.995880
0.132900	-1.556090
0.133000	2.375090
0.133100	0.409498
0.133200	-1.556090
0.133300	-1.556090
0.133400	1.392290
0.133500	0.409498
0.133600	6.306270
0.133700	8.271870
0.133800	4.340680
0.133900	2.866490
0.134000	7.289070
0.134100	4.340680
0.134200	2.866490
0.134300	2.375090
0.134400	1.392290
0.134500	2.375090
0.134600	6.306270
0.134700	6.306270
0.134800	2.375090
0.134900	0.409498
0.135000	-0.573298
0.135100	-1.556090
0.135200	0.409498
0.135300	0.409498
0.135400	-3.521690
0.135500	3.357890
0.135600	4.340680
0.135700	10.237500
0.135800	4.340680
0.135900	2.375090
0.136000	4.340680
0.136100	6.306270
0.136200	3.357890
0.136300	0.409498
0.136400	8.271870
0.136500	-4.013080
0.136600	0.409498
0.136700	3.357890
0.136800	6.306270
0.136900	4.340680
0.137000	-0.573298
0.137100	-1.556090
0.137200	0.409498
0.137300	2.375090
0.137400	8.271870
0.137500	-0.081900
0.137600	4.340680
0.137700	5.323480
0.137800	2.375090
0.137900	0.409498
0.138000	1.883690
0.138100	2.375090
0.138200	2.866490
0.138300	6.306270
0.138400	4.340680
0.138500	-1.556090
0.138600	3.357890
0.138700	3.357890
0.138800	-1.556090
0.138900	-1.556090
0.139000	-3.521690
0.139100	-1.556090
0.139200	2.375090
0.139300	3.849280
0.139400	-1.064700
0.139500	-1.556090
0.139600	10.237500
0.139700	6.306270
0.139800	2.375090
0.139900	6.306270
0.140000	6.306270
0.140100	6.306270
0.140200	6.306270
0.140300	0.409498
0.140400	-0.573298
0.140500	2.375090
0.140600	1.392290
0.140700	-1.556090
0.140800	0.409498
0.140900	0.409498
0.141000	-4.504480
0.141100	3.849280
0.141200	4.340680
0.141300	3.357890
0.141400	7.289070
0.141500	1.392290
0.141600	4.340680
0.141700	-1.064700
0.141800	-1.556090
0.141900	2.375090
0.142000	7.289070
0.142100	3.357890
0.142200	-1.556090
0.142300	-3.521690
0.142400	-1.556090
0.142500	0.409498
0.142600	-1.556090
0.142700	0.409498
0.142800	3.357890
0.142900	6.306270
0.143000	6.797670
0.143100	8.271870
0.143200	6.306270
0.143300	2.375090
0.143400	-1.556090
0.143500	0.409498
0.143600	-0.573298
0.143700	1.392290
0.143800	2.375090
0.143900	2.375090
0.144000	-1.556090
0.144100	-1.556090
0.144200	-1.556090
0.144300	-1.556090
0.144400	-1.556090
0.144500	-1.556090
0.144600	4.340680
0.144700	6.306270
0.144800	3.849280
0.144900	3.357890
0.145000	4.340680
0.145100	-1.556090
0.145200	6.306270
0.145300	6.306270
0.145400	5.323480
0.145500	3.357890
0.145600	-0.573298
0.145700	-4.504480
0.145800	-5.487280
0.145900	-0.573298
0.146000	2.375090
0.146100	-1.064700
0.146200	3.357890
0.146300	6.306270
0.146400	0.409498
0.146500	0.409498
0.146600	7.289070
0.146700	2.866490
0.146800	7.289070
0.146900	6.306270
0.147000	6.306270
0.147100	6.306270
0.147200	3.849280
0.147300	2.375090
0.147400	4.340680
0.147500	-1.064700
0.147600	-1.064700
0.147700	-3.030290
0.147800	2.375090
0.147900	-1.556090
0.148000	-1.556090
0.148100	2.375090
0.148200	6.306270
0.148300	2.375090
0.148400	-4.013080
0.148500	7.289070
0.148600	6.306270
0.148700	4.340680
0.148800	-2.538890
0.148900	7.289070
0.149000	0.409498
0.149100	7.289070
0.149200	4.832080
0.149300	2.375090
0.149400	-5.487280
0.149500	-1.556090
0.149600	-1.556090
0.149700	-0.573298
0.149800	-5.487280
0.149900	-5.487280
0.150000	-3.521690
0.150100	4.832080
0.150200	-1.556090
0.150300	2.866490
0.150400	6.306270
0.150500	10.237500
0.150600	6.306270
0.150700	2.375090
0.150800	-0.573298
0.150900	-1.556090
0.151000	-0.573298
0.151100	0.409498
0.151200	2.375090
0.151300	-5.487280
0.151400	-1.556090
0.151500	0.409498
0.151600	-3.521690
0.151700	-5.487280
0.151800	-7.452870
0.151900	-4.504480
0.152000	6.797670
0.152100	6.306270
0.152200	8.271870
0.152300	8.271870
0.152400	7.780470
0.152500	10.237500
0.152600	6.306270
0.152700	-4.504480
0.152800	-1.556090
0.152900	4.340680
0.153000	2.375090
0.153100	2.375090
0.153200	-0.573298
0.153300	-1.556090
0.153400	-1.556090
0.153500	-1.556090
0.153600	-1.556090
0.153700	-5.487280
0.153800	-1.064700
0.153900	2.375090
0.154000	3.849280
0.154100	1.883690
0.154200	8.271870
0.154300	8.271870
0.154400	0.409498
0.154500	-0.573298
0.154600	0.409498
0.154700	0.409498
0.154800	0.900896
0.154900	3.357890
0.155000	4.340680
0.155100	4.340680
0.155200	3.357890
0.155300	-4.504480
0.155400	-3.521690
0.155500	-1.556090
0.155600	-1.556090
0.155700	-1.556090
0.155800	0.409498
0.155900	5.323480
0.156000	4.340680
0.156100	-6.470070
0.156200	2.375090
0.156300	2.375090
0.156400	2.375090
0.156500	-0.573298
0.156600	-1.556090
0.156700	-5.487280
0.156800	-3.521690
0.156900	-4.504480
0.157000	-5.487280
0.157100	-1.556090
0.157200	2.375090
0.157300	4.340680
0.157400	10.237500
0.157500	7.289070
0.157600	-1.556090
0.157700	2.375090
0.157800	1.392290
0.157900	2.375090
0.158000	-1.064700
0.158100	1.392290
0.158200	-1.556090
0.158300	4.340680
0.158400	2.866490
0.158500	0.409498
0.158600	-1.556090
0.158700	-3.521690
0.158800	-1.556090
0.158900	-5.487280
0.159000	0.409498
0.159100	-5.487280
0.159200	-1.556090
0.159300	6.306270
0.159400	4.340680
0.159500	-0.081900
0.159600	2.375090
0.159700	4.340680
0.159800	2.375090
0.159900	6.306270
0.160000	3.357890
0.160100	-5.487280
0.160200	-4.504480
0.160300	6.306270
0.160400	2.375090
0.160500	-3.521690
0.160600	0.409498
0.160700	-3.521690
0.160800	-5.487280
0.160900	-1.556090
0.161000	-4.504480
0.161100	-5.487280
0.161200	-3.521690
0.161300	2.375090
0.161400	2.375090
0.161500	6.306270
0.161600	7.289070
0.161700	2.375090
0.161800	-3.521690
0.161900	0.409498
0.162000	-6.961470
0.162100	-6.470070
0.162200	-5.487280
0.162300	-1.556090
0.162400	1.392290
0.162500	2.375090
0.162600	6.306270
0.162700	0.900896
0.162800	-3.521690
0.162900	-1.556090
0.163000	-3.521690
0.163100	-1.556090
0.163200	2.375090
0.163300	6.797670
0.163400	0.409498
0.163500	4.340680
0.163600	11.220300
0.163700	7.289070
0.163800	4.340680
0.163900	6.306270
0.164000	1.392290
0.164100	-3.521690
0.164200	1.392290
0.164300	3.357890
0.164400	-5.487280
0.164500	-7.452870
0.164600	0.409498
0.164700	-3.521690
0.164800	-1.556090
0.164900	0.409498
0.165000	-0.081900
0.165100	3.357890
0.165200	0.409498
0.165300	-0.573298
0.165400	2.375090
0.165500	0.409498
0.165600	3.357890
0.165700	4.340680
0.165800	0.900896
0.165900	-0.573298
0.166000	-1.556090
0.166100	-4.504480
0.166200	-1.556090
0.166300	2.375090
0.166400	0.900896
0.166500	0.409498
0.166600	-5.487280
0.166700	-5.487280
0.166800	-6.470070
0.166900	-5.487280
0.167000	-5.487280
0.167100	-4.504480
0.167200	-0.081900
0.167300	-5.487280
0.167400	1.392290
0.167500	0.900896
0.167600	0.409498
0.167700	2.866490
0.167800	0.409498
0.167900	4.340680
0.168000	-1.556090
0.168100	-1.556090
0.168200	-1.064700
0.168300	-0.573298
0.168400	-4.504480
0.168500	-1.556090
0.168600	-1.556090
0.168700	-6.470070
0.168800	-9.418460
0.168900	-0.573298
0.169000	2.375090
0.169100	4.340680
0.169200	2.375090
0.169300	0.409498
0.169400	2.375090
0.169500	3.357890
0.169600	1.392290
0.169700	0.900896
0.169800	-1.064700
0.169900	-1.556090
0.170000	-1.556090
0.170100	-3.521690
0.170200	0.409498
0.170300	-1.556090
0.170400	-1.556090
0.170500	-9.418460
0.170600	-7.452870
0.170700	-4.995880
0.170800	-1.556090
0.170900	-1.556090
0.171000	3.849280
0.171100	4.340680
0.171200	-1.556090
0.171300	4.340680
0.171400	6.306270
0.171500	-1.556090
0.171600	-1.556090
0.171700	6.306270
0.171800	-4.995880
0.171900	-5.487280
0.172000	1.392290
0.172100	-1.556090
0.172200	-5.487280
0.172300	-6.470070
0.172400	-6.470070
0.172500	-7.452870
0.172600	-5.487280
0.172700	-1.064700
0.172800	2.375090
0.172900	3.357890
0.173000	2.866490
0.173100	1.392290
0.173200	-4.504480
0.173300	2.375090
0.173400	2.375090
0.173500	-1.556090
0.173600	-3.521690
0.173700	-1.556090
0.173800	-1.556090
0.173900	-1.556090
0.174000	0.409498
0.174100	2.375090
0.174200	-1.556090
0.174300	-5.487280
0.174400	-5.487280
0.174500	-1.064700
0.174600	0.409498
0.174700	-1.556090
0.174800	-1.556090
0.174900	-1.556090
0.175000	-4.013080
0.175100	4.340680
0.175200	6.306270
0.175300	2.375090
0.175400	2.375090
0.175500	-1.556090
0.175600	-5.487280
0.175700	-4.504480
0.175800	2.375090
0.175900	-1.556090
0.176000	-3.521690
0.176100	2.375090
0.176200	4.340680
0.176300	-1.556090
0.176400	-5.487280
0.176500	-1.556090
0.176600	-1.556090
0.176700	2.375090
0.176800	6.306270
0.176900	7.289070
0.177000	7.289070
0.177100	2.375090
0.177200	0.409498
0.177300	0.409498
0.177400	0.409498
0.177500	0.900896
0.177600	0.409498
0.177700	2.375090
0.177800	-1.064700
0.177900	-1.556090
0.178000	-4.013080
0.178100	-1.556090
0.178200	-1.556090
0.178300	-1.556090
0.178400	-9.418460
0.178500	-4.504480
0.178600	-1.556090
0.178700	0.900896
0.178800	4.340680
0.178900	4.340680
0.179000	2.375090
0.179100	2.375090
0.179200	2.375090
0.179300	3.357890
0.179400	-1.064700
0.179500	-3.521690
0.179600	-1.556090
0.179700	2.375090
0.179800	-1.556090
0.179900	-3.521690
0.180000	-5.487280
0.180100	-1.556090
0.180200	1.392290
0.180300	4.340680
0.180400	2.375090
0.180500	2.375090
0.180600	-1.556090
0.180700	2.375090
0.180800	-3.521690
0.180900	-4.504480
0.181000	0.409498
0.181100	2.375090
0.181200	-1.064700
0.181300	0.409498
0.181400	-1.556090
0.181500	-1.556090
0.181600	-4.504480
0.181700	-4.995880
0.181800	-3.521690
0.181900	0.409498
0.182000	2.375090
0.182100	0.900896
0.182200	6.306270
0.182300	-1.556090
0.182400	-5.487280
0.182500	1.392290
0.182600	1.392290
0.182700	-0.573298
0.182800	-0.573298
0.182900	3.357890
0.183000	6.306270
0.183100	2.375090
0.183200	4.340680
0.183300	0.409498
0.183400	-7.452870
0.183500	-4.504480
0.183600	-0.573298
0.183700	-1.556090
0.183800	-4.013080
0.183900	-0.081900
0.184000	-1.556090
0.184100	4.340680
0.184200	6.306270
0.184300	3.357890
0.184400	1.392290
0.184500	-1.556090
0.184600	-0.573298
0.184700	3.357890
0.184800	-1.556090
0.184900	0.409498
0.185000	3.357890
0.185100	0.409498
0.185200	-4.504480
0.185300	-5.487280
0.185400	-1.556090
0.185500	1.392290
0.185600	8.271870
0.185700	6.306270
0.185800	10.237500
0.185900	4.340680
0.186000	6.306270
0.186100	5.323480
0.186200	0.409498
0.186300	4.340680
0.186400	4.832080
0.186500	-1.556090
0.186600	-4.504480
0.186700	-1.556090
0.186800	0.409498
0.186900	-1.556090
0.187000	-1.556090
0.187100	0.409498
0.187200	-1.556090
0.187300	-3.521690
0.187400	2.375090
0.187500	6.306270
0.187600	7.289070
0.187700	-0.081900
0.187800	-4.504480
0.187900	4.340680
0.188000	0.409498
0.188100	-1.556090
0.188200	-1.556090
0.188300	-1.556090
0.188400	0.409498
0.188500	-0.573298
0.188600	-0.573298
0.188700	-1.064700
0.188800	-4.504480
0.188900	-1.556090
0.189000	-5.487280
0.189100	-13.349600
0.189200	-0.573298
0.189300	2.375090
0.189400	-0.573298
0.189500	0.900896
0.189600	0.409498
0.189700	-4.995880
0.189800	2.375090
0.189900	-1.556090
0.190000	-4.504480
0.190100	-3.521690
0.190200	-3.030290
0.190300	-1.556090
0.190400	0.409498
0.190500	6.306270
0.190600	-5.487280
0.190700	-0.573298
0.190800	-6.961470
0.190900	-3.521690
0.191000	-7.452870
0.191100	-1.556090
0.191200	-1.556090
0.191300	-1.556090
0.191400	2.375090
0.191500	10.237500
0.191600	6.306270
0.191700	1.883690
0.191800	-1.064700
0.191900	2.375090
0.192000	-1.556090
0.192100	-1.556090
0.192200	-0.081900
0.192300	-1.064700
0.192400	-1.556090
0.192500	-1.556090
0.192600	-0.573298
0.192700	-1.556090
0.192800	-3.521690
0.192900	-5.487280
0.193000	-6.470070
0.193100	-6.470070
0.193200	4.340680
0.193300	2.375090
0.193400	-1.556090
0.193500	-1.556090
0.193600	6.306270
0.193700	2.375090
0.193800	-1.556090
0.193900	-1.556090
0.194000	2.375090
0.194100	-0.573298
0.194200	2.375090
0.194300	0.409498
0.194400	0.409498
0.194500	3.357890
0.194600	0.409498
0.194700	-3.521690
0.194800	-5.487280
0.194900	0.900896
0.195000	-4.504480
0.195100	6.306270
0.195200	4.832080
0.195300	0.409498
0.195400	-3.030290
0.195500	-1.556090
0.195600	-5.487280
0.195700	2.375090
0.195800	2.375090
0.195900	-1.556090
0.196000	-1.064700
0.196100	2.375090
0.196200	2.375090
0.196300	-7.452870
0.196400	-7.452870
0.196500	-5.487280
0.196600	-1.556090
0.196700	0.409498
0.196800	1.392290
0.196900	4.340680
0.197000	2.375090
0.197100	4.340680
0.197200	6.306270
0.197300	2.375090
0.197400	-1.556090
0.197500	-3.521690
0.197600	-0.573298
0.197700	0.900896
0.197800	2.866490
0.197900	-1.556090
0.198000	-3.521690
0.198100	-1.556090
0.198200	0.409498
0.198300	-1.556090
0.198400	-5.487280
0.198500	-7.944270
0.198600	-1.556090
0.198700	-1.556090
0.198800	0.409498
0.198900	2.375090
0.199000	6.306270
0.199100	2.375090
0.199200	2.375090
0.199300	2.375090
0.199400	-1.556090
0.199500	-3.521690
0.199600	-6.470070
0.199700	-7.452870
0.199800	-4.995880
0.199900	5.323480
0.200000	2.375090
0.200100	2.375090
0.200200	0.900896
0.200300	-3.521690
0.200400	-7.944270
0.200500	-4.504480
0.200600	-1.556090
0.200700	-5.487280
0.200800	0.409498
0.200900	6.306270
0.201000	4.340680
0.201100	6.306270
0.201200	6.306270
0.201300	2.375090
0.201400	0.900896
0.201500	-3.521690
0.201600	-1.556090
0.201700	2.375090
0.201800	-1.556090
0.201900	-1.064700
0.202000	-6.470070
0.202100	-4.504480
0.202200	-1.556090
0.202300	-1.556090
0.202400	-4.995880
0.202500	-0.573298
0.202600	2.375090
0.202700	0.409498
0.202800	-0.573298
0.202900	-3.521690
0.203000	1.392290
0.203100	4.832080
0.203200	2.375090
0.203300	-1.556090
0.203400	-3.521690
0.203500	2.375090
0.203600	2.375090
0.203700	0.409498
0.203800	-0.573298
0.203900	-0.573298
0.204000	2.375090
0.204100	0.409498
0.204200	2.375090
0.204300	-3.521690
0.204400	2.375090
0.204500	2.375090
0.204600	6.306270
0.204700	4.340680
0.204800	0.409498
0.204900	2.375090
0.205000	4.340680
0.205100	7.289070
0.205200	4.340680
0.205300	-1.556090
0.205400	-0.573298
0.205500	-4.504480
0.205600	-7.452870
0.205700	-6.470070
0.205800	-1.556090
0.205900	-0.573298
0.206000	10.237500
0.206100	6.306270
0.206200	9.254660
0.206300	6.306270
0.206400	2.375090
0.206500	-3.521690
0.206600	1.392290
0.206700	-3.521690
0.206800	0.409498
0.206900	2.375090
0.207000	-5.487280
0.207100	-1.556090
0.207200	-5.487280
0.207300	-5.487280
0.207400	-6.470070
0.207500	-3.521690
0.207600	8.271870
0.207700	0.409498
0.207800	6.306270
0.207900	7.289070
0.208000	8.271870
0.208100	10.237500
0.208200	2.375090
0.208300	6.306270
0.208400	2.375090
0.208500	3.357890
0.208600	6.797670
0.208700	-0.573298
0.208800	-0.573298
0.208900	-0.573298
0.209000	-8.435670
0.209100	-5.487280
0.209200	-0.573298
0.209300	4.340680
0.209400	0.409498
0.209500	2.375090
0.209600	2.375090
0.209700	4.340680
0.209800	8.271870
0.209900	1.392290
0.210000	-3.521690
0.210100	0.409498
0.210200	1.392290
0.210300	-0.573298
0.210400	-4.504480
0.210500	-1.556090
0.210600	-3.521690
0.210700	-7.452870
0.210800	-5.487280
0.210900	-4.504480
0.211000	0.409498
0.211100	1.392290
0.211200	2.375090
0.211300	-0.573298
0.211400	-4.504480
0.211500	-4.504480
0.211600	-5.487280
0.211700	-4.504480
0.211800	2.375090
0.211900	2.375090
0.212000	-3.521690
0.212100	-8.435670
0.212200	-7.452870
0.212300	-1.556090
0.212400	-1.556090
0.212500	-5.487280
0.212600	-1.556090
0.212700	-1.556090
0.212800	1.883690
0.212900	4.832080
0.213000	2.375090
0.213100	6.306270
0.213200	6.306270
0.213300	-1.556090
0.213400	2.375090
0.213500	2.375090
0.213600	-1.064700
0.213700	4.340680
0.213800	4.832080
0.213900	-1.064700
0.214000	-4.504480
0.214100	-4.504480
0.214200	-1.556090
0.214300	-4.504480
0.214400	-5.487280
0.214500	2.375090
0.214600	6.306270
0.214700	2.375090
0.214800	-1.556090
0.214900	0.409498
0.215000	4.340680
0.215100	7.289070
0.215200	7.289070
0.215300	0.409498
0.215400	-1.556090
0.215500	0.409498
0.215600	1.392290
0.215700	1.392290
0.215800	-5.487280
0.215900	-1.064700
0.216000	-1.556090
0.216100	-3.521690
0.216200	-1.556090
0.216300	-1.556090
0.216400	2.375090
0.216500	2.866490
0.216600	4.340680
0.216700	2.375090
0.216800	2.375090
0.216900	2.375090
0.217000	3.357890
0.217100	2.375090
0.217200	0.409498
0.217300	-0.573298
0.217400	0.409498
0.217500	-0.573298
0.217600	-5.487280
0.217700	-1.556090
0.217800	-6.470070
0.217900	-4.995880
0.218000	0.409498
0.218100	2.375090
0.218200	2.375090
0.218300	2.375090
0.218400	0.409498
0.218500	-0.573298
0.218600	2.375090
0.218700	1.392290
0.218800	2.375090
0.218900	0.409498
0.219000	-1.556090
0.219100	-1.556090
0.219200	-0.573298
0.219300	2.375090
0.219400	-9.418460
0.219500	-3.521690
0.219600	3.357890
0.219700	6.306270
0.219800	2.375090
0.219900	0.409498
0.220000	-1.556090
0.220100	1.392290
0.220200	-0.573298
0.220300	3.357890
0.220400	6.797670
0.220500	2.375090
0.220600	0.409498
0.220700	-0.081900
0.220800	-7.452870
0.220900	-8.435670
0.221000	-1.556090
0.221100	4.340680
0.221200	2.375090
0.221300	1.392290
0.221400	1.392290
0.221500	1.392290
0.221600	2.375090
0.221700	-1.556090
0.221800	2.375090
0.221900	4.340680
0.222000	1.392290
0.222100	-1.556090
0.222200	-4.504480
0.222300	2.375090
0.222400	2.375090
0.222500	-0.573298
0.222600	-3.030290
0.222700	-4.995880
0.222800	-6.470070
0.222900	-4.504480
0.223000	-1.556090
0.223100	0.900896
0.223200	7.289070
0.223300	2.375090
0.223400	-0.573298
0.223500	-1.556090
0.223600	-4.504480
0.223700	-1.556090
0.223800	-1.556090
0.223900	2.375090
0.224000	-0.573298
0.224100	0.409498
0.224200	0.409498
0.224300	-1.556090
0.224400	-0.573298
0.224500	2.375090
0.224600	3.357890
0.224700	4.340680
0.224800	-3.030290
0.224900	3.357890
0.225000	7.289070
0.225100	2.375090
0.225200	2.375090
0.225300	2.375090
0.225400	4.340680
0.225500	2.375090
0.225600	-1.556090
0.225700	-5.487280
0.225800	-3.521690
0.225900	-1.556090
0.226000	-0.573298
0.226100	-1.556090
0.226200	-1.556090
0.226300	0.409498
0.226400	1.392290
0.226500	2.375090
0.226600	4.832080
0.226700	6.306270
0.226800	3.357890
0.226900	6.306270
0.227000	8.271870
0.227100	3.357890
0.227200	-4.504480
0.227300	-1.556090
0.227400	8.763260
0.227500	2.375090
0.227600	-0.573298
0.227700	-1.556090
0.227800	2.375090
0.227900	-0.573298
0.228000	2.375090
0.228100	-1.556090
0.228200	-0.573298
0.228300	-1.556090
0.228400	-5.487280
0.228500	-3.521690
0.228600	0.409498
0.228700	2.375090
0.228800	-0.573298
0.228900	7.289070
0.229000	3.357890
0.229100	2.375090
0.229200	3.357890
0.229300	2.375090
0.229400	4.340680
0.229500	4.340680
0.229600	6.306270
0.229700	4.340680
0.229800	2.375090
0.229900	-1.556090
0.230000	-1.556090
0.230100	-1.556090
0.230200	-5.487280
0.230300	-1.556090
0.230400	4.340680
0.230500	4.340680
0.230600	-2.538890
0.230700	2.866490
0.230800	4.340680
0.230900	6.306270
0.231000	3.357890
0.231100	2.375090
0.231200	4.340680
0.231300	2.866490
0.231400	4.340680
0.231500	4.340680
0.231600	3.357890
0.231700	-0.573298
0.231800	-1.556090
0.231900	-2.538890
0.232000	-3.030290
0.232100	-4.504480
0.232200	3.357890
0.232300	7.289070
0.232400	4.340680
0.232500	2.375090
0.232600	7.289070
0.232700	6.306270
0.232800	0.409498
0.232900	0.409498
0.233000	0.409498
0.233100	0.409498
0.233200	-1.064700
0.233300	-3.521690
0.233400	0.409498
0.233500	-1.556090
0.233600	-1.556090
0.233700	-1.556090
0.233800	-1.556090
0.233900	6.306270
0.234000	7.289070
0.234100	2.375090
0.234200	6.306270
0.234300	4.340680
0.234400	3.357890
0.234500	0.409498
0.234600	1.392290
0.234700	0.409498
0.234800	-0.573298
0.234900	-0.573298
0.235000	-1.556090
0.235100	3.357890
0.235200	4.340680
0.235300	-1.556090
0.235400	-5.487280
0.235500	-7.452870
0.235600	0.409498
0.235700	-1.556090
0.235800	-1.556090
0.235900	-0.573298
0.236000	-1.556090
0.236100	-1.556090
0.236200	4.832080
0.236300	8.763260
0.236400	6.306270
0.236500	0.409498
0.236600	-1.556090
0.236700	-1.556090
0.236800	-4.504480
0.236900	-1.556090
0.237000	-1.556090
0.237100	-1.556090
0.237200	-1.556090
0.237300	-0.573298
0.237400	2.375090
0.237500	8.271870
0.237600	6.306270
0.237700	6.306270
0.237800	3.357890
0.237900	6.306270
0.238000	4.832080
0.238100	0.900896
0.238200	-6.470070
0.238300	1.392290
0.238400	3.357890
0.238500	2.375090
0.238600	-1.064700
0.238700	-1.556090
0.238800	-0.573298
0.238900	-5.487280
0.239000	-5.487280
0.239100	-1.556090
0.239200	-1.556090
0.239300	0.409498
0.239400	0.409498
0.239500	-6.961470
0.239600	2.375090
0.239700	2.375090
0.239800	1.392290
0.239900	0.900896
0.240000	6.306270
0.240100	5.323480
0.240200	-0.573298
0.240300	-1.556090
0.240400	-1.556090
0.240500	0.409498
0.240600	3.357890
0.240700	-1.556090
0.240800	-1.556090
0.240900	-3.521690
0.241000	-4.504480
0.241100	-5.487280
0.241200	2.375090
0.241300	-1.556090
0.241400	2.866490
0.241500	2.375090
0.241600	5.323480
0.241700	-0.081900
0.241800	-1.556090
0.241900	-1.556090
0.242000	3.357890
0.242100	4.340680
0.242200	2.866490
0.242300	-1.556090
0.242400	-1.556090
0.242500	3.357890
0.242600	-3.030290
0.242700	0.409498
0.242800	-1.556090
0.242900	-5.487280
0.243000	-3.521690
0.243100	-0.573298
0.243200	1.392290
0.243300	4.340680
0.243400	3.849280
0.243500	-1.556090
0.243600	6.306270
0.243700	4.340680
0.243800	0.409498
0.243900	-1.556090
0.244000	-1.064700
0.244100	3.357890
0.244200	7.289070
0.244300	2.375090
0.244400	0.900896
0.244500	-1.556090
0.244600	6.306270
0.244700	2.375090
0.244800	-4.504480
0.244900	-6.470070
0.245000	-5.487280
0.245100	-5.487280
0.245200	-5.487280
0.245300	8.271870
0.245400	6.306270
0.245500	2.375090
0.245600	2.375090
0.245700	4.340680
0.245800	10.237500
0.245900	4.340680
0.246000	0.409498
0.246100	-5.487280
0.246200	-1.556090
0.246300	-4.504480
0.246400	-3.521690
0.246500	-0.573298
0.246600	0.409498
0.246700	-1.556090
0.246800	-5.487280
0.246900	-5.487280
0.247000	-1.556090
0.247100	2.375090
0.247200	2.375090
0.247300	4.340680
0.247400	8.271870
0.247500	4.340680
0.247600	4.340680
0.247700	6.306270
0.247800	2.375090
0.247900	-0.573298
0.248000	2.375090
0.248100	-0.573298
0.248200	-1.556090
0.248300	-1.556090
0.248400	2.375090
0.248500	2.866490
0.248600	-3.521690
0.248700	1.392290
0.248800	6.306270
0.248900	2.375090
0.249000	-1.556090
0.249100	-1.556090
0.249200	-5.487280
0.249300	6.306270
0.249400	-0.573298
0.249500	3.357890
0.249600	2.375090
0.249700	4.340680
0.249800	-0.573298
0.249900	-1.556090
0.250000	2.375090
0.250100	8.271870
0.250200	7.289070
0.250300	-1.064700
0.250400	-4.995880
0.250500	-1.556090
0.250600	-1.556090
0.250700	-1.556090
0.250800	-6.470070
0.250900	-0.573298
0.251000	5.323480
0.251100	6.797670
0.251200	6.306270
0.251300	10.237500
0.251400	4.340680
0.251500	0.409498
0.251600	-1.556090
0.251700	-1.556090
0.251800	-5.487280
0.251900	-2.538890
0.252000	2.375090
0.252100	0.409498
0.252200	-5.487280
0.252300	3.357890
0.252400	0.409498
0.252500	0.409498
0.252600	-1.556090
0.252700	6.306270
0.252800	3.357890
0.252900	-0.573298
0.253000	0.409498
0.253100	3.357890
0.253200	-0.573298
0.253300	-1.556090
0.253400	-0.573298
0.253500	2.375090
0.253600	2.375090
0.253700	-5.487280
0.253800	-4.995880
0.253900	-1.556090
0.254000	-1.556090
0.254100	-1.556090
0.254200	-1.556090
0.254300	0.409498
0.254400	2.375090
0.254500	2.375090
0.254600	-0.573298
0.254700	6.306270
0.254800	-0.573298
0.254900	-0.573298
0.255000	-1.556090
0.255100	-1.556090
0.255200	2.375090
0.255300	3.357890
0.255400	2.375090
0.255500	6.306270
0.255600	3.357890
0.255700	2.375090
0.255800	0.409498
0.255900	-1.556090
0.256000	-1.556090
0.256100	-1.556090
0.256200	0.409498
0.256300	2.375090
0.256400	2.375090
0.256500	8.271870
0.256600	3.357890
0.256700	1.392290
0.256800	4.340680
0.256900	6.306270
0.257000	2.375090
0.257100	0.409498
0.257200	8.271870
0.257300	-0.573298
0.257400	-1.556090
0.257500	4.340680
0.257600	2.375090
0.257700	-4.995880
0.257800	-1.556090
0.257900	2.375090
0.258000	4.340680
0.258100	2.375090
0.258200	0.409498
0.258300	-0.573298
0.258400	-0.573298
0.258500	-0.573298
0.258600	0.409498
0.258700	2.375090
0.258800	6.306270
0.258900	5.323480
0.259000	3.357890
0.259100	0.900896
0.259200	0.409498
0.259300	2.375090
0.259400	-1.556090
0.259500	-8.435670
0.259600	-8.435670
0.259700	-5.487280
0.259800	4.340680
0.259900	6.306270
0.260000	8.271870
0.260100	7.289070
0.260200	3.849280
0.260300	3.357890
0.260400	2.375090
0.260500	-0.573298
0.260600	4.340680
0.260700	3.357890
0.260800	0.409498
0.260900	-5.487280
0.261000	-4.504480
0.261100	-5.487280
0.261200	-7.944270
0.261300	4.340680
0.261400	-0.573298
0.261500	-0.573298
0.261600	2.375090
0.261700	-1.556090
0.261800	-0.081900
0.261900	2.375090
0.262000	-5.487280
0.262100	-0.573298
0.262200	-1.556090
0.262300	6.306270
0.262400	4.340680
0.262500	2.375090
0.262600	-4.504480
0.262700	-0.573298
0.262800	-0.573298
0.262900	0.409498
0.263000	-0.573298
0.263100	-1.556090
0.263200	-0.573298
0.263300	6.306270
0.263400	0.409498
0.263500	-5.487280
0.263600	6.306270
0.263700	6.306270
0.263800	2.375090
0.263900	3.357890
0.264000	4.832080
0.264100	-0.573298
0.264200	-1.556090
0.264300	-1.556090
0.264400	-1.556090
0.264500	-5.487280
0.264600	-0.573298
0.264700	0.409498
0.264800	-1.556090
0.264900	-5.487280
0.265000	-6.470070
0.265100	-1.556090
0.265200	3.357890
0.265300	0.409498
0.265400	-1.556090
0.265500	3.357890
0.265600	2.375090
0.265700	2.375090
0.265800	4.340680
0.265900	2.375090
0.266000	2.375090
0.266100	2.375090
0.266200	1.883690
0.266300	2.375090
0.266400	-1.556090
0.266500	4.340680
0.266600	2.375090
0.266700	2.375090
0.266800	2.375090
0.266900	-3.030290
0.267000	-1.556090
0.267100	0.409498
0.267200	2.375090
0.267300	4.340680
0.267400	2.375090
0.267500	4.340680
0.267600	-0.573298
0.267700	0.409498
0.267800	2.375090
0.267900	2.375090
0.268000	0.409498
0.268100	6.306270
0.268200	-0.573298
0.268300	-1.556090
0.268400	-7.452870
0.268500	-6.470070
0.268600	-1.556090
0.268700	-6.470070
0.268800	2.375090
0.268900	3.357890
0.269000	0.409498
0.269100	0.409498
0.269200	1.883690
0.269300	8.271870
0.269400	0.409498
0.269500	3.357890
0.269600	-1.064700
0.269700	-1.556090
0.269800	4.340680
0.269900	0.409498
0.270000	2.375090
0.270100	1.392290
0.270200	0.409498
0.270300	2.375090
0.270400	-1.556090
0.270500	-0.573298
0.270600	1.392290
0.270700	-3.521690
0.270800	-1.556090
0.270900	-0.573298
0.271000	2.375090
0.271100	-3.521690
0.271200	2.375090
0.271300	3.357890
0.271400	-4.504480
0.271500	3.357890
0.271600	2.375090
0.271700	-5.487280
0.271800	1.392290
0.271900	6.306270
0.272000	3.849280
0.272100	-0.573298
0.272200	-4.504480
0.272300	-5.487280
0.272400	-7.452870
0.272500	-9.418460
0.272600	-5.487280
0.272700	2.375090
0.272800	-0.081900
0.272900	6.306270
0.273000	2.375090
0.273100	-1.556090
0.273200	-1.556090
0.273300	4.340680
0.273400	-1.556090
0.273500	-1.556090
0.273600	0.409498
0.273700	1.392290
0.273800	-1.556090
0.273900	-1.556090
0.274000	-1.556090
0.274100	2.375090
0.274200	-1.556090
0.274300	-5.487280
0.274400	-9.418460
0.274500	-4.504480
0.274600	2.375090
0.274700	5.323480
0.274800	7.289070
0.274900	2.866490
0.275000	2.866490
0.275100	7.289070
0.275200	-1.556090
0.275300	2.375090
0.275400	0.409498
0.275500	2.375090
0.275600	6.306270
0.275700	0.900896
0.275800	6.306270
0.275900	4.340680
0.276000	2.375090
0.276100	-1.556090
0.276200	-1.556090
0.276300	-4.995880
0.276400	0.900896
0.276500	3.357890
0.276600	4.340680
0.276700	0.409498
0.276800	-1.556090
0.276900	2.375090
0.277000	-1.556090
0.277100	0.409498
0.277200	2.375090
0.277300	-4.504480
0.277400	-1.556090
0.277500	0.409498
0.277600	-0.573298
0.277700	0.409498
0.277800	4.340680
0.277900	-1.556090
0.278000	-0.573298
0.278100	-1.556090
0.278200	2.375090
0.278300	5.323480
0.278400	2.375090
0.278500	4.340680
0.278600	4.832080
0.278700	7.289070
0.278800	6.306270
0.278900	2.375090
0.279000	4.340680
0.279100	8.271870
0.279200	7.289070
0.279300	-0.573298
0.279400	-5.487280
0.279500	-5.487280
0.279600	-1.556090
0.279700	-5.487280
0.279800	-5.487280
0.279900	-1.556090
0.280000	0.409498
0.280100	0.409498
0.280200	0.409498
0.280300	2.375090
0.280400	3.357890
0.280500	1.392290
0.280600	-1.556090
0.280700	0.409498
0.280800	0.409498
0.280900	2.375090
0.281000	4.340680
0.281100	1.392290
0.281200	-3.521690
0.281300	-3.521690
0.281400	-6.470070
0.281500	-6.470070
0.281600	-8.435670
0.281700	4.340680
0.281800	2.375090
0.281900	0.900896
0.282000	0.409498
0.282100	0.409498
0.282200	0.409498
0.282300	-4.504480
0.282400	-1.556090
0.282500	2.375090
0.282600	3.357890
0.282700	2.375090
0.282800	-1.556090
0.282900	-4.013080
0.283000	-1.556090
0.283100	-1.556090
0.283200	-7.452870
0.283300	2.375090
0.283400	0.409498
0.283500	-0.573298
0.283600	2.375090
0.283700	2.375090
0.283800	1.392290
0.283900	0.409498
0.284000	0.409498
0.284100	-0.573298
0.284200	-4.504480
0.284300	-5.487280
0.284400	-1.556090
0.284500	-0.573298
0.284600	-0.573298
0.284700	-1.556090
0.284800	-1.556090
0.284900	-3.521690
0.285000	0.900896
0.285100	1.392290
0.285200	2.375090
0.285300	-6.470070
0.285400	-5.487280
0.285500	2.375090
0.285600	6.306270
0.285700	4.340680
0.285800	4.340680
0.285900	4.340680
0.286000	3.357890
0.286100	-1.556090
0.286200	3.357890
0.286300	-0.081900
0.286400	2.375090
0.286500	-1.064700
0.286600	-3.521690
0.286700	2.375090
0.286800	-5.487280
0.286900	-5.487280
0.287000	-1.556090
0.287100	-7.452870
0.287200	-1.556090
0.287300	3.849280
0.287400	4.340680
0.287500	2.375090
0.287600	6.306270
0.287700	6.306270
0.287800	0.409498
0.287900	-1.556090
0.288000	-4.504480
0.288100	3.357890
0.288200	4.340680
0.288300	2.375090
0.288400	0.409498
0.288500	-1.556090
0.288600	-3.521690
0.288700	0.409498
0.288800	-1.556090
0.288900	-4.504480
0.289000	-10.401300
0.289100	-8.927060
0.289200	-3.521690
0.289300	2.375090
0.289400	8.271870
0.289500	9.254660
0.289600	0.409498
0.289700	2.375090
0.289800	2.375090
0.289900	0.900896
0.290000	1.392290
0.290100	-1.556090
0.290200	0.900896
0.290300	-0.573298
0.290400	-1.556090
0.290500	-1.556090
0.290600	-1.556090
0.290700	-5.487280
0.290800	-1.556090
0.290900	2.375090
0.291000	4.340680
0.291100	3.357890
0.291200	2.375090
0.291300	-1.556090
0.291400	0.409498
0.291500	2.375090
0.291600	0.409498
0.291700	-5.487280
0.291800	-1.556090
0.291900	4.340680
0.292000	2.375090
0.292100	1.392290
0.292200	6.306270
0.292300	-1.556090
0.292400	-4.995880
0.292500	-4.504480
0.292600	-1.556090
0.292700	-7.452870
0.292800	-5.487280
0.292900	-3.521690
0.293000	0.409498
0.293100	-1.556090
0.293200	2.375090
0.293300	2.866490
0.293400	-0.573298
0.293500	2.375090
0.293600	0.409498
0.293700	-1.556090
0.293800	7.289070
0.293900	3.357890
0.294000	2.375090
0.294100	0.409498
0.294200	2.375090
0.294300	0.409498
0.294400	-1.556090
0.294500	-2.538890
0.294600	-5.487280
0.294700	-4.504480
0.294800	0.409498
0.294900	6.306270
0.295000	6.306270
0.295100	1.392290
0.295200	2.375090
0.295300	2.375090
0.295400	4.340680
0.295500	3.357890
0.295600	1.883690
0.295700	1.392290
0.295800	-1.556090
0.295900	2.375090
0.296000	0.409498
0.296100	-5.487280
0.296200	2.375090
0.296300	6.306270
0.296400	4.340680
0.296500	-1.556090
0.296600	-1.556090
0.296700	-3.521690
0.296800	-5.487280
0.296900	-8.927060
0.297000	-8.927060
0.297100	4.340680
0.297200	6.306270
0.297300	2.375090
0.297400	-1.556090
0.297500	0.409498
0.297600	-5.487280
0.297700	4.340680
0.297800	-0.573298
0.297900	4.340680
0.298000	6.306270
0.298100	3.849280
0.298200	-0.573298
0.298300	1.392290
0.298400	-6.470070
0.298500	-9.418460
0.298600	-5.487280
0.298700	-1.556090
0.298800	6.306270
0.298900	7.289070
0.299000	4.340680
0.299100	3.357890
0.299200	3.357890
0.299300	2.375090
0.299400	-4.013080
0.299500	4.340680
0.299600	0.409498
0.299700	4.340680
0.299800	3.357890
0.299900	2.375090
