-0.050000	-0.603406
-0.049900	-1.568860
-0.049800	0.362044
-0.049700	-3.499760
-0.049600	2.292940
-0.049500	1.327490
-0.049400	0.362044
-0.049300	4.223840
-0.049200	5.189290
-0.049100	4.223840
-0.049000	2.292940
-0.048900	1.327490
-0.048800	-0.603406
-0.048700	-0.603406
-0.048600	-1.568860
-0.048500	1.327490
-0.048400	5.672020
-0.048300	2.292940
-0.048200	2.292940
-0.048100	2.292940
-0.048000	2.292940
-0.047900	1.327490
-0.047800	3.258390
-0.047700	0.362044
-0.047600	1.327490
-0.047500	4.223840
-0.047400	1.810220
-0.047300	0.362044
-0.047200	-1.568860
-0.047100	2.292940
-0.047000	1.327490
-0.046900	0.844769
-0.046800	-6.396110
-0.046700	-3.499760
-0.046600	-2.051580
-0.046500	1.327490
-0.046400	4.223840
-0.046300	0.362044
-0.046200	-1.568860
-0.046100	0.362044
-0.046000	5.189290
-0.045900	0.362044
-0.045800	-5.430660
-0.045700	-2.051580
-0.045600	-2.534310
-0.045500	-0.603406
-0.045400	-1.568860
-0.045300	1.327490
-0.045200	0.362044
-0.045100	-1.086130
-0.045000	0.362044
-0.044900	2.292940
-0.044800	0.362044
-0.044700	-1.568860
-0.044600	-3.499760
-0.044500	2.292940
-0.044400	-1.568860
-0.044300	1.327490
-0.044200	1.327490
-0.044100	2.292940
-0.044000	4.223840
-0.043900	4.223840
-0.043800	-2.534310
-0.043700	1.327490
-0.043600	4.223840
-0.043500	-3.499760
-0.043400	1.327490
-0.043300	0.844769
-0.043200	-1.568860
-0.043100	-1.568860
-0.043000	3.258390
-0.042900	2.292940
-0.042800	-1.568860
-0.042700	-1.568860
-0.042600	-1.568860
-0.042500	-3.017030
-0.042400	-2.534310
-0.042300	0.844769
-0.042200	0.362044
-0.042100	-3.499760
-0.042000	-1.086130
-0.041900	1.327490
-0.041800	-3.499760
-0.041700	-1.568860
-0.041600	-0.603406
-0.041500	1.327490
-0.041400	-2.534310
-0.041300	-5.430660
-0.041200	4.223840
-0.041100	4.223840
-0.041000	2.292940
-0.040900	-2.534310
-0.040800	-4.465210
-0.040700	1.327490
-0.040600	6.154740
-0.040500	3.258390
-0.040400	2.292940
-0.040300	-1.568860
-0.040200	-3.499760
-0.040100	2.292940
-0.040000	0.362044
-0.039900	2.292940
-0.039800	3.258390
-0.039700	-2.534310
-0.039600	-5.430660
-0.039500	-3.499760
-0.039400	0.362044
-0.039300	1.327490
-0.039200	2.292940
-0.039100	0.362044
-0.039000	-3.499760
-0.038900	2.292940
-0.038800	2.292940
-0.038700	-3.499760
-0.038600	0.362044
-0.038500	1.327490
-0.038400	1.327490
-0.038300	2.292940
-0.038200	3.258390
-0.038100	2.292940
-0.038000	2.775670
-0.037900	-1.568860
-0.037800	-2.534310
-0.037700	2.292940
-0.037600	2.292940
-0.037500	1.327490
-0.037400	-0.603406
-0.037300	0.362044
-0.037200	4.223840
-0.037100	2.292940
-0.037000	0.362044
-0.036900	-1.568860
-0.036800	0.362044
-0.036700	4.223840
-0.036600	0.362044
-0.036500	0.362044
-0.036400	3.258390
-0.036300	3.258390
-0.036200	0.362044
-0.036100	-2.534310
-0.036000	4.223840
-0.035900	1.327490
-0.035800	-2.534310
-0.035700	-3.499760
-0.035600	-3.499760
-0.035500	2.292940
-0.035400	5.189290
-0.035300	2.292940
-0.035200	2.292940
-0.035100	1.327490
-0.035000	-4.465210
-0.034900	0.362044
-0.034800	1.327490
-0.034700	1.327490
-0.034600	-2.534310
-0.034500	-1.568860
-0.034400	1.327490
-0.034300	2.292940
-0.034200	-1.568860
-0.034100	-3.499760
-0.034000	-1.568860
-0.033900	-1.086130
-0.033800	-3.499760
-0.033700	-3.499760
-0.033600	-6.396110
-0.033500	-3.017030
-0.033400	2.292940
-0.033300	-2.534310
-0.033200	0.362044
-0.033100	2.292940
-0.033000	-3.499760
-0.032900	-2.534310
-0.032800	2.292940
-0.032700	-2.534310
-0.032600	2.775670
-0.032500	3.258390
-0.032400	-1.568860
-0.032300	2.292940
-0.032200	4.223840
-0.032100	4.706570
-0.032000	4.223840
-0.031900	2.292940
-0.031800	0.362044
-0.031700	-1.568860
-0.031600	-2.051580
-0.031500	0.362044
-0.031400	0.362044
-0.031300	-1.568860
-0.031200	-1.568860
-0.031100	-1.086130
-0.031000	0.362044
-0.030900	-1.568860
-0.030800	2.292940
-0.030700	-1.568860
-0.030600	0.362044
-0.030500	4.223840
-0.030400	3.741120
-0.030300	3.258390
-0.030200	1.327490
-0.030100	0.362044
-0.030000	0.362044
-0.029900	4.223840
-0.029800	5.189290
-0.029700	0.362044
-0.029600	0.362044
-0.029500	1.327490
-0.029400	5.189290
-0.029300	2.292940
-0.029200	0.362044
-0.029100	2.292940
-0.029000	0.362044
-0.028900	0.844769
-0.028800	-1.086130
-0.028700	0.362044
-0.028600	-3.499760
-0.028500	0.362044
-0.028400	0.362044
-0.028300	-2.534310
-0.028200	0.362044
-0.028100	0.362044
-0.028000	0.362044
-0.027900	0.362044
-0.027800	-3.499760
-0.027700	1.327490
-0.027600	0.362044
-0.027500	-5.430660
-0.027400	0.362044
-0.027300	2.292940
-0.027200	2.292940
-0.027100	1.327490
-0.027000	0.362044
-0.026900	-2.534310
-0.026800	0.362044
-0.026700	2.292940
-0.026600	2.292940
-0.026500	-2.051580
-0.026400	0.362044
-0.026300	2.292940
-0.026200	4.223840
-0.026100	3.258390
-0.026000	1.810220
-0.025900	0.362044
-0.025800	-0.603406
-0.025700	2.292940
-0.025600	2.292940
-0.025500	2.292940
-0.025400	2.775670
-0.025300	2.292940
-0.025200	8.085640
-0.025100	6.154740
-0.025000	6.154740
-0.024900	2.292940
-0.024800	1.327490
-0.024700	3.258390
-0.024600	0.362044
-0.024500	0.362044
-0.024400	0.362044
-0.024300	4.223840
-0.024200	0.362044
-0.024100	3.258390
-0.024000	4.223840
-0.023900	0.362044
-0.023800	0.362044
-0.023700	-3.499760
-0.023600	-1.568860
-0.023500	2.292940
-0.023400	0.362044
-0.023300	1.327490
-0.023200	2.775670
-0.023100	-3.499760
-0.023000	-3.499760
-0.022900	0.362044
-0.022800	2.292940
-0.022700	1.327490
-0.022600	3.258390
-0.022500	-1.086130
-0.022400	2.292940
-0.022300	-3.499760
-0.022200	-3.499760
-0.022100	0.362044
-0.022000	3.258390
-0.021900	0.362044
-0.021800	-3.499760
-0.021700	2.775670
-0.021600	1.327490
-0.021500	5.672020
-0.021400	4.223840
-0.021300	0.362044
-0.021200	0.362044
-0.021100	0.362044
-0.021000	0.362044
-0.020900	-2.534310
-0.020800	-1.568860
-0.020700	0.362044
-0.020600	-3.499760
-0.020500	-1.568860
-0.020400	-1.568860
-0.020300	1.327490
-0.020200	0.362044
-0.020100	-1.568860
-0.020000	1.327490
-0.019900	-1.568860
-0.019800	-2.051580
-0.019700	-1.568860
-0.019600	-3.499760
-0.019500	-1.568860
-0.019400	-2.534310
-0.019300	-2.534310
-0.019200	-2.534310
-0.019100	-3.499760
-0.019000	-1.568860
-0.018900	4.223840
-0.018800	0.362044
-0.018700	-6.396110
-0.018600	-5.430660
-0.018500	0.362044
-0.018400	-1.568860
-0.018300	-3.499760
-0.018200	0.362044
-0.018100	0.362044
-0.018000	-3.499760
-0.017900	2.292940
-0.017800	1.327490
-0.017700	-1.568860
-0.017600	0.362044
-0.017500	0.362044
-0.017400	0.362044
-0.017300	-4.947930
-0.017200	1.327490
-0.017100	-2.534310
-0.017000	0.362044
-0.016900	4.223840
-0.016800	0.362044
-0.016700	-4.947930
-0.016600	-3.017030
-0.016500	-1.568860
-0.016400	-3.499760
-0.016300	0.362044
-0.016200	-2.534310
-0.016100	-0.603406
-0.016000	0.362044
-0.015900	-2.534310
-0.015800	2.292940
-0.015700	0.362044
-0.015600	0.362044
-0.015500	0.362044
-0.015400	-1.568860
-0.015300	-2.534310
-0.015200	0.362044
-0.015100	-3.499760
-0.015000	-1.568860
-0.014900	0.362044
-0.014800	-3.499760
-0.014700	-3.499760
-0.014600	-2.534310
-0.014500	-3.499760
-0.014400	2.775670
-0.014300	1.327490
-0.014200	-5.430660
-0.014100	-1.568860
-0.014000	1.327490
-0.013900	-1.568860
-0.013800	-1.568860
-0.013700	-1.568860
-0.013600	-2.051580
-0.013500	-4.465210
-0.013400	0.362044
-0.013300	-1.568860
-0.013200	0.362044
-0.013100	0.362044
-0.013000	-2.534310
-0.012900	1.327490
-0.012800	-1.568860
-0.012700	-3.499760
-0.012600	-0.603406
-0.012500	3.258390
-0.012400	-0.603406
-0.012300	-3.499760
-0.012200	5.189290
-0.012100	4.223840
-0.012000	-1.568860
-0.011900	-1.568860
-0.011800	-0.603406
-0.011700	-0.603406
-0.011600	-4.465210
-0.011500	-1.568860
-0.011400	-5.430660
-0.011300	-1.568860
-0.011200	0.362044
-0.011100	-1.568860
-0.011000	-1.568860
-0.010900	-3.499760
-0.010800	-5.430660
-0.010700	-4.465210
-0.010600	-1.568860
-0.010500	-3.499760
-0.010400	-2.534310
-0.010300	4.223840
-0.010200	1.327490
-0.010100	-1.568860
-0.010000	-2.534310
-0.009900	0.362044
-0.009800	-5.430660
-0.009700	-3.499760
-0.009600	-3.499760
-0.009500	-7.361560
-0.009400	-2.534310
-0.009300	-5.430660
-0.009200	-3.499760
-0.009100	1.327490
-0.009000	0.362044
-0.008900	0.362044
-0.008800	2.292940
-0.008700	-1.568860
-0.008600	1.327490
-0.008500	2.292940
-0.008400	-3.499760
-0.008300	-3.499760
-0.008200	-5.430660
-0.008100	-4.947930
-0.008000	1.327490
-0.007900	-1.568860
-0.007800	2.292940
-0.007700	0.362044
-0.007600	-1.568860
-0.007500	1.327490
-0.007400	-1.568860
-0.007300	-2.534310
-0.007200	-2.534310
-0.007100	-2.534310
-0.007000	-6.396110
-0.006900	-4.465210
-0.006800	-1.568860
-0.006700	-3.499760
-0.006600	-2.534310
-0.006500	-1.568860
-0.006400	-1.568860
-0.006300	-3.982480
-0.006200	-3.499760
-0.006100	-5.430660
-0.006000	-2.534310
-0.005900	-3.499760
-0.005800	0.362044
-0.005700	-2.534310
-0.005600	-2.534310
-0.005500	-3.499760
-0.005400	-3.499760
-0.005300	3.741120
-0.005200	5.189290
-0.005100	4.223840
-0.005000	1.327490
-0.004900	2.292940
-0.004800	3.258390
-0.004700	2.292940
-0.004600	-0.603406
-0.004500	-3.499760
-0.004400	-5.430660
-0.004300	-1.568860
-0.004200	0.362044
-0.004100	-2.534310
-0.004000	-1.568860
-0.003900	0.362044
-0.003800	-4.465210
-0.003700	-1.568860
-0.003600	-3.499760
-0.003500	-0.603406
-0.003400	0.362044
-0.003300	0.362044
-0.003200	4.223840
-0.003100	-1.086130
-0.003000	-1.568860
-0.002900	0.362044
-0.002800	-3.499760
-0.002700	-4.465210
-0.002600	-2.534310
-0.002500	1.327490
-0.002400	-1.568860
-0.002300	3.258390
-0.002200	0.362044
-0.002100	-1.086130
-0.002000	2.292940
-0.001900	-0.603406
-0.001800	-2.534310
-0.001700	-1.086130
-0.001600	-3.499760
-0.001500	-1.568860
-0.001400	-3.982480
-0.001300	-2.534310
-0.001200	0.362044
-0.001100	0.362044
-0.001000	-2.534310
-0.000900	0.362044
-0.000800	1.327490
-0.000700	-3.499760
-0.000600	1.327490
-0.000500	4.223840
-0.000400	1.327490
-0.000300	3.741120
-0.000200	1.327490
-0.000100	-3.017030
0.000000	-2.534310
0.000100	-1.568860
0.000200	-1.568860
0.000300	-5.430660
0.000400	-3.499760
0.000500	-0.603406
0.000600	2.292940
0.000700	-3.499760
0.000800	-6.396110
0.000900	-3.499760
0.001000	-3.499760
0.001100	-3.499760
0.001200	-6.878830
0.001300	-5.430660
0.001400	-2.534310
0.001500	-1.568860
0.001600	-2.051580
0.001700	-6.396110
0.001800	0.362044
0.001900	4.223840
0.002000	0.362044
0.002100	-5.430660
0.002200	-0.603406
0.002300	2.292940
0.002400	-0.603406
0.002500	-3.499760
0.002600	-3.499760
0.002700	0.362044
0.002800	1.327490
0.002900	5.189290
0.003000	2.292940
0.003100	0.362044
0.003200	1.327490
0.003300	0.362044
0.003400	2.292940
0.003500	0.362044
0.003600	1.327490
0.003700	2.292940
0.003800	-0.603406
0.003900	-1.568860
0.004000	4.223840
0.004100	5.189290
0.004200	1.327490
0.004300	-1.568860
0.004400	4.223840
0.004500	-3.499760
0.004600	-4.465210
0.004700	-2.534310
0.004800	4.223840
0.004900	-0.603406
0.005000	-2.051580
0.005100	-2.534310
0.005200	-4.465210
0.005300	-1.568860
0.005400	2.292940
0.005500	0.362044
0.005600	-1.568860
0.005700	-3.017030
0.005800	-2.534310
0.005900	-3.499760
0.006000	-4.947930
0.006100	-3.982480
0.006200	-3.499760
0.006300	-3.982480
0.006400	-3.499760
0.006500	-1.086130
0.006600	0.362044
0.006700	-4.465210
0.006800	-2.534310
0.006900	-1.568860
0.007000	-4.465210
0.007100	-1.568860
0.007200	2.292940
0.007300	2.292940
0.007400	-5.430660
0.007500	-7.361560
0.007600	-5.430660
0.007700	-2.534310
0.007800	0.362044
0.007900	1.810220
0.008000	-1.086130
0.008100	-7.361560
0.008200	-6.396110
0.008300	-5.430660
0.008400	-2.534310
0.008500	-2.534310
0.008600	-5.430660
0.008700	-3.499760
0.008800	-1.568860
0.008900	-5.913380
0.009000	-9.292460
0.009100	-3.499760
0.009200	-3.017030
0.009300	-0.603406
0.009400	-3.499760
0.009500	-1.568860
0.009600	-1.568860
0.009700	-1.568860
0.009800	-1.568860
0.009900	0.362044
0.010000	0.362044
0.010100	0.362044
0.010200	-2.534310
0.010300	-6.396110
0.010400	-7.361560
0.010500	-6.396110
0.010600	-2.534310
0.010700	-2.534310
0.010800	-6.396110
0.010900	-3.499760
0.011000	0.362044
0.011100	-1.568860
0.011200	-2.051580
0.011300	0.362044
0.011400	0.362044
0.011500	-3.499760
0.011600	-3.499760
0.011700	-3.499760
0.011800	-4.465210
0.011900	0.362044
0.012000	0.362044
0.012100	-1.568860
0.012200	-2.534310
0.012300	3.258390
0.012400	2.292940
0.012500	-1.086130
0.012600	-1.568860
0.012700	-3.499760
0.012800	-3.499760
0.012900	0.362044
0.013000	-4.465210
0.013100	-6.396110
0.013200	-3.017030
0.013300	-2.534310
0.013400	-8.327010
0.013500	-5.430660
0.013600	-3.017030
0.013700	3.741120
0.013800	8.085640
0.013900	8.085640
0.014000	8.085640
0.014100	10.016500
0.014200	2.292940
0.014300	-2.534310
0.014400	-3.499760
0.014500	-3.499760
0.014600	-0.603406
0.014700	-1.568860
0.014800	2.775670
0.014900	4.223840
0.015000	2.292940
0.015100	-2.534310
0.015200	4.223840
0.015300	5.189290
0.015400	-5.430660
0.015500	-3.499760
0.015600	2.292940
0.015700	4.223840
0.015800	2.292940
0.015900	-2.051580
0.016000	4.223840
0.016100	1.327490
0.016200	0.362044
0.016300	-2.534310
0.016400	0.362044
0.016500	0.362044
0.016600	-4.947930
0.016700	0.362044
0.016800	4.223840
0.016900	1.327490
0.017000	-4.465210
0.017100	-2.534310
0.017200	4.223840
0.017300	4.223840
0.017400	2.292940
0.017500	1.327490
0.017600	1.327490
0.017700	-0.603406
0.017800	1.327490
0.017900	-4.465210
0.018000	-7.361560
0.018100	-0.603406
0.018200	4.223840
0.018300	8.085640
0.018400	4.223840
0.018500	0.844769
0.018600	-5.430660
0.018700	-4.465210
0.018800	-12.188800
0.018900	-17.498800
0.019000	-17.016100
0.019100	-13.637000
0.019200	-9.292460
0.019300	-3.499760
0.019400	1.810220
0.019500	5.189290
0.019600	5.189290
0.019700	4.223840
0.019800	4.223840
0.019900	3.258390
0.020000	4.706570
0.020100	4.223840
0.020200	-2.534310
0.020300	-1.568860
0.020400	1.327490
0.020500	0.362044
0.020600	-9.292460
0.020700	-5.430660
0.020800	-0.603406
0.020900	-13.154300
0.021000	-24.739700
0.021100	-26.670601
0.021200	-15.085200
0.021300	-15.085200
0.021400	-17.981501
0.021500	-9.292460
0.021600	15.809200
0.021700	25.463699
0.021800	16.774700
0.021900	11.947400
0.022000	10.016500
0.022100	-3.499760
0.022200	-11.223400
0.022300	-9.292460
0.022400	-7.361560
0.022500	-5.430660
0.022600	-1.568860
0.022700	2.292940
0.022800	4.223840
0.022900	13.395600
0.023000	21.601900
0.023100	15.809200
0.023200	19.671000
0.023300	20.636499
0.023400	16.774700
0.023500	13.395600
0.023600	17.257401
0.023700	21.601900
0.023800	21.601900
0.023900	15.809200
0.024000	8.085640
0.024100	4.223840
0.024200	2.292940
0.024300	11.947400
0.024400	22.567400
0.024500	28.360100
0.024600	31.256399
0.024700	11.947400
0.024800	5.189290
0.024900	13.878300
0.025000	15.809200
0.025100	16.774700
0.025200	19.671000
0.025300	19.671000
0.025400	15.809200
0.025500	11.947400
0.025600	6.154740
0.025700	2.292940
0.025800	12.912900
0.025900	20.636499
0.026000	22.084700
0.026100	21.601900
0.026200	15.809200
0.026300	12.912900
0.026400	10.016500
0.026500	5.189290
0.026600	6.154740
0.026700	8.568370
0.026800	15.809200
0.026900	19.671000
0.027000	19.671000
0.027100	15.809200
0.027200	10.016500
0.027300	0.362044
0.027400	6.637470
0.027500	15.809200
0.027600	19.671000
0.027700	17.740101
0.027800	11.947400
0.027900	10.016500
0.028000	11.947400
0.028100	19.671000
0.028200	21.601900
0.028300	23.532801
0.028400	59.254501
0.028500	130.697998
0.028600	120.078003
0.028700	59.254501
0.028800	28.360100
0.028900	25.463699
0.029000	17.740101
0.029100	17.740101
0.029200	15.809200
0.029300	10.016500
0.029400	7.602920
0.029500	11.947400
0.029600	11.947400
0.029700	10.016500
0.029800	10.016500
0.029900	9.051090
0.030000	5.189290
0.030100	4.223840
0.030200	0.362044
0.030300	-1.568860
0.030400	-1.086130
0.030500	4.223840
0.030600	1.810220
0.030700	1.327490
0.030800	2.292940
0.030900	-3.499760
0.031000	-9.292460
0.031100	-10.740600
0.031200	-10.257900
0.031300	-10.257900
0.031400	-7.361560
0.031500	-3.499760
0.031600	-7.361560
0.031700	-7.361560
0.031800	-6.878830
0.031900	-3.499760
0.032000	-2.534310
0.032100	1.327490
0.032200	6.154740
0.032300	4.223840
0.032400	1.327490
0.032500	-3.499760
0.032600	-9.292460
0.032700	-11.223400
0.032800	-4.465210
0.032900	6.637470
0.033000	5.189290
0.033100	10.016500
0.033200	15.809200
0.033300	10.016500
0.033400	0.362044
0.033500	-7.361560
0.033600	-9.292460
0.033700	-1.568860
0.033800	3.741120
0.033900	9.051090
0.034000	8.085640
0.034100	-3.499760
0.034200	-17.016100
0.034300	-11.223400
0.034400	-7.361560
0.034500	-7.361560
0.034600	-10.257900
0.034700	-11.223400
0.034800	-3.499760
0.034900	-3.499760
0.035000	-1.568860
0.035100	6.154740
0.035200	1.327490
0.035300	0.362044
0.035400	-3.499760
0.035500	-1.568860
0.035600	6.154740
0.035700	4.223840
0.035800	2.292940
0.035900	0.362044
0.036000	-1.086130
0.036100	2.292940
0.036200	-3.499760
0.036300	0.362044
0.036400	-3.499760
0.036500	-5.430660
0.036600	-2.534310
0.036700	1.327490
0.036800	-1.568860
0.036900	-3.499760
0.037000	-2.534310
0.037100	-2.534310
0.037200	2.292940
0.037300	6.154740
0.037400	3.258390
0.037500	1.327490
0.037600	1.327490
0.037700	0.844769
0.037800	-0.603406
0.037900	-1.568860
0.038000	-1.568860
0.038100	-4.947930
0.038200	-0.603406
0.038300	5.189290
0.038400	-3.499760
0.038500	-3.499760
0.038600	0.362044
0.038700	-4.947930
0.038800	-5.430660
0.038900	-3.499760
0.039000	-2.534310
0.039100	2.292940
0.039200	-3.499760
0.039300	-3.017030
0.039400	-2.534310
0.039500	-1.568860
0.039600	0.362044
0.039700	-1.568860
0.039800	-7.361560
0.039900	-1.568860
0.040000	-3.499760
0.040100	-3.499760
0.040200	0.362044
0.040300	-7.361560
0.040400	-13.154300
0.040500	-7.361560
0.040600	-10.257900
0.040700	-11.223400
0.040800	-9.292460
0.040900	-11.223400
0.041000	-5.430660
0.041100	-2.534310
0.041200	-6.396110
0.041300	-4.947930
0.041400	-2.534310
0.041500	-1.568860
0.041600	-8.809730
0.041700	-5.430660
0.041800	-1.568860
0.041900	1.327490
0.042000	0.362044
0.042100	0.362044
0.042200	0.362044
0.042300	4.223840
0.042400	0.362044
0.042500	-1.568860
0.042600	-3.499760
0.042700	-1.568860
0.042800	0.362044
0.042900	-1.568860
0.043000	4.223840
0.043100	1.327490
0.043200	-7.361560
0.043300	-6.878830
0.043400	-9.292460
0.043500	-5.430660
0.043600	-5.430660
0.043700	-7.361560
0.043800	-6.396110
0.043900	-5.430660
0.044000	-6.396110
0.044100	-5.430660
0.044200	-8.327010
0.044300	-6.878830
0.044400	-6.396110
0.044500	-7.361560
0.044600	-7.361560
0.044700	-3.499760
0.044800	2.292940
0.044900	-0.603406
0.045000	-5.430660
0.045100	1.327490
0.045200	-7.361560
0.045300	-10.257900
0.045400	-7.361560
0.045500	-6.396110
0.045600	-7.361560
0.045700	0.362044
0.045800	8.085640
0.045900	4.223840
0.046000	-3.499760
0.046100	-7.361560
0.046200	-3.499760
0.046300	0.362044
0.046400	-9.292460
0.046500	-13.154300
0.046600	-7.361560
0.046700	-12.671500
0.046800	-11.223400
0.046900	-7.361560
0.047000	-7.361560
0.047100	1.327490
0.047200	-1.086130
0.047300	-9.292460
0.047400	-7.844280
0.047500	6.154740
0.047600	1.327490
0.047700	-3.499760
0.047800	2.292940
0.047900	4.223840
0.048000	8.085640
0.048100	2.292940
0.048200	-1.568860
0.048300	-3.499760
0.048400	23.532801
0.048500	145.179993
0.048600	64.564499
0.048700	-171.488007
0.048800	-102.941002
0.048900	-1.568860
0.049000	-5.430660
0.049100	10.016500
0.049200	14.843800
0.049300	-17.981501
0.049400	-17.981501
0.049500	4.223840
0.049600	19.671000
0.049700	5.189290
0.049800	-26.670601
0.049900	-22.808800
0.050000	-1.568860
0.050100	2.292940
0.050200	0.362044
0.050300	-1.568860
0.050400	-8.809730
0.050500	-11.223400
0.050600	-7.361560
0.050700	-3.499760
0.050800	-5.430660
0.050900	-5.430660
0.051000	-8.327010
0.051100	-11.223400
0.051200	-3.499760
0.051300	1.327490
0.051400	0.362044
0.051500	-1.568860
0.051600	-3.499760
0.051700	-4.465210
0.051800	-7.361560
0.051900	-10.257900
0.052000	-6.396110
0.052100	-3.499760
0.052200	-3.499760
0.052300	-1.568860
0.052400	-1.568860
0.052500	-9.292460
0.052600	-10.257900
0.052700	-8.809730
0.052800	-3.982480
0.052900	-4.947930
0.053000	-2.534310
0.053100	-5.430660
0.053200	-3.499760
0.053300	-11.223400
0.053400	-11.223400
0.053500	-7.361560
0.053600	2.292940
0.053700	4.223840
0.053800	8.085640
0.053900	10.982000
0.054000	3.741120
0.054100	0.844769
0.054200	2.292940
0.054300	8.085640
0.054400	6.154740
0.054500	5.189290
0.054600	6.154740
0.054700	-1.568860
0.054800	6.154740
0.054900	35.118198
0.055000	-30.532400
0.055100	-66.736702
0.055200	-14.119700
0.055300	10.016500
0.055400	-1.568860
0.055500	-4.465210
0.055600	-0.603406
0.055700	1.327490
0.055800	1.810220
0.055900	4.223840
0.056000	4.223840
0.056100	0.362044
0.056200	-6.396110
0.056300	-3.499760
0.056400	-1.568860
0.056500	-6.396110
0.056600	-13.154300
0.056700	-9.292460
0.056800	-3.499760
0.056900	-0.603406
0.057000	0.362044
0.057100	-1.086130
0.057200	1.327490
0.057300	-3.499760
0.057400	-6.396110
0.057500	-3.499760
0.057600	0.362044
0.057700	3.258390
0.057800	4.223840
0.057900	0.362044
0.058000	-2.534310
0.058100	-1.568860
0.058200	-3.499760
0.058300	-5.430660
0.058400	-7.361560
0.058500	-13.154300
0.058600	-14.119700
0.058700	-3.499760
0.058800	1.327490
0.058900	4.223840
0.059000	13.395600
0.059100	10.982000
0.059200	2.292940
0.059300	0.362044
0.059400	2.292940
0.059500	2.292940
0.059600	0.362044
0.059700	1.327490
0.059800	4.223840
0.059900	-2.534310
0.060000	-2.051580
0.060100	-1.568860
0.060200	2.292940
0.060300	6.154740
0.060400	1.327490
0.060500	-9.292460
0.060600	-14.119700
0.060700	-13.154300
0.060800	-5.430660
0.060900	-3.499760
0.061000	0.362044
0.061100	-0.603406
0.061200	-2.534310
0.061300	2.292940
0.061400	2.292940
0.061500	4.223840
0.061600	6.154740
0.061700	1.327490
0.061800	-5.430660
0.061900	-14.119700
0.062000	-11.223400
0.062100	-5.430660
0.062200	-3.499760
0.062300	-6.396110
0.062400	-16.050600
0.062500	-17.016100
0.062600	-6.396110
0.062700	-2.534310
0.062800	-7.361560
0.062900	-32.463299
0.063000	-59.495899
0.063100	-71.081299
0.063200	-78.804901
0.063300	-75.908501
0.063400	-71.081299
0.063500	-70.115799
0.063600	-61.426800
0.063700	-49.841400
0.063800	-51.772301
0.063900	-55.634102
0.064000	-53.703201
0.064100	-48.875900
0.064200	-45.979599
0.064300	-54.668598
0.064400	-60.944000
0.064500	-61.426800
0.064600	-45.979599
0.064700	-38.256001
0.064800	-40.186901
0.064900	-39.221401
0.065000	-33.428699
0.065100	-29.566900
0.065200	-20.877899
0.065300	-19.429701
0.065400	-26.670601
0.065500	-20.877899
0.065600	-13.154300
0.065700	-11.223400
0.065800	-12.188800
0.065900	-11.223400
0.066000	-12.188800
0.066100	-13.154300
0.066200	-15.085200
0.066300	-13.154300
0.066400	-14.119700
0.066500	-17.016100
0.066600	-12.188800
0.066700	-9.292460
0.066800	-10.257900
0.066900	-13.154300
0.067000	-17.016100
0.067100	-18.947001
0.067200	-20.877899
0.067300	-15.085200
0.067400	-14.119700
0.067500	-22.808800
0.067600	-21.843300
0.067700	-17.981501
0.067800	-17.016100
0.067900	-21.843300
0.068000	-32.463299
0.068100	-38.256001
0.068200	-26.187799
0.068300	-17.016100
0.068400	-18.947001
0.068500	-24.739700
0.068600	-24.739700
0.068700	-18.947001
0.068800	-19.912399
0.068900	-19.912399
0.069000	-20.877899
0.069100	-20.877899
0.069200	-21.843300
0.069300	-22.808800
0.069400	-22.808800
0.069500	-26.670601
0.069600	-28.601500
0.069700	-25.222401
0.069800	-18.947001
0.069900	-17.981501
0.070000	-17.981501
0.070100	-17.981501
0.070200	-13.154300
0.070300	-15.085200
0.070400	-15.085200
0.070500	-14.119700
0.070600	-14.119700
0.070700	-10.257900
0.070800	-6.396110
0.070900	-10.257900
0.071000	-7.361560
0.071100	-5.430660
0.071200	-5.430660
0.071300	-3.499760
0.071400	-1.568860
0.071500	-5.430660
0.071600	-6.396110
0.071700	-4.465210
0.071800	-7.361560
0.071900	-8.327010
0.072000	-8.327010
0.072100	-7.361560
0.072200	-3.499760
0.072300	-2.534310
0.072400	-3.499760
0.072500	2.292940
0.072600	-1.568860
0.072700	-6.396110
0.072800	-11.223400
0.072900	-5.430660
0.073000	4.223840
0.073100	-8.327010
0.073200	3.258390
0.073300	0.362044
0.073400	-17.016100
0.073500	-13.154300
0.073600	-1.568860
0.073700	0.362044
0.073800	-1.568860
0.073900	-3.499760
0.074000	1.327490
0.074100	2.292940
0.074200	-2.534310
0.074300	-2.534310
0.074400	-1.568860
0.074500	-0.603406
0.074600	-2.534310
0.074700	-2.051580
0.074800	-1.568860
0.074900	-6.396110
0.075000	-4.465210
0.075100	-3.499760
0.075200	-1.568860
0.075300	-6.396110
0.075400	-3.982480
0.075500	0.362044
0.075600	0.362044
0.075700	0.362044
0.075800	-1.568860
0.075900	0.362044
0.076000	1.327490
0.076100	-3.499760
0.076200	-9.292460
0.076300	-5.430660
0.076400	-3.499760
0.076500	-3.499760
0.076600	-4.465210
0.076700	-7.361560
0.076800	-17.016100
0.076900	-16.533300
0.077000	-11.706100
0.077100	-15.085200
0.077200	-16.050600
0.077300	-9.775180
0.077400	-10.257900
0.077500	-11.223400
0.077600	-11.223400
0.077700	-13.154300
0.077800	-16.050600
0.077900	-13.154300
0.078000	-16.050600
0.078100	-15.085200
0.078200	-14.119700
0.078300	-14.602400
0.078400	-17.498800
0.078500	-15.085200
0.078600	-11.223400
0.078700	-11.223400
0.078800	-13.154300
0.078900	-18.947001
0.079000	-22.808800
0.079100	-17.016100
0.079200	-11.223400
0.079300	-15.085200
0.079400	-21.843300
0.079500	-19.912399
0.079600	-17.016100
0.079700	-13.154300
0.079800	-6.878830
0.079900	-11.223400
0.080000	-13.154300
0.080100	-9.292460
0.080200	-9.292460
0.080300	-14.119700
0.080400	-13.154300
0.080500	-7.361560
0.080600	-9.292460
0.080700	-7.361560
0.080800	-6.396110
0.080900	-9.292460
0.081000	-10.257900
0.081100	-10.257900
0.081200	-10.257900
0.081300	-11.223400
0.081400	-10.740600
0.081500	-6.396110
0.081600	-7.361560
0.081700	-7.361560
0.081800	-5.430660
0.081900	-3.499760
0.082000	-5.430660
0.082100	-9.775180
0.082200	-11.223400
0.082300	-7.361560
0.082400	-5.430660
0.082500	-3.017030
0.082600	-7.361560
0.082700	-9.292460
0.082800	-15.085200
0.082900	-9.292460
0.083000	-6.396110
0.083100	-8.327010
0.083200	-9.292460
0.083300	-8.809730
0.083400	-5.913380
0.083500	-6.396110
0.083600	-7.361560
0.083700	-7.361560
0.083800	-5.430660
0.083900	-3.499760
0.084000	0.362044
0.084100	-1.568860
0.084200	-3.499760
0.084300	-4.947930
0.084400	-3.499760
0.084500	-7.361560
0.084600	-9.292460
0.084700	-11.223400
0.084800	-12.188800
0.084900	-11.223400
0.085000	-7.361560
0.085100	-11.223400
0.085200	-11.223400
0.085300	-10.257900
0.085400	-9.292460
0.085500	-10.257900
0.085600	-8.327010
0.085700	-3.499760
0.085800	-3.017030
0.085900	-1.568860
0.086000	-5.430660
0.086100	-5.430660
0.086200	-7.361560
0.086300	-3.499760
0.086400	-2.534310
0.086500	-3.499760
0.086600	0.362044
0.086700	-3.499760
0.086800	-13.154300
0.086900	-9.292460
0.087000	0.362044
0.087100	-8.327010
0.087200	-1.568860
0.087300	-5.430660
0.087400	-11.223400
0.087500	-8.327010
0.087600	-4.465210
0.087700	-5.430660
0.087800	-3.499760
0.087900	-4.947930
0.088000	-6.396110
0.088100	-9.292460
0.088200	-10.257900
0.088300	-5.430660
0.088400	-3.499760
0.088500	-3.499760
0.088600	-2.051580
0.088700	-3.499760
0.088800	-3.499760
0.088900	-5.430660
0.089000	-6.878830
0.089100	-5.430660
0.089200	0.362044
0.089300	-3.499760
0.089400	-7.361560
0.089500	-6.396110
0.089600	-3.499760
0.089700	0.362044
0.089800	-3.499760
0.089900	-2.051580
0.090000	-2.534310
0.090100	-3.499760
0.090200	-0.603406
0.090300	-3.499760
0.090400	-7.361560
0.090500	-7.361560
0.090600	-4.947930
0.090700	-4.947930
0.090800	-5.430660
0.090900	-3.499760
0.091000	-3.499760
0.091100	-5.430660
0.091200	-5.430660
0.091300	-2.534310
0.091400	-2.534310
0.091500	1.327490
0.091600	1.327490
0.091700	2.292940
0.091800	-1.568860
0.091900	-7.361560
0.092000	-7.361560
0.092100	-2.051580
0.092200	0.362044
0.092300	0.362044
0.092400	2.292940
0.092500	1.327490
0.092600	0.362044
0.092700	0.362044
0.092800	-3.499760
0.092900	-3.499760
0.093000	4.223840
0.093100	0.362044
0.093200	2.292940
0.093300	-3.499760
0.093400	-4.947930
0.093500	-4.465210
0.093600	0.362044
0.093700	0.362044
0.093800	2.292940
0.093900	-0.603406
0.094000	-2.051580
0.094100	-1.568860
0.094200	3.258390
0.094300	2.292940
0.094400	4.223840
0.094500	3.258390
0.094600	1.327490
0.094700	2.292940
0.094800	4.223840
0.094900	4.223840
0.095000	4.223840
0.095100	-1.568860
0.095200	0.362044
0.095300	-4.465210
0.095400	-0.603406
0.095500	2.292940
0.095600	-3.017030
0.095700	-3.499760
0.095800	-3.499760
0.095900	1.327490
0.096000	3.258390
0.096100	1.810220
0.096200	0.362044
0.096300	4.223840
0.096400	3.258390
0.096500	0.362044
0.096600	1.327490
0.096700	1.327490
0.096800	1.327490
0.096900	2.775670
0.097000	0.362044
0.097100	0.362044
0.097200	-3.499760
0.097300	-4.947930
0.097400	-5.430660
0.097500	-1.568860
0.097600	2.292940
0.097700	-1.568860
0.097800	-1.568860
0.097900	0.362044
0.098000	2.775670
0.098100	4.223840
0.098200	4.223840
0.098300	-1.568860
0.098400	-4.465210
0.098500	-3.499760
0.098600	0.362044
0.098700	0.844769
0.098800	-2.534310
0.098900	-3.499760
0.099000	2.292940
0.099100	1.810220
0.099200	1.327490
0.099300	-4.465210
0.099400	-2.534310
0.099500	-0.603406
0.099600	0.362044
0.099700	4.223840
0.099800	0.844769
0.099900	1.327490
0.100000	2.292940
0.100100	3.258390
0.100200	0.362044
0.100300	-0.603406
0.100400	-3.499760
0.100500	-7.361560
0.100600	-5.430660
0.100700	0.362044
0.100800	1.810220
0.100900	4.223840
0.101000	0.362044
0.101100	5.189290
0.101200	-8.809730
0.101300	-6.396110
0.101400	-1.568860
0.101500	-1.568860
0.101600	-2.534310
0.101700	-1.568860
0.101800	-3.499760
0.101900	-3.017030
0.102000	-2.534310
0.102100	-3.499760
0.102200	-7.361560
0.102300	-3.499760
0.102400	0.362044
0.102500	-0.603406
0.102600	-5.430660
0.102700	-3.499760
0.102800	-0.603406
0.102900	2.292940
0.103000	-6.878830
0.103100	-4.465210
0.103200	1.810220
0.103300	0.362044
0.103400	-3.499760
0.103500	-1.568860
0.103600	-1.568860
0.103700	-0.603406
0.103800	-2.534310
0.103900	0.362044
0.104000	-1.568860
0.104100	-3.499760
0.104200	-11.223400
0.104300	-7.361560
0.104400	-1.568860
0.104500	1.327490
0.104600	1.327490
0.104700	2.292940
0.104800	-2.534310
0.104900	0.362044
0.105000	0.362044
0.105100	2.292940
0.105200	0.362044
0.105300	-1.568860
0.105400	-0.603406
0.105500	5.189290
0.105600	-2.534310
0.105700	-1.568860
0.105800	-1.568860
0.105900	0.362044
0.106000	0.362044
0.106100	0.362044
0.106200	-3.499760
0.106300	-2.534310
0.106400	-0.603406
0.106500	-2.534310
0.106600	-3.017030
0.106700	-3.499760
0.106800	1.327490
0.106900	2.292940
0.107000	-4.465210
0.107100	-6.396110
0.107200	-7.361560
0.107300	-4.465210
0.107400	1.810220
0.107500	-1.568860
0.107600	-2.534310
0.107700	1.327490
0.107800	4.223840
0.107900	2.292940
0.108000	0.362044
0.108100	1.327490
0.108200	-1.568860
0.108300	-2.534310
0.108400	-1.568860
0.108500	2.292940
0.108600	0.362044
0.108700	0.362044
0.108800	1.327490
0.108900	-1.568860
0.109000	0.362044
0.109100	-3.499760
0.109200	1.327490
0.109300	-3.499760
0.109400	-11.223400
0.109500	-12.188800
0.109600	-3.499760
0.109700	-1.568860
0.109800	-3.499760
0.109900	-1.568860
0.110000	0.844769
0.110100	3.258390
0.110200	0.362044
0.110300	-3.017030
0.110400	-2.534310
0.110500	0.362044
0.110600	0.362044
0.110700	-2.534310
0.110800	-2.534310
0.110900	0.362044
0.111000	1.327490
0.111100	1.327490
0.111200	-1.568860
0.111300	-3.499760
0.111400	-1.568860
0.111500	-1.086130
0.111600	-2.051580
0.111700	-2.534310
0.111800	-4.465210
0.111900	-3.017030
0.112000	-4.465210
0.112100	-3.499760
0.112200	-2.534310
0.112300	-1.568860
0.112400	-4.947930
0.112500	-3.499760
0.112600	-3.499760
0.112700	2.292940
0.112800	1.327490
0.112900	-3.499760
0.113000	-8.327010
0.113100	-10.257900
0.113200	-1.568860
0.113300	-2.534310
0.113400	-3.499760
0.113500	0.362044
0.113600	6.154740
0.113700	2.292940
0.113800	-4.465210
0.113900	-2.534310
0.114000	2.292940
0.114100	-1.568860
0.114200	-3.499760
0.114300	-1.568860
0.114400	-3.017030
0.114500	0.362044
0.114600	-1.568860
0.114700	-0.603406
0.114800	-1.568860
0.114900	1.327490
0.115000	0.362044
0.115100	0.362044
0.115200	6.154740
0.115300	1.327490
0.115400	-4.465210
0.115500	1.327490
0.115600	4.223840
0.115700	4.223840
0.115800	-2.534310
0.115900	-1.568860
0.116000	-0.603406
0.116100	1.327490
0.116200	2.292940
0.116300	4.223840
0.116400	2.775670
0.116500	1.327490
0.116600	4.223840
0.116700	4.223840
0.116800	3.258390
0.116900	0.362044
0.117000	0.362044
0.117100	-1.568860
0.117200	1.327490
0.117300	-5.430660
0.117400	-5.430660
0.117500	-3.982480
0.117600	-7.361560
0.117700	-2.534310
0.117800	-1.568860
0.117900	0.844769
0.118000	-1.568860
0.118100	-2.534310
0.118200	-3.499760
0.118300	1.327490
0.118400	0.362044
0.118500	0.362044
0.118600	0.844769
0.118700	5.189290
0.118800	4.223840
0.118900	0.362044
0.119000	1.327490
0.119100	-3.499760
0.119200	0.362044
0.119300	-2.534310
0.119400	-4.465210
0.119500	-3.499760
0.119600	0.362044
0.119700	0.362044
0.119800	-1.568860
0.119900	-2.534310
0.120000	1.327490
0.120100	-1.568860
0.120200	0.362044
0.120300	1.327490
0.120400	2.292940
0.120500	1.327490
0.120600	2.292940
0.120700	-1.086130
0.120800	0.362044
0.120900	2.292940
0.121000	3.258390
0.121100	6.154740
0.121200	-3.499760
0.121300	-7.361560
0.121400	-3.499760
0.121500	2.292940
0.121600	0.362044
0.121700	-1.568860
0.121800	-2.534310
0.121900	-4.465210
0.122000	-3.499760
0.122100	-1.568860
0.122200	0.362044
0.122300	0.362044
0.122400	-1.568860
0.122500	0.844769
0.122600	1.327490
0.122700	0.362044
0.122800	-1.568860
0.122900	-1.568860
0.123000	-3.499760
0.123100	-1.568860
0.123200	2.292940
0.123300	1.810220
0.123400	-1.086130
0.123500	2.292940
0.123600	1.327490
0.123700	1.810220
0.123800	2.292940
0.123900	0.844769
0.124000	-3.499760
0.124100	-0.603406
0.124200	1.327490
0.124300	2.292940
0.124400	0.362044
0.124500	1.327490
0.124600	1.327490
0.124700	0.362044
0.124800	-3.499760
0.124900	-1.086130
0.125000	-3.499760
0.125100	-3.499760
0.125200	-4.465210
0.125300	-3.499760
0.125400	-2.534310
0.125500	-1.086130
0.125600	2.292940
0.125700	0.362044
0.125800	0.362044
0.125900	3.258390
0.126000	3.258390
0.126100	-1.568860
0.126200	-3.499760
0.126300	0.362044
0.126400	1.327490
0.126500	-2.051580
0.126600	-0.603406
0.126700	3.258390
0.126800	5.189290
0.126900	6.637470
0.127000	2.292940
0.127100	0.362044
0.127200	0.362044
0.127300	2.292940
0.127400	4.223840
0.127500	-2.051580
0.127600	0.362044
0.127700	2.292940
0.127800	-1.568860
0.127900	-1.568860
0.128000	1.327490
0.128100	0.362044
0.128200	-1.568860
0.128300	-1.568860
0.128400	-3.499760
0.128500	0.362044
0.128600	3.258390
0.128700	5.189290
0.128800	2.292940
0.128900	-2.534310
0.129000	2.292940
0.129100	4.223840
0.129200	2.292940
0.129300	-3.499760
0.129400	-2.534310
0.129500	0.362044
0.129600	2.292940
0.129700	4.223840
0.129800	3.258390
0.129900	-2.534310
0.130000	-4.465210
0.130100	-3.499760
0.130200	-6.396110
0.130300	-3.499760
0.130400	-2.534310
0.130500	-2.534310
0.130600	-6.396110
0.130700	-3.499760
0.130800	-2.534310
0.130900	-2.051580
0.131000	-1.086130
0.131100	-1.568860
0.131200	0.362044
0.131300	-2.534310
0.131400	0.362044
0.131500	2.775670
0.131600	-3.499760
0.131700	0.362044
0.131800	-0.603406
0.131900	2.292940
0.132000	-1.568860
0.132100	0.362044
0.132200	-1.568860
0.132300	-4.465210
0.132400	-3.499760
0.132500	-3.499760
0.132600	0.362044
0.132700	2.292940
0.132800	4.223840
0.132900	2.292940
0.133000	4.223840
0.133100	-3.499760
0.133200	-5.430660
0.133300	-7.361560
0.133400	-5.430660
0.133500	-3.499760
0.133600	-4.465210
0.133700	-3.499760
0.133800	-1.568860
0.133900	0.844769
0.134000	0.362044
0.134100	0.362044
0.134200	-1.568860
0.134300	-3.017030
0.134400	0.362044
0.134500	0.362044
0.134600	0.362044
0.134700	0.362044
0.134800	0.844769
0.134900	-3.499760
0.135000	0.362044
0.135100	8.085640
0.135200	6.154740
0.135300	4.223840
0.135400	0.362044
0.135500	-3.499760
0.135600	-2.534310
0.135700	1.810220
0.135800	-1.568860
0.135900	-3.499760
0.136000	2.292940
0.136100	1.327490
0.136200	0.362044
0.136300	-1.568860
0.136400	-3.499760
0.136500	1.327490
0.136600	0.844769
0.136700	-4.947930
0.136800	0.362044
0.136900	2.292940
0.137000	-5.913380
0.137100	-3.499760
0.137200	2.775670
0.137300	1.327490
0.137400	2.292940
0.137500	-2.534310
0.137600	-5.430660
0.137700	-5.430660
0.137800	-5.430660
0.137900	1.327490
0.138000	-1.568860
0.138100	-1.568860
0.138200	-1.568860
0.138300	-2.534310
0.138400	-1.568860
0.138500	1.327490
0.138600	-3.499760
0.138700	0.362044
0.138800	4.223840
0.138900	1.810220
0.139000	-3.499760
0.139100	-2.051580
0.139200	-2.534310
0.139300	-1.568860
0.139400	-3.499760
0.139500	-5.430660
0.139600	-5.430660
0.139700	-1.568860
0.139800	1.327490
0.139900	1.327490
0.140000	-2.534310
0.140100	-2.534310
0.140200	0.362044
0.140300	4.223840
0.140400	4.223840
0.140500	-3.499760
0.140600	-3.499760
0.140700	2.292940
0.140800	0.362044
0.140900	-5.430660
0.141000	-2.534310
0.141100	-1.568860
0.141200	0.362044
0.141300	-1.568860
0.141400	-3.499760
0.141500	0.362044
0.141600	-1.568860
0.141700	-4.465210
0.141800	-3.499760
0.141900	-1.568860
0.142000	-3.499760
0.142100	-3.499760
0.142200	0.362044
0.142300	4.223840
0.142400	3.258390
0.142500	-1.568860
0.142600	2.292940
0.142700	-0.603406
0.142800	-3.017030
0.142900	-4.465210
0.143000	-4.947930
0.143100	-4.465210
0.143200	-10.257900
0.143300	-7.361560
0.143400	-4.465210
0.143500	0.362044
0.143600	0.362044
0.143700	3.258390
0.143800	-1.568860
0.143900	-3.499760
0.144000	-2.534310
0.144100	-5.430660
0.144200	-7.361560
0.144300	-5.430660
0.144400	-4.947930
0.144500	-3.982480
0.144600	-2.534310
0.144700	-1.568860
0.144800	-1.568860
0.144900	0.362044
0.145000	0.362044
0.145100	-2.534310
0.145200	-2.534310
0.145300	-1.568860
0.145400	-1.568860
0.145500	-1.568860
0.145600	1.327490
0.145700	0.362044
0.145800	-4.465210
0.145900	-5.430660
0.146000	-4.465210
0.146100	0.362044
0.146200	2.292940
0.146300	-1.568860
0.146400	0.362044
0.146500	0.362044
0.146600	-3.499760
0.146700	-5.430660
0.146800	-2.534310
0.146900	-3.499760
0.147000	2.775670
0.147100	0.362044
0.147200	-3.017030
0.147300	-5.430660
0.147400	-3.499760
0.147500	-2.051580
0.147600	0.362044
0.147700	2.292940
0.147800	-3.499760
0.147900	-8.327010
0.148000	-5.430660
0.148100	-3.499760
0.148200	-3.499760
0.148300	-4.465210
0.148400	-3.017030
0.148500	-7.361560
0.148600	-7.361560
0.148700	-1.568860
0.148800	0.362044
0.148900	-5.430660
0.149000	-4.465210
0.149100	-2.534310
0.149200	-1.568860
0.149300	-4.465210
0.149400	-1.568860
0.149500	0.362044
0.149600	-6.396110
0.149700	-4.465210
0.149800	-3.499760
0.149900	-1.086130
0.150000	1.327490
0.150100	-1.568860
0.150200	1.327490
0.150300	0.362044
0.150400	-2.534310
0.150500	0.362044
0.150600	-1.568860
0.150700	-1.568860
0.150800	2.775670
0.150900	-0.603406
0.151000	-3.499760
0.151100	-10.257900
0.151200	-3.499760
0.151300	1.810220
0.151400	2.292940
0.151500	-5.430660
0.151600	-4.465210
0.151700	-2.534310
0.151800	-3.499760
0.151900	-3.499760
0.152000	-2.534310
0.152100	-3.499760
0.152200	-3.499760
0.152300	0.362044
0.152400	-4.465210
0.152500	-3.499760
0.152600	2.292940
0.152700	0.362044
0.152800	-5.430660
0.152900	-7.361560
0.153000	-3.499760
0.153100	-1.568860
0.153200	-3.499760
0.153300	-1.568860
0.153400	-1.568860
0.153500	-1.568860
0.153600	-1.568860
0.153700	-3.499760
0.153800	-0.603406
0.153900	-1.568860
0.154000	-1.568860
0.154100	1.327490
0.154200	-3.499760
0.154300	-4.465210
0.154400	2.292940
0.154500	6.637470
0.154600	-1.568860
0.154700	-3.499760
0.154800	-3.499760
0.154900	-3.499760
0.155000	-5.430660
0.155100	-3.499760
0.155200	-1.086130
0.155300	-1.568860
0.155400	2.292940
0.155500	-0.603406
0.155600	-1.086130
0.155700	-3.499760
0.155800	-5.430660
0.155900	-0.603406
0.156000	-2.534310
0.156100	-5.430660
0.156200	-5.430660
0.156300	-5.430660
0.156400	-2.534310
0.156500	0.362044
0.156600	-1.568860
0.156700	-0.603406
0.156800	0.362044
0.156900	2.292940
0.157000	0.362044
0.157100	-3.499760
0.157200	0.362044
0.157300	-1.568860
0.157400	-3.499760
0.157500	-3.499760
0.157600	2.292940
0.157700	-0.603406
0.157800	0.362044
0.157900	-3.499760
0.158000	2.292940
0.158100	1.327490
0.158200	1.327490
0.158300	-2.534310
0.158400	-7.361560
0.158500	-1.568860
0.158600	1.327490
0.158700	-1.568860
0.158800	-3.499760
0.158900	2.292940
0.159000	1.327490
0.159100	1.327490
0.159200	4.223840
0.159300	0.844769
0.159400	-4.465210
0.159500	-3.499760
0.159600	-3.499760
0.159700	-3.499760
0.159800	-3.499760
0.159900	-3.499760
0.160000	-1.568860
0.160100	-2.534310
0.160200	0.362044
0.160300	-0.603406
0.160400	-2.534310
0.160500	-1.568860
0.160600	-1.568860
0.160700	-4.947930
0.160800	-5.430660
0.160900	-6.396110
0.161000	-7.844280
0.161100	-1.568860
0.161200	-3.017030
0.161300	-6.396110
0.161400	-2.534310
0.161500	-3.499760
0.161600	-3.499760
0.161700	-2.534310
0.161800	-3.499760
0.161900	-2.534310
0.162000	1.327490
0.162100	5.189290
0.162200	5.189290
0.162300	-1.568860
0.162400	-6.396110
0.162500	-4.947930
0.162600	-0.603406
0.162700	1.810220
0.162800	0.362044
0.162900	0.362044
0.163000	4.223840
0.163100	-7.361560
0.163200	-7.361560
0.163300	-5.430660
0.163400	-2.534310
0.163500	-1.568860
0.163600	2.292940
0.163700	4.223840
0.163800	4.223840
0.163900	8.085640
0.164000	2.775670
0.164100	-1.568860
0.164200	-2.534310
0.164300	-1.568860
0.164400	0.362044
0.164500	0.362044
0.164600	-3.499760
0.164700	-4.465210
0.164800	-4.465210
0.164900	-2.534310
0.165000	0.362044
0.165100	1.327490
0.165200	-2.534310
0.165300	-7.361560
0.165400	-3.499760
0.165500	0.362044
0.165600	-1.568860
0.165700	0.362044
0.165800	-1.568860
0.165900	-1.568860
0.166000	-3.499760
0.166100	-1.568860
0.166200	-1.568860
0.166300	0.362044
0.166400	1.327490
0.166500	-2.534310
0.166600	1.327490
0.166700	4.223840
0.166800	1.327490
0.166900	0.362044
0.167000	0.362044
0.167100	-11.223400
0.167200	-3.499760
0.167300	-3.499760
0.167400	0.362044
0.167500	1.327490
0.167600	2.292940
0.167700	-2.534310
0.167800	-1.568860
0.167900	0.362044
0.168000	0.362044
0.168100	-3.017030
0.168200	-3.499760
0.168300	-3.499760
0.168400	-3.499760
0.168500	-2.534310
0.168600	-1.568860
0.168700	-2.534310
0.168800	-3.499760
0.168900	-3.982480
0.169000	0.362044
0.169100	-5.430660
0.169200	-3.499760
0.169300	-0.603406
0.169400	-3.499760
0.169500	-4.947930
0.169600	0.362044
0.169700	2.292940
0.169800	2.292940
0.169900	2.292940
0.170000	2.292940
0.170100	2.292940
0.170200	2.292940
0.170300	0.362044
0.170400	2.292940
0.170500	-3.017030
0.170600	-2.534310
0.170700	0.844769
0.170800	1.327490
0.170900	-1.086130
0.171000	-3.499760
0.171100	-3.499760
0.171200	-3.499760
0.171300	-7.361560
0.171400	-7.361560
0.171500	-5.430660
0.171600	-1.568860
0.171700	-3.499760
0.171800	-4.465210
0.171900	-1.568860
0.172000	0.362044
0.172100	-1.568860
0.172200	-1.568860
0.172300	2.292940
0.172400	1.327490
0.172500	-1.568860
0.172600	0.362044
0.172700	0.362044
0.172800	-2.534310
0.172900	-3.499760
0.173000	-3.017030
0.173100	2.292940
0.173200	4.223840
0.173300	2.292940
0.173400	1.327490
0.173500	0.362044
0.173600	1.327490
0.173700	0.362044
0.173800	0.362044
0.173900	1.327490
0.174000	2.292940
0.174100	1.327490
0.174200	0.362044
0.174300	-1.086130
0.174400	-2.534310
0.174500	0.362044
0.174600	0.362044
0.174700	-1.568860
0.174800	-5.430660
0.174900	-3.499760
0.175000	-1.568860
0.175100	2.292940
0.175200	-5.430660
0.175300	-5.430660
0.175400	-3.499760
0.175500	0.362044
0.175600	0.362044
0.175700	-3.499760
0.175800	-1.568860
0.175900	-1.568860
0.176000	2.775670
0.176100	4.223840
0.176200	1.327490
0.176300	2.292940
0.176400	1.327490
0.176500	-1.568860
0.176600	-2.534310
0.176700	-3.499760
0.176800	-4.465210
0.176900	-1.568860
0.177000	1.327490
0.177100	-1.568860
0.177200	-1.568860
0.177300	-3.499760
0.177400	-2.534310
0.177500	4.223840
0.177600	4.223840
0.177700	-0.603406
0.177800	-2.534310
0.177900	0.362044
0.178000	-1.568860
0.178100	-5.430660
0.178200	-6.396110
0.178300	-1.568860
0.178400	0.362044
0.178500	-1.568860
0.178600	-1.568860
0.178700	-0.603406
0.178800	-3.499760
0.178900	0.362044
0.179000	-1.568860
0.179100	-5.430660
0.179200	-4.465210
0.179300	-1.568860
0.179400	1.327490
0.179500	-1.568860
0.179600	0.362044
0.179700	2.292940
0.179800	0.362044
0.179900	-0.603406
0.180000	-1.086130
0.180100	-3.499760
0.180200	-3.499760
0.180300	-2.534310
0.180400	-4.947930
0.180500	-1.568860
0.180600	-3.499760
0.180700	-2.534310
0.180800	0.362044
0.180900	-3.499760
0.181000	1.327490
0.181100	-5.430660
0.181200	-2.534310
0.181300	-1.568860
0.181400	0.362044
0.181500	-2.534310
0.181600	-3.017030
0.181700	-2.534310
0.181800	-3.499760
0.181900	0.362044
0.182000	-1.568860
0.182100	-1.568860
0.182200	0.362044
0.182300	0.362044
0.182400	2.292940
0.182500	1.327490
0.182600	0.362044
0.182700	-4.465210
0.182800	-1.568860
0.182900	1.327490
0.183000	3.258390
0.183100	-2.534310
0.183200	-3.017030
0.183300	-3.499760
0.183400	-2.534310
0.183500	-0.603406
0.183600	-5.430660
0.183700	-1.568860
0.183800	-1.086130
0.183900	-2.534310
0.184000	-2.534310
0.184100	0.362044
0.184200	2.292940
0.184300	2.292940
0.184400	0.362044
0.184500	-1.568860
0.184600	2.292940
0.184700	2.292940
0.184800	4.223840
0.184900	-1.568860
0.185000	-0.603406
0.185100	4.223840
0.185200	4.223840
0.185300	-2.534310
0.185400	-5.430660
0.185500	-2.534310
0.185600	0.362044
0.185700	-2.534310
0.185800	-1.568860
0.185900	0.362044
0.186000	0.362044
0.186100	-1.086130
0.186200	-4.465210
0.186300	-3.499760
0.186400	-3.499760
0.186500	2.292940
0.186600	2.292940
0.186700	-3.499760
0.186800	-3.499760
0.186900	-2.534310
0.187000	-4.465210
0.187100	0.362044
0.187200	-2.534310
0.187300	-3.499760
0.187400	1.327490
0.187500	1.327490
0.187600	-3.499760
0.187700	-5.430660
0.187800	-3.499760
0.187900	-3.499760
0.188000	-0.603406
0.188100	0.362044
0.188200	0.362044
0.188300	0.362044
0.188400	-1.568860
0.188500	-3.499760
0.188600	-3.499760
0.188700	-2.534310
0.188800	-3.499760
0.188900	-4.947930
0.189000	-5.430660
0.189100	2.292940
0.189200	0.362044
0.189300	-2.534310
0.189400	-2.534310
0.189500	-3.499760
0.189600	-5.430660
0.189700	-2.534310
0.189800	2.292940
0.189900	0.362044
0.190000	0.362044
0.190100	0.362044
0.190200	0.362044
0.190300	-1.568860
0.190400	-6.396110
0.190500	-1.086130
0.190600	-2.534310
0.190700	-5.430660
0.190800	-2.534310
0.190900	0.362044
0.191000	-1.568860
0.191100	1.327490
0.191200	0.362044
0.191300	-3.499760
0.191400	-2.534310
0.191500	0.362044
0.191600	-5.430660
0.191700	-4.465210
0.191800	-0.603406
0.191900	1.327490
0.192000	-2.534310
0.192100	-1.568860
0.192200	0.362044
0.192300	-1.568860
0.192400	-4.465210
0.192500	-2.534310
0.192600	-1.568860
0.192700	-3.499760
0.192800	-4.465210
0.192900	-5.430660
0.193000	-4.947930
0.193100	1.810220
0.193200	4.223840
0.193300	-2.534310
0.193400	-3.017030
0.193500	-0.603406
0.193600	0.362044
0.193700	-2.534310
0.193800	-1.086130
0.193900	1.327490
0.194000	0.362044
0.194100	-0.603406
0.194200	-2.534310
0.194300	-5.430660
0.194400	-5.430660
0.194500	1.810220
0.194600	4.223840
0.194700	4.223840
0.194800	1.327490
0.194900	2.775670
0.195000	2.292940
0.195100	-4.947930
0.195200	-3.499760
0.195300	-3.499760
0.195400	2.292940
0.195500	2.292940
0.195600	-1.568860
0.195700	-1.568860
0.195800	-3.499760
0.195900	-1.568860
0.196000	-0.603406
0.196100	-1.568860
0.196200	-3.499760
0.196300	-4.947930
0.196400	-2.534310
0.196500	0.362044
0.196600	0.362044
0.196700	-1.568860
0.196800	-1.568860
0.196900	-2.534310
0.197000	-2.534310
0.197100	-2.534310
0.197200	-2.534310
0.197300	-3.499760
0.197400	-2.534310
0.197500	-2.534310
0.197600	0.362044
0.197700	-2.051580
0.197800	-2.534310
0.197900	0.362044
0.198000	0.362044
0.198100	3.258390
0.198200	5.189290
0.198300	1.327490
0.198400	-1.568860
0.198500	-1.568860
0.198600	0.362044
0.198700	-3.499760
0.198800	-3.499760
0.198900	-0.603406
0.199000	1.810220
0.199100	-0.603406
0.199200	-2.534310
0.199300	-2.534310
0.199400	-3.017030
0.199500	-3.499760
0.199600	-1.568860
0.199700	-2.534310
0.199800	-3.499760
0.199900	-3.499760
0.200000	-3.499760
0.200100	-1.568860
0.200200	4.223840
0.200300	1.810220
0.200400	1.327490
0.200500	2.292940
0.200600	2.292940
0.200700	0.362044
0.200800	0.362044
0.200900	2.292940
0.201000	0.362044
0.201100	-2.534310
0.201200	-1.568860
0.201300	-1.568860
0.201400	1.327490
0.201500	-0.603406
0.201600	4.223840
0.201700	1.327490
0.201800	-3.499760
0.201900	-5.430660
0.202000	-4.947930
0.202100	-2.051580
0.202200	-1.568860
0.202300	-2.534310
0.202400	-3.499760
0.202500	-0.603406
0.202600	0.362044
0.202700	1.327490
0.202800	-3.499760
0.202900	-1.568860
0.203000	-1.568860
0.203100	-4.465210
0.203200	-3.017030
0.203300	-3.499760
0.203400	-4.465210
0.203500	-2.534310
0.203600	1.327490
0.203700	0.362044
0.203800	-1.568860
0.203900	-3.499760
0.204000	1.327490
0.204100	2.292940
0.204200	1.327490
0.204300	2.292940
0.204400	0.362044
0.204500	-3.499760
0.204600	-2.534310
0.204700	-2.534310
0.204800	-4.947930
0.204900	-3.982480
0.205000	-3.499760
0.205100	-1.568860
0.205200	-6.396110
0.205300	-5.430660
0.205400	-3.017030
0.205500	0.362044
0.205600	-1.568860
0.205700	-1.086130
0.205800	0.362044
0.205900	0.362044
0.206000	-3.499760
0.206100	-3.499760
0.206200	-2.534310
0.206300	-1.568860
0.206400	-3.499760
0.206500	-3.499760
0.206600	-4.947930
0.206700	-2.534310
0.206800	-2.051580
0.206900	-4.465210
0.207000	2.292940
0.207100	1.327490
0.207200	-5.430660
0.207300	0.362044
0.207400	0.362044
0.207500	0.844769
0.207600	-0.603406
0.207700	-0.603406
0.207800	2.292940
0.207900	-1.568860
0.208000	-3.499760
0.208100	-2.534310
0.208200	-1.568860
0.208300	0.362044
0.208400	0.362044
0.208500	-2.534310
0.208600	0.362044
0.208700	0.362044
0.208800	2.775670
0.208900	2.292940
0.209000	3.258390
0.209100	-0.603406
0.209200	-1.568860
0.209300	2.292940
0.209400	5.189290
0.209500	1.327490
0.209600	-3.499760
0.209700	-1.568860
0.209800	0.362044
0.209900	-2.534310
0.210000	-1.568860
0.210100	0.362044
0.210200	-2.534310
0.210300	1.327490
0.210400	4.223840
0.210500	4.223840
0.210600	0.844769
0.210700	-4.465210
0.210800	-1.568860
0.210900	0.362044
0.211000	4.223840
0.211100	0.362044
0.211200	0.362044
0.211300	0.362044
0.211400	-3.499760
0.211500	-5.430660
0.211600	-2.534310
0.211700	1.810220
0.211800	-1.568860
0.211900	-2.534310
0.212000	-3.499760
0.212100	-3.499760
0.212200	-1.568860
0.212300	-1.568860
0.212400	-2.534310
0.212500	-1.086130
0.212600	0.362044
0.212700	3.258390
0.212800	4.223840
0.212900	-2.534310
0.213000	-1.086130
0.213100	4.223840
0.213200	-3.499760
0.213300	0.362044
0.213400	1.810220
0.213500	2.292940
0.213600	-0.603406
0.213700	2.292940
0.213800	3.258390
0.213900	0.362044
0.214000	-1.568860
0.214100	-1.568860
0.214200	-1.568860
0.214300	-1.568860
0.214400	-3.499760
0.214500	-3.499760
0.214600	-3.982480
0.214700	-5.430660
0.214800	-4.465210
0.214900	-1.568860
0.215000	-4.465210
0.215100	1.327490
0.215200	-6.878830
0.215300	-3.499760
0.215400	1.327490
0.215500	6.637470
0.215600	6.154740
0.215700	0.362044
0.215800	-4.465210
0.215900	-3.017030
0.216000	-3.499760
0.216100	-2.534310
0.216200	1.327490
0.216300	2.292940
0.216400	0.362044
0.216500	0.362044
0.216600	-1.568860
0.216700	-1.568860
0.216800	1.327490
0.216900	2.292940
0.217000	8.085640
0.217100	-1.568860
0.217200	0.362044
0.217300	0.362044
0.217400	2.292940
0.217500	-1.568860
0.217600	1.327490
0.217700	0.362044
0.217800	-3.499760
0.217900	-2.534310
0.218000	-2.534310
0.218100	-2.534310
0.218200	-2.051580
0.218300	-1.568860
0.218400	2.292940
0.218500	2.292940
0.218600	0.362044
0.218700	-2.534310
0.218800	-0.603406
0.218900	-1.568860
0.219000	-1.568860
0.219100	-1.568860
0.219200	-3.499760
0.219300	-6.396110
0.219400	-3.499760
0.219500	-0.603406
0.219600	4.223840
0.219700	2.292940
0.219800	-3.499760
0.219900	-5.430660
0.220000	-3.499760
0.220100	1.327490
0.220200	0.362044
0.220300	-3.499760
0.220400	-2.051580
0.220500	-4.465210
0.220600	-3.499760
0.220700	-2.534310
0.220800	-1.568860
0.220900	-3.499760
0.221000	1.327490
0.221100	-3.499760
0.221200	-3.499760
0.221300	2.775670
0.221400	0.362044
0.221500	-2.534310
0.221600	-1.568860
0.221700	0.362044
0.221800	1.327490
0.221900	0.362044
0.222000	-1.568860
0.222100	-1.568860
0.222200	0.362044
0.222300	2.292940
0.222400	4.223840
0.222500	0.362044
0.222600	-1.568860
0.222700	0.362044
0.222800	5.189290
0.222900	6.154740
0.223000	1.810220
0.223100	5.189290
0.223200	-1.086130
0.223300	0.362044
0.223400	1.327490
0.223500	4.223840
0.223600	0.844769
0.223700	0.362044
0.223800	0.362044
0.223900	0.362044
0.224000	1.327490
0.224100	-2.534310
0.224200	-3.499760
0.224300	-2.534310
0.224400	-6.396110
0.224500	-5.430660
0.224600	-0.603406
0.224700	-1.568860
0.224800	-3.499760
0.224900	-3.499760
0.225000	0.362044
0.225100	0.362044
0.225200	-1.568860
0.225300	-1.568860
0.225400	0.362044
0.225500	-1.568860
0.225600	-3.017030
0.225700	-1.568860
0.225800	-2.534310
0.225900	-4.465210
0.226000	-8.327010
0.226100	-3.499760
0.226200	0.362044
0.226300	-1.568860
0.226400	-1.568860
0.226500	2.292940
0.226600	0.362044
0.226700	-3.499760
0.226800	0.362044
0.226900	4.223840
0.227000	1.327490
0.227100	1.327490
0.227200	1.327490
0.227300	-1.568860
0.227400	-3.499760
0.227500	-3.499760
0.227600	0.362044
0.227700	1.810220
0.227800	2.775670
0.227900	0.362044
0.228000	-1.568860
0.228100	0.362044
0.228200	-1.568860
0.228300	1.327490
0.228400	4.223840
0.228500	0.362044
0.228600	-2.534310
0.228700	-2.534310
0.228800	-4.947930
0.228900	-3.017030
0.229000	-3.499760
0.229100	-3.017030
0.229200	-1.568860
0.229300	1.327490
0.229400	1.327490
0.229500	2.775670
0.229600	0.362044
0.229700	-2.534310
0.229800	-3.499760
0.229900	2.292940
0.230000	0.362044
0.230100	-4.947930
0.230200	-4.947930
0.230300	-5.430660
0.230400	-5.430660
0.230500	0.844769
0.230600	2.292940
0.230700	-2.534310
0.230800	0.362044
0.230900	2.775670
0.231000	-0.603406
0.231100	-1.568860
0.231200	0.362044
0.231300	2.292940
0.231400	4.223840
0.231500	-1.568860
0.231600	-5.430660
0.231700	1.327490
0.231800	0.362044
0.231900	-1.568860
0.232000	-2.534310
0.232100	2.292940
0.232200	2.292940
0.232300	-3.499760
0.232400	-5.430660
0.232500	-3.499760
0.232600	-1.568860
0.232700	-1.568860
0.232800	0.362044
0.232900	2.292940
0.233000	0.844769
0.233100	0.362044
0.233200	-3.499760
0.233300	-3.499760
0.233400	1.327490
0.233500	2.292940
0.233600	3.258390
0.233700	0.362044
0.233800	1.327490
0.233900	-1.568860
0.234000	0.362044
0.234100	3.258390
0.234200	4.223840
0.234300	2.292940
0.234400	0.362044
0.234500	0.362044
0.234600	0.362044
0.234700	4.223840
0.234800	6.154740
0.234900	2.292940
0.235000	2.292940
0.235100	6.154740
0.235200	2.292940
0.235300	0.362044
0.235400	0.362044
0.235500	-2.051580
0.235600	-2.534310
0.235700	-4.465210
0.235800	-5.430660
0.235900	0.844769
0.236000	2.292940
0.236100	4.223840
0.236200	2.292940
0.236300	1.327490
0.236400	1.327490
0.236500	0.362044
0.236600	-3.499760
0.236700	0.362044
0.236800	1.327490
0.236900	2.292940
0.237000	1.327490
0.237100	-1.568860
0.237200	1.327490
0.237300	-0.603406
0.237400	1.327490
0.237500	2.292940
0.237600	4.223840
0.237700	-2.534310
0.237800	-3.499760
0.237900	-4.465210
0.238000	-4.465210
0.238100	-2.534310
0.238200	-2.534310
0.238300	-5.430660
0.238400	-4.465210
0.238500	-3.499760
0.238600	2.292940
0.238700	-2.534310
0.238800	0.362044
0.238900	0.362044
0.239000	0.362044
0.239100	2.292940
0.239200	0.362044
0.239300	-3.499760
0.239400	0.362044
0.239500	-3.499760
0.239600	-3.499760
0.239700	1.327490
0.239800	0.362044
0.239900	-1.568860
0.240000	0.362044
0.240100	3.258390
0.240200	2.292940
0.240300	-3.499760
0.240400	-1.568860
0.240500	1.327490
0.240600	-1.568860
0.240700	2.292940
0.240800	1.327490
0.240900	-1.568860
0.241000	0.362044
0.241100	-5.430660
0.241200	-2.534310
0.241300	-2.534310
0.241400	-1.568860
0.241500	-5.430660
0.241600	-4.465210
0.241700	2.292940
0.241800	2.292940
0.241900	-1.086130
0.242000	1.327490
0.242100	0.844769
0.242200	1.327490
0.242300	4.223840
0.242400	2.292940
0.242500	0.362044
0.242600	-1.568860
0.242700	0.362044
0.242800	0.362044
0.242900	2.292940
0.243000	-2.534310
0.243100	-3.499760
0.243200	-3.499760
0.243300	0.362044
0.243400	0.362044
0.243500	-0.603406
0.243600	-2.534310
0.243700	0.362044
0.243800	2.292940
0.243900	-1.568860
0.244000	-2.534310
0.244100	-1.568860
0.244200	-1.568860
0.244300	-4.465210
0.244400	-4.465210
0.244500	-6.396110
0.244600	-3.017030
0.244700	-1.568860
0.244800	-4.465210
0.244900	-6.396110
0.245000	0.362044
0.245100	-3.499760
0.245200	-5.430660
0.245300	0.362044
0.245400	-3.499760
0.245500	-4.465210
0.245600	-1.568860
0.245700	-1.568860
0.245800	-3.499760
0.245900	3.258390
0.246000	0.362044
0.246100	-4.465210
0.246200	-5.430660
0.246300	-1.568860
0.246400	-2.534310
0.246500	-3.499760
0.246600	-1.086130
0.246700	3.258390
0.246800	2.775670
0.246900	1.327490
0.247000	4.223840
0.247100	2.292940
0.247200	-1.568860
0.247300	-3.499760
0.247400	-3.499760
0.247500	-5.430660
0.247600	-5.913380
0.247700	-1.568860
0.247800	0.362044
0.247900	-1.568860
0.248000	-4.465210
0.248100	-4.465210
0.248200	-3.499760
0.248300	-1.086130
0.248400	1.327490
0.248500	0.362044
0.248600	-3.499760
0.248700	-3.499760
0.248800	0.362044
0.248900	1.327490
0.249000	-3.982480
0.249100	-8.327010
0.249200	-5.430660
0.249300	-3.499760
0.249400	1.327490
0.249500	5.189290
0.249600	5.189290
0.249700	0.362044
0.249800	0.362044
0.249900	0.362044
0.250000	-5.430660
0.250100	-1.568860
0.250200	1.327490
0.250300	5.672020
0.250400	3.258390
0.250500	2.292940
0.250600	2.292940
0.250700	3.258390
0.250800	2.292940
0.250900	0.362044
0.251000	4.706570
0.251100	6.154740
0.251200	3.258390
0.251300	0.362044
0.251400	1.327490
0.251500	2.292940
0.251600	0.362044
0.251700	-5.430660
0.251800	-5.430660
0.251900	0.362044
0.252000	-1.568860
0.252100	-2.534310
0.252200	0.362044
0.252300	-2.534310
0.252400	-0.603406
0.252500	0.362044
0.252600	-1.568860
0.252700	-3.499760
0.252800	-3.499760
0.252900	-2.534310
0.253000	-0.603406
0.253100	-0.603406
0.253200	0.362044
0.253300	-4.465210
0.253400	-5.430660
0.253500	-3.499760
0.253600	-3.499760
0.253700	-4.465210
0.253800	1.327490
0.253900	1.327490
0.254000	-3.499760
0.254100	-1.568860
0.254200	-0.603406
0.254300	-2.534310
0.254400	-2.534310
0.254500	0.362044
0.254600	-3.499760
0.254700	-9.292460
0.254800	-6.396110
0.254900	-5.430660
0.255000	-5.430660
0.255100	-5.430660
0.255200	-5.430660
0.255300	-5.913380
0.255400	-1.568860
0.255500	4.223840
0.255600	1.327490
0.255700	0.362044
0.255800	0.362044
0.255900	0.362044
0.256000	0.362044
0.256100	2.292940
0.256200	-1.568860
0.256300	0.362044
0.256400	0.362044
0.256500	0.362044
0.256600	2.292940
0.256700	0.362044
0.256800	-1.568860
0.256900	2.292940
0.257000	8.085640
0.257100	2.292940
0.257200	0.362044
0.257300	-3.499760
0.257400	-1.568860
0.257500	0.362044
0.257600	2.292940
0.257700	1.327490
0.257800	0.362044
0.257900	-5.430660
0.258000	-5.430660
0.258100	-2.534310
0.258200	-3.017030
0.258300	-1.568860
0.258400	-0.603406
0.258500	-1.568860
0.258600	-3.499760
0.258700	0.362044
0.258800	-0.603406
0.258900	-3.499760
0.259000	-1.568860
0.259100	2.292940
0.259200	2.292940
0.259300	-1.568860
0.259400	-2.534310
0.259500	-1.568860
0.259600	-1.568860
0.259700	-3.499760
0.259800	-3.499760
0.259900	0.362044
0.260000	-1.568860
0.260100	-1.568860
0.260200	1.327490
0.260300	5.189290
0.260400	5.189290
0.260500	1.327490
0.260600	-1.568860
0.260700	-3.499760
0.260800	2.292940
0.260900	4.223840
0.261000	4.223840
0.261100	-0.603406
0.261200	3.258390
0.261300	3.258390
0.261400	4.223840
0.261500	2.292940
0.261600	0.362044
0.261700	0.362044
0.261800	-1.568860
0.261900	-1.568860
0.262000	1.327490
0.262100	1.327490
0.262200	-3.017030
0.262300	-1.086130
0.262400	-1.568860
0.262500	0.362044
0.262600	4.223840
0.262700	2.292940
0.262800	0.362044
0.262900	-0.603406
0.263000	6.154740
0.263100	2.292940
0.263200	2.775670
0.263300	-1.568860
0.263400	-4.947930
0.263500	-4.947930
0.263600	-4.465210
0.263700	0.362044
0.263800	0.362044
0.263900	0.362044
0.264000	-2.534310
0.264100	-3.499760
0.264200	-7.361560
0.264300	-5.430660
0.264400	-3.499760
0.264500	-2.051580
0.264600	-5.430660
0.264700	-5.430660
0.264800	-3.499760
0.264900	-3.499760
0.265000	-4.465210
0.265100	0.362044
0.265200	0.362044
0.265300	2.292940
0.265400	-1.568860
0.265500	-3.499760
0.265600	-2.534310
0.265700	-3.499760
0.265800	-5.430660
0.265900	-1.568860
0.266000	-3.499760
0.266100	-3.499760
0.266200	0.362044
0.266300	-3.499760
0.266400	-5.430660
0.266500	-3.499760
0.266600	-1.568860
0.266700	1.327490
0.266800	-0.603406
0.266900	-1.568860
0.267000	-3.499760
0.267100	-2.534310
0.267200	4.223840
0.267300	2.292940
0.267400	-1.568860
0.267500	-2.534310
0.267600	1.810220
0.267700	1.327490
0.267800	1.327490
0.267900	0.362044
0.268000	2.292940
0.268100	2.292940
0.268200	-2.051580
0.268300	-3.499760
0.268400	-2.534310
0.268500	2.292940
0.268600	2.292940
0.268700	1.327490
0.268800	-1.568860
0.268900	-3.499760
0.269000	-1.568860
0.269100	-3.499760
0.269200	0.362044
0.269300	0.362044
0.269400	-2.534310
0.269500	-1.568860
0.269600	0.362044
0.269700	-1.568860
0.269800	0.362044
0.269900	-1.568860
0.270000	-5.430660
0.270100	-3.017030
0.270200	0.362044
0.270300	0.844769
0.270400	1.327490
0.270500	3.258390
0.270600	4.223840
0.270700	0.362044
0.270800	-2.534310
0.270900	-5.430660
0.271000	-0.603406
0.271100	-7.361560
0.271200	-2.534310
0.271300	-3.982480
0.271400	-3.499760
0.271500	-1.568860
0.271600	0.362044
0.271700	1.327490
0.271800	1.327490
0.271900	0.362044
0.272000	2.292940
0.272100	-1.568860
0.272200	-6.396110
0.272300	-3.499760
0.272400	-3.499760
0.272500	-3.499760
0.272600	-1.568860
0.272700	-2.534310
0.272800	2.775670
0.272900	2.292940
0.273000	-5.430660
0.273100	-1.568860
0.273200	-3.499760
0.273300	-8.327010
0.273400	-6.878830
0.273500	-3.499760
0.273600	-1.568860
0.273700	0.362044
0.273800	4.223840
0.273900	2.292940
0.274000	-2.534310
0.274100	-2.534310
0.274200	0.362044
0.274300	-0.603406
0.274400	-4.465210
0.274500	-2.534310
0.274600	-2.534310
0.274700	0.362044
0.274800	-1.086130
0.274900	-3.499760
0.275000	-3.499760
0.275100	0.362044
0.275200	-2.534310
0.275300	-0.603406
0.275400	-3.499760
0.275500	-1.568860
0.275600	0.362044
0.275700	2.292940
0.275800	0.362044
0.275900	-4.947930
0.276000	-4.465210
0.276100	-1.568860
0.276200	-3.499760
0.276300	-1.568860
0.276400	0.362044
0.276500	2.292940
0.276600	0.362044
0.276700	-1.568860
0.276800	0.362044
0.276900	-1.568860
0.277000	-5.430660
0.277100	-6.396110
0.277200	-4.465210
0.277300	-1.568860
0.277400	-1.568860
0.277500	2.292940
0.277600	2.775670
0.277700	6.154740
0.277800	4.223840
0.277900	-1.568860
0.278000	-5.430660
0.278100	-2.534310
0.278200	-3.499760
0.278300	-2.534310
0.278400	1.810220
0.278500	2.292940
0.278600	0.844769
0.278700	1.327490
0.278800	-1.568860
0.278900	-4.465210
0.279000	-3.499760
0.279100	-5.430660
0.279200	0.362044
0.279300	2.292940
0.279400	4.223840
0.279500	0.362044
0.279600	-1.568860
0.279700	-2.534310
0.279800	-6.396110
0.279900	-0.603406
0.280000	1.327490
0.280100	-1.086130
0.280200	1.327490
0.280300	0.362044
0.280400	0.362044
0.280500	0.362044
0.280600	-1.568860
0.280700	-3.499760
0.280800	-3.499760
0.280900	0.362044
0.281000	0.362044
0.281100	-3.499760
0.281200	-1.568860
0.281300	2.292940
0.281400	0.362044
0.281500	-3.499760
0.281600	-3.017030
0.281700	-1.568860
0.281800	-3.499760
0.281900	0.362044
0.282000	-1.086130
0.282100	-3.499760
0.282200	0.362044
0.282300	2.292940
0.282400	2.292940
0.282500	0.362044
0.282600	0.362044
0.282700	-1.568860
0.282800	-5.430660
0.282900	-2.534310
0.283000	-2.534310
0.283100	1.327490
0.283200	0.844769
0.283300	0.362044
0.283400	-0.603406
0.283500	-1.568860
0.283600	-1.568860
0.283700	-3.499760
0.283800	-2.534310
0.283900	0.362044
0.284000	2.292940
0.284100	3.258390
0.284200	3.258390
0.284300	0.362044
0.284400	-6.396110
0.284500	-4.947930
0.284600	1.327490
0.284700	-1.568860
0.284800	0.362044
0.284900	-0.603406
0.285000	6.637470
0.285100	2.292940
0.285200	-1.568860
0.285300	-1.568860
0.285400	-2.534310
0.285500	-1.568860
0.285600	-0.603406
0.285700	-4.465210
0.285800	-5.430660
0.285900	-3.499760
0.286000	0.362044
0.286100	2.292940
0.286200	0.362044
0.286300	-1.568860
0.286400	-1.568860
0.286500	-3.499760
0.286600	-2.534310
0.286700	-5.430660
0.286800	-3.499760
0.286900	-1.568860
0.287000	1.327490
0.287100	0.362044
0.287200	-0.603406
0.287300	1.327490
0.287400	-1.568860
0.287500	-2.534310
0.287600	-2.051580
0.287700	-2.534310
0.287800	-3.499760
0.287900	1.327490
0.288000	-1.568860
0.288100	-2.534310
0.288200	-1.086130
0.288300	4.223840
0.288400	2.292940
0.288500	0.844769
0.288600	1.327490
0.288700	4.223840
0.288800	2.292940
0.288900	-3.499760
0.289000	-5.430660
0.289100	2.292940
0.289200	0.362044
0.289300	-3.017030
0.289400	-1.568860
0.289500	-3.499760
0.289600	-1.568860
0.289700	0.362044
0.289800	-2.534310
0.289900	2.292940
0.290000	1.327490
0.290100	-4.465210
0.290200	-3.499760
0.290300	0.362044
0.290400	-1.568860
0.290500	-0.603406
0.290600	0.362044
0.290700	1.327490
0.290800	-1.568860
0.290900	-3.499760
0.291000	0.844769
0.291100	0.362044
0.291200	-1.568860
0.291300	-2.534310
0.291400	-2.534310
0.291500	0.844769
0.291600	-1.086130
0.291700	0.362044
0.291800	-0.603406
0.291900	0.362044
0.292000	-4.465210
0.292100	-1.568860
0.292200	1.327490
0.292300	0.362044
0.292400	-2.534310
0.292500	-1.568860
0.292600	-1.568860
0.292700	-1.568860
0.292800	-2.534310
0.292900	-3.499760
0.293000	-5.430660
0.293100	2.292940
0.293200	3.258390
0.293300	-4.465210
0.293400	-3.499760
0.293500	-3.499760
0.293600	-3.982480
0.293700	-3.499760
0.293800	0.362044
0.293900	0.362044
0.294000	-2.534310
0.294100	-5.430660
0.294200	-7.361560
0.294300	-5.430660
0.294400	-1.568860
0.294500	1.327490
0.294600	-1.568860
0.294700	-4.465210
0.294800	-1.568860
0.294900	-1.568860
0.295000	-1.568860
0.295100	-5.430660
0.295200	-3.017030
0.295300	-2.534310
0.295400	-1.568860
0.295500	2.292940
0.295600	1.327490
0.295700	-1.568860
0.295800	-3.499760
0.295900	-1.568860
0.296000	-4.465210
0.296100	-4.465210
0.296200	-3.499760
0.296300	-2.534310
0.296400	-2.534310
0.296500	-3.499760
0.296600	-2.534310
0.296700	-2.534310
0.296800	-0.603406
0.296900	-1.568860
0.297000	-6.396110
0.297100	-5.430660
0.297200	-2.534310
0.297300	1.327490
0.297400	-3.499760
0.297500	0.362044
0.297600	0.362044
0.297700	-3.499760
0.297800	0.362044
0.297900	1.327490
0.298000	-3.499760
0.298100	-0.603406
0.298200	-1.568860
0.298300	-1.568860
0.298400	-0.603406
0.298500	3.258390
0.298600	-0.603406
0.298700	-4.465210
0.298800	-4.947930
0.298900	0.362044
0.299000	4.223840
0.299100	0.362044
0.299200	-2.051580
0.299300	-5.430660
0.299400	-3.499760
0.299500	2.292940
0.299600	0.362044
0.299700	-5.430660
0.299800	-3.017030
0.299900	2.292940
