-0.050000	2.779540
-0.049900	2.779540
-0.049800	-2.944910
-0.049700	-8.669350
-0.049600	-5.807130
-0.049500	0.394351
-0.049400	-3.898980
-0.049300	-0.559723
-0.049200	0.871388
-0.049100	1.348420
-0.049000	1.825460
-0.048900	2.779540
-0.048800	0.871388
-0.048700	-3.898980
-0.048600	-3.421950
-0.048500	2.779540
-0.048400	6.595830
-0.048300	2.302500
-0.048200	-4.853060
-0.048100	-4.853060
-0.048000	-2.944910
-0.047900	-2.467870
-0.047800	5.164720
-0.047700	2.779540
-0.047600	-1.990830
-0.047500	-2.467870
-0.047400	-0.082686
-0.047300	4.687680
-0.047200	-0.559723
-0.047100	-7.715280
-0.047000	-3.421950
-0.046900	5.641760
-0.046800	0.871388
-0.046700	0.394351
-0.046600	-4.853060
-0.046500	-1.036760
-0.046400	7.549910
-0.046300	0.871388
-0.046200	1.825460
-0.046100	-1.990830
-0.046000	-5.807130
-0.045900	1.825460
-0.045800	1.825460
-0.045700	-0.082686
-0.045600	3.733610
-0.045500	3.733610
-0.045400	-1.036760
-0.045300	-2.944910
-0.045200	-3.898980
-0.045100	0.394351
-0.045000	-1.990830
-0.044900	-2.944910
-0.044800	-2.944910
-0.044700	-4.853060
-0.044600	-2.944910
-0.044500	-1.036760
-0.044400	-5.807130
-0.044300	-5.807130
-0.044200	-0.082686
-0.044100	6.595830
-0.044000	-3.898980
-0.043900	-8.192320
-0.043800	-2.467870
-0.043700	3.256570
-0.043600	5.641760
-0.043500	0.871388
-0.043400	-7.238240
-0.043300	-4.853060
-0.043200	4.687680
-0.043100	8.503980
-0.043000	-2.467870
-0.042900	-2.944910
-0.042800	-0.559723
-0.042700	6.595830
-0.042600	8.503980
-0.042500	0.394351
-0.042400	-5.330090
-0.042300	-2.944910
-0.042200	3.733610
-0.042100	-0.082686
-0.042000	-3.898980
-0.041900	0.394351
-0.041800	1.825460
-0.041700	-0.082686
-0.041600	2.779540
-0.041500	5.641760
-0.041400	-2.944910
-0.041300	-11.054500
-0.041200	1.825460
-0.041100	11.366200
-0.041000	0.871388
-0.040900	-3.898980
-0.040800	0.871388
-0.040700	3.256570
-0.040600	5.641760
-0.040500	1.825460
-0.040400	-4.853060
-0.040300	-2.944910
-0.040200	1.825460
-0.040100	-2.944910
-0.040000	-1.990830
-0.039900	-1.036760
-0.039800	-6.761200
-0.039700	-3.898980
-0.039600	3.733610
-0.039500	7.549910
-0.039400	6.595830
-0.039300	-1.036760
-0.039200	-4.376020
-0.039100	-1.990830
-0.039000	1.825460
-0.038900	3.733610
-0.038800	-2.944910
-0.038700	-2.944910
-0.038600	-3.898980
-0.038500	-3.421950
-0.038400	-2.944910
-0.038300	3.256570
-0.038200	2.779540
-0.038100	-4.853060
-0.038000	1.825460
-0.037900	2.779540
-0.037800	4.687680
-0.037700	1.348420
-0.037600	-4.853060
-0.037500	0.871388
-0.037400	4.687680
-0.037300	-3.421950
-0.037200	-4.853060
-0.037100	-4.853060
-0.037000	-1.036760
-0.036900	4.687680
-0.036800	5.641760
-0.036700	-1.990830
-0.036600	-1.990830
-0.036500	3.256570
-0.036400	3.733610
-0.036300	-1.036760
-0.036200	-3.898980
-0.036100	-3.421950
-0.036000	-0.082686
-0.035900	2.302500
-0.035800	-2.944910
-0.035700	-6.761200
-0.035600	-4.853060
-0.035500	-2.944910
-0.035400	-1.036760
-0.035300	-1.990830
-0.035200	-2.944910
-0.035100	-3.898980
-0.035000	-1.036760
-0.034900	2.779540
-0.034800	3.733610
-0.034700	2.779540
-0.034600	-1.036760
-0.034500	-6.284170
-0.034400	-1.513800
-0.034300	2.779540
-0.034200	-0.559723
-0.034100	-6.761200
-0.034000	-3.421950
-0.033900	3.256570
-0.033800	1.825460
-0.033700	2.779540
-0.033600	2.779540
-0.033500	-4.853060
-0.033400	-3.898980
-0.033300	4.687680
-0.033200	4.687680
-0.033100	2.779540
-0.033000	-3.898980
-0.032900	-5.807130
-0.032800	2.779540
-0.032700	7.549910
-0.032600	1.825460
-0.032500	-1.990830
-0.032400	-5.330090
-0.032300	-1.036760
-0.032200	7.549910
-0.032100	3.733610
-0.032000	-3.898980
-0.031900	-7.715280
-0.031800	-3.898980
-0.031700	1.825460
-0.031600	3.733610
-0.031500	3.256570
-0.031400	1.825460
-0.031300	-1.990830
-0.031200	-1.036760
-0.031100	1.825460
-0.031000	2.779540
-0.030900	-1.036760
-0.030800	-1.990830
-0.030700	-4.376020
-0.030600	-5.807130
-0.030500	2.779540
-0.030400	10.412100
-0.030300	0.871388
-0.030200	-1.990830
-0.030100	3.256570
-0.030000	3.733610
-0.029900	1.825460
-0.029800	-3.898980
-0.029700	-2.944910
-0.029600	2.779540
-0.029500	7.549910
-0.029400	8.981020
-0.029300	-2.944910
-0.029200	-7.238240
-0.029100	-0.082686
-0.029000	-0.559723
-0.028900	-2.944910
-0.028800	-4.853060
-0.028700	-0.559723
-0.028600	6.595830
-0.028500	8.503980
-0.028400	6.595830
-0.028300	3.733610
-0.028200	2.779540
-0.028100	-0.082686
-0.028000	1.825460
-0.027900	1.825460
-0.027800	1.348420
-0.027700	-2.944910
-0.027600	-4.853060
-0.027500	-0.082686
-0.027400	3.733610
-0.027300	9.458050
-0.027200	6.595830
-0.027100	-5.807130
-0.027000	-4.853060
-0.026900	-0.559723
-0.026800	-2.467870
-0.026700	-1.990830
-0.026600	2.779540
-0.026500	-1.036760
-0.026400	-2.944910
-0.026300	0.394351
-0.026200	3.256570
-0.026100	2.779540
-0.026000	1.348420
-0.025900	1.348420
-0.025800	-1.513800
-0.025700	2.302500
-0.025600	-1.036760
-0.025500	-5.807130
-0.025400	1.825460
-0.025300	5.164720
-0.025200	2.779540
-0.025100	-5.330090
-0.025000	-2.944910
-0.024900	3.256570
-0.024800	10.412100
-0.024700	7.072870
-0.024600	-0.082686
-0.024500	-4.853060
-0.024400	-2.467870
-0.024300	-1.036760
-0.024200	-1.990830
-0.024100	-1.036760
-0.024000	-7.715280
-0.023900	-1.990830
-0.023800	1.825460
-0.023700	-4.376020
-0.023600	-0.559723
-0.023500	-1.036760
-0.023400	0.871388
-0.023300	-0.082686
-0.023200	-2.467870
-0.023100	-1.036760
-0.023000	-4.376020
-0.022900	1.348420
-0.022800	8.981020
-0.022700	8.503980
-0.022600	2.779540
-0.022500	-7.715280
-0.022400	-9.623430
-0.022300	-1.513800
-0.022200	3.733610
-0.022100	9.458050
-0.022000	11.366200
-0.021900	-1.036760
-0.021800	-4.853060
-0.021700	-2.944910
-0.021600	-3.898980
-0.021500	-1.036760
-0.021400	-0.082686
-0.021300	-2.944910
-0.021200	8.503980
-0.021100	10.412100
-0.021000	-0.082686
-0.020900	-2.467870
-0.020800	-0.559723
-0.020700	-4.853060
-0.020600	-6.761200
-0.020500	-4.376020
-0.020400	0.871388
-0.020300	2.779540
-0.020200	6.595830
-0.020100	4.687680
-0.020000	-1.036760
-0.019900	-1.036760
-0.019800	3.256570
-0.019700	-2.944910
-0.019600	-2.467870
-0.019500	4.210650
-0.019400	-0.559723
-0.019300	-0.082686
-0.019200	-2.944910
-0.019100	-2.944910
-0.019000	-0.559723
-0.018900	1.348420
-0.018800	-0.082686
-0.018700	-0.559723
-0.018600	-4.376020
-0.018500	-2.944910
-0.018400	5.164720
-0.018300	0.871388
-0.018200	-5.807130
-0.018100	-2.944910
-0.018000	-1.036760
-0.017900	2.302500
-0.017800	2.779540
-0.017700	-0.559723
-0.017600	-6.284170
-0.017500	-7.715280
-0.017400	6.595830
-0.017300	10.412100
-0.017200	2.779540
-0.017100	-8.669350
-0.017000	-10.577500
-0.016900	-1.990830
-0.016800	1.348420
-0.016700	-0.559723
-0.016600	0.871388
-0.016500	6.595830
-0.016400	6.595830
-0.016300	-2.467870
-0.016200	-7.715280
-0.016100	-0.082686
-0.016000	4.687680
-0.015900	0.394351
-0.015800	-2.944910
-0.015700	-0.082686
-0.015600	2.779540
-0.015500	-4.853060
-0.015400	0.871388
-0.015300	6.595830
-0.015200	-1.513800
-0.015100	-4.853060
-0.015000	0.394351
-0.014900	0.871388
-0.014800	0.871388
-0.014700	6.595830
-0.014600	2.779540
-0.014500	-1.036760
-0.014400	-7.715280
-0.014300	-0.559723
-0.014200	6.595830
-0.014100	-3.898980
-0.014000	-6.284170
-0.013900	-5.807130
-0.013800	-1.990830
-0.013700	0.394351
-0.013600	-1.513800
-0.013500	0.871388
-0.013400	2.779540
-0.013300	3.256570
-0.013200	5.641760
-0.013100	3.733610
-0.013000	5.164720
-0.012900	2.779540
-0.012800	-0.559723
-0.012700	2.779540
-0.012600	3.733610
-0.012500	-1.990830
-0.012400	-10.577500
-0.012300	-10.577500
-0.012200	1.348420
-0.012100	1.348420
-0.012000	-2.467870
-0.011900	-1.036760
-0.011800	-4.853060
-0.011700	-0.082686
-0.011600	1.348420
-0.011500	-1.036760
-0.011400	-3.898980
-0.011300	1.348420
-0.011200	4.687680
-0.011100	5.164720
-0.011000	6.118790
-0.010900	5.164720
-0.010800	0.871388
-0.010700	-2.467870
-0.010600	2.779540
-0.010500	2.779540
-0.010400	-0.082686
-0.010300	-5.807130
-0.010200	-5.330090
-0.010100	0.871388
-0.010000	0.871388
-0.009900	0.871388
-0.009800	-5.330090
-0.009700	-4.853060
-0.009600	-0.082686
-0.009500	6.595830
-0.009400	1.825460
-0.009300	-7.715280
-0.009200	-4.853060
-0.009100	2.779540
-0.009000	-3.898980
-0.008900	-6.761200
-0.008800	-6.761200
-0.008700	-3.898980
-0.008600	-1.990830
-0.008500	0.871388
-0.008400	0.871388
-0.008300	-2.944910
-0.008200	-0.082686
-0.008100	2.779540
-0.008000	2.302500
-0.007900	-6.284170
-0.007800	-11.531600
-0.007700	-2.944910
-0.007600	1.348420
-0.007500	-1.990830
-0.007400	-2.944910
-0.007300	-3.421950
-0.007200	5.641760
-0.007100	3.733610
-0.007000	1.825460
-0.006900	-3.898980
-0.006800	-8.192320
-0.006700	-1.036760
-0.006600	7.549910
-0.006500	5.641760
-0.006400	2.779540
-0.006300	-2.944910
-0.006200	-1.990830
-0.006100	4.687680
-0.006000	3.733610
-0.005900	-1.036760
-0.005800	-2.944910
-0.005700	-5.807130
-0.005600	-3.898980
-0.005500	-3.898980
-0.005400	2.779540
-0.005300	1.825460
-0.005200	-0.082686
-0.005100	-0.559723
-0.005000	-2.944910
-0.004900	-4.376020
-0.004800	-4.853060
-0.004700	-7.715280
-0.004600	0.394351
-0.004500	-0.082686
-0.004400	2.302500
-0.004300	5.164720
-0.004200	-4.853060
-0.004100	-1.990830
-0.004000	1.825460
-0.003900	-4.853060
-0.003800	-4.853060
-0.003700	3.733610
-0.003600	-0.082686
-0.003500	-0.559723
-0.003400	2.779540
-0.003300	4.687680
-0.003200	4.687680
-0.003100	-1.990830
-0.003000	-2.467870
-0.002900	-2.467870
-0.002800	-6.761200
-0.002700	-4.853060
-0.002600	-5.807130
-0.002500	-1.036760
-0.002400	3.256570
-0.002300	2.779540
-0.002200	1.825460
-0.002100	-2.944910
-0.002000	-8.669350
-0.001900	-4.853060
-0.001800	-2.944910
-0.001700	-0.082686
-0.001600	-0.082686
-0.001500	-2.467870
-0.001400	-0.082686
-0.001300	6.595830
-0.001200	3.733610
-0.001100	-3.898980
-0.001000	-4.376020
-0.000900	-2.944910
-0.000800	2.302500
-0.000700	4.687680
-0.000600	5.641760
-0.000500	5.641760
-0.000400	1.825460
-0.000300	1.825460
-0.000200	4.687680
-0.000100	2.779540
0.000000	1.348420
0.000100	-0.082686
0.000200	1.348420
0.000300	5.641760
0.000400	3.256570
0.000500	-0.082686
0.000600	-3.898980
0.000700	-1.036760
0.000800	2.779540
0.000900	3.733610
0.001000	2.779540
0.001100	1.825460
0.001200	-0.082686
0.001300	3.733610
0.001400	4.687680
0.001500	4.687680
0.001600	-1.036760
0.001700	-5.330090
0.001800	0.871388
0.001900	6.595830
0.002000	-1.036760
0.002100	-4.853060
0.002200	-1.036760
0.002300	2.779540
0.002400	-1.036760
0.002500	5.641760
0.002600	7.549910
0.002700	0.871388
0.002800	-2.944910
0.002900	0.871388
0.003000	-0.082686
0.003100	-8.669350
0.003200	-4.853060
0.003300	-2.944910
0.003400	0.871388
0.003500	-4.853060
0.003600	-6.761200
0.003700	-4.853060
0.003800	-4.376020
0.003900	2.779540
0.004000	3.256570
0.004100	0.871388
0.004200	-6.761200
0.004300	-1.990830
0.004400	-3.421950
0.004500	2.779540
0.004600	0.871388
0.004700	-5.330090
0.004800	-3.421950
0.004900	2.779540
0.005000	3.256570
0.005100	3.733610
0.005200	3.733610
0.005300	4.687680
0.005400	-0.559723
0.005500	-1.990830
0.005600	3.733610
0.005700	2.779540
0.005800	-2.944910
0.005900	4.210650
0.006000	10.889200
0.006100	12.320300
0.006200	6.595830
0.006300	-4.853060
0.006400	-7.715280
0.006500	-3.898980
0.006600	-3.898980
0.006700	1.825460
0.006800	-2.467870
0.006900	-4.853060
0.007000	-1.036760
0.007100	1.825460
0.007200	-1.036760
0.007300	-10.100500
0.007400	-17.733101
0.007500	-6.284170
0.007600	-2.467870
0.007700	-6.761200
0.007800	-4.376020
0.007900	-7.715280
0.008000	-1.036760
0.008100	2.779540
0.008200	2.779540
0.008300	-0.082686
0.008400	-2.944910
0.008500	-2.944910
0.008600	-8.192320
0.008700	-4.853060
0.008800	-2.944910
0.008900	-6.761200
0.009000	0.394351
0.009100	6.595830
0.009200	10.412100
0.009300	4.687680
0.009400	-10.100500
0.009500	-8.669350
0.009600	1.825460
0.009700	6.595830
0.009800	-1.036760
0.009900	-2.944910
0.010000	-0.559723
0.010100	0.871388
0.010200	5.641760
0.010300	1.825460
0.010400	-8.669350
0.010500	-2.944910
0.010600	-1.036760
0.010700	-2.944910
0.010800	-3.898980
0.010900	-4.853060
0.011000	-8.669350
0.011100	-11.054500
0.011200	-10.100500
0.011300	-8.669350
0.011400	1.825460
0.011500	-5.807130
0.011600	-11.531600
0.011700	1.825460
0.011800	6.595830
0.011900	-1.036760
0.012000	-6.761200
0.012100	-4.853060
0.012200	-1.036760
0.012300	-4.853060
0.012400	-4.853060
0.012500	4.687680
0.012600	8.026940
0.012700	17.090599
0.012800	22.338100
0.012900	25.677299
0.013000	24.723200
0.013100	22.815100
0.013200	16.136600
0.013300	17.090599
0.013400	18.998800
0.013500	18.044701
0.013600	8.503980
0.013700	3.256570
0.013800	8.981020
0.013900	8.981020
0.014000	7.072870
0.014100	-1.513800
0.014200	-10.100500
0.014300	-6.284170
0.014400	-4.853060
0.014500	-10.577500
0.014600	-14.393800
0.014700	-16.301901
0.014800	-23.934500
0.014900	-19.164200
0.015000	-10.577500
0.015100	-11.531600
0.015200	-14.870800
0.015300	0.871388
0.015400	12.320300
0.015500	18.044701
0.015600	16.613600
0.015700	11.366200
0.015800	9.458050
0.015900	9.458050
0.016000	13.274300
0.016100	9.458050
0.016200	-0.082686
0.016300	4.210650
0.016400	2.779540
0.016500	2.779540
0.016600	10.412100
0.016700	11.366200
0.016800	7.072870
0.016900	-4.853060
0.017000	-12.485600
0.017100	-11.531600
0.017200	-8.669350
0.017300	-6.761200
0.017400	-3.898980
0.017500	-9.623430
0.017600	-16.301901
0.017700	-18.210100
0.017800	-15.347900
0.017900	-10.577500
0.018000	-15.824900
0.018100	-18.687099
0.018200	-8.669350
0.018300	1.348420
0.018400	-3.421950
0.018500	-11.054500
0.018600	-11.531600
0.018700	-17.733101
0.018800	-22.503401
0.018900	-15.824900
0.019000	-6.284170
0.019100	-12.485600
0.019200	-12.485600
0.019300	-10.577500
0.019400	-18.210100
0.019500	-17.256001
0.019600	-11.531600
0.019700	-3.898980
0.019800	10.412100
0.019900	18.044701
0.020000	19.952900
0.020100	14.228400
0.020200	12.320300
0.020300	9.458050
0.020400	-0.082686
0.020500	-3.898980
0.020600	-2.467870
0.020700	-12.485600
0.020800	-15.347900
0.020900	-11.531600
0.021000	-20.118200
0.021100	-29.659000
0.021200	-25.842699
0.021300	-22.980499
0.021400	-23.934500
0.021500	-15.347900
0.021600	-1.990830
0.021700	1.825460
0.021800	-4.853060
0.021900	-4.853060
0.022000	-0.082686
0.022100	-9.623430
0.022200	-17.733101
0.022300	-1.990830
0.022400	10.412100
0.022500	8.503980
0.022600	2.779540
0.022700	0.871388
0.022800	8.026940
0.022900	8.981020
0.023000	10.412100
0.023100	17.090599
0.023200	21.861000
0.023300	18.044701
0.023400	0.394351
0.023500	-5.807130
0.023600	8.981020
0.023700	16.136600
0.023800	18.044701
0.023900	25.677299
0.024000	21.861000
0.024100	25.677299
0.024200	31.878799
0.024300	34.264000
0.024400	35.218102
0.024500	31.401800
0.024600	22.815100
0.024700	15.182500
0.024800	12.797300
0.024900	11.366200
0.025000	1.348420
0.025100	-4.853060
0.025200	5.641760
0.025300	21.861000
0.025400	23.769199
0.025500	18.998800
0.025600	16.136600
0.025700	18.998800
0.025800	18.044701
0.025900	16.136600
0.026000	9.458050
0.026100	-0.559723
0.026200	0.871388
0.026300	15.182500
0.026400	22.815100
0.026500	21.861000
0.026600	29.970600
0.026700	33.309898
0.026800	23.769199
0.026900	17.090599
0.027000	14.228400
0.027100	16.136600
0.027200	23.769199
0.027300	31.401800
0.027400	33.309898
0.027500	40.942501
0.027600	37.126202
0.027700	32.355801
0.027800	24.246201
0.027900	19.952900
0.028000	18.521799
0.028100	18.044701
0.028200	16.136600
0.028300	13.274300
0.028400	10.412100
0.028500	34.264000
0.028600	39.988400
0.028700	3.256570
0.028800	-21.549400
0.028900	-28.704901
0.029000	-27.750799
0.029100	-21.072300
0.029200	-18.687099
0.029300	-7.715280
0.029400	3.733610
0.029500	7.549910
0.029600	4.210650
0.029700	5.164720
0.029800	11.366200
0.029900	14.228400
0.030000	13.274300
0.030100	14.228400
0.030200	17.567699
0.030300	10.412100
0.030400	15.182500
0.030500	13.274300
0.030600	-2.944910
0.030700	-17.256001
0.030800	-21.072300
0.030900	-18.210100
0.031000	-20.118200
0.031100	-35.383400
0.031200	-44.924198
0.031300	-35.383400
0.031400	-28.227900
0.031500	-31.090099
0.031600	-23.934500
0.031700	-8.669350
0.031800	-3.898980
0.031900	-1.990830
0.032000	-1.036760
0.032100	-2.944910
0.032200	-7.715280
0.032300	-17.256001
0.032400	-22.026400
0.032500	-24.888599
0.032600	-29.181900
0.032700	-32.044201
0.032800	-27.750799
0.032900	-30.136000
0.033000	-34.429401
0.033100	-30.136000
0.033200	-32.998199
0.033300	-28.704901
0.033400	-22.980499
0.033500	-18.210100
0.033600	-19.164200
0.033700	-14.870800
0.033800	-10.577500
0.033900	2.779540
0.034000	14.228400
0.034100	8.981020
0.034200	5.641760
0.034300	2.779540
0.034400	-0.559723
0.034500	-2.467870
0.034600	-6.761200
0.034700	-9.623430
0.034800	-12.485600
0.034900	-17.733101
0.035000	-22.026400
0.035100	-22.026400
0.035200	-21.549400
0.035300	-27.750799
0.035400	-30.613100
0.035500	-20.118200
0.035600	-13.439700
0.035700	-18.210100
0.035800	-20.118200
0.035900	-8.669350
0.036000	-2.944910
0.036100	2.779540
0.036200	7.549910
0.036300	7.549910
0.036400	4.687680
0.036500	6.595830
0.036600	14.705500
0.036700	17.567699
0.036800	17.090599
0.036900	22.815100
0.037000	14.228400
0.037100	3.733610
0.037200	1.825460
0.037300	-3.898980
0.037400	-18.210100
0.037500	-22.503401
0.037600	-18.210100
0.037700	-7.715280
0.037800	-1.990830
0.037900	5.164720
0.038000	13.274300
0.038100	10.412100
0.038200	8.503980
0.038300	11.366200
0.038400	19.952900
0.038500	23.292101
0.038600	12.320300
0.038700	15.182500
0.038800	27.585501
0.038900	23.769199
0.039000	18.044701
0.039100	20.429899
0.039200	21.861000
0.039300	26.631399
0.039400	30.924700
0.039500	23.769199
0.039600	17.090599
0.039700	-0.082686
0.039800	-9.623430
0.039900	-11.054500
0.040000	-11.054500
0.040100	-9.623430
0.040200	-13.916800
0.040300	-21.549400
0.040400	-14.393800
0.040500	-0.082686
0.040600	-3.898980
0.040700	-15.347900
0.040800	-9.623430
0.040900	1.825460
0.041000	4.210650
0.041100	2.779540
0.041200	6.595830
0.041300	4.687680
0.041400	2.779540
0.041500	9.935090
0.041600	9.458050
0.041700	16.136600
0.041800	16.613600
0.041900	2.779540
0.042000	-6.284170
0.042100	-1.036760
0.042200	-1.036760
0.042300	-0.082686
0.042400	-4.853060
0.042500	-15.824900
0.042600	-18.210100
0.042700	-17.733101
0.042800	-22.980499
0.042900	-28.227900
0.043000	-28.704901
0.043100	-32.998199
0.043200	-30.613100
0.043300	-26.796801
0.043400	-21.549400
0.043500	-25.842699
0.043600	-20.118200
0.043700	-12.485600
0.043800	-6.761200
0.043900	-1.990830
0.044000	-9.623430
0.044100	-15.824900
0.044200	-10.577500
0.044300	-2.944910
0.044400	4.687680
0.044500	1.825460
0.044600	-4.376020
0.044700	-4.376020
0.044800	3.733610
0.044900	7.549910
0.045000	-1.036760
0.045100	-10.577500
0.045200	-20.118200
0.045300	-18.210100
0.045400	-13.439700
0.045500	-14.393800
0.045600	-20.595301
0.045700	-25.842699
0.045800	-20.118200
0.045900	-6.761200
0.046000	-6.761200
0.046100	-3.898980
0.046200	1.825460
0.046300	6.595830
0.046400	3.733610
0.046500	8.981020
0.046600	11.366200
0.046700	14.705500
0.046800	7.549910
0.046900	1.825460
0.047000	3.733610
0.047100	2.302500
0.047200	-2.467870
0.047300	1.825460
0.047400	-8.669350
0.047500	-18.210100
0.047600	-16.301901
0.047700	-12.485600
0.047800	-11.531600
0.047900	-11.531600
0.048000	-8.669350
0.048100	-10.577500
0.048200	-4.853060
0.048300	-1.036760
0.048400	-7.715280
0.048500	4.687680
0.048600	40.942501
0.048700	12.320300
0.048800	-25.842699
0.048900	-10.100500
0.049000	3.256570
0.049100	2.779540
0.049200	10.412100
0.049300	6.595830
0.049400	3.733610
0.049500	-1.036760
0.049600	-8.192320
0.049700	-9.623430
0.049800	-1.990830
0.049900	-0.082686
0.050000	-1.990830
0.050100	-3.898980
0.050200	-5.807130
0.050300	-5.807130
0.050400	-1.036760
0.050500	1.825460
0.050600	1.348420
0.050700	-2.467870
0.050800	4.687680
0.050900	8.503980
0.051000	3.733610
0.051100	-1.990830
0.051200	-7.715280
0.051300	-16.301901
0.051400	-15.347900
0.051500	-11.531600
0.051600	-12.485600
0.051700	-22.980499
0.051800	-23.934500
0.051900	-23.934500
0.052000	-20.595301
0.052100	-19.164200
0.052200	-14.393800
0.052300	-8.669350
0.052400	-10.577500
0.052500	-4.853060
0.052600	-0.082686
0.052700	-3.898980
0.052800	0.871388
0.052900	2.779540
0.053000	-1.036760
0.053100	-3.898980
0.053200	-8.669350
0.053300	-13.439700
0.053400	-4.853060
0.053500	-8.669350
0.053600	-7.715280
0.053700	2.779540
0.053800	3.733610
0.053900	1.348420
0.054000	-1.513800
0.054100	-1.036760
0.054200	-5.330090
0.054300	-13.916800
0.054400	-12.008600
0.054500	0.871388
0.054600	-6.761200
0.054700	-13.439700
0.054800	-8.669350
0.054900	5.164720
0.055000	6.595830
0.055100	-13.916800
0.055200	-25.842699
0.055300	-22.980499
0.055400	-21.549400
0.055500	-27.750799
0.055600	-16.301901
0.055700	-7.715280
0.055800	-8.669350
0.055900	0.871388
0.056000	10.412100
0.056100	15.182500
0.056200	7.549910
0.056300	-4.853060
0.056400	-7.715280
0.056500	-1.036760
0.056600	3.733610
0.056700	1.825460
0.056800	1.348420
0.056900	-5.807130
0.057000	-1.990830
0.057100	0.871388
0.057200	-0.082686
0.057300	-1.036760
0.057400	-2.944910
0.057500	-5.807130
0.057600	-11.531600
0.057700	-7.238240
0.057800	-3.898980
0.057900	-8.669350
0.058000	-7.715280
0.058100	0.871388
0.058200	6.595830
0.058300	9.935090
0.058400	-1.036760
0.058500	-10.577500
0.058600	-12.485600
0.058700	-14.393800
0.058800	-15.347900
0.058900	-9.623430
0.059000	-6.284170
0.059100	2.302500
0.059200	1.825460
0.059300	-2.944910
0.059400	-5.807130
0.059500	-2.944910
0.059600	3.733610
0.059700	14.228400
0.059800	16.136600
0.059900	10.412100
0.060000	10.412100
0.060100	8.503980
0.060200	7.549910
0.060300	3.256570
0.060400	6.595830
0.060500	16.613600
0.060600	11.843200
0.060700	3.733610
0.060800	12.320300
0.060900	12.797300
0.061000	5.164720
0.061100	1.825460
0.061200	-4.853060
0.061300	-12.485600
0.061400	-10.577500
0.061500	-7.715280
0.061600	-10.577500
0.061700	-11.531600
0.061800	-6.761200
0.061900	-2.944910
0.062000	4.687680
0.062100	5.164720
0.062200	-4.853060
0.062300	-4.853060
0.062400	4.687680
0.062500	7.549910
0.062600	4.687680
0.062700	-4.853060
0.062800	-8.669350
0.062900	-3.898980
0.063000	-4.376020
0.063100	-0.082686
0.063200	2.779540
0.063300	-2.944910
0.063400	-3.421950
0.063500	2.779540
0.063600	3.733610
0.063700	2.779540
0.063800	-1.990830
0.063900	-2.944910
0.064000	-2.944910
0.064100	-6.761200
0.064200	-3.898980
0.064300	-1.036760
0.064400	-8.669350
0.064500	-10.577500
0.064600	-10.577500
0.064700	-5.807130
0.064800	0.871388
0.064900	2.779540
0.065000	-1.036760
0.065100	-5.807130
0.065200	-11.054500
0.065300	-11.531600
0.065400	-6.284170
0.065500	-8.669350
0.065600	-10.100500
0.065700	-6.761200
0.065800	-7.238240
0.065900	-7.238240
0.066000	-8.192320
0.066100	-11.531600
0.066200	-17.733101
0.066300	-13.916800
0.066400	-7.715280
0.066500	-1.036760
0.066600	-0.559723
0.066700	-2.944910
0.066800	-1.036760
0.066900	-1.036760
0.067000	-4.376020
0.067100	3.733610
0.067200	4.687680
0.067300	-3.421950
0.067400	-7.715280
0.067500	0.871388
0.067600	4.210650
0.067700	-11.531600
0.067800	-12.485600
0.067900	-2.944910
0.068000	-6.284170
0.068100	-5.807130
0.068200	-5.807130
0.068300	-12.008600
0.068400	-7.715280
0.068500	3.733610
0.068600	4.210650
0.068700	-3.898980
0.068800	0.871388
0.068900	-2.944910
0.069000	-8.669350
0.069100	-2.944910
0.069200	-4.853060
0.069300	-11.531600
0.069400	-16.301901
0.069500	-15.347900
0.069600	-11.531600
0.069700	-12.962700
0.069800	-15.347900
0.069900	-10.577500
0.070000	-14.393800
0.070100	-21.072300
0.070200	-8.669350
0.070300	2.779540
0.070400	-2.467870
0.070500	-3.898980
0.070600	-0.082686
0.070700	2.779540
0.070800	3.256570
0.070900	6.595830
0.071000	10.889200
0.071100	3.733610
0.071200	-5.330090
0.071300	0.871388
0.071400	3.733610
0.071500	2.779540
0.071600	2.779540
0.071700	-0.082686
0.071800	-1.036760
0.071900	1.348420
0.072000	3.733610
0.072100	0.871388
0.072200	-8.192320
0.072300	-12.485600
0.072400	-3.421950
0.072500	-0.082686
0.072600	0.871388
0.072700	-1.990830
0.072800	-5.807130
0.072900	-4.853060
0.073000	4.687680
0.073100	6.595830
0.073200	6.595830
0.073300	1.825460
0.073400	-2.944910
0.073500	-4.853060
0.073600	1.825460
0.073700	8.503980
0.073800	6.595830
0.073900	-0.082686
0.074000	2.779540
0.074100	2.779540
0.074200	-3.898980
0.074300	-3.898980
0.074400	-8.669350
0.074500	-8.669350
0.074600	-1.513800
0.074700	0.871388
0.074800	2.302500
0.074900	0.871388
0.075000	-7.715280
0.075100	-7.715280
0.075200	-2.944910
0.075300	2.302500
0.075400	6.595830
0.075500	8.503980
0.075600	1.348420
0.075700	-7.715280
0.075800	-2.467870
0.075900	-0.082686
0.076000	-4.853060
0.076100	-2.944910
0.076200	-7.715280
0.076300	-4.853060
0.076400	3.733610
0.076500	2.779540
0.076600	-3.421950
0.076700	-8.669350
0.076800	-8.669350
0.076900	-7.715280
0.077000	-7.715280
0.077100	-1.036760
0.077200	-1.990830
0.077300	-1.036760
0.077400	0.871388
0.077500	0.871388
0.077600	0.394351
0.077700	-7.715280
0.077800	-6.761200
0.077900	-1.990830
0.078000	-1.990830
0.078100	-4.376020
0.078200	-8.669350
0.078300	-12.485600
0.078400	-10.577500
0.078500	-4.853060
0.078600	-1.036760
0.078700	0.394351
0.078800	-7.715280
0.078900	-8.669350
0.079000	-8.192320
0.079100	-8.669350
0.079200	-2.944910
0.079300	-1.036760
0.079400	-11.531600
0.079500	-11.531600
0.079600	-5.807130
0.079700	-6.761200
0.079800	-8.669350
0.079900	-6.761200
0.080000	-6.761200
0.080100	-4.853060
0.080200	-1.513800
0.080300	-1.036760
0.080400	2.779540
0.080500	-2.944910
0.080600	-11.531600
0.080700	-5.807130
0.080800	2.779540
0.080900	2.779540
0.081000	-2.944910
0.081100	-6.284170
0.081200	-11.531600
0.081300	-8.669350
0.081400	-5.330090
0.081500	-8.669350
0.081600	-7.238240
0.081700	-10.100500
0.081800	-11.531600
0.081900	-5.807130
0.082000	-1.036760
0.082100	-0.082686
0.082200	-0.082686
0.082300	-5.807130
0.082400	-3.421950
0.082500	3.733610
0.082600	0.871388
0.082700	-7.715280
0.082800	-12.485600
0.082900	-4.376020
0.083000	3.733610
0.083100	2.779540
0.083200	6.595830
0.083300	1.825460
0.083400	-3.898980
0.083500	0.394351
0.083600	0.871388
0.083700	0.871388
0.083800	0.394351
0.083900	-5.807130
0.084000	-3.898980
0.084100	1.348420
0.084200	0.871388
0.084300	2.779540
0.084400	2.779540
0.084500	-0.559723
0.084600	2.779540
0.084700	8.981020
0.084800	7.549910
0.084900	-3.898980
0.085000	-5.807130
0.085100	-1.036760
0.085200	7.549910
0.085300	10.412100
0.085400	-0.082686
0.085500	-7.715280
0.085600	-4.376020
0.085700	-0.082686
0.085800	-1.990830
0.085900	-1.990830
0.086000	-5.807130
0.086100	-11.531600
0.086200	-7.238240
0.086300	-1.990830
0.086400	2.779540
0.086500	1.825460
0.086600	-3.898980
0.086700	-0.082686
0.086800	4.687680
0.086900	-1.990830
0.087000	-1.036760
0.087100	2.779540
0.087200	-1.036760
0.087300	-4.853060
0.087400	-5.330090
0.087500	-4.853060
0.087600	-4.853060
0.087700	-6.284170
0.087800	-8.669350
0.087900	-8.192320
0.088000	-2.944910
0.088100	-3.421950
0.088200	-6.761200
0.088300	-12.485600
0.088400	-3.898980
0.088500	4.210650
0.088600	5.641760
0.088700	5.164720
0.088800	-4.853060
0.088900	-11.531600
0.089000	-0.559723
0.089100	1.825460
0.089200	3.256570
0.089300	-1.036760
0.089400	-11.531600
0.089500	-5.807130
0.089600	-0.559723
0.089700	-2.944910
0.089800	-1.513800
0.089900	-3.898980
0.090000	-8.192320
0.090100	-6.761200
0.090200	-7.715280
0.090300	-5.330090
0.090400	-7.715280
0.090500	-10.100500
0.090600	-3.421950
0.090700	-2.467870
0.090800	0.871388
0.090900	-4.853060
0.091000	-12.485600
0.091100	-13.439700
0.091200	-8.669350
0.091300	-1.990830
0.091400	3.733610
0.091500	-0.559723
0.091600	-13.439700
0.091700	-8.192320
0.091800	1.348420
0.091900	0.871388
0.092000	-0.082686
0.092100	-6.761200
0.092200	-11.531600
0.092300	-2.944910
0.092400	-2.467870
0.092500	-1.036760
0.092600	-1.036760
0.092700	-4.853060
0.092800	-4.853060
0.092900	-1.990830
0.093000	0.871388
0.093100	-5.807130
0.093200	-4.376020
0.093300	-3.898980
0.093400	-1.036760
0.093500	1.348420
0.093600	4.687680
0.093700	6.595830
0.093800	-0.559723
0.093900	-12.485600
0.094000	0.871388
0.094100	13.274300
0.094200	2.779540
0.094300	-1.036760
0.094400	1.825460
0.094500	0.394351
0.094600	-0.082686
0.094700	7.549910
0.094800	6.595830
0.094900	-2.467870
0.095000	1.348420
0.095100	5.641760
0.095200	4.687680
0.095300	2.779540
0.095400	-1.513800
0.095500	-4.853060
0.095600	-1.036760
0.095700	4.687680
0.095800	2.779540
0.095900	3.733610
0.096000	1.348420
0.096100	-0.559723
0.096200	3.256570
0.096300	7.549910
0.096400	-0.082686
0.096500	-1.990830
0.096600	-6.761200
0.096700	-2.944910
0.096800	6.595830
0.096900	6.118790
0.097000	3.733610
0.097100	2.779540
0.097200	-0.082686
0.097300	-2.944910
0.097400	1.825460
0.097500	1.825460
0.097600	0.871388
0.097700	-2.467870
0.097800	-11.054500
0.097900	-5.807130
0.098000	1.348420
0.098100	-1.036760
0.098200	-3.898980
0.098300	-1.990830
0.098400	-2.944910
0.098500	-2.944910
0.098600	-6.284170
0.098700	-2.467870
0.098800	2.779540
0.098900	-1.990830
0.099000	-0.559723
0.099100	6.595830
0.099200	6.595830
0.099300	-3.898980
0.099400	-7.715280
0.099500	-4.853060
0.099600	4.210650
0.099700	7.549910
0.099800	1.825460
0.099900	-2.467870
0.100000	-4.376020
0.100100	-3.898980
0.100200	0.394351
0.100300	-2.944910
0.100400	-8.192320
0.100500	-9.623430
0.100600	-11.054500
0.100700	-6.761200
0.100800	-3.421950
0.100900	-6.284170
0.101000	-12.008600
0.101100	-14.393800
0.101200	-11.531600
0.101300	-7.238240
0.101400	-11.054500
0.101500	-7.715280
0.101600	-1.036760
0.101700	-7.715280
0.101800	-12.485600
0.101900	-1.990830
0.102000	1.825460
0.102100	-3.898980
0.102200	-9.623430
0.102300	-8.669350
0.102400	-1.990830
0.102500	-4.853060
0.102600	-1.990830
0.102700	1.825460
0.102800	-1.036760
0.102900	-7.715280
0.103000	-4.853060
0.103100	-3.898980
0.103200	-7.715280
0.103300	-12.485600
0.103400	-3.898980
0.103500	-1.036760
0.103600	-5.807130
0.103700	0.871388
0.103800	1.825460
0.103900	-7.715280
0.104000	-7.238240
0.104100	-2.467870
0.104200	-4.853060
0.104300	-1.036760
0.104400	-4.376020
0.104500	-11.531600
0.104600	-6.761200
0.104700	1.825460
0.104800	2.302500
0.104900	0.394351
0.105000	-6.761200
0.105100	-8.669350
0.105200	-2.944910
0.105300	-5.807130
0.105400	-1.036760
0.105500	6.595830
0.105600	2.302500
0.105700	-4.376020
0.105800	3.733610
0.105900	10.412100
0.106000	7.072870
0.106100	-2.944910
0.106200	-8.669350
0.106300	-1.036760
0.106400	2.302500
0.106500	1.825460
0.106600	7.549910
0.106700	7.549910
0.106800	-4.853060
0.106900	-6.284170
0.107000	1.825460
0.107100	1.825460
0.107200	0.394351
0.107300	-3.898980
0.107400	0.871388
0.107500	7.072870
0.107600	2.779540
0.107700	-2.944910
0.107800	-3.898980
0.107900	-6.761200
0.108000	-8.192320
0.108100	-0.082686
0.108200	-2.467870
0.108300	-4.376020
0.108400	-4.376020
0.108500	-3.421950
0.108600	-1.513800
0.108700	-2.467870
0.108800	-4.853060
0.108900	-1.990830
0.109000	-8.669350
0.109100	-20.118200
0.109200	-12.485600
0.109300	-3.898980
0.109400	-6.284170
0.109500	-5.807130
0.109600	-8.192320
0.109700	-7.238240
0.109800	-6.284170
0.109900	0.871388
0.110000	-0.082686
0.110100	-1.036760
0.110200	-4.853060
0.110300	-6.761200
0.110400	-4.853060
0.110500	0.394351
0.110600	2.779540
0.110700	1.825460
0.110800	-8.669350
0.110900	-12.485600
0.111000	-2.944910
0.111100	-2.467870
0.111200	-7.715280
0.111300	-5.807130
0.111400	-10.100500
0.111500	-10.577500
0.111600	-3.898980
0.111700	0.871388
0.111800	-6.761200
0.111900	-11.054500
0.112000	-8.192320
0.112100	-3.898980
0.112200	-3.898980
0.112300	-4.853060
0.112400	-7.238240
0.112500	-10.100500
0.112600	-13.916800
0.112700	-1.036760
0.112800	2.302500
0.112900	-1.990830
0.113000	-1.990830
0.113100	-0.559723
0.113200	-3.421950
0.113300	-1.036760
0.113400	0.871388
0.113500	-1.036760
0.113600	3.256570
0.113700	0.871388
0.113800	3.733610
0.113900	6.595830
0.114000	-4.853060
0.114100	-3.898980
0.114200	3.256570
0.114300	-1.036760
0.114400	-3.421950
0.114500	0.394351
0.114600	-1.036760
0.114700	-4.853060
0.114800	-6.284170
0.114900	-4.853060
0.115000	-2.944910
0.115100	-0.082686
0.115200	-7.715280
0.115300	-9.623430
0.115400	-8.192320
0.115500	-5.807130
0.115600	-2.944910
0.115700	-0.082686
0.115800	-10.577500
0.115900	-12.485600
0.116000	-6.761200
0.116100	-1.036760
0.116200	3.733610
0.116300	3.733610
0.116400	-1.036760
0.116500	-3.898980
0.116600	-0.082686
0.116700	2.779540
0.116800	2.779540
0.116900	2.302500
0.117000	-1.036760
0.117100	-2.944910
0.117200	-1.036760
0.117300	-4.376020
0.117400	-4.853060
0.117500	-2.944910
0.117600	-5.807130
0.117700	-1.990830
0.117800	-1.036760
0.117900	4.687680
0.118000	8.026940
0.118100	1.825460
0.118200	-0.082686
0.118300	-0.082686
0.118400	-2.944910
0.118500	-2.467870
0.118600	-3.898980
0.118700	1.825460
0.118800	2.779540
0.118900	-3.898980
0.119000	-3.421950
0.119100	3.256570
0.119200	-0.082686
0.119300	0.394351
0.119400	-6.761200
0.119500	-2.944910
0.119600	1.825460
0.119700	0.394351
0.119800	-4.853060
0.119900	-4.853060
0.120000	1.825460
0.120100	4.687680
0.120200	1.348420
0.120300	-1.990830
0.120400	-6.761200
0.120500	-5.330090
0.120600	-1.036760
0.120700	2.302500
0.120800	-4.376020
0.120900	-6.761200
0.121000	-8.669350
0.121100	-6.761200
0.121200	0.394351
0.121300	1.825460
0.121400	-4.853060
0.121500	-0.082686
0.121600	0.871388
0.121700	-0.082686
0.121800	7.072870
0.121900	8.026940
0.122000	0.871388
0.122100	-3.898980
0.122200	3.256570
0.122300	4.687680
0.122400	6.595830
0.122500	2.779540
0.122600	-3.421950
0.122700	-4.376020
0.122800	2.779540
0.122900	4.687680
0.123000	2.779540
0.123100	-1.036760
0.123200	-1.036760
0.123300	3.256570
0.123400	1.825460
0.123500	-1.990830
0.123600	-5.807130
0.123700	-9.623430
0.123800	-3.898980
0.123900	-0.082686
0.124000	-1.036760
0.124100	2.779540
0.124200	-0.082686
0.124300	-4.853060
0.124400	-4.853060
0.124500	-1.513800
0.124600	2.779540
0.124700	7.549910
0.124800	2.779540
0.124900	-5.807130
0.125000	-8.192320
0.125100	-3.898980
0.125200	8.503980
0.125300	3.256570
0.125400	-8.669350
0.125500	-2.944910
0.125600	3.733610
0.125700	-1.990830
0.125800	-0.559723
0.125900	1.825460
0.126000	-3.898980
0.126100	-7.715280
0.126200	-8.192320
0.126300	-3.898980
0.126400	0.871388
0.126500	-2.944910
0.126600	-5.807130
0.126700	1.348420
0.126800	3.733610
0.126900	0.871388
0.127000	-0.559723
0.127100	-0.559723
0.127200	2.779540
0.127300	5.641760
0.127400	-1.990830
0.127500	-10.100500
0.127600	-4.853060
0.127700	3.733610
0.127800	4.210650
0.127900	-3.898980
0.128000	-6.761200
0.128100	-6.761200
0.128200	-4.376020
0.128300	-1.990830
0.128400	0.871388
0.128500	3.733610
0.128600	-0.559723
0.128700	-1.513800
0.128800	6.595830
0.128900	10.412100
0.129000	0.871388
0.129100	-8.192320
0.129200	-6.761200
0.129300	-8.192320
0.129400	-4.853060
0.129500	-0.559723
0.129600	-1.036760
0.129700	-8.192320
0.129800	-10.577500
0.129900	-0.559723
0.130000	3.256570
0.130100	-2.944910
0.130200	-4.853060
0.130300	-3.898980
0.130400	-4.853060
0.130500	-2.944910
0.130600	3.733610
0.130700	2.779540
0.130800	-3.421950
0.130900	-0.082686
0.131000	7.549910
0.131100	4.687680
0.131200	-6.761200
0.131300	-7.715280
0.131400	-9.623430
0.131500	-4.853060
0.131600	1.825460
0.131700	0.394351
0.131800	0.871388
0.131900	-1.513800
0.132000	-4.853060
0.132100	-3.898980
0.132200	-2.944910
0.132300	-3.421950
0.132400	-7.238240
0.132500	-10.100500
0.132600	-7.715280
0.132700	2.302500
0.132800	-1.036760
0.132900	-7.715280
0.133000	-7.715280
0.133100	-11.531600
0.133200	-3.898980
0.133300	2.779540
0.133400	-0.559723
0.133500	-4.853060
0.133600	-4.853060
0.133700	-4.853060
0.133800	-7.715280
0.133900	-1.990830
0.134000	1.825460
0.134100	0.871388
0.134200	-0.082686
0.134300	-3.898980
0.134400	-0.559723
0.134500	2.779540
0.134600	2.779540
0.134700	-5.807130
0.134800	-6.284170
0.134900	4.687680
0.135000	2.779540
0.135100	-3.898980
0.135200	-8.192320
0.135300	-10.577500
0.135400	-3.421950
0.135500	2.779540
0.135600	-0.082686
0.135700	-5.330090
0.135800	-1.990830
0.135900	-5.330090
0.136000	-8.669350
0.136100	-3.898980
0.136200	2.779540
0.136300	-3.898980
0.136400	-4.853060
0.136500	-6.761200
0.136600	-7.715280
0.136700	-4.853060
0.136800	2.779540
0.136900	6.595830
0.137000	-4.853060
0.137100	-11.054500
0.137200	-8.192320
0.137300	-2.944910
0.137400	-4.376020
0.137500	-8.669350
0.137600	-8.669350
0.137700	-2.944910
0.137800	-2.944910
0.137900	-4.853060
0.138000	-6.761200
0.138100	-7.715280
0.138200	-5.330090
0.138300	1.825460
0.138400	-1.036760
0.138500	3.256570
0.138600	-0.082686
0.138700	-1.990830
0.138800	-4.376020
0.138900	-8.669350
0.139000	0.871388
0.139100	6.595830
0.139200	-2.944910
0.139300	-10.577500
0.139400	-5.807130
0.139500	1.825460
0.139600	1.825460
0.139700	-1.513800
0.139800	-4.853060
0.139900	-4.853060
0.140000	-1.513800
0.140100	-1.513800
0.140200	-3.898980
0.140300	-5.807130
0.140400	-9.623430
0.140500	-5.807130
0.140600	-1.036760
0.140700	2.779540
0.140800	-3.898980
0.140900	-7.715280
0.141000	-1.990830
0.141100	2.779540
0.141200	-1.513800
0.141300	-6.284170
0.141400	-4.853060
0.141500	-4.376020
0.141600	-7.715280
0.141700	-6.284170
0.141800	-4.853060
0.141900	-5.807130
0.142000	-5.807130
0.142100	0.394351
0.142200	0.871388
0.142300	1.348420
0.142400	0.871388
0.142500	-2.944910
0.142600	-3.898980
0.142700	-5.807130
0.142800	-0.082686
0.142900	3.256570
0.143000	-1.036760
0.143100	-4.853060
0.143200	-3.421950
0.143300	-7.238240
0.143400	-6.761200
0.143500	-0.082686
0.143600	-8.669350
0.143700	-14.393800
0.143800	-7.715280
0.143900	-2.944910
0.144000	-3.898980
0.144100	0.871388
0.144200	1.825460
0.144300	-4.853060
0.144400	-6.761200
0.144500	-5.330090
0.144600	-2.467870
0.144700	-4.376020
0.144800	-7.715280
0.144900	-5.330090
0.145000	-1.990830
0.145100	-4.853060
0.145200	2.779540
0.145300	-0.559723
0.145400	-13.439700
0.145500	-8.669350
0.145600	-2.944910
0.145700	-1.990830
0.145800	-3.898980
0.145900	-0.559723
0.146000	-4.376020
0.146100	-0.559723
0.146200	0.871388
0.146300	-1.036760
0.146400	-0.559723
0.146500	-0.082686
0.146600	-0.082686
0.146700	-3.898980
0.146800	-0.082686
0.146900	2.302500
0.147000	0.394351
0.147100	-2.944910
0.147200	-4.853060
0.147300	-2.944910
0.147400	-1.036760
0.147500	-1.990830
0.147600	-1.036760
0.147700	-3.898980
0.147800	0.394351
0.147900	-4.853060
0.148000	-2.467870
0.148100	-0.082686
0.148200	-3.898980
0.148300	-6.761200
0.148400	-1.990830
0.148500	1.825460
0.148600	-0.082686
0.148700	1.825460
0.148800	-0.082686
0.148900	0.871388
0.149000	-0.082686
0.149100	1.348420
0.149200	2.779540
0.149300	1.825460
0.149400	-0.559723
0.149500	-3.898980
0.149600	-5.330090
0.149700	-1.990830
0.149800	1.348420
0.149900	-3.898980
0.150000	-10.100500
0.150100	-8.192320
0.150200	-6.761200
0.150300	-1.036760
0.150400	-3.421950
0.150500	-2.944910
0.150600	5.164720
0.150700	10.412100
0.150800	3.256570
0.150900	-1.036760
0.151000	0.871388
0.151100	1.825460
0.151200	-1.036760
0.151300	0.871388
0.151400	-1.513800
0.151500	-6.761200
0.151600	-1.990830
0.151700	2.779540
0.151800	-0.082686
0.151900	0.871388
0.152000	-3.421950
0.152100	-1.036760
0.152200	1.825460
0.152300	0.871388
0.152400	-4.376020
0.152500	-8.669350
0.152600	-7.715280
0.152700	-1.990830
0.152800	-1.036760
0.152900	-2.944910
0.153000	0.871388
0.153100	-7.715280
0.153200	-9.623430
0.153300	-2.944910
0.153400	3.256570
0.153500	-1.036760
0.153600	0.871388
0.153700	-1.036760
0.153800	0.394351
0.153900	-3.898980
0.154000	1.825460
0.154100	3.733610
0.154200	-5.807130
0.154300	-6.761200
0.154400	0.871388
0.154500	4.687680
0.154600	1.825460
0.154700	-6.284170
0.154800	-4.853060
0.154900	0.394351
0.155000	-0.082686
0.155100	-4.853060
0.155200	1.825460
0.155300	-2.944910
0.155400	-11.531600
0.155500	-7.715280
0.155600	-3.898980
0.155700	-2.944910
0.155800	-0.082686
0.155900	0.871388
0.156000	6.595830
0.156100	6.595830
0.156200	7.072870
0.156300	2.779540
0.156400	-1.036760
0.156500	-0.082686
0.156600	-2.467870
0.156700	-1.036760
0.156800	-2.944910
0.156900	-2.944910
0.157000	-0.559723
0.157100	4.687680
0.157200	4.687680
0.157300	-1.036760
0.157400	-11.054500
0.157500	-10.577500
0.157600	-4.853060
0.157700	-4.853060
0.157800	-2.944910
0.157900	0.871388
0.158000	-2.944910
0.158100	-4.853060
0.158200	-0.082686
0.158300	1.825460
0.158400	-2.944910
0.158500	-4.853060
0.158600	-1.990830
0.158700	-0.559723
0.158800	2.779540
0.158900	6.595830
0.159000	0.871388
0.159100	-4.853060
0.159200	-0.082686
0.159300	2.302500
0.159400	1.348420
0.159500	1.825460
0.159600	1.825460
0.159700	-1.036760
0.159800	-3.898980
0.159900	-1.990830
0.160000	-2.944910
0.160100	-3.898980
0.160200	-6.761200
0.160300	1.348420
0.160400	6.595830
0.160500	5.164720
0.160600	1.348420
0.160700	-6.761200
0.160800	0.871388
0.160900	2.779540
0.161000	-1.036760
0.161100	-1.036760
0.161200	-1.990830
0.161300	-1.036760
0.161400	-1.036760
0.161500	1.348420
0.161600	3.733610
0.161700	6.595830
0.161800	8.503980
0.161900	1.825460
0.162000	0.871388
0.162100	2.779540
0.162200	-0.082686
0.162300	-1.990830
0.162400	-4.376020
0.162500	0.394351
0.162600	1.825460
0.162700	-4.853060
0.162800	-13.439700
0.162900	-6.761200
0.163000	-1.990830
0.163100	1.825460
0.163200	0.871388
0.163300	-2.944910
0.163400	-6.761200
0.163500	-1.036760
0.163600	5.641760
0.163700	1.825460
0.163800	-7.715280
0.163900	-5.807130
0.164000	1.348420
0.164100	3.733610
0.164200	-0.082686
0.164300	-7.715280
0.164400	-10.577500
0.164500	-1.036760
0.164600	4.687680
0.164700	4.687680
0.164800	-1.513800
0.164900	-10.577500
0.165000	-4.853060
0.165100	-0.559723
0.165200	-4.853060
0.165300	-1.990830
0.165400	-0.082686
0.165500	-2.944910
0.165600	-2.944910
0.165700	1.825460
0.165800	5.641760
0.165900	3.733610
0.166000	-6.761200
0.166100	-5.807130
0.166200	2.779540
0.166300	2.779540
0.166400	0.871388
0.166500	-2.944910
0.166600	-8.669350
0.166700	-0.082686
0.166800	5.164720
0.166900	3.733610
0.167000	1.825460
0.167100	-4.376020
0.167200	-3.898980
0.167300	0.871388
0.167400	2.302500
0.167500	-4.376020
0.167600	-4.853060
0.167700	-2.944910
0.167800	-0.082686
0.167900	-2.467870
0.168000	-0.082686
0.168100	2.779540
0.168200	-5.330090
0.168300	-13.439700
0.168400	-5.807130
0.168500	-1.036760
0.168600	-1.990830
0.168700	-1.990830
0.168800	-2.944910
0.168900	-3.898980
0.169000	3.733610
0.169100	-1.036760
0.169200	0.394351
0.169300	2.779540
0.169400	-2.944910
0.169500	-8.669350
0.169600	-5.330090
0.169700	2.302500
0.169800	1.825460
0.169900	-5.807130
0.170000	-10.577500
0.170100	-6.761200
0.170200	-3.898980
0.170300	-1.036760
0.170400	-4.853060
0.170500	-2.944910
0.170600	-1.036760
0.170700	0.871388
0.170800	-4.376020
0.170900	-9.623430
0.171000	-2.944910
0.171100	-0.082686
0.171200	-3.898980
0.171300	-3.421950
0.171400	-2.944910
0.171500	-3.898980
0.171600	-1.036760
0.171700	-0.082686
0.171800	1.348420
0.171900	-6.284170
0.172000	-2.467870
0.172100	-0.082686
0.172200	-9.623430
0.172300	-6.761200
0.172400	2.779540
0.172500	9.458050
0.172600	4.687680
0.172700	-1.036760
0.172800	-6.284170
0.172900	-4.853060
0.173000	-2.467870
0.173100	-3.898980
0.173200	-4.376020
0.173300	-3.421950
0.173400	-7.715280
0.173500	3.733610
0.173600	9.458050
0.173700	2.779540
0.173800	0.871388
0.173900	-0.082686
0.174000	-2.944910
0.174100	-1.036760
0.174200	-1.036760
0.174300	2.779540
0.174400	-1.036760
0.174500	-7.715280
0.174600	-5.807130
0.174700	-4.853060
0.174800	-4.376020
0.174900	-1.990830
0.175000	-3.898980
0.175100	-1.036760
0.175200	2.779540
0.175300	2.302500
0.175400	-2.944910
0.175500	-2.944910
0.175600	0.871388
0.175700	0.871388
0.175800	0.871388
0.175900	4.210650
0.176000	2.779540
0.176100	-2.944910
0.176200	-2.467870
0.176300	-5.807130
0.176400	-2.944910
0.176500	2.302500
0.176600	-2.944910
0.176700	0.871388
0.176800	3.733610
0.176900	-4.853060
0.177000	-1.990830
0.177100	2.779540
0.177200	-0.082686
0.177300	-1.990830
0.177400	-3.898980
0.177500	1.825460
0.177600	1.348420
0.177700	-4.376020
0.177800	-6.761200
0.177900	-3.898980
0.178000	-1.990830
0.178100	-3.898980
0.178200	3.256570
0.178300	4.210650
0.178400	-3.898980
0.178500	-2.944910
0.178600	2.779540
0.178700	3.733610
0.178800	2.779540
0.178900	-2.467870
0.179000	-1.036760
0.179100	5.641760
0.179200	1.825460
0.179300	-2.467870
0.179400	0.871388
0.179500	-4.853060
0.179600	-2.944910
0.179700	4.210650
0.179800	7.549910
0.179900	4.687680
0.180000	-4.853060
0.180100	-12.008600
0.180200	-9.146390
0.180300	1.825460
0.180400	2.779540
0.180500	-2.944910
0.180600	-6.761200
0.180700	-8.192320
0.180800	-8.669350
0.180900	-2.944910
0.181000	6.595830
0.181100	3.733610
0.181200	4.687680
0.181300	5.641760
0.181400	2.779540
0.181500	0.394351
0.181600	2.779540
0.181700	8.503980
0.181800	2.302500
0.181900	-3.421950
0.182000	1.825460
0.182100	1.348420
0.182200	0.871388
0.182300	-0.082686
0.182400	-5.807130
0.182500	-6.761200
0.182600	-1.990830
0.182700	2.779540
0.182800	-1.036760
0.182900	-8.669350
0.183000	-4.376020
0.183100	2.779540
0.183200	2.779540
0.183300	0.871388
0.183400	-9.623430
0.183500	-6.761200
0.183600	0.394351
0.183700	-3.898980
0.183800	-0.082686
0.183900	-1.036760
0.184000	-6.761200
0.184100	-2.944910
0.184200	-1.036760
0.184300	-3.898980
0.184400	2.779540
0.184500	-1.990830
0.184600	-10.100500
0.184700	-11.531600
0.184800	-4.376020
0.184900	-1.036760
0.185000	-1.036760
0.185100	-1.036760
0.185200	-2.944910
0.185300	2.779540
0.185400	1.825460
0.185500	-2.467870
0.185600	-4.853060
0.185700	-6.761200
0.185800	-3.898980
0.185900	-1.990830
0.186000	-2.944910
0.186100	-7.715280
0.186200	-10.577500
0.186300	-3.421950
0.186400	-0.559723
0.186500	-0.559723
0.186600	-1.990830
0.186700	-2.944910
0.186800	-7.238240
0.186900	-12.008600
0.187000	-3.898980
0.187100	0.394351
0.187200	-3.898980
0.187300	-1.036760
0.187400	-3.898980
0.187500	-4.376020
0.187600	1.825460
0.187700	8.026940
0.187800	1.825460
0.187900	-4.376020
0.188000	-4.853060
0.188100	-7.238240
0.188200	-2.944910
0.188300	-1.990830
0.188400	-3.898980
0.188500	-4.853060
0.188600	-0.082686
0.188700	2.779540
0.188800	-2.944910
0.188900	-2.467870
0.189000	0.871388
0.189100	-1.990830
0.189200	2.779540
0.189300	2.302500
0.189400	-1.036760
0.189500	4.687680
0.189600	0.394351
0.189700	-8.669350
0.189800	-2.944910
0.189900	2.779540
0.190000	-1.036760
0.190100	-5.330090
0.190200	-9.623430
0.190300	-11.531600
0.190400	-9.623430
0.190500	-6.761200
0.190600	-4.376020
0.190700	0.394351
0.190800	-1.990830
0.190900	-6.284170
0.191000	-2.944910
0.191100	-4.853060
0.191200	-3.898980
0.191300	-2.944910
0.191400	-3.898980
0.191500	1.825460
0.191600	6.595830
0.191700	4.210650
0.191800	0.871388
0.191900	-0.082686
0.192000	-8.669350
0.192100	-7.715280
0.192200	-0.082686
0.192300	2.779540
0.192400	4.687680
0.192500	4.210650
0.192600	-1.036760
0.192700	-3.898980
0.192800	1.825460
0.192900	3.256570
0.193000	2.779540
0.193100	2.779540
0.193200	-3.898980
0.193300	-4.853060
0.193400	-0.559723
0.193500	-1.513800
0.193600	1.825460
0.193700	-0.559723
0.193800	-4.853060
0.193900	1.348420
0.194000	7.549910
0.194100	2.779540
0.194200	-6.761200
0.194300	-10.577500
0.194400	-3.898980
0.194500	-5.807130
0.194600	-11.531600
0.194700	-11.531600
0.194800	-9.623430
0.194900	-3.421950
0.195000	1.348420
0.195100	1.348420
0.195200	-0.082686
0.195300	-5.807130
0.195400	-5.330090
0.195500	-8.192320
0.195600	-0.559723
0.195700	2.779540
0.195800	-2.944910
0.195900	-5.807130
0.196000	-4.853060
0.196100	-0.082686
0.196200	3.733610
0.196300	-0.082686
0.196400	-4.853060
0.196500	-1.990830
0.196600	3.733610
0.196700	0.394351
0.196800	0.871388
0.196900	0.871388
0.197000	-6.284170
0.197100	-6.761200
0.197200	-2.467870
0.197300	-1.036760
0.197400	0.871388
0.197500	-0.559723
0.197600	-13.439700
0.197700	-8.192320
0.197800	2.779540
0.197900	5.641760
0.198000	10.412100
0.198100	2.779540
0.198200	-8.669350
0.198300	-9.623430
0.198400	-4.376020
0.198500	-5.807130
0.198600	-4.853060
0.198700	-1.513800
0.198800	-7.715280
0.198900	-2.467870
0.199000	1.348420
0.199100	-4.853060
0.199200	-2.944910
0.199300	-4.853060
0.199400	-5.807130
0.199500	-0.082686
0.199600	5.641760
0.199700	4.210650
0.199800	1.348420
0.199900	-1.036760
0.200000	-0.559723
0.200100	-4.376020
0.200200	-4.376020
0.200300	-1.036760
0.200400	-2.944910
0.200500	-7.715280
0.200600	-4.853060
0.200700	-3.898980
0.200800	-11.531600
0.200900	-9.623430
0.201000	1.825460
0.201100	-1.036760
0.201200	-1.513800
0.201300	-0.559723
0.201400	-3.421950
0.201500	0.871388
0.201600	4.210650
0.201700	-1.036760
0.201800	0.871388
0.201900	0.871388
0.202000	-6.284170
0.202100	-1.990830
0.202200	0.871388
0.202300	5.641760
0.202400	-1.990830
0.202500	-8.669350
0.202600	0.871388
0.202700	2.302500
0.202800	-4.853060
0.202900	-0.082686
0.203000	-4.376020
0.203100	-9.623430
0.203200	-4.853060
0.203300	-0.082686
0.203400	-3.898980
0.203500	-1.036760
0.203600	-4.853060
0.203700	-9.623430
0.203800	-3.421950
0.203900	-1.990830
0.204000	-5.330090
0.204100	-3.898980
0.204200	-7.238240
0.204300	-2.944910
0.204400	2.779540
0.204500	6.118790
0.204600	0.394351
0.204700	-1.513800
0.204800	6.595830
0.204900	6.595830
0.205000	0.871388
0.205100	-1.990830
0.205200	0.394351
0.205300	-0.082686
0.205400	2.779540
0.205500	4.687680
0.205600	-1.036760
0.205700	0.871388
0.205800	6.595830
0.205900	-0.082686
0.206000	0.871388
0.206100	-0.082686
0.206200	-6.761200
0.206300	-1.036760
0.206400	1.348420
0.206500	1.825460
0.206600	0.871388
0.206700	8.503980
0.206800	2.779540
0.206900	-2.944910
0.207000	-1.036760
0.207100	-2.944910
0.207200	2.779540
0.207300	3.733610
0.207400	2.779540
0.207500	-4.853060
0.207600	-0.082686
0.207700	2.779540
0.207800	-0.082686
0.207900	-1.990830
0.208000	-6.284170
0.208100	-8.192320
0.208200	-4.376020
0.208300	-0.082686
0.208400	1.825460
0.208500	3.256570
0.208600	3.733610
0.208700	-2.944910
0.208800	7.549910
0.208900	4.687680
0.209000	3.733610
0.209100	3.733610
0.209200	-4.853060
0.209300	-5.807130
0.209400	4.687680
0.209500	8.026940
0.209600	-1.036760
0.209700	-6.761200
0.209800	-0.082686
0.209900	8.503980
0.210000	6.595830
0.210100	-1.036760
0.210200	-4.376020
0.210300	-0.082686
0.210400	2.779540
0.210500	-0.082686
0.210600	-1.990830
0.210700	0.871388
0.210800	-0.082686
0.210900	-0.082686
0.211000	-2.467870
0.211100	-0.082686
0.211200	-2.467870
0.211300	-6.284170
0.211400	-10.100500
0.211500	0.871388
0.211600	6.595830
0.211700	6.595830
0.211800	-4.853060
0.211900	-6.761200
0.212000	-1.036760
0.212100	1.825460
0.212200	-0.082686
0.212300	-3.898980
0.212400	-6.284170
0.212500	-2.944910
0.212600	-1.036760
0.212700	-2.467870
0.212800	2.779540
0.212900	1.348420
0.213000	3.733610
0.213100	0.871388
0.213200	-0.559723
0.213300	-3.421950
0.213400	-1.990830
0.213500	-1.036760
0.213600	0.871388
0.213700	2.779540
0.213800	2.779540
0.213900	2.779540
0.214000	-2.944910
0.214100	-1.990830
0.214200	1.825460
0.214300	4.687680
0.214400	4.687680
0.214500	-1.036760
0.214600	-6.761200
0.214700	-11.531600
0.214800	-7.715280
0.214900	2.779540
0.215000	1.825460
0.215100	2.779540
0.215200	-3.898980
0.215300	-4.853060
0.215400	0.871388
0.215500	3.733610
0.215600	0.871388
0.215700	0.394351
0.215800	-0.082686
0.215900	-8.669350
0.216000	-1.036760
0.216100	0.871388
0.216200	-0.559723
0.216300	-1.036760
0.216400	-2.944910
0.216500	-1.036760
0.216600	-1.036760
0.216700	-1.036760
0.216800	-6.284170
0.216900	-11.531600
0.217000	-6.761200
0.217100	-2.944910
0.217200	-6.284170
0.217300	-4.376020
0.217400	0.871388
0.217500	0.871388
0.217600	-4.376020
0.217700	-2.944910
0.217800	5.641760
0.217900	0.871388
0.218000	-12.485600
0.218100	-8.669350
0.218200	1.825460
0.218300	2.779540
0.218400	-1.036760
0.218500	2.302500
0.218600	-1.036760
0.218700	-5.330090
0.218800	-2.467870
0.218900	-2.944910
0.219000	-0.559723
0.219100	-3.421950
0.219200	-12.485600
0.219300	-8.669350
0.219400	-2.467870
0.219500	-3.421950
0.219600	-2.944910
0.219700	1.825460
0.219800	-1.036760
0.219900	-4.853060
0.220000	0.871388
0.220100	10.412100
0.220200	-2.944910
0.220300	-12.008600
0.220400	-8.669350
0.220500	-1.036760
0.220600	2.779540
0.220700	-6.761200
0.220800	-14.393800
0.220900	-6.761200
0.221000	-1.036760
0.221100	-0.082686
0.221200	-1.036760
0.221300	-4.853060
0.221400	-4.853060
0.221500	-1.036760
0.221600	3.733610
0.221700	-0.082686
0.221800	-5.807130
0.221900	-12.485600
0.222000	-13.439700
0.222100	-7.715280
0.222200	-7.715280
0.222300	-4.853060
0.222400	-5.807130
0.222500	-7.715280
0.222600	-4.853060
0.222700	-0.082686
0.222800	-2.944910
0.222900	-3.898980
0.223000	-4.853060
0.223100	-0.082686
0.223200	4.687680
0.223300	-0.082686
0.223400	-4.853060
0.223500	-3.898980
0.223600	-1.990830
0.223700	-4.853060
0.223800	-4.853060
0.223900	0.871388
0.224000	-2.944910
0.224100	-4.853060
0.224200	-6.761200
0.224300	-10.100500
0.224400	-8.669350
0.224500	-6.761200
0.224600	-7.715280
0.224700	-2.467870
0.224800	1.348420
0.224900	0.871388
0.225000	-3.898980
0.225100	-12.485600
0.225200	-14.393800
0.225300	-2.944910
0.225400	6.595830
0.225500	4.687680
0.225600	-7.238240
0.225700	-8.669350
0.225800	2.779540
0.225900	1.825460
0.226000	-5.807130
0.226100	-1.036760
0.226200	0.871388
0.226300	-2.944910
0.226400	2.779540
0.226500	-1.990830
0.226600	-3.421950
0.226700	-2.944910
0.226800	-2.944910
0.226900	1.825460
0.227000	-0.082686
0.227100	-1.036760
0.227200	-8.669350
0.227300	-7.715280
0.227400	-3.898980
0.227500	-1.036760
0.227600	-4.853060
0.227700	-1.990830
0.227800	-3.898980
0.227900	-2.944910
0.228000	2.779540
0.228100	2.779540
0.228200	-0.559723
0.228300	-4.853060
0.228400	-6.761200
0.228500	-0.082686
0.228600	1.825460
0.228700	3.256570
0.228800	6.595830
0.228900	0.871388
0.229000	-1.990830
0.229100	-2.467870
0.229200	1.825460
0.229300	8.026940
0.229400	4.687680
0.229500	-0.559723
0.229600	4.210650
0.229700	1.348420
0.229800	4.687680
0.229900	7.072870
0.230000	1.348420
0.230100	-1.036760
0.230200	5.164720
0.230300	3.733610
0.230400	-0.559723
0.230500	3.733610
0.230600	-6.284170
0.230700	-10.577500
0.230800	-2.944910
0.230900	-2.467870
0.231000	-1.990830
0.231100	1.348420
0.231200	-3.898980
0.231300	-4.853060
0.231400	2.779540
0.231500	0.871388
0.231600	-5.330090
0.231700	-11.531600
0.231800	-6.284170
0.231900	1.825460
0.232000	1.825460
0.232100	-2.944910
0.232200	-4.853060
0.232300	-3.898980
0.232400	1.825460
0.232500	-1.036760
0.232600	-6.761200
0.232700	-5.807130
0.232800	-1.990830
0.232900	-2.944910
0.233000	-3.898980
0.233100	-4.853060
0.233200	-3.898980
0.233300	2.779540
0.233400	3.256570
0.233500	-0.082686
0.233600	3.733610
0.233700	8.503980
0.233800	6.595830
0.233900	-3.898980
0.234000	-4.853060
0.234100	-1.036760
0.234200	2.779540
0.234300	2.779540
0.234400	0.394351
0.234500	-3.421950
0.234600	-4.853060
0.234700	0.871388
0.234800	1.825460
0.234900	1.348420
0.235000	-2.944910
0.235100	-7.715280
0.235200	-4.853060
0.235300	2.779540
0.235400	6.595830
0.235500	2.779540
0.235600	-5.330090
0.235700	-8.192320
0.235800	1.348420
0.235900	4.687680
0.236000	1.348420
0.236100	-3.421950
0.236200	-6.761200
0.236300	0.871388
0.236400	4.687680
0.236500	-2.944910
0.236600	-1.990830
0.236700	4.687680
0.236800	0.871388
0.236900	-1.036760
0.237000	-1.036760
0.237100	-2.944910
0.237200	-2.944910
0.237300	-1.036760
0.237400	-1.990830
0.237500	-0.082686
0.237600	0.871388
0.237700	-1.990830
0.237800	0.394351
0.237900	1.348420
0.238000	-6.284170
0.238100	-2.467870
0.238200	1.825460
0.238300	2.779540
0.238400	-0.082686
0.238500	-3.898980
0.238600	-1.036760
0.238700	-0.082686
0.238800	-4.853060
0.238900	1.348420
0.239000	1.825460
0.239100	-4.853060
0.239200	-4.376020
0.239300	-1.036760
0.239400	1.825460
0.239500	-0.559723
0.239600	-7.715280
0.239700	-2.944910
0.239800	1.825460
0.239900	2.779540
0.240000	3.256570
0.240100	-1.036760
0.240200	-6.761200
0.240300	-4.853060
0.240400	-0.559723
0.240500	2.779540
0.240600	1.825460
0.240700	-7.715280
0.240800	-8.669350
0.240900	0.871388
0.241000	-3.898980
0.241100	-7.715280
0.241200	0.871388
0.241300	-2.944910
0.241400	-4.853060
0.241500	2.302500
0.241600	0.394351
0.241700	-1.990830
0.241800	-1.036760
0.241900	-8.669350
0.242000	-10.577500
0.242100	-2.944910
0.242200	-4.853060
0.242300	-4.376020
0.242400	-1.036760
0.242500	0.871388
0.242600	-2.944910
0.242700	-2.944910
0.242800	2.779540
0.242900	-0.559723
0.243000	-5.807130
0.243100	-8.669350
0.243200	0.871388
0.243300	2.779540
0.243400	-2.944910
0.243500	-6.761200
0.243600	-10.577500
0.243700	-6.761200
0.243800	-8.669350
0.243900	-4.853060
0.244000	3.733610
0.244100	-1.036760
0.244200	-1.990830
0.244300	0.871388
0.244400	-5.330090
0.244500	-6.761200
0.244600	-0.082686
0.244700	-1.990830
0.244800	2.779540
0.244900	4.687680
0.245000	-0.082686
0.245100	-7.715280
0.245200	-8.192320
0.245300	-1.036760
0.245400	0.871388
0.245500	-0.559723
0.245600	-1.990830
0.245700	-6.284170
0.245800	-4.853060
0.245900	-3.898980
0.246000	-5.807130
0.246100	-0.559723
0.246200	-4.376020
0.246300	-6.761200
0.246400	-0.082686
0.246500	2.779540
0.246600	-2.467870
0.246700	-9.623430
0.246800	-0.559723
0.246900	5.641760
0.247000	-1.513800
0.247100	-0.082686
0.247200	-3.898980
0.247300	-9.623430
0.247400	-7.238240
0.247500	-4.853060
0.247600	-4.853060
0.247700	-1.036760
0.247800	-4.376020
0.247900	-6.761200
0.248000	-1.036760
0.248100	-0.082686
0.248200	-6.761200
0.248300	-6.761200
0.248400	-8.669350
0.248500	-8.669350
0.248600	-8.669350
0.248700	-3.898980
0.248800	-2.944910
0.248900	-4.853060
0.249000	-13.439700
0.249100	-13.439700
0.249200	-7.715280
0.249300	-1.036760
0.249400	-0.559723
0.249500	-2.944910
0.249600	-6.761200
0.249700	-4.376020
0.249800	-4.853060
0.249900	0.871388
0.250000	4.687680
0.250100	-3.898980
0.250200	-6.761200
0.250300	-4.853060
0.250400	-2.944910
0.250500	1.825460
0.250600	3.733610
0.250700	-1.990830
0.250800	-10.577500
0.250900	-7.715280
0.251000	-1.036760
0.251100	-1.990830
0.251200	-8.192320
0.251300	-7.715280
0.251400	3.733610
0.251500	5.641760
0.251600	2.779540
0.251700	1.348420
0.251800	-4.853060
0.251900	-6.284170
0.252000	-2.944910
0.252100	-1.036760
0.252200	-0.082686
0.252300	-4.853060
0.252400	-8.192320
0.252500	-0.082686
0.252600	3.733610
0.252700	-0.082686
0.252800	-4.853060
0.252900	-4.376020
0.253000	-4.853060
0.253100	0.871388
0.253200	4.687680
0.253300	1.825460
0.253400	-4.853060
0.253500	-5.807130
0.253600	0.871388
0.253700	4.687680
0.253800	1.825460
0.253900	-7.715280
0.254000	-8.669350
0.254100	-0.082686
0.254200	2.779540
0.254300	2.779540
0.254400	2.779540
0.254500	-6.284170
0.254600	-11.531600
0.254700	-8.669350
0.254800	-4.853060
0.254900	-5.807130
0.255000	-5.807130
0.255100	-4.376020
0.255200	0.871388
0.255300	2.779540
0.255400	0.871388
0.255500	-4.853060
0.255600	-6.761200
0.255700	-1.990830
0.255800	1.825460
0.255900	2.779540
0.256000	0.871388
0.256100	-6.761200
0.256200	-12.485600
0.256300	-6.761200
0.256400	-0.559723
0.256500	-1.036760
0.256600	1.348420
0.256700	-2.467870
0.256800	-8.192320
0.256900	-0.082686
0.257000	1.348420
0.257100	-2.944910
0.257200	-2.944910
0.257300	0.871388
0.257400	-8.669350
0.257500	-7.715280
0.257600	4.687680
0.257700	8.026940
0.257800	0.871388
0.257900	-7.238240
0.258000	-10.577500
0.258100	0.871388
0.258200	5.641760
0.258300	-1.036760
0.258400	-8.192320
0.258500	-10.577500
0.258600	-1.036760
0.258700	7.072870
0.258800	-1.036760
0.258900	-3.898980
0.259000	-1.036760
0.259100	-8.192320
0.259200	-3.898980
0.259300	4.210650
0.259400	2.302500
0.259500	-5.807130
0.259600	-7.238240
0.259700	-1.990830
0.259800	4.687680
0.259900	8.503980
0.260000	2.779540
0.260100	-3.421950
0.260200	-1.036760
0.260300	0.871388
0.260400	2.779540
0.260500	-2.944910
0.260600	-3.898980
0.260700	-0.082686
0.260800	2.779540
0.260900	2.779540
0.261000	3.733610
0.261100	-0.082686
0.261200	-0.559723
0.261300	3.733610
0.261400	4.210650
0.261500	3.733610
0.261600	-2.467870
0.261700	-2.944910
0.261800	4.687680
0.261900	7.072870
0.262000	-1.990830
0.262100	1.348420
0.262200	-1.036760
0.262300	-0.082686
0.262400	2.302500
0.262500	-1.036760
0.262600	-0.559723
0.262700	0.394351
0.262800	-3.898980
0.262900	-6.761200
0.263000	-5.807130
0.263100	-3.421950
0.263200	-4.376020
0.263300	3.733610
0.263400	1.348420
0.263500	-4.853060
0.263600	-8.192320
0.263700	-4.853060
0.263800	0.871388
0.263900	2.779540
0.264000	-0.082686
0.264100	-0.559723
0.264200	-0.082686
0.264300	1.348420
0.264400	2.779540
0.264500	-1.036760
0.264600	-4.853060
0.264700	-4.376020
0.264800	-2.944910
0.264900	0.394351
0.265000	2.779540
0.265100	-3.898980
0.265200	-2.944910
0.265300	0.871388
0.265400	-1.036760
0.265500	3.256570
0.265600	4.687680
0.265700	-1.036760
0.265800	-3.421950
0.265900	-3.898980
0.266000	7.072870
0.266100	8.503980
0.266200	-1.036760
0.266300	-3.898980
0.266400	-1.036760
0.266500	-0.082686
0.266600	0.871388
0.266700	-0.559723
0.266800	0.871388
0.266900	-0.559723
0.267000	-1.990830
0.267100	-4.376020
0.267200	-7.238240
0.267300	-1.990830
0.267400	-0.559723
0.267500	-1.036760
0.267600	-0.082686
0.267700	1.825460
0.267800	2.779540
0.267900	2.302500
0.268000	0.871388
0.268100	-2.467870
0.268200	-4.376020
0.268300	-3.898980
0.268400	-4.853060
0.268500	-3.421950
0.268600	1.825460
0.268700	10.412100
0.268800	3.733610
0.268900	1.825460
0.269000	-0.082686
0.269100	-2.944910
0.269200	-0.559723
0.269300	2.779540
0.269400	4.687680
0.269500	-0.082686
0.269600	-4.853060
0.269700	-4.853060
0.269800	-6.761200
0.269900	-0.559723
0.270000	-0.082686
0.270100	-10.577500
0.270200	-0.082686
0.270300	3.733610
0.270400	1.825460
0.270500	-0.559723
0.270600	-7.715280
0.270700	-1.990830
0.270800	-0.559723
0.270900	-1.036760
0.271000	0.871388
0.271100	2.302500
0.271200	-4.853060
0.271300	-2.944910
0.271400	-0.559723
0.271500	-3.898980
0.271600	-7.238240
0.271700	-7.238240
0.271800	-1.990830
0.271900	7.072870
0.272000	3.733610
0.272100	0.871388
0.272200	0.871388
0.272300	-6.761200
0.272400	0.871388
0.272500	2.779540
0.272600	1.348420
0.272700	-2.944910
0.272800	0.871388
0.272900	3.733610
0.273000	0.394351
0.273100	0.871388
0.273200	1.348420
0.273300	-4.853060
0.273400	-8.669350
0.273500	-2.944910
0.273600	-1.036760
0.273700	-2.467870
0.273800	-4.853060
0.273900	-7.715280
0.274000	-7.715280
0.274100	-0.082686
0.274200	-0.082686
0.274300	-3.898980
0.274400	-2.944910
0.274500	-0.082686
0.274600	-0.082686
0.274700	0.871388
0.274800	4.687680
0.274900	2.779540
0.275000	-4.853060
0.275100	-3.898980
0.275200	-1.036760
0.275300	0.394351
0.275400	-3.898980
0.275500	-4.853060
0.275600	-0.082686
0.275700	3.733610
0.275800	5.641760
0.275900	7.549910
0.276000	1.348420
0.276100	-8.669350
0.276200	-6.284170
0.276300	0.871388
0.276400	-2.467870
0.276500	-1.036760
0.276600	-2.944910
0.276700	-0.559723
0.276800	3.256570
0.276900	6.595830
0.277000	4.687680
0.277100	-1.036760
0.277200	-5.807130
0.277300	-3.898980
0.277400	0.871388
0.277500	0.871388
0.277600	0.871388
0.277700	-7.715280
0.277800	-4.853060
0.277900	1.825460
0.278000	2.779540
0.278100	-2.944910
0.278200	-7.715280
0.278300	-7.715280
0.278400	-6.761200
0.278500	-4.376020
0.278600	-2.944910
0.278700	-1.990830
0.278800	-5.330090
0.278900	-10.100500
0.279000	-3.898980
0.279100	2.779540
0.279200	-2.944910
0.279300	-1.036760
0.279400	-3.898980
0.279500	-7.715280
0.279600	-2.944910
0.279700	5.641760
0.279800	2.779540
0.279900	-4.853060
0.280000	-5.807130
0.280100	-5.330090
0.280200	0.871388
0.280300	0.871388
0.280400	-0.082686
0.280500	-5.807130
0.280600	-4.853060
0.280700	-0.559723
0.280800	1.825460
0.280900	1.825460
0.281000	-2.467870
0.281100	-5.807130
0.281200	-4.853060
0.281300	4.687680
0.281400	2.302500
0.281500	-4.853060
0.281600	-7.715280
0.281700	-8.669350
0.281800	-7.238240
0.281900	-1.036760
0.282000	0.871388
0.282100	-1.036760
0.282200	-9.623430
0.282300	-11.531600
0.282400	-3.421950
0.282500	2.779540
0.282600	-2.467870
0.282700	-5.807130
0.282800	-0.082686
0.282900	4.687680
0.283000	7.072870
0.283100	-0.082686
0.283200	-4.376020
0.283300	-2.944910
0.283400	0.871388
0.283500	-4.853060
0.283600	-9.623430
0.283700	-4.853060
0.283800	-4.853060
0.283900	-1.990830
0.284000	2.779540
0.284100	-1.513800
0.284200	-2.467870
0.284300	-2.944910
0.284400	-5.330090
0.284500	-2.944910
0.284600	0.871388
0.284700	3.256570
0.284800	1.825460
0.284900	-1.036760
0.285000	-6.761200
0.285100	-6.761200
0.285200	-0.082686
0.285300	2.779540
0.285400	3.733610
0.285500	-0.082686
0.285600	-3.898980
0.285700	-4.853060
0.285800	-1.036760
0.285900	2.302500
0.286000	3.733610
0.286100	-3.898980
0.286200	-7.715280
0.286300	-4.853060
0.286400	0.871388
0.286500	2.302500
0.286600	-1.990830
0.286700	-3.898980
0.286800	-4.853060
0.286900	-4.376020
0.287000	-1.036760
0.287100	0.871388
0.287200	-1.990830
0.287300	-7.238240
0.287400	-3.421950
0.287500	2.779540
0.287600	8.503980
0.287700	7.549910
0.287800	-4.853060
0.287900	-0.082686
0.288000	8.503980
0.288100	4.687680
0.288200	-4.853060
0.288300	-11.531600
0.288400	-6.284170
0.288500	-0.082686
0.288600	1.825460
0.288700	-2.944910
0.288800	-8.669350
0.288900	-2.467870
0.289000	4.687680
0.289100	3.256570
0.289200	5.164720
0.289300	-2.944910
0.289400	-5.807130
0.289500	-3.898980
0.289600	-2.467870
0.289700	-1.036760
0.289800	-0.082686
0.289900	-4.853060
0.290000	-5.807130
0.290100	1.348420
0.290200	0.394351
0.290300	-0.082686
0.290400	0.871388
0.290500	0.871388
0.290600	1.825460
0.290700	4.687680
0.290800	1.825460
0.290900	-2.944910
0.291000	-3.898980
0.291100	-0.082686
0.291200	3.733610
0.291300	-1.036760
0.291400	1.348420
0.291500	2.779540
0.291600	-1.990830
0.291700	-6.284170
0.291800	-4.376020
0.291900	-6.761200
0.292000	-0.082686
0.292100	2.779540
0.292200	-7.715280
0.292300	-10.577500
0.292400	-8.669350
0.292500	-2.944910
0.292600	-1.990830
0.292700	-4.853060
0.292800	-6.284170
0.292900	-1.513800
0.293000	-3.421950
0.293100	-5.330090
0.293200	-6.284170
0.293300	-0.082686
0.293400	-0.082686
0.293500	-4.853060
0.293600	-6.761200
0.293700	-1.990830
0.293800	4.687680
0.293900	1.825460
0.294000	-5.807130
0.294100	-4.376020
0.294200	-4.376020
0.294300	-2.944910
0.294400	4.687680
0.294500	3.733610
0.294600	-3.898980
0.294700	-3.421950
0.294800	3.733610
0.294900	-1.036760
0.295000	-3.898980
0.295100	-4.853060
0.295200	-4.376020
0.295300	2.779540
0.295400	3.256570
0.295500	2.779540
0.295600	-2.467870
0.295700	-2.467870
0.295800	-1.990830
0.295900	2.779540
0.296000	3.256570
0.296100	1.825460
0.296200	4.687680
0.296300	4.687680
0.296400	2.779540
0.296500	4.687680
0.296600	4.687680
0.296700	7.072870
0.296800	0.871388
0.296900	-5.330090
0.297000	-7.238240
0.297100	-1.990830
0.297200	2.779540
0.297300	-7.715280
0.297400	-8.669350
0.297500	-0.082686
0.297600	4.687680
0.297700	2.779540
0.297800	-0.082686
0.297900	-6.761200
0.298000	-3.898980
0.298100	1.825460
0.298200	-1.036760
0.298300	-4.853060
0.298400	-3.898980
0.298500	-1.036760
0.298600	-0.082686
0.298700	-1.036760
0.298800	-3.898980
0.298900	-5.330090
0.299000	-1.513800
0.299100	5.641760
0.299200	7.549910
0.299300	-1.990830
0.299400	-2.944910
0.299500	-5.807130
0.299600	-6.761200
0.299700	2.779540
0.299800	8.503980
0.299900	-3.898980
