-0.050000	-4.290570
-0.049900	-4.290570
-0.049800	-4.290570
-0.049700	-0.790106
-0.049600	3.210430
-0.049500	2.710360
-0.049400	3.710500
-0.049300	0.710095
-0.049200	-0.290039
-0.049100	3.710500
-0.049000	7.711030
-0.048900	1.710230
-0.048800	0.210028
-0.048700	-3.290440
-0.048600	-3.290440
-0.048500	1.710230
-0.048400	6.710900
-0.048300	6.710900
-0.048200	6.710900
-0.048100	6.210830
-0.048000	3.710500
-0.047900	1.210160
-0.047800	-1.790240
-0.047700	-6.290840
-0.047600	-6.790910
-0.047500	-2.790370
-0.047400	3.210430
-0.047300	-1.290170
-0.047200	0.210028
-0.047100	1.710230
-0.047000	2.210300
-0.046900	1.210160
-0.046800	-3.290440
-0.046700	2.710360
-0.046600	4.710630
-0.046500	1.210160
-0.046400	-1.290170
-0.046300	-1.290170
-0.046200	1.710230
-0.046100	6.710900
-0.046000	9.711300
-0.045900	12.711700
-0.045800	7.711030
-0.045700	10.211400
-0.045600	6.710900
-0.045500	3.710500
-0.045400	3.710500
-0.045300	-1.290170
-0.045200	-2.290310
-0.045100	-0.290039
-0.045000	-3.290440
-0.044900	-2.290310
-0.044800	0.710095
-0.044700	-3.790510
-0.044600	0.710095
-0.044500	4.210560
-0.044400	0.710095
-0.044300	-1.290170
-0.044200	-0.290039
-0.044100	-0.790106
-0.044000	0.210028
-0.043900	6.710900
-0.043800	8.711170
-0.043700	4.710630
-0.043600	7.210970
-0.043500	6.710900
-0.043400	5.710770
-0.043300	-1.290170
-0.043200	-6.290840
-0.043100	-3.290440
-0.043000	4.710630
-0.042900	0.710095
-0.042800	-3.290440
-0.042700	-2.290310
-0.042600	-1.290170
-0.042500	5.710770
-0.042400	5.710770
-0.042300	-0.290039
-0.042200	2.210300
-0.042100	-0.290039
-0.042000	-1.790240
-0.041900	-1.790240
-0.041800	-1.290170
-0.041700	6.710900
-0.041600	7.210970
-0.041500	8.211100
-0.041400	4.710630
-0.041300	5.210700
-0.041200	14.712000
-0.041100	10.711400
-0.041000	0.710095
-0.040900	-5.790780
-0.040800	-5.290710
-0.040700	-3.290440
-0.040600	-0.790106
-0.040500	-1.290170
-0.040400	0.710095
-0.040300	-2.290310
-0.040200	-1.290170
-0.040100	-1.290170
-0.040000	0.210028
-0.039900	3.210430
-0.039800	0.710095
-0.039700	-4.290570
-0.039600	-5.290710
-0.039500	-2.790370
-0.039400	4.210560
-0.039300	5.710770
-0.039200	4.210560
-0.039100	5.710770
-0.039000	7.210970
-0.038900	6.710900
-0.038800	0.710095
-0.038700	-7.290980
-0.038600	-9.291240
-0.038500	-0.290039
-0.038400	5.710770
-0.038300	6.710900
-0.038200	-0.290039
-0.038100	-4.290570
-0.038000	1.710230
-0.037900	0.210028
-0.037800	-2.290310
-0.037700	-5.290710
-0.037600	-3.290440
-0.037500	2.710360
-0.037400	4.710630
-0.037300	5.710770
-0.037200	0.710095
-0.037100	-1.290170
-0.037000	0.210028
-0.036900	-2.790370
-0.036800	-2.790370
-0.036700	-1.290170
-0.036600	5.710770
-0.036500	8.711170
-0.036400	8.211100
-0.036300	3.710500
-0.036200	6.710900
-0.036100	8.711170
-0.036000	0.710095
-0.035900	-2.290310
-0.035800	0.710095
-0.035700	-2.790370
-0.035600	-1.790240
-0.035500	2.710360
-0.035400	-0.790106
-0.035300	-0.790106
-0.035200	-3.290440
-0.035100	-5.290710
-0.035000	-1.290170
-0.034900	-0.790106
-0.034800	-1.290170
-0.034700	-1.290170
-0.034600	-0.290039
-0.034500	-5.290710
-0.034400	-3.790510
-0.034300	4.710630
-0.034200	10.211400
-0.034100	7.711030
-0.034000	4.710630
-0.033900	4.710630
-0.033800	6.710900
-0.033700	9.711300
-0.033600	8.711170
-0.033500	4.710630
-0.033400	6.710900
-0.033300	9.711300
-0.033200	2.710360
-0.033100	-0.790106
-0.033000	-5.290710
-0.032900	-5.290710
-0.032800	-3.290440
-0.032700	-1.290170
-0.032600	-0.290039
-0.032500	-1.290170
-0.032400	3.210430
-0.032300	1.710230
-0.032200	-0.290039
-0.032100	-0.290039
-0.032000	-0.290039
-0.031900	2.210300
-0.031800	-1.290170
-0.031700	-5.290710
-0.031600	-3.790510
-0.031500	-0.790106
-0.031400	2.210300
-0.031300	5.710770
-0.031200	4.710630
-0.031100	6.710900
-0.031000	8.211100
-0.030900	3.710500
-0.030800	1.710230
-0.030700	4.210560
-0.030600	-5.290710
-0.030500	-4.290570
-0.030400	2.710360
-0.030300	3.710500
-0.030200	4.210560
-0.030100	3.710500
-0.030000	0.210028
-0.029900	3.210430
-0.029800	4.210560
-0.029700	1.710230
-0.029600	-0.790106
-0.029500	-0.790106
-0.029400	-1.790240
-0.029300	1.210160
-0.029200	-1.290170
-0.029100	-0.790106
-0.029000	1.710230
-0.028900	-1.290170
-0.028800	-5.290710
-0.028700	-3.290440
-0.028600	-5.290710
-0.028500	-4.790640
-0.028400	-3.790510
-0.028300	2.710360
-0.028200	5.210700
-0.028100	6.710900
-0.028000	6.710900
-0.027900	5.210700
-0.027800	5.710770
-0.027700	1.210160
-0.027600	-2.290310
-0.027500	-6.290840
-0.027400	-7.791040
-0.027300	-6.290840
-0.027200	-3.790510
-0.027100	-3.290440
-0.027000	-1.290170
-0.026900	-0.290039
-0.026800	2.710360
-0.026700	2.210300
-0.026600	1.710230
-0.026500	-0.790106
-0.026400	-6.290840
-0.026300	-6.290840
-0.026200	-1.290170
-0.026100	2.210300
-0.026000	4.710630
-0.025900	9.711300
-0.025800	7.210970
-0.025700	6.710900
-0.025600	5.710770
-0.025500	4.210560
-0.025400	4.210560
-0.025300	-2.290310
-0.025200	-4.290570
-0.025100	-2.290310
-0.025000	-0.290039
-0.024900	-1.790240
-0.024800	-1.790240
-0.024700	-3.290440
-0.024600	-1.290170
-0.024500	4.710630
-0.024400	0.210028
-0.024300	-1.290170
-0.024200	-5.290710
-0.024100	-7.290980
-0.024000	-5.290710
-0.023900	0.710095
-0.023800	5.710770
-0.023700	2.710360
-0.023600	2.710360
-0.023500	6.710900
-0.023400	9.711300
-0.023300	8.711170
-0.023200	5.710770
-0.023100	-3.290440
-0.023000	-3.790510
-0.022900	0.710095
-0.022800	0.210028
-0.022700	1.710230
-0.022600	0.710095
-0.022500	-2.290310
-0.022400	-7.791040
-0.022300	-6.290840
-0.022200	-1.290170
-0.022100	1.710230
-0.022000	1.210160
-0.021900	-2.790370
-0.021800	-5.290710
-0.021700	-5.290710
-0.021600	-1.290170
-0.021500	-1.790240
-0.021400	-2.790370
-0.021300	1.710230
-0.021200	2.710360
-0.021100	-1.290170
-0.021000	-0.290039
-0.020900	6.710900
-0.020800	7.210970
-0.020700	-0.290039
-0.020600	-7.791040
-0.020500	-11.291500
-0.020400	-6.290840
-0.020300	1.710230
-0.020200	0.710095
-0.020100	0.710095
-0.020000	3.710500
-0.019900	1.710230
-0.019800	-6.790910
-0.019700	-8.291110
-0.019600	-1.290170
-0.019500	0.210028
-0.019400	-3.290440
-0.019300	-6.790910
-0.019200	0.710095
-0.019100	1.710230
-0.019000	0.210028
-0.018900	2.210300
-0.018800	0.710095
-0.018700	-1.290170
-0.018600	4.710630
-0.018500	10.711400
-0.018400	6.710900
-0.018300	6.710900
-0.018200	1.710230
-0.018100	-3.790510
-0.018000	-3.290440
-0.017900	-6.290840
-0.017800	-6.290840
-0.017700	-3.290440
-0.017600	0.710095
-0.017500	-1.290170
-0.017400	-4.290570
-0.017300	-4.290570
-0.017200	3.210430
-0.017100	0.210028
-0.017000	-2.290310
-0.016900	-1.290170
-0.016800	-4.290570
-0.016700	-5.290710
-0.016600	2.710360
-0.016500	3.710500
-0.016400	0.710095
-0.016300	6.710900
-0.016200	8.711170
-0.016100	7.711030
-0.016000	4.710630
-0.015900	0.210028
-0.015800	-6.790910
-0.015700	-11.791600
-0.015600	-3.290440
-0.015500	1.710230
-0.015400	1.210160
-0.015300	-0.790106
-0.015200	1.710230
-0.015100	-1.290170
-0.015000	-7.791040
-0.014900	-5.790780
-0.014800	3.210430
-0.014700	-0.290039
-0.014600	-2.290310
-0.014500	-0.790106
-0.014400	5.710770
-0.014300	9.711300
-0.014200	6.210830
-0.014100	0.710095
-0.014000	5.710770
-0.013900	9.711300
-0.013800	6.710900
-0.013700	-2.290310
-0.013600	-3.290440
-0.013500	-5.790780
-0.013400	-9.291240
-0.013300	-10.291400
-0.013200	-9.291240
-0.013100	-9.291240
-0.013000	-10.291400
-0.012900	-4.790640
-0.012800	-2.790370
-0.012700	-2.290310
-0.012600	-8.791180
-0.012500	-5.790780
-0.012400	-8.291110
-0.012300	-6.290840
-0.012200	-0.790106
-0.012100	3.710500
-0.012000	-1.790240
-0.011900	-2.790370
-0.011800	-2.290310
-0.011700	-3.790510
-0.011600	-4.790640
-0.011500	-4.290570
-0.011400	-1.790240
-0.011300	1.210160
-0.011200	-1.290170
-0.011100	-2.290310
-0.011000	-0.790106
-0.010900	3.210430
-0.010800	1.710230
-0.010700	4.710630
-0.010600	6.710900
-0.010500	2.210300
-0.010400	-3.290440
-0.010300	-10.791400
-0.010200	-12.291600
-0.010100	-9.291240
-0.010000	-3.790510
-0.009900	-2.290310
-0.009800	-2.290310
-0.009700	-2.290310
-0.009600	-4.290570
-0.009500	-6.790910
-0.009400	-2.290310
-0.009300	-3.290440
-0.009200	-6.290840
-0.009100	-6.290840
-0.009000	-4.790640
-0.008900	-0.290039
-0.008800	0.710095
-0.008700	0.210028
-0.008600	0.710095
-0.008500	0.710095
-0.008400	1.710230
-0.008300	-5.290710
-0.008200	-9.291240
-0.008100	-7.791040
-0.008000	-2.290310
-0.007900	-1.290170
-0.007800	-1.790240
-0.007700	-2.290310
-0.007600	-4.790640
-0.007500	-9.291240
-0.007400	-9.291240
-0.007300	-4.290570
-0.007200	-8.291110
-0.007100	-9.291240
-0.007000	-9.291240
-0.006900	-2.290310
-0.006800	-1.290170
-0.006700	1.710230
-0.006600	-0.290039
-0.006500	0.710095
-0.006400	-2.290310
-0.006300	-5.290710
-0.006200	-9.791310
-0.006100	-11.291500
-0.006000	-5.290710
-0.005900	-2.290310
-0.005800	-2.290310
-0.005700	-3.290440
-0.005600	-6.290840
-0.005500	-6.290840
-0.005400	-3.290440
-0.005300	0.210028
-0.005200	-1.290170
-0.005100	-6.290840
-0.005000	-7.290980
-0.004900	-2.790370
-0.004800	-4.290570
-0.004700	-4.790640
-0.004600	-1.290170
-0.004500	0.210028
-0.004400	0.710095
-0.004300	1.710230
-0.004200	-0.290039
-0.004100	4.710630
-0.004000	6.710900
-0.003900	6.710900
-0.003800	4.210560
-0.003700	-5.290710
-0.003600	-11.291500
-0.003500	-5.290710
-0.003400	-2.790370
-0.003300	-7.290980
-0.003200	-7.290980
-0.003100	-3.290440
-0.003000	-3.290440
-0.002900	-7.791040
-0.002800	-7.791040
-0.002700	-5.290710
-0.002600	-0.290039
-0.002500	0.210028
-0.002400	-3.790510
-0.002300	-9.291240
-0.002200	-9.291240
-0.002100	-8.791180
-0.002000	-7.290980
-0.001900	-1.290170
-0.001800	2.210300
-0.001700	-0.790106
-0.001600	-5.290710
-0.001500	-0.290039
-0.001400	4.710630
-0.001300	3.710500
-0.001200	-8.291110
-0.001100	-14.291900
-0.001000	-8.291110
-0.000900	-2.790370
-0.000800	0.710095
-0.000700	-0.290039
-0.000600	-5.290710
-0.000500	-4.790640
-0.000400	-3.290440
-0.000300	-2.290310
-0.000200	0.210028
-0.000100	-0.290039
0.000000	-4.790640
0.000100	-7.791040
0.000200	-10.291400
0.000300	-8.791180
0.000400	-3.290440
0.000500	1.210160
0.000600	1.710230
0.000700	1.210160
0.000800	1.210160
0.000900	6.710900
0.001000	5.210700
0.001100	-5.290710
0.001200	-1.290170
0.001300	-4.290570
0.001400	-19.292601
0.001500	-15.292000
0.001600	0.710095
0.001700	6.710900
0.001800	-0.790106
0.001900	-11.791600
0.002000	-15.292000
0.002100	1.210160
0.002200	14.211900
0.002300	-9.291240
0.002400	-21.792900
0.002500	-4.290570
0.002600	7.210970
0.002700	-1.790240
0.002800	-3.790510
0.002900	8.211100
0.003000	11.211500
0.003100	6.710900
0.003200	2.210300
0.003300	-1.290170
0.003400	0.710095
0.003500	-9.291240
0.003600	-15.292000
0.003700	-13.791800
0.003800	-1.790240
0.003900	-1.290170
0.004000	-4.290570
0.004100	7.210970
0.004200	2.210300
0.004300	-5.290710
0.004400	-9.291240
0.004500	-2.290310
0.004600	-2.290310
0.004700	-5.290710
0.004800	-0.290039
0.004900	4.710630
0.005000	14.712000
0.005100	0.710095
0.005200	-1.290170
0.005300	12.711700
0.005400	13.211800
0.005500	15.712100
0.005600	10.211400
0.005700	3.710500
0.005800	0.710095
0.005900	-6.790910
0.006000	-10.291400
0.006100	-2.790370
0.006200	2.710360
0.006300	-3.790510
0.006400	-10.291400
0.006500	-7.290980
0.006600	2.710360
0.006700	1.210160
0.006800	4.710630
0.006900	3.710500
0.007000	-7.791040
0.007100	-19.292601
0.007200	-17.292299
0.007300	-0.790106
0.007400	14.712000
0.007500	11.211500
0.007600	7.711030
0.007700	14.712000
0.007800	7.210970
0.007900	-17.292299
0.008000	-22.292999
0.008100	-10.791400
0.008200	-1.290170
0.008300	5.710770
0.008400	9.711300
0.008500	-5.290710
0.008600	-1.290170
0.008700	-1.790240
0.008800	-9.291240
0.008900	3.710500
0.009000	3.710500
0.009100	-6.290840
0.009200	-21.292900
0.009300	-23.293100
0.009400	-8.791180
0.009500	-17.292299
0.009600	-9.291240
0.009700	1.710230
0.009800	-1.790240
0.009900	-13.291800
0.010000	-41.295502
0.010100	-45.296101
0.010200	-46.296200
0.010300	-57.297699
0.010400	-38.795200
0.010500	-25.293400
0.010600	-27.293699
0.010700	-33.294498
0.010800	-30.294100
0.010900	-33.294498
0.011000	-33.794498
0.011100	-33.794498
0.011200	-30.294100
0.011300	-27.793699
0.011400	-23.793200
0.011500	-10.291400
0.011600	0.210028
0.011700	-11.791600
0.011800	-19.792700
0.011900	13.711800
0.012000	38.715199
0.012100	14.712000
0.012200	5.210700
0.012300	30.714100
0.012400	44.215900
0.012500	47.716400
0.012600	60.218102
0.012700	35.714802
0.012800	5.710770
0.012900	34.214600
0.013000	32.214298
0.013100	6.710900
0.013200	23.713200
0.013300	30.214001
0.013400	3.210430
0.013500	-8.291110
0.013600	-12.791700
0.013700	-27.293699
0.013800	-37.795101
0.013900	-18.292500
0.014000	-1.290170
0.014100	-0.290039
0.014200	-4.290570
0.014300	-2.290310
0.014400	-3.290440
0.014500	-22.793100
0.014600	-24.293301
0.014700	-14.291900
0.014800	-11.291500
0.014900	-11.791600
0.015000	-10.291400
0.015100	0.710095
0.015200	-3.290440
0.015300	-1.290170
0.015400	1.210160
0.015500	-5.790780
0.015600	-25.293400
0.015700	-44.295898
0.015800	-43.295799
0.015900	-35.294701
0.016000	-27.793699
0.016100	-3.790510
0.016200	-10.291400
0.016300	-47.296299
0.016400	-57.297699
0.016500	-57.297699
0.016600	-69.299301
0.016700	-55.797501
0.016800	-42.795700
0.016900	-32.294300
0.017000	-33.794498
0.017100	-51.796902
0.017200	-84.301300
0.017300	-107.304001
0.017400	-101.304001
0.017500	-97.803101
0.017600	-105.304001
0.017700	-115.305000
0.017800	-112.805000
0.017900	-93.302498
0.018000	-98.803200
0.018100	-96.302902
0.018200	-62.298302
0.018300	-18.292500
0.018400	23.713200
0.018500	29.714001
0.018600	23.713200
0.018700	14.712000
0.018800	1.710230
0.018900	-3.290440
0.019000	-11.291500
0.019100	-1.290170
0.019200	22.212999
0.019300	45.716099
0.019400	58.717899
0.019500	59.717999
0.019600	50.716801
0.019700	22.712999
0.019800	-2.790370
0.019900	-29.293900
0.020000	-50.296700
0.020100	-41.295502
0.020200	-51.296902
0.020300	-77.300400
0.020400	-87.301697
0.020500	-79.300598
0.020600	-69.299301
0.020700	-77.800400
0.020800	-85.801498
0.020900	-121.306000
0.021000	-374.339996
0.021100	-718.385986
0.021200	-590.869019
0.021300	-348.837006
0.021400	-461.351990
0.021500	-605.870972
0.021600	-404.843994
0.021700	113.724998
0.021800	365.259003
0.021900	223.740005
0.022000	86.721603
0.022100	-125.306999
0.022200	-445.350006
0.022300	-502.356995
0.022400	-400.343994
0.022500	-350.337006
0.022600	-313.332001
0.022700	-238.322006
0.022800	-172.813004
0.022900	-129.307007
0.023000	-59.297901
0.023100	-21.292900
0.023200	-10.291400
0.023300	31.714199
0.023400	59.217899
0.023500	58.217800
0.023600	56.717602
0.023700	102.723999
0.023800	134.227997
0.023900	5.710770
0.024000	-78.300499
0.024100	-69.299301
0.024200	-44.295898
0.024300	-54.297298
0.024400	-52.297001
0.024500	-32.794399
0.024600	71.219498
0.024700	-36.294899
0.024800	-384.341003
0.024900	-419.846008
0.025000	-290.329010
0.025100	-248.322998
0.025200	-222.820007
0.025300	-185.315002
0.025400	-172.313004
0.025500	-171.313004
0.025600	-155.311005
0.025700	-147.309998
0.025800	-137.307999
0.025900	-115.305000
0.026000	-101.304001
0.026100	-93.302498
0.026200	-75.800201
0.026300	-41.295502
0.026400	-21.292900
0.026500	-25.293400
0.026600	-16.292200
0.026700	-19.292601
0.026800	-31.294201
0.026900	-23.793200
0.027000	-15.292000
0.027100	-9.291240
0.027200	4.710630
0.027300	10.711400
0.027400	18.212400
0.027500	44.716000
0.027600	57.717701
0.027700	-10.291400
0.027800	-80.800797
0.027900	-80.300797
0.028000	-69.299301
0.028100	-56.297501
0.028200	-40.295399
0.028300	-53.297100
0.028400	3.210430
0.028500	734.807983
0.028600	1667.930054
0.028700	1483.910034
0.028800	873.327026
0.028900	659.797974
0.029000	583.788025
0.029100	453.770996
0.029200	379.760986
0.029300	332.755005
0.029400	284.247986
0.029500	244.242996
0.029600	204.737000
0.029700	176.733994
0.029800	166.231995
0.029900	173.733002
0.030000	171.233002
0.030100	157.731003
0.030200	151.729996
0.030300	135.727997
0.030400	107.723999
0.030500	92.222397
0.030600	94.722702
0.030700	89.722000
0.030800	79.720703
0.030900	77.720398
0.031000	83.721199
0.031100	80.220703
0.031200	72.719704
0.031300	65.218697
0.031400	45.216099
0.031500	25.713400
0.031600	25.713400
0.031700	36.714901
0.031800	59.217899
0.031900	69.719299
0.032000	62.718399
0.032100	62.718399
0.032200	58.717899
0.032300	45.216099
0.032400	40.715500
0.032500	34.714699
0.032600	20.712799
0.032700	7.711030
0.032800	12.711700
0.032900	8.711170
0.033000	2.710360
0.033100	0.710095
0.033200	9.211230
0.033300	16.712200
0.033400	29.714001
0.033500	45.216099
0.033600	41.715599
0.033700	35.714802
0.033800	30.714100
0.033900	31.214199
0.034000	28.213800
0.034100	8.711170
0.034200	-3.290440
0.034300	6.710900
0.034400	9.211230
0.034500	4.710630
0.034600	5.210700
0.034700	1.710230
0.034800	-6.290840
0.034900	-18.292500
0.035000	-34.794701
0.035100	-38.295101
0.035200	-24.293301
0.035300	-33.294498
0.035400	-30.794100
0.035500	-3.790510
0.035600	0.710095
0.035700	0.710095
0.035800	-9.291240
0.035900	-15.292000
0.036000	-16.792200
0.036100	-27.293699
0.036200	-36.294899
0.036300	-47.296299
0.036400	-57.297699
0.036500	-61.298199
0.036600	-69.299301
0.036700	-61.298199
0.036800	-60.298100
0.036900	-63.298500
0.037000	-41.295502
0.037100	-25.293400
0.037200	-12.291600
0.037300	22.712999
0.037400	36.214901
0.037500	21.712900
0.037600	16.712200
0.037700	20.712799
0.037800	23.213100
0.037900	25.713400
0.038000	19.712601
0.038100	7.711030
0.038200	-0.290039
0.038300	-0.290039
0.038400	21.212799
0.038500	25.713400
0.038600	19.212601
0.038700	6.710900
0.038800	1.710230
0.038900	6.710900
0.039000	22.712999
0.039100	28.713800
0.039200	34.214600
0.039300	37.715099
0.039400	29.213900
0.039500	19.712601
0.039600	14.712000
0.039700	14.712000
0.039800	22.712999
0.039900	18.712500
0.040000	14.712000
0.040100	23.713200
0.040200	24.213200
0.040300	16.712200
0.040400	17.712400
0.040500	22.712999
0.040600	19.712601
0.040700	14.712000
0.040800	11.711600
0.040900	20.212700
0.041000	15.212000
0.041100	1.210160
0.041200	-0.290039
0.041300	16.712200
0.041400	21.712900
0.041500	14.712000
0.041600	0.710095
0.041700	-9.291240
0.041800	-11.791600
0.041900	-1.290170
0.042000	5.710770
0.042100	3.710500
0.042200	-1.290170
0.042300	8.211100
0.042400	21.712900
0.042500	26.713600
0.042600	17.212299
0.042700	16.712200
0.042800	36.714901
0.042900	38.715199
0.043000	23.713200
0.043100	7.210970
0.043200	-11.291500
0.043300	-19.792700
0.043400	-12.291600
0.043500	-2.290310
0.043600	9.711300
0.043700	11.711600
0.043800	-12.291600
0.043900	-33.794498
0.044000	-25.293400
0.044100	-25.293400
0.044200	-35.294701
0.044300	-27.793699
0.044400	-8.291110
0.044500	-11.291500
0.044600	-19.292601
0.044700	13.211800
0.044800	33.714500
0.044900	11.711600
0.045000	15.712100
0.045100	28.713800
0.045200	24.713301
0.045300	15.712100
0.045400	14.712000
0.045500	12.211600
0.045600	20.212700
0.045700	23.713200
0.045800	58.217800
0.045900	57.217701
0.046000	-12.291600
0.046100	-30.294100
0.046200	-23.293100
0.046300	-23.293100
0.046400	-1.290170
0.046500	45.216099
0.046600	51.216900
0.046700	20.712799
0.046800	-16.292200
0.046900	-24.293301
0.047000	-19.792700
0.047100	-23.293100
0.047200	-33.294498
0.047300	-40.795502
0.047400	-62.298302
0.047500	-107.304001
0.047600	-77.800400
0.047700	-25.293400
0.047800	-24.293301
0.047900	-55.297401
0.048000	-81.300903
0.048100	-132.807999
0.048200	-47.296299
0.048300	49.216599
0.048400	98.723198
0.048500	403.264008
0.048600	979.841003
0.048700	-116.306000
0.048800	-1030.430054
0.048900	-328.834015
0.049000	21.712900
0.049100	-195.315994
0.049200	-313.332001
0.049300	-74.300003
0.049400	180.733994
0.049500	160.731995
0.049600	20.712799
0.049700	-112.305000
0.049800	35.714802
0.049900	208.738007
0.050000	142.729004
0.050100	42.215698
0.050200	37.715099
0.050300	58.717899
0.050400	63.718498
0.050500	63.718498
0.050600	53.717201
0.050700	38.715199
0.050800	26.713600
0.050900	15.712100
0.051000	2.210300
0.051100	-2.290310
0.051200	-7.791040
0.051300	-26.293501
0.051400	-45.296101
0.051500	-46.296200
0.051600	-41.295502
0.051700	-25.293400
0.051800	-32.294300
0.051900	-46.296200
0.052000	-42.795700
0.052100	-47.796398
0.052200	-40.295399
0.052300	-15.292000
0.052400	4.710630
0.052500	36.714901
0.052600	56.717602
0.052700	56.217499
0.052800	62.718399
0.052900	63.218498
0.053000	48.716499
0.053100	41.715599
0.053200	37.715099
0.053300	19.712601
0.053400	16.712200
0.053500	15.712100
0.053600	10.711400
0.053700	-0.290039
0.053800	-14.291900
0.053900	-27.293699
0.054000	-38.295101
0.054100	-38.295101
0.054200	-48.296501
0.054300	-51.796902
0.054400	-47.296299
0.054500	-35.294701
0.054600	-28.293800
0.054700	-30.294100
0.054800	-51.296902
0.054900	-629.874023
0.055000	-1081.430054
0.055100	198.737000
0.055200	754.310974
0.055300	159.731003
0.055400	-27.793699
0.055500	92.222397
0.055600	50.716801
0.055700	-7.791040
0.055800	7.711030
0.055900	30.714100
0.056000	39.715302
0.056100	39.715302
0.056200	24.713301
0.056300	19.212601
0.056400	22.712999
0.056500	37.715099
0.056600	62.718399
0.056700	63.718498
0.056800	22.712999
0.056900	2.210300
0.057000	20.712799
0.057100	38.715199
0.057200	51.716900
0.057300	57.717701
0.057400	58.717899
0.057500	59.717999
0.057600	44.215900
0.057700	14.712000
0.057800	1.710230
0.057900	14.712000
0.058000	18.712500
0.058100	18.212400
0.058200	15.712100
0.058300	18.212400
0.058400	29.714001
0.058500	37.715099
0.058600	58.217800
0.058700	57.217701
0.058800	8.711170
0.058900	-33.294498
0.059000	-123.306999
0.059100	-282.828003
0.059200	-273.826996
0.059300	-153.311005
0.059400	-111.305000
0.059500	-109.305000
0.059600	-107.304001
0.059700	-117.306000
0.059800	-113.305000
0.059900	-96.803001
0.060000	-73.299797
0.060100	-51.296902
0.060200	-28.793900
0.060300	-37.795101
0.060400	-27.293699
0.060500	48.716499
0.060600	104.223999
0.060700	95.722801
0.060800	43.715900
0.060900	4.710630
0.061000	-4.290570
0.061100	3.710500
0.061200	4.710630
0.061300	4.710630
0.061400	-2.790370
0.061500	-19.292601
0.061600	-39.295300
0.061700	-51.296902
0.061800	-41.295502
0.061900	59.717999
0.062000	194.235992
0.062100	142.729004
0.062200	49.216599
0.062300	36.714901
0.062400	56.717602
0.062500	99.723396
0.062600	114.224998
0.062700	97.723099
0.062800	81.220901
0.062900	45.716099
0.063000	58.217800
0.063100	88.721901
0.063200	78.720497
0.063300	52.717098
0.063400	36.714901
0.063500	17.212299
0.063600	-0.290039
0.063700	-17.292299
0.063800	-35.294701
0.063900	-43.295799
0.064000	-35.294701
0.064100	-30.294100
0.064200	-34.294601
0.064300	-33.794498
0.064400	-21.292900
0.064500	22.212999
0.064600	44.716000
0.064700	32.714401
0.064800	31.214199
0.064900	48.216499
0.065000	66.718903
0.065100	69.219299
0.065200	47.216301
0.065300	41.715599
0.065400	46.216202
0.065500	41.215500
0.065600	28.713800
0.065700	28.713800
0.065800	37.715099
0.065900	44.716000
0.066000	43.715900
0.066100	38.715199
0.066200	23.213100
0.066300	3.710500
0.066400	-10.791400
0.066500	-15.292000
0.066600	-23.793200
0.066700	-39.295300
0.066800	-53.297100
0.066900	-49.296600
0.067000	-43.295799
0.067100	-44.796001
0.067200	-45.796101
0.067300	-28.293800
0.067400	-18.792500
0.067500	-0.290039
0.067600	14.211900
0.067700	17.712400
0.067800	20.212700
0.067900	35.714802
0.068000	52.216999
0.068100	94.222603
0.068200	116.725998
0.068300	79.220596
0.068400	47.216301
0.068500	45.216099
0.068600	49.716702
0.068700	46.216202
0.068800	34.714699
0.068900	25.213400
0.069000	24.713301
0.069100	19.212601
0.069200	-4.290570
0.069300	-15.792100
0.069400	-9.291240
0.069500	-15.292000
0.069600	-26.293501
0.069700	-31.294201
0.069800	-27.293699
0.069900	-18.292500
0.070000	-8.291110
0.070100	11.211500
0.070200	31.714199
0.070300	39.215302
0.070400	38.215099
0.070500	26.713600
0.070600	22.712999
0.070700	25.713400
0.070800	31.714199
0.070900	37.215000
0.071000	30.214001
0.071100	7.711030
0.071200	-6.290840
0.071300	-8.791180
0.071400	-4.290570
0.071500	-6.290840
0.071600	-23.293100
0.071700	-49.296600
0.071800	-52.797100
0.071900	-30.294100
0.072000	-18.792500
0.072100	-29.293900
0.072200	-19.292601
0.072300	-1.290170
0.072400	11.711600
0.072500	24.713301
0.072600	38.715199
0.072700	52.717098
0.072800	49.216599
0.072900	43.715900
0.073000	35.714802
0.073100	28.713800
0.073200	-2.290310
0.073300	-121.306000
0.073400	-43.295799
0.073500	150.729996
0.073600	94.722702
0.073700	14.712000
0.073800	29.714001
0.073900	25.713400
0.074000	6.710900
0.074100	-2.290310
0.074200	-3.290440
0.074300	-4.290570
0.074400	-10.791400
0.074500	-21.292900
0.074600	-29.293900
0.074700	-32.794399
0.074800	-38.295101
0.074900	-38.295101
0.075000	-39.795300
0.075100	-36.294899
0.075200	-19.292601
0.075300	1.710230
0.075400	16.712200
0.075500	25.713400
0.075600	40.715500
0.075700	47.216301
0.075800	48.716499
0.075900	38.715199
0.076000	29.714001
0.076100	25.713400
0.076200	22.712999
0.076300	25.213400
0.076400	30.214001
0.076500	23.213100
0.076600	14.712000
0.076700	-9.291240
0.076800	-18.292500
0.076900	5.210700
0.077000	0.710095
0.077100	-17.292299
0.077200	-20.292700
0.077300	-21.792900
0.077400	-26.293501
0.077500	-21.792900
0.077600	0.710095
0.077700	20.212700
0.077800	26.713600
0.077900	20.712799
0.078000	21.712900
0.078100	37.715099
0.078200	46.716301
0.078300	38.715199
0.078400	31.214199
0.078500	30.714100
0.078600	27.713699
0.078700	14.712000
0.078800	-3.290440
0.078900	-19.292601
0.079000	-29.293900
0.079100	-28.793900
0.079200	-32.294300
0.079300	-34.794701
0.079400	-32.294300
0.079500	-19.292601
0.079600	-19.292601
0.079700	-37.294998
0.079800	-41.295502
0.079900	-36.294899
0.080000	-39.295300
0.080100	-27.293699
0.080200	-1.290170
0.080300	13.711800
0.080400	26.713600
0.080500	39.715302
0.080600	48.216499
0.080700	49.716702
0.080800	45.716099
0.080900	44.215900
0.081000	41.715599
0.081100	30.714100
0.081200	24.713301
0.081300	25.713400
0.081400	40.715500
0.081500	50.216702
0.081600	31.214199
0.081700	4.710630
0.081800	-13.791800
0.081900	-23.293100
0.082000	-33.294498
0.082100	-40.795502
0.082200	-39.295300
0.082300	-37.294998
0.082400	-38.295101
0.082500	-43.295799
0.082600	-45.796101
0.082700	-54.297298
0.082800	-48.796501
0.082900	-26.793600
0.083000	-11.291500
0.083100	-0.790106
0.083200	12.711700
0.083300	33.714500
0.083400	48.716499
0.083500	46.716301
0.083600	47.716400
0.083700	52.717098
0.083800	54.217300
0.083900	48.716499
0.084000	39.215302
0.084100	24.213200
0.084200	10.711400
0.084300	-1.790240
0.084400	-8.291110
0.084500	-18.292500
0.084600	-31.294201
0.084700	-38.295101
0.084800	-39.795300
0.084900	-39.795300
0.085000	-45.796101
0.085100	-45.296101
0.085200	-39.295300
0.085300	-34.794701
0.085400	-17.792400
0.085500	13.211800
0.085600	23.713200
0.085700	21.712900
0.085800	29.714001
0.085900	37.715099
0.086000	38.715199
0.086100	39.715302
0.086200	35.714802
0.086300	27.713699
0.086400	16.712200
0.086500	-2.290310
0.086600	-20.292700
0.086700	-39.295300
0.086800	-35.794800
0.086900	-14.291900
0.087000	-17.292299
0.087100	-28.293800
0.087200	-33.294498
0.087300	-32.294300
0.087400	-26.293501
0.087500	-12.291600
0.087600	-17.292299
0.087700	-23.793200
0.087800	-25.793501
0.087900	-17.292299
0.088000	4.710630
0.088100	9.711300
0.088200	12.211600
0.088300	27.713699
0.088400	44.716000
0.088500	54.717300
0.088600	48.716499
0.088700	35.214699
0.088800	30.214001
0.088900	29.714001
0.089000	24.713301
0.089100	21.212799
0.089200	21.712900
0.089300	7.711030
0.089400	0.210028
0.089500	-1.290170
0.089600	-15.292000
0.089700	-20.292700
0.089800	-17.292299
0.089900	-22.292999
0.090000	-28.793900
0.090100	-31.294201
0.090200	-38.295101
0.090300	-45.296101
0.090400	-43.795898
0.090500	-45.796101
0.090600	-52.297001
0.090700	-47.296299
0.090800	-28.293800
0.090900	-9.291240
0.091000	3.710500
0.091100	10.711400
0.091200	15.712100
0.091300	22.712999
0.091400	40.215401
0.091500	44.716000
0.091600	28.713800
0.091700	1.710230
0.091800	-18.292500
0.091900	-10.291400
0.092000	-10.291400
0.092100	-25.293400
0.092200	-30.294100
0.092300	-35.294701
0.092400	-43.295799
0.092500	-43.795898
0.092600	-37.294998
0.092700	-38.295101
0.092800	-28.293800
0.092900	-1.290170
0.093000	19.712601
0.093100	31.214199
0.093200	45.716099
0.093300	63.218498
0.093400	70.719498
0.093500	82.721100
0.093600	92.222397
0.093700	76.720299
0.093800	61.718300
0.093900	50.216702
0.094000	35.714802
0.094100	13.211800
0.094200	-4.290570
0.094300	-11.791600
0.094400	-25.293400
0.094500	-30.294100
0.094600	-32.294300
0.094700	-37.294998
0.094800	-41.295502
0.094900	-44.295898
0.095000	-38.795200
0.095100	-39.295300
0.095200	-41.295502
0.095300	-42.295700
0.095400	-32.294300
0.095500	-15.292000
0.095600	-2.290310
0.095700	22.712999
0.095800	44.716000
0.095900	54.217300
0.096000	61.718300
0.096100	70.719498
0.096200	79.720703
0.096300	80.720802
0.096400	61.218201
0.096500	46.716301
0.096600	45.716099
0.096700	42.715698
0.096800	30.714100
0.096900	2.710360
0.097000	-17.292299
0.097100	-23.293100
0.097200	-29.293900
0.097300	-33.794498
0.097400	-28.793900
0.097500	-19.292601
0.097600	-21.792900
0.097700	-37.795101
0.097800	-48.796501
0.097900	-49.296600
0.098000	-51.796902
0.098100	-47.296299
0.098200	-38.295101
0.098300	-19.292601
0.098400	7.711030
0.098500	60.718102
0.098600	81.720901
0.098700	54.717300
0.098800	33.714500
0.098900	30.714100
0.099000	25.713400
0.099100	10.711400
0.099200	-6.290840
0.099300	-9.291240
0.099400	-10.291400
0.099500	-19.292601
0.099600	-20.292700
0.099700	-29.794001
0.099800	-37.294998
0.099900	-38.795200
0.100000	-35.294701
0.100100	-35.294701
0.100200	-29.293900
0.100300	-14.291900
0.100400	2.210300
0.100500	22.712999
0.100600	34.714699
0.100700	34.714699
0.100800	36.714901
0.100900	47.716400
0.101000	57.717701
0.101100	58.717899
0.101200	70.719498
0.101300	93.722603
0.101400	74.720001
0.101500	45.216099
0.101600	32.714401
0.101700	17.712400
0.101800	0.710095
0.101900	-9.291240
0.102000	-9.291240
0.102100	-16.292200
0.102200	-24.293301
0.102300	-24.293301
0.102400	-27.293699
0.102500	-26.793600
0.102600	-33.294498
0.102700	-30.294100
0.102800	-22.292999
0.102900	-24.293301
0.103000	-30.294100
0.103100	-33.294498
0.103200	-12.291600
0.103300	17.712400
0.103400	35.714802
0.103500	45.716099
0.103600	49.716702
0.103700	40.715500
0.103800	38.715199
0.103900	33.714500
0.104000	24.713301
0.104100	20.212700
0.104200	45.716099
0.104300	76.220200
0.104400	38.715199
0.104500	-9.291240
0.104600	-22.292999
0.104700	-21.792900
0.104800	-23.793200
0.104900	-25.293400
0.105000	-15.292000
0.105100	-23.293100
0.105200	-29.293900
0.105300	-33.294498
0.105400	-35.294701
0.105500	-35.294701
0.105600	-27.293699
0.105700	-5.290710
0.105800	14.712000
0.105900	19.712601
0.106000	20.712799
0.106100	28.713800
0.106200	29.213900
0.106300	27.713699
0.106400	33.714500
0.106500	20.712799
0.106600	-5.290710
0.106700	-15.292000
0.106800	-10.791400
0.106900	-20.292700
0.107000	-33.294498
0.107100	-40.795502
0.107200	-39.295300
0.107300	-34.294601
0.107400	-32.294300
0.107500	-31.294201
0.107600	-29.293900
0.107700	-21.792900
0.107800	-22.292999
0.107900	-8.291110
0.108000	13.711800
0.108100	33.714500
0.108200	54.717300
0.108300	63.218498
0.108400	68.719200
0.108500	76.720299
0.108600	64.718697
0.108700	41.215500
0.108800	30.214001
0.108900	19.712601
0.109000	16.712200
0.109100	14.712000
0.109200	-1.290170
0.109300	-15.792100
0.109400	-2.790370
0.109500	42.215698
0.109600	41.715599
0.109700	-0.290039
0.109800	-23.293100
0.109900	-29.794001
0.110000	-32.794399
0.110100	-34.294601
0.110200	-32.294300
0.110300	-30.294100
0.110400	-34.294601
0.110500	-33.294498
0.110600	-15.792100
0.110700	11.211500
0.110800	29.714001
0.110900	42.215698
0.111000	52.717098
0.111100	58.717899
0.111200	63.718498
0.111300	56.217499
0.111400	41.715599
0.111500	37.215000
0.111600	28.713800
0.111700	17.712400
0.111800	14.211900
0.111900	-5.290710
0.112000	-15.292000
0.112100	-11.291500
0.112200	-14.291900
0.112300	-22.292999
0.112400	-22.292999
0.112500	-20.792801
0.112600	-26.793600
0.112700	-34.294601
0.112800	-32.794399
0.112900	-33.794498
0.113000	-28.293800
0.113100	-7.290980
0.113200	15.712100
0.113300	29.213900
0.113400	39.215302
0.113500	46.716301
0.113600	48.216499
0.113700	51.716900
0.113800	52.717098
0.113900	36.214901
0.114000	13.711800
0.114100	-4.290570
0.114200	-11.291500
0.114300	-18.292500
0.114400	-24.293301
0.114500	-27.793699
0.114600	-37.795101
0.114700	-49.296600
0.114800	-48.796501
0.114900	-46.296200
0.115000	-45.296101
0.115100	-40.295399
0.115200	-31.294201
0.115300	-25.293400
0.115400	-14.291900
0.115500	10.211400
0.115600	29.714001
0.115700	45.716099
0.115800	58.717899
0.115900	64.218597
0.116000	45.216099
0.116100	27.713699
0.116200	23.713200
0.116300	22.212999
0.116400	20.212700
0.116500	18.212400
0.116600	13.711800
0.116700	-4.790640
0.116800	-22.292999
0.116900	-28.293800
0.117000	-24.293301
0.117100	-20.292700
0.117200	-28.293800
0.117300	-31.794300
0.117400	-30.294100
0.117500	-30.294100
0.117600	-33.294498
0.117700	-23.293100
0.117800	-17.292299
0.117900	-17.792400
0.118000	-11.291500
0.118100	7.711030
0.118200	30.714100
0.118300	48.716499
0.118400	63.718498
0.118500	72.719704
0.118600	70.219398
0.118700	65.718803
0.118800	57.717701
0.118900	41.715599
0.119000	23.713200
0.119100	4.710630
0.119200	-5.790780
0.119300	-10.291400
0.119400	-20.292700
0.119500	-23.793200
0.119600	-25.793501
0.119700	-28.293800
0.119800	-32.294300
0.119900	-32.794399
0.120000	-31.294201
0.120100	-27.293699
0.120200	-26.293501
0.120300	-29.293900
0.120400	-21.292900
0.120500	1.210160
0.120600	25.713400
0.120700	40.715500
0.120800	54.217300
0.120900	63.718498
0.121000	68.719200
0.121100	61.218201
0.121200	55.717499
0.121300	52.717098
0.121400	40.715500
0.121500	21.712900
0.121600	6.710900
0.121700	-1.290170
0.121800	-5.290710
0.121900	-4.290570
0.122000	-11.291500
0.122100	-21.292900
0.122200	-27.293699
0.122300	-27.793699
0.122400	-29.293900
0.122500	-29.794001
0.122600	-36.294899
0.122700	-32.294300
0.122800	-26.293501
0.122900	-1.290170
0.123000	24.213200
0.123100	37.215000
0.123200	52.216999
0.123300	65.718803
0.123400	54.217300
0.123500	38.715199
0.123600	34.714699
0.123700	26.213499
0.123800	28.713800
0.123900	36.714901
0.124000	35.714802
0.124100	26.713600
0.124200	14.712000
0.124300	0.710095
0.124400	-8.291110
0.124500	-19.292601
0.124600	-23.293100
0.124700	-23.293100
0.124800	-24.793301
0.124900	-22.292999
0.125000	-19.292601
0.125100	-19.292601
0.125200	-22.292999
0.125300	-26.293501
0.125400	-22.793100
0.125500	-2.290310
0.125600	14.712000
0.125700	23.713200
0.125800	30.714100
0.125900	37.715099
0.126000	42.715698
0.126100	52.216999
0.126200	55.217400
0.126300	55.717499
0.126400	45.216099
0.126500	17.212299
0.126600	-4.290570
0.126700	-13.291800
0.126800	-18.792500
0.126900	-23.793200
0.127000	-23.293100
0.127100	-22.292999
0.127200	-31.294201
0.127300	-35.294701
0.127400	-39.795300
0.127500	-40.295399
0.127600	-37.795101
0.127700	-33.294498
0.127800	-23.293100
0.127900	0.710095
0.128000	24.713301
0.128100	47.716400
0.128200	68.219101
0.128300	78.720497
0.128400	79.720703
0.128500	61.718300
0.128600	44.215900
0.128700	32.714401
0.128800	25.213400
0.128900	23.213100
0.129000	22.712999
0.129100	22.712999
0.129200	22.712999
0.129300	19.712601
0.129400	13.711800
0.129500	9.711300
0.129600	12.711700
0.129700	10.711400
0.129800	15.712100
0.129900	22.212999
0.130000	23.213100
0.130100	18.712500
0.130200	22.712999
0.130300	24.713301
0.130400	18.712500
0.130500	16.212200
0.130600	14.712000
0.130700	17.712400
0.130800	17.712400
0.130900	15.212000
0.131000	15.712100
0.131100	10.211400
0.131200	-1.290170
0.131300	-2.290310
0.131400	5.710770
0.131500	2.710360
0.131600	8.711170
0.131700	13.711800
0.131800	16.212200
0.131900	15.712100
0.132000	14.211900
0.132100	8.711170
0.132200	9.711300
0.132300	6.710900
0.132400	4.710630
0.132500	3.710500
0.132600	4.710630
0.132700	-0.290039
0.132800	-6.290840
0.132900	-0.290039
0.133000	5.710770
0.133100	6.210830
0.133200	11.711600
0.133300	16.712200
0.133400	16.712200
0.133500	12.711700
0.133600	13.711800
0.133700	14.712000
0.133800	13.711800
0.133900	13.711800
0.134000	11.711600
0.134100	4.710630
0.134200	-6.290840
0.134300	-5.790780
0.134400	-2.290310
0.134500	-0.790106
0.134600	-1.290170
0.134700	2.710360
0.134800	9.211230
0.134900	11.711600
0.135000	8.711170
0.135100	6.210830
0.135200	5.710770
0.135300	5.710770
0.135400	-1.290170
0.135500	-3.290440
0.135600	0.710095
0.135700	4.710630
0.135800	-1.290170
0.135900	-3.790510
0.136000	0.210028
0.136100	-3.290440
0.136200	-3.290440
0.136300	7.711030
0.136400	9.211230
0.136500	7.711030
0.136600	7.210970
0.136700	9.711300
0.136800	8.711170
0.136900	8.711170
0.137000	7.711030
0.137100	4.210560
0.137200	-1.290170
0.137300	-5.290710
0.137400	-0.790106
0.137500	3.210430
0.137600	1.710230
0.137700	5.710770
0.137800	9.211230
0.137900	6.210830
0.138000	0.710095
0.138100	3.210430
0.138200	7.711030
0.138300	4.710630
0.138400	2.710360
0.138500	5.210700
0.138600	-0.290039
0.138700	-6.290840
0.138800	-4.290570
0.138900	-0.290039
0.139000	6.710900
0.139100	9.711300
0.139200	17.712400
0.139300	14.712000
0.139400	8.711170
0.139500	11.711600
0.139600	12.211600
0.139700	13.711800
0.139800	13.711800
0.139900	0.210028
0.140000	-4.290570
0.140100	-3.290440
0.140200	-1.290170
0.140300	0.710095
0.140400	3.210430
0.140500	4.710630
0.140600	8.711170
0.140700	8.711170
0.140800	7.711030
0.140900	4.710630
0.141000	3.710500
0.141100	5.710770
0.141200	3.710500
0.141300	2.210300
0.141400	0.710095
0.141500	-2.290310
0.141600	-1.290170
0.141700	4.710630
0.141800	12.711700
0.141900	10.711400
0.142000	6.710900
0.142100	4.710630
0.142200	-0.290039
0.142300	-0.290039
0.142400	0.210028
0.142500	1.710230
0.142600	6.210830
0.142700	7.711030
0.142800	6.710900
0.142900	6.710900
0.143000	12.211600
0.143100	14.712000
0.143200	14.712000
0.143300	9.711300
0.143400	5.710770
0.143500	-1.290170
0.143600	-7.290980
0.143700	-2.290310
0.143800	-1.290170
0.143900	-3.290440
0.144000	-1.790240
0.144100	-0.290039
0.144200	-3.290440
0.144300	-2.290310
0.144400	2.710360
0.144500	5.710770
0.144600	6.710900
0.144700	4.710630
0.144800	5.210700
0.144900	4.210560
0.145000	0.710095
0.145100	-2.790370
0.145200	4.710630
0.145300	1.210160
0.145400	4.210560
0.145500	8.711170
0.145600	8.711170
0.145700	11.711600
0.145800	11.211500
0.145900	6.710900
0.146000	6.710900
0.146100	6.710900
0.146200	8.711170
0.146300	11.211500
0.146400	5.210700
0.146500	4.710630
0.146600	6.210830
0.146700	8.211100
0.146800	6.710900
0.146900	6.710900
0.147000	4.710630
0.147100	-5.290710
0.147200	-5.290710
0.147300	-0.290039
0.147400	3.710500
0.147500	2.710360
0.147600	-0.290039
0.147700	0.710095
0.147800	1.710230
0.147900	0.210028
0.148000	-3.790510
0.148100	0.710095
0.148200	5.710770
0.148300	5.710770
0.148400	1.710230
0.148500	-0.290039
0.148600	-1.290170
0.148700	-1.290170
0.148800	-1.290170
0.148900	-3.290440
0.149000	-2.790370
0.149100	0.710095
0.149200	3.710500
0.149300	6.710900
0.149400	6.710900
0.149500	8.711170
0.149600	6.710900
0.149700	6.210830
0.149800	8.711170
0.149900	8.711170
0.150000	5.710770
0.150100	6.210830
0.150200	12.211600
0.150300	9.711300
0.150400	11.211500
0.150500	5.710770
0.150600	1.710230
0.150700	-5.790780
0.150800	-6.290840
0.150900	0.710095
0.151000	0.210028
0.151100	-0.290039
0.151200	2.210300
0.151300	-1.290170
0.151400	0.710095
0.151500	3.710500
0.151600	0.210028
0.151700	-2.290310
0.151800	4.710630
0.151900	9.711300
0.152000	9.211230
0.152100	5.710770
0.152200	-2.290310
0.152300	-4.290570
0.152400	-0.290039
0.152500	4.210560
0.152600	3.710500
0.152700	9.711300
0.152800	15.712100
0.152900	10.211400
0.153000	11.711600
0.153100	14.712000
0.153200	13.711800
0.153300	14.712000
0.153400	6.710900
0.153500	4.210560
0.153600	5.210700
0.153700	0.710095
0.153800	-1.290170
0.153900	2.210300
0.154000	3.210430
0.154100	4.710630
0.154200	5.210700
0.154300	2.710360
0.154400	3.710500
0.154500	6.710900
0.154600	0.710095
0.154700	0.210028
0.154800	3.210430
0.154900	4.710630
0.155000	6.710900
0.155100	9.711300
0.155200	6.710900
0.155300	-1.290170
0.155400	-1.790240
0.155500	-0.290039
0.155600	1.710230
0.155700	6.710900
0.155800	12.711700
0.155900	8.211100
0.156000	6.210830
0.156100	9.711300
0.156200	14.712000
0.156300	12.211600
0.156400	8.711170
0.156500	8.211100
0.156600	5.710770
0.156700	5.710770
0.156800	-1.290170
0.156900	-3.290440
0.157000	-6.290840
0.157100	-2.290310
0.157200	-1.290170
0.157300	3.210430
0.157400	5.710770
0.157500	6.210830
0.157600	4.710630
0.157700	-1.790240
0.157800	0.710095
0.157900	7.711030
0.158000	5.210700
0.158100	4.210560
0.158200	4.710630
0.158300	5.710770
0.158400	-0.290039
0.158500	1.710230
0.158600	4.710630
0.158700	-1.290170
0.158800	-3.290440
0.158900	5.210700
0.159000	6.210830
0.159100	7.210970
0.159200	13.711800
0.159300	13.211800
0.159400	7.711030
0.159500	6.710900
0.159600	5.710770
0.159700	3.710500
0.159800	3.710500
0.159900	-2.290310
0.160000	0.210028
0.160100	1.710230
0.160200	0.210028
0.160300	-2.290310
0.160400	2.710360
0.160500	5.710770
0.160600	0.710095
0.160700	-1.290170
0.160800	3.210430
0.160900	2.710360
0.161000	-0.290039
0.161100	-0.790106
0.161200	2.710360
0.161300	2.210300
0.161400	2.210300
0.161500	-1.790240
0.161600	2.210300
0.161700	2.710360
0.161800	3.210430
0.161900	0.710095
0.162000	5.710770
0.162100	11.711600
0.162200	8.711170
0.162300	6.210830
0.162400	7.711030
0.162500	9.711300
0.162600	8.711170
0.162700	11.211500
0.162800	0.710095
0.162900	-2.290310
0.163000	-0.290039
0.163100	6.210830
0.163200	3.710500
0.163300	-1.290170
0.163400	1.710230
0.163500	9.211230
0.163600	6.710900
0.163700	0.710095
0.163800	4.210560
0.163900	3.710500
0.164000	2.210300
0.164100	2.710360
0.164200	1.710230
0.164300	0.710095
0.164400	1.710230
0.164500	4.210560
0.164600	0.710095
0.164700	-3.790510
0.164800	-2.290310
0.164900	2.710360
0.165000	6.710900
0.165100	8.711170
0.165200	11.711600
0.165300	12.711700
0.165400	12.711700
0.165500	8.211100
0.165600	13.211800
0.165700	12.211600
0.165800	7.711030
0.165900	9.711300
0.166000	6.710900
0.166100	5.710770
0.166200	10.211400
0.166300	2.710360
0.166400	-2.290310
0.166500	0.210028
0.166600	4.710630
0.166700	3.710500
0.166800	2.710360
0.166900	7.210970
0.167000	5.710770
0.167100	7.210970
0.167200	5.710770
0.167300	0.710095
0.167400	2.710360
0.167500	1.710230
0.167600	-2.790370
0.167700	0.710095
0.167800	3.210430
0.167900	3.710500
0.168000	0.210028
0.168100	0.210028
0.168200	-1.290170
0.168300	0.710095
0.168400	7.711030
0.168500	8.711170
0.168600	6.710900
0.168700	8.211100
0.168800	8.711170
0.168900	8.211100
0.169000	6.710900
0.169100	-0.290039
0.169200	-1.290170
0.169300	-5.290710
0.169400	-2.290310
0.169500	2.710360
0.169600	6.210830
0.169700	5.710770
0.169800	4.710630
0.169900	-1.290170
0.170000	-6.290840
0.170100	-6.290840
0.170200	-3.290440
0.170300	-0.290039
0.170400	4.710630
0.170500	5.210700
0.170600	7.711030
0.170700	1.710230
0.170800	-5.790780
0.170900	-2.290310
0.171000	2.210300
0.171100	0.710095
0.171200	-0.290039
0.171300	8.211100
0.171400	10.711400
0.171500	8.711170
0.171600	8.711170
0.171700	12.211600
0.171800	11.711600
0.171900	10.711400
0.172000	12.711700
0.172100	10.211400
0.172200	3.710500
0.172300	-2.290310
0.172400	-3.290440
0.172500	0.710095
0.172600	2.710360
0.172700	3.210430
0.172800	5.710770
0.172900	5.710770
0.173000	2.710360
0.173100	1.710230
0.173200	-0.290039
0.173300	-2.290310
0.173400	-4.790640
0.173500	1.710230
0.173600	3.710500
0.173700	9.711300
0.173800	0.710095
0.173900	0.710095
0.174000	5.210700
0.174100	1.210160
0.174200	-0.290039
0.174300	0.210028
0.174400	2.710360
0.174500	4.210560
0.174600	6.710900
0.174700	6.710900
0.174800	8.711170
0.174900	8.711170
0.175000	8.711170
0.175100	14.211900
0.175200	15.712100
0.175300	11.711600
0.175400	6.710900
0.175500	7.711030
0.175600	2.710360
0.175700	0.710095
0.175800	0.710095
0.175900	4.710630
0.176000	1.710230
0.176100	6.710900
0.176200	9.711300
0.176300	3.710500
0.176400	0.210028
0.176500	1.710230
0.176600	2.710360
0.176700	-1.290170
0.176800	3.210430
0.176900	4.710630
0.177000	-1.290170
0.177100	-0.290039
0.177200	3.210430
0.177300	0.710095
0.177400	5.210700
0.177500	13.711800
0.177600	10.211400
0.177700	8.711170
0.177800	8.711170
0.177900	9.211230
0.178000	9.711300
0.178100	8.211100
0.178200	13.711800
0.178300	9.711300
0.178400	9.711300
0.178500	11.211500
0.178600	7.711030
0.178700	6.710900
0.178800	-2.290310
0.178900	-3.290440
0.179000	-2.290310
0.179100	-2.790370
0.179200	6.710900
0.179300	6.210830
0.179400	0.710095
0.179500	0.710095
0.179600	0.210028
0.179700	0.710095
0.179800	1.710230
0.179900	0.210028
0.180000	3.710500
0.180100	4.710630
0.180200	1.210160
0.180300	-1.290170
0.180400	-1.290170
0.180500	0.710095
0.180600	3.210430
0.180700	0.710095
0.180800	0.210028
0.180900	4.210560
0.181000	8.711170
0.181100	11.711600
0.181200	9.711300
0.181300	10.711400
0.181400	15.212000
0.181500	12.711700
0.181600	8.711170
0.181700	5.710770
0.181800	4.710630
0.181900	3.710500
0.182000	-3.290440
0.182100	-4.290570
0.182200	-2.290310
0.182300	1.710230
0.182400	2.210300
0.182500	4.710630
0.182600	0.710095
0.182700	0.710095
0.182800	0.710095
0.182900	0.710095
0.183000	-2.290310
0.183100	0.210028
0.183200	5.710770
0.183300	7.210970
0.183400	7.711030
0.183500	8.711170
0.183600	7.711030
0.183700	-0.290039
0.183800	-1.290170
0.183900	1.710230
0.184000	1.710230
0.184100	1.710230
0.184200	6.710900
0.184300	15.712100
0.184400	13.711800
0.184500	11.711600
0.184600	11.711600
0.184700	11.711600
0.184800	10.711400
0.184900	6.710900
0.185000	-2.290310
0.185100	-3.290440
0.185200	0.710095
0.185300	6.710900
0.185400	3.710500
0.185500	-1.290170
0.185600	0.710095
0.185700	0.710095
0.185800	0.210028
0.185900	2.210300
0.186000	4.710630
0.186100	6.710900
0.186200	5.710770
0.186300	-1.290170
0.186400	-4.790640
0.186500	1.210160
0.186600	1.710230
0.186700	5.710770
0.186800	7.711030
0.186900	4.210560
0.187000	12.711700
0.187100	16.712200
0.187200	8.211100
0.187300	9.211230
0.187400	11.211500
0.187500	2.210300
0.187600	-6.290840
0.187700	-1.790240
0.187800	-2.290310
0.187900	-6.290840
0.188000	0.710095
0.188100	6.710900
0.188200	6.710900
0.188300	4.710630
0.188400	0.710095
0.188500	-0.290039
0.188600	-1.290170
0.188700	-1.790240
0.188800	-2.290310
0.188900	5.710770
0.189000	9.211230
0.189100	4.210560
0.189200	0.710095
0.189300	0.710095
0.189400	1.710230
0.189500	4.710630
0.189600	6.710900
0.189700	9.711300
0.189800	8.711170
0.189900	9.711300
0.190000	9.711300
0.190100	6.710900
0.190200	8.211100
0.190300	9.711300
0.190400	11.711600
0.190500	8.711170
0.190600	-0.290039
0.190700	-2.790370
0.190800	2.710360
0.190900	4.710630
0.191000	6.710900
0.191100	4.710630
0.191200	6.210830
0.191300	6.210830
0.191400	5.710770
0.191500	2.710360
0.191600	-1.290170
0.191700	-1.290170
0.191800	1.710230
0.191900	-1.290170
0.192000	0.710095
0.192100	6.710900
0.192200	7.711030
0.192300	2.710360
0.192400	-3.790510
0.192500	-0.290039
0.192600	2.210300
0.192700	-0.290039
0.192800	3.710500
0.192900	6.710900
0.193000	6.710900
0.193100	3.710500
0.193200	6.710900
0.193300	13.211800
0.193400	10.711400
0.193500	4.710630
0.193600	7.210970
0.193700	6.710900
0.193800	3.710500
0.193900	-2.290310
0.194000	-3.290440
0.194100	-1.790240
0.194200	-0.790106
0.194300	2.710360
0.194400	-0.290039
0.194500	0.710095
0.194600	-0.290039
0.194700	0.210028
0.194800	1.710230
0.194900	-3.790510
0.195000	1.710230
0.195100	0.710095
0.195200	2.210300
0.195300	6.710900
0.195400	7.210970
0.195500	7.711030
0.195600	-1.290170
0.195700	-0.790106
0.195800	5.710770
0.195900	3.710500
0.196000	0.710095
0.196100	4.710630
0.196200	4.710630
0.196300	4.710630
0.196400	11.711600
0.196500	14.712000
0.196600	8.711170
0.196700	2.710360
0.196800	8.711170
0.196900	5.710770
0.197000	7.711030
0.197100	12.211600
0.197200	11.211500
0.197300	6.710900
0.197400	0.210028
0.197500	-1.290170
0.197600	-1.290170
0.197700	2.710360
0.197800	3.710500
0.197900	1.710230
0.198000	6.210830
0.198100	6.210830
0.198200	0.710095
0.198300	0.710095
0.198400	-1.290170
0.198500	1.710230
0.198600	2.710360
0.198700	-0.290039
0.198800	-5.290710
0.198900	0.210028
0.199000	5.210700
0.199100	3.210430
0.199200	7.711030
0.199300	10.211400
0.199400	8.711170
0.199500	8.711170
0.199600	11.711600
0.199700	11.711600
0.199800	6.210830
0.199900	-3.290440
0.200000	-3.290440
0.200100	1.710230
0.200200	4.710630
0.200300	-2.290310
0.200400	-1.290170
0.200500	5.710770
0.200600	4.710630
0.200700	6.210830
0.200800	6.710900
0.200900	1.710230
0.201000	1.710230
0.201100	4.210560
0.201200	3.710500
0.201300	2.710360
0.201400	1.210160
0.201500	-0.290039
0.201600	-1.290170
0.201700	-1.290170
0.201800	-2.290310
0.201900	4.710630
0.202000	6.710900
0.202100	3.710500
0.202200	7.711030
0.202300	12.711700
0.202400	10.711400
0.202500	6.710900
0.202600	7.711030
0.202700	6.710900
0.202800	-0.290039
0.202900	-0.290039
0.203000	-1.290170
0.203100	-1.290170
0.203200	2.710360
0.203300	2.710360
0.203400	-1.290170
0.203500	6.710900
0.203600	5.710770
0.203700	1.710230
0.203800	5.710770
0.203900	4.710630
0.204000	2.710360
0.204100	1.710230
0.204200	1.710230
0.204300	5.710770
0.204400	6.710900
0.204500	0.710095
0.204600	-3.290440
0.204700	-2.290310
0.204800	3.710500
0.204900	6.210830
0.205000	2.710360
0.205100	6.210830
0.205200	8.211100
0.205300	11.711600
0.205400	8.711170
0.205500	8.211100
0.205600	9.211230
0.205700	9.711300
0.205800	9.711300
0.205900	6.710900
0.206000	8.711170
0.206100	12.211600
0.206200	12.711700
0.206300	9.711300
0.206400	7.711030
0.206500	8.711170
0.206600	4.210560
0.206700	-1.790240
0.206800	-2.290310
0.206900	-3.290440
0.207000	5.710770
0.207100	8.711170
0.207200	4.710630
0.207300	0.210028
0.207400	0.710095
0.207500	-1.290170
0.207600	-1.290170
0.207700	-1.790240
0.207800	1.210160
0.207900	-1.290170
0.208000	-1.790240
0.208100	-0.790106
0.208200	-0.290039
0.208300	-2.290310
0.208400	2.710360
0.208500	5.710770
0.208600	0.710095
0.208700	-1.290170
0.208800	-2.290310
0.208900	-0.790106
0.209000	-1.290170
0.209100	5.710770
0.209200	8.711170
0.209300	11.711600
0.209400	12.711700
0.209500	13.711800
0.209600	10.711400
0.209700	7.210970
0.209800	5.710770
0.209900	6.710900
0.210000	5.210700
0.210100	1.710230
0.210200	-2.290310
0.210300	1.710230
0.210400	1.710230
0.210500	0.210028
0.210600	2.710360
0.210700	7.711030
0.210800	6.210830
0.210900	7.711030
0.211000	3.210430
0.211100	3.210430
0.211200	3.710500
0.211300	6.710900
0.211400	10.711400
0.211500	8.711170
0.211600	4.710630
0.211700	-1.290170
0.211800	0.710095
0.211900	0.710095
0.212000	2.710360
0.212100	4.710630
0.212200	8.711170
0.212300	8.711170
0.212400	0.210028
0.212500	-2.290310
0.212600	-2.290310
0.212700	0.210028
0.212800	-0.290039
0.212900	3.710500
0.213000	7.711030
0.213100	7.711030
0.213200	4.710630
0.213300	6.710900
0.213400	11.211500
0.213500	8.711170
0.213600	4.210560
0.213700	-1.290170
0.213800	0.210028
0.213900	-1.790240
0.214000	0.710095
0.214100	6.210830
0.214200	1.710230
0.214300	-1.290170
0.214400	3.210430
0.214500	6.210830
0.214600	5.710770
0.214700	7.711030
0.214800	2.710360
0.214900	-1.290170
0.215000	0.710095
0.215100	4.710630
0.215200	6.710900
0.215300	2.710360
0.215400	2.710360
0.215500	0.210028
0.215600	-2.790370
0.215700	3.210430
0.215800	8.711170
0.215900	6.710900
0.216000	6.710900
0.216100	13.711800
0.216200	14.712000
0.216300	13.711800
0.216400	9.711300
0.216500	5.710770
0.216600	-1.290170
0.216700	-4.290570
0.216800	-0.290039
0.216900	1.710230
0.217000	0.710095
0.217100	1.710230
0.217200	-0.290039
0.217300	2.710360
0.217400	4.710630
0.217500	1.710230
0.217600	0.710095
0.217700	0.210028
0.217800	0.710095
0.217900	3.710500
0.218000	1.710230
0.218100	4.710630
0.218200	4.710630
0.218300	4.710630
0.218400	2.710360
0.218500	0.210028
0.218600	-2.790370
0.218700	1.710230
0.218800	4.710630
0.218900	0.710095
0.219000	0.710095
0.219100	3.710500
0.219200	6.710900
0.219300	9.711300
0.219400	13.211800
0.219500	16.712200
0.219600	12.711700
0.219700	10.711400
0.219800	15.212000
0.219900	14.712000
0.220000	4.710630
0.220100	-0.290039
0.220200	-3.290440
0.220300	-1.790240
0.220400	-0.290039
0.220500	5.210700
0.220600	4.710630
0.220700	0.710095
0.220800	-1.290170
0.220900	3.710500
0.221000	3.710500
0.221100	-0.290039
0.221200	2.210300
0.221300	5.710770
0.221400	6.710900
0.221500	5.710770
0.221600	6.710900
0.221700	2.210300
0.221800	-1.290170
0.221900	3.710500
0.222000	7.711030
0.222100	4.210560
0.222200	4.710630
0.222300	5.710770
0.222400	8.211100
0.222500	8.711170
0.222600	9.711300
0.222700	9.711300
0.222800	4.710630
0.222900	2.210300
0.223000	0.210028
0.223100	-3.290440
0.223200	1.210160
0.223300	1.710230
0.223400	6.710900
0.223500	4.710630
0.223600	6.710900
0.223700	7.210970
0.223800	3.710500
0.223900	9.711300
0.224000	11.711600
0.224100	4.710630
0.224200	4.710630
0.224300	-1.290170
0.224400	-1.790240
0.224500	-0.290039
0.224600	2.710360
0.224700	2.710360
0.224800	4.710630
0.224900	7.711030
0.225000	10.711400
0.225100	8.711170
0.225200	7.711030
0.225300	10.711400
0.225400	11.711600
0.225500	7.711030
0.225600	1.710230
0.225700	0.210028
0.225800	-0.290039
0.225900	-1.290170
0.226000	-4.290570
0.226100	0.710095
0.226200	3.710500
0.226300	0.710095
0.226400	0.710095
0.226500	2.210300
0.226600	2.210300
0.226700	-1.290170
0.226800	3.210430
0.226900	2.710360
0.227000	2.710360
0.227100	4.710630
0.227200	7.210970
0.227300	3.710500
0.227400	-0.290039
0.227500	-1.290170
0.227600	6.710900
0.227700	2.710360
0.227800	3.210430
0.227900	6.210830
0.228000	6.710900
0.228100	12.711700
0.228200	12.711700
0.228300	9.211230
0.228400	7.711030
0.228500	9.211230
0.228600	6.710900
0.228700	2.710360
0.228800	1.210160
0.228900	-3.290440
0.229000	-5.290710
0.229100	1.710230
0.229200	7.210970
0.229300	5.710770
0.229400	4.210560
0.229500	4.210560
0.229600	5.710770
0.229700	5.710770
0.229800	4.710630
0.229900	8.211100
0.230000	1.710230
0.230100	-0.290039
0.230200	-1.290170
0.230300	-1.290170
0.230400	0.710095
0.230500	6.710900
0.230600	10.711400
0.230700	7.711030
0.230800	6.210830
0.230900	1.210160
0.231000	-1.290170
0.231100	-2.290310
0.231200	-3.290440
0.231300	0.710095
0.231400	5.210700
0.231500	2.710360
0.231600	4.710630
0.231700	9.711300
0.231800	9.711300
0.231900	9.211230
0.232000	8.711170
0.232100	13.211800
0.232200	8.211100
0.232300	1.710230
0.232400	-0.290039
0.232500	-3.290440
0.232600	-3.790510
0.232700	0.710095
0.232800	0.210028
0.232900	4.710630
0.233000	-0.290039
0.233100	-1.290170
0.233200	0.710095
0.233300	4.710630
0.233400	6.710900
0.233500	3.710500
0.233600	0.710095
0.233700	0.710095
0.233800	0.710095
0.233900	4.710630
0.234000	6.210830
0.234100	3.710500
0.234200	5.710770
0.234300	5.710770
0.234400	7.711030
0.234500	1.710230
0.234600	0.210028
0.234700	-0.790106
0.234800	-1.290170
0.234900	3.710500
0.235000	7.711030
0.235100	8.211100
0.235200	8.711170
0.235300	11.711600
0.235400	14.712000
0.235500	9.711300
0.235600	12.711700
0.235700	12.711700
0.235800	13.711800
0.235900	11.711600
0.236000	8.711170
0.236100	2.710360
0.236200	-2.290310
0.236300	-6.290840
0.236400	-2.290310
0.236500	5.710770
0.236600	3.710500
0.236700	3.710500
0.236800	4.210560
0.236900	5.210700
0.237000	4.710630
0.237100	1.710230
0.237200	-0.290039
0.237300	-0.290039
0.237400	-0.790106
0.237500	-0.290039
0.237600	0.710095
0.237700	5.210700
0.237800	0.210028
0.237900	-1.290170
0.238000	0.710095
0.238100	-1.290170
0.238200	-3.290440
0.238300	-2.290310
0.238400	2.710360
0.238500	6.710900
0.238600	5.710770
0.238700	8.211100
0.238800	10.211400
0.238900	13.711800
0.239000	15.712100
0.239100	10.711400
0.239200	4.710630
0.239300	0.210028
0.239400	-2.290310
0.239500	-5.290710
0.239600	-2.790370
0.239700	3.710500
0.239800	4.710630
0.239900	1.210160
0.240000	1.710230
0.240100	2.710360
0.240200	1.710230
0.240300	-1.290170
0.240400	-6.290840
0.240500	-6.790910
0.240600	-0.790106
0.240700	4.710630
0.240800	1.710230
0.240900	2.210300
0.241000	-5.290710
0.241100	-0.790106
0.241200	6.210830
0.241300	7.210970
0.241400	5.710770
0.241500	4.210560
0.241600	6.710900
0.241700	8.711170
0.241800	6.710900
0.241900	6.710900
0.242000	11.211500
0.242100	4.710630
0.242200	-3.790510
0.242300	-6.290840
0.242400	-0.790106
0.242500	-1.290170
0.242600	2.710360
0.242700	4.210560
0.242800	0.710095
0.242900	-0.290039
0.243000	0.710095
0.243100	4.210560
0.243200	2.710360
0.243300	4.710630
0.243400	8.711170
0.243500	5.710770
0.243600	2.210300
0.243700	2.710360
0.243800	0.210028
0.243900	-1.790240
0.244000	-0.290039
0.244100	4.710630
0.244200	4.210560
0.244300	2.710360
0.244400	4.710630
0.244500	8.711170
0.244600	11.711600
0.244700	12.711700
0.244800	7.711030
0.244900	3.710500
0.245000	0.210028
0.245100	-5.290710
0.245200	-4.290570
0.245300	1.710230
0.245400	3.210430
0.245500	2.710360
0.245600	-0.290039
0.245700	0.210028
0.245800	5.210700
0.245900	5.210700
0.246000	3.710500
0.246100	1.710230
0.246200	3.210430
0.246300	1.710230
0.246400	3.710500
0.246500	3.210430
0.246600	4.710630
0.246700	4.710630
0.246800	0.710095
0.246900	-0.290039
0.247000	3.710500
0.247100	2.710360
0.247200	5.710770
0.247300	5.210700
0.247400	6.210830
0.247500	3.710500
0.247600	5.710770
0.247700	7.711030
0.247800	9.711300
0.247900	12.211600
0.248000	4.710630
0.248100	4.710630
0.248200	8.711170
0.248300	6.710900
0.248400	3.710500
0.248500	1.710230
0.248600	-1.290170
0.248700	-2.290310
0.248800	-2.290310
0.248900	-0.290039
0.249000	6.210830
0.249100	6.710900
0.249200	2.210300
0.249300	6.710900
0.249400	3.210430
0.249500	2.210300
0.249600	0.710095
0.249700	1.710230
0.249800	4.210560
0.249900	-1.290170
0.250000	-4.290570
0.250100	2.710360
0.250200	5.710770
0.250300	3.710500
0.250400	-3.290440
0.250500	-3.290440
0.250600	4.710630
0.250700	2.710360
0.250800	3.710500
0.250900	11.711600
0.251000	11.711600
0.251100	12.711700
0.251200	10.711400
0.251300	6.210830
0.251400	6.710900
0.251500	2.210300
0.251600	-3.790510
0.251700	2.710360
0.251800	6.710900
0.251900	7.210970
0.252000	5.710770
0.252100	6.710900
0.252200	2.710360
0.252300	1.710230
0.252400	1.210160
0.252500	3.210430
0.252600	8.211100
0.252700	6.210830
0.252800	-1.290170
0.252900	-1.290170
0.253000	1.710230
0.253100	-1.290170
0.253200	5.210700
0.253300	8.711170
0.253400	8.711170
0.253500	10.711400
0.253600	10.711400
0.253700	7.210970
0.253800	-1.290170
0.253900	0.710095
0.254000	1.210160
0.254100	0.710095
0.254200	2.210300
0.254300	0.710095
0.254400	6.210830
0.254500	6.210830
0.254600	1.710230
0.254700	-1.290170
0.254800	-1.290170
0.254900	-2.290310
0.255000	3.210430
0.255100	5.710770
0.255200	4.710630
0.255300	2.710360
0.255400	-2.290310
0.255500	-4.290570
0.255600	-0.290039
0.255700	1.210160
0.255800	-0.290039
0.255900	-1.290170
0.256000	0.210028
0.256100	4.710630
0.256200	6.710900
0.256300	3.710500
0.256400	7.711030
0.256500	7.711030
0.256600	5.710770
0.256700	4.710630
0.256800	9.711300
0.256900	8.711170
0.257000	5.210700
0.257100	2.210300
0.257200	-1.290170
0.257300	-2.290310
0.257400	-1.290170
0.257500	1.710230
0.257600	4.210560
0.257700	4.710630
0.257800	6.210830
0.257900	5.710770
0.258000	3.210430
0.258100	2.710360
0.258200	2.710360
0.258300	6.710900
0.258400	9.211230
0.258500	0.710095
0.258600	-1.290170
0.258700	3.710500
0.258800	11.211500
0.258900	12.211600
0.259000	14.211900
0.259100	14.211900
0.259200	14.211900
0.259300	14.211900
0.259400	14.211900
0.259500	14.211900
0.259600	6.210830
0.259700	-3.290440
0.259800	0.210028
0.259900	2.710360
0.260000	0.210028
0.260100	-1.290170
0.260200	-0.290039
0.260300	0.710095
0.260400	4.710630
0.260500	5.210700
0.260600	4.710630
0.260700	2.710360
0.260800	-2.290310
0.260900	-3.290440
0.261000	1.710230
0.261100	5.710770
0.261200	0.710095
0.261300	-0.790106
0.261400	-0.290039
0.261500	0.710095
0.261600	6.710900
0.261700	3.710500
0.261800	4.210560
0.261900	5.210700
0.262000	8.711170
0.262100	7.711030
0.262200	12.711700
0.262300	16.212200
0.262400	8.711170
0.262500	5.210700
0.262600	5.710770
0.262700	2.710360
0.262800	1.210160
0.262900	4.710630
0.263000	3.710500
0.263100	3.710500
0.263200	4.710630
0.263300	1.710230
0.263400	-1.290170
0.263500	0.710095
0.263600	-1.290170
0.263700	2.710360
0.263800	4.710630
0.263900	2.710360
0.264000	3.210430
0.264100	4.210560
0.264200	0.210028
0.264300	-2.290310
0.264400	5.710770
0.264500	2.210300
0.264600	6.210830
0.264700	6.710900
0.264800	5.710770
0.264900	6.210830
0.265000	7.711030
0.265100	7.711030
0.265200	11.711600
0.265300	15.712100
0.265400	13.711800
0.265500	9.711300
0.265600	5.710770
0.265700	-1.290170
0.265800	0.210028
0.265900	0.710095
0.266000	3.710500
0.266100	3.210430
0.266200	1.710230
0.266300	5.710770
0.266400	7.711030
0.266500	6.710900
0.266600	4.710630
0.266700	7.711030
0.266800	7.210970
0.266900	6.710900
0.267000	6.210830
0.267100	0.710095
0.267200	2.210300
0.267300	4.210560
0.267400	7.711030
0.267500	2.710360
0.267600	3.710500
0.267700	-1.290170
0.267800	-0.290039
0.267900	4.710630
0.268000	5.710770
0.268100	4.710630
0.268200	9.711300
0.268300	10.711400
0.268400	8.211100
0.268500	8.711170
0.268600	7.210970
0.268700	7.210970
0.268800	8.711170
0.268900	6.710900
0.269000	1.710230
0.269100	1.710230
0.269200	-0.290039
0.269300	2.210300
0.269400	6.210830
0.269500	7.210970
0.269600	2.710360
0.269700	3.710500
0.269800	4.710630
0.269900	4.710630
0.270000	2.710360
0.270100	3.710500
0.270200	4.710630
0.270300	3.210430
0.270400	-0.290039
0.270500	-1.290170
0.270600	4.710630
0.270700	6.710900
0.270800	1.710230
0.270900	-1.290170
0.271000	-2.290310
0.271100	-2.290310
0.271200	-0.290039
0.271300	-0.290039
0.271400	6.710900
0.271500	7.210970
0.271600	10.711400
0.271700	6.710900
0.271800	6.710900
0.271900	7.711030
0.272000	8.711170
0.272100	11.711600
0.272200	10.711400
0.272300	12.211600
0.272400	11.711600
0.272500	11.711600
0.272600	8.211100
0.272700	2.210300
0.272800	-1.290170
0.272900	-2.290310
0.273000	3.210430
0.273100	5.710770
0.273200	1.710230
0.273300	2.210300
0.273400	3.710500
0.273500	8.711170
0.273600	9.211230
0.273700	5.210700
0.273800	-3.290440
0.273900	-1.290170
0.274000	4.210560
0.274100	6.710900
0.274200	5.710770
0.274300	0.710095
0.274400	2.210300
0.274500	6.210830
0.274600	5.710770
0.274700	8.711170
0.274800	13.711800
0.274900	9.711300
0.275000	7.711030
0.275100	9.711300
0.275200	13.711800
0.275300	11.211500
0.275400	8.211100
0.275500	12.711700
0.275600	4.710630
0.275700	0.710095
0.275800	0.210028
0.275900	-2.290310
0.276000	-0.290039
0.276100	-1.290170
0.276200	-1.290170
0.276300	2.210300
0.276400	0.710095
0.276500	3.710500
0.276600	4.710630
0.276700	-0.290039
0.276800	-1.290170
0.276900	3.210430
0.277000	6.710900
0.277100	4.710630
0.277200	1.710230
0.277300	0.210028
0.277400	-1.290170
0.277500	1.710230
0.277600	4.710630
0.277700	8.211100
0.277800	4.710630
0.277900	5.710770
0.278000	7.210970
0.278100	7.711030
0.278200	8.711170
0.278300	9.711300
0.278400	11.211500
0.278500	14.211900
0.278600	17.712400
0.278700	14.712000
0.278800	6.710900
0.278900	2.710360
0.279000	4.710630
0.279100	3.710500
0.279200	3.710500
0.279300	-4.290570
0.279400	-6.290840
0.279500	0.210028
0.279600	2.710360
0.279700	2.710360
0.279800	2.710360
0.279900	0.710095
0.280000	1.710230
0.280100	3.710500
0.280200	4.710630
0.280300	5.710770
0.280400	6.210830
0.280500	-1.290170
0.280600	-1.790240
0.280700	-1.290170
0.280800	3.210430
0.280900	0.710095
0.281000	4.710630
0.281100	8.711170
0.281200	7.711030
0.281300	0.710095
0.281400	-0.290039
0.281500	0.710095
0.281600	-5.290710
0.281700	-1.290170
0.281800	0.710095
0.281900	0.210028
0.282000	2.210300
0.282100	4.710630
0.282200	0.210028
0.282300	1.710230
0.282400	8.211100
0.282500	7.711030
0.282600	9.711300
0.282700	11.711600
0.282800	13.711800
0.282900	12.711700
0.283000	15.212000
0.283100	14.211900
0.283200	11.211500
0.283300	8.711170
0.283400	10.211400
0.283500	6.710900
0.283600	4.710630
0.283700	-0.290039
0.283800	4.210560
0.283900	5.710770
0.284000	4.210560
0.284100	4.710630
0.284200	4.710630
0.284300	2.710360
0.284400	-1.290170
0.284500	-2.290310
0.284600	-1.790240
0.284700	1.210160
0.284800	4.210560
0.284900	4.710630
0.285000	1.710230
0.285100	3.710500
0.285200	4.210560
0.285300	1.710230
0.285400	-1.290170
0.285500	-1.290170
0.285600	-0.790106
0.285700	2.710360
0.285800	0.710095
0.285900	2.710360
0.286000	11.211500
0.286100	13.711800
0.286200	9.711300
0.286300	9.711300
0.286400	13.211800
0.286500	8.711170
0.286600	8.711170
0.286700	8.711170
0.286800	6.710900
0.286900	0.710095
0.287000	1.710230
0.287100	-0.290039
0.287200	-3.290440
0.287300	-1.790240
0.287400	-0.290039
0.287500	7.210970
0.287600	8.711170
0.287700	7.711030
0.287800	1.210160
0.287900	1.710230
0.288000	2.210300
0.288100	1.210160
0.288200	1.210160
0.288300	0.210028
0.288400	-1.290170
0.288500	0.710095
0.288600	7.210970
0.288700	6.710900
0.288800	7.711030
0.288900	14.712000
0.289000	16.712200
0.289100	14.712000
0.289200	14.211900
0.289300	14.712000
0.289400	9.711300
0.289500	0.710095
0.289600	-7.290980
0.289700	-6.290840
0.289800	-3.290440
0.289900	-1.290170
0.290000	3.710500
0.290100	7.711030
0.290200	5.710770
0.290300	4.710630
0.290400	9.211230
0.290500	3.710500
0.290600	-0.290039
0.290700	2.710360
0.290800	6.710900
0.290900	6.710900
0.291000	9.711300
0.291100	6.210830
0.291200	-0.290039
0.291300	2.710360
0.291400	1.710230
0.291500	2.210300
0.291600	1.210160
0.291700	3.710500
0.291800	10.211400
0.291900	13.711800
0.292000	14.712000
0.292100	14.712000
0.292200	13.711800
0.292300	11.711600
0.292400	11.211500
0.292500	0.710095
0.292600	-2.290310
0.292700	1.710230
0.292800	-0.790106
0.292900	0.210028
0.293000	-2.290310
0.293100	-2.290310
0.293200	2.710360
0.293300	5.710770
0.293400	6.710900
0.293500	4.210560
0.293600	5.710770
0.293700	6.710900
0.293800	3.710500
0.293900	3.710500
0.294000	7.210970
0.294100	6.710900
0.294200	4.210560
0.294300	-0.290039
0.294400	-3.790510
0.294500	-2.790370
0.294600	3.710500
0.294700	5.710770
0.294800	8.211100
0.294900	8.711170
0.295000	7.711030
0.295100	8.711170
0.295200	10.711400
0.295300	6.710900
0.295400	5.710770
0.295500	5.710770
0.295600	3.710500
0.295700	-3.290440
0.295800	-1.290170
0.295900	0.710095
0.296000	0.710095
0.296100	6.710900
0.296200	8.211100
0.296300	5.710770
0.296400	7.711030
0.296500	10.211400
0.296600	1.710230
0.296700	-2.790370
0.296800	3.710500
0.296900	5.710770
0.297000	2.210300
0.297100	4.710630
0.297200	9.211230
0.297300	8.211100
0.297400	5.710770
0.297500	1.710230
0.297600	3.710500
0.297700	0.710095
0.297800	6.210830
0.297900	8.711170
0.298000	7.711030
0.298100	6.710900
0.298200	9.211230
0.298300	11.711600
0.298400	10.711400
0.298500	14.712000
0.298600	13.211800
0.298700	8.711170
0.298800	4.710630
0.298900	8.711170
0.299000	8.711170
0.299100	7.711030
0.299200	7.210970
0.299300	1.210160
0.299400	-0.290039
0.299500	-0.290039
0.299600	-2.290310
0.299700	-5.290710
0.299800	-1.290170
0.299900	6.710900
