-0.050000	70.792702
-0.049900	-6.859250
-0.049800	129.031998
-0.049700	119.324997
-0.049600	12.553700
-0.049500	12.553700
-0.049400	12.553700
-0.049300	31.966700
-0.049200	80.499199
-0.049100	167.858002
-0.049000	31.966700
-0.048900	51.379700
-0.048800	70.792702
-0.048700	-26.272200
-0.048600	-65.098198
-0.048500	51.379700
-0.048400	109.619003
-0.048300	31.966700
-0.048200	41.673199
-0.048100	90.205704
-0.048000	51.379700
-0.047900	-26.272200
-0.047800	80.499199
-0.047700	51.379700
-0.047600	12.553700
-0.047500	31.966700
-0.047400	-6.859250
-0.047300	-74.804703
-0.047200	22.260201
-0.047100	51.379700
-0.047000	12.553700
-0.046900	31.966700
-0.046800	12.553700
-0.046700	-16.565701
-0.046600	-16.565701
-0.046500	90.205704
-0.046400	109.619003
-0.046300	12.553700
-0.046200	-26.272200
-0.046100	12.553700
-0.046000	-26.272200
-0.045900	12.553700
-0.045800	12.553700
-0.045700	-65.098198
-0.045600	-65.098198
-0.045500	70.792702
-0.045400	70.792702
-0.045300	-74.804703
-0.045200	-84.511200
-0.045100	2.847240
-0.045000	51.379700
-0.044900	70.792702
-0.044800	109.619003
-0.044700	12.553700
-0.044600	31.966700
-0.044500	12.553700
-0.044400	-123.336998
-0.044300	-103.924004
-0.044200	41.673199
-0.044100	90.205704
-0.044000	22.260201
-0.043900	70.792702
-0.043800	70.792702
-0.043700	-26.272200
-0.043600	-26.272200
-0.043500	70.792702
-0.043400	51.379700
-0.043300	-35.978699
-0.043200	-26.272200
-0.043100	-26.272200
-0.043000	2.847240
-0.042900	-35.978699
-0.042800	-45.685200
-0.042700	51.379700
-0.042600	90.205704
-0.042500	-45.685200
-0.042400	41.673199
-0.042300	51.379700
-0.042200	-142.750000
-0.042100	-65.098198
-0.042000	99.912201
-0.041900	51.379700
-0.041800	12.553700
-0.041700	90.205704
-0.041600	51.379700
-0.041500	-26.272200
-0.041400	-55.391701
-0.041300	31.966700
-0.041200	51.379700
-0.041100	80.499199
-0.041000	12.553700
-0.040900	-35.978699
-0.040800	-65.098198
-0.040700	-45.685200
-0.040600	12.553700
-0.040500	31.966700
-0.040400	90.205704
-0.040300	51.379700
-0.040200	31.966700
-0.040100	12.553700
-0.040000	-26.272200
-0.039900	-65.098198
-0.039800	-74.804703
-0.039700	-55.391701
-0.039600	-26.272200
-0.039500	-6.859250
-0.039400	51.379700
-0.039300	90.205704
-0.039200	-6.859250
-0.039100	12.553700
-0.039000	2.847240
-0.038900	-45.685200
-0.038800	12.553700
-0.038700	12.553700
-0.038600	61.086201
-0.038500	51.379700
-0.038400	22.260201
-0.038300	-26.272200
-0.038200	-65.098198
-0.038100	-6.859250
-0.038000	2.847240
-0.037900	31.966700
-0.037800	12.553700
-0.037700	31.966700
-0.037600	-26.272200
-0.037500	-84.511200
-0.037400	-123.336998
-0.037300	-65.098198
-0.037200	-26.272200
-0.037100	-65.098198
-0.037000	12.553700
-0.036900	-45.685200
-0.036800	-45.685200
-0.036700	51.379700
-0.036600	138.738007
-0.036500	12.553700
-0.036400	12.553700
-0.036300	12.553700
-0.036200	12.553700
-0.036100	31.966700
-0.036000	31.966700
-0.035900	-65.098198
-0.035800	-152.457001
-0.035700	-113.630997
-0.035600	-103.924004
-0.035500	-103.924004
-0.035400	12.553700
-0.035300	51.379700
-0.035200	12.553700
-0.035100	51.379700
-0.035000	-26.272200
-0.034900	-35.978699
-0.034800	22.260201
-0.034700	99.912201
-0.034600	119.324997
-0.034500	51.379700
-0.034400	51.379700
-0.034300	12.553700
-0.034200	-65.098198
-0.034100	-26.272200
-0.034000	70.792702
-0.033900	70.792702
-0.033800	61.086201
-0.033700	51.379700
-0.033600	12.553700
-0.033500	12.553700
-0.033400	-55.391701
-0.033300	-103.924004
-0.033200	-26.272200
-0.033100	-65.098198
-0.033000	-103.924004
-0.032900	-74.804703
-0.032800	12.553700
-0.032700	119.324997
-0.032600	22.260201
-0.032500	-45.685200
-0.032400	-84.511200
-0.032300	70.792702
-0.032200	70.792702
-0.032100	-45.685200
-0.032000	-65.098198
-0.031900	-26.272200
-0.031800	12.553700
-0.031700	51.379700
-0.031600	51.379700
-0.031500	-16.565701
-0.031400	12.553700
-0.031300	22.260201
-0.031200	-6.859250
-0.031100	51.379700
-0.031000	41.673199
-0.030900	12.553700
-0.030800	31.966700
-0.030700	51.379700
-0.030600	51.379700
-0.030500	129.031998
-0.030400	177.563995
-0.030300	109.619003
-0.030200	70.792702
-0.030100	61.086201
-0.030000	51.379700
-0.029900	-26.272200
-0.029800	-103.924004
-0.029700	-35.978699
-0.029600	-103.924004
-0.029500	-123.336998
-0.029400	31.966700
-0.029300	12.553700
-0.029200	-45.685200
-0.029100	51.379700
-0.029000	12.553700
-0.028900	12.553700
-0.028800	-6.859250
-0.028700	-26.272200
-0.028600	-6.859250
-0.028500	31.966700
-0.028400	-26.272200
-0.028300	-103.924004
-0.028200	-26.272200
-0.028100	51.379700
-0.028000	-45.685200
-0.027900	-26.272200
-0.027800	70.792702
-0.027700	90.205704
-0.027600	51.379700
-0.027500	70.792702
-0.027400	70.792702
-0.027300	31.966700
-0.027200	12.553700
-0.027100	-45.685200
-0.027000	12.553700
-0.026900	51.379700
-0.026800	-26.272200
-0.026700	-6.859250
-0.026600	12.553700
-0.026500	51.379700
-0.026400	-45.685200
-0.026300	-26.272200
-0.026200	167.858002
-0.026100	70.792702
-0.026000	-103.924004
-0.025900	-6.859250
-0.025800	51.379700
-0.025700	-74.804703
-0.025600	-65.098198
-0.025500	51.379700
-0.025400	22.260201
-0.025300	12.553700
-0.025200	51.379700
-0.025100	12.553700
-0.025000	-123.336998
-0.024900	-181.576004
-0.024800	-26.272200
-0.024700	-26.272200
-0.024600	12.553700
-0.024500	-65.098198
-0.024400	-181.576004
-0.024300	-123.336998
-0.024200	-103.924004
-0.024100	-65.098198
-0.024000	12.553700
-0.023900	51.379700
-0.023800	51.379700
-0.023700	70.792702
-0.023600	12.553700
-0.023500	-26.272200
-0.023400	-65.098198
-0.023300	-26.272200
-0.023200	41.673199
-0.023100	51.379700
-0.023000	12.553700
-0.022900	-35.978699
-0.022800	-65.098198
-0.022700	12.553700
-0.022600	109.619003
-0.022500	90.205704
-0.022400	129.031998
-0.022300	187.270996
-0.022200	99.912201
-0.022100	12.553700
-0.022000	31.966700
-0.021900	31.966700
-0.021800	-65.098198
-0.021700	-103.924004
-0.021600	-74.804703
-0.021500	-65.098198
-0.021400	-45.685200
-0.021300	-65.098198
-0.021200	-65.098198
-0.021100	90.205704
-0.021000	187.270996
-0.020900	51.379700
-0.020800	-26.272200
-0.020700	31.966700
-0.020600	-6.859250
-0.020500	-45.685200
-0.020400	-45.685200
-0.020300	-6.859250
-0.020200	2.847240
-0.020100	-94.217697
-0.020000	-142.750000
-0.019900	-103.924004
-0.019800	-45.685200
-0.019700	-26.272200
-0.019600	-65.098198
-0.019500	-84.511200
-0.019400	12.553700
-0.019300	12.553700
-0.019200	-26.272200
-0.019100	2.847240
-0.019000	12.553700
-0.018900	-113.630997
-0.018800	-84.511200
-0.018700	-26.272200
-0.018600	51.379700
-0.018500	22.260201
-0.018400	31.966700
-0.018300	-26.272200
-0.018200	-103.924004
-0.018100	-45.685200
-0.018000	99.912201
-0.017900	31.966700
-0.017800	-103.924004
-0.017700	90.205704
-0.017600	167.858002
-0.017500	51.379700
-0.017400	-35.978699
-0.017300	-26.272200
-0.017200	-35.978699
-0.017100	-45.685200
-0.017000	12.553700
-0.016900	31.966700
-0.016800	-26.272200
-0.016700	-6.859250
-0.016600	70.792702
-0.016500	99.912201
-0.016400	90.205704
-0.016300	41.673199
-0.016200	-26.272200
-0.016100	-45.685200
-0.016000	2.847240
-0.015900	12.553700
-0.015800	90.205704
-0.015700	167.858002
-0.015600	12.553700
-0.015500	-123.336998
-0.015400	-65.098198
-0.015300	-26.272200
-0.015200	-123.336998
-0.015100	-65.098198
-0.015000	90.205704
-0.014900	80.499199
-0.014800	31.966700
-0.014700	51.379700
-0.014600	90.205704
-0.014500	129.031998
-0.014400	99.912201
-0.014300	-65.098198
-0.014200	12.553700
-0.014100	148.445007
-0.014000	90.205704
-0.013900	12.553700
-0.013800	12.553700
-0.013700	109.619003
-0.013600	80.499199
-0.013500	31.966700
-0.013400	-6.859250
-0.013300	-45.685200
-0.013200	-26.272200
-0.013100	70.792702
-0.013000	12.553700
-0.012900	-84.511200
-0.012800	-65.098198
-0.012700	-84.511200
-0.012600	-6.859250
-0.012500	80.499199
-0.012400	90.205704
-0.012300	12.553700
-0.012200	-65.098198
-0.012100	2.847240
-0.012000	12.553700
-0.011900	-45.685200
-0.011800	-65.098198
-0.011700	-65.098198
-0.011600	-133.044006
-0.011500	-74.804703
-0.011400	-181.576004
-0.011300	-103.924004
-0.011200	12.553700
-0.011100	-45.685200
-0.011000	-65.098198
-0.010900	80.499199
-0.010800	51.379700
-0.010700	-45.685200
-0.010600	12.553700
-0.010500	22.260201
-0.010400	-65.098198
-0.010300	12.553700
-0.010200	90.205704
-0.010100	51.379700
-0.010000	51.379700
-0.009900	51.379700
-0.009800	80.499199
-0.009700	51.379700
-0.009600	12.553700
-0.009500	-26.272200
-0.009400	12.553700
-0.009300	31.966700
-0.009200	-65.098198
-0.009100	-55.391701
-0.009000	70.792702
-0.008900	51.379700
-0.008800	31.966700
-0.008700	129.031998
-0.008600	61.086201
-0.008500	80.499199
-0.008400	99.912201
-0.008300	31.966700
-0.008200	12.553700
-0.008100	-45.685200
-0.008000	-35.978699
-0.007900	-94.217697
-0.007800	12.553700
-0.007700	109.619003
-0.007600	31.966700
-0.007500	-65.098198
-0.007400	-55.391701
-0.007300	22.260201
-0.007200	-26.272200
-0.007100	-103.924004
-0.007000	-123.336998
-0.006900	-45.685200
-0.006800	31.966700
-0.006700	129.031998
-0.006600	70.792702
-0.006500	-26.272200
-0.006400	90.205704
-0.006300	90.205704
-0.006200	51.379700
-0.006100	109.619003
-0.006000	119.324997
-0.005900	-26.272200
-0.005800	31.966700
-0.005700	31.966700
-0.005600	31.966700
-0.005500	-16.565701
-0.005400	-45.685200
-0.005300	-45.685200
-0.005200	-65.098198
-0.005100	-35.978699
-0.005000	-103.924004
-0.004900	-84.511200
-0.004800	-26.272200
-0.004700	-35.978699
-0.004600	-26.272200
-0.004500	31.966700
-0.004400	12.553700
-0.004300	-26.272200
-0.004200	-84.511200
-0.004100	-26.272200
-0.004000	31.966700
-0.003900	12.553700
-0.003800	51.379700
-0.003700	70.792702
-0.003600	-45.685200
-0.003500	-74.804703
-0.003400	-103.924004
-0.003300	-84.511200
-0.003200	-6.859250
-0.003100	109.619003
-0.003000	90.205704
-0.002900	-35.978699
-0.002800	-6.859250
-0.002700	206.684006
-0.002600	129.031998
-0.002500	70.792702
-0.002400	167.858002
-0.002300	158.151001
-0.002200	90.205704
-0.002100	129.031998
-0.002000	109.619003
-0.001900	129.031998
-0.001800	80.499199
-0.001700	-6.859250
-0.001600	51.379700
-0.001500	80.499199
-0.001400	90.205704
-0.001300	90.205704
-0.001200	-45.685200
-0.001100	-103.924004
-0.001000	-123.336998
-0.000900	-65.098198
-0.000800	-74.804703
-0.000700	-103.924004
-0.000600	-65.098198
-0.000500	-6.859250
-0.000400	51.379700
-0.000300	90.205704
-0.000200	-26.272200
-0.000100	-65.098198
0.000000	-65.098198
0.000100	-26.272200
0.000200	2.847240
0.000300	12.553700
0.000400	-65.098198
0.000500	-65.098198
0.000600	12.553700
0.000700	2.847240
0.000800	31.966700
0.000900	90.205704
0.001000	51.379700
0.001100	-65.098198
0.001200	-6.859250
0.001300	158.151001
0.001400	70.792702
0.001500	-65.098198
0.001600	12.553700
0.001700	99.912201
0.001800	51.379700
0.001900	31.966700
0.002000	2.847240
0.002100	-65.098198
0.002200	-45.685200
0.002300	12.553700
0.002400	-26.272200
0.002500	-45.685200
0.002600	12.553700
0.002700	148.445007
0.002800	284.335999
0.002900	31.966700
0.003000	-239.815002
0.003100	-45.685200
0.003200	167.858002
0.003300	129.031998
0.003400	-6.859250
0.003500	-142.750000
0.003600	-26.272200
0.003700	109.619003
0.003800	129.031998
0.003900	-26.272200
0.004000	-181.576004
0.004100	51.379700
0.004200	167.858002
0.004300	31.966700
0.004400	-103.924004
0.004500	12.553700
0.004600	187.270996
0.004700	31.966700
0.004800	-26.272200
0.004900	70.792702
0.005000	70.792702
0.005100	109.619003
0.005200	245.509995
0.005300	12.553700
0.005400	22.260201
0.005500	129.031998
0.005600	51.379700
0.005700	-26.272200
0.005800	51.379700
0.005900	51.379700
0.006000	-84.511200
0.006100	-103.924004
0.006200	-142.750000
0.006300	-142.750000
0.006400	-65.098198
0.006500	51.379700
0.006600	80.499199
0.006700	-45.685200
0.006800	-103.924004
0.006900	-142.750000
0.007000	-26.272200
0.007100	90.205704
0.007200	109.619003
0.007300	61.086201
0.007400	90.205704
0.007500	31.966700
0.007600	-103.924004
0.007700	-65.098198
0.007800	-113.630997
0.007900	-113.630997
0.008000	2.847240
0.008100	51.379700
0.008200	-65.098198
0.008300	-45.685200
0.008400	109.619003
0.008500	-35.978699
0.008600	-142.750000
0.008700	31.966700
0.008800	31.966700
0.008900	109.619003
0.009000	226.097000
0.009100	-45.685200
0.009200	-103.924004
0.009300	303.747986
0.009400	284.335999
0.009500	196.977005
0.009600	148.445007
0.009700	167.858002
0.009800	264.923004
0.009900	216.389999
0.010000	196.977005
0.010100	167.858002
0.010200	138.738007
0.010300	245.509995
0.010400	313.454987
0.010500	70.792702
0.010600	12.553700
0.010700	129.031998
0.010800	90.205704
0.010900	-181.576004
0.011000	-220.401993
0.011100	-103.924004
0.011200	90.205704
0.011300	41.673199
0.011400	109.619003
0.011500	109.619003
0.011600	187.270996
0.011700	206.684006
0.011800	206.684006
0.011900	245.509995
0.012000	31.966700
0.012100	-65.098198
0.012200	70.792702
0.012300	-74.804703
0.012400	-220.401993
0.012500	-200.988998
0.012600	-220.401993
0.012700	-123.336998
0.012800	-162.162994
0.012900	-45.685200
0.013000	187.270996
0.013100	177.563995
0.013200	90.205704
0.013300	-103.924004
0.013400	-26.272200
0.013500	206.684006
0.013600	245.509995
0.013700	-103.924004
0.013800	-103.924004
0.013900	381.399994
0.014000	643.476013
0.014100	653.182007
0.014200	546.411011
0.014300	750.247009
0.014400	886.138000
0.014500	789.072998
0.014600	1022.030029
0.014700	1022.030029
0.014800	711.421021
0.014900	653.182007
0.015000	924.963989
0.015100	1022.030029
0.015200	730.833984
0.015300	546.411011
0.015400	196.977005
0.015500	-181.576004
0.015600	2.847240
0.015700	-433.945007
0.015800	-919.270020
0.015900	-1307.530029
0.016000	-1676.380005
0.016100	-1802.560059
0.016200	-1656.959961
0.016300	-1346.359985
0.016400	-1278.410034
0.016500	-1346.359985
0.016600	-1152.229980
0.016700	-861.031006
0.016800	-851.323975
0.016900	-802.791992
0.017000	-666.901001
0.017100	-725.140015
0.017200	-880.443970
0.017300	-763.966003
0.017400	-259.227997
0.017500	-45.685200
0.017600	51.379700
0.017700	206.684006
0.017800	284.335999
0.017900	497.877991
0.018000	633.768982
0.018100	779.367004
0.018200	750.247009
0.018300	672.594971
0.018400	682.302002
0.018500	876.432007
0.018600	973.495972
0.018700	798.780029
0.018800	827.898987
0.018900	624.062988
0.019000	478.464996
0.019100	400.812988
0.019200	90.205704
0.019300	-65.098198
0.019400	-162.162994
0.019500	-579.541992
0.019600	-851.323975
0.019700	-725.140015
0.019800	-608.661987
0.019900	-657.193970
0.020000	-841.617981
0.020100	-686.314026
0.020200	-569.835999
0.020300	-763.966003
0.020400	-822.205017
0.020500	-686.314026
0.020600	-531.010010
0.020700	-395.118988
0.020800	-404.825012
0.020900	-336.880005
0.021000	-142.750000
0.021100	-142.750000
0.021200	-220.401993
0.021300	-220.401993
0.021400	-259.227997
0.021500	31.966700
0.021600	517.291016
0.021700	827.898987
0.021800	857.018982
0.021900	983.203003
0.022000	1157.920044
0.022100	1041.439941
0.022200	1041.439941
0.022300	944.377014
0.022400	827.898987
0.022500	750.247009
0.022600	381.399994
0.022700	167.858002
0.022800	167.858002
0.022900	206.684006
0.023000	31.966700
0.023100	-259.227997
0.023200	-84.511200
0.023300	-239.815002
0.023400	-259.227997
0.023500	-220.401993
0.023600	-239.815002
0.023700	-142.750000
0.023800	-142.750000
0.023900	-200.988998
0.024000	-298.053986
0.024100	-259.227997
0.024200	-181.576004
0.024300	-268.934998
0.024400	-608.661987
0.024500	-773.671997
0.024600	-579.541992
0.024700	-531.010010
0.024800	-569.835999
0.024900	-569.835999
0.025000	-608.661987
0.025100	-569.835999
0.025200	-278.640991
0.025300	90.205704
0.025400	187.270996
0.025500	303.747986
0.025600	692.007996
0.025700	827.898987
0.025800	633.768982
0.025900	653.182007
0.026000	711.421021
0.026100	789.072998
0.026200	1041.439941
0.026300	1060.849976
0.026400	789.072998
0.026500	905.551025
0.026600	1109.390015
0.026700	1099.680054
0.026800	1022.030029
0.026900	983.203003
0.027000	1109.390015
0.027100	1002.619995
0.027200	692.007996
0.027300	439.639008
0.027400	323.161011
0.027500	-45.685200
0.027600	-298.053986
0.027700	-628.075012
0.027800	-861.031006
0.027900	-880.443970
0.028000	-1093.989990
0.028100	-1268.699951
0.028200	-1326.939941
0.028300	-1346.359985
0.028400	-1152.229980
0.028500	-763.966003
0.028600	-589.249023
0.028700	-569.835999
0.028800	-375.705994
0.028900	-608.661987
0.029000	-744.552979
0.029100	-375.705994
0.029200	-268.934998
0.029300	-278.640991
0.029400	-142.750000
0.029500	-171.869995
0.029600	-220.401993
0.029700	-298.053986
0.029800	-45.685200
0.029900	-103.924004
0.030000	-191.283005
0.030100	206.684006
0.030200	109.619003
0.030300	-103.924004
0.030400	158.151001
0.030500	381.399994
0.030600	459.052002
0.030700	546.411011
0.030800	536.703979
0.030900	245.509995
0.031000	245.509995
0.031100	478.464996
0.031200	497.877991
0.031300	536.703979
0.031400	653.182007
0.031500	284.335999
0.031600	70.792702
0.031700	70.792702
0.031800	70.792702
0.031900	70.792702
0.032000	31.966700
0.032100	-288.347992
0.032200	-472.770996
0.032300	-356.292999
0.032400	-336.880005
0.032500	-336.880005
0.032600	-414.532013
0.032700	-589.249023
0.032800	-598.955017
0.032900	-511.596985
0.033000	-336.880005
0.033100	-103.924004
0.033200	-103.924004
0.033300	-259.227997
0.033400	-162.162994
0.033500	-26.272200
0.033600	-142.750000
0.033700	12.553700
0.033800	284.335999
0.033900	323.161011
0.034000	556.117004
0.034100	847.312012
0.034200	769.659973
0.034300	653.182007
0.034400	478.464996
0.034500	381.399994
0.034600	361.987000
0.034700	119.324997
0.034800	-45.685200
0.034900	-103.924004
0.035000	-200.988998
0.035100	-113.630997
0.035200	-65.098198
0.035300	-123.336998
0.035400	-123.336998
0.035500	-142.750000
0.035600	-259.227997
0.035700	-317.467010
0.035800	-74.804703
0.035900	167.858002
0.036000	342.574005
0.036100	342.574005
0.036200	323.161011
0.036300	468.759003
0.036400	682.302002
0.036500	886.138000
0.036600	963.789978
0.036700	827.898987
0.036800	420.226013
0.036900	439.639008
0.037000	614.356018
0.037100	284.335999
0.037200	-123.336998
0.037300	-414.532013
0.037400	-666.901001
0.037500	-841.617981
0.037600	-928.976013
0.037700	-773.671997
0.037800	-977.507996
0.037900	-1035.750000
0.038000	-686.314026
0.038100	-628.075012
0.038200	-880.443970
0.038300	-783.379028
0.038400	-569.835999
0.038500	-569.835999
0.038600	-501.890015
0.038700	-531.010010
0.038800	-686.314026
0.038900	-453.358002
0.039000	-268.934998
0.039100	-356.292999
0.039200	-336.880005
0.039300	-336.880005
0.039400	-220.401993
0.039500	-142.750000
0.039600	-65.098198
0.039700	90.205704
0.039800	70.792702
0.039900	90.205704
0.040000	-55.391701
0.040100	-181.576004
0.040200	158.151001
0.040300	575.530029
0.040400	721.127991
0.040500	730.833984
0.040600	789.072998
0.040700	827.898987
0.040800	944.377014
0.040900	886.138000
0.041000	750.247009
0.041100	536.703979
0.041200	381.399994
0.041300	264.923004
0.041400	536.703979
0.041500	594.942993
0.041600	342.574005
0.041700	235.802994
0.041800	31.966700
0.041900	31.966700
0.042000	187.270996
0.042100	51.379700
0.042200	109.619003
0.042300	90.205704
0.042400	12.553700
0.042500	-220.401993
0.042600	-181.576004
0.042700	-162.162994
0.042800	-26.272200
0.042900	-65.098198
0.043000	-162.162994
0.043100	-65.098198
0.043200	-65.098198
0.043300	-162.162994
0.043400	12.553700
0.043500	-181.576004
0.043600	-647.487976
0.043700	-589.249023
0.043800	-550.422974
0.043900	-511.596985
0.044000	-531.010010
0.044100	-802.791992
0.044200	-948.388977
0.044300	-589.249023
0.044400	-375.705994
0.044500	-336.880005
0.044600	-346.585999
0.044700	-239.815002
0.044800	-26.272200
0.044900	70.792702
0.045000	226.097000
0.045100	633.768982
0.045200	653.182007
0.045300	439.639008
0.045400	420.226013
0.045500	264.923004
0.045600	187.270996
0.045700	507.584991
0.045800	400.812988
0.045900	264.923004
0.046000	323.161011
0.046100	497.877991
0.046200	507.584991
0.046300	167.858002
0.046400	-45.685200
0.046500	187.270996
0.046600	255.216003
0.046700	-45.685200
0.046800	-84.511200
0.046900	-103.924004
0.047000	-142.750000
0.047100	12.553700
0.047200	-200.988998
0.047300	-385.411987
0.047400	-356.292999
0.047500	-336.880005
0.047600	-288.347992
0.047700	-65.098198
0.047800	-45.685200
0.047900	-142.750000
0.048000	-65.098198
0.048100	-45.685200
0.048200	-162.162994
0.048300	-220.401993
0.048400	-142.750000
0.048500	-123.336998
0.048600	-307.760986
0.048700	-142.750000
0.048800	22.260201
0.048900	-65.098198
0.049000	2.847240
0.049100	284.335999
0.049200	245.509995
0.049300	51.379700
0.049400	-26.272200
0.049500	129.031998
0.049600	187.270996
0.049700	167.858002
0.049800	177.563995
0.049900	167.858002
0.050000	51.379700
0.050100	-26.272200
0.050200	90.205704
0.050300	167.858002
0.050400	-35.978699
0.050500	-278.640991
0.050600	-414.532013
0.050700	-550.422974
0.050800	-511.596985
0.050900	-259.227997
0.051000	-298.053986
0.051100	-230.108994
0.051200	31.966700
0.051300	-142.750000
0.051400	-298.053986
0.051500	-26.272200
0.051600	284.335999
0.051700	70.792702
0.051800	167.858002
0.051900	342.574005
0.052000	303.747986
0.052100	361.987000
0.052200	478.464996
0.052300	226.097000
0.052400	-26.272200
0.052500	90.205704
0.052600	158.151001
0.052700	-103.924004
0.052800	-200.988998
0.052900	-142.750000
0.053000	-220.401993
0.053100	-191.283005
0.053200	-152.457001
0.053300	-220.401993
0.053400	-142.750000
0.053500	-94.217697
0.053600	-45.685200
0.053700	-26.272200
0.053800	-123.336998
0.053900	-103.924004
0.054000	-103.924004
0.054100	-239.815002
0.054200	-142.750000
0.054300	-142.750000
0.054400	-259.227997
0.054500	-259.227997
0.054600	-74.804703
0.054700	70.792702
0.054800	129.031998
0.054900	51.379700
0.055000	51.379700
0.055100	361.987000
0.055200	400.812988
0.055300	90.205704
0.055400	90.205704
0.055500	284.335999
0.055600	274.628998
0.055700	167.858002
0.055800	167.858002
0.055900	90.205704
0.056000	51.379700
0.056100	51.379700
0.056200	51.379700
0.056300	-84.511200
0.056400	-65.098198
0.056500	-84.511200
0.056600	109.619003
0.056700	245.509995
0.056800	284.335999
0.056900	361.987000
0.057000	371.694000
0.057100	323.161011
0.057200	323.161011
0.057300	245.509995
0.057400	80.499199
0.057500	41.673199
0.057600	41.673199
0.057700	12.553700
0.057800	2.847240
0.057900	70.792702
0.058000	41.673199
0.058100	41.673199
0.058200	90.205704
0.058300	-74.804703
0.058400	-142.750000
0.058500	-200.988998
0.058600	-268.934998
0.058700	-200.988998
0.058800	-84.511200
0.058900	-191.283005
0.059000	-298.053986
0.059100	-230.108994
0.059200	-181.576004
0.059300	-220.401993
0.059400	-200.988998
0.059500	-123.336998
0.059600	-103.924004
0.059700	-123.336998
0.059800	-230.108994
0.059900	-181.576004
0.060000	-181.576004
0.060100	-268.934998
0.060200	-200.988998
0.060300	-103.924004
0.060400	-181.576004
0.060500	-259.227997
0.060600	-45.685200
0.060700	99.912201
0.060800	167.858002
0.060900	342.574005
0.061000	459.052002
0.061100	361.987000
0.061200	245.509995
0.061300	264.923004
0.061400	439.639008
0.061500	400.812988
0.061600	245.509995
0.061700	90.205704
0.061800	70.792702
0.061900	90.205704
0.062000	206.684006
0.062100	148.445007
0.062200	-84.511200
0.062300	2.847240
0.062400	177.563995
0.062500	129.031998
0.062600	51.379700
0.062700	-103.924004
0.062800	-55.391701
0.062900	-45.685200
0.063000	-181.576004
0.063100	-317.467010
0.063200	-356.292999
0.063300	-356.292999
0.063400	-317.467010
0.063500	-317.467010
0.063600	-317.467010
0.063700	-336.880005
0.063800	-375.705994
0.063900	-259.227997
0.064000	-35.978699
0.064100	-26.272200
0.064200	-191.283005
0.064300	-239.815002
0.064400	-103.924004
0.064500	-74.804703
0.064600	-181.576004
0.064700	-26.272200
0.064800	90.205704
0.064900	129.031998
0.065000	158.151001
0.065100	206.684006
0.065200	206.684006
0.065300	167.858002
0.065400	235.802994
0.065500	235.802994
0.065600	226.097000
0.065700	303.747986
0.065800	284.335999
0.065900	284.335999
0.066000	361.987000
0.066100	342.574005
0.066200	313.454987
0.066300	323.161011
0.066400	400.812988
0.066500	361.987000
0.066600	284.335999
0.066700	206.684006
0.066800	90.205704
0.066900	-65.098198
0.067000	-162.162994
0.067100	-171.869995
0.067200	-162.162994
0.067300	-220.401993
0.067400	-298.053986
0.067500	-336.880005
0.067600	-375.705994
0.067700	-327.173004
0.067800	-346.585999
0.067900	-385.411987
0.068000	-220.401993
0.068100	-123.336998
0.068200	-142.750000
0.068300	-142.750000
0.068400	-123.336998
0.068500	-103.924004
0.068600	-26.272200
0.068700	90.205704
0.068800	80.499199
0.068900	22.260201
0.069000	70.792702
0.069100	90.205704
0.069200	167.858002
0.069300	245.509995
0.069400	264.923004
0.069500	245.509995
0.069600	129.031998
0.069700	119.324997
0.069800	119.324997
0.069900	167.858002
0.070000	129.031998
0.070100	51.379700
0.070200	-65.098198
0.070300	-45.685200
0.070400	41.673199
0.070500	-26.272200
0.070600	-103.924004
0.070700	12.553700
0.070800	129.031998
0.070900	70.792702
0.071000	90.205704
0.071100	129.031998
0.071200	167.858002
0.071300	51.379700
0.071400	-26.272200
0.071500	12.553700
0.071600	-123.336998
0.071700	-181.576004
0.071800	-181.576004
0.071900	-142.750000
0.072000	-65.098198
0.072100	-45.685200
0.072200	-45.685200
0.072300	-45.685200
0.072400	2.847240
0.072500	-26.272200
0.072600	-45.685200
0.072700	51.379700
0.072800	51.379700
0.072900	-26.272200
0.073000	-35.978699
0.073100	31.966700
0.073200	31.966700
0.073300	-103.924004
0.073400	-142.750000
0.073500	-142.750000
0.073600	-103.924004
0.073700	-74.804703
0.073800	-103.924004
0.073900	-103.924004
0.074000	-123.336998
0.074100	-103.924004
0.074200	-26.272200
0.074300	-103.924004
0.074400	-133.044006
0.074500	-84.511200
0.074600	-45.685200
0.074700	51.379700
0.074800	12.553700
0.074900	-103.924004
0.075000	-103.924004
0.075100	-65.098198
0.075200	-35.978699
0.075300	-6.859250
0.075400	-74.804703
0.075500	-181.576004
0.075600	-181.576004
0.075700	-142.750000
0.075800	-191.283005
0.075900	-65.098198
0.076000	99.912201
0.076100	167.858002
0.076200	99.912201
0.076300	90.205704
0.076400	70.792702
0.076500	51.379700
0.076600	148.445007
0.076700	323.161011
0.076800	400.812988
0.076900	216.389999
0.077000	206.684006
0.077100	264.923004
0.077200	226.097000
0.077300	323.161011
0.077400	206.684006
0.077500	109.619003
0.077600	90.205704
0.077700	-26.272200
0.077800	-103.924004
0.077900	-200.988998
0.078000	-220.401993
0.078100	-142.750000
0.078200	-123.336998
0.078300	51.379700
0.078400	109.619003
0.078500	2.847240
0.078600	31.966700
0.078700	90.205704
0.078800	-6.859250
0.078900	-45.685200
0.079000	51.379700
0.079100	70.792702
0.079200	41.673199
0.079300	90.205704
0.079400	226.097000
0.079500	90.205704
0.079600	-45.685200
0.079700	51.379700
0.079800	51.379700
0.079900	-26.272200
0.080000	51.379700
0.080100	70.792702
0.080200	2.847240
0.080300	2.847240
0.080400	80.499199
0.080500	109.619003
0.080600	12.553700
0.080700	-6.859250
0.080800	31.966700
0.080900	41.673199
0.081000	-6.859250
0.081100	70.792702
0.081200	51.379700
0.081300	-6.859250
0.081400	-65.098198
0.081500	22.260201
0.081600	31.966700
0.081700	41.673199
0.081800	2.847240
0.081900	-103.924004
0.082000	-142.750000
0.082100	-26.272200
0.082200	90.205704
0.082300	31.966700
0.082400	109.619003
0.082500	99.912201
0.082600	-65.098198
0.082700	-103.924004
0.082800	-65.098198
0.082900	51.379700
0.083000	31.966700
0.083100	-65.098198
0.083200	-35.978699
0.083300	-84.511200
0.083400	-142.750000
0.083500	-103.924004
0.083600	-103.924004
0.083700	-74.804703
0.083800	51.379700
0.083900	109.619003
0.084000	90.205704
0.084100	51.379700
0.084200	51.379700
0.084300	51.379700
0.084400	51.379700
0.084500	-26.272200
0.084600	-45.685200
0.084700	-45.685200
0.084800	-84.511200
0.084900	-26.272200
0.085000	12.553700
0.085100	51.379700
0.085200	61.086201
0.085300	129.031998
0.085400	51.379700
0.085500	12.553700
0.085600	31.966700
0.085700	90.205704
0.085800	129.031998
0.085900	148.445007
0.086000	61.086201
0.086100	-65.098198
0.086200	-103.924004
0.086300	-103.924004
0.086400	-45.685200
0.086500	-65.098198
0.086600	-103.924004
0.086700	-45.685200
0.086800	-103.924004
0.086900	-65.098198
0.087000	12.553700
0.087100	-65.098198
0.087200	-162.162994
0.087300	-103.924004
0.087400	-94.217697
0.087500	-142.750000
0.087600	-103.924004
0.087700	12.553700
0.087800	90.205704
0.087900	22.260201
0.088000	-45.685200
0.088100	12.553700
0.088200	12.553700
0.088300	-26.272200
0.088400	-103.924004
0.088500	-74.804703
0.088600	-26.272200
0.088700	-45.685200
0.088800	-103.924004
0.088900	-35.978699
0.089000	-26.272200
0.089100	-142.750000
0.089200	-123.336998
0.089300	-103.924004
0.089400	-74.804703
0.089500	-26.272200
0.089600	12.553700
0.089700	31.966700
0.089800	12.553700
0.089900	12.553700
0.090000	51.379700
0.090100	31.966700
0.090200	12.553700
0.090300	80.499199
0.090400	167.858002
0.090500	187.270996
0.090600	51.379700
0.090700	70.792702
0.090800	109.619003
0.090900	129.031998
0.091000	148.445007
0.091100	129.031998
0.091200	51.379700
0.091300	22.260201
0.091400	2.847240
0.091500	-26.272200
0.091600	51.379700
0.091700	167.858002
0.091800	129.031998
0.091900	-26.272200
0.092000	51.379700
0.092100	90.205704
0.092200	31.966700
0.092300	41.673199
0.092400	51.379700
0.092500	70.792702
0.092600	90.205704
0.092700	148.445007
0.092800	99.912201
0.092900	-26.272200
0.093000	-65.098198
0.093100	129.031998
0.093200	129.031998
0.093300	51.379700
0.093400	167.858002
0.093500	51.379700
0.093600	51.379700
0.093700	109.619003
0.093800	196.977005
0.093900	12.553700
0.094000	12.553700
0.094100	109.619003
0.094200	129.031998
0.094300	12.553700
0.094400	2.847240
0.094500	-26.272200
0.094600	-103.924004
0.094700	-65.098198
0.094800	-6.859250
0.094900	-103.924004
0.095000	-142.750000
0.095100	12.553700
0.095200	70.792702
0.095300	51.379700
0.095400	22.260201
0.095500	-26.272200
0.095600	-6.859250
0.095700	-26.272200
0.095800	-65.098198
0.095900	51.379700
0.096000	51.379700
0.096100	12.553700
0.096200	-45.685200
0.096300	31.966700
0.096400	90.205704
0.096500	51.379700
0.096600	-16.565701
0.096700	51.379700
0.096800	70.792702
0.096900	12.553700
0.097000	51.379700
0.097100	119.324997
0.097200	-26.272200
0.097300	-103.924004
0.097400	-181.576004
0.097500	-103.924004
0.097600	-65.098198
0.097700	-84.511200
0.097800	51.379700
0.097900	12.553700
0.098000	-84.511200
0.098100	12.553700
0.098200	12.553700
0.098300	-113.630997
0.098400	-84.511200
0.098500	-6.859250
0.098600	-6.859250
0.098700	-55.391701
0.098800	-45.685200
0.098900	12.553700
0.099000	12.553700
0.099100	51.379700
0.099200	51.379700
0.099300	51.379700
0.099400	41.673199
0.099500	-65.098198
0.099600	-103.924004
0.099700	-45.685200
0.099800	41.673199
0.099900	70.792702
0.100000	109.619003
0.100100	31.966700
0.100200	12.553700
0.100300	-113.630997
0.100400	-103.924004
0.100500	70.792702
0.100600	51.379700
0.100700	-6.859250
0.100800	129.031998
0.100900	70.792702
0.101000	-45.685200
0.101100	51.379700
0.101200	177.563995
0.101300	51.379700
0.101400	51.379700
0.101500	2.847240
0.101600	12.553700
0.101700	-35.978699
0.101800	-6.859250
0.101900	-6.859250
0.102000	-26.272200
0.102100	12.553700
0.102200	51.379700
0.102300	2.847240
0.102400	-45.685200
0.102500	12.553700
0.102600	2.847240
0.102700	-16.565701
0.102800	31.966700
0.102900	80.499199
0.103000	129.031998
0.103100	158.151001
0.103200	70.792702
0.103300	51.379700
0.103400	-26.272200
0.103500	51.379700
0.103600	90.205704
0.103700	138.738007
0.103800	80.499199
0.103900	12.553700
0.104000	51.379700
0.104100	31.966700
0.104200	51.379700
0.104300	99.912201
0.104400	31.966700
0.104500	-103.924004
0.104600	-6.859250
0.104700	12.553700
0.104800	-65.098198
0.104900	-26.272200
0.105000	-26.272200
0.105100	51.379700
0.105200	51.379700
0.105300	-6.859250
0.105400	31.966700
0.105500	61.086201
0.105600	90.205704
0.105700	51.379700
0.105800	-45.685200
0.105900	-103.924004
0.106000	-142.750000
0.106100	-142.750000
0.106200	12.553700
0.106300	-45.685200
0.106400	-45.685200
0.106500	-74.804703
0.106600	-65.098198
0.106700	12.553700
0.106800	12.553700
0.106900	-65.098198
0.107000	-65.098198
0.107100	-45.685200
0.107200	-84.511200
0.107300	-6.859250
0.107400	12.553700
0.107500	-152.457001
0.107600	-103.924004
0.107700	12.553700
0.107800	12.553700
0.107900	-45.685200
0.108000	2.847240
0.108100	-65.098198
0.108200	2.847240
0.108300	177.563995
0.108400	51.379700
0.108500	-123.336998
0.108600	-45.685200
0.108700	90.205704
0.108800	-45.685200
0.108900	-65.098198
0.109000	90.205704
0.109100	148.445007
0.109200	12.553700
0.109300	12.553700
0.109400	31.966700
0.109500	-74.804703
0.109600	70.792702
0.109700	129.031998
0.109800	80.499199
0.109900	-26.272200
0.110000	90.205704
0.110100	109.619003
0.110200	-55.391701
0.110300	-45.685200
0.110400	22.260201
0.110500	-6.859250
0.110600	-84.511200
0.110700	-65.098198
0.110800	-65.098198
0.110900	-65.098198
0.111000	-26.272200
0.111100	-26.272200
0.111200	-103.924004
0.111300	-103.924004
0.111400	-74.804703
0.111500	-65.098198
0.111600	-103.924004
0.111700	-74.804703
0.111800	51.379700
0.111900	-45.685200
0.112000	-6.859250
0.112100	-26.272200
0.112200	12.553700
0.112300	80.499199
0.112400	51.379700
0.112500	12.553700
0.112600	51.379700
0.112700	99.912201
0.112800	51.379700
0.112900	-6.859250
0.113000	70.792702
0.113100	90.205704
0.113200	-26.272200
0.113300	12.553700
0.113400	61.086201
0.113500	-6.859250
0.113600	51.379700
0.113700	-6.859250
0.113800	31.966700
0.113900	-45.685200
0.114000	-103.924004
0.114100	31.966700
0.114200	61.086201
0.114300	-65.098198
0.114400	31.966700
0.114500	119.324997
0.114600	119.324997
0.114700	-65.098198
0.114800	-142.750000
0.114900	-55.391701
0.115000	-6.859250
0.115100	22.260201
0.115200	119.324997
0.115300	51.379700
0.115400	51.379700
0.115500	-35.978699
0.115600	51.379700
0.115700	51.379700
0.115800	41.673199
0.115900	109.619003
0.116000	90.205704
0.116100	51.379700
0.116200	90.205704
0.116300	148.445007
0.116400	-26.272200
0.116500	-45.685200
0.116600	-26.272200
0.116700	-45.685200
0.116800	-123.336998
0.116900	-103.924004
0.117000	-65.098198
0.117100	-103.924004
0.117200	-65.098198
0.117300	-103.924004
0.117400	-45.685200
0.117500	-103.924004
0.117600	-103.924004
0.117700	-26.272200
0.117800	-55.391701
0.117900	-142.750000
0.118000	22.260201
0.118100	-6.859250
0.118200	-162.162994
0.118300	-74.804703
0.118400	-26.272200
0.118500	-103.924004
0.118600	-65.098198
0.118700	51.379700
0.118800	51.379700
0.118900	-26.272200
0.119000	-65.098198
0.119100	-45.685200
0.119200	-103.924004
0.119300	-171.869995
0.119400	-103.924004
0.119500	-6.859250
0.119600	-35.978699
0.119700	51.379700
0.119800	2.847240
0.119900	12.553700
0.120000	90.205704
0.120100	109.619003
0.120200	70.792702
0.120300	-45.685200
0.120400	-65.098198
0.120500	22.260201
0.120600	70.792702
0.120700	22.260201
0.120800	-26.272200
0.120900	-84.511200
0.121000	-84.511200
0.121100	12.553700
0.121200	129.031998
0.121300	51.379700
0.121400	80.499199
0.121500	109.619003
0.121600	51.379700
0.121700	51.379700
0.121800	167.858002
0.121900	90.205704
0.122000	12.553700
0.122100	12.553700
0.122200	-26.272200
0.122300	70.792702
0.122400	90.205704
0.122500	51.379700
0.122600	-6.859250
0.122700	-123.336998
0.122800	-26.272200
0.122900	90.205704
0.123000	80.499199
0.123100	2.847240
0.123200	51.379700
0.123300	51.379700
0.123400	12.553700
0.123500	-65.098198
0.123600	129.031998
0.123700	167.858002
0.123800	90.205704
0.123900	70.792702
0.124000	12.553700
0.124100	12.553700
0.124200	109.619003
0.124300	177.563995
0.124400	41.673199
0.124500	51.379700
0.124600	158.151001
0.124700	129.031998
0.124800	51.379700
0.124900	-26.272200
0.125000	-84.511200
0.125100	-45.685200
0.125200	31.966700
0.125300	-26.272200
0.125400	-103.924004
0.125500	-103.924004
0.125600	-26.272200
0.125700	51.379700
0.125800	109.619003
0.125900	12.553700
0.126000	-65.098198
0.126100	12.553700
0.126200	51.379700
0.126300	31.966700
0.126400	-103.924004
0.126500	-152.457001
0.126600	-103.924004
0.126700	-26.272200
0.126800	-65.098198
0.126900	-26.272200
0.127000	90.205704
0.127100	51.379700
0.127200	-84.511200
0.127300	-181.576004
0.127400	-26.272200
0.127500	80.499199
0.127600	80.499199
0.127700	51.379700
0.127800	-35.978699
0.127900	-142.750000
0.128000	-45.685200
0.128100	-6.859250
0.128200	-84.511200
0.128300	-84.511200
0.128400	-45.685200
0.128500	-103.924004
0.128600	-181.576004
0.128700	-65.098198
0.128800	-45.685200
0.128900	-84.511200
0.129000	31.966700
0.129100	109.619003
0.129200	12.553700
0.129300	-103.924004
0.129400	-26.272200
0.129500	119.324997
0.129600	51.379700
0.129700	-6.859250
0.129800	51.379700
0.129900	12.553700
0.130000	-6.859250
0.130100	61.086201
0.130200	-26.272200
0.130300	-103.924004
0.130400	-26.272200
0.130500	41.673199
0.130600	-26.272200
0.130700	-26.272200
0.130800	12.553700
0.130900	51.379700
0.131000	51.379700
0.131100	31.966700
0.131200	31.966700
0.131300	-26.272200
0.131400	51.379700
0.131500	109.619003
0.131600	187.270996
0.131700	177.563995
0.131800	90.205704
0.131900	148.445007
0.132000	148.445007
0.132100	31.966700
0.132200	12.553700
0.132300	90.205704
0.132400	138.738007
0.132500	119.324997
0.132600	51.379700
0.132700	-45.685200
0.132800	-123.336998
0.132900	-103.924004
0.133000	-123.336998
0.133100	-162.162994
0.133200	-65.098198
0.133300	51.379700
0.133400	-26.272200
0.133500	-181.576004
0.133600	-181.576004
0.133700	-103.924004
0.133800	-74.804703
0.133900	51.379700
0.134000	31.966700
0.134100	-6.859250
0.134200	-84.511200
0.134300	-84.511200
0.134400	-45.685200
0.134500	-26.272200
0.134600	-65.098198
0.134700	-26.272200
0.134800	51.379700
0.134900	-26.272200
0.135000	-35.978699
0.135100	-142.750000
0.135200	-84.511200
0.135300	90.205704
0.135400	99.912201
0.135500	31.966700
0.135600	31.966700
0.135700	90.205704
0.135800	90.205704
0.135900	99.912201
0.136000	61.086201
0.136100	12.553700
0.136200	51.379700
0.136300	99.912201
0.136400	51.379700
0.136500	-65.098198
0.136600	-35.978699
0.136700	51.379700
0.136800	12.553700
0.136900	-65.098198
0.137000	-26.272200
0.137100	-65.098198
0.137200	-142.750000
0.137300	-16.565701
0.137400	41.673199
0.137500	-45.685200
0.137600	-103.924004
0.137700	22.260201
0.137800	51.379700
0.137900	51.379700
0.138000	90.205704
0.138100	51.379700
0.138200	-26.272200
0.138300	51.379700
0.138400	51.379700
0.138500	41.673199
0.138600	12.553700
0.138700	51.379700
0.138800	12.553700
0.138900	-65.098198
0.139000	51.379700
0.139100	109.619003
0.139200	51.379700
0.139300	12.553700
0.139400	90.205704
0.139500	-45.685200
0.139600	-74.804703
0.139700	31.966700
0.139800	70.792702
0.139900	-26.272200
0.140000	-6.859250
0.140100	22.260201
0.140200	-6.859250
0.140300	2.847240
0.140400	-26.272200
0.140500	-103.924004
0.140600	-6.859250
0.140700	158.151001
0.140800	109.619003
0.140900	-45.685200
0.141000	-26.272200
0.141100	31.966700
0.141200	51.379700
0.141300	51.379700
0.141400	31.966700
0.141500	51.379700
0.141600	90.205704
0.141700	51.379700
0.141800	41.673199
0.141900	-35.978699
0.142000	-74.804703
0.142100	-123.336998
0.142200	-123.336998
0.142300	-84.511200
0.142400	31.966700
0.142500	31.966700
0.142600	12.553700
0.142700	90.205704
0.142800	129.031998
0.142900	61.086201
0.143000	-26.272200
0.143100	-26.272200
0.143200	51.379700
0.143300	90.205704
0.143400	12.553700
0.143500	51.379700
0.143600	129.031998
0.143700	70.792702
0.143800	-6.859250
0.143900	-6.859250
0.144000	-35.978699
0.144100	-55.391701
0.144200	-113.630997
0.144300	-123.336998
0.144400	-103.924004
0.144500	-45.685200
0.144600	-26.272200
0.144700	-65.098198
0.144800	-45.685200
0.144900	-45.685200
0.145000	-74.804703
0.145100	-6.859250
0.145200	109.619003
0.145300	90.205704
0.145400	70.792702
0.145500	-26.272200
0.145600	31.966700
0.145700	2.847240
0.145800	-65.098198
0.145900	-84.511200
0.146000	-16.565701
0.146100	-6.859250
0.146200	-65.098198
0.146300	70.792702
0.146400	31.966700
0.146500	-45.685200
0.146600	-45.685200
0.146700	-65.098198
0.146800	-65.098198
0.146900	31.966700
0.147000	129.031998
0.147100	41.673199
0.147200	31.966700
0.147300	12.553700
0.147400	-26.272200
0.147500	-16.565701
0.147600	90.205704
0.147700	206.684006
0.147800	206.684006
0.147900	41.673199
0.148000	-45.685200
0.148100	-26.272200
0.148200	12.553700
0.148300	51.379700
0.148400	-45.685200
0.148500	-6.859250
0.148600	70.792702
0.148700	51.379700
0.148800	90.205704
0.148900	61.086201
0.149000	-123.336998
0.149100	-200.988998
0.149200	-6.859250
0.149300	51.379700
0.149400	-45.685200
0.149500	-84.511200
0.149600	-26.272200
0.149700	51.379700
0.149800	51.379700
0.149900	31.966700
0.150000	-55.391701
0.150100	-74.804703
0.150200	-26.272200
0.150300	-84.511200
0.150400	-84.511200
0.150500	12.553700
0.150600	158.151001
0.150700	167.858002
0.150800	51.379700
0.150900	90.205704
0.151000	90.205704
0.151100	2.847240
0.151200	31.966700
0.151300	51.379700
0.151400	-35.978699
0.151500	-74.804703
0.151600	-6.859250
0.151700	31.966700
0.151800	-74.804703
0.151900	-103.924004
0.152000	-162.162994
0.152100	-220.401993
0.152200	-103.924004
0.152300	129.031998
0.152400	119.324997
0.152500	-123.336998
0.152600	-123.336998
0.152700	-94.217697
0.152800	-45.685200
0.152900	-26.272200
0.153000	-45.685200
0.153100	-123.336998
0.153200	-162.162994
0.153300	-123.336998
0.153400	-103.924004
0.153500	2.847240
0.153600	90.205704
0.153700	31.966700
0.153800	2.847240
0.153900	12.553700
0.154000	51.379700
0.154100	51.379700
0.154200	2.847240
0.154300	12.553700
0.154400	51.379700
0.154500	80.499199
0.154600	109.619003
0.154700	90.205704
0.154800	-26.272200
0.154900	22.260201
0.155000	109.619003
0.155100	31.966700
0.155200	12.553700
0.155300	90.205704
0.155400	51.379700
0.155500	-35.978699
0.155600	-74.804703
0.155700	-6.859250
0.155800	-26.272200
0.155900	-65.098198
0.156000	-142.750000
0.156100	-65.098198
0.156200	2.847240
0.156300	-94.217697
0.156400	-103.924004
0.156500	-55.391701
0.156600	12.553700
0.156700	109.619003
0.156800	187.270996
0.156900	31.966700
0.157000	-45.685200
0.157100	51.379700
0.157200	51.379700
0.157300	-84.511200
0.157400	-45.685200
0.157500	70.792702
0.157600	12.553700
0.157700	-6.859250
0.157800	12.553700
0.157900	129.031998
0.158000	70.792702
0.158100	-45.685200
0.158200	-65.098198
0.158300	2.847240
0.158400	51.379700
0.158500	-26.272200
0.158600	-45.685200
0.158700	51.379700
0.158800	158.151001
0.158900	31.966700
0.159000	-74.804703
0.159100	-6.859250
0.159200	12.553700
0.159300	2.847240
0.159400	129.031998
0.159500	12.553700
0.159600	-152.457001
0.159700	-103.924004
0.159800	12.553700
0.159900	22.260201
0.160000	70.792702
0.160100	196.977005
0.160200	90.205704
0.160300	-113.630997
0.160400	-6.859250
0.160500	129.031998
0.160600	-55.391701
0.160700	-103.924004
0.160800	-65.098198
0.160900	-26.272200
0.161000	-45.685200
0.161100	2.847240
0.161200	-45.685200
0.161300	-45.685200
0.161400	-35.978699
0.161500	70.792702
0.161600	-45.685200
0.161700	-84.511200
0.161800	31.966700
0.161900	109.619003
0.162000	2.847240
0.162100	-103.924004
0.162200	-26.272200
0.162300	31.966700
0.162400	51.379700
0.162500	90.205704
0.162600	51.379700
0.162700	-26.272200
0.162800	90.205704
0.162900	129.031998
0.163000	90.205704
0.163100	109.619003
0.163200	119.324997
0.163300	-65.098198
0.163400	-103.924004
0.163500	-84.511200
0.163600	-45.685200
0.163700	-103.924004
0.163800	-123.336998
0.163900	-16.565701
0.164000	51.379700
0.164100	51.379700
0.164200	31.966700
0.164300	31.966700
0.164400	51.379700
0.164500	90.205704
0.164600	80.499199
0.164700	12.553700
0.164800	31.966700
0.164900	-45.685200
0.165000	-65.098198
0.165100	70.792702
0.165200	70.792702
0.165300	-45.685200
0.165400	51.379700
0.165500	109.619003
0.165600	70.792702
0.165700	31.966700
0.165800	167.858002
0.165900	167.858002
0.166000	51.379700
0.166100	51.379700
0.166200	148.445007
0.166300	70.792702
0.166400	31.966700
0.166500	51.379700
0.166600	-6.859250
0.166700	-6.859250
0.166800	90.205704
0.166900	99.912201
0.167000	-6.859250
0.167100	-103.924004
0.167200	-45.685200
0.167300	-26.272200
0.167400	-65.098198
0.167500	-26.272200
0.167600	-26.272200
0.167700	-26.272200
0.167800	-35.978699
0.167900	31.966700
0.168000	-65.098198
0.168100	-45.685200
0.168200	51.379700
0.168300	99.912201
0.168400	-55.391701
0.168500	2.847240
0.168600	31.966700
0.168700	-6.859250
0.168800	-45.685200
0.168900	31.966700
0.169000	51.379700
0.169100	12.553700
0.169200	12.553700
0.169300	129.031998
0.169400	129.031998
0.169500	-26.272200
0.169600	-35.978699
0.169700	2.847240
0.169800	70.792702
0.169900	70.792702
0.170000	12.553700
0.170100	51.379700
0.170200	-6.859250
0.170300	12.553700
0.170400	41.673199
0.170500	2.847240
0.170600	12.553700
0.170700	-45.685200
0.170800	-84.511200
0.170900	12.553700
0.171000	70.792702
0.171100	51.379700
0.171200	51.379700
0.171300	-6.859250
0.171400	-35.978699
0.171500	12.553700
0.171600	109.619003
0.171700	51.379700
0.171800	-45.685200
0.171900	12.553700
0.172000	22.260201
0.172100	2.847240
0.172200	31.966700
0.172300	51.379700
0.172400	-103.924004
0.172500	-210.695999
0.172600	-181.576004
0.172700	-45.685200
0.172800	-65.098198
0.172900	-84.511200
0.173000	-6.859250
0.173100	-26.272200
0.173200	-65.098198
0.173300	70.792702
0.173400	90.205704
0.173500	51.379700
0.173600	12.553700
0.173700	51.379700
0.173800	70.792702
0.173900	158.151001
0.174000	187.270996
0.174100	80.499199
0.174200	70.792702
0.174300	109.619003
0.174400	129.031998
0.174500	-26.272200
0.174600	-65.098198
0.174700	-26.272200
0.174800	-26.272200
0.174900	-6.859250
0.175000	31.966700
0.175100	-6.859250
0.175200	-65.098198
0.175300	-133.044006
0.175400	-45.685200
0.175500	41.673199
0.175600	51.379700
0.175700	22.260201
0.175800	-113.630997
0.175900	-210.695999
0.176000	-133.044006
0.176100	51.379700
0.176200	12.553700
0.176300	12.553700
0.176400	51.379700
0.176500	12.553700
0.176600	-45.685200
0.176700	12.553700
0.176800	70.792702
0.176900	-6.859250
0.177000	22.260201
0.177100	-6.859250
0.177200	12.553700
0.177300	-45.685200
0.177400	-65.098198
0.177500	2.847240
0.177600	31.966700
0.177700	-65.098198
0.177800	-103.924004
0.177900	-74.804703
0.178000	-94.217697
0.178100	-35.978699
0.178200	-26.272200
0.178300	-26.272200
0.178400	51.379700
0.178500	119.324997
0.178600	12.553700
0.178700	-65.098198
0.178800	51.379700
0.178900	148.445007
0.179000	70.792702
0.179100	-65.098198
0.179200	-103.924004
0.179300	-65.098198
0.179400	-55.391701
0.179500	31.966700
0.179600	31.966700
0.179700	-65.098198
0.179800	-6.859250
0.179900	109.619003
0.180000	-26.272200
0.180100	-45.685200
0.180200	-45.685200
0.180300	-181.576004
0.180400	-200.988998
0.180500	-74.804703
0.180600	12.553700
0.180700	-35.978699
0.180800	-45.685200
0.180900	-123.336998
0.181000	-133.044006
0.181100	-123.336998
0.181200	-103.924004
0.181300	-26.272200
0.181400	-103.924004
0.181500	-103.924004
0.181600	-6.859250
0.181700	-45.685200
0.181800	-45.685200
0.181900	-26.272200
0.182000	-26.272200
0.182100	-26.272200
0.182200	51.379700
0.182300	148.445007
0.182400	51.379700
0.182500	31.966700
0.182600	80.499199
0.182700	70.792702
0.182800	-6.859250
0.182900	31.966700
0.183000	80.499199
0.183100	2.847240
0.183200	-26.272200
0.183300	2.847240
0.183400	-26.272200
0.183500	-55.391701
0.183600	-74.804703
0.183700	51.379700
0.183800	-6.859250
0.183900	-35.978699
0.184000	31.966700
0.184100	31.966700
0.184200	-65.098198
0.184300	31.966700
0.184400	90.205704
0.184500	51.379700
0.184600	12.553700
0.184700	12.553700
0.184800	12.553700
0.184900	-45.685200
0.185000	-65.098198
0.185100	-113.630997
0.185200	-26.272200
0.185300	12.553700
0.185400	12.553700
0.185500	12.553700
0.185600	-26.272200
0.185700	90.205704
0.185800	51.379700
0.185900	-65.098198
0.186000	-55.391701
0.186100	80.499199
0.186200	90.205704
0.186300	-26.272200
0.186400	-35.978699
0.186500	-26.272200
0.186600	-103.924004
0.186700	-103.924004
0.186800	2.847240
0.186900	61.086201
0.187000	90.205704
0.187100	177.563995
0.187200	31.966700
0.187300	-142.750000
0.187400	-162.162994
0.187500	-26.272200
0.187600	31.966700
0.187700	-26.272200
0.187800	-103.924004
0.187900	-45.685200
0.188000	51.379700
0.188100	51.379700
0.188200	-74.804703
0.188300	-65.098198
0.188400	-142.750000
0.188500	-103.924004
0.188600	-26.272200
0.188700	31.966700
0.188800	51.379700
0.188900	-6.859250
0.189000	-55.391701
0.189100	12.553700
0.189200	12.553700
0.189300	31.966700
0.189400	51.379700
0.189500	61.086201
0.189600	-45.685200
0.189700	41.673199
0.189800	129.031998
0.189900	51.379700
0.190000	-6.859250
0.190100	31.966700
0.190200	51.379700
0.190300	2.847240
0.190400	-26.272200
0.190500	90.205704
0.190600	51.379700
0.190700	-6.859250
0.190800	31.966700
0.190900	12.553700
0.191000	99.912201
0.191100	51.379700
0.191200	31.966700
0.191300	22.260201
0.191400	129.031998
0.191500	90.205704
0.191600	-6.859250
0.191700	-65.098198
0.191800	80.499199
0.191900	129.031998
0.192000	51.379700
0.192100	51.379700
0.192200	22.260201
0.192300	51.379700
0.192400	-45.685200
0.192500	-103.924004
0.192600	-26.272200
0.192700	31.966700
0.192800	12.553700
0.192900	2.847240
0.193000	31.966700
0.193100	51.379700
0.193200	51.379700
0.193300	70.792702
0.193400	-74.804703
0.193500	-103.924004
0.193600	12.553700
0.193700	167.858002
0.193800	90.205704
0.193900	-26.272200
0.194000	-65.098198
0.194100	-84.511200
0.194200	-45.685200
0.194300	51.379700
0.194400	90.205704
0.194500	-45.685200
0.194600	-65.098198
0.194700	90.205704
0.194800	109.619003
0.194900	51.379700
0.195000	51.379700
0.195100	51.379700
0.195200	31.966700
0.195300	12.553700
0.195400	41.673199
0.195500	31.966700
0.195600	-65.098198
0.195700	-26.272200
0.195800	31.966700
0.195900	12.553700
0.196000	31.966700
0.196100	22.260201
0.196200	-65.098198
0.196300	-103.924004
0.196400	12.553700
0.196500	31.966700
0.196600	-142.750000
0.196700	-65.098198
0.196800	31.966700
0.196900	12.553700
0.197000	12.553700
0.197100	99.912201
0.197200	31.966700
0.197300	-65.098198
0.197400	-74.804703
0.197500	-45.685200
0.197600	-103.924004
0.197700	-142.750000
0.197800	-45.685200
0.197900	119.324997
0.198000	-6.859250
0.198100	-103.924004
0.198200	-26.272200
0.198300	31.966700
0.198400	12.553700
0.198500	-45.685200
0.198600	-26.272200
0.198700	-6.859250
0.198800	-103.924004
0.198900	-74.804703
0.199000	12.553700
0.199100	41.673199
0.199200	31.966700
0.199300	80.499199
0.199400	-26.272200
0.199500	-142.750000
0.199600	-65.098198
0.199700	80.499199
0.199800	-26.272200
0.199900	-162.162994
0.200000	-65.098198
0.200100	-6.859250
0.200200	-103.924004
0.200300	-65.098198
0.200400	12.553700
0.200500	-65.098198
0.200600	-45.685200
0.200700	51.379700
0.200800	70.792702
0.200900	-84.511200
0.201000	-133.044006
0.201100	-65.098198
0.201200	-103.924004
0.201300	-152.457001
0.201400	-84.511200
0.201500	51.379700
0.201600	-35.978699
0.201700	12.553700
0.201800	129.031998
0.201900	51.379700
0.202000	-26.272200
0.202100	-6.859250
0.202200	80.499199
0.202300	12.553700
0.202400	-26.272200
0.202500	12.553700
0.202600	-26.272200
0.202700	-45.685200
0.202800	-26.272200
0.202900	12.553700
0.203000	-6.859250
0.203100	-6.859250
0.203200	90.205704
0.203300	51.379700
0.203400	70.792702
0.203500	90.205704
0.203600	51.379700
0.203700	-84.511200
0.203800	-65.098198
0.203900	167.858002
0.204000	109.619003
0.204100	-65.098198
0.204200	-103.924004
0.204300	-35.978699
0.204400	12.553700
0.204500	-84.511200
0.204600	-65.098198
0.204700	-65.098198
0.204800	-45.685200
0.204900	-6.859250
0.205000	-26.272200
0.205100	-103.924004
0.205200	-200.988998
0.205300	-123.336998
0.205400	-103.924004
0.205500	80.499199
0.205600	129.031998
0.205700	70.792702
0.205800	51.379700
0.205900	41.673199
0.206000	51.379700
0.206100	90.205704
0.206200	51.379700
0.206300	22.260201
0.206400	-45.685200
0.206500	-26.272200
0.206600	284.335999
0.206700	129.031998
0.206800	12.553700
0.206900	51.379700
0.207000	148.445007
0.207100	148.445007
0.207200	167.858002
0.207300	187.270996
0.207400	-26.272200
0.207500	-6.859250
0.207600	41.673199
0.207700	109.619003
0.207800	129.031998
0.207900	51.379700
0.208000	-26.272200
0.208100	-35.978699
0.208200	-26.272200
0.208300	-45.685200
0.208400	-26.272200
0.208500	51.379700
0.208600	51.379700
0.208700	31.966700
0.208800	-35.978699
0.208900	12.553700
0.209000	-84.511200
0.209100	-191.283005
0.209200	-142.750000
0.209300	-65.098198
0.209400	-45.685200
0.209500	-26.272200
0.209600	-35.978699
0.209700	-6.859250
0.209800	-84.511200
0.209900	-74.804703
0.210000	-6.859250
0.210100	-55.391701
0.210200	-26.272200
0.210300	167.858002
0.210400	206.684006
0.210500	148.445007
0.210600	70.792702
0.210700	31.966700
0.210800	51.379700
0.210900	129.031998
0.211000	129.031998
0.211100	31.966700
0.211200	90.205704
0.211300	129.031998
0.211400	80.499199
0.211500	51.379700
0.211600	51.379700
0.211700	109.619003
0.211800	138.738007
0.211900	51.379700
0.212000	-45.685200
0.212100	-94.217697
0.212200	-26.272200
0.212300	61.086201
0.212400	51.379700
0.212500	-35.978699
0.212600	12.553700
0.212700	51.379700
0.212800	-84.511200
0.212900	-6.859250
0.213000	187.270996
0.213100	31.966700
0.213200	-74.804703
0.213300	12.553700
0.213400	-45.685200
0.213500	-103.924004
0.213600	-26.272200
0.213700	-65.098198
0.213800	-181.576004
0.213900	-103.924004
0.214000	31.966700
0.214100	12.553700
0.214200	41.673199
0.214300	90.205704
0.214400	148.445007
0.214500	2.847240
0.214600	-26.272200
0.214700	90.205704
0.214800	90.205704
0.214900	2.847240
0.215000	109.619003
0.215100	31.966700
0.215200	-26.272200
0.215300	31.966700
0.215400	51.379700
0.215500	51.379700
0.215600	90.205704
0.215700	70.792702
0.215800	-45.685200
0.215900	-103.924004
0.216000	-6.859250
0.216100	90.205704
0.216200	51.379700
0.216300	-26.272200
0.216400	-26.272200
0.216500	-26.272200
0.216600	-65.098198
0.216700	-84.511200
0.216800	12.553700
0.216900	31.966700
0.217000	-26.272200
0.217100	51.379700
0.217200	129.031998
0.217300	90.205704
0.217400	-103.924004
0.217500	-103.924004
0.217600	-65.098198
0.217700	-55.391701
0.217800	-84.511200
0.217900	-142.750000
0.218000	-142.750000
0.218100	-65.098198
0.218200	-26.272200
0.218300	51.379700
0.218400	158.151001
0.218500	167.858002
0.218600	-103.924004
0.218700	-181.576004
0.218800	-84.511200
0.218900	-65.098198
0.219000	51.379700
0.219100	90.205704
0.219200	-6.859250
0.219300	70.792702
0.219400	167.858002
0.219500	187.270996
0.219600	90.205704
0.219700	2.847240
0.219800	31.966700
0.219900	12.553700
0.220000	2.847240
0.220100	41.673199
0.220200	51.379700
0.220300	-65.098198
0.220400	70.792702
0.220500	129.031998
0.220600	12.553700
0.220700	31.966700
0.220800	90.205704
0.220900	51.379700
0.221000	-26.272200
0.221100	2.847240
0.221200	90.205704
0.221300	51.379700
0.221400	2.847240
0.221500	-26.272200
0.221600	31.966700
0.221700	-65.098198
0.221800	-152.457001
0.221900	-142.750000
0.222000	-45.685200
0.222100	12.553700
0.222200	-6.859250
0.222300	51.379700
0.222400	22.260201
0.222500	12.553700
0.222600	119.324997
0.222700	80.499199
0.222800	2.847240
0.222900	70.792702
0.223000	41.673199
0.223100	-26.272200
0.223200	41.673199
0.223300	-26.272200
0.223400	-103.924004
0.223500	-45.685200
0.223600	90.205704
0.223700	90.205704
0.223800	12.553700
0.223900	-103.924004
0.224000	-26.272200
0.224100	41.673199
0.224200	-6.859250
0.224300	-103.924004
0.224400	-142.750000
0.224500	-123.336998
0.224600	-74.804703
0.224700	-26.272200
0.224800	-45.685200
0.224900	2.847240
0.225000	12.553700
0.225100	-103.924004
0.225200	12.553700
0.225300	187.270996
0.225400	129.031998
0.225500	51.379700
0.225600	109.619003
0.225700	90.205704
0.225800	51.379700
0.225900	-65.098198
0.226000	-6.859250
0.226100	90.205704
0.226200	31.966700
0.226300	51.379700
0.226400	148.445007
0.226500	129.031998
0.226600	51.379700
0.226700	51.379700
0.226800	70.792702
0.226900	31.966700
0.227000	167.858002
0.227100	284.335999
0.227200	109.619003
0.227300	-6.859250
0.227400	129.031998
0.227500	109.619003
0.227600	80.499199
0.227700	-6.859250
0.227800	-65.098198
0.227900	-103.924004
0.228000	-45.685200
0.228100	31.966700
0.228200	-45.685200
0.228300	-45.685200
0.228400	31.966700
0.228500	-45.685200
0.228600	-84.511200
0.228700	-103.924004
0.228800	-35.978699
0.228900	-35.978699
0.229000	12.553700
0.229100	12.553700
0.229200	-35.978699
0.229300	-123.336998
0.229400	-142.750000
0.229500	-142.750000
0.229600	-133.044006
0.229700	-103.924004
0.229800	-26.272200
0.229900	-84.511200
0.230000	-103.924004
0.230100	-55.391701
0.230200	-6.859250
0.230300	-26.272200
0.230400	90.205704
0.230500	80.499199
0.230600	-45.685200
0.230700	-26.272200
0.230800	90.205704
0.230900	109.619003
0.231000	41.673199
0.231100	70.792702
0.231200	129.031998
0.231300	-26.272200
0.231400	-45.685200
0.231500	109.619003
0.231600	31.966700
0.231700	-55.391701
0.231800	2.847240
0.231900	-6.859250
0.232000	-26.272200
0.232100	-35.978699
0.232200	2.847240
0.232300	-26.272200
0.232400	2.847240
0.232500	51.379700
0.232600	-45.685200
0.232700	-65.098198
0.232800	31.966700
0.232900	51.379700
0.233000	-45.685200
0.233100	-84.511200
0.233200	31.966700
0.233300	-26.272200
0.233400	-74.804703
0.233500	-103.924004
0.233600	-65.098198
0.233700	-65.098198
0.233800	51.379700
0.233900	90.205704
0.234000	12.553700
0.234100	2.847240
0.234200	31.966700
0.234300	51.379700
0.234400	51.379700
0.234500	51.379700
0.234600	51.379700
0.234700	51.379700
0.234800	70.792702
0.234900	70.792702
0.235000	90.205704
0.235100	51.379700
0.235200	129.031998
0.235300	167.858002
0.235400	31.966700
0.235500	-26.272200
0.235600	51.379700
0.235700	158.151001
0.235800	41.673199
0.235900	-26.272200
0.236000	12.553700
0.236100	31.966700
0.236200	-26.272200
0.236300	-35.978699
0.236400	-65.098198
0.236500	-65.098198
0.236600	-65.098198
0.236700	-45.685200
0.236800	12.553700
0.236900	70.792702
0.237000	51.379700
0.237100	-6.859250
0.237200	12.553700
0.237300	31.966700
0.237400	80.499199
0.237500	51.379700
0.237600	41.673199
0.237700	2.847240
0.237800	12.553700
0.237900	-103.924004
0.238000	-65.098198
0.238100	70.792702
0.238200	31.966700
0.238300	-45.685200
0.238400	-84.511200
0.238500	12.553700
0.238600	90.205704
0.238700	129.031998
0.238800	90.205704
0.238900	2.847240
0.239000	2.847240
0.239100	41.673199
0.239200	-65.098198
0.239300	31.966700
0.239400	31.966700
0.239500	-55.391701
0.239600	-84.511200
0.239700	-65.098198
0.239800	-84.511200
0.239900	-26.272200
0.240000	-35.978699
0.240100	-84.511200
0.240200	31.966700
0.240300	70.792702
0.240400	70.792702
0.240500	51.379700
0.240600	-74.804703
0.240700	-123.336998
0.240800	-65.098198
0.240900	31.966700
0.241000	31.966700
0.241100	-6.859250
0.241200	12.553700
0.241300	70.792702
0.241400	12.553700
0.241500	-65.098198
0.241600	12.553700
0.241700	12.553700
0.241800	2.847240
0.241900	-65.098198
0.242000	31.966700
0.242100	70.792702
0.242200	70.792702
0.242300	51.379700
0.242400	12.553700
0.242500	51.379700
0.242600	109.619003
0.242700	31.966700
0.242800	-45.685200
0.242900	51.379700
0.243000	12.553700
0.243100	-26.272200
0.243200	12.553700
0.243300	12.553700
0.243400	70.792702
0.243500	51.379700
0.243600	119.324997
0.243700	51.379700
0.243800	-103.924004
0.243900	-123.336998
0.244000	31.966700
0.244100	12.553700
0.244200	-84.511200
0.244300	-103.924004
0.244400	-103.924004
0.244500	-65.098198
0.244600	12.553700
0.244700	-26.272200
0.244800	-123.336998
0.244900	-84.511200
0.245000	51.379700
0.245100	51.379700
0.245200	-74.804703
0.245300	-16.565701
0.245400	51.379700
0.245500	12.553700
0.245600	-45.685200
0.245700	-45.685200
0.245800	-45.685200
0.245900	22.260201
0.246000	90.205704
0.246100	-65.098198
0.246200	-181.576004
0.246300	-6.859250
0.246400	41.673199
0.246500	31.966700
0.246600	12.553700
0.246700	109.619003
0.246800	51.379700
0.246900	-65.098198
0.247000	-26.272200
0.247100	148.445007
0.247200	109.619003
0.247300	12.553700
0.247400	31.966700
0.247500	-45.685200
0.247600	-45.685200
0.247700	109.619003
0.247800	167.858002
0.247900	109.619003
0.248000	187.270996
0.248100	206.684006
0.248200	99.912201
0.248300	51.379700
0.248400	109.619003
0.248500	70.792702
0.248600	-45.685200
0.248700	-26.272200
0.248800	51.379700
0.248900	31.966700
0.249000	-103.924004
0.249100	-26.272200
0.249200	70.792702
0.249300	70.792702
0.249400	51.379700
0.249500	90.205704
0.249600	70.792702
0.249700	61.086201
0.249800	187.270996
0.249900	129.031998
0.250000	70.792702
0.250100	51.379700
0.250200	99.912201
0.250300	31.966700
0.250400	-6.859250
0.250500	51.379700
0.250600	22.260201
0.250700	-65.098198
0.250800	-26.272200
0.250900	51.379700
0.251000	51.379700
0.251100	41.673199
0.251200	70.792702
0.251300	51.379700
0.251400	-6.859250
0.251500	-84.511200
0.251600	-65.098198
0.251700	-103.924004
0.251800	-65.098198
0.251900	51.379700
0.252000	51.379700
0.252100	51.379700
0.252200	129.031998
0.252300	2.847240
0.252400	-6.859250
0.252500	90.205704
0.252600	129.031998
0.252700	109.619003
0.252800	2.847240
0.252900	2.847240
0.253000	-26.272200
0.253100	-6.859250
0.253200	109.619003
0.253300	119.324997
0.253400	12.553700
0.253500	12.553700
0.253600	31.966700
0.253700	-6.859250
0.253800	51.379700
0.253900	51.379700
0.254000	-26.272200
0.254100	-26.272200
0.254200	2.847240
0.254300	-65.098198
0.254400	-113.630997
0.254500	-26.272200
0.254600	80.499199
0.254700	-26.272200
0.254800	-45.685200
0.254900	2.847240
0.255000	-94.217697
0.255100	-123.336998
0.255200	51.379700
0.255300	167.858002
0.255400	22.260201
0.255500	-65.098198
0.255600	70.792702
0.255700	119.324997
0.255800	2.847240
0.255900	51.379700
0.256000	109.619003
0.256100	51.379700
0.256200	129.031998
0.256300	167.858002
0.256400	51.379700
0.256500	-65.098198
0.256600	-55.391701
0.256700	22.260201
0.256800	-6.859250
0.256900	12.553700
0.257000	12.553700
0.257100	-65.098198
0.257200	-103.924004
0.257300	-65.098198
0.257400	51.379700
0.257500	51.379700
0.257600	-6.859250
0.257700	22.260201
0.257800	-6.859250
0.257900	12.553700
0.258000	12.553700
0.258100	31.966700
0.258200	-6.859250
0.258300	-6.859250
0.258400	22.260201
0.258500	70.792702
0.258600	90.205704
0.258700	99.912201
0.258800	80.499199
0.258900	109.619003
0.259000	187.270996
0.259100	90.205704
0.259200	51.379700
0.259300	31.966700
0.259400	-26.272200
0.259500	-74.804703
0.259600	-35.978699
0.259700	-103.924004
0.259800	-35.978699
0.259900	12.553700
0.260000	-26.272200
0.260100	22.260201
0.260200	22.260201
0.260300	12.553700
0.260400	-26.272200
0.260500	-26.272200
0.260600	31.966700
0.260700	109.619003
0.260800	129.031998
0.260900	109.619003
0.261000	70.792702
0.261100	31.966700
0.261200	-45.685200
0.261300	-84.511200
0.261400	-45.685200
0.261500	-55.391701
0.261600	12.553700
0.261700	2.847240
0.261800	12.553700
0.261900	-26.272200
0.262000	22.260201
0.262100	-6.859250
0.262200	51.379700
0.262300	61.086201
0.262400	51.379700
0.262500	90.205704
0.262600	51.379700
0.262700	70.792702
0.262800	90.205704
0.262900	51.379700
0.263000	12.553700
0.263100	119.324997
0.263200	264.923004
0.263300	206.684006
0.263400	148.445007
0.263500	158.151001
0.263600	90.205704
0.263700	-6.859250
0.263800	-6.859250
0.263900	90.205704
0.264000	-26.272200
0.264100	-103.924004
0.264200	-45.685200
0.264300	-65.098198
0.264400	-133.044006
0.264500	-45.685200
0.264600	12.553700
0.264700	2.847240
0.264800	90.205704
0.264900	99.912201
0.265000	31.966700
0.265100	-55.391701
0.265200	-113.630997
0.265300	-142.750000
0.265400	-133.044006
0.265500	-94.217697
0.265600	51.379700
0.265700	31.966700
0.265800	51.379700
0.265900	90.205704
0.266000	109.619003
0.266100	-45.685200
0.266200	-103.924004
0.266300	-26.272200
0.266400	31.966700
0.266500	12.553700
0.266600	51.379700
0.266700	148.445007
0.266800	129.031998
0.266900	31.966700
0.267000	-6.859250
0.267100	-26.272200
0.267200	41.673199
0.267300	109.619003
0.267400	31.966700
0.267500	-45.685200
0.267600	12.553700
0.267700	51.379700
0.267800	31.966700
0.267900	41.673199
0.268000	51.379700
0.268100	80.499199
0.268200	12.553700
0.268300	-103.924004
0.268400	12.553700
0.268500	51.379700
0.268600	41.673199
0.268700	109.619003
0.268800	80.499199
0.268900	-26.272200
0.269000	12.553700
0.269100	90.205704
0.269200	31.966700
0.269300	99.912201
0.269400	167.858002
0.269500	90.205704
0.269600	31.966700
0.269700	31.966700
0.269800	31.966700
0.269900	-45.685200
0.270000	-6.859250
0.270100	51.379700
0.270200	31.966700
0.270300	-6.859250
0.270400	31.966700
0.270500	129.031998
0.270600	109.619003
0.270700	12.553700
0.270800	-45.685200
0.270900	12.553700
0.271000	51.379700
0.271100	119.324997
0.271200	167.858002
0.271300	167.858002
0.271400	31.966700
0.271500	-113.630997
0.271600	-65.098198
0.271700	-35.978699
0.271800	31.966700
0.271900	31.966700
0.272000	-6.859250
0.272100	-26.272200
0.272200	-6.859250
0.272300	-26.272200
0.272400	12.553700
0.272500	61.086201
0.272600	12.553700
0.272700	12.553700
0.272800	51.379700
0.272900	51.379700
0.273000	-26.272200
0.273100	-74.804703
0.273200	-6.859250
0.273300	12.553700
0.273400	12.553700
0.273500	90.205704
0.273600	119.324997
0.273700	51.379700
0.273800	-65.098198
0.273900	51.379700
0.274000	90.205704
0.274100	12.553700
0.274200	51.379700
0.274300	129.031998
0.274400	109.619003
0.274500	31.966700
0.274600	-65.098198
0.274700	-6.859250
0.274800	51.379700
0.274900	129.031998
0.275000	51.379700
0.275100	51.379700
0.275200	51.379700
0.275300	-45.685200
0.275400	-26.272200
0.275500	-26.272200
0.275600	-26.272200
0.275700	12.553700
0.275800	-26.272200
0.275900	-35.978699
0.276000	167.858002
0.276100	51.379700
0.276200	-65.098198
0.276300	12.553700
0.276400	31.966700
0.276500	-26.272200
0.276600	-84.511200
0.276700	31.966700
0.276800	-6.859250
0.276900	-35.978699
0.277000	109.619003
0.277100	90.205704
0.277200	31.966700
0.277300	51.379700
0.277400	-45.685200
0.277500	-133.044006
0.277600	-65.098198
0.277700	12.553700
0.277800	51.379700
0.277900	70.792702
0.278000	90.205704
0.278100	-26.272200
0.278200	-35.978699
0.278300	70.792702
0.278400	12.553700
0.278500	-6.859250
0.278600	31.966700
0.278700	90.205704
0.278800	70.792702
0.278900	-16.565701
0.279000	-74.804703
0.279100	-123.336998
0.279200	-142.750000
0.279300	-74.804703
0.279400	-26.272200
0.279500	-45.685200
0.279600	-74.804703
0.279700	51.379700
0.279800	90.205704
0.279900	51.379700
0.280000	51.379700
0.280100	51.379700
0.280200	12.553700
0.280300	-26.272200
0.280400	-6.859250
0.280500	41.673199
0.280600	80.499199
0.280700	167.858002
0.280800	70.792702
0.280900	-26.272200
0.281000	31.966700
0.281100	12.553700
0.281200	2.847240
0.281300	12.553700
0.281400	-16.565701
0.281500	12.553700
0.281600	90.205704
0.281700	119.324997
0.281800	70.792702
0.281900	187.270996
0.282000	196.977005
0.282100	167.858002
0.282200	51.379700
0.282300	51.379700
0.282400	109.619003
0.282500	31.966700
0.282600	-55.391701
0.282700	-26.272200
0.282800	-45.685200
0.282900	-84.511200
0.283000	2.847240
0.283100	109.619003
0.283200	70.792702
0.283300	-65.098198
0.283400	-6.859250
0.283500	51.379700
0.283600	-26.272200
0.283700	22.260201
0.283800	129.031998
0.283900	129.031998
0.284000	70.792702
0.284100	51.379700
0.284200	51.379700
0.284300	31.966700
0.284400	12.553700
0.284500	70.792702
0.284600	51.379700
0.284700	12.553700
0.284800	22.260201
0.284900	12.553700
0.285000	12.553700
0.285100	2.847240
0.285200	31.966700
0.285300	-26.272200
0.285400	31.966700
0.285500	90.205704
0.285600	80.499199
0.285700	12.553700
0.285800	51.379700
0.285900	-6.859250
0.286000	-45.685200
0.286100	31.966700
0.286200	-6.859250
0.286300	-6.859250
0.286400	51.379700
0.286500	12.553700
0.286600	-6.859250
0.286700	-65.098198
0.286800	-45.685200
0.286900	51.379700
0.287000	-6.859250
0.287100	-65.098198
0.287200	-26.272200
0.287300	-26.272200
0.287400	12.553700
0.287500	31.966700
0.287600	-65.098198
0.287700	-113.630997
0.287800	12.553700
0.287900	109.619003
0.288000	-6.859250
0.288100	-26.272200
0.288200	51.379700
0.288300	51.379700
0.288400	31.966700
0.288500	22.260201
0.288600	-26.272200
0.288700	-26.272200
0.288800	-26.272200
0.288900	-45.685200
0.289000	51.379700
0.289100	41.673199
0.289200	-45.685200
0.289300	-6.859250
0.289400	-6.859250
0.289500	31.966700
0.289600	109.619003
0.289700	167.858002
0.289800	90.205704
0.289900	90.205704
0.290000	51.379700
0.290100	-94.217697
0.290200	-103.924004
0.290300	12.553700
0.290400	-6.859250
0.290500	-65.098198
0.290600	-65.098198
0.290700	51.379700
0.290800	31.966700
0.290900	12.553700
0.291000	41.673199
0.291100	51.379700
0.291200	12.553700
0.291300	-26.272200
0.291400	-45.685200
0.291500	-6.859250
0.291600	-26.272200
0.291700	-26.272200
0.291800	51.379700
0.291900	51.379700
0.292000	-6.859250
0.292100	-45.685200
0.292200	-6.859250
0.292300	109.619003
0.292400	109.619003
0.292500	70.792702
0.292600	51.379700
0.292700	12.553700
0.292800	-35.978699
0.292900	-103.924004
0.293000	12.553700
0.293100	119.324997
0.293200	70.792702
0.293300	90.205704
0.293400	235.802994
0.293500	109.619003
0.293600	-26.272200
0.293700	2.847240
0.293800	51.379700
0.293900	-26.272200
0.294000	-45.685200
0.294100	51.379700
0.294200	51.379700
0.294300	22.260201
0.294400	12.553700
0.294500	-26.272200
0.294600	-26.272200
0.294700	51.379700
0.294800	138.738007
0.294900	31.966700
0.295000	22.260201
0.295100	41.673199
0.295200	-26.272200
0.295300	-65.098198
0.295400	-65.098198
0.295500	31.966700
0.295600	-45.685200
0.295700	-133.044006
0.295800	-35.978699
0.295900	80.499199
0.296000	12.553700
0.296100	-103.924004
0.296200	-26.272200
0.296300	51.379700
0.296400	-6.859250
0.296500	-26.272200
0.296600	-26.272200
0.296700	-45.685200
0.296800	-26.272200
0.296900	51.379700
0.297000	51.379700
0.297100	-35.978699
0.297200	-84.511200
0.297300	-113.630997
0.297400	-65.098198
0.297500	31.966700
0.297600	-26.272200
0.297700	-6.859250
0.297800	129.031998
0.297900	148.445007
0.298000	70.792702
0.298100	-45.685200
0.298200	51.379700
0.298300	61.086201
0.298400	51.379700
0.298500	12.553700
0.298600	12.553700
0.298700	-55.391701
0.298800	-45.685200
0.298900	99.912201
0.299000	119.324997
0.299100	31.966700
0.299200	-6.859250
0.299300	-26.272200
0.299400	-103.924004
0.299500	-26.272200
0.299600	51.379700
0.299700	31.966700
0.299800	-6.859250
0.299900	31.966700
