-0.050000	37.828899
-0.049900	125.052002
-0.049800	86.286102
-0.049700	-30.011200
-0.049600	-10.628300
-0.049500	8.754600
-0.049400	8.754600
-0.049300	-68.776901
-0.049200	-30.011200
-0.049100	28.137501
-0.049000	47.520401
-0.048900	-30.011200
-0.048800	-10.628300
-0.048700	8.754600
-0.048600	47.520401
-0.048500	47.520401
-0.048400	125.052002
-0.048300	144.434998
-0.048200	-0.936839
-0.048100	-68.776901
-0.048000	8.754600
-0.047900	76.594704
-0.047800	37.828899
-0.047700	-0.936839
-0.047600	-30.011200
-0.047500	-10.628300
-0.047400	-10.628300
-0.047300	-30.011200
-0.047200	-146.307999
-0.047100	-107.542999
-0.047000	-88.159798
-0.046900	-10.628300
-0.046800	47.520401
-0.046700	37.828899
-0.046600	-68.776901
-0.046500	8.754600
-0.046400	8.754600
-0.046300	-68.776901
-0.046200	-68.776901
-0.046100	8.754600
-0.046000	-30.011200
-0.045900	28.137501
-0.045800	86.286102
-0.045700	8.754600
-0.045600	-30.011200
-0.045500	-49.394001
-0.045400	-30.011200
-0.045300	8.754600
-0.045200	-49.394001
-0.045100	8.754600
-0.045000	76.594704
-0.044900	47.520401
-0.044800	47.520401
-0.044700	8.754600
-0.044600	-107.542999
-0.044500	-68.776901
-0.044400	-30.011200
-0.044300	-165.690994
-0.044200	-204.457001
-0.044100	-88.159798
-0.044000	-126.926003
-0.043900	-117.234001
-0.043800	8.754600
-0.043700	8.754600
-0.043600	66.903297
-0.043500	18.445999
-0.043400	-49.394001
-0.043300	28.137501
-0.043200	47.520401
-0.043100	-68.776901
-0.043000	-88.159798
-0.042900	-30.011200
-0.042800	-20.319700
-0.042700	8.754600
-0.042600	47.520401
-0.042500	66.903297
-0.042400	163.817993
-0.042300	105.668999
-0.042200	28.137501
-0.042100	-30.011200
-0.042000	8.754600
-0.041900	8.754600
-0.041800	-39.702599
-0.041700	28.137501
-0.041600	28.137501
-0.041500	47.520401
-0.041400	66.903297
-0.041300	76.594704
-0.041200	47.520401
-0.041100	-30.011200
-0.041000	-78.468399
-0.040900	-107.542999
-0.040800	-10.628300
-0.040700	57.211800
-0.040600	8.754600
-0.040500	-30.011200
-0.040400	57.211800
-0.040300	66.903297
-0.040200	-10.628300
-0.040100	-30.011200
-0.040000	47.520401
-0.039900	28.137501
-0.039800	8.754600
-0.039700	-30.011200
-0.039600	28.137501
-0.039500	86.286102
-0.039400	144.434998
-0.039300	76.594704
-0.039200	-49.394001
-0.039100	-146.307999
-0.039000	-88.159798
-0.038900	8.754600
-0.038800	86.286102
-0.038700	8.754600
-0.038600	-68.776901
-0.038500	-30.011200
-0.038400	-10.628300
-0.038300	-30.011200
-0.038200	-146.307999
-0.038100	-68.776901
-0.038000	8.754600
-0.037900	8.754600
-0.037800	8.754600
-0.037700	47.520401
-0.037600	125.052002
-0.037500	76.594704
-0.037400	8.754600
-0.037300	-88.159798
-0.037200	-30.011200
-0.037100	8.754600
-0.037000	47.520401
-0.036900	-68.776901
-0.036800	-107.542999
-0.036700	-49.394001
-0.036600	8.754600
-0.036500	86.286102
-0.036400	66.903297
-0.036300	8.754600
-0.036200	-30.011200
-0.036100	-10.628300
-0.036000	-20.319700
-0.035900	8.754600
-0.035800	-10.628300
-0.035700	47.520401
-0.035600	86.286102
-0.035500	8.754600
-0.035400	-30.011200
-0.035300	8.754600
-0.035200	66.903297
-0.035100	-10.628300
-0.035000	-78.468399
-0.034900	-20.319700
-0.034800	-10.628300
-0.034700	-0.936839
-0.034600	-68.776901
-0.034500	-68.776901
-0.034400	-39.702599
-0.034300	-30.011200
-0.034200	-49.394001
-0.034100	8.754600
-0.034000	28.137501
-0.033900	8.754600
-0.033800	57.211800
-0.033700	8.754600
-0.033600	-30.011200
-0.033500	28.137501
-0.033400	154.126007
-0.033300	163.817993
-0.033200	163.817993
-0.033100	125.052002
-0.033000	47.520401
-0.032900	47.520401
-0.032800	86.286102
-0.032700	47.520401
-0.032600	47.520401
-0.032500	8.754600
-0.032400	28.137501
-0.032300	47.520401
-0.032200	86.286102
-0.032100	57.211800
-0.032000	-30.011200
-0.031900	-30.011200
-0.031800	8.754600
-0.031700	-10.628300
-0.031600	-68.776901
-0.031500	8.754600
-0.031400	66.903297
-0.031300	-30.011200
-0.031200	-68.776901
-0.031100	8.754600
-0.031000	8.754600
-0.030900	-68.776901
-0.030800	-30.011200
-0.030700	28.137501
-0.030600	86.286102
-0.030500	66.903297
-0.030400	-30.011200
-0.030300	-49.394001
-0.030200	8.754600
-0.030100	28.137501
-0.030000	8.754600
-0.029900	66.903297
-0.029800	125.052002
-0.029700	105.668999
-0.029600	8.754600
-0.029500	-39.702599
-0.029400	8.754600
-0.029300	8.754600
-0.029200	8.754600
-0.029100	8.754600
-0.029000	-0.936839
-0.028900	-68.776901
-0.028800	-78.468399
-0.028700	8.754600
-0.028600	-10.628300
-0.028500	8.754600
-0.028400	37.828899
-0.028300	8.754600
-0.028200	47.520401
-0.028100	86.286102
-0.028000	76.594704
-0.027900	66.903297
-0.027800	37.828899
-0.027700	-10.628300
-0.027600	8.754600
-0.027500	47.520401
-0.027400	-39.702599
-0.027300	-68.776901
-0.027200	47.520401
-0.027100	37.828899
-0.027000	-68.776901
-0.026900	-107.542999
-0.026800	8.754600
-0.026700	76.594704
-0.026600	8.754600
-0.026500	-30.011200
-0.026400	-10.628300
-0.026300	28.137501
-0.026200	8.754600
-0.026100	-10.628300
-0.026000	-107.542999
-0.025900	18.445999
-0.025800	28.137501
-0.025700	-10.628300
-0.025600	8.754600
-0.025500	47.520401
-0.025400	8.754600
-0.025300	-68.776901
-0.025200	-10.628300
-0.025100	-68.776901
-0.025000	-68.776901
-0.024900	-30.011200
-0.024800	-10.628300
-0.024700	8.754600
-0.024600	-10.628300
-0.024500	-0.936839
-0.024400	8.754600
-0.024300	-20.319700
-0.024200	28.137501
-0.024100	144.434998
-0.024000	66.903297
-0.023900	47.520401
-0.023800	163.817993
-0.023700	86.286102
-0.023600	-78.468399
-0.023500	-30.011200
-0.023400	-30.011200
-0.023300	-146.307999
-0.023200	-146.307999
-0.023100	-49.394001
-0.023000	-10.628300
-0.022900	-30.011200
-0.022800	66.903297
-0.022700	8.754600
-0.022600	-88.159798
-0.022500	-49.394001
-0.022400	-68.776901
-0.022300	-68.776901
-0.022200	-30.011200
-0.022100	-0.936839
-0.022000	8.754600
-0.021900	47.520401
-0.021800	-68.776901
-0.021700	-165.690994
-0.021600	-185.074005
-0.021500	-146.307999
-0.021400	-68.776901
-0.021300	-78.468399
-0.021200	-107.542999
-0.021100	-107.542999
-0.021000	-107.542999
-0.020900	86.286102
-0.020800	125.052002
-0.020700	8.754600
-0.020600	8.754600
-0.020500	47.520401
-0.020400	8.754600
-0.020300	-68.776901
-0.020200	8.754600
-0.020100	66.903297
-0.020000	-68.776901
-0.019900	28.137501
-0.019800	76.594704
-0.019700	-68.776901
-0.019600	-10.628300
-0.019500	86.286102
-0.019400	8.754600
-0.019300	86.286102
-0.019200	125.052002
-0.019100	18.445999
-0.019000	66.903297
-0.018900	57.211800
-0.018800	-107.542999
-0.018700	-68.776901
-0.018600	-49.394001
-0.018500	-10.628300
-0.018400	-30.011200
-0.018300	-97.851303
-0.018200	-30.011200
-0.018100	86.286102
-0.018000	28.137501
-0.017900	-30.011200
-0.017800	37.828899
-0.017700	8.754600
-0.017600	-30.011200
-0.017500	-30.011200
-0.017400	-68.776901
-0.017300	8.754600
-0.017200	8.754600
-0.017100	-10.628300
-0.017000	-0.936839
-0.016900	86.286102
-0.016800	86.286102
-0.016700	47.520401
-0.016600	-68.776901
-0.016500	-10.628300
-0.016400	-49.394001
-0.016300	-107.542999
-0.016200	-30.011200
-0.016100	154.126007
-0.016000	47.520401
-0.015900	8.754600
-0.015800	163.817993
-0.015700	163.817993
-0.015600	183.201004
-0.015500	202.582993
-0.015400	66.903297
-0.015300	8.754600
-0.015200	8.754600
-0.015100	8.754600
-0.015000	8.754600
-0.014900	-107.542999
-0.014800	-126.926003
-0.014700	-107.542999
-0.014600	-88.159798
-0.014500	-146.307999
-0.014400	-185.074005
-0.014300	-68.776901
-0.014200	28.137501
-0.014100	-117.234001
-0.014000	-165.690994
-0.013900	-68.776901
-0.013800	-0.936839
-0.013700	-68.776901
-0.013600	-107.542999
-0.013500	-97.851303
-0.013400	-107.542999
-0.013300	-88.159798
-0.013200	-68.776901
-0.013100	47.520401
-0.013000	105.668999
-0.012900	76.594704
-0.012800	57.211800
-0.012700	-68.776901
-0.012600	-30.011200
-0.012500	66.903297
-0.012400	28.137501
-0.012300	-30.011200
-0.012200	-30.011200
-0.012100	-0.936839
-0.012000	86.286102
-0.011900	47.520401
-0.011800	66.903297
-0.011700	202.582993
-0.011600	86.286102
-0.011500	-88.159798
-0.011400	-30.011200
-0.011300	18.445999
-0.011200	47.520401
-0.011100	125.052002
-0.011000	8.754600
-0.010900	-49.394001
-0.010800	-10.628300
-0.010700	66.903297
-0.010600	8.754600
-0.010500	-88.159798
-0.010400	-126.926003
-0.010300	-68.776901
-0.010200	28.137501
-0.010100	-30.011200
-0.010000	-10.628300
-0.009900	-59.085499
-0.009800	37.828899
-0.009700	105.668999
-0.009600	-20.319700
-0.009500	-88.159798
-0.009400	47.520401
-0.009300	8.754600
-0.009200	-49.394001
-0.009100	-30.011200
-0.009000	-126.926003
-0.008900	-146.307999
-0.008800	-59.085499
-0.008700	-39.702599
-0.008600	-88.159798
-0.008500	-30.011200
-0.008400	66.903297
-0.008300	8.754600
-0.008200	8.754600
-0.008100	125.052002
-0.008000	163.817993
-0.007900	105.668999
-0.007800	86.286102
-0.007700	8.754600
-0.007600	-10.628300
-0.007500	125.052002
-0.007400	163.817993
-0.007300	86.286102
-0.007200	86.286102
-0.007100	144.434998
-0.007000	86.286102
-0.006900	8.754600
-0.006800	-68.776901
-0.006700	-39.702599
-0.006600	-30.011200
-0.006500	8.754600
-0.006400	-10.628300
-0.006300	-107.542999
-0.006200	-39.702599
-0.006100	8.754600
-0.006000	-10.628300
-0.005900	-68.776901
-0.005800	8.754600
-0.005700	37.828899
-0.005600	8.754600
-0.005500	66.903297
-0.005400	28.137501
-0.005300	-88.159798
-0.005200	-10.628300
-0.005100	37.828899
-0.005000	8.754600
-0.004900	8.754600
-0.004800	8.754600
-0.004700	8.754600
-0.004600	-30.011200
-0.004500	-30.011200
-0.004400	-107.542999
-0.004300	-185.074005
-0.004200	-30.011200
-0.004100	-30.011200
-0.004000	-107.542999
-0.003900	-68.776901
-0.003800	-107.542999
-0.003700	-49.394001
-0.003600	-10.628300
-0.003500	-30.011200
-0.003400	47.520401
-0.003300	144.434998
-0.003200	57.211800
-0.003100	8.754600
-0.003000	-0.936839
-0.002900	-30.011200
-0.002800	-68.776901
-0.002700	37.828899
-0.002600	47.520401
-0.002500	28.137501
-0.002400	8.754600
-0.002300	115.360001
-0.002200	115.360001
-0.002100	8.754600
-0.002000	-10.628300
-0.001900	47.520401
-0.001800	86.286102
-0.001700	47.520401
-0.001600	125.052002
-0.001500	86.286102
-0.001400	-49.394001
-0.001300	-10.628300
-0.001200	86.286102
-0.001100	47.520401
-0.001000	-20.319700
-0.000900	-30.011200
-0.000800	-68.776901
-0.000700	-68.776901
-0.000600	-39.702599
-0.000500	28.137501
-0.000400	8.754600
-0.000300	-68.776901
-0.000200	-78.468399
-0.000100	47.520401
0.000000	8.754600
0.000100	-0.936839
0.000200	47.520401
0.000300	28.137501
0.000400	8.754600
0.000500	8.754600
0.000600	28.137501
0.000700	-68.776901
0.000800	-49.394001
0.000900	144.434998
0.001000	357.647003
0.001100	8.754600
0.001200	-88.159798
0.001300	338.264008
0.001400	435.178009
0.001500	144.434998
0.001600	66.903297
0.001700	163.817993
0.001800	125.052002
0.001900	183.201004
0.002000	8.754600
0.002100	-126.926003
0.002200	231.658005
0.002300	-30.011200
0.002400	-233.531006
0.002500	125.052002
0.002600	125.052002
0.002700	125.052002
0.002800	318.881012
0.002900	357.647003
0.003000	357.647003
0.003100	260.731995
0.003200	183.201004
0.003300	318.881012
0.003400	125.052002
0.003500	318.881012
0.003600	357.647003
0.003700	163.817993
0.003800	221.966003
0.003900	202.582993
0.004000	163.817993
0.004100	163.817993
0.004200	163.817993
0.004300	125.052002
0.004400	-78.468399
0.004500	-30.011200
0.004600	86.286102
0.004700	28.137501
0.004800	-233.531006
0.004900	-146.307999
0.005000	47.520401
0.005100	125.052002
0.005200	8.754600
0.005300	66.903297
0.005400	154.126007
0.005500	260.731995
0.005600	221.966003
0.005700	163.817993
0.005800	144.434998
0.005900	183.201004
0.006000	260.731995
0.006100	309.188995
0.006200	318.881012
0.006300	299.497986
0.006400	280.114990
0.006500	299.497986
0.006600	357.647003
0.006700	318.881012
0.006800	318.881012
0.006900	260.731995
0.007000	241.348999
0.007100	289.806000
0.007200	260.731995
0.007300	241.348999
0.007400	241.348999
0.007500	338.264008
0.007600	396.411987
0.007700	396.411987
0.007800	260.731995
0.007900	241.348999
0.008000	318.881012
0.008100	221.966003
0.008200	105.668999
0.008300	105.668999
0.008400	309.188995
0.008500	280.114990
0.008600	280.114990
0.008700	493.326996
0.008800	357.647003
0.008900	241.348999
0.009000	338.264008
0.009100	435.178009
0.009200	270.424011
0.009300	357.647003
0.009400	357.647003
0.009500	338.264008
0.009600	396.411987
0.009700	318.881012
0.009800	396.411987
0.009900	473.944000
0.010000	163.817993
0.010100	163.817993
0.010200	299.497986
0.010300	318.881012
0.010400	173.509003
0.010500	202.582993
0.010600	377.028992
0.010700	435.178009
0.010800	629.007019
0.010900	609.624023
0.011000	512.710022
0.011100	473.944000
0.011200	725.921021
0.011300	977.898987
0.011400	629.007019
0.011500	861.601013
0.011600	1016.659973
0.011700	1016.659973
0.011800	1191.109985
0.011900	1210.489990
0.012000	1423.709961
0.012100	1520.619995
0.012200	1617.530029
0.012300	2024.569946
0.012400	2218.399902
0.012500	2315.320068
0.012600	2121.489990
0.012700	2179.639893
0.012800	2480.070068
0.012900	1791.979980
0.013000	803.453003
0.013100	221.966003
0.013200	-824.708984
0.013300	-1852.000000
0.013400	-2055.520020
0.013500	-2956.830078
0.013600	-4449.310059
0.013700	-6213.149902
0.013800	-7066.000000
0.013900	-7095.069824
0.014000	-6445.750000
0.014100	-5224.620117
0.014200	-4216.709961
0.014300	-3131.270020
0.014400	-1464.339966
0.014500	-68.776901
0.014600	861.601013
0.014700	1404.319946
0.014800	1384.939941
0.014900	1520.619995
0.015000	1636.920044
0.015100	1288.020020
0.015200	784.070007
0.015300	367.338013
0.015400	221.966003
0.015500	202.582993
0.015600	-10.628300
0.015700	-146.307999
0.015800	-466.126007
0.015900	-776.252014
0.016000	-921.624023
0.016100	-1251.130005
0.016200	-1154.219971
0.016300	-572.731995
0.016400	-456.434998
0.016500	-243.223007
0.016600	241.348999
0.016700	347.954987
0.016800	270.424011
0.016900	125.052002
0.017000	-243.223007
0.017100	-398.286011
0.017200	-437.052002
0.017300	-805.327026
0.017400	-1096.069946
0.017500	-1251.130005
0.017600	-1464.339966
0.017700	-1328.660034
0.017800	-1096.069946
0.017900	-669.645996
0.018000	-185.074005
0.018100	241.348999
0.018200	861.601013
0.018300	1559.390015
0.018400	1985.810059
0.018500	2102.110107
0.018600	2218.399902
0.018700	2208.709961
0.018800	2228.090088
0.018900	2140.870117
0.019000	1675.680054
0.019100	725.921021
0.019200	47.520401
0.019300	-572.731995
0.019400	-1464.339966
0.019500	-1638.790039
0.019600	-1464.339966
0.019700	-1309.280029
0.019800	-902.241028
0.019900	-262.605988
0.020000	125.052002
0.020100	454.561005
0.020200	609.624023
0.020300	764.687012
0.020400	745.304016
0.020500	425.487000
0.020600	163.817993
0.020700	357.647003
0.020800	473.944000
0.020900	28.137501
0.021000	-185.074005
0.021100	-165.690994
0.021200	-727.794983
0.021300	-1115.449951
0.021400	-1047.609985
0.021500	-747.177979
0.021600	-572.731995
0.021700	-650.263000
0.021800	-572.731995
0.021900	-156.000000
0.022000	318.881012
0.022100	609.624023
0.022200	454.561005
0.022300	144.434998
0.022400	202.582993
0.022500	454.561005
0.022600	532.091980
0.022700	609.624023
0.022800	706.538025
0.022900	629.007019
0.023000	396.411987
0.023100	241.348999
0.023200	-185.074005
0.023300	-378.903015
0.023400	-262.605988
0.023500	-262.605988
0.023600	86.286102
0.023700	338.264008
0.023800	221.966003
0.023900	270.424011
0.024000	280.114990
0.024100	-30.011200
0.024200	-223.839996
0.024300	-165.690994
0.024400	-88.159798
0.024500	-223.839996
0.024600	-262.605988
0.024700	-223.839996
0.024800	-156.000000
0.024900	28.137501
0.025000	183.201004
0.025100	318.881012
0.025200	435.178009
0.025300	396.411987
0.025400	629.007019
0.025500	948.823975
0.025600	977.898987
0.025700	919.750000
0.025800	454.561005
0.025900	66.903297
0.026000	-107.542999
0.026100	-572.731995
0.026200	-1280.209961
0.026300	-2239.659912
0.026400	-2859.909912
0.026500	-2782.379883
0.026600	-2743.610107
0.026700	-2898.679932
0.026800	-2743.610107
0.026900	-2530.399902
0.027000	-3014.979980
0.027100	-3489.860107
0.027200	-3422.020020
0.027300	-3596.459961
0.027400	-3548.000000
0.027500	-3460.780029
0.027600	-4022.889893
0.027700	-4158.569824
0.027800	-4274.859863
0.027900	-4643.140137
0.028000	-4565.609863
0.028100	-4662.520020
0.028200	-4836.970215
0.028300	-4643.140137
0.028400	-4565.609863
0.028500	-4362.089844
0.028600	-4061.649902
0.028700	-4003.500000
0.028800	-3945.350098
0.028900	-4061.649902
0.029000	-4236.100098
0.029100	-4352.390137
0.029200	-4410.540039
0.029300	-4313.629883
0.029400	-4303.939941
0.029500	-4371.779785
0.029600	-4352.390137
0.029700	-4333.009766
0.029800	-4216.709961
0.029900	-4003.500000
0.030000	-3635.229980
0.030100	-3363.870117
0.030200	-3266.949951
0.030300	-3073.120117
0.030400	-2898.679932
0.030500	-2859.909912
0.030600	-2937.439941
0.030700	-2879.300049
0.030800	-2937.439941
0.030900	-2937.439941
0.031000	-2782.379883
0.031100	-2821.149902
0.031200	-2743.610107
0.031300	-2782.379883
0.031400	-2859.909912
0.031500	-2937.439941
0.031600	-2821.149902
0.031700	-2714.540039
0.031800	-3014.979980
0.031900	-3402.629883
0.032000	-3344.479980
0.032100	-3092.510010
0.032200	-3208.800049
0.032300	-3712.760010
0.032400	-3964.739990
0.032500	-4139.180176
0.032600	-4333.009766
0.032700	-4255.479980
0.032800	-4294.250000
0.032900	-4284.549805
0.033000	-4177.950195
0.033100	-4313.629883
0.033200	-4274.859863
0.033300	-4119.799805
0.033400	-4003.500000
0.033500	-3712.760010
0.033600	-3402.629883
0.033700	-3354.179932
0.033800	-3034.360107
0.033900	-2704.850098
0.034000	-2627.320068
0.034100	-2472.250000
0.034200	-2259.040039
0.034300	-2181.510010
0.034400	-2278.429932
0.034500	-2433.489990
0.034600	-2317.189941
0.034700	-2142.750000
0.034800	-2239.659912
0.034900	-2259.040039
0.035000	-2239.659912
0.035100	-2530.399902
0.035200	-2569.169922
0.035300	-2210.590088
0.035400	-2588.550049
0.035500	-3170.040039
0.035600	-2879.300049
0.035700	-2801.760010
0.035800	-2995.590088
0.035900	-2869.600098
0.036000	-2792.070068
0.036100	-3092.510010
0.036200	-3034.360107
0.036300	-2511.020020
0.036400	-2220.280029
0.036500	-2278.429932
0.036600	-2181.510010
0.036700	-2239.659912
0.036800	-2239.659912
0.036900	-2026.449951
0.037000	-1948.920044
0.037100	-1929.530029
0.037200	-1871.390015
0.037300	-1716.319946
0.037400	-1541.880005
0.037500	-1464.339966
0.037600	-1464.339966
0.037700	-1289.900024
0.037800	-1076.689941
0.037900	-960.390015
0.038000	-882.857971
0.038100	-650.263000
0.038200	-659.955017
0.038300	-824.708984
0.038400	-950.697998
0.038500	-1028.229980
0.038600	-1076.689941
0.038700	-960.390015
0.038800	-921.624023
0.038900	-1115.449951
0.039000	-1192.979980
0.039100	-989.463989
0.039200	-766.560974
0.039300	-766.560974
0.039400	-863.474976
0.039500	-659.955017
0.039600	-466.126007
0.039700	-301.372009
0.039800	-126.926003
0.039900	-107.542999
0.040000	-68.776901
0.040100	8.754600
0.040200	8.754600
0.040300	-301.372009
0.040400	-495.200012
0.040500	-475.816986
0.040600	-611.497986
0.040700	-863.474976
0.040800	-1057.300049
0.040900	-1251.130005
0.041000	-1483.729980
0.041100	-1638.790039
0.041200	-1638.790039
0.041300	-1619.410034
0.041400	-1503.109985
0.041500	-1251.130005
0.041600	-1163.910034
0.041700	-1173.599976
0.041800	-999.155029
0.041900	-747.177979
0.042000	-533.966003
0.042100	-495.200012
0.042200	-437.052002
0.042300	-378.903015
0.042400	-417.669006
0.042500	-378.903015
0.042600	-281.989014
0.042700	-437.052002
0.042800	-514.583008
0.042900	-301.372009
0.043000	-272.296997
0.043100	-243.223007
0.043200	-340.136993
0.043300	-427.359985
0.043400	-262.605988
0.043500	-126.926003
0.043600	-223.839996
0.043700	-49.394001
0.043800	8.754600
0.043900	-49.394001
0.044000	-68.776901
0.044100	-49.394001
0.044200	-68.776901
0.044300	-49.394001
0.044400	-117.234001
0.044500	-146.307999
0.044600	-146.307999
0.044700	-378.903015
0.044800	-466.126007
0.044900	-359.519989
0.045000	-320.753998
0.045100	-398.286011
0.045200	-456.434998
0.045300	-417.669006
0.045400	-281.989014
0.045500	-117.234001
0.045600	-204.457001
0.045700	-301.372009
0.045800	-223.839996
0.045900	-146.307999
0.046000	-223.839996
0.046100	-533.966003
0.046200	-630.880981
0.046300	-747.177979
0.046400	-941.007019
0.046500	-1018.539978
0.046600	-921.624023
0.046700	-921.624023
0.046800	-766.560974
0.046900	-650.263000
0.047000	-902.241028
0.047100	-902.241028
0.047200	-689.028992
0.047300	-689.028992
0.047400	-785.943970
0.047500	-785.943970
0.047600	-766.560974
0.047700	-669.645996
0.047800	-572.731995
0.047900	-727.794983
0.048000	-766.560974
0.048100	-766.560974
0.048200	-766.560974
0.048300	-689.028992
0.048400	-727.794983
0.048500	-882.857971
0.048600	-824.708984
0.048700	-727.794983
0.048800	-669.645996
0.048900	-698.721008
0.049000	-766.560974
0.049100	-766.560974
0.049200	-727.794983
0.049300	-650.263000
0.049400	-689.028992
0.049500	-747.177979
0.049600	-805.327026
0.049700	-766.560974
0.049800	-766.560974
0.049900	-805.327026
0.050000	-766.560974
0.050100	-553.348999
0.050200	-456.434998
0.050300	-417.669006
0.050400	-378.903015
0.050500	-243.223007
0.050600	-49.394001
0.050700	-146.307999
0.050800	-146.307999
0.050900	-146.307999
0.051000	-272.296997
0.051100	-330.446014
0.051200	-398.286011
0.051300	-456.434998
0.051400	-533.966003
0.051500	-553.348999
0.051600	-572.731995
0.051700	-533.966003
0.051800	-437.052002
0.051900	-446.743011
0.052000	-340.136993
0.052100	-156.000000
0.052200	-107.542999
0.052300	-49.394001
0.052400	-107.542999
0.052500	-126.926003
0.052600	-30.011200
0.052700	8.754600
0.052800	-68.776901
0.052900	-146.307999
0.053000	-68.776901
0.053100	86.286102
0.053200	154.126007
0.053300	183.201004
0.053400	280.114990
0.053500	221.966003
0.053600	260.731995
0.053700	299.497986
0.053800	241.348999
0.053900	202.582993
0.054000	66.903297
0.054100	-30.011200
0.054200	-10.628300
0.054300	-107.542999
0.054400	-223.839996
0.054500	-301.372009
0.054600	-252.914001
0.054700	-185.074005
0.054800	-194.766006
0.054900	-185.074005
0.055000	-88.159798
0.055100	-49.394001
0.055200	-146.307999
0.055300	-146.307999
0.055400	-165.690994
0.055500	-146.307999
0.055600	-49.394001
0.055700	144.434998
0.055800	260.731995
0.055900	241.348999
0.056000	280.114990
0.056100	357.647003
0.056200	415.795013
0.056300	396.411987
0.056400	338.264008
0.056500	241.348999
0.056600	144.434998
0.056700	66.903297
0.056800	76.594704
0.056900	-117.234001
0.057000	-223.839996
0.057100	-49.394001
0.057200	8.754600
0.057300	-97.851303
0.057400	-68.776901
0.057500	-49.394001
0.057600	-107.542999
0.057700	-68.776901
0.057800	-68.776901
0.057900	-107.542999
0.058000	-223.839996
0.058100	-185.074005
0.058200	-78.468399
0.058300	-10.628300
0.058400	-10.628300
0.058500	8.754600
0.058600	86.286102
0.058700	183.201004
0.058800	163.817993
0.058900	183.201004
0.059000	221.966003
0.059100	221.966003
0.059200	202.582993
0.059300	76.594704
0.059400	-30.011200
0.059500	-107.542999
0.059600	-223.839996
0.059700	-223.839996
0.059800	-146.307999
0.059900	-320.753998
0.060000	-504.891998
0.060100	-495.200012
0.060200	-514.583008
0.060300	-533.966003
0.060400	-417.669006
0.060500	-359.519989
0.060600	-378.903015
0.060700	-301.372009
0.060800	-223.839996
0.060900	-243.223007
0.061000	-262.605988
0.061100	-146.307999
0.061200	-146.307999
0.061300	-165.690994
0.061400	-117.234001
0.061500	-156.000000
0.061600	-107.542999
0.061700	-30.011200
0.061800	-88.159798
0.061900	-301.372009
0.062000	-204.457001
0.062100	-126.926003
0.062200	-185.074005
0.062300	-204.457001
0.062400	-165.690994
0.062500	-88.159798
0.062600	-30.011200
0.062700	-39.702599
0.062800	-146.307999
0.062900	-185.074005
0.063000	-107.542999
0.063100	-156.000000
0.063200	-262.605988
0.063300	-311.062988
0.063400	-301.372009
0.063500	-281.989014
0.063600	-223.839996
0.063700	-146.307999
0.063800	-107.542999
0.063900	-107.542999
0.064000	-107.542999
0.064100	-0.936839
0.064200	57.211800
0.064300	47.520401
0.064400	8.754600
0.064500	28.137501
0.064600	105.668999
0.064700	66.903297
0.064800	47.520401
0.064900	-0.936839
0.065000	-49.394001
0.065100	-78.468399
0.065200	-49.394001
0.065300	-49.394001
0.065400	-68.776901
0.065500	-68.776901
0.065600	-68.776901
0.065700	-30.011200
0.065800	8.754600
0.065900	-68.776901
0.066000	-107.542999
0.066100	-126.926003
0.066200	-0.936839
0.066300	8.754600
0.066400	-68.776901
0.066500	-68.776901
0.066600	-30.011200
0.066700	86.286102
0.066800	241.348999
0.066900	202.582993
0.067000	86.286102
0.067100	183.201004
0.067200	183.201004
0.067300	163.817993
0.067400	202.582993
0.067500	202.582993
0.067600	144.434998
0.067700	144.434998
0.067800	241.348999
0.067900	318.881012
0.068000	202.582993
0.068100	76.594704
0.068200	-10.628300
0.068300	-126.926003
0.068400	-68.776901
0.068500	-49.394001
0.068600	-68.776901
0.068700	-68.776901
0.068800	-88.159798
0.068900	-107.542999
0.069000	-185.074005
0.069100	-243.223007
0.069200	-146.307999
0.069300	-126.926003
0.069400	-107.542999
0.069500	-126.926003
0.069600	-223.839996
0.069700	-146.307999
0.069800	-165.690994
0.069900	-165.690994
0.070000	-146.307999
0.070100	-68.776901
0.070200	-88.159798
0.070300	-68.776901
0.070400	8.754600
0.070500	-10.628300
0.070600	47.520401
0.070700	66.903297
0.070800	-10.628300
0.070900	-117.234001
0.071000	-68.776901
0.071100	-0.936839
0.071200	47.520401
0.071300	66.903297
0.071400	115.360001
0.071500	163.817993
0.071600	144.434998
0.071700	125.052002
0.071800	125.052002
0.071900	86.286102
0.072000	105.668999
0.072100	144.434998
0.072200	202.582993
0.072300	144.434998
0.072400	202.582993
0.072500	241.348999
0.072600	202.582993
0.072700	163.817993
0.072800	202.582993
0.072900	289.806000
0.073000	241.348999
0.073100	163.817993
0.073200	192.891998
0.073300	183.201004
0.073400	202.582993
0.073500	202.582993
0.073600	144.434998
0.073700	163.817993
0.073800	163.817993
0.073900	125.052002
0.074000	154.126007
0.074100	86.286102
0.074200	66.903297
0.074300	66.903297
0.074400	66.903297
0.074500	66.903297
0.074600	66.903297
0.074700	-30.011200
0.074800	-0.936839
0.074900	-10.628300
0.075000	-78.468399
0.075100	-107.542999
0.075200	-107.542999
0.075300	-185.074005
0.075400	-262.605988
0.075500	-223.839996
0.075600	-301.372009
0.075700	-340.136993
0.075800	-301.372009
0.075900	-223.839996
0.076000	-262.605988
0.076100	-301.372009
0.076200	-359.519989
0.076300	-320.753998
0.076400	-185.074005
0.076500	-20.319700
0.076600	8.754600
0.076700	8.754600
0.076800	37.828899
0.076900	47.520401
0.077000	28.137501
0.077100	8.754600
0.077200	47.520401
0.077300	47.520401
0.077400	8.754600
0.077500	37.828899
0.077600	47.520401
0.077700	47.520401
0.077800	76.594704
0.077900	66.903297
0.078000	-10.628300
0.078100	125.052002
0.078200	163.817993
0.078300	144.434998
0.078400	76.594704
0.078500	-30.011200
0.078600	-107.542999
0.078700	-126.926003
0.078800	-117.234001
0.078900	-107.542999
0.079000	-223.839996
0.079100	-301.372009
0.079200	-340.136993
0.079300	-320.753998
0.079400	-311.062988
0.079500	-340.136993
0.079600	-281.989014
0.079700	-223.839996
0.079800	-223.839996
0.079900	-185.074005
0.080000	-88.159798
0.080100	28.137501
0.080200	86.286102
0.080300	47.520401
0.080400	76.594704
0.080500	183.201004
0.080600	163.817993
0.080700	163.817993
0.080800	241.348999
0.080900	260.731995
0.081000	241.348999
0.081100	163.817993
0.081200	134.742996
0.081300	183.201004
0.081400	241.348999
0.081500	86.286102
0.081600	18.445999
0.081700	86.286102
0.081800	66.903297
0.081900	-30.011200
0.082000	-10.628300
0.082100	-10.628300
0.082200	8.754600
0.082300	8.754600
0.082400	-107.542999
0.082500	-262.605988
0.082600	-185.074005
0.082700	-88.159798
0.082800	-136.617004
0.082900	-146.307999
0.083000	-30.011200
0.083100	86.286102
0.083200	28.137501
0.083300	28.137501
0.083400	8.754600
0.083500	8.754600
0.083600	86.286102
0.083700	125.052002
0.083800	28.137501
0.083900	125.052002
0.084000	163.817993
0.084100	105.668999
0.084200	125.052002
0.084300	163.817993
0.084400	183.201004
0.084500	125.052002
0.084600	8.754600
0.084700	66.903297
0.084800	8.754600
0.084900	-68.776901
0.085000	-68.776901
0.085100	8.754600
0.085200	47.520401
0.085300	47.520401
0.085400	28.137501
0.085500	-30.011200
0.085600	-107.542999
0.085700	-126.926003
0.085800	-185.074005
0.085900	-233.531006
0.086000	-146.307999
0.086100	-107.542999
0.086200	-107.542999
0.086300	-165.690994
0.086400	-107.542999
0.086500	-30.011200
0.086600	8.754600
0.086700	8.754600
0.086800	-0.936839
0.086900	-49.394001
0.087000	8.754600
0.087100	125.052002
0.087200	125.052002
0.087300	163.817993
0.087400	154.126007
0.087500	163.817993
0.087600	86.286102
0.087700	8.754600
0.087800	66.903297
0.087900	86.286102
0.088000	154.126007
0.088100	125.052002
0.088200	86.286102
0.088300	163.817993
0.088400	125.052002
0.088500	8.754600
0.088600	8.754600
0.088700	86.286102
0.088800	86.286102
0.088900	66.903297
0.089000	8.754600
0.089100	-68.776901
0.089200	-107.542999
0.089300	-68.776901
0.089400	125.052002
0.089500	66.903297
0.089600	-88.159798
0.089700	-10.628300
0.089800	8.754600
0.089900	47.520401
0.090000	163.817993
0.090100	163.817993
0.090200	86.286102
0.090300	86.286102
0.090400	86.286102
0.090500	47.520401
0.090600	-0.936839
0.090700	-30.011200
0.090800	8.754600
0.090900	105.668999
0.091000	47.520401
0.091100	-30.011200
0.091200	-68.776901
0.091300	-68.776901
0.091400	-30.011200
0.091500	66.903297
0.091600	66.903297
0.091700	8.754600
0.091800	-20.319700
0.091900	-10.628300
0.092000	28.137501
0.092100	125.052002
0.092200	105.668999
0.092300	8.754600
0.092400	-30.011200
0.092500	-30.011200
0.092600	28.137501
0.092700	47.520401
0.092800	105.668999
0.092900	125.052002
0.093000	8.754600
0.093100	-30.011200
0.093200	-78.468399
0.093300	-88.159798
0.093400	-10.628300
0.093500	-107.542999
0.093600	-126.926003
0.093700	-39.702599
0.093800	-0.936839
0.093900	-49.394001
0.094000	-30.011200
0.094100	-68.776901
0.094200	-126.926003
0.094300	-68.776901
0.094400	-0.936839
0.094500	8.754600
0.094600	-10.628300
0.094700	8.754600
0.094800	57.211800
0.094900	47.520401
0.095000	86.286102
0.095100	202.582993
0.095200	115.360001
0.095300	28.137501
0.095400	28.137501
0.095500	66.903297
0.095600	37.828899
0.095700	8.754600
0.095800	8.754600
0.095900	47.520401
0.096000	125.052002
0.096100	144.434998
0.096200	8.754600
0.096300	-68.776901
0.096400	-107.542999
0.096500	-49.394001
0.096600	66.903297
0.096700	86.286102
0.096800	47.520401
0.096900	8.754600
0.097000	66.903297
0.097100	86.286102
0.097200	28.137501
0.097300	8.754600
0.097400	8.754600
0.097500	8.754600
0.097600	-59.085499
0.097700	-10.628300
0.097800	86.286102
0.097900	66.903297
0.098000	86.286102
0.098100	76.594704
0.098200	57.211800
0.098300	154.126007
0.098400	144.434998
0.098500	86.286102
0.098600	125.052002
0.098700	125.052002
0.098800	28.137501
0.098900	-0.936839
0.099000	8.754600
0.099100	8.754600
0.099200	-10.628300
0.099300	-30.011200
0.099400	8.754600
0.099500	-10.628300
0.099600	8.754600
0.099700	8.754600
0.099800	-10.628300
0.099900	-68.776901
0.100000	-49.394001
0.100100	-68.776901
0.100200	-126.926003
0.100300	-68.776901
0.100400	8.754600
0.100500	125.052002
0.100600	105.668999
0.100700	86.286102
0.100800	66.903297
0.100900	28.137501
0.101000	8.754600
0.101100	-30.011200
0.101200	-107.542999
0.101300	-126.926003
0.101400	-126.926003
0.101500	-165.690994
0.101600	-107.542999
0.101700	-107.542999
0.101800	-68.776901
0.101900	-30.011200
0.102000	8.754600
0.102100	8.754600
0.102200	86.286102
0.102300	183.201004
0.102400	-10.628300
0.102500	-10.628300
0.102600	47.520401
0.102700	-49.394001
0.102800	-107.542999
0.102900	-30.011200
0.103000	47.520401
0.103100	115.360001
0.103200	144.434998
0.103300	47.520401
0.103400	-10.628300
0.103500	37.828899
0.103600	-10.628300
0.103700	-10.628300
0.103800	125.052002
0.103900	125.052002
0.104000	47.520401
0.104100	86.286102
0.104200	125.052002
0.104300	76.594704
0.104400	28.137501
0.104500	66.903297
0.104600	47.520401
0.104700	47.520401
0.104800	86.286102
0.104900	86.286102
0.105000	57.211800
0.105100	8.754600
0.105200	8.754600
0.105300	144.434998
0.105400	202.582993
0.105500	144.434998
0.105600	66.903297
0.105700	47.520401
0.105800	47.520401
0.105900	154.126007
0.106000	125.052002
0.106100	86.286102
0.106200	47.520401
0.106300	-30.011200
0.106400	-10.628300
0.106500	86.286102
0.106600	47.520401
0.106700	-30.011200
0.106800	-30.011200
0.106900	-68.776901
0.107000	-49.394001
0.107100	8.754600
0.107200	8.754600
0.107300	28.137501
0.107400	8.754600
0.107500	8.754600
0.107600	-30.011200
0.107700	-20.319700
0.107800	66.903297
0.107900	86.286102
0.108000	47.520401
0.108100	47.520401
0.108200	47.520401
0.108300	18.445999
0.108400	66.903297
0.108500	144.434998
0.108600	163.817993
0.108700	125.052002
0.108800	134.742996
0.108900	163.817993
0.109000	115.360001
0.109100	86.286102
0.109200	144.434998
0.109300	47.520401
0.109400	86.286102
0.109500	86.286102
0.109600	76.594704
0.109700	47.520401
0.109800	66.903297
0.109900	-0.936839
0.110000	-68.776901
0.110100	-68.776901
0.110200	-30.011200
0.110300	-10.628300
0.110400	-30.011200
0.110500	-10.628300
0.110600	-88.159798
0.110700	-30.011200
0.110800	47.520401
0.110900	47.520401
0.111000	66.903297
0.111100	47.520401
0.111200	28.137501
0.111300	-39.702599
0.111400	-30.011200
0.111500	28.137501
0.111600	57.211800
0.111700	86.286102
0.111800	86.286102
0.111900	163.817993
0.112000	183.201004
0.112100	86.286102
0.112200	-10.628300
0.112300	28.137501
0.112400	47.520401
0.112500	47.520401
0.112600	86.286102
0.112700	66.903297
0.112800	57.211800
0.112900	47.520401
0.113000	-30.011200
0.113100	28.137501
0.113200	125.052002
0.113300	86.286102
0.113400	86.286102
0.113500	76.594704
0.113600	8.754600
0.113700	163.817993
0.113800	125.052002
0.113900	47.520401
0.114000	8.754600
0.114100	8.754600
0.114200	66.903297
0.114300	66.903297
0.114400	8.754600
0.114500	8.754600
0.114600	86.286102
0.114700	105.668999
0.114800	47.520401
0.114900	125.052002
0.115000	8.754600
0.115100	8.754600
0.115200	86.286102
0.115300	47.520401
0.115400	66.903297
0.115500	47.520401
0.115600	8.754600
0.115700	163.817993
0.115800	163.817993
0.115900	8.754600
0.116000	8.754600
0.116100	86.286102
0.116200	163.817993
0.116300	183.201004
0.116400	144.434998
0.116500	66.903297
0.116600	86.286102
0.116700	163.817993
0.116800	105.668999
0.116900	86.286102
0.117000	144.434998
0.117100	163.817993
0.117200	105.668999
0.117300	125.052002
0.117400	125.052002
0.117500	163.817993
0.117600	86.286102
0.117700	76.594704
0.117800	8.754600
0.117900	8.754600
0.118000	86.286102
0.118100	76.594704
0.118200	125.052002
0.118300	241.348999
0.118400	115.360001
0.118500	125.052002
0.118600	280.114990
0.118700	241.348999
0.118800	154.126007
0.118900	115.360001
0.119000	163.817993
0.119100	221.966003
0.119200	202.582993
0.119300	163.817993
0.119400	183.201004
0.119500	105.668999
0.119600	105.668999
0.119700	163.817993
0.119800	163.817993
0.119900	163.817993
0.120000	163.817993
0.120100	125.052002
0.120200	163.817993
0.120300	163.817993
0.120400	86.286102
0.120500	47.520401
0.120600	8.754600
0.120700	47.520401
0.120800	154.126007
0.120900	86.286102
0.121000	86.286102
0.121100	86.286102
0.121200	28.137501
0.121300	-30.011200
0.121400	8.754600
0.121500	28.137501
0.121600	8.754600
0.121700	8.754600
0.121800	8.754600
0.121900	125.052002
0.122000	8.754600
0.122100	-49.394001
0.122200	8.754600
0.122300	163.817993
0.122400	163.817993
0.122500	86.286102
0.122600	47.520401
0.122700	8.754600
0.122800	-30.011200
0.122900	-68.776901
0.123000	-20.319700
0.123100	8.754600
0.123200	-0.936839
0.123300	-107.542999
0.123400	-88.159798
0.123500	8.754600
0.123600	-0.936839
0.123700	-146.307999
0.123800	-107.542999
0.123900	8.754600
0.124000	66.903297
0.124100	8.754600
0.124200	66.903297
0.124300	86.286102
0.124400	37.828899
0.124500	8.754600
0.124600	-10.628300
0.124700	-30.011200
0.124800	8.754600
0.124900	28.137501
0.125000	-10.628300
0.125100	-30.011200
0.125200	-10.628300
0.125300	28.137501
0.125400	8.754600
0.125500	-10.628300
0.125600	8.754600
0.125700	86.286102
0.125800	47.520401
0.125900	-88.159798
0.126000	-88.159798
0.126100	8.754600
0.126200	8.754600
0.126300	8.754600
0.126400	47.520401
0.126500	37.828899
0.126600	-10.628300
0.126700	-39.702599
0.126800	8.754600
0.126900	8.754600
0.127000	66.903297
0.127100	66.903297
0.127200	66.903297
0.127300	66.903297
0.127400	37.828899
0.127500	-30.011200
0.127600	-68.776901
0.127700	-49.394001
0.127800	37.828899
0.127900	105.668999
0.128000	66.903297
0.128100	86.286102
0.128200	144.434998
0.128300	37.828899
0.128400	86.286102
0.128500	86.286102
0.128600	47.520401
0.128700	47.520401
0.128800	105.668999
0.128900	163.817993
0.129000	163.817993
0.129100	28.137501
0.129200	18.445999
0.129300	-10.628300
0.129400	-49.394001
0.129500	28.137501
0.129600	86.286102
0.129700	86.286102
0.129800	105.668999
0.129900	183.201004
0.130000	105.668999
0.130100	-30.011200
0.130200	-30.011200
0.130300	8.754600
0.130400	8.754600
0.130500	-0.936839
0.130600	28.137501
0.130700	86.286102
0.130800	86.286102
0.130900	8.754600
0.131000	8.754600
0.131100	8.754600
0.131200	-68.776901
0.131300	-68.776901
0.131400	8.754600
0.131500	8.754600
0.131600	-10.628300
0.131700	8.754600
0.131800	28.137501
0.131900	8.754600
0.132000	-0.936839
0.132100	-30.011200
0.132200	-107.542999
0.132300	47.520401
0.132400	66.903297
0.132500	-68.776901
0.132600	-49.394001
0.132700	-10.628300
0.132800	66.903297
0.132900	8.754600
0.133000	-68.776901
0.133100	28.137501
0.133200	86.286102
0.133300	154.126007
0.133400	86.286102
0.133500	28.137501
0.133600	8.754600
0.133700	8.754600
0.133800	66.903297
0.133900	18.445999
0.134000	37.828899
0.134100	28.137501
0.134200	-10.628300
0.134300	28.137501
0.134400	28.137501
0.134500	-30.011200
0.134600	8.754600
0.134700	86.286102
0.134800	86.286102
0.134900	86.286102
0.135000	28.137501
0.135100	-107.542999
0.135200	8.754600
0.135300	154.126007
0.135400	86.286102
0.135500	37.828899
0.135600	28.137501
0.135700	8.754600
0.135800	-30.011200
0.135900	8.754600
0.136000	28.137501
0.136100	47.520401
0.136200	47.520401
0.136300	47.520401
0.136400	144.434998
0.136500	125.052002
0.136600	125.052002
0.136700	86.286102
0.136800	47.520401
0.136900	8.754600
0.137000	37.828899
0.137100	47.520401
0.137200	47.520401
0.137300	18.445999
0.137400	115.360001
0.137500	8.754600
0.137600	-49.394001
0.137700	8.754600
0.137800	134.742996
0.137900	28.137501
0.138000	-30.011200
0.138100	8.754600
0.138200	66.903297
0.138300	86.286102
0.138400	28.137501
0.138500	8.754600
0.138600	8.754600
0.138700	37.828899
0.138800	28.137501
0.138900	-30.011200
0.139000	-10.628300
0.139100	8.754600
0.139200	47.520401
0.139300	66.903297
0.139400	28.137501
0.139500	66.903297
0.139600	66.903297
0.139700	37.828899
0.139800	8.754600
0.139900	-68.776901
0.140000	-10.628300
0.140100	86.286102
0.140200	8.754600
0.140300	-68.776901
0.140400	-146.307999
0.140500	-68.776901
0.140600	86.286102
0.140700	86.286102
0.140800	8.754600
0.140900	-10.628300
0.141000	8.754600
0.141100	47.520401
0.141200	125.052002
0.141300	144.434998
0.141400	86.286102
0.141500	8.754600
0.141600	-30.011200
0.141700	-10.628300
0.141800	47.520401
0.141900	47.520401
0.142000	28.137501
0.142100	8.754600
0.142200	8.754600
0.142300	37.828899
0.142400	66.903297
0.142500	47.520401
0.142600	8.754600
0.142700	-10.628300
0.142800	-68.776901
0.142900	-88.159798
0.143000	8.754600
0.143100	144.434998
0.143200	47.520401
0.143300	-30.011200
0.143400	37.828899
0.143500	66.903297
0.143600	66.903297
0.143700	8.754600
0.143800	-20.319700
0.143900	-10.628300
0.144000	86.286102
0.144100	163.817993
0.144200	163.817993
0.144300	125.052002
0.144400	66.903297
0.144500	86.286102
0.144600	125.052002
0.144700	86.286102
0.144800	86.286102
0.144900	66.903297
0.145000	-10.628300
0.145100	-30.011200
0.145200	47.520401
0.145300	86.286102
0.145400	8.754600
0.145500	-0.936839
0.145600	8.754600
0.145700	86.286102
0.145800	105.668999
0.145900	66.903297
0.146000	86.286102
0.146100	28.137501
0.146200	8.754600
0.146300	125.052002
0.146400	86.286102
0.146500	86.286102
0.146600	125.052002
0.146700	154.126007
0.146800	8.754600
0.146900	8.754600
0.147000	86.286102
0.147100	86.286102
0.147200	37.828899
0.147300	8.754600
0.147400	8.754600
0.147500	8.754600
0.147600	8.754600
0.147700	47.520401
0.147800	8.754600
0.147900	86.286102
0.148000	86.286102
0.148100	115.360001
0.148200	76.594704
0.148300	66.903297
0.148400	8.754600
0.148500	86.286102
0.148600	125.052002
0.148700	86.286102
0.148800	115.360001
0.148900	28.137501
0.149000	8.754600
0.149100	8.754600
0.149200	8.754600
0.149300	86.286102
0.149400	-10.628300
0.149500	-68.776901
0.149600	-10.628300
0.149700	28.137501
0.149800	-30.011200
0.149900	8.754600
0.150000	115.360001
0.150100	47.520401
0.150200	-10.628300
0.150300	66.903297
0.150400	125.052002
0.150500	28.137501
0.150600	-88.159798
0.150700	-68.776901
0.150800	47.520401
0.150900	66.903297
0.151000	8.754600
0.151100	86.286102
0.151200	86.286102
0.151300	86.286102
0.151400	37.828899
0.151500	8.754600
0.151600	8.754600
0.151700	8.754600
0.151800	8.754600
0.151900	8.754600
0.152000	-68.776901
0.152100	-88.159798
0.152200	-10.628300
0.152300	-88.159798
0.152400	-68.776901
0.152500	37.828899
0.152600	86.286102
0.152700	8.754600
0.152800	-30.011200
0.152900	8.754600
0.153000	8.754600
0.153100	8.754600
0.153200	115.360001
0.153300	76.594704
0.153400	8.754600
0.153500	-39.702599
0.153600	28.137501
0.153700	37.828899
0.153800	66.903297
0.153900	86.286102
0.154000	8.754600
0.154100	47.520401
0.154200	125.052002
0.154300	47.520401
0.154400	8.754600
0.154500	8.754600
0.154600	66.903297
0.154700	115.360001
0.154800	66.903297
0.154900	28.137501
0.155000	8.754600
0.155100	-68.776901
0.155200	-10.628300
0.155300	8.754600
0.155400	8.754600
0.155500	8.754600
0.155600	8.754600
0.155700	86.286102
0.155800	125.052002
0.155900	86.286102
0.156000	76.594704
0.156100	66.903297
0.156200	105.668999
0.156300	66.903297
0.156400	28.137501
0.156500	8.754600
0.156600	28.137501
0.156700	47.520401
0.156800	57.211800
0.156900	86.286102
0.157000	105.668999
0.157100	86.286102
0.157200	37.828899
0.157300	-10.628300
0.157400	76.594704
0.157500	57.211800
0.157600	28.137501
0.157700	-10.628300
0.157800	-10.628300
0.157900	-10.628300
0.158000	47.520401
0.158100	47.520401
0.158200	86.286102
0.158300	144.434998
0.158400	86.286102
0.158500	47.520401
0.158600	66.903297
0.158700	66.903297
0.158800	8.754600
0.158900	66.903297
0.159000	66.903297
0.159100	28.137501
0.159200	57.211800
0.159300	163.817993
0.159400	163.817993
0.159500	105.668999
0.159600	28.137501
0.159700	28.137501
0.159800	86.286102
0.159900	28.137501
0.160000	28.137501
0.160100	28.137501
0.160200	47.520401
0.160300	125.052002
0.160400	115.360001
0.160500	66.903297
0.160600	8.754600
0.160700	8.754600
0.160800	66.903297
0.160900	47.520401
0.161000	76.594704
0.161100	47.520401
0.161200	105.668999
0.161300	28.137501
0.161400	8.754600
0.161500	8.754600
0.161600	8.754600
0.161700	8.754600
0.161800	28.137501
0.161900	28.137501
0.162000	47.520401
0.162100	86.286102
0.162200	66.903297
0.162300	-10.628300
0.162400	-10.628300
0.162500	8.754600
0.162600	-0.936839
0.162700	28.137501
0.162800	66.903297
0.162900	28.137501
0.163000	57.211800
0.163100	115.360001
0.163200	105.668999
0.163300	8.754600
0.163400	86.286102
0.163500	86.286102
0.163600	163.817993
0.163700	163.817993
0.163800	86.286102
0.163900	28.137501
0.164000	8.754600
0.164100	8.754600
0.164200	-30.011200
0.164300	8.754600
0.164400	47.520401
0.164500	8.754600
0.164600	-10.628300
0.164700	66.903297
0.164800	86.286102
0.164900	-30.011200
0.165000	8.754600
0.165100	37.828899
0.165200	47.520401
0.165300	8.754600
0.165400	8.754600
0.165500	8.754600
0.165600	8.754600
0.165700	86.286102
0.165800	47.520401
0.165900	-68.776901
0.166000	-68.776901
0.166100	47.520401
0.166200	125.052002
0.166300	105.668999
0.166400	105.668999
0.166500	144.434998
0.166600	192.891998
0.166700	66.903297
0.166800	-10.628300
0.166900	125.052002
0.167000	212.274994
0.167100	86.286102
0.167200	8.754600
0.167300	-30.011200
0.167400	-68.776901
0.167500	8.754600
0.167600	125.052002
0.167700	163.817993
0.167800	66.903297
0.167900	86.286102
0.168000	8.754600
0.168100	-10.628300
0.168200	28.137501
0.168300	57.211800
0.168400	28.137501
0.168500	47.520401
0.168600	47.520401
0.168700	47.520401
0.168800	47.520401
0.168900	-30.011200
0.169000	-30.011200
0.169100	8.754600
0.169200	47.520401
0.169300	86.286102
0.169400	66.903297
0.169500	47.520401
0.169600	66.903297
0.169700	-10.628300
0.169800	-88.159798
0.169900	8.754600
0.170000	8.754600
0.170100	8.754600
0.170200	86.286102
0.170300	105.668999
0.170400	-10.628300
0.170500	86.286102
0.170600	144.434998
0.170700	202.582993
0.170800	163.817993
0.170900	66.903297
0.171000	8.754600
0.171100	86.286102
0.171200	163.817993
0.171300	66.903297
0.171400	-10.628300
0.171500	8.754600
0.171600	-10.628300
0.171700	8.754600
0.171800	86.286102
0.171900	66.903297
0.172000	-30.011200
0.172100	-30.011200
0.172200	8.754600
0.172300	8.754600
0.172400	-68.776901
0.172500	-10.628300
0.172600	28.137501
0.172700	28.137501
0.172800	-10.628300
0.172900	47.520401
0.173000	66.903297
0.173100	66.903297
0.173200	66.903297
0.173300	-49.394001
0.173400	-107.542999
0.173500	28.137501
0.173600	47.520401
0.173700	47.520401
0.173800	28.137501
0.173900	28.137501
0.174000	125.052002
0.174100	66.903297
0.174200	-30.011200
0.174300	-30.011200
0.174400	28.137501
0.174500	8.754600
0.174600	-20.319700
0.174700	8.754600
0.174800	57.211800
0.174900	66.903297
0.175000	-10.628300
0.175100	-30.011200
0.175200	115.360001
0.175300	144.434998
0.175400	47.520401
0.175500	-0.936839
0.175600	8.754600
0.175700	-30.011200
0.175800	8.754600
0.175900	47.520401
0.176000	66.903297
0.176100	8.754600
0.176200	-39.702599
0.176300	-49.394001
0.176400	66.903297
0.176500	125.052002
0.176600	8.754600
0.176700	-49.394001
0.176800	8.754600
0.176900	66.903297
0.177000	66.903297
0.177100	125.052002
0.177200	125.052002
0.177300	125.052002
0.177400	144.434998
0.177500	105.668999
0.177600	-10.628300
0.177700	-68.776901
0.177800	8.754600
0.177900	86.286102
0.178000	86.286102
0.178100	47.520401
0.178200	86.286102
0.178300	47.520401
0.178400	125.052002
0.178500	192.891998
0.178600	125.052002
0.178700	86.286102
0.178800	47.520401
0.178900	8.754600
0.179000	8.754600
0.179100	28.137501
0.179200	163.817993
0.179300	202.582993
0.179400	66.903297
0.179500	-10.628300
0.179600	8.754600
0.179700	66.903297
0.179800	86.286102
0.179900	8.754600
0.180000	8.754600
0.180100	8.754600
0.180200	47.520401
0.180300	86.286102
0.180400	8.754600
0.180500	8.754600
0.180600	8.754600
0.180700	-30.011200
0.180800	8.754600
0.180900	47.520401
0.181000	105.668999
0.181100	47.520401
0.181200	8.754600
0.181300	28.137501
0.181400	-10.628300
0.181500	-30.011200
0.181600	28.137501
0.181700	28.137501
0.181800	8.754600
0.181900	8.754600
0.182000	47.520401
0.182100	47.520401
0.182200	8.754600
0.182300	47.520401
0.182400	144.434998
0.182500	86.286102
0.182600	66.903297
0.182700	37.828899
0.182800	8.754600
0.182900	-10.628300
0.183000	-88.159798
0.183100	-117.234001
0.183200	-68.776901
0.183300	-49.394001
0.183400	8.754600
0.183500	28.137501
0.183600	28.137501
0.183700	28.137501
0.183800	66.903297
0.183900	-30.011200
0.184000	8.754600
0.184100	28.137501
0.184200	86.286102
0.184300	66.903297
0.184400	76.594704
0.184500	47.520401
0.184600	47.520401
0.184700	18.445999
0.184800	-49.394001
0.184900	-30.011200
0.185000	125.052002
0.185100	144.434998
0.185200	47.520401
0.185300	8.754600
0.185400	28.137501
0.185500	86.286102
0.185600	125.052002
0.185700	37.828899
0.185800	8.754600
0.185900	47.520401
0.186000	66.903297
0.186100	28.137501
0.186200	8.754600
0.186300	-30.011200
0.186400	-68.776901
0.186500	66.903297
0.186600	125.052002
0.186700	-10.628300
0.186800	8.754600
0.186900	66.903297
0.187000	8.754600
0.187100	47.520401
0.187200	57.211800
0.187300	8.754600
0.187400	47.520401
0.187500	47.520401
0.187600	-30.011200
0.187700	37.828899
0.187800	86.286102
0.187900	28.137501
0.188000	76.594704
0.188100	86.286102
0.188200	47.520401
0.188300	86.286102
0.188400	86.286102
0.188500	37.828899
0.188600	-10.628300
0.188700	8.754600
0.188800	144.434998
0.188900	163.817993
0.189000	125.052002
0.189100	86.286102
0.189200	66.903297
0.189300	37.828899
0.189400	8.754600
0.189500	8.754600
0.189600	8.754600
0.189700	28.137501
0.189800	-0.936839
0.189900	-10.628300
0.190000	37.828899
0.190100	115.360001
0.190200	105.668999
0.190300	-10.628300
0.190400	8.754600
0.190500	66.903297
0.190600	66.903297
0.190700	66.903297
0.190800	8.754600
0.190900	-88.159798
0.191000	-107.542999
0.191100	-10.628300
0.191200	47.520401
0.191300	-10.628300
0.191400	8.754600
0.191500	76.594704
0.191600	28.137501
0.191700	8.754600
0.191800	8.754600
0.191900	125.052002
0.192000	154.126007
0.192100	125.052002
0.192200	154.126007
0.192300	86.286102
0.192400	76.594704
0.192500	47.520401
0.192600	-0.936839
0.192700	47.520401
0.192800	86.286102
0.192900	86.286102
0.193000	163.817993
0.193100	163.817993
0.193200	66.903297
0.193300	66.903297
0.193400	86.286102
0.193500	47.520401
0.193600	-30.011200
0.193700	8.754600
0.193800	86.286102
0.193900	125.052002
0.194000	86.286102
0.194100	105.668999
0.194200	86.286102
0.194300	86.286102
0.194400	66.903297
0.194500	125.052002
0.194600	134.742996
0.194700	47.520401
0.194800	8.754600
0.194900	47.520401
0.195000	8.754600
0.195100	37.828899
0.195200	86.286102
0.195300	66.903297
0.195400	86.286102
0.195500	86.286102
0.195600	125.052002
0.195700	115.360001
0.195800	86.286102
0.195900	66.903297
0.196000	66.903297
0.196100	28.137501
0.196200	-10.628300
0.196300	125.052002
0.196400	144.434998
0.196500	8.754600
0.196600	-30.011200
0.196700	8.754600
0.196800	47.520401
0.196900	8.754600
0.197000	-30.011200
0.197100	-10.628300
0.197200	47.520401
0.197300	8.754600
0.197400	8.754600
0.197500	105.668999
0.197600	125.052002
0.197700	86.286102
0.197800	144.434998
0.197900	57.211800
0.198000	-68.776901
0.198100	8.754600
0.198200	66.903297
0.198300	66.903297
0.198400	76.594704
0.198500	66.903297
0.198600	28.137501
0.198700	47.520401
0.198800	86.286102
0.198900	86.286102
0.199000	47.520401
0.199100	47.520401
0.199200	66.903297
0.199300	8.754600
0.199400	-30.011200
0.199500	86.286102
0.199600	125.052002
0.199700	8.754600
0.199800	-68.776901
0.199900	-20.319700
0.200000	47.520401
0.200100	86.286102
0.200200	8.754600
0.200300	47.520401
0.200400	86.286102
0.200500	76.594704
0.200600	86.286102
0.200700	-10.628300
0.200800	-10.628300
0.200900	47.520401
0.201000	47.520401
0.201100	28.137501
0.201200	8.754600
0.201300	-10.628300
0.201400	-10.628300
0.201500	47.520401
0.201600	37.828899
0.201700	8.754600
0.201800	-10.628300
0.201900	-10.628300
0.202000	8.754600
0.202100	86.286102
0.202200	86.286102
0.202300	47.520401
0.202400	8.754600
0.202500	28.137501
0.202600	86.286102
0.202700	86.286102
0.202800	125.052002
0.202900	66.903297
0.203000	37.828899
0.203100	8.754600
0.203200	8.754600
0.203300	86.286102
0.203400	47.520401
0.203500	-10.628300
0.203600	28.137501
0.203700	28.137501
0.203800	86.286102
0.203900	144.434998
0.204000	125.052002
0.204100	76.594704
0.204200	125.052002
0.204300	163.817993
0.204400	76.594704
0.204500	47.520401
0.204600	57.211800
0.204700	8.754600
0.204800	8.754600
0.204900	8.754600
0.205000	47.520401
0.205100	47.520401
0.205200	47.520401
0.205300	86.286102
0.205400	144.434998
0.205500	47.520401
0.205600	28.137501
0.205700	105.668999
0.205800	86.286102
0.205900	8.754600
0.206000	8.754600
0.206100	66.903297
0.206200	47.520401
0.206300	-10.628300
0.206400	8.754600
0.206500	47.520401
0.206600	86.286102
0.206700	47.520401
0.206800	-0.936839
0.206900	-68.776901
0.207000	8.754600
0.207100	37.828899
0.207200	47.520401
0.207300	66.903297
0.207400	47.520401
0.207500	-30.011200
0.207600	8.754600
0.207700	-10.628300
0.207800	47.520401
0.207900	-10.628300
0.208000	-88.159798
0.208100	-30.011200
0.208200	86.286102
0.208300	28.137501
0.208400	-30.011200
0.208500	8.754600
0.208600	8.754600
0.208700	-30.011200
0.208800	-49.394001
0.208900	28.137501
0.209000	8.754600
0.209100	8.754600
0.209200	66.903297
0.209300	105.668999
0.209400	105.668999
0.209500	66.903297
0.209600	47.520401
0.209700	8.754600
0.209800	-30.011200
0.209900	47.520401
0.210000	154.126007
0.210100	163.817993
0.210200	144.434998
0.210300	8.754600
0.210400	8.754600
0.210500	125.052002
0.210600	66.903297
0.210700	-30.011200
0.210800	-68.776901
0.210900	-49.394001
0.211000	8.754600
0.211100	8.754600
0.211200	-68.776901
0.211300	-49.394001
0.211400	-68.776901
0.211500	-10.628300
0.211600	47.520401
0.211700	28.137501
0.211800	8.754600
0.211900	86.286102
0.212000	144.434998
0.212100	86.286102
0.212200	8.754600
0.212300	-10.628300
0.212400	8.754600
0.212500	8.754600
0.212600	86.286102
0.212700	125.052002
0.212800	86.286102
0.212900	105.668999
0.213000	163.817993
0.213100	154.126007
0.213200	144.434998
0.213300	76.594704
0.213400	-0.936839
0.213500	8.754600
0.213600	125.052002
0.213700	105.668999
0.213800	-30.011200
0.213900	-0.936839
0.214000	28.137501
0.214100	47.520401
0.214200	37.828899
0.214300	66.903297
0.214400	28.137501
0.214500	-10.628300
0.214600	-68.776901
0.214700	8.754600
0.214800	76.594704
0.214900	86.286102
0.215000	86.286102
0.215100	37.828899
0.215200	-10.628300
0.215300	8.754600
0.215400	47.520401
0.215500	28.137501
0.215600	-0.936839
0.215700	8.754600
0.215800	8.754600
0.215900	47.520401
0.216000	47.520401
0.216100	-39.702599
0.216200	-39.702599
0.216300	8.754600
0.216400	86.286102
0.216500	8.754600
0.216600	-88.159798
0.216700	-10.628300
0.216800	66.903297
0.216900	8.754600
0.217000	47.520401
0.217100	105.668999
0.217200	144.434998
0.217300	125.052002
0.217400	125.052002
0.217500	86.286102
0.217600	66.903297
0.217700	47.520401
0.217800	28.137501
0.217900	28.137501
0.218000	86.286102
0.218100	8.754600
0.218200	66.903297
0.218300	86.286102
0.218400	86.286102
0.218500	86.286102
0.218600	-30.011200
0.218700	-30.011200
0.218800	-30.011200
0.218900	-30.011200
0.219000	-30.011200
0.219100	8.754600
0.219200	28.137501
0.219300	47.520401
0.219400	28.137501
0.219500	8.754600
0.219600	-68.776901
0.219700	-146.307999
0.219800	-68.776901
0.219900	47.520401
0.220000	-10.628300
0.220100	66.903297
0.220200	86.286102
0.220300	8.754600
0.220400	28.137501
0.220500	86.286102
0.220600	115.360001
0.220700	76.594704
0.220800	66.903297
0.220900	-30.011200
0.221000	-49.394001
0.221100	47.520401
0.221200	192.891998
0.221300	183.201004
0.221400	66.903297
0.221500	8.754600
0.221600	8.754600
0.221700	-30.011200
0.221800	-10.628300
0.221900	8.754600
0.222000	8.754600
0.222100	8.754600
0.222200	37.828899
0.222300	28.137501
0.222400	-30.011200
0.222500	-10.628300
0.222600	47.520401
0.222700	28.137501
0.222800	8.754600
0.222900	8.754600
0.223000	8.754600
0.223100	-10.628300
0.223200	-49.394001
0.223300	-30.011200
0.223400	-10.628300
0.223500	-30.011200
0.223600	37.828899
0.223700	144.434998
0.223800	28.137501
0.223900	-107.542999
0.224000	-68.776901
0.224100	8.754600
0.224200	-10.628300
0.224300	8.754600
0.224400	47.520401
0.224500	-0.936839
0.224600	-68.776901
0.224700	-10.628300
0.224800	86.286102
0.224900	163.817993
0.225000	28.137501
0.225100	-30.011200
0.225200	-30.011200
0.225300	-30.011200
0.225400	-10.628300
0.225500	-49.394001
0.225600	-68.776901
0.225700	-10.628300
0.225800	47.520401
0.225900	28.137501
0.226000	47.520401
0.226100	115.360001
0.226200	86.286102
0.226300	-10.628300
0.226400	28.137501
0.226500	18.445999
0.226600	-0.936839
0.226700	47.520401
0.226800	47.520401
0.226900	8.754600
0.227000	86.286102
0.227100	86.286102
0.227200	28.137501
0.227300	8.754600
0.227400	86.286102
0.227500	66.903297
0.227600	47.520401
0.227700	66.903297
0.227800	47.520401
0.227900	8.754600
0.228000	-30.011200
0.228100	-10.628300
0.228200	28.137501
0.228300	-10.628300
0.228400	-49.394001
0.228500	-30.011200
0.228600	8.754600
0.228700	8.754600
0.228800	-10.628300
0.228900	47.520401
0.229000	86.286102
0.229100	47.520401
0.229200	47.520401
0.229300	47.520401
0.229400	8.754600
0.229500	47.520401
0.229600	125.052002
0.229700	86.286102
0.229800	47.520401
0.229900	47.520401
0.230000	86.286102
0.230100	57.211800
0.230200	-10.628300
0.230300	-10.628300
0.230400	57.211800
0.230500	47.520401
0.230600	8.754600
0.230700	-10.628300
0.230800	-10.628300
0.230900	8.754600
0.231000	37.828899
0.231100	76.594704
0.231200	66.903297
0.231300	37.828899
0.231400	8.754600
0.231500	47.520401
0.231600	66.903297
0.231700	66.903297
0.231800	86.286102
0.231900	86.286102
0.232000	8.754600
0.232100	-10.628300
0.232200	-49.394001
0.232300	47.520401
0.232400	86.286102
0.232500	86.286102
0.232600	86.286102
0.232700	8.754600
0.232800	-30.011200
0.232900	8.754600
0.233000	125.052002
0.233100	163.817993
0.233200	66.903297
0.233300	105.668999
0.233400	134.742996
0.233500	86.286102
0.233600	47.520401
0.233700	66.903297
0.233800	8.754600
0.233900	8.754600
0.234000	125.052002
0.234100	86.286102
0.234200	8.754600
0.234300	-39.702599
0.234400	8.754600
0.234500	47.520401
0.234600	8.754600
0.234700	-10.628300
0.234800	8.754600
0.234900	47.520401
0.235000	28.137501
0.235100	8.754600
0.235200	-0.936839
0.235300	76.594704
0.235400	28.137501
0.235500	-30.011200
0.235600	8.754600
0.235700	8.754600
0.235800	-30.011200
0.235900	-0.936839
0.236000	-10.628300
0.236100	8.754600
0.236200	28.137501
0.236300	86.286102
0.236400	86.286102
0.236500	86.286102
0.236600	115.360001
0.236700	163.817993
0.236800	144.434998
0.236900	47.520401
0.237000	8.754600
0.237100	86.286102
0.237200	134.742996
0.237300	105.668999
0.237400	8.754600
0.237500	47.520401
0.237600	-30.011200
0.237700	-146.307999
0.237800	-68.776901
0.237900	47.520401
0.238000	125.052002
0.238100	212.274994
0.238200	144.434998
0.238300	8.754600
0.238400	28.137501
0.238500	66.903297
0.238600	86.286102
0.238700	163.817993
0.238800	202.582993
0.238900	144.434998
0.239000	28.137501
0.239100	57.211800
0.239200	8.754600
0.239300	-68.776901
0.239400	-30.011200
0.239500	8.754600
0.239600	57.211800
0.239700	-0.936839
0.239800	-88.159798
0.239900	-30.011200
0.240000	47.520401
0.240100	144.434998
0.240200	144.434998
0.240300	86.286102
0.240400	8.754600
0.240500	28.137501
0.240600	8.754600
0.240700	8.754600
0.240800	86.286102
0.240900	47.520401
0.241000	-10.628300
0.241100	-30.011200
0.241200	-0.936839
0.241300	8.754600
0.241400	76.594704
0.241500	163.817993
0.241600	86.286102
0.241700	47.520401
0.241800	66.903297
0.241900	47.520401
0.242000	-10.628300
0.242100	28.137501
0.242200	8.754600
0.242300	8.754600
0.242400	28.137501
0.242500	-30.011200
0.242600	8.754600
0.242700	163.817993
0.242800	163.817993
0.242900	125.052002
0.243000	37.828899
0.243100	28.137501
0.243200	-0.936839
0.243300	8.754600
0.243400	28.137501
0.243500	28.137501
0.243600	86.286102
0.243700	105.668999
0.243800	86.286102
0.243900	144.434998
0.244000	125.052002
0.244100	8.754600
0.244200	-68.776901
0.244300	-68.776901
0.244400	8.754600
0.244500	8.754600
0.244600	8.754600
0.244700	47.520401
0.244800	8.754600
0.244900	-117.234001
0.245000	-88.159798
0.245100	-68.776901
0.245200	-68.776901
0.245300	28.137501
0.245400	76.594704
0.245500	86.286102
0.245600	125.052002
0.245700	8.754600
0.245800	-30.011200
0.245900	-10.628300
0.246000	66.903297
0.246100	76.594704
0.246200	86.286102
0.246300	125.052002
0.246400	66.903297
0.246500	8.754600
0.246600	163.817993
0.246700	125.052002
0.246800	28.137501
0.246900	8.754600
0.247000	-10.628300
0.247100	-107.542999
0.247200	-39.702599
0.247300	28.137501
0.247400	8.754600
0.247500	-10.628300
0.247600	47.520401
0.247700	47.520401
0.247800	-10.628300
0.247900	8.754600
0.248000	8.754600
0.248100	47.520401
0.248200	86.286102
0.248300	-10.628300
0.248400	-39.702599
0.248500	-30.011200
0.248600	8.754600
0.248700	66.903297
0.248800	-39.702599
0.248900	-68.776901
0.249000	28.137501
0.249100	86.286102
0.249200	144.434998
0.249300	86.286102
0.249400	28.137501
0.249500	-30.011200
0.249600	-68.776901
0.249700	47.520401
0.249800	47.520401
0.249900	47.520401
0.250000	66.903297
0.250100	86.286102
0.250200	144.434998
0.250300	47.520401
0.250400	105.668999
0.250500	37.828899
0.250600	-30.011200
0.250700	-88.159798
0.250800	37.828899
0.250900	125.052002
0.251000	37.828899
0.251100	-30.011200
0.251200	-30.011200
0.251300	-49.394001
0.251400	-107.542999
0.251500	8.754600
0.251600	8.754600
0.251700	28.137501
0.251800	154.126007
0.251900	163.817993
0.252000	66.903297
0.252100	66.903297
0.252200	86.286102
0.252300	37.828899
0.252400	66.903297
0.252500	66.903297
0.252600	-30.011200
0.252700	8.754600
0.252800	86.286102
0.252900	47.520401
0.253000	47.520401
0.253100	125.052002
0.253200	86.286102
0.253300	28.137501
0.253400	47.520401
0.253500	86.286102
0.253600	66.903297
0.253700	57.211800
0.253800	47.520401
0.253900	125.052002
0.254000	86.286102
0.254100	144.434998
0.254200	76.594704
0.254300	-68.776901
0.254400	-0.936839
0.254500	154.126007
0.254600	163.817993
0.254700	8.754600
0.254800	47.520401
0.254900	125.052002
0.255000	86.286102
0.255100	76.594704
0.255200	86.286102
0.255300	86.286102
0.255400	76.594704
0.255500	28.137501
0.255600	8.754600
0.255700	-68.776901
0.255800	-30.011200
0.255900	66.903297
0.256000	66.903297
0.256100	47.520401
0.256200	86.286102
0.256300	115.360001
0.256400	28.137501
0.256500	-10.628300
0.256600	86.286102
0.256700	144.434998
0.256800	86.286102
0.256900	115.360001
0.257000	47.520401
0.257100	8.754600
0.257200	-10.628300
0.257300	76.594704
0.257400	144.434998
0.257500	163.817993
0.257600	86.286102
0.257700	125.052002
0.257800	115.360001
0.257900	86.286102
0.258000	47.520401
0.258100	47.520401
0.258200	47.520401
0.258300	115.360001
0.258400	76.594704
0.258500	-10.628300
0.258600	-10.628300
0.258700	-39.702599
0.258800	-30.011200
0.258900	86.286102
0.259000	125.052002
0.259100	47.520401
0.259200	47.520401
0.259300	47.520401
0.259400	105.668999
0.259500	86.286102
0.259600	8.754600
0.259700	-30.011200
0.259800	8.754600
0.259900	47.520401
0.260000	47.520401
0.260100	8.754600
0.260200	-30.011200
0.260300	8.754600
0.260400	125.052002
0.260500	125.052002
0.260600	37.828899
0.260700	28.137501
0.260800	144.434998
0.260900	231.658005
0.261000	231.658005
0.261100	66.903297
0.261200	-10.628300
0.261300	-10.628300
0.261400	-10.628300
0.261500	-146.307999
0.261600	-39.702599
0.261700	66.903297
0.261800	-30.011200
0.261900	-30.011200
0.262000	47.520401
0.262100	47.520401
0.262200	8.754600
0.262300	-39.702599
0.262400	-30.011200
0.262500	8.754600
0.262600	86.286102
0.262700	86.286102
0.262800	86.286102
0.262900	66.903297
0.263000	28.137501
0.263100	-0.936839
0.263200	47.520401
0.263300	76.594704
0.263400	8.754600
0.263500	144.434998
0.263600	125.052002
0.263700	8.754600
0.263800	66.903297
0.263900	86.286102
0.264000	47.520401
0.264100	28.137501
0.264200	8.754600
0.264300	28.137501
0.264400	86.286102
0.264500	76.594704
0.264600	-30.011200
0.264700	-10.628300
0.264800	8.754600
0.264900	8.754600
0.265000	66.903297
0.265100	28.137501
0.265200	28.137501
0.265300	28.137501
0.265400	8.754600
0.265500	8.754600
0.265600	66.903297
0.265700	47.520401
0.265800	-20.319700
0.265900	8.754600
0.266000	86.286102
0.266100	125.052002
0.266200	8.754600
0.266300	8.754600
0.266400	66.903297
0.266500	8.754600
0.266600	8.754600
0.266700	8.754600
0.266800	125.052002
0.266900	47.520401
0.267000	8.754600
0.267100	47.520401
0.267200	8.754600
0.267300	-10.628300
0.267400	-68.776901
0.267500	-30.011200
0.267600	47.520401
0.267700	66.903297
0.267800	47.520401
0.267900	86.286102
0.268000	66.903297
0.268100	47.520401
0.268200	86.286102
0.268300	154.126007
0.268400	144.434998
0.268500	28.137501
0.268600	8.754600
0.268700	28.137501
0.268800	-30.011200
0.268900	86.286102
0.269000	163.817993
0.269100	37.828899
0.269200	8.754600
0.269300	8.754600
0.269400	8.754600
0.269500	86.286102
0.269600	125.052002
0.269700	86.286102
0.269800	47.520401
0.269900	105.668999
0.270000	86.286102
0.270100	86.286102
0.270200	-30.011200
0.270300	8.754600
0.270400	86.286102
0.270500	144.434998
0.270600	163.817993
0.270700	66.903297
0.270800	-20.319700
0.270900	-88.159798
0.271000	8.754600
0.271100	66.903297
0.271200	-10.628300
0.271300	8.754600
0.271400	47.520401
0.271500	-10.628300
0.271600	47.520401
0.271700	28.137501
0.271800	-68.776901
0.271900	-49.394001
0.272000	8.754600
0.272100	86.286102
0.272200	125.052002
0.272300	47.520401
0.272400	28.137501
0.272500	144.434998
0.272600	125.052002
0.272700	86.286102
0.272800	144.434998
0.272900	86.286102
0.273000	8.754600
0.273100	28.137501
0.273200	86.286102
0.273300	-10.628300
0.273400	8.754600
0.273500	-20.319700
0.273600	8.754600
0.273700	28.137501
0.273800	8.754600
0.273900	86.286102
0.274000	125.052002
0.274100	105.668999
0.274200	86.286102
0.274300	8.754600
0.274400	-10.628300
0.274500	-30.011200
0.274600	-39.702599
0.274700	-10.628300
0.274800	-49.394001
0.274900	-68.776901
0.275000	-10.628300
0.275100	86.286102
0.275200	86.286102
0.275300	66.903297
0.275400	8.754600
0.275500	47.520401
0.275600	37.828899
0.275700	8.754600
0.275800	66.903297
0.275900	47.520401
0.276000	47.520401
0.276100	86.286102
0.276200	66.903297
0.276300	8.754600
0.276400	-30.011200
0.276500	28.137501
0.276600	37.828899
0.276700	76.594704
0.276800	47.520401
0.276900	8.754600
0.277000	-10.628300
0.277100	47.520401
0.277200	47.520401
0.277300	-30.011200
0.277400	-59.085499
0.277500	-30.011200
0.277600	47.520401
0.277700	47.520401
0.277800	37.828899
0.277900	125.052002
0.278000	163.817993
0.278100	86.286102
0.278200	28.137501
0.278300	-10.628300
0.278400	-39.702599
0.278500	8.754600
0.278600	47.520401
0.278700	47.520401
0.278800	66.903297
0.278900	8.754600
0.279000	8.754600
0.279100	86.286102
0.279200	86.286102
0.279300	8.754600
0.279400	-78.468399
0.279500	-10.628300
0.279600	125.052002
0.279700	86.286102
0.279800	8.754600
0.279900	-68.776901
0.280000	-49.394001
0.280100	47.520401
0.280200	76.594704
0.280300	28.137501
0.280400	-68.776901
0.280500	-68.776901
0.280600	-10.628300
0.280700	8.754600
0.280800	86.286102
0.280900	125.052002
0.281000	47.520401
0.281100	-10.628300
0.281200	-20.319700
0.281300	8.754600
0.281400	163.817993
0.281500	144.434998
0.281600	57.211800
0.281700	37.828899
0.281800	47.520401
0.281900	8.754600
0.282000	-10.628300
0.282100	76.594704
0.282200	144.434998
0.282300	8.754600
0.282400	47.520401
0.282500	125.052002
0.282600	47.520401
0.282700	8.754600
0.282800	-10.628300
0.282900	8.754600
0.283000	125.052002
0.283100	125.052002
0.283200	86.286102
0.283300	8.754600
0.283400	-0.936839
0.283500	-30.011200
0.283600	8.754600
0.283700	-20.319700
0.283800	-88.159798
0.283900	-10.628300
0.284000	8.754600
0.284100	8.754600
0.284200	8.754600
0.284300	8.754600
0.284400	-0.936839
0.284500	-10.628300
0.284600	86.286102
0.284700	66.903297
0.284800	28.137501
0.284900	47.520401
0.285000	37.828899
0.285100	-30.011200
0.285200	8.754600
0.285300	47.520401
0.285400	8.754600
0.285500	8.754600
0.285600	66.903297
0.285700	47.520401
0.285800	8.754600
0.285900	8.754600
0.286000	66.903297
0.286100	86.286102
0.286200	47.520401
0.286300	8.754600
0.286400	8.754600
0.286500	47.520401
0.286600	86.286102
0.286700	47.520401
0.286800	8.754600
0.286900	47.520401
0.287000	66.903297
0.287100	8.754600
0.287200	8.754600
0.287300	86.286102
0.287400	163.817993
0.287500	144.434998
0.287600	115.360001
0.287700	66.903297
0.287800	8.754600
0.287900	8.754600
0.288000	28.137501
0.288100	47.520401
0.288200	86.286102
0.288300	163.817993
0.288400	105.668999
0.288500	-10.628300
0.288600	-20.319700
0.288700	37.828899
0.288800	66.903297
0.288900	47.520401
0.289000	66.903297
0.289100	86.286102
0.289200	8.754600
0.289300	86.286102
0.289400	183.201004
0.289500	57.211800
0.289600	8.754600
0.289700	86.286102
0.289800	-30.011200
0.289900	-68.776901
0.290000	37.828899
0.290100	-30.011200
0.290200	-49.394001
0.290300	28.137501
0.290400	66.903297
0.290500	66.903297
0.290600	8.754600
0.290700	-30.011200
0.290800	28.137501
0.290900	47.520401
0.291000	47.520401
0.291100	-30.011200
0.291200	37.828899
0.291300	86.286102
0.291400	57.211800
0.291500	18.445999
0.291600	66.903297
0.291700	86.286102
0.291800	47.520401
0.291900	-68.776901
0.292000	-68.776901
0.292100	8.754600
0.292200	37.828899
0.292300	-30.011200
0.292400	-126.926003
0.292500	-97.851303
0.292600	8.754600
0.292700	86.286102
0.292800	66.903297
0.292900	47.520401
0.293000	47.520401
0.293100	105.668999
0.293200	125.052002
0.293300	86.286102
0.293400	47.520401
0.293500	37.828899
0.293600	76.594704
0.293700	86.286102
0.293800	28.137501
0.293900	47.520401
0.294000	47.520401
0.294100	28.137501
0.294200	-68.776901
0.294300	-97.851303
0.294400	8.754600
0.294500	47.520401
0.294600	28.137501
0.294700	8.754600
0.294800	66.903297
0.294900	8.754600
0.295000	8.754600
0.295100	66.903297
0.295200	47.520401
0.295300	125.052002
0.295400	47.520401
0.295500	28.137501
0.295600	47.520401
0.295700	66.903297
0.295800	125.052002
0.295900	66.903297
0.296000	8.754600
0.296100	-68.776901
0.296200	-20.319700
0.296300	47.520401
0.296400	47.520401
0.296500	8.754600
0.296600	-10.628300
0.296700	8.754600
0.296800	8.754600
0.296900	47.520401
0.297000	8.754600
0.297100	-30.011200
0.297200	8.754600
0.297300	66.903297
0.297400	47.520401
0.297500	8.754600
0.297600	47.520401
0.297700	86.286102
0.297800	47.520401
0.297900	8.754600
0.298000	47.520401
0.298100	86.286102
0.298200	134.742996
0.298300	163.817993
0.298400	125.052002
0.298500	47.520401
0.298600	-49.394001
0.298700	-30.011200
0.298800	-30.011200
0.298900	-10.628300
0.299000	8.754600
0.299100	86.286102
0.299200	47.520401
0.299300	-30.011200
0.299400	8.754600
0.299500	47.520401
0.299600	66.903297
0.299700	47.520401
0.299800	66.903297
0.299900	105.668999
