-0.050000	-0.178453
-0.049900	0.079156
-0.049800	0.008899
-0.049700	0.055737
-0.049600	0.008899
-0.049500	-0.014520
-0.049400	-0.131615
-0.049300	-0.155034
-0.049200	-0.155034
-0.049100	-0.131615
-0.049000	0.008899
-0.048900	0.008899
-0.048800	-0.084777
-0.048700	-0.061358
-0.048600	0.055737
-0.048500	0.032318
-0.048400	-0.014520
-0.048300	-0.061358
-0.048200	-0.061358
-0.048100	-0.108196
-0.048000	-0.084777
-0.047900	-0.108196
-0.047800	-0.084777
-0.047700	0.008899
-0.047600	-0.084777
-0.047500	-0.014520
-0.047400	0.102575
-0.047300	-0.014520
-0.047200	0.032318
-0.047100	0.079156
-0.047000	0.055737
-0.046900	-0.037939
-0.046800	0.055737
-0.046700	-0.037939
-0.046600	-0.131615
-0.046500	-0.084777
-0.046400	-0.014520
-0.046300	0.102575
-0.046200	0.032318
-0.046100	0.008899
-0.046000	-0.178453
-0.045900	-0.108196
-0.045800	0.008899
-0.045700	0.032318
-0.045600	0.008899
-0.045500	-0.014520
-0.045400	-0.014520
-0.045300	-0.084777
-0.045200	-0.061358
-0.045100	-0.061358
-0.045000	0.196251
-0.044900	0.055737
-0.044800	0.079156
-0.044700	0.055737
-0.044600	-0.061358
-0.044500	-0.037939
-0.044400	-0.084777
-0.044300	-0.084777
-0.044200	-0.037939
-0.044100	0.079156
-0.044000	-0.014520
-0.043900	-0.131615
-0.043800	-0.108196
-0.043700	0.032318
-0.043600	0.008899
-0.043500	-0.014520
-0.043400	-0.037939
-0.043300	0.008899
-0.043200	-0.037939
-0.043100	-0.037939
-0.043000	-0.014520
-0.042900	0.149413
-0.042800	0.032318
-0.042700	-0.084777
-0.042600	-0.084777
-0.042500	0.055737
-0.042400	-0.061358
-0.042300	0.102575
-0.042200	0.125994
-0.042100	-0.061358
-0.042000	-0.084777
-0.041900	-0.108196
-0.041800	-0.131615
-0.041700	0.008899
-0.041600	-0.037939
-0.041500	0.008899
-0.041400	0.032318
-0.041300	0.125994
-0.041200	-0.061358
-0.041100	-0.084777
-0.041000	-0.037939
-0.040900	-0.037939
-0.040800	-0.131615
-0.040700	-0.084777
-0.040600	-0.131615
-0.040500	-0.014520
-0.040400	-0.014520
-0.040300	-0.061358
-0.040200	-0.061358
-0.040100	-0.061358
-0.040000	0.055737
-0.039900	-0.014520
-0.039800	-0.061358
-0.039700	-0.061358
-0.039600	-0.061358
-0.039500	0.032318
-0.039400	-0.061358
-0.039300	-0.061358
-0.039200	-0.131615
-0.039100	0.008899
-0.039000	0.055737
-0.038900	0.008899
-0.038800	-0.061358
-0.038700	-0.084777
-0.038600	0.008899
-0.038500	-0.155034
-0.038400	-0.014520
-0.038300	0.196251
-0.038200	0.149413
-0.038100	-0.155034
-0.038000	0.055737
-0.037900	-0.014520
-0.037800	-0.037939
-0.037700	-0.037939
-0.037600	-0.061358
-0.037500	-0.108196
-0.037400	-0.061358
-0.037300	-0.037939
-0.037200	-0.037939
-0.037100	0.032318
-0.037000	0.032318
-0.036900	0.008899
-0.036800	-0.014520
-0.036700	-0.037939
-0.036600	-0.014520
-0.036500	0.102575
-0.036400	0.032318
-0.036300	-0.061358
-0.036200	0.008899
-0.036100	0.032318
-0.036000	-0.061358
-0.035900	-0.014520
-0.035800	0.079156
-0.035700	0.055737
-0.035600	0.032318
-0.035500	-0.037939
-0.035400	-0.084777
-0.035300	-0.061358
-0.035200	-0.061358
-0.035100	-0.061358
-0.035000	0.079156
-0.034900	0.172832
-0.034800	0.008899
-0.034700	-0.061358
-0.034600	-0.084777
-0.034500	-0.037939
-0.034400	0.125994
-0.034300	0.079156
-0.034200	-0.108196
-0.034100	-0.084777
-0.034000	0.008899
-0.033900	-0.178453
-0.033800	-0.084777
-0.033700	-0.061358
-0.033600	0.149413
-0.033500	0.149413
-0.033400	0.196251
-0.033300	0.008899
-0.033200	-0.014520
-0.033100	0.008899
-0.033000	-0.061358
-0.032900	-0.014520
-0.032800	0.008899
-0.032700	-0.108196
-0.032600	-0.084777
-0.032500	0.055737
-0.032400	0.032318
-0.032300	-0.131615
-0.032200	-0.131615
-0.032100	0.055737
-0.032000	0.055737
-0.031900	-0.084777
-0.031800	0.008899
-0.031700	-0.037939
-0.031600	-0.014520
-0.031500	-0.084777
-0.031400	-0.014520
-0.031300	-0.061358
-0.031200	0.008899
-0.031100	-0.014520
-0.031000	-0.061358
-0.030900	-0.037939
-0.030800	-0.108196
-0.030700	-0.084777
-0.030600	0.032318
-0.030500	0.008899
-0.030400	-0.037939
-0.030300	-0.037939
-0.030200	-0.131615
-0.030100	-0.061358
-0.030000	-0.084777
-0.029900	-0.131615
-0.029800	-0.037939
-0.029700	0.032318
-0.029600	-0.061358
-0.029500	-0.061358
-0.029400	0.032318
-0.029300	-0.014520
-0.029200	-0.084777
-0.029100	-0.061358
-0.029000	-0.084777
-0.028900	-0.084777
-0.028800	-0.037939
-0.028700	-0.037939
-0.028600	0.008899
-0.028500	-0.061358
-0.028400	0.055737
-0.028300	-0.108196
-0.028200	-0.131615
-0.028100	-0.084777
-0.028000	-0.061358
-0.027900	0.008899
-0.027800	0.055737
-0.027700	-0.061358
-0.027600	0.008899
-0.027500	-0.014520
-0.027400	0.032318
-0.027300	-0.131615
-0.027200	-0.037939
-0.027100	-0.014520
-0.027000	0.079156
-0.026900	0.055737
-0.026800	-0.014520
-0.026700	0.008899
-0.026600	-0.037939
-0.026500	0.102575
-0.026400	0.008899
-0.026300	-0.178453
-0.026200	0.055737
-0.026100	0.102575
-0.026000	-0.155034
-0.025900	-0.061358
-0.025800	0.102575
-0.025700	0.079156
-0.025600	0.008899
-0.025500	-0.061358
-0.025400	0.149413
-0.025300	0.079156
-0.025200	0.032318
-0.025100	-0.037939
-0.025000	0.055737
-0.024900	-0.108196
-0.024800	-0.014520
-0.024700	0.008899
-0.024600	-0.108196
-0.024500	-0.037939
-0.024400	0.125994
-0.024300	0.079156
-0.024200	0.032318
-0.024100	0.032318
-0.024000	0.125994
-0.023900	0.032318
-0.023800	0.079156
-0.023700	-0.037939
-0.023600	0.008899
-0.023500	0.055737
-0.023400	-0.037939
-0.023300	-0.084777
-0.023200	-0.061358
-0.023100	0.032318
-0.023000	-0.014520
-0.022900	0.055737
-0.022800	0.149413
-0.022700	0.172832
-0.022600	0.172832
-0.022500	0.032318
-0.022400	0.032318
-0.022300	-0.037939
-0.022200	0.102575
-0.022100	0.125994
-0.022000	0.149413
-0.021900	-0.061358
-0.021800	0.008899
-0.021700	0.055737
-0.021600	0.032318
-0.021500	-0.084777
-0.021400	-0.108196
-0.021300	-0.037939
-0.021200	-0.108196
-0.021100	0.032318
-0.021000	-0.037939
-0.020900	-0.037939
-0.020800	-0.084777
-0.020700	-0.014520
-0.020600	-0.155034
-0.020500	-0.108196
-0.020400	-0.084777
-0.020300	-0.037939
-0.020200	-0.061358
-0.020100	0.008899
-0.020000	0.102575
-0.019900	0.032318
-0.019800	0.032318
-0.019700	0.125994
-0.019600	0.032318
-0.019500	-0.037939
-0.019400	0.032318
-0.019300	-0.037939
-0.019200	0.008899
-0.019100	0.008899
-0.019000	0.102575
-0.018900	-0.178453
-0.018800	-0.037939
-0.018700	-0.061358
-0.018600	0.008899
-0.018500	0.055737
-0.018400	0.032318
-0.018300	0.055737
-0.018200	0.079156
-0.018100	0.102575
-0.018000	0.032318
-0.017900	-0.014520
-0.017800	-0.108196
-0.017700	0.079156
-0.017600	0.032318
-0.017500	0.008899
-0.017400	-0.061358
-0.017300	0.079156
-0.017200	0.055737
-0.017100	0.125994
-0.017000	0.008899
-0.016900	0.102575
-0.016800	0.008899
-0.016700	0.032318
-0.016600	0.008899
-0.016500	0.055737
-0.016400	0.079156
-0.016300	0.125994
-0.016200	0.079156
-0.016100	0.079156
-0.016000	-0.014520
-0.015900	-0.014520
-0.015800	0.102575
-0.015700	0.008899
-0.015600	0.008899
-0.015500	-0.014520
-0.015400	0.032318
-0.015300	0.008899
-0.015200	0.149413
-0.015100	-0.037939
-0.015000	-0.131615
-0.014900	0.032318
-0.014800	-0.014520
-0.014700	0.008899
-0.014600	0.032318
-0.014500	-0.037939
-0.014400	0.032318
-0.014300	-0.014520
-0.014200	0.008899
-0.014100	0.032318
-0.014000	-0.014520
-0.013900	-0.014520
-0.013800	0.008899
-0.013700	0.032318
-0.013600	0.079156
-0.013500	0.032318
-0.013400	0.032318
-0.013300	-0.108196
-0.013200	-0.061358
-0.013100	-0.131615
-0.013000	0.079156
-0.012900	0.008899
-0.012800	0.079156
-0.012700	0.008899
-0.012600	0.032318
-0.012500	0.079156
-0.012400	0.055737
-0.012300	-0.037939
-0.012200	0.079156
-0.012100	-0.014520
-0.012000	0.008899
-0.011900	0.008899
-0.011800	-0.014520
-0.011700	0.008899
-0.011600	0.055737
-0.011500	-0.037939
-0.011400	0.008899
-0.011300	0.172832
-0.011200	0.102575
-0.011100	0.102575
-0.011000	-0.108196
-0.010900	-0.014520
-0.010800	0.032318
-0.010700	0.243089
-0.010600	0.008899
-0.010500	0.008899
-0.010400	0.125994
-0.010300	0.055737
-0.010200	0.032318
-0.010100	-0.061358
-0.010000	0.149413
-0.009900	0.055737
-0.009800	0.102575
-0.009700	0.219670
-0.009600	0.055737
-0.009500	0.079156
-0.009400	0.008899
-0.009300	-0.014520
-0.009200	0.055737
-0.009100	0.102575
-0.009000	0.055737
-0.008900	0.008899
-0.008800	0.079156
-0.008700	0.032318
-0.008600	-0.084777
-0.008500	-0.061358
-0.008400	0.055737
-0.008300	-0.014520
-0.008200	0.055737
-0.008100	0.149413
-0.008000	0.172832
-0.007900	0.102575
-0.007800	0.032318
-0.007700	0.196251
-0.007600	0.032318
-0.007500	0.102575
-0.007400	0.125994
-0.007300	0.055737
-0.007200	0.055737
-0.007100	0.172832
-0.007000	0.079156
-0.006900	0.102575
-0.006800	0.032318
-0.006700	0.032318
-0.006600	-0.037939
-0.006500	0.125994
-0.006400	0.149413
-0.006300	0.008899
-0.006200	0.055737
-0.006100	0.055737
-0.006000	0.125994
-0.005900	-0.178453
-0.005800	0.008899
-0.005700	0.102575
-0.005600	0.102575
-0.005500	0.102575
-0.005400	0.079156
-0.005300	0.102575
-0.005200	0.055737
-0.005100	0.149413
-0.005000	0.125994
-0.004900	0.032318
-0.004800	0.149413
-0.004700	0.172832
-0.004600	0.102575
-0.004500	0.102575
-0.004400	0.149413
-0.004300	0.125994
-0.004200	0.149413
-0.004100	0.219670
-0.004000	0.032318
-0.003900	0.079156
-0.003800	0.149413
-0.003700	0.196251
-0.003600	0.125994
-0.003500	0.196251
-0.003400	0.102575
-0.003300	0.196251
-0.003200	0.149413
-0.003100	-0.178453
-0.003000	0.125994
-0.002900	0.008899
-0.002800	0.102575
-0.002700	0.125994
-0.002600	0.149413
-0.002500	0.079156
-0.002400	-0.037939
-0.002300	0.149413
-0.002200	0.055737
-0.002100	0.102575
-0.002000	-0.084777
-0.001900	0.008899
-0.001800	0.008899
-0.001700	0.079156
-0.001600	0.079156
-0.001500	0.055737
-0.001400	-0.014520
-0.001300	0.149413
-0.001200	0.149413
-0.001100	0.149413
-0.001000	0.055737
-0.000900	0.172832
-0.000800	0.125994
-0.000700	0.196251
-0.000600	0.219670
-0.000500	0.149413
-0.000400	0.172832
-0.000300	0.079156
-0.000200	0.008899
-0.000100	-0.037939
0.000000	0.032318
0.000100	0.102575
0.000200	0.196251
0.000300	0.149413
0.000400	0.149413
0.000500	0.125994
0.000600	0.196251
0.000700	0.196251
0.000800	0.032318
0.000900	-0.061358
0.001000	0.149413
0.001100	0.102575
0.001200	0.079156
0.001300	0.149413
0.001400	0.079156
0.001500	0.008899
0.001600	0.196251
0.001700	0.008899
0.001800	0.032318
0.001900	0.172832
0.002000	0.102575
0.002100	0.055737
0.002200	0.032318
0.002300	0.219670
0.002400	0.149413
0.002500	0.125994
0.002600	0.149413
0.002700	0.079156
0.002800	0.079156
0.002900	0.149413
0.003000	0.008899
0.003100	0.196251
0.003200	0.149413
0.003300	0.196251
0.003400	0.149413
0.003500	0.360184
0.003600	0.172832
0.003700	0.149413
0.003800	0.079156
0.003900	0.172832
0.004000	0.102575
0.004100	0.125994
0.004200	0.102575
0.004300	0.055737
0.004400	0.196251
0.004500	0.219670
0.004600	0.219670
0.004700	0.243089
0.004800	0.102575
0.004900	0.008899
0.005000	0.055737
0.005100	0.172832
0.005200	0.102575
0.005300	0.079156
0.005400	0.125994
0.005500	0.196251
0.005600	0.055737
0.005700	0.008899
0.005800	0.102575
0.005900	0.055737
0.006000	0.032318
0.006100	0.055737
0.006200	0.055737
0.006300	0.079156
0.006400	0.102575
0.006500	0.102575
0.006600	0.125994
0.006700	0.149413
0.006800	0.172832
0.006900	0.289927
0.007000	0.172832
0.007100	0.102575
0.007200	0.149413
0.007300	0.102575
0.007400	0.079156
0.007500	0.125994
0.007600	0.266508
0.007700	0.196251
0.007800	0.149413
0.007900	0.172832
0.008000	0.149413
0.008100	0.008899
0.008200	-0.014520
0.008300	0.172832
0.008400	0.125994
0.008500	0.032318
0.008600	0.079156
0.008700	0.008899
0.008800	0.032318
0.008900	0.196251
0.009000	0.032318
0.009100	0.125994
0.009200	0.008899
0.009300	0.079156
0.009400	-0.061358
0.009500	0.102575
0.009600	0.055737
0.009700	0.102575
0.009800	0.149413
0.009900	0.008899
0.010000	-0.061358
0.010100	0.243089
0.010200	0.196251
0.010300	0.149413
0.010400	-0.037939
0.010500	0.032318
0.010600	0.032318
0.010700	0.149413
0.010800	0.079156
0.010900	0.008899
0.011000	-0.014520
0.011100	0.243089
0.011200	0.243089
0.011300	0.055737
0.011400	0.172832
0.011500	0.079156
0.011600	0.102575
0.011700	0.055737
0.011800	0.102575
0.011900	-0.037939
0.012000	0.079156
0.012100	0.102575
0.012200	0.102575
0.012300	0.032318
0.012400	0.055737
0.012500	0.125994
0.012600	0.219670
0.012700	0.266508
0.012800	0.149413
0.012900	0.102575
0.013000	0.149413
0.013100	0.149413
0.013200	0.219670
0.013300	0.149413
0.013400	0.008899
0.013500	-0.061358
0.013600	0.008899
0.013700	0.008899
0.013800	0.289927
0.013900	0.125994
0.014000	0.125994
0.014100	0.360184
0.014200	0.336765
0.014300	0.266508
0.014400	0.336765
0.014500	0.289927
0.014600	0.289927
0.014700	0.172832
0.014800	-0.014520
0.014900	-0.037939
0.015000	0.008899
0.015100	0.079156
0.015200	0.055737
0.015300	0.008899
0.015400	-0.061358
0.015500	-0.014520
0.015600	0.289927
0.015700	0.219670
0.015800	0.125994
0.015900	0.149413
0.016000	0.196251
0.016100	0.172832
0.016200	-0.061358
0.016300	0.102575
0.016400	0.008899
0.016500	0.008899
0.016600	0.008899
0.016700	-0.131615
0.016800	0.008899
0.016900	-0.014520
0.017000	-0.037939
0.017100	-0.037939
0.017200	-0.155034
0.017300	-0.178453
0.017400	-0.389224
0.017500	-0.693671
0.017600	-0.717090
0.017700	-0.904442
0.017800	-1.208890
0.017900	-1.185470
0.018000	-1.255730
0.018100	-1.162050
0.018200	-1.279150
0.018300	-1.255730
0.018400	-1.419660
0.018500	-1.466500
0.018600	-1.372820
0.018700	-1.489920
0.018800	-1.489920
0.018900	-1.677270
0.019000	-1.419660
0.019100	-1.489920
0.019200	-1.583590
0.019300	-1.888040
0.019400	-1.841200
0.019500	-1.724110
0.019600	-1.770940
0.019700	-1.981720
0.019800	-1.794360
0.019900	-1.607010
0.020000	-1.255730
0.020100	-1.419660
0.020200	-1.208890
0.020300	-1.349400
0.020400	-1.489920
0.020500	-1.653850
0.020600	-1.372820
0.020700	-1.700690
0.020800	-2.005130
0.020900	-2.005130
0.021000	-1.911460
0.021100	-1.911460
0.021200	-1.841200
0.021300	-1.794360
0.021400	-1.630430
0.021500	-1.794360
0.021600	-2.028550
0.021700	-2.239320
0.021800	-1.724110
0.021900	-1.513340
0.022000	-1.208890
0.022100	-0.763928
0.022200	-0.318967
0.022300	-0.178453
0.022400	0.500698
0.022500	1.367200
0.022600	2.210290
0.022700	3.849620
0.022800	6.191520
0.022900	8.088450
0.023000	9.353080
0.023100	11.273400
0.023200	13.357700
0.023300	13.685600
0.023400	12.584900
0.023500	11.367100
0.023600	11.414000
0.023700	13.310900
0.023800	14.083700
0.023900	12.725400
0.024000	12.538100
0.024100	13.428000
0.024200	13.076700
0.024300	11.414000
0.024400	9.891720
0.024500	7.830850
0.024600	5.840230
0.024700	4.552190
0.024800	4.224320
0.024900	4.200900
0.025000	4.224320
0.025100	4.435090
0.025200	4.926890
0.025300	4.903470
0.025400	5.207920
0.025500	4.997150
0.025600	3.685680
0.025700	2.514730
0.025800	1.437460
0.025900	-0.295548
0.026000	-3.550790
0.026100	-5.892690
0.026200	-5.869270
0.026300	-5.424310
0.026400	-6.712350
0.026500	-7.695950
0.026600	-7.695950
0.026700	-8.023820
0.026800	-8.304850
0.026900	-8.187750
0.027000	-7.813050
0.027100	-7.438340
0.027200	-6.525000
0.027300	-5.986360
0.027400	-5.588240
0.027500	-5.283790
0.027600	-5.447730
0.027700	-6.525000
0.027800	-7.485180
0.027900	-8.258010
0.028000	-8.960580
0.028100	-9.194770
0.028200	-8.890320
0.028300	-7.532020
0.028400	-6.337650
0.028500	-5.588240
0.028600	-4.464130
0.028700	-3.222920
0.028800	-1.864620
0.028900	-1.138630
0.029000	-1.115210
0.029100	-2.215910
0.029200	-4.417290
0.029300	-6.618680
0.029400	-8.492200
0.029500	-9.897340
0.029600	-10.787300
0.029700	-11.185400
0.029800	-11.044900
0.029900	-10.342300
0.030000	-9.546050
0.030100	-9.405540
0.030200	-9.897340
0.030300	-11.396200
0.030400	-13.503900
0.030500	-15.494500
0.030600	-16.103399
0.030700	-16.243900
0.030800	-16.876200
0.030900	-17.906601
0.031000	-17.157200
0.031100	-15.517900
0.031200	-14.346900
0.031300	-13.691200
0.031400	-13.293100
0.031500	-12.824700
0.031600	-11.653800
0.031700	-10.295500
0.031800	-9.756820
0.031900	-10.108100
0.032000	-10.037900
0.032100	-9.920760
0.032200	-10.810700
0.032300	-11.911400
0.032400	-12.005000
0.032500	-12.286100
0.032600	-13.082300
0.032700	-13.574100
0.032800	-13.386800
0.032900	-12.965200
0.033000	-13.738100
0.033100	-14.604600
0.033200	-14.370400
0.033300	-13.597500
0.033400	-13.621000
0.033500	-14.042500
0.033600	-14.253300
0.033700	-14.370400
0.033800	-14.042500
0.033900	-13.948800
0.034000	-13.714600
0.034100	-13.339900
0.034200	-13.363300
0.034300	-13.691200
0.034400	-14.042500
0.034500	-13.761500
0.034600	-12.637400
0.034700	-12.309500
0.034800	-12.496800
0.034900	-11.630300
0.035000	-10.318900
0.035100	-9.358700
0.035200	-8.913740
0.035300	-8.913740
0.035400	-8.562450
0.035500	-8.328260
0.035600	-8.281430
0.035700	-8.984000
0.035800	-9.897340
0.035900	-10.857500
0.036000	-11.583500
0.036100	-12.005000
0.036200	-11.981600
0.036300	-11.419600
0.036400	-10.998000
0.036500	-11.068300
0.036600	-11.021400
0.036700	-10.974600
0.036800	-11.185400
0.036900	-11.513200
0.037000	-11.536700
0.037100	-11.185400
0.037200	-10.576500
0.037300	-10.131500
0.037400	-10.553100
0.037500	-11.091700
0.037600	-10.857500
0.037700	-10.693600
0.037800	-10.927800
0.037900	-11.162000
0.038000	-11.981600
0.038100	-12.613900
0.038200	-12.403200
0.038300	-12.192400
0.038400	-12.543700
0.038500	-12.239200
0.038600	-11.981600
0.038700	-12.098700
0.038800	-12.286100
0.038900	-11.770900
0.039000	-10.717000
0.039100	-10.998000
0.039200	-11.489800
0.039300	-11.138500
0.039400	-10.693600
0.039500	-10.927800
0.039600	-11.021400
0.039700	-10.201800
0.039800	-9.569470
0.039900	-9.592890
0.040000	-9.265020
0.040100	-7.813050
0.040200	-6.688930
0.040300	-5.986360
0.040400	-4.745160
0.040500	-3.246340
0.040600	-2.356420
0.040700	-1.653850
0.040800	-0.389224
0.040900	1.437460
0.041000	3.240720
0.041100	4.505350
0.041200	4.973730
0.041300	4.739540
0.041400	4.856630
0.041500	5.699720
0.041600	6.425710
0.041700	6.917500
0.041800	7.854260
0.041900	9.142310
0.042000	9.680950
0.042100	9.798040
0.042200	9.985390
0.042300	10.149300
0.042400	10.360100
0.042500	10.851900
0.042600	12.421000
0.042700	14.130600
0.042800	15.301500
0.042900	16.448999
0.043000	17.174999
0.043100	17.011101
0.043200	16.285101
0.043300	16.027500
0.043400	16.238300
0.043500	16.261700
0.043600	14.973600
0.043700	13.638800
0.043800	12.959600
0.043900	13.381100
0.044000	14.528700
0.044100	15.840100
0.044200	16.683201
0.044300	17.104799
0.044400	17.292101
0.044500	17.456100
0.044600	17.479500
0.044700	17.432600
0.044800	17.268700
0.044900	17.128201
0.045000	17.104799
0.045100	17.292101
0.045200	17.456100
0.045300	17.737101
0.045400	18.322599
0.045500	18.884600
0.045600	19.915001
0.045700	21.109400
0.045800	22.327200
0.045900	23.591801
0.046000	24.552000
0.046100	25.559000
0.046200	26.612900
0.046300	27.596500
0.046400	28.767401
0.046500	30.032101
0.046600	31.226400
0.046700	32.374001
0.046800	33.334099
0.046900	34.130402
0.047000	35.090599
0.047100	35.980499
0.047200	36.893799
0.047300	37.596401
0.047400	38.064800
0.047500	38.743900
0.047600	39.376202
0.047700	39.868000
0.047800	40.359798
0.047900	40.594002
0.048000	41.015598
0.048100	41.296600
0.048200	41.296600
0.048300	41.320000
0.048400	41.366901
0.048500	41.249802
0.048600	40.875099
0.048700	40.359798
0.048800	40.008598
0.048900	39.587002
0.049000	39.235699
0.049100	38.486301
0.049200	37.900799
0.049300	37.174900
0.049400	36.284901
0.049500	35.395000
0.049600	34.575298
0.049700	34.060101
0.049800	33.919601
0.049900	34.060101
0.050000	34.106998
0.050100	34.036701
0.050200	33.638599
0.050300	33.216999
0.050400	32.982899
0.050500	32.608101
0.050600	32.280300
0.050700	32.233398
0.050800	32.022701
0.050900	32.022701
0.051000	32.022701
0.051100	32.280300
0.051200	32.561298
0.051300	33.170200
0.051400	33.661999
0.051500	34.317699
0.051600	34.575298
0.051700	34.996899
0.051800	35.231098
0.051900	35.722900
0.052000	36.120998
0.052100	36.402000
0.052200	36.495701
0.052300	36.870399
0.052400	37.432499
0.052500	37.713501
0.052600	37.736900
0.052700	37.947701
0.052800	38.111599
0.052900	37.900799
0.053000	37.666698
0.053100	37.338799
0.053200	36.987499
0.053300	36.519100
0.053400	36.331799
0.053500	36.308300
0.053600	36.495701
0.053700	36.378601
0.053800	36.542500
0.053900	36.776699
0.054000	36.683102
0.054100	36.566002
0.054200	36.636200
0.054300	36.542500
0.054400	36.542500
0.054500	36.566002
0.054600	36.729900
0.054700	36.987499
0.054800	37.502701
0.054900	38.134998
0.055000	38.556599
0.055100	39.001499
0.055200	39.540199
0.055300	39.938301
0.055400	40.219299
0.055500	40.336399
0.055600	40.547199
0.055700	40.711102
0.055800	40.687698
0.055900	40.757999
0.056000	40.804798
0.056100	40.617401
0.056200	40.570599
0.056300	40.711102
0.056400	40.711102
0.056500	40.476898
0.056600	40.336399
0.056700	40.195900
0.056800	40.032001
0.056900	39.774399
0.057000	39.657299
0.057100	39.376202
0.057200	39.001499
0.057300	38.509701
0.057400	38.275501
0.057500	38.041401
0.057600	37.760300
0.057700	37.619801
0.057800	37.643200
0.057900	37.643200
0.058000	37.338799
0.058100	37.315399
0.058200	37.245098
0.058300	37.338799
0.058400	37.268501
0.058500	37.174900
0.058600	37.338799
0.058700	37.291901
0.058800	37.104599
0.058900	36.800098
0.059000	37.034302
0.059100	36.893799
0.059200	36.683102
0.059300	36.402000
0.059400	36.003899
0.059500	35.254501
0.059600	34.973499
0.059700	35.465302
0.059800	35.558899
0.059900	34.341202
0.060000	33.404400
0.060100	33.544899
0.060200	33.896198
0.060300	33.732300
0.060400	33.498100
0.060500	33.451199
0.060600	33.170200
0.060700	32.139801
0.060800	31.788500
0.060900	32.865799
0.061000	33.802502
0.061100	33.427799
0.061200	32.514500
0.061300	32.092899
0.061400	32.233398
0.061500	32.772099
0.061600	33.287300
0.061700	33.638599
0.061800	33.661999
0.061900	33.146801
0.062000	33.193600
0.062100	33.568298
0.062200	33.755699
0.062300	33.896198
0.062400	34.247501
0.062500	34.528500
0.062600	34.692402
0.062700	34.692402
0.062800	34.879799
0.062900	35.160801
0.063000	35.465302
0.063100	35.722900
0.063200	35.863400
0.063300	35.886799
0.063400	36.261501
0.063500	36.729900
0.063600	36.729900
0.063700	36.776699
0.063800	36.753300
0.063900	36.753300
0.064000	36.917198
0.064100	37.338799
0.064200	37.971100
0.064300	38.603401
0.064400	39.259102
0.064500	40.336399
0.064600	41.179501
0.064700	41.835201
0.064800	42.327000
0.064900	43.006199
0.065000	43.615101
0.065100	44.200600
0.065200	44.505001
0.065300	44.809399
0.065400	45.207600
0.065500	45.512001
0.065600	45.699402
0.065700	45.957001
0.065800	46.144299
0.065900	46.401901
0.066000	46.472198
0.066100	46.542500
0.066200	46.355099
0.066300	46.565899
0.066400	46.378502
0.066500	46.378502
0.066600	46.706402
0.066700	46.729801
0.066800	45.980400
0.066900	47.198200
0.067000	47.174801
0.067100	44.950001
0.067200	43.966400
0.067300	45.160702
0.067400	45.816502
0.067500	45.207600
0.067600	44.903099
0.067700	45.582298
0.067800	46.355099
0.067900	46.729801
0.068000	47.081100
0.068100	47.526100
0.068200	47.783699
0.068300	47.877300
0.068400	47.783699
0.068500	48.298901
0.068600	49.469799
0.068700	50.195801
0.068800	50.781300
0.068900	51.273102
0.069000	52.045898
0.069100	53.263699
0.069200	54.481499
0.069300	55.067001
0.069400	55.910099
0.069500	56.870201
0.069600	58.181702
0.069700	59.446301
0.069800	60.359699
0.069900	60.687500
0.070000	61.554001
0.070100	62.537601
0.070200	63.427601
0.070300	64.247200
0.070400	64.996597
0.070500	65.746002
0.070600	66.636002
0.070700	67.385399
0.070800	67.900597
0.070900	68.509499
0.071000	68.813904
0.071100	69.048103
0.071200	69.235497
0.071300	70.195602
0.071400	70.781097
0.071500	71.062103
0.071600	70.593803
0.071700	70.008301
0.071800	68.884201
0.071900	67.478996
0.072000	66.518898
0.072100	68.017700
0.072200	69.305702
0.072300	68.134804
0.072400	67.877197
0.072500	68.720200
0.072600	68.392403
0.072700	67.806900
0.072800	66.636002
0.072900	64.364304
0.073000	63.895901
0.073100	65.230797
0.073200	65.043503
0.073300	63.591499
0.073400	63.357300
0.073500	63.849098
0.073600	63.240200
0.073700	61.202702
0.073800	60.008400
0.073900	59.844398
0.074000	59.118500
0.074100	58.322201
0.074200	57.502499
0.074300	57.151299
0.074400	56.963902
0.074500	56.963902
0.074600	56.378399
0.074700	55.207500
0.074800	53.825802
0.074900	53.123199
0.075000	52.186401
0.075100	51.671200
0.075200	51.226299
0.075300	50.570499
0.075400	49.797699
0.075500	49.259102
0.075600	48.579899
0.075700	47.947601
0.075800	47.081100
0.075900	46.612701
0.076000	45.957001
0.076100	45.441799
0.076200	44.645500
0.076300	43.872700
0.076400	43.099899
0.076500	42.444099
0.076600	41.999199
0.076700	41.437099
0.076800	40.664299
0.076900	40.172501
0.077000	39.914902
0.077100	39.469898
0.077200	39.071800
0.077300	38.603401
0.077400	38.228699
0.077500	37.666698
0.077600	37.526100
0.077700	37.315399
0.077800	36.589401
0.077900	36.027302
0.078000	35.840000
0.078100	35.535500
0.078200	34.856400
0.078300	34.411400
0.078400	34.177200
0.078500	33.544899
0.078600	33.076500
0.078700	32.842300
0.078800	32.491100
0.078900	32.139801
0.079000	31.952400
0.079100	31.905600
0.079200	31.694799
0.079300	31.554300
0.079400	31.249800
0.079500	31.062500
0.079600	30.594101
0.079700	30.032101
0.079800	29.329500
0.079900	29.048500
0.080000	28.673800
0.080100	28.392700
0.080200	28.135099
0.080300	28.018000
0.080400	27.690201
0.080500	27.619900
0.080600	27.268600
0.080700	26.870501
0.080800	26.566000
0.080900	26.144501
0.081000	25.933701
0.081100	25.699499
0.081200	25.512199
0.081300	25.301399
0.081400	25.137501
0.081500	24.879900
0.081600	24.645700
0.081700	24.481800
0.081800	24.341200
0.081900	24.060200
0.082000	23.896299
0.082100	23.685499
0.082200	23.615299
0.082300	23.170300
0.082400	22.865801
0.082500	22.444300
0.082600	22.116400
0.082700	21.905701
0.082800	21.765200
0.082900	21.484100
0.083000	21.343599
0.083100	21.273399
0.083200	21.132799
0.083300	20.851801
0.083400	20.430300
0.083500	20.172701
0.083600	20.172701
0.083700	19.868200
0.083800	19.587200
0.083900	19.001699
0.084000	18.884600
0.084100	18.814400
0.084200	18.908001
0.084300	18.650400
0.084400	18.369400
0.084500	18.346001
0.084600	18.416201
0.084700	18.463100
0.084800	18.533300
0.084900	18.416201
0.085000	18.416201
0.085100	18.322599
0.085200	18.111799
0.085300	17.877600
0.085400	17.807301
0.085500	17.643400
0.085600	17.456100
0.085700	17.339001
0.085800	16.940800
0.085900	16.683201
0.086000	16.425600
0.086100	16.191401
0.086200	15.887000
0.086300	15.769900
0.086400	15.746500
0.086500	15.652800
0.086600	15.582500
0.086700	15.652800
0.086800	15.324900
0.086900	15.278100
0.087000	15.324900
0.087100	15.114200
0.087200	14.997100
0.087300	14.739500
0.087400	14.528700
0.087500	14.364700
0.087600	14.177400
0.087700	14.013500
0.087800	13.732400
0.087900	13.615300
0.088000	13.498200
0.088100	13.474800
0.088200	13.147000
0.088300	13.053300
0.088400	13.287500
0.088500	13.615300
0.088600	13.662200
0.088700	13.521700
0.088800	12.865900
0.088900	12.163400
0.089000	11.718400
0.089100	11.343700
0.089200	11.015800
0.089300	10.898700
0.089400	10.594300
0.089500	10.172700
0.089600	9.891720
0.089700	9.634110
0.089800	9.189150
0.089900	8.814440
0.090000	8.533420
0.090100	8.299230
0.090200	8.111870
0.090300	7.947940
0.090400	7.596660
0.090500	7.292210
0.090600	7.198530
0.090700	7.104860
0.090800	6.964340
0.090900	6.940920
0.091000	6.706730
0.091100	6.589640
0.091200	6.659900
0.091300	6.800410
0.091400	6.613060
0.091500	6.144680
0.091600	6.238350
0.091700	6.051000
0.091800	6.051000
0.091900	5.863650
0.092000	5.371850
0.092100	5.067400
0.092200	5.184500
0.092300	4.903470
0.092400	4.505350
0.092500	4.669280
0.092600	4.880050
0.092700	4.833210
0.092800	5.067400
0.092900	4.833210
0.093000	4.809790
0.093100	4.762960
0.093200	4.786380
0.093300	4.786380
0.093400	4.692700
0.093500	4.411670
0.093600	4.435090
0.093700	4.599020
0.093800	4.692700
0.093900	4.762960
0.094000	4.833210
0.094100	5.114240
0.094200	5.418690
0.094300	5.535780
0.094400	5.699720
0.094500	5.863650
0.094600	6.027580
0.094700	6.051000
0.094800	6.097840
0.094900	6.191520
0.095000	6.332030
0.095100	6.332030
0.095200	6.425710
0.095300	6.519380
0.095400	6.706730
0.095500	6.870670
0.095600	6.823830
0.095700	6.659900
0.095800	6.683310
0.095900	6.823830
0.096000	6.753570
0.096100	6.753570
0.096200	6.917500
0.096300	6.847250
0.096400	6.894090
0.096500	6.940920
0.096600	6.987760
0.096700	7.011180
0.096800	6.917500
0.096900	6.940920
0.097000	7.104860
0.097100	6.964340
0.097200	6.753570
0.097300	6.847250
0.097400	6.706730
0.097500	6.495960
0.097600	6.613060
0.097700	6.495960
0.097800	6.332030
0.097900	6.238350
0.098000	6.261770
0.098100	6.378870
0.098200	6.519380
0.098300	6.027580
0.098400	5.629460
0.098500	5.652880
0.098600	5.676300
0.098700	5.371850
0.098800	5.278170
0.098900	5.254760
0.099000	5.348430
0.099100	5.629460
0.099200	5.676300
0.099300	5.465530
0.099400	5.137660
0.099500	4.926890
0.099600	4.505350
0.099700	4.247740
0.099800	4.294580
0.099900	4.903470
0.100000	5.301590
0.100100	5.535780
0.100200	5.418690
0.100300	4.926890
0.100400	4.599020
0.100500	4.716120
0.100600	4.833210
0.100700	4.762960
0.100800	4.528770
0.100900	4.411670
0.101000	4.364830
0.101100	4.177480
0.101200	4.481930
0.101300	4.645860
0.101400	4.833210
0.101500	4.552190
0.101600	4.341410
0.101700	4.599020
0.101800	4.762960
0.101900	4.669280
0.102000	4.809790
0.102100	4.809790
0.102200	5.020570
0.102300	5.114240
0.102400	5.043980
0.102500	4.833210
0.102600	4.575600
0.102700	4.411670
0.102800	4.271160
0.102900	4.036970
0.103000	3.990130
0.103100	3.990130
0.103200	4.083810
0.103300	3.919870
0.103400	3.826200
0.103500	3.615430
0.103600	3.217300
0.103700	3.287560
0.103800	3.381240
0.103900	3.381240
0.104000	3.240720
0.104100	3.029950
0.104200	2.983110
0.104300	3.264140
0.104400	3.123630
0.104500	2.936270
0.104600	2.631830
0.104700	2.538150
0.104800	2.233700
0.104900	2.022930
0.105000	2.233700
0.105100	2.257120
0.105200	2.022930
0.105300	1.976100
0.105400	1.952680
0.105500	1.741910
0.105600	1.718490
0.105700	1.577970
0.105800	1.765320
0.105900	1.859000
0.106000	1.788740
0.106100	1.601390
0.106200	1.718490
0.106300	1.882420
0.106400	1.835580
0.106500	1.741910
0.106600	1.601390
0.106700	1.624810
0.106800	1.788740
0.106900	1.788740
0.107000	1.648230
0.107100	1.741910
0.107200	1.554550
0.107300	1.484300
0.107400	1.788740
0.107500	2.069770
0.107600	1.929260
0.107700	1.648230
0.107800	1.695070
0.107900	1.952680
0.108000	2.093190
0.108100	2.069770
0.108200	1.882420
0.108300	1.741910
0.108400	1.601390
0.108500	1.695070
0.108600	1.437460
0.108700	1.437460
0.108800	1.414040
0.108900	1.273530
0.109000	1.507720
0.109100	1.835580
0.109200	1.718490
0.109300	1.507720
0.109400	1.296940
0.109500	1.367200
0.109600	1.414040
0.109700	1.507720
0.109800	1.460880
0.109900	1.648230
0.110000	1.554550
0.110100	1.484300
0.110200	1.390620
0.110300	1.273530
0.110400	1.273530
0.110500	1.437460
0.110600	1.437460
0.110700	1.367200
0.110800	1.414040
0.110900	1.507720
0.111000	1.577970
0.111100	2.046350
0.111200	1.741910
0.111300	1.765320
0.111400	1.859000
0.111500	2.069770
0.111600	2.093190
0.111700	2.327380
0.111800	2.327380
0.111900	2.350800
0.112000	2.561570
0.112100	2.444480
0.112200	2.491310
0.112300	2.538150
0.112400	2.397640
0.112500	2.350800
0.112600	2.303960
0.112700	2.210290
0.112800	2.397640
0.112900	2.421060
0.113000	2.280540
0.113100	2.186870
0.113200	2.280540
0.113300	2.303960
0.113400	2.397640
0.113500	2.514730
0.113600	2.491310
0.113700	2.444480
0.113800	2.538150
0.113900	2.655250
0.114000	2.561570
0.114100	2.631830
0.114200	2.491310
0.114300	2.303960
0.114400	2.257120
0.114500	2.163450
0.114600	1.976100
0.114700	1.952680
0.114800	1.976100
0.114900	1.929260
0.115000	1.976100
0.115100	1.952680
0.115200	1.976100
0.115300	2.046350
0.115400	1.882420
0.115500	1.835580
0.115600	1.788740
0.115700	1.765320
0.115800	2.069770
0.115900	1.976100
0.116000	2.069770
0.116100	2.116610
0.116200	2.210290
0.116300	2.163450
0.116400	2.257120
0.116500	2.233700
0.116600	2.280540
0.116700	2.303960
0.116800	2.186870
0.116900	2.093190
0.117000	2.140030
0.117100	2.140030
0.117200	2.163450
0.117300	2.140030
0.117400	2.046350
0.117500	2.046350
0.117600	2.022930
0.117700	1.859000
0.117800	1.671650
0.117900	1.835580
0.118000	1.648230
0.118100	1.765320
0.118200	1.741910
0.118300	1.554550
0.118400	1.343780
0.118500	1.648230
0.118600	1.531130
0.118700	1.554550
0.118800	1.554550
0.118900	1.671650
0.119000	1.624810
0.119100	1.718490
0.119200	1.765320
0.119300	1.812160
0.119400	2.022930
0.119500	1.929260
0.119600	1.788740
0.119700	1.507720
0.119800	1.414040
0.119900	1.133010
0.120000	0.898821
0.120100	1.437460
0.120200	1.929260
0.120300	1.976100
0.120400	2.280540
0.120500	1.905840
0.120600	1.320360
0.120700	1.226690
0.120800	1.624810
0.120900	1.671650
0.121000	1.156430
0.121100	0.922240
0.121200	1.039340
0.121300	1.086170
0.121400	1.367200
0.121500	1.695070
0.121600	1.648230
0.121700	1.507720
0.121800	1.109590
0.121900	0.711469
0.122000	0.383603
0.122100	0.594374
0.122200	0.524117
0.122300	0.477279
0.122400	0.219670
0.122500	0.289927
0.122600	0.266508
0.122700	0.617793
0.122800	0.875402
0.122900	0.969078
0.123000	0.851983
0.123100	0.664631
0.123200	0.641212
0.123300	0.641212
0.123400	0.524117
0.123500	0.172832
0.123600	0.032318
0.123700	-0.037939
0.123800	0.125994
0.123900	0.008899
0.124000	0.149413
0.124100	0.149413
0.124200	0.313346
0.124300	0.196251
0.124400	0.055737
0.124500	0.172832
0.124600	0.407022
0.124700	0.172832
0.124800	0.032318
0.124900	-0.225291
0.125000	-0.412643
0.125100	-0.646833
0.125200	-0.998118
0.125300	-0.951280
0.125400	-0.272129
0.125500	-0.061358
0.125600	-0.365805
0.125700	-0.389224
0.125800	-0.412643
0.125900	-0.459481
0.126000	-0.436062
0.126100	-0.295548
0.126200	-0.061358
0.126300	0.032318
0.126400	0.055737
0.126500	-0.061358
0.126600	-0.037939
0.126700	-0.037939
0.126800	0.196251
0.126900	0.383603
0.127000	0.500698
0.127100	0.711469
0.127200	0.828564
0.127300	0.570955
0.127400	-0.155034
0.127500	-0.365805
0.127600	-0.459481
0.127700	-0.927861
0.127800	-1.419660
0.127900	-1.724110
0.128000	-1.934880
0.128100	-2.239320
0.128200	-2.590610
0.128300	-2.567190
0.128400	-2.496930
0.128500	-2.707700
0.128600	-2.590610
0.128700	-2.192490
0.128800	-2.145650
0.128900	-2.637450
0.129000	-2.777960
0.129100	-2.895060
0.129200	-3.129250
0.129300	-3.386860
0.129400	-3.246340
0.129500	-3.386860
0.129600	-3.480530
0.129700	-3.527370
0.129800	-3.386860
0.129900	-3.363440
0.130000	-2.941890
0.130100	-2.660870
0.130200	-2.777960
0.130300	-2.918480
0.130400	-2.965310
0.130500	-2.754540
0.130600	-2.567190
0.130700	-2.450100
0.130800	-2.707700
0.130900	-2.988730
0.131000	-2.941890
0.131100	-2.918480
0.131200	-2.941890
0.131300	-2.918480
0.131400	-3.246340
0.131500	-3.457110
0.131600	-3.340020
0.131700	-3.105830
0.131800	-2.520350
0.131900	-2.075390
0.132000	-1.864620
0.132100	-1.630430
0.132200	-1.630430
0.132300	-1.911460
0.132400	-1.677270
0.132500	-1.443080
0.132600	-1.724110
0.132700	-1.770940
0.132800	-1.419660
0.132900	-1.279150
0.133000	-1.677270
0.133100	-1.513340
0.133200	-0.810766
0.133300	-0.272129
0.133400	-0.061358
0.133500	-0.131615
0.133600	-0.201872
0.133700	-0.717090
0.133800	-1.208890
0.133900	-1.653850
0.134000	-2.169070
0.134100	-2.215910
0.134200	-2.051970
0.134300	-1.864620
0.134400	-2.051970
0.134500	-2.660870
0.134600	-2.754540
0.134700	-1.677270
0.134800	-1.372820
0.134900	-2.450100
0.135000	-3.058990
0.135100	-2.520350
0.135200	-2.309580
0.135300	-2.450100
0.135400	-2.426680
0.135500	-2.005130
0.135600	-1.700690
0.135700	-1.864620
0.135800	-2.215910
0.135900	-2.543770
0.136000	-2.848220
0.136100	-3.222920
0.136200	-3.644460
0.136300	-3.644460
0.136400	-3.129250
0.136500	-2.988730
0.136600	-3.597630
0.136700	-4.534390
0.136800	-4.370450
0.136900	-3.246340
0.137000	-3.082410
0.137100	-3.058990
0.137200	-2.801380
0.137300	-1.770940
0.137400	-1.325980
0.137500	-1.466500
0.137600	-1.349400
0.137700	-1.443080
0.137800	-1.841200
0.137900	-1.349400
0.138000	-1.396240
0.138100	-2.286160
0.138200	-2.169070
0.138300	-1.817780
0.138400	-2.169070
0.138500	-2.543770
0.138600	-2.871640
0.138700	-3.550790
0.138800	-3.995750
0.138900	-4.276780
0.139000	-3.995750
0.139100	-3.644460
0.139200	-3.129250
0.139300	-2.965310
0.139400	-2.520350
0.139500	-1.770940
0.139600	-1.630430
0.139700	-1.700690
0.139800	-1.349400
0.139900	-0.904442
0.140000	-1.302560
0.140100	-1.911460
0.140200	-1.536750
0.140300	-1.349400
0.140400	-1.489920
0.140500	-1.724110
0.140600	-1.864620
0.140700	-1.560170
0.140800	-1.489920
0.140900	-1.513340
0.141000	-1.607010
0.141100	-1.560170
0.141200	-1.466500
0.141300	-1.724110
0.141400	-2.122230
0.141500	-2.215910
0.141600	-1.981720
0.141700	-1.864620
0.141800	-2.051970
0.141900	-2.356420
0.142000	-2.614030
0.142100	-2.567190
0.142200	-2.309580
0.142300	-1.794360
0.142400	-1.864620
0.142500	-1.911460
0.142600	-2.215910
0.142700	-2.309580
0.142800	-2.192490
0.142900	-1.817780
0.143000	-1.794360
0.143100	-1.583590
0.143200	-1.724110
0.143300	-1.841200
0.143400	-1.653850
0.143500	-1.302560
0.143600	-1.372820
0.143700	-1.560170
0.143800	-1.560170
0.143900	-1.443080
0.144000	-1.372820
0.144100	-1.185470
0.144200	-1.044960
0.144300	-1.138630
0.144400	-1.068370
0.144500	-0.927861
0.144600	-0.787347
0.144700	-0.553157
0.144800	-0.389224
0.144900	-0.365805
0.145000	-0.318967
0.145100	-0.037939
0.145200	-0.131615
0.145300	0.032318
0.145400	0.196251
0.145500	0.032318
0.145600	0.102575
0.145700	-0.037939
0.145800	-0.412643
0.145900	-0.506319
0.146000	-0.318967
0.146100	-0.178453
0.146200	-0.084777
0.146300	-0.014520
0.146400	0.055737
0.146500	0.032318
0.146600	-0.131615
0.146700	-0.061358
0.146800	-0.084777
0.146900	-0.155034
0.147000	-0.225291
0.147100	0.008899
0.147200	0.079156
0.147300	0.055737
0.147400	-0.014520
0.147500	-0.131615
0.147600	-0.272129
0.147700	-0.646833
0.147800	-0.857604
0.147900	-0.272129
0.148000	-0.155034
0.148100	-0.084777
0.148200	-0.131615
0.148300	-0.014520
0.148400	-0.131615
0.148500	0.055737
0.148600	0.149413
0.148700	0.055737
0.148800	-0.272129
0.148900	-0.623414
0.149000	-0.553157
0.149100	0.289927
0.149200	0.266508
0.149300	-0.131615
0.149400	-0.365805
0.149500	-0.178453
0.149600	-0.178453
0.149700	-0.037939
0.149800	0.149413
0.149900	0.711469
0.150000	0.781726
0.150100	0.805145
0.150200	0.336765
0.150300	0.289927
0.150400	0.196251
0.150500	0.243089
0.150600	0.102575
0.150700	-0.178453
0.150800	-0.014520
0.150900	0.243089
0.151000	0.453860
0.151100	0.055737
0.151200	-0.225291
0.151300	-0.318967
0.151400	-0.201872
0.151500	0.196251
0.151600	0.360184
0.151700	0.266508
0.151800	0.172832
0.151900	0.266508
0.152000	0.243089
0.152100	-0.061358
0.152200	0.570955
0.152300	1.367200
0.152400	1.812160
0.152500	1.882420
0.152600	1.367200
0.152700	0.196251
0.152800	0.360184
0.152900	1.133010
0.153000	1.133010
0.153100	0.360184
0.153200	0.219670
0.153300	0.594374
0.153400	1.226690
0.153500	1.999510
0.153600	2.725500
0.153700	2.748920
0.153800	2.584990
0.153900	2.257120
0.154000	1.882420
0.154100	1.765320
0.154200	2.140030
0.154300	2.350800
0.154400	2.561570
0.154500	2.397640
0.154600	2.725500
0.154700	3.240720
0.154800	3.170460
0.154900	2.584990
0.155000	2.538150
0.155100	2.819180
0.155200	3.100210
0.155300	3.076790
0.155400	3.100210
0.155500	2.912860
0.155600	2.795760
0.155700	3.357820
0.155800	3.873030
0.155900	3.966710
0.156000	4.154060
0.156100	4.318000
0.156200	4.271160
0.156300	4.364830
0.156400	4.224320
0.156500	3.990130
0.156600	3.826200
0.156700	3.685680
0.156800	3.568590
0.156900	3.381240
0.157000	3.123630
0.157100	3.193880
0.157200	2.936270
0.157300	2.912860
0.157400	3.053370
0.157500	2.959690
0.157600	2.748920
0.157700	2.210290
0.157800	1.976100
0.157900	2.444480
0.158000	3.264140
0.158100	3.287560
0.158200	2.936270
0.158300	2.678670
0.158400	2.725500
0.158500	2.608410
0.158600	2.584990
0.158700	2.702080
0.158800	2.491310
0.158900	2.303960
0.159000	2.350800
0.159100	2.538150
0.159200	2.421060
0.159300	2.093190
0.159400	2.163450
0.159500	2.608410
0.159600	2.912860
0.159700	2.983110
0.159800	2.936270
0.159900	2.795760
0.160000	2.819180
0.160100	2.983110
0.160200	3.193880
0.160300	3.217300
0.160400	3.100210
0.160500	3.147050
0.160600	3.100210
0.160700	2.842600
0.160800	2.959690
0.160900	3.170460
0.161000	2.936270
0.161100	2.772340
0.161200	2.795760
0.161300	2.842600
0.161400	2.866020
0.161500	2.772340
0.161600	2.866020
0.161700	3.006530
0.161800	2.936270
0.161900	2.936270
0.162000	3.217300
0.162100	3.240720
0.162200	2.983110
0.162300	3.100210
0.162400	3.474910
0.162500	3.310980
0.162600	3.264140
0.162700	3.029950
0.162800	3.264140
0.162900	3.287560
0.163000	3.053370
0.163100	3.100210
0.163200	3.287560
0.163300	3.310980
0.163400	3.474910
0.163500	3.100210
0.163600	2.959690
0.163700	3.006530
0.163800	3.053370
0.163900	3.053370
0.164000	2.842600
0.164100	2.912860
0.164200	2.959690
0.164300	3.193880
0.164400	3.193880
0.164500	3.100210
0.164600	3.100210
0.164700	2.959690
0.164800	2.912860
0.164900	2.959690
0.165000	3.029950
0.165100	3.193880
0.165200	3.193880
0.165300	3.217300
0.165400	3.310980
0.165500	3.217300
0.165600	3.404650
0.165700	3.381240
0.165800	3.310980
0.165900	3.147050
0.166000	3.264140
0.166100	3.170460
0.166200	3.123630
0.166300	3.100210
0.166400	3.193880
0.166500	3.310980
0.166600	3.193880
0.166700	2.866020
0.166800	2.866020
0.166900	3.100210
0.167000	3.076790
0.167100	3.264140
0.167200	3.264140
0.167300	3.193880
0.167400	3.451490
0.167500	3.545170
0.167600	3.381240
0.167700	3.521750
0.167800	3.381240
0.167900	3.404650
0.168000	3.592010
0.168100	3.732520
0.168200	3.662260
0.168300	3.217300
0.168400	3.053370
0.168500	3.100210
0.168600	3.123630
0.168700	3.053370
0.168800	3.147050
0.168900	3.310980
0.169000	3.357820
0.169100	3.193880
0.169200	3.053370
0.169300	3.287560
0.169400	3.615430
0.169500	3.474910
0.169600	3.076790
0.169700	2.702080
0.169800	3.100210
0.169900	3.568590
0.170000	3.428070
0.170100	3.193880
0.170200	3.264140
0.170300	3.521750
0.170400	3.779360
0.170500	3.428070
0.170600	3.053370
0.170700	3.147050
0.170800	3.334400
0.170900	3.147050
0.171000	3.076790
0.171100	3.100210
0.171200	3.451490
0.171300	3.709100
0.171400	3.943290
0.171500	4.083810
0.171600	4.130640
0.171700	3.615430
0.171800	3.264140
0.171900	2.959690
0.172000	2.819180
0.172100	3.053370
0.172200	3.287560
0.172300	3.240720
0.172400	3.100210
0.172500	3.100210
0.172600	3.170460
0.172700	3.053370
0.172800	3.147050
0.172900	3.170460
0.173000	3.451490
0.173100	3.287560
0.173200	2.842600
0.173300	2.912860
0.173400	3.006530
0.173500	2.983110
0.173600	3.147050
0.173700	3.006530
0.173800	3.100210
0.173900	2.959690
0.174000	2.983110
0.174100	2.936270
0.174200	2.772340
0.174300	2.772340
0.174400	2.936270
0.174500	2.866020
0.174600	2.936270
0.174700	3.053370
0.174800	3.123630
0.174900	3.170460
0.175000	3.100210
0.175100	3.100210
0.175200	2.959690
0.175300	2.842600
0.175400	2.866020
0.175500	2.819180
0.175600	2.819180
0.175700	2.819180
0.175800	2.842600
0.175900	2.702080
0.176000	2.912860
0.176100	2.819180
0.176200	2.678670
0.176300	2.678670
0.176400	2.702080
0.176500	2.655250
0.176600	2.772340
0.176700	2.795760
0.176800	2.866020
0.176900	2.959690
0.177000	3.076790
0.177100	3.100210
0.177200	3.076790
0.177300	3.076790
0.177400	3.076790
0.177500	3.123630
0.177600	2.866020
0.177700	2.912860
0.177800	2.936270
0.177900	2.889440
0.178000	2.912860
0.178100	2.936270
0.178200	2.959690
0.178300	3.123630
0.178400	3.006530
0.178500	3.006530
0.178600	2.912860
0.178700	2.795760
0.178800	2.631830
0.178900	2.491310
0.179000	2.350800
0.179100	2.397640
0.179200	2.374220
0.179300	2.374220
0.179400	2.538150
0.179500	2.584990
0.179600	2.631830
0.179700	2.702080
0.179800	2.608410
0.179900	2.631830
0.180000	2.678670
0.180100	2.748920
0.180200	2.608410
0.180300	2.584990
0.180400	2.491310
0.180500	2.421060
0.180600	2.467890
0.180700	2.421060
0.180800	2.397640
0.180900	2.561570
0.181000	2.608410
0.181100	2.725500
0.181200	2.584990
0.181300	2.725500
0.181400	2.772340
0.181500	2.936270
0.181600	2.983110
0.181700	3.100210
0.181800	2.889440
0.181900	2.819180
0.182000	2.983110
0.182100	2.983110
0.182200	2.842600
0.182300	2.936270
0.182400	3.147050
0.182500	3.006530
0.182600	2.912860
0.182700	3.006530
0.182800	3.521750
0.182900	3.334400
0.183000	2.093190
0.183100	1.414040
0.183200	1.999510
0.183300	2.936270
0.183400	3.404650
0.183500	3.006530
0.183600	2.819180
0.183700	3.193880
0.183800	3.638840
0.183900	3.568590
0.184000	3.006530
0.184100	2.912860
0.184200	3.147050
0.184300	3.193880
0.184400	3.240720
0.184500	3.451490
0.184600	3.287560
0.184700	2.912860
0.184800	2.748920
0.184900	2.912860
0.185000	3.006530
0.185100	2.983110
0.185200	2.795760
0.185300	2.538150
0.185400	2.257120
0.185500	2.421060
0.185600	2.748920
0.185700	2.983110
0.185800	3.123630
0.185900	2.912860
0.186000	2.350800
0.186100	1.812160
0.186200	1.741910
0.186300	1.859000
0.186400	2.233700
0.186500	2.538150
0.186600	2.584990
0.186700	2.678670
0.186800	2.631830
0.186900	2.444480
0.187000	2.561570
0.187100	2.538150
0.187200	2.631830
0.187300	2.421060
0.187400	2.397640
0.187500	2.538150
0.187600	2.748920
0.187700	2.866020
0.187800	2.584990
0.187900	2.397640
0.188000	2.655250
0.188100	2.866020
0.188200	2.795760
0.188300	2.702080
0.188400	2.514730
0.188500	2.303960
0.188600	2.210290
0.188700	2.210290
0.188800	1.976100
0.188900	2.303960
0.189000	2.350800
0.189100	2.210290
0.189200	1.952680
0.189300	2.022930
0.189400	2.046350
0.189500	2.069770
0.189600	2.163450
0.189700	2.163450
0.189800	2.303960
0.189900	2.210290
0.190000	2.186870
0.190100	2.093190
0.190200	2.186870
0.190300	2.116610
0.190400	2.069770
0.190500	2.210290
0.190600	2.467890
0.190700	2.327380
0.190800	2.069770
0.190900	2.093190
0.191000	2.163450
0.191100	2.233700
0.191200	2.186870
0.191300	2.280540
0.191400	2.116610
0.191500	2.163450
0.191600	2.069770
0.191700	2.116610
0.191800	2.186870
0.191900	2.257120
0.192000	2.210290
0.192100	2.140030
0.192200	2.069770
0.192300	2.163450
0.192400	1.952680
0.192500	1.999510
0.192600	1.952680
0.192700	1.905840
0.192800	1.999510
0.192900	1.905840
0.193000	1.835580
0.193100	1.765320
0.193200	1.882420
0.193300	1.859000
0.193400	1.788740
0.193500	1.695070
0.193600	1.671650
0.193700	1.671650
0.193800	1.788740
0.193900	1.460880
0.194000	1.554550
0.194100	1.577970
0.194200	1.671650
0.194300	1.414040
0.194400	1.460880
0.194500	1.343780
0.194600	1.226690
0.194700	1.273530
0.194800	1.250110
0.194900	1.203270
0.195000	1.226690
0.195100	1.015920
0.195200	1.203270
0.195300	1.086170
0.195400	0.851983
0.195500	0.945659
0.195600	0.969078
0.195700	1.109590
0.195800	1.086170
0.195900	1.062750
0.196000	1.179850
0.196100	1.039340
0.196200	0.992497
0.196300	0.898821
0.196400	0.734888
0.196500	0.781726
0.196600	0.734888
0.196700	0.524117
0.196800	0.570955
0.196900	0.594374
0.197000	0.617793
0.197100	0.594374
0.197200	0.664631
0.197300	0.594374
0.197400	0.711469
0.197500	0.688050
0.197600	0.828564
0.197700	0.851983
0.197800	0.734888
0.197900	0.828564
0.198000	0.945659
0.198100	0.992497
0.198200	0.898821
0.198300	1.109590
0.198400	1.156430
0.198500	0.945659
0.198600	0.945659
0.198700	0.992497
0.198800	0.898821
0.198900	0.851983
0.199000	0.805145
0.199100	0.641212
0.199200	0.828564
0.199300	0.781726
0.199400	0.922240
0.199500	0.898821
0.199600	0.992497
0.199700	0.945659
0.199800	1.086170
0.199900	0.992497
0.200000	0.898821
0.200100	0.758307
0.200200	0.805145
0.200300	0.688050
0.200400	0.664631
0.200500	0.641212
0.200600	0.688050
0.200700	0.500698
0.200800	-0.108196
0.200900	-0.061358
0.201000	-0.037939
0.201100	0.125994
0.201200	0.500698
0.201300	0.969078
0.201400	0.851983
0.201500	0.524117
0.201600	0.266508
0.201700	0.383603
0.201800	0.570955
0.201900	0.898821
0.202000	0.969078
0.202100	0.688050
0.202200	0.734888
0.202300	0.898821
0.202400	0.945659
0.202500	0.688050
0.202600	0.851983
0.202700	0.711469
0.202800	0.688050
0.202900	0.641212
0.203000	0.594374
0.203100	0.547536
0.203200	0.594374
0.203300	0.617793
0.203400	0.617793
0.203500	0.664631
0.203600	0.641212
0.203700	0.828564
0.203800	0.734888
0.203900	0.524117
0.204000	0.641212
0.204100	0.594374
0.204200	0.500698
0.204300	0.453860
0.204400	0.734888
0.204500	0.992497
0.204600	0.758307
0.204700	1.039340
0.204800	1.437460
0.204900	1.109590
0.205000	0.641212
0.205100	0.407022
0.205200	1.601390
0.205300	2.140030
0.205400	0.898821
0.205500	-0.108196
0.205600	0.360184
0.205700	0.922240
0.205800	1.109590
0.205900	1.133010
0.206000	1.179850
0.206100	1.109590
0.206200	1.015920
0.206300	1.086170
0.206400	1.039340
0.206500	1.015920
0.206600	0.992497
0.206700	1.015920
0.206800	1.109590
0.206900	1.039340
0.207000	0.734888
0.207100	0.805145
0.207200	0.711469
0.207300	0.758307
0.207400	0.734888
0.207500	0.734888
0.207600	0.734888
0.207700	0.781726
0.207800	0.805145
0.207900	1.226690
0.208000	1.273530
0.208100	0.758307
0.208200	-0.037939
0.208300	0.430441
0.208400	0.875402
0.208500	1.179850
0.208600	1.109590
0.208700	0.664631
0.208800	0.945659
0.208900	1.156430
0.209000	0.945659
0.209100	0.828564
0.209200	0.805145
0.209300	0.641212
0.209400	0.805145
0.209500	0.805145
0.209600	0.898821
0.209700	0.828564
0.209800	0.992497
0.209900	0.875402
0.210000	1.015920
0.210100	1.039340
0.210200	1.226690
0.210300	1.226690
0.210400	1.156430
0.210500	1.133010
0.210600	1.179850
0.210700	0.969078
0.210800	0.969078
0.210900	1.109590
0.211000	1.179850
0.211100	0.922240
0.211200	0.945659
0.211300	0.828564
0.211400	1.039340
0.211500	1.203270
0.211600	1.226690
0.211700	1.179850
0.211800	1.273530
0.211900	1.156430
0.212000	1.015920
0.212100	1.203270
0.212200	1.296940
0.212300	1.250110
0.212400	1.179850
0.212500	0.992497
0.212600	0.524117
0.212700	1.133010
0.212800	1.577970
0.212900	1.648230
0.213000	1.062750
0.213100	0.828564
0.213200	0.758307
0.213300	0.992497
0.213400	0.992497
0.213500	1.086170
0.213600	0.898821
0.213700	1.086170
0.213800	1.015920
0.213900	0.969078
0.214000	0.781726
0.214100	0.945659
0.214200	0.992497
0.214300	1.039340
0.214400	1.179850
0.214500	1.320360
0.214600	1.226690
0.214700	0.969078
0.214800	0.851983
0.214900	1.086170
0.215000	1.062750
0.215100	0.992497
0.215200	0.851983
0.215300	1.039340
0.215400	1.250110
0.215500	1.273530
0.215600	0.617793
0.215700	0.336765
0.215800	0.734888
0.215900	1.273530
0.216000	1.250110
0.216100	0.524117
0.216200	0.172832
0.216300	0.734888
0.216400	1.062750
0.216500	0.711469
0.216600	0.477279
0.216700	0.641212
0.216800	0.805145
0.216900	1.203270
0.217000	0.922240
0.217100	0.172832
0.217200	-0.061358
0.217300	0.570955
0.217400	1.086170
0.217500	0.734888
0.217600	0.524117
0.217700	0.734888
0.217800	0.711469
0.217900	0.243089
0.218000	0.125994
0.218100	0.360184
0.218200	0.570955
0.218300	0.524117
0.218400	0.289927
0.218500	0.407022
0.218600	0.360184
0.218700	0.453860
0.218800	0.500698
0.218900	0.477279
0.219000	0.383603
0.219100	0.477279
0.219200	0.594374
0.219300	0.266508
0.219400	0.219670
0.219500	0.477279
0.219600	0.570955
0.219700	0.594374
0.219800	0.500698
0.219900	0.407022
0.220000	0.079156
0.220100	0.196251
0.220200	0.383603
0.220300	0.547536
0.220400	0.407022
0.220500	0.196251
0.220600	0.125994
0.220700	0.360184
0.220800	0.102575
0.220900	0.313346
0.221000	0.149413
0.221100	-0.155034
0.221200	-0.342386
0.221300	-0.201872
0.221400	-0.131615
0.221500	-0.037939
0.221600	0.289927
0.221700	0.313346
0.221800	-0.084777
0.221900	-0.318967
0.222000	0.125994
0.222100	0.570955
0.222200	0.289927
0.222300	-0.342386
0.222400	-0.365805
0.222500	-0.037939
0.222600	0.079156
0.222700	-0.272129
0.222800	-0.318967
0.222900	-0.155034
0.223000	-0.131615
0.223100	-0.506319
0.223200	-0.389224
0.223300	-0.201872
0.223400	-0.178453
0.223500	-0.272129
0.223600	-0.365805
0.223700	-0.459481
0.223800	-0.295548
0.223900	-0.389224
0.224000	-0.459481
0.224100	-0.506319
0.224200	-0.365805
0.224300	-0.506319
0.224400	-0.506319
0.224500	-0.459481
0.224600	-0.365805
0.224700	-0.482900
0.224800	-0.482900
0.224900	-0.576576
0.225000	-0.365805
0.225100	-0.553157
0.225200	-0.342386
0.225300	-0.459481
0.225400	-0.459481
0.225500	-0.740509
0.225600	-0.459481
0.225700	-0.553157
0.225800	-0.763928
0.225900	-0.857604
0.226000	-0.646833
0.226100	-0.646833
0.226200	-0.787347
0.226300	-0.787347
0.226400	-0.740509
0.226500	-0.693671
0.226600	-0.904442
0.226700	-0.763928
0.226800	-0.693671
0.226900	-0.599995
0.227000	-0.693671
0.227100	-0.693671
0.227200	-0.646833
0.227300	-0.740509
0.227400	-1.044960
0.227500	-0.834185
0.227600	-0.717090
0.227700	-0.787347
0.227800	-0.927861
0.227900	-0.951280
0.228000	-0.717090
0.228100	-0.904442
0.228200	-0.927861
0.228300	-0.857604
0.228400	-0.857604
0.228500	-0.998118
0.228600	-0.974699
0.228700	-0.810766
0.228800	-0.740509
0.228900	-0.670252
0.229000	-0.787347
0.229100	-0.904442
0.229200	-0.974699
0.229300	-0.834185
0.229400	-0.787347
0.229500	-0.740509
0.229600	-0.834185
0.229700	-0.904442
0.229800	-0.787347
0.229900	-0.810766
0.230000	-0.810766
0.230100	-0.857604
0.230200	-0.693671
0.230300	-0.763928
0.230400	-0.763928
0.230500	-0.763928
0.230600	-0.787347
0.230700	-0.927861
0.230800	-0.787347
0.230900	-0.904442
0.231000	-0.998118
0.231100	-0.998118
0.231200	-0.763928
0.231300	-0.857604
0.231400	-0.857604
0.231500	-0.810766
0.231600	-0.763928
0.231700	-0.904442
0.231800	-0.857604
0.231900	-0.881023
0.232000	-0.810766
0.232100	-0.740509
0.232200	-0.881023
0.232300	-0.927861
0.232400	-0.740509
0.232500	-0.787347
0.232600	-0.763928
0.232700	-0.693671
0.232800	-0.670252
0.232900	-0.787347
0.233000	-0.553157
0.233100	-0.553157
0.233200	-0.506319
0.233300	-0.553157
0.233400	-0.623414
0.233500	-0.646833
0.233600	-0.506319
0.233700	-0.482900
0.233800	-0.342386
0.233900	-0.318967
0.234000	-0.342386
0.234100	-0.412643
0.234200	-0.295548
0.234300	-0.365805
0.234400	-0.201872
0.234500	-0.225291
0.234600	-0.248710
0.234700	-0.225291
0.234800	-0.225291
0.234900	-0.225291
0.235000	-0.131615
0.235100	-0.131615
0.235200	-0.061358
0.235300	0.008899
0.235400	0.055737
0.235500	-0.084777
0.235600	-0.014520
0.235700	0.196251
0.235800	0.219670
0.235900	0.243089
0.236000	0.266508
0.236100	0.196251
0.236200	0.149413
0.236300	0.079156
0.236400	0.360184
0.236500	0.243089
0.236600	0.289927
0.236700	0.243089
0.236800	0.102575
0.236900	0.266508
0.237000	0.219670
0.237100	0.336765
0.237200	0.289927
0.237300	0.243089
0.237400	0.336765
0.237500	0.453860
0.237600	0.453860
0.237700	0.477279
0.237800	0.617793
0.237900	0.641212
0.238000	0.617793
0.238100	0.851983
0.238200	0.805145
0.238300	0.781726
0.238400	0.945659
0.238500	0.875402
0.238600	0.875402
0.238700	0.922240
0.238800	1.039340
0.238900	0.851983
0.239000	0.969078
0.239100	0.922240
0.239200	0.922240
0.239300	0.828564
0.239400	0.945659
0.239500	0.945659
0.239600	0.875402
0.239700	0.875402
0.239800	0.945659
0.239900	0.969078
0.240000	0.922240
0.240100	0.922240
0.240200	0.898821
0.240300	1.086170
0.240400	1.133010
0.240500	1.203270
0.240600	1.133010
0.240700	1.179850
0.240800	1.133010
0.240900	0.992497
0.241000	1.039340
0.241100	1.086170
0.241200	1.039340
0.241300	1.109590
0.241400	1.133010
0.241500	1.203270
0.241600	1.133010
0.241700	1.062750
0.241800	1.179850
0.241900	1.203270
0.242000	1.156430
0.242100	1.179850
0.242200	1.226690
0.242300	1.273530
0.242400	1.296940
0.242500	1.179850
0.242600	1.226690
0.242700	1.250110
0.242800	1.179850
0.242900	1.226690
0.243000	1.250110
0.243100	1.273530
0.243200	1.296940
0.243300	1.390620
0.243400	1.343780
0.243500	1.437460
0.243600	1.296940
0.243700	1.273530
0.243800	1.226690
0.243900	1.203270
0.244000	1.273530
0.244100	1.343780
0.244200	1.343780
0.244300	1.531130
0.244400	1.296940
0.244500	1.343780
0.244600	1.273530
0.244700	1.414040
0.244800	1.320360
0.244900	1.226690
0.245000	1.460880
0.245100	1.390620
0.245200	1.460880
0.245300	1.507720
0.245400	1.624810
0.245500	1.812160
0.245600	1.788740
0.245700	1.554550
0.245800	1.671650
0.245900	1.648230
0.246000	1.695070
0.246100	1.601390
0.246200	1.601390
0.246300	1.460880
0.246400	1.601390
0.246500	1.460880
0.246600	1.484300
0.246700	1.390620
0.246800	1.414040
0.246900	1.414040
0.247000	1.437460
0.247100	1.390620
0.247200	1.367200
0.247300	1.320360
0.247400	1.390620
0.247500	1.484300
0.247600	1.390620
0.247700	1.437460
0.247800	1.695070
0.247900	1.577970
0.248000	1.554550
0.248100	1.577970
0.248200	1.671650
0.248300	1.648230
0.248400	1.577970
0.248500	1.460880
0.248600	1.484300
0.248700	1.695070
0.248800	1.671650
0.248900	1.601390
0.249000	1.531130
0.249100	1.531130
0.249200	1.437460
0.249300	1.554550
0.249400	1.414040
0.249500	1.250110
0.249600	1.414040
0.249700	1.507720
0.249800	1.390620
0.249900	1.484300
0.250000	1.577970
0.250100	1.460880
0.250200	1.437460
0.250300	1.484300
0.250400	1.554550
0.250500	1.577970
0.250600	1.390620
0.250700	1.507720
0.250800	1.531130
0.250900	1.484300
0.251000	1.414040
0.251100	1.343780
0.251200	1.226690
0.251300	1.484300
0.251400	1.390620
0.251500	1.273530
0.251600	1.250110
0.251700	1.367200
0.251800	1.179850
0.251900	1.273530
0.252000	1.156430
0.252100	1.156430
0.252200	1.179850
0.252300	1.133010
0.252400	1.039340
0.252500	1.109590
0.252600	1.109590
0.252700	1.039340
0.252800	0.898821
0.252900	0.781726
0.253000	0.758307
0.253100	0.828564
0.253200	0.781726
0.253300	0.688050
0.253400	0.734888
0.253500	0.734888
0.253600	0.711469
0.253700	0.758307
0.253800	0.594374
0.253900	0.477279
0.254000	0.430441
0.254100	0.477279
0.254200	0.383603
0.254300	0.336765
0.254400	0.289927
0.254500	0.477279
0.254600	0.407022
0.254700	0.407022
0.254800	0.243089
0.254900	0.289927
0.255000	0.266508
0.255100	0.289927
0.255200	0.243089
0.255300	0.172832
0.255400	0.055737
0.255500	0.196251
0.255600	0.149413
0.255700	0.102575
0.255800	0.079156
0.255900	0.102575
0.256000	0.055737
0.256100	0.125994
0.256200	0.149413
0.256300	0.079156
0.256400	0.008899
0.256500	-0.037939
0.256600	-0.014520
0.256700	-0.084777
0.256800	0.055737
0.256900	0.102575
0.257000	0.055737
0.257100	0.102575
0.257200	-0.061358
0.257300	-0.037939
0.257400	0.055737
0.257500	0.102575
0.257600	-0.014520
0.257700	-0.061358
0.257800	-0.155034
0.257900	-0.412643
0.258000	-0.693671
0.258100	-0.927861
0.258200	-1.185470
0.258300	-1.396240
0.258400	-1.396240
0.258500	-1.653850
0.258600	-1.817780
0.258700	-1.747530
0.258800	-1.888040
0.258900	-1.770940
0.259000	-1.653850
0.259100	-1.607010
0.259200	-1.794360
0.259300	-1.560170
0.259400	-1.466500
0.259500	-1.396240
0.259600	-1.560170
0.259700	-1.466500
0.259800	-1.396240
0.259900	-1.255730
0.260000	-1.325980
0.260100	-1.396240
0.260200	-1.232310
0.260300	-1.279150
0.260400	-1.208890
0.260500	-1.185470
0.260600	-1.138630
0.260700	-1.185470
0.260800	-1.302560
0.260900	-1.302560
0.261000	-1.232310
0.261100	-1.325980
0.261200	-1.232310
0.261300	-1.208890
0.261400	-1.185470
0.261500	-1.185470
0.261600	-1.279150
0.261700	-1.068370
0.261800	-1.115210
0.261900	-1.255730
0.262000	-1.372820
0.262100	-1.115210
0.262200	-1.232310
0.262300	-1.185470
0.262400	-1.255730
0.262500	-1.349400
0.262600	-1.232310
0.262700	-1.208890
0.262800	-1.325980
0.262900	-1.443080
0.263000	-1.443080
0.263100	-1.466500
0.263200	-1.513340
0.263300	-1.536750
0.263400	-1.583590
0.263500	-1.583590
0.263600	-1.419660
0.263700	-1.583590
0.263800	-1.419660
0.263900	-1.349400
0.264000	-1.396240
0.264100	-1.536750
0.264200	-1.513340
0.264300	-1.817780
0.264400	-1.817780
0.264500	-1.958300
0.264600	-1.841200
0.264700	-1.981720
0.264800	-1.934880
0.264900	-1.864620
0.265000	-1.583590
0.265100	-1.536750
0.265200	-1.607010
0.265300	-1.864620
0.265400	-1.864620
0.265500	-1.747530
0.265600	-1.583590
0.265700	-1.630430
0.265800	-1.607010
0.265900	-1.513340
0.266000	-1.489920
0.266100	-1.489920
0.266200	-1.419660
0.266300	-1.466500
0.266400	-1.560170
0.266500	-1.700690
0.266600	-1.630430
0.266700	-1.911460
0.266800	-1.864620
0.266900	-1.724110
0.267000	-1.677270
0.267100	-1.841200
0.267200	-2.005130
0.267300	-2.145650
0.267400	-2.215910
0.267500	-2.122230
0.267600	-2.075390
0.267700	-2.145650
0.267800	-1.888040
0.267900	-2.005130
0.268000	-1.981720
0.268100	-1.934880
0.268200	-1.958300
0.268300	-2.098810
0.268400	-2.075390
0.268500	-2.075390
0.268600	-1.958300
0.268700	-1.981720
0.268800	-2.005130
0.268900	-1.958300
0.269000	-1.958300
0.269100	-2.098810
0.269200	-2.145650
0.269300	-2.075390
0.269400	-2.122230
0.269500	-2.122230
0.269600	-2.098810
0.269700	-2.215910
0.269800	-2.028550
0.269900	-2.028550
0.270000	-2.122230
0.270100	-2.379840
0.270200	-2.145650
0.270300	-2.051970
0.270400	-2.028550
0.270500	-1.958300
0.270600	-1.934880
0.270700	-2.075390
0.270800	-1.934880
0.270900	-1.981720
0.271000	-2.005130
0.271100	-2.028550
0.271200	-2.098810
0.271300	-2.075390
0.271400	-2.075390
0.271500	-1.981720
0.271600	-2.005130
0.271700	-2.028550
0.271800	-2.028550
0.271900	-2.051970
0.272000	-1.911460
0.272100	-1.911460
0.272200	-1.981720
0.272300	-1.841200
0.272400	-1.700690
0.272500	-1.864620
0.272600	-2.051970
0.272700	-1.981720
0.272800	-1.864620
0.272900	-1.794360
0.273000	-1.724110
0.273100	-1.981720
0.273200	-1.864620
0.273300	-1.770940
0.273400	-1.817780
0.273500	-1.841200
0.273600	-1.770940
0.273700	-1.794360
0.273800	-1.770940
0.273900	-1.700690
0.274000	-1.770940
0.274100	-1.677270
0.274200	-1.630430
0.274300	-1.560170
0.274400	-1.536750
0.274500	-1.677270
0.274600	-1.794360
0.274700	-1.630430
0.274800	-1.607010
0.274900	-1.372820
0.275000	-1.349400
0.275100	-1.607010
0.275200	-1.700690
0.275300	-1.700690
0.275400	-1.770940
0.275500	-1.864620
0.275600	-1.911460
0.275700	-1.794360
0.275800	-1.583590
0.275900	-1.443080
0.276000	-1.489920
0.276100	-1.770940
0.276200	-1.700690
0.276300	-1.700690
0.276400	-1.770940
0.276500	-1.864620
0.276600	-1.747530
0.276700	-1.770940
0.276800	-1.677270
0.276900	-1.466500
0.277000	-1.677270
0.277100	-1.700690
0.277200	-1.630430
0.277300	-1.724110
0.277400	-1.817780
0.277500	-1.888040
0.277600	-1.817780
0.277700	-1.724110
0.277800	-1.607010
0.277900	-1.677270
0.278000	-1.700690
0.278100	-1.372820
0.278200	-1.466500
0.278300	-1.700690
0.278400	-1.864620
0.278500	-1.747530
0.278600	-1.747530
0.278700	-1.325980
0.278800	-1.536750
0.278900	-1.653850
0.279000	-1.700690
0.279100	-1.770940
0.279200	-1.607010
0.279300	-1.489920
0.279400	-1.536750
0.279500	-1.677270
0.279600	-1.888040
0.279700	-1.817780
0.279800	-1.841200
0.279900	-1.841200
0.280000	-1.630430
0.280100	-1.747530
0.280200	-1.864620
0.280300	-1.911460
0.280400	-1.794360
0.280500	-1.724110
0.280600	-1.677270
0.280700	-1.911460
0.280800	-1.864620
0.280900	-1.981720
0.281000	-1.747530
0.281100	-1.958300
0.281200	-1.817780
0.281300	-1.958300
0.281400	-1.958300
0.281500	-1.888040
0.281600	-1.700690
0.281700	-1.419660
0.281800	-1.560170
0.281900	-1.747530
0.282000	-1.841200
0.282100	-1.724110
0.282200	-1.607010
0.282300	-1.770940
0.282400	-1.864620
0.282500	-1.653850
0.282600	-1.724110
0.282700	-1.794360
0.282800	-1.817780
0.282900	-1.794360
0.283000	-1.724110
0.283100	-1.630430
0.283200	-1.630430
0.283300	-1.583590
0.283400	-1.560170
0.283500	-1.630430
0.283600	-1.560170
0.283700	-1.583590
0.283800	-1.489920
0.283900	-1.443080
0.284000	-1.443080
0.284100	-1.536750
0.284200	-1.560170
0.284300	-1.560170
0.284400	-1.536750
0.284500	-1.607010
0.284600	-1.489920
0.284700	-1.396240
0.284800	-1.372820
0.284900	-1.466500
0.285000	-1.489920
0.285100	-1.466500
0.285200	-1.443080
0.285300	-1.325980
0.285400	-1.419660
0.285500	-1.489920
0.285600	-1.489920
0.285700	-1.349400
0.285800	-1.302560
0.285900	-1.302560
0.286000	-1.255730
0.286100	-1.232310
0.286200	-1.232310
0.286300	-1.396240
0.286400	-1.396240
0.286500	-1.279150
0.286600	-1.302560
0.286700	-1.349400
0.286800	-1.302560
0.286900	-1.185470
0.287000	-1.349400
0.287100	-1.208890
0.287200	-1.302560
0.287300	-1.302560
0.287400	-1.349400
0.287500	-1.279150
0.287600	-1.162050
0.287700	-1.232310
0.287800	-1.208890
0.287900	-1.396240
0.288000	-1.279150
0.288100	-1.255730
0.288200	-1.279150
0.288300	-1.255730
0.288400	-1.349400
0.288500	-1.349400
0.288600	-1.232310
0.288700	-1.255730
0.288800	-1.325980
0.288900	-1.443080
0.289000	-1.325980
0.289100	-1.279150
0.289200	-1.232310
0.289300	-1.208890
0.289400	-1.162050
0.289500	-1.044960
0.289600	-0.951280
0.289700	-0.974699
0.289800	-1.138630
0.289900	-1.091790
0.290000	-1.208890
0.290100	-1.162050
0.290200	-1.044960
0.290300	-1.044960
0.290400	-1.115210
0.290500	-0.927861
0.290600	-0.974699
0.290700	-0.881023
0.290800	-0.787347
0.290900	-0.787347
0.291000	-0.927861
0.291100	-0.459481
0.291200	-0.389224
0.291300	-0.693671
0.291400	-0.998118
0.291500	-1.068370
0.291600	-1.068370
0.291700	-1.044960
0.291800	-1.044960
0.291900	-1.021540
0.292000	-1.208890
0.292100	-1.349400
0.292200	-1.325980
0.292300	-1.232310
0.292400	-0.927861
0.292500	-0.904442
0.292600	-0.927861
0.292700	-0.904442
0.292800	-0.974699
0.292900	-0.857604
0.293000	-0.881023
0.293100	-0.904442
0.293200	-0.951280
0.293300	-1.021540
0.293400	-0.904442
0.293500	-0.927861
0.293600	-0.927861
0.293700	-0.927861
0.293800	-0.927861
0.293900	-0.974699
0.294000	-1.021540
0.294100	-1.302560
0.294200	-1.302560
0.294300	-1.349400
0.294400	-1.279150
0.294500	-1.419660
0.294600	-1.325980
0.294700	-1.396240
0.294800	-1.255730
0.294900	-1.302560
0.295000	-1.185470
0.295100	-1.208890
0.295200	-1.162050
0.295300	-1.279150
0.295400	-1.068370
0.295500	-1.091790
0.295600	-1.044960
0.295700	-0.881023
0.295800	-0.763928
0.295900	-0.927861
0.296000	-0.717090
0.296100	-0.904442
0.296200	-1.021540
0.296300	-0.787347
0.296400	-0.787347
0.296500	-0.857604
0.296600	-0.787347
0.296700	-0.834185
0.296800	-0.740509
0.296900	-0.857604
0.297000	-0.881023
0.297100	-0.881023
0.297200	-0.927861
0.297300	-0.904442
0.297400	-0.810766
0.297500	-0.857604
0.297600	-0.787347
0.297700	-0.834185
0.297800	-0.810766
0.297900	-0.670252
0.298000	-0.740509
0.298100	-0.810766
0.298200	-0.670252
0.298300	-0.717090
0.298400	-0.740509
0.298500	-0.927861
0.298600	-0.740509
0.298700	-0.670252
0.298800	-0.717090
0.298900	-0.646833
0.299000	-0.717090
0.299100	-0.599995
0.299200	-0.717090
0.299300	-0.693671
0.299400	-0.599995
0.299500	-0.670252
0.299600	-0.646833
0.299700	-0.599995
0.299800	-0.553157
0.299900	-0.623414
