-0.050000	1.321360
-0.049900	-5.607120
-0.049800	-2.637770
-0.049700	0.331577
-0.049600	-2.637770
-0.049500	-3.627550
-0.049400	-0.658205
-0.049300	-0.163314
-0.049200	-2.637770
-0.049100	0.331577
-0.049000	2.311140
-0.048900	4.290700
-0.048800	6.270270
-0.048700	0.826468
-0.048600	-5.607120
-0.048500	0.826468
-0.048400	-0.658205
-0.048300	-0.658205
-0.048200	0.331577
-0.048100	2.311140
-0.048000	-2.637770
-0.047900	-4.617330
-0.047800	-1.647990
-0.047700	-1.647990
-0.047600	1.321360
-0.047500	3.300920
-0.047400	1.321360
-0.047300	0.826468
-0.047200	6.270270
-0.047100	0.331577
-0.047000	-0.658205
-0.046900	2.311140
-0.046800	-0.658205
-0.046700	-0.658205
-0.046600	0.826468
-0.046500	-2.142880
-0.046400	-3.132660
-0.046300	5.775380
-0.046200	-0.658205
-0.046100	-1.647990
-0.046000	3.300920
-0.045900	5.280490
-0.045800	4.785600
-0.045700	0.331577
-0.045600	-1.647990
-0.045500	1.816250
-0.045400	3.300920
-0.045300	1.321360
-0.045200	4.785600
-0.045100	6.270270
-0.045000	0.331577
-0.044900	-5.607120
-0.044800	-0.658205
-0.044700	0.826468
-0.044600	0.331577
-0.044500	-3.627550
-0.044400	-0.658205
-0.044300	1.321360
-0.044200	2.806030
-0.044100	6.270270
-0.044000	0.331577
-0.043900	-1.647990
-0.043800	2.311140
-0.043700	4.290700
-0.043600	0.331577
-0.043500	2.311140
-0.043400	5.280490
-0.043300	3.300920
-0.043200	3.300920
-0.043100	2.311140
-0.043000	6.270270
-0.042900	4.785600
-0.042800	0.331577
-0.042700	1.321360
-0.042600	5.280490
-0.042500	2.311140
-0.042400	3.300920
-0.042300	0.826468
-0.042200	1.321360
-0.042100	2.311140
-0.042000	3.300920
-0.041900	-0.658205
-0.041800	4.785600
-0.041700	7.260050
-0.041600	-0.658205
-0.041500	2.311140
-0.041400	2.311140
-0.041300	-0.658205
-0.041200	-4.617330
-0.041100	-7.586680
-0.041000	-4.617330
-0.040900	3.300920
-0.040800	0.331577
-0.040700	1.321360
-0.040600	3.300920
-0.040500	0.826468
-0.040400	2.311140
-0.040300	-0.658205
-0.040200	-0.658205
-0.040100	-0.658205
-0.040000	-2.637770
-0.039900	1.321360
-0.039800	2.311140
-0.039700	4.785600
-0.039600	2.311140
-0.039500	-0.658205
-0.039400	-2.637770
-0.039300	-4.617330
-0.039200	-2.637770
-0.039100	2.311140
-0.039000	0.826468
-0.038900	-3.627550
-0.038800	-8.576460
-0.038700	-2.637770
-0.038600	5.280490
-0.038500	-0.658205
-0.038400	0.331577
-0.038300	1.321360
-0.038200	-0.658205
-0.038100	-4.617330
-0.038000	-3.132660
-0.037900	-0.658205
-0.037800	-4.617330
-0.037700	1.816250
-0.037600	2.311140
-0.037500	-3.627550
-0.037400	-3.627550
-0.037300	4.290700
-0.037200	2.311140
-0.037100	3.300920
-0.037000	2.806030
-0.036900	3.300920
-0.036800	-2.637770
-0.036700	-2.637770
-0.036600	4.290700
-0.036500	1.321360
-0.036400	-0.658205
-0.036300	-0.658205
-0.036200	2.311140
-0.036100	3.300920
-0.036000	0.331577
-0.035900	2.806030
-0.035800	-0.658205
-0.035700	0.826468
-0.035600	-1.647990
-0.035500	-0.658205
-0.035400	0.331577
-0.035300	1.321360
-0.035200	2.311140
-0.035100	3.300920
-0.035000	0.331577
-0.034900	6.765160
-0.034800	-0.658205
-0.034700	-4.617330
-0.034600	1.321360
-0.034500	0.331577
-0.034400	3.300920
-0.034300	3.300920
-0.034200	3.300920
-0.034100	-2.637770
-0.034000	3.300920
-0.033900	1.321360
-0.033800	0.826468
-0.033700	3.300920
-0.033600	-0.658205
-0.033500	-0.658205
-0.033400	1.321360
-0.033300	5.280490
-0.033200	5.280490
-0.033100	1.321360
-0.033000	1.816250
-0.032900	-0.658205
-0.032800	-8.576460
-0.032700	-3.627550
-0.032600	3.300920
-0.032500	-0.658205
-0.032400	-2.637770
-0.032300	-4.617330
-0.032200	-4.617330
-0.032100	-3.132660
-0.032000	1.321360
-0.031900	6.270270
-0.031800	-0.658205
-0.031700	-0.658205
-0.031600	-2.637770
-0.031500	-4.617330
-0.031400	0.331577
-0.031300	4.785600
-0.031200	0.826468
-0.031100	-0.658205
-0.031000	0.331577
-0.030900	-0.658205
-0.030800	-0.658205
-0.030700	-1.647990
-0.030600	-3.627550
-0.030500	-1.647990
-0.030400	-2.637770
-0.030300	-4.617330
-0.030200	-1.647990
-0.030100	2.311140
-0.030000	-0.658205
-0.029900	1.816250
-0.029800	1.321360
-0.029700	3.300920
-0.029600	-2.637770
-0.029500	0.331577
-0.029400	1.321360
-0.029300	2.311140
-0.029200	0.826468
-0.029100	2.311140
-0.029000	-2.637770
-0.028900	-1.647990
-0.028800	2.311140
-0.028700	6.270270
-0.028600	1.321360
-0.028500	-1.647990
-0.028400	-1.647990
-0.028300	1.321360
-0.028200	-1.647990
-0.028100	-1.647990
-0.028000	-0.658205
-0.027900	-2.142880
-0.027800	5.775380
-0.027700	2.311140
-0.027600	-4.617330
-0.027500	1.321360
-0.027400	0.826468
-0.027300	-1.153100
-0.027200	-0.658205
-0.027100	-1.647990
-0.027000	2.311140
-0.026900	1.321360
-0.026800	-2.637770
-0.026700	-0.163314
-0.026600	2.311140
-0.026500	-1.647990
-0.026400	3.300920
-0.026300	3.300920
-0.026200	-0.658205
-0.026100	-0.658205
-0.026000	3.300920
-0.025900	-1.647990
-0.025800	-0.658205
-0.025700	4.290700
-0.025600	0.331577
-0.025500	-1.647990
-0.025400	-3.627550
-0.025300	-1.647990
-0.025200	2.806030
-0.025100	1.321360
-0.025000	-4.617330
-0.024900	-2.637770
-0.024800	-0.658205
-0.024700	0.331577
-0.024600	1.321360
-0.024500	-1.647990
-0.024400	-0.658205
-0.024300	0.331577
-0.024200	2.311140
-0.024100	2.806030
-0.024000	3.300920
-0.023900	-1.647990
-0.023800	-2.637770
-0.023700	-4.617330
-0.023600	-3.132660
-0.023500	-4.617330
-0.023400	2.311140
-0.023300	4.290700
-0.023200	6.270270
-0.023100	-0.658205
-0.023000	-5.607120
-0.022900	0.331577
-0.022800	2.311140
-0.022700	3.300920
-0.022600	2.311140
-0.022500	-0.658205
-0.022400	-2.637770
-0.022300	-1.647990
-0.022200	-5.607120
-0.022100	-2.637770
-0.022000	-3.627550
-0.021900	0.826468
-0.021800	-2.637770
-0.021700	-3.627550
-0.021600	-5.607120
-0.021500	5.280490
-0.021400	2.311140
-0.021300	-4.617330
-0.021200	-4.617330
-0.021100	-0.658205
-0.021000	1.321360
-0.020900	0.826468
-0.020800	-3.627550
-0.020700	-1.647990
-0.020600	-5.112220
-0.020500	-2.637770
-0.020400	-2.142880
-0.020300	2.311140
-0.020200	1.321360
-0.020100	-1.647990
-0.020000	1.321360
-0.019900	-1.647990
-0.019800	-0.658205
-0.019700	-4.617330
-0.019600	-2.637770
-0.019500	5.280490
-0.019400	6.270270
-0.019300	-1.647990
-0.019200	-5.112220
-0.019100	-1.153100
-0.019000	-0.658205
-0.018900	-3.627550
-0.018800	-0.658205
-0.018700	-2.142880
-0.018600	-2.637770
-0.018500	1.321360
-0.018400	-1.153100
-0.018300	-2.637770
-0.018200	-5.112220
-0.018100	2.806030
-0.018000	2.311140
-0.017900	-1.647990
-0.017800	1.321360
-0.017700	0.331577
-0.017600	-0.658205
-0.017500	3.300920
-0.017400	3.300920
-0.017300	0.331577
-0.017200	-0.658205
-0.017100	-2.637770
-0.017000	-1.647990
-0.016900	-1.647990
-0.016800	-1.153100
-0.016700	-0.658205
-0.016600	-4.617330
-0.016500	-1.647990
-0.016400	3.300920
-0.016300	-0.658205
-0.016200	-5.607120
-0.016100	-0.658205
-0.016000	3.300920
-0.015900	-1.647990
-0.015800	-1.153100
-0.015700	3.300920
-0.015600	-0.658205
-0.015500	-0.658205
-0.015400	3.795810
-0.015300	1.321360
-0.015200	-2.637770
-0.015100	-0.658205
-0.015000	-0.658205
-0.014900	-1.153100
-0.014800	-2.637770
-0.014700	-3.627550
-0.014600	-4.617330
-0.014500	1.321360
-0.014400	-1.647990
-0.014300	-1.647990
-0.014200	-0.658205
-0.014100	-1.647990
-0.014000	-0.658205
-0.013900	1.321360
-0.013800	2.311140
-0.013700	-0.658205
-0.013600	-3.132660
-0.013500	2.806030
-0.013400	4.290700
-0.013300	-0.658205
-0.013200	-0.658205
-0.013100	5.775380
-0.013000	3.300920
-0.012900	1.321360
-0.012800	2.311140
-0.012700	1.321360
-0.012600	2.311140
-0.012500	-0.658205
-0.012400	1.321360
-0.012300	0.826468
-0.012200	-0.658205
-0.012100	-1.153100
-0.012000	1.816250
-0.011900	4.290700
-0.011800	-1.647990
-0.011700	5.280490
-0.011600	5.280490
-0.011500	-0.658205
-0.011400	-1.647990
-0.011300	6.270270
-0.011200	7.260050
-0.011100	1.321360
-0.011000	-3.627550
-0.010900	0.331577
-0.010800	1.321360
-0.010700	0.331577
-0.010600	-1.647990
-0.010500	3.300920
-0.010400	6.270270
-0.010300	3.300920
-0.010200	1.321360
-0.010100	3.300920
-0.010000	6.270270
-0.009900	1.321360
-0.009800	-0.163314
-0.009700	-0.658205
-0.009600	-1.647990
-0.009500	-1.647990
-0.009400	1.321360
-0.009300	3.300920
-0.009200	2.311140
-0.009100	4.785600
-0.009000	4.785600
-0.008900	0.826468
-0.008800	-0.163314
-0.008700	0.331577
-0.008600	3.300920
-0.008500	5.280490
-0.008400	6.270270
-0.008300	5.280490
-0.008200	5.280490
-0.008100	0.331577
-0.008000	-1.153100
-0.007900	3.300920
-0.007800	-2.637770
-0.007700	-2.637770
-0.007600	5.280490
-0.007500	5.280490
-0.007400	0.826468
-0.007300	1.321360
-0.007200	-1.647990
-0.007100	-2.142880
-0.007000	5.280490
-0.006900	1.321360
-0.006800	-0.658205
-0.006700	0.331577
-0.006600	1.321360
-0.006500	0.826468
-0.006400	0.331577
-0.006300	-0.658205
-0.006200	-1.647990
-0.006100	-0.658205
-0.006000	-1.647990
-0.005900	3.300920
-0.005800	2.806030
-0.005700	-0.658205
-0.005600	-0.658205
-0.005500	-0.658205
-0.005400	0.331577
-0.005300	5.280490
-0.005200	3.300920
-0.005100	-0.658205
-0.005000	-0.658205
-0.004900	2.311140
-0.004800	2.311140
-0.004700	-4.617330
-0.004600	-2.142880
-0.004500	-1.647990
-0.004400	-0.658205
-0.004300	-2.142880
-0.004200	-0.658205
-0.004100	2.806030
-0.004000	-0.163314
-0.003900	0.331577
-0.003800	-4.617330
-0.003700	-0.658205
-0.003600	3.300920
-0.003500	3.300920
-0.003400	1.321360
-0.003300	1.321360
-0.003200	-0.658205
-0.003100	2.311140
-0.003000	1.816250
-0.002900	6.270270
-0.002800	-0.163314
-0.002700	-0.658205
-0.002600	3.300920
-0.002500	1.321360
-0.002400	3.300920
-0.002300	7.260050
-0.002200	1.321360
-0.002100	-0.658205
-0.002000	2.311140
-0.001900	3.300920
-0.001800	10.229400
-0.001700	5.280490
-0.001600	5.280490
-0.001500	2.806030
-0.001400	2.311140
-0.001300	-0.658205
-0.001200	-1.647990
-0.001100	5.280490
-0.001000	1.321360
-0.000900	0.331577
-0.000800	5.280490
-0.000700	3.300920
-0.000600	7.260050
-0.000500	8.249830
-0.000400	6.270270
-0.000300	-0.658205
-0.000200	-1.647990
-0.000100	2.311140
0.000000	0.826468
0.000100	5.280490
0.000200	1.321360
0.000300	-4.617330
0.000400	0.331577
0.000500	7.260050
0.000600	4.785600
0.000700	3.300920
0.000800	5.280490
0.000900	3.300920
0.001000	8.249830
0.001100	7.260050
0.001200	1.321360
0.001300	-0.658205
0.001400	2.311140
0.001500	7.260050
0.001600	-0.658205
0.001700	-2.637770
0.001800	-4.617330
0.001900	3.300920
0.002000	9.239610
0.002100	6.765160
0.002200	0.331577
0.002300	0.331577
0.002400	-1.647990
0.002500	3.300920
0.002600	0.826468
0.002700	4.785600
0.002800	11.219200
0.002900	3.300920
0.003000	2.806030
0.003100	7.260050
0.003200	7.754940
0.003300	0.331577
0.003400	1.321360
0.003500	3.300920
0.003600	5.280490
0.003700	8.249830
0.003800	11.219200
0.003900	-5.607120
0.004000	-0.658205
0.004100	7.260050
0.004200	1.321360
0.004300	3.300920
0.004400	1.321360
0.004500	-0.658205
0.004600	6.270270
0.004700	6.270270
0.004800	7.260050
0.004900	3.300920
0.005000	5.280490
0.005100	5.775380
0.005200	2.806030
0.005300	0.331577
0.005400	3.300920
0.005500	3.300920
0.005600	5.280490
0.005700	4.290700
0.005800	6.270270
0.005900	3.300920
0.006000	0.331577
0.006100	1.321360
0.006200	-1.647990
0.006300	-1.647990
0.006400	-0.658205
0.006500	2.311140
0.006600	2.806030
0.006700	3.300920
0.006800	0.826468
0.006900	0.331577
0.007000	1.321360
0.007100	-2.637770
0.007200	5.280490
0.007300	10.724300
0.007400	3.300920
0.007500	0.331577
0.007600	-0.658205
0.007700	-3.132660
0.007800	-1.647990
0.007900	4.290700
0.008000	-2.637770
0.008100	0.826468
0.008200	-2.142880
0.008300	-5.607120
0.008400	-6.596900
0.008500	-0.658205
0.008600	0.331577
0.008700	-3.132660
0.008800	1.321360
0.008900	2.311140
0.009000	5.280490
0.009100	6.765160
0.009200	9.239610
0.009300	4.290700
0.009400	3.300920
0.009500	7.754940
0.009600	7.260050
0.009700	-0.658205
0.009800	1.321360
0.009900	-0.658205
0.010000	0.331577
0.010100	10.229400
0.010200	9.239610
0.010300	6.270270
0.010400	7.260050
0.010500	11.219200
0.010600	7.260050
0.010700	-0.658205
0.010800	-2.142880
0.010900	3.300920
0.011000	-0.658205
0.011100	-1.647990
0.011200	5.280490
0.011300	0.331577
0.011400	-4.617330
0.011500	-2.637770
0.011600	5.280490
0.011700	3.300920
0.011800	1.321360
0.011900	4.290700
0.012000	3.300920
0.012100	2.806030
0.012200	7.260050
0.012300	8.744720
0.012400	2.806030
0.012500	3.300920
0.012600	4.290700
0.012700	3.300920
0.012800	8.744720
0.012900	0.331577
0.013000	-8.576460
0.013100	-11.050900
0.013200	-6.596900
0.013300	-8.576460
0.013400	-11.545800
0.013500	-7.586680
0.013600	-10.556000
0.013700	-12.040700
0.013800	-8.576460
0.013900	-8.081570
0.014000	-9.566240
0.014100	-4.617330
0.014200	-0.658205
0.014300	-3.132660
0.014400	-14.515200
0.014500	-22.433399
0.014600	-13.525400
0.014700	-2.637770
0.014800	-10.556000
0.014900	-8.576460
0.015000	-12.535600
0.015100	-10.556000
0.015200	-13.525400
0.015300	-13.525400
0.015400	-23.918100
0.015500	-22.928301
0.015600	-15.504900
0.015700	-10.556000
0.015800	0.331577
0.015900	9.239610
0.016000	-0.658205
0.016100	-3.132660
0.016200	-5.607120
0.016300	-5.607120
0.016400	-7.091790
0.016500	0.331577
0.016600	0.826468
0.016700	1.321360
0.016800	19.137400
0.016900	18.147699
0.017000	5.280490
0.017100	-0.658205
0.017200	5.280490
0.017300	-0.163314
0.017400	-4.617330
0.017500	-2.637770
0.017600	-4.617330
0.017700	-1.647990
0.017800	1.321360
0.017900	-2.142880
0.018000	-13.525400
0.018100	-8.576460
0.018200	-6.102010
0.018300	-0.163314
0.018400	1.321360
0.018500	7.260050
0.018600	7.260050
0.018700	6.270270
0.018800	8.249830
0.018900	12.209000
0.019000	7.260050
0.019100	-4.617330
0.019200	2.806030
0.019300	2.311140
0.019400	-8.576460
0.019500	-6.596900
0.019600	4.290700
0.019700	8.249830
0.019800	-2.637770
0.019900	-9.566240
0.020000	-3.627550
0.020100	-4.122440
0.020200	-5.607120
0.020300	-10.061100
0.020400	-12.535600
0.020500	-0.658205
0.020600	3.300920
0.020700	5.280490
0.020800	7.260050
0.020900	10.229400
0.021000	7.260050
0.021100	-30.846600
0.021200	-28.372101
0.021300	-26.392500
0.021400	-37.280102
0.021500	-29.361900
0.021600	-19.464100
0.021700	-14.515200
0.021800	-6.596900
0.021900	-12.535600
0.022000	-22.433399
0.022100	-56.580898
0.022200	-64.994003
0.022300	-54.106400
0.022400	-56.085999
0.022500	-58.560501
0.022600	-49.157501
0.022700	-49.157501
0.022800	-51.632000
0.022900	-45.198399
0.023000	-36.290401
0.023100	-34.310799
0.023200	-24.413000
0.023300	-28.372101
0.023400	-29.361900
0.023500	-19.464100
0.023600	-5.607120
0.023700	-1.647990
0.023800	-6.596900
0.023900	-12.535600
0.024000	-8.576460
0.024100	0.331577
0.024200	1.321360
0.024300	-4.617330
0.024400	-13.525400
0.024500	-4.617330
0.024600	15.178300
0.024700	-25.402800
0.024800	-64.004303
0.024900	-37.280102
0.025000	-18.474300
0.025100	-30.846600
0.025200	-41.239300
0.025300	-37.280102
0.025400	-36.290401
0.025500	-33.815899
0.025600	-27.382299
0.025700	-22.433399
0.025800	-17.484501
0.025900	-14.515200
0.026000	-22.928301
0.026100	-22.433399
0.026200	-34.310799
0.026300	-39.259701
0.026400	-38.269901
0.026500	-41.239300
0.026600	-25.897600
0.026700	-28.372101
0.026800	-26.392500
0.026900	-13.525400
0.027000	-11.050900
0.027100	-15.504900
0.027200	-16.494699
0.027300	-25.402800
0.027400	-21.443600
0.027500	-12.535600
0.027600	-6.596900
0.027700	-6.596900
0.027800	-7.586680
0.027900	-15.504900
0.028000	-15.999800
0.028100	-16.494699
0.028200	-16.494699
0.028300	-16.494699
0.028400	34.973900
0.028500	220.063004
0.028600	278.459991
0.028700	149.294006
0.028800	97.330200
0.028900	112.177002
0.029000	89.906799
0.029100	76.544800
0.029200	73.575401
0.029300	65.657204
0.029400	64.667397
0.029500	66.647003
0.029600	64.667397
0.029700	45.861500
0.029800	34.973900
0.029900	27.055700
0.030000	31.014799
0.030100	32.004601
0.030200	36.953499
0.030300	37.448399
0.030400	32.004601
0.030500	26.065901
0.030600	24.581200
0.030700	31.014799
0.030800	33.984200
0.030900	30.519899
0.031000	26.065901
0.031100	34.973900
0.031200	40.912601
0.031300	36.953499
0.031400	22.601700
0.031500	20.622101
0.031600	25.076099
0.031700	17.157900
0.031800	13.693600
0.031900	31.014799
0.032000	30.519899
0.032100	13.198700
0.032200	10.229400
0.032300	15.178300
0.032400	19.137400
0.032500	21.117001
0.032600	23.096600
0.032700	19.137400
0.032800	18.642500
0.032900	21.117001
0.033000	15.178300
0.033100	15.178300
0.033200	20.127199
0.033300	24.086300
0.033400	18.642500
0.033500	14.188500
0.033600	17.157900
0.033700	13.198700
0.033800	9.239610
0.033900	13.198700
0.034000	18.147699
0.034100	14.683400
0.034200	9.239610
0.034300	7.260050
0.034400	8.744720
0.034500	8.744720
0.034600	14.188500
0.034700	8.249830
0.034800	10.229400
0.034900	15.178300
0.035000	13.693600
0.035100	9.239610
0.035200	12.209000
0.035300	10.229400
0.035400	14.683400
0.035500	9.239610
0.035600	-0.658205
0.035700	-3.132660
0.035800	4.785600
0.035900	7.260050
0.036000	-3.627550
0.036100	-0.658205
0.036200	7.260050
0.036300	2.311140
0.036400	-0.658205
0.036500	5.775380
0.036600	8.744720
0.036700	4.785600
0.036800	-1.153100
0.036900	-0.658205
0.037000	4.785600
0.037100	2.311140
0.037200	6.270270
0.037300	4.290700
0.037400	7.260050
0.037500	8.744720
0.037600	1.321360
0.037700	2.311140
0.037800	2.806030
0.037900	5.280490
0.038000	7.754940
0.038100	2.311140
0.038200	2.311140
0.038300	3.300920
0.038400	6.270270
0.038500	-3.132660
0.038600	-9.566240
0.038700	-8.081570
0.038800	-0.658205
0.038900	1.321360
0.039000	-0.163314
0.039100	-0.658205
0.039200	-1.647990
0.039300	-3.627550
0.039400	-2.637770
0.039500	4.290700
0.039600	6.765160
0.039700	8.744720
0.039800	6.270270
0.039900	2.311140
0.040000	1.321360
0.040100	4.290700
0.040200	3.300920
0.040300	10.229400
0.040400	9.239610
0.040500	7.260050
0.040600	6.765160
0.040700	4.785600
0.040800	1.816250
0.040900	-1.647990
0.041000	-1.647990
0.041100	-0.658205
0.041200	6.270270
0.041300	1.321360
0.041400	-9.566240
0.041500	-5.607120
0.041600	-2.637770
0.041700	-4.617330
0.041800	-1.647990
0.041900	-2.637770
0.042000	-4.617330
0.042100	-8.576460
0.042200	-8.576460
0.042300	-11.545800
0.042400	-9.071350
0.042500	-5.607120
0.042600	-2.637770
0.042700	-1.647990
0.042800	-2.142880
0.042900	-0.658205
0.043000	-5.607120
0.043100	-3.627550
0.043200	-8.576460
0.043300	-10.556000
0.043400	-5.607120
0.043500	-9.566240
0.043600	-6.596900
0.043700	-0.658205
0.043800	1.321360
0.043900	-0.658205
0.044000	-2.637770
0.044100	-3.627550
0.044200	-7.586680
0.044300	-7.586680
0.044400	-7.586680
0.044500	-9.566240
0.044600	-6.596900
0.044700	-5.607120
0.044800	-8.576460
0.044900	-3.132660
0.045000	3.300920
0.045100	7.260050
0.045200	0.331577
0.045300	2.311140
0.045400	-1.647990
0.045500	-0.658205
0.045600	-0.658205
0.045700	-2.142880
0.045800	-4.617330
0.045900	4.290700
0.046000	10.229400
0.046100	9.734510
0.046200	7.260050
0.046300	7.260050
0.046400	7.260050
0.046500	3.300920
0.046600	-0.658205
0.046700	2.311140
0.046800	6.270270
0.046900	5.280490
0.047000	-0.658205
0.047100	-4.617330
0.047200	-4.122440
0.047300	-0.658205
0.047400	4.290700
0.047500	-14.515200
0.047600	-8.576460
0.047700	3.300920
0.047800	3.300920
0.047900	-1.647990
0.048000	2.311140
0.048100	2.806030
0.048200	1.321360
0.048300	-3.627550
0.048400	-27.382299
0.048500	-120.917000
0.048600	-221.380005
0.048700	-7.586680
0.048800	134.447006
0.048900	52.790001
0.049000	9.239610
0.049100	12.703900
0.049200	2.806030
0.049300	18.147699
0.049400	25.076099
0.049500	14.188500
0.049600	2.311140
0.049700	6.270270
0.049800	24.581200
0.049900	31.014799
0.050000	18.147699
0.050100	9.239610
0.050200	11.219200
0.050300	13.198700
0.050400	7.260050
0.050500	-0.658205
0.050600	3.300920
0.050700	5.280490
0.050800	5.280490
0.050900	6.270270
0.051000	1.321360
0.051100	1.321360
0.051200	-3.627550
0.051300	-1.647990
0.051400	-0.658205
0.051500	-0.658205
0.051600	3.300920
0.051700	-1.153100
0.051800	-2.637770
0.051900	-1.647990
0.052000	-8.576460
0.052100	-4.617330
0.052200	2.311140
0.052300	2.806030
0.052400	-0.658205
0.052500	-4.617330
0.052600	-2.142880
0.052700	3.300920
0.052800	5.775380
0.052900	0.826468
0.053000	4.290700
0.053100	8.249830
0.053200	8.249830
0.053300	3.300920
0.053400	2.311140
0.053500	-3.627550
0.053600	-0.658205
0.053700	3.300920
0.053800	11.219200
0.053900	9.239610
0.054000	13.198700
0.054100	14.683400
0.054200	3.300920
0.054300	3.300920
0.054400	-0.658205
0.054500	-2.637770
0.054600	3.300920
0.054700	2.311140
0.054800	-14.020300
0.054900	-84.789703
0.055000	-54.106400
0.055100	58.728699
0.055200	44.871799
0.055300	-6.596900
0.055400	-7.091790
0.055500	2.806030
0.055600	2.311140
0.055700	3.300920
0.055800	8.249830
0.055900	7.260050
0.056000	2.311140
0.056100	1.321360
0.056200	2.311140
0.056300	1.321360
0.056400	7.260050
0.056500	12.209000
0.056600	6.765160
0.056700	3.300920
0.056800	-4.617330
0.056900	-7.586680
0.057000	-5.607120
0.057100	-5.607120
0.057200	-0.163314
0.057300	2.311140
0.057400	11.219200
0.057500	10.229400
0.057600	5.280490
0.057700	-2.637770
0.057800	0.331577
0.057900	-0.658205
0.058000	3.300920
0.058100	3.300920
0.058200	6.270270
0.058300	9.239610
0.058400	9.239610
0.058500	3.300920
0.058600	-2.637770
0.058700	-4.617330
0.058800	-3.132660
0.058900	-11.050900
0.059000	-26.392500
0.059100	-34.310799
0.059200	-19.464100
0.059300	-10.061100
0.059400	-16.494699
0.059500	-16.494699
0.059600	-5.112220
0.059700	1.321360
0.059800	1.321360
0.059900	7.260050
0.060000	9.734510
0.060100	11.219200
0.060200	8.744720
0.060300	9.239610
0.060400	11.219200
0.060500	13.198700
0.060600	6.270270
0.060700	-0.658205
0.060800	2.806030
0.060900	0.826468
0.061000	0.826468
0.061100	3.300920
0.061200	7.260050
0.061300	1.321360
0.061400	3.300920
0.061500	-0.658205
0.061600	1.816250
0.061700	5.775380
0.061800	15.673200
0.061900	31.014799
0.062000	24.086300
0.062100	14.683400
0.062200	7.260050
0.062300	6.270270
0.062400	5.280490
0.062500	5.775380
0.062600	3.300920
0.062700	6.765160
0.062800	9.239610
0.062900	4.290700
0.063000	7.260050
0.063100	14.683400
0.063200	11.714100
0.063300	3.300920
0.063400	7.260050
0.063500	2.311140
0.063600	5.280490
0.063700	7.260050
0.063800	2.311140
0.063900	2.311140
0.064000	9.239610
0.064100	6.270270
0.064200	11.219200
0.064300	13.198700
0.064400	6.270270
0.064500	-1.153100
0.064600	2.311140
0.064700	10.229400
0.064800	12.209000
0.064900	13.198700
0.065000	6.270270
0.065100	2.311140
0.065200	3.300920
0.065300	7.260050
0.065400	5.280490
0.065500	3.300920
0.065600	4.785600
0.065700	7.260050
0.065800	7.260050
0.065900	5.280490
0.066000	5.280490
0.066100	6.270270
0.066200	3.300920
0.066300	-1.647990
0.066400	-3.132660
0.066500	0.331577
0.066600	-0.658205
0.066700	-0.658205
0.066800	5.280490
0.066900	7.260050
0.067000	7.260050
0.067100	3.300920
0.067200	7.260050
0.067300	5.280490
0.067400	5.280490
0.067500	3.300920
0.067600	6.765160
0.067700	6.270270
0.067800	11.219200
0.067900	9.239610
0.068000	7.260050
0.068100	8.744720
0.068200	5.280490
0.068300	1.321360
0.068400	-0.658205
0.068500	5.280490
0.068600	3.300920
0.068700	-0.658205
0.068800	-5.607120
0.068900	-1.153100
0.069000	-1.153100
0.069100	-0.658205
0.069200	-0.658205
0.069300	-1.647990
0.069400	-4.617330
0.069500	-4.617330
0.069600	-3.132660
0.069700	-5.112220
0.069800	-3.132660
0.069900	-2.142880
0.070000	1.816250
0.070100	4.290700
0.070200	-3.132660
0.070300	3.300920
0.070400	2.311140
0.070500	-5.112220
0.070600	-1.647990
0.070700	5.280490
0.070800	-0.163314
0.070900	-1.647990
0.071000	1.321360
0.071100	0.331577
0.071200	-0.163314
0.071300	-5.607120
0.071400	-6.596900
0.071500	-8.576460
0.071600	-1.647990
0.071700	0.826468
0.071800	-2.637770
0.071900	-6.596900
0.072000	-2.637770
0.072100	-0.658205
0.072200	-0.658205
0.072300	-3.132660
0.072400	-5.607120
0.072500	-6.596900
0.072600	-1.153100
0.072700	-0.658205
0.072800	1.816250
0.072900	-1.647990
0.073000	-0.658205
0.073100	-1.647990
0.073200	-11.050900
0.073300	-11.050900
0.073400	3.300920
0.073500	5.280490
0.073600	0.331577
0.073700	5.280490
0.073800	2.311140
0.073900	-0.163314
0.074000	-2.637770
0.074100	2.806030
0.074200	-0.658205
0.074300	-1.647990
0.074400	-4.617330
0.074500	3.300920
0.074600	1.321360
0.074700	-5.112220
0.074800	-8.576460
0.074900	-8.576460
0.075000	-4.617330
0.075100	-1.153100
0.075200	1.321360
0.075300	-3.627550
0.075400	-5.607120
0.075500	2.311140
0.075600	-1.647990
0.075700	-2.637770
0.075800	0.826468
0.075900	3.300920
0.076000	-2.637770
0.076100	-9.566240
0.076200	0.331577
0.076300	-0.658205
0.076400	-8.576460
0.076500	-6.596900
0.076600	3.300920
0.076700	11.219200
0.076800	2.311140
0.076900	5.280490
0.077000	-0.658205
0.077100	-3.627550
0.077200	-5.607120
0.077300	-1.153100
0.077400	2.311140
0.077500	-1.153100
0.077600	-0.658205
0.077700	-3.132660
0.077800	-1.647990
0.077900	-4.617330
0.078000	-3.627550
0.078100	-3.627550
0.078200	-1.647990
0.078300	-5.112220
0.078400	-2.637770
0.078500	1.321360
0.078600	-2.637770
0.078700	-2.142880
0.078800	2.311140
0.078900	-2.637770
0.079000	-0.658205
0.079100	6.270270
0.079200	3.300920
0.079300	-2.637770
0.079400	-4.617330
0.079500	-0.658205
0.079600	-1.647990
0.079700	-1.647990
0.079800	-1.647990
0.079900	-1.647990
0.080000	-0.163314
0.080100	1.321360
0.080200	-2.637770
0.080300	-0.658205
0.080400	-2.637770
0.080500	-0.163314
0.080600	1.321360
0.080700	5.280490
0.080800	-2.637770
0.080900	2.311140
0.081000	-1.647990
0.081100	-6.596900
0.081200	-6.596900
0.081300	2.311140
0.081400	3.300920
0.081500	2.311140
0.081600	-5.112220
0.081700	-7.586680
0.081800	-7.586680
0.081900	-6.596900
0.082000	-5.112220
0.082100	-1.647990
0.082200	-2.637770
0.082300	-2.637770
0.082400	-1.647990
0.082500	-0.658205
0.082600	-4.617330
0.082700	-5.607120
0.082800	-1.647990
0.082900	0.826468
0.083000	-4.617330
0.083100	-8.576460
0.083200	1.321360
0.083300	6.270270
0.083400	1.321360
0.083500	3.300920
0.083600	5.280490
0.083700	1.321360
0.083800	1.321360
0.083900	1.321360
0.084000	2.311140
0.084100	0.331577
0.084200	-5.607120
0.084300	-5.607120
0.084400	3.300920
0.084500	3.300920
0.084600	-1.647990
0.084700	-3.132660
0.084800	2.311140
0.084900	6.270270
0.085000	-0.658205
0.085100	-4.617330
0.085200	-1.647990
0.085300	-3.627550
0.085400	-3.627550
0.085500	-1.647990
0.085600	2.311140
0.085700	3.300920
0.085800	6.270270
0.085900	2.311140
0.086000	-0.658205
0.086100	-1.647990
0.086200	-4.617330
0.086300	-0.163314
0.086400	2.311140
0.086500	-5.607120
0.086600	-4.122440
0.086700	3.300920
0.086800	-4.617330
0.086900	-1.647990
0.087000	-0.658205
0.087100	2.311140
0.087200	-2.142880
0.087300	-6.596900
0.087400	-0.658205
0.087500	-1.647990
0.087600	0.826468
0.087700	-1.647990
0.087800	-2.637770
0.087900	-1.647990
0.088000	3.300920
0.088100	0.826468
0.088200	-4.617330
0.088300	1.321360
0.088400	2.806030
0.088500	1.321360
0.088600	0.331577
0.088700	-3.627550
0.088800	-0.163314
0.088900	-0.658205
0.089000	-1.647990
0.089100	-2.142880
0.089200	-1.153100
0.089300	-6.596900
0.089400	-0.658205
0.089500	2.311140
0.089600	0.331577
0.089700	-3.627550
0.089800	-0.658205
0.089900	-0.658205
0.090000	0.331577
0.090100	1.816250
0.090200	3.300920
0.090300	-0.163314
0.090400	-2.637770
0.090500	1.321360
0.090600	2.311140
0.090700	3.300920
0.090800	1.321360
0.090900	3.300920
0.091000	1.321360
0.091100	2.311140
0.091200	-6.596900
0.091300	-4.617330
0.091400	2.311140
0.091500	0.331577
0.091600	-3.627550
0.091700	-0.658205
0.091800	-2.637770
0.091900	-4.617330
0.092000	-0.658205
0.092100	-1.647990
0.092200	-2.637770
0.092300	-4.617330
0.092400	-4.122440
0.092500	-0.658205
0.092600	-7.586680
0.092700	-2.142880
0.092800	1.816250
0.092900	-1.647990
0.093000	-6.596900
0.093100	-2.637770
0.093200	-0.658205
0.093300	0.331577
0.093400	3.300920
0.093500	-1.153100
0.093600	-7.586680
0.093700	-3.627550
0.093800	-2.637770
0.093900	3.300920
0.094000	0.826468
0.094100	3.300920
0.094200	0.826468
0.094300	-5.607120
0.094400	-4.617330
0.094500	-4.617330
0.094600	-3.627550
0.094700	-0.658205
0.094800	-3.132660
0.094900	-5.607120
0.095000	-4.617330
0.095100	-5.607120
0.095200	-2.637770
0.095300	-2.637770
0.095400	-8.576460
0.095500	-8.576460
0.095600	-2.637770
0.095700	-0.658205
0.095800	-4.617330
0.095900	-5.607120
0.096000	-2.637770
0.096100	-1.153100
0.096200	-0.658205
0.096300	0.331577
0.096400	-3.627550
0.096500	2.311140
0.096600	1.321360
0.096700	-0.658205
0.096800	2.311140
0.096900	-6.596900
0.097000	-8.081570
0.097100	-5.112220
0.097200	-5.607120
0.097300	-5.607120
0.097400	3.300920
0.097500	1.321360
0.097600	-1.647990
0.097700	-5.607120
0.097800	2.806030
0.097900	3.300920
0.098000	1.321360
0.098100	3.300920
0.098200	10.229400
0.098300	7.260050
0.098400	1.321360
0.098500	2.311140
0.098600	-0.658205
0.098700	-6.596900
0.098800	-9.071350
0.098900	-9.566240
0.099000	-5.112220
0.099100	-5.607120
0.099200	-8.576460
0.099300	-8.576460
0.099400	-0.658205
0.099500	-5.607120
0.099600	-6.102010
0.099700	-6.102010
0.099800	-3.627550
0.099900	-4.617330
0.100000	-6.596900
0.100100	-0.658205
0.100200	-3.132660
0.100300	-3.132660
0.100400	-2.637770
0.100500	-4.617330
0.100600	0.331577
0.100700	-0.658205
0.100800	0.826468
0.100900	1.321360
0.101000	3.300920
0.101100	0.826468
0.101200	5.280490
0.101300	0.331577
0.101400	-5.112220
0.101500	-2.637770
0.101600	-2.142880
0.101700	-3.627550
0.101800	1.321360
0.101900	-2.637770
0.102000	1.321360
0.102100	-1.153100
0.102200	0.331577
0.102300	-3.627550
0.102400	-6.596900
0.102500	-1.647990
0.102600	-5.607120
0.102700	-5.607120
0.102800	-0.658205
0.102900	-2.637770
0.103000	-9.566240
0.103100	-0.658205
0.103200	3.300920
0.103300	0.826468
0.103400	3.300920
0.103500	1.321360
0.103600	4.785600
0.103700	3.300920
0.103800	3.300920
0.103900	6.270270
0.104000	3.300920
0.104100	5.280490
0.104200	1.321360
0.104300	1.321360
0.104400	-5.607120
0.104500	-4.617330
0.104600	1.321360
0.104700	-2.637770
0.104800	-7.586680
0.104900	-4.617330
0.105000	-8.576460
0.105100	-8.576460
0.105200	-2.637770
0.105300	1.321360
0.105400	-0.658205
0.105500	-7.091790
0.105600	-1.647990
0.105700	-1.647990
0.105800	-2.142880
0.105900	3.300920
0.106000	0.331577
0.106100	-7.586680
0.106200	4.290700
0.106300	-0.658205
0.106400	-2.637770
0.106500	1.321360
0.106600	1.321360
0.106700	-5.607120
0.106800	-2.637770
0.106900	-1.647990
0.107000	-6.596900
0.107100	-5.607120
0.107200	-5.607120
0.107300	-1.153100
0.107400	-5.607120
0.107500	-7.586680
0.107600	-6.596900
0.107700	0.826468
0.107800	1.816250
0.107900	-4.617330
0.108000	-3.627550
0.108100	-0.658205
0.108200	-5.607120
0.108300	-1.647990
0.108400	2.311140
0.108500	2.311140
0.108600	0.331577
0.108700	1.321360
0.108800	-1.647990
0.108900	1.321360
0.109000	-0.163314
0.109100	3.300920
0.109200	1.816250
0.109300	-0.658205
0.109400	2.311140
0.109500	2.311140
0.109600	1.816250
0.109700	-1.647990
0.109800	-3.132660
0.109900	-2.637770
0.110000	-3.132660
0.110100	-1.153100
0.110200	-10.556000
0.110300	-9.566240
0.110400	-6.596900
0.110500	-3.132660
0.110600	0.331577
0.110700	2.311140
0.110800	1.816250
0.110900	-0.658205
0.111000	2.311140
0.111100	3.300920
0.111200	-0.658205
0.111300	-0.163314
0.111400	0.331577
0.111500	-2.637770
0.111600	-6.596900
0.111700	-0.658205
0.111800	-6.596900
0.111900	-8.576460
0.112000	1.816250
0.112100	2.311140
0.112200	3.300920
0.112300	-1.153100
0.112400	3.300920
0.112500	-1.647990
0.112600	-6.596900
0.112700	2.806030
0.112800	1.321360
0.112900	-1.647990
0.113000	-2.637770
0.113100	2.311140
0.113200	0.331577
0.113300	0.331577
0.113400	1.321360
0.113500	-0.658205
0.113600	1.816250
0.113700	0.826468
0.113800	-2.637770
0.113900	-3.627550
0.114000	0.331577
0.114100	-1.647990
0.114200	-4.617330
0.114300	-4.617330
0.114400	-4.617330
0.114500	-7.586680
0.114600	-3.132660
0.114700	4.785600
0.114800	5.280490
0.114900	0.331577
0.115000	-5.607120
0.115100	3.300920
0.115200	1.321360
0.115300	2.311140
0.115400	1.321360
0.115500	5.280490
0.115600	7.260050
0.115700	9.239610
0.115800	6.270270
0.115900	7.260050
0.116000	3.300920
0.116100	3.300920
0.116200	2.311140
0.116300	7.260050
0.116400	9.239610
0.116500	9.239610
0.116600	5.280490
0.116700	6.270270
0.116800	9.239610
0.116900	5.775380
0.117000	3.300920
0.117100	1.321360
0.117200	-2.142880
0.117300	0.331577
0.117400	7.260050
0.117500	0.331577
0.117600	7.754940
0.117700	7.260050
0.117800	5.280490
0.117900	-0.658205
0.118000	1.321360
0.118100	4.290700
0.118200	-0.658205
0.118300	1.321360
0.118400	5.280490
0.118500	1.321360
0.118600	-0.163314
0.118700	0.331577
0.118800	-0.658205
0.118900	-1.153100
0.119000	-2.637770
0.119100	-1.647990
0.119200	-1.647990
0.119300	3.300920
0.119400	2.311140
0.119500	-4.617330
0.119600	-0.163314
0.119700	2.311140
0.119800	-0.658205
0.119900	-1.647990
0.120000	6.270270
0.120100	2.311140
0.120200	1.816250
0.120300	0.826468
0.120400	-1.647990
0.120500	0.826468
0.120600	8.249830
0.120700	4.290700
0.120800	-1.647990
0.120900	6.765160
0.121000	5.280490
0.121100	0.331577
0.121200	-0.658205
0.121300	8.249830
0.121400	1.321360
0.121500	-5.607120
0.121600	-2.637770
0.121700	-1.647990
0.121800	-3.627550
0.121900	-1.153100
0.122000	-2.637770
0.122100	-6.596900
0.122200	-2.637770
0.122300	-2.637770
0.122400	-3.132660
0.122500	3.300920
0.122600	0.331577
0.122700	-0.658205
0.122800	1.321360
0.122900	-1.647990
0.123000	0.826468
0.123100	1.321360
0.123200	-0.658205
0.123300	5.280490
0.123400	8.249830
0.123500	6.270270
0.123600	3.300920
0.123700	-0.658205
0.123800	-1.647990
0.123900	-3.627550
0.124000	3.300920
0.124100	1.321360
0.124200	-1.647990
0.124300	-6.102010
0.124400	-5.112220
0.124500	-3.627550
0.124600	-5.607120
0.124700	-4.617330
0.124800	-2.637770
0.124900	-7.586680
0.125000	-7.586680
0.125100	-3.627550
0.125200	-4.617330
0.125300	0.826468
0.125400	-0.658205
0.125500	0.331577
0.125600	-2.637770
0.125700	3.300920
0.125800	3.300920
0.125900	3.300920
0.126000	1.321360
0.126100	-0.658205
0.126200	-0.658205
0.126300	1.321360
0.126400	-0.658205
0.126500	-1.647990
0.126600	-0.658205
0.126700	-5.607120
0.126800	-3.627550
0.126900	-4.617330
0.127000	-1.647990
0.127100	-3.132660
0.127200	-1.647990
0.127300	-5.112220
0.127400	-5.607120
0.127500	3.300920
0.127600	3.300920
0.127700	7.260050
0.127800	2.311140
0.127900	3.300920
0.128000	8.249830
0.128100	7.260050
0.128200	1.321360
0.128300	-1.647990
0.128400	1.321360
0.128500	0.826468
0.128600	-3.132660
0.128700	1.321360
0.128800	0.826468
0.128900	-2.637770
0.129000	0.331577
0.129100	2.311140
0.129200	3.300920
0.129300	2.311140
0.129400	1.321360
0.129500	-0.658205
0.129600	0.331577
0.129700	2.311140
0.129800	0.826468
0.129900	1.816250
0.130000	-0.658205
0.130100	0.331577
0.130200	3.300920
0.130300	3.300920
0.130400	-0.658205
0.130500	-1.647990
0.130600	-2.142880
0.130700	-3.627550
0.130800	-5.607120
0.130900	-0.658205
0.131000	-1.647990
0.131100	-1.153100
0.131200	0.826468
0.131300	1.321360
0.131400	-0.658205
0.131500	5.775380
0.131600	7.260050
0.131700	-5.607120
0.131800	-3.627550
0.131900	0.331577
0.132000	-0.658205
0.132100	-4.617330
0.132200	-0.658205
0.132300	-0.163314
0.132400	-2.637770
0.132500	2.311140
0.132600	3.300920
0.132700	3.300920
0.132800	-1.153100
0.132900	3.300920
0.133000	2.806030
0.133100	6.270270
0.133200	4.290700
0.133300	-2.142880
0.133400	3.300920
0.133500	-0.658205
0.133600	0.331577
0.133700	2.311140
0.133800	2.311140
0.133900	1.321360
0.134000	-0.658205
0.134100	-2.142880
0.134200	-0.658205
0.134300	-3.627550
0.134400	-8.576460
0.134500	-0.658205
0.134600	6.765160
0.134700	1.321360
0.134800	-2.637770
0.134900	-2.637770
0.135000	-3.627550
0.135100	-6.102010
0.135200	2.311140
0.135300	-2.637770
0.135400	-2.637770
0.135500	-0.658205
0.135600	-0.658205
0.135700	-5.607120
0.135800	-0.658205
0.135900	2.311140
0.136000	-1.647990
0.136100	2.806030
0.136200	3.300920
0.136300	1.321360
0.136400	-0.658205
0.136500	1.321360
0.136600	5.280490
0.136700	3.300920
0.136800	-1.153100
0.136900	2.311140
0.137000	1.321360
0.137100	-2.637770
0.137200	0.331577
0.137300	-0.658205
0.137400	-5.607120
0.137500	-5.112220
0.137600	1.321360
0.137700	1.321360
0.137800	0.826468
0.137900	-0.658205
0.138000	-1.647990
0.138100	-0.658205
0.138200	-0.658205
0.138300	-4.617330
0.138400	-6.596900
0.138500	-0.163314
0.138600	-1.647990
0.138700	-6.596900
0.138800	-2.637770
0.138900	1.321360
0.139000	0.331577
0.139100	-0.658205
0.139200	-0.658205
0.139300	0.331577
0.139400	-4.617330
0.139500	-2.637770
0.139600	-2.637770
0.139700	2.806030
0.139800	0.331577
0.139900	0.331577
0.140000	-0.658205
0.140100	-3.627550
0.140200	-6.596900
0.140300	-5.607120
0.140400	2.311140
0.140500	1.321360
0.140600	-8.576460
0.140700	-4.617330
0.140800	1.321360
0.140900	-2.637770
0.141000	-0.658205
0.141100	1.321360
0.141200	3.300920
0.141300	-0.658205
0.141400	-5.607120
0.141500	-2.142880
0.141600	4.785600
0.141700	0.826468
0.141800	-0.658205
0.141900	1.321360
0.142000	0.331577
0.142100	0.331577
0.142200	-7.586680
0.142300	0.331577
0.142400	2.311140
0.142500	-0.658205
0.142600	-0.658205
0.142700	0.331577
0.142800	1.321360
0.142900	2.311140
0.143000	1.321360
0.143100	-0.658205
0.143200	-2.637770
0.143300	-2.637770
0.143400	0.331577
0.143500	-2.637770
0.143600	-2.637770
0.143700	0.331577
0.143800	-4.617330
0.143900	-4.617330
0.144000	-3.132660
0.144100	-2.637770
0.144200	-1.647990
0.144300	-4.617330
0.144400	-1.153100
0.144500	-0.658205
0.144600	-4.617330
0.144700	-0.658205
0.144800	-1.153100
0.144900	1.321360
0.145000	-1.153100
0.145100	-4.617330
0.145200	-0.658205
0.145300	0.331577
0.145400	-2.142880
0.145500	-5.112220
0.145600	-2.637770
0.145700	-1.647990
0.145800	-0.658205
0.145900	-0.658205
0.146000	-1.647990
0.146100	2.311140
0.146200	-7.586680
0.146300	-4.617330
0.146400	-0.658205
0.146500	-1.647990
0.146600	-0.658205
0.146700	2.311140
0.146800	1.321360
0.146900	-2.637770
0.147000	-0.658205
0.147100	-0.658205
0.147200	-2.637770
0.147300	-2.142880
0.147400	-0.658205
0.147500	-2.142880
0.147600	-0.658205
0.147700	1.321360
0.147800	6.270270
0.147900	6.765160
0.148000	-2.142880
0.148100	-3.627550
0.148200	-3.132660
0.148300	0.331577
0.148400	-0.658205
0.148500	-0.658205
0.148600	6.270270
0.148700	8.249830
0.148800	7.260050
0.148900	3.300920
0.149000	2.806030
0.149100	-1.647990
0.149200	-0.658205
0.149300	-0.658205
0.149400	-1.647990
0.149500	-5.112220
0.149600	-3.132660
0.149700	-4.617330
0.149800	-3.627550
0.149900	2.806030
0.150000	3.300920
0.150100	-0.658205
0.150200	-1.647990
0.150300	-0.658205
0.150400	1.321360
0.150500	-0.658205
0.150600	-2.637770
0.150700	0.331577
0.150800	2.311140
0.150900	-0.658205
0.151000	-4.617330
0.151100	-3.132660
0.151200	-1.153100
0.151300	1.321360
0.151400	-1.647990
0.151500	2.311140
0.151600	5.280490
0.151700	-1.647990
0.151800	-5.112220
0.151900	-5.607120
0.152000	-5.112220
0.152100	-8.576460
0.152200	-1.153100
0.152300	-0.658205
0.152400	0.331577
0.152500	-0.658205
0.152600	2.806030
0.152700	3.300920
0.152800	-4.617330
0.152900	-6.596900
0.153000	-0.658205
0.153100	-1.647990
0.153200	-5.607120
0.153300	-6.596900
0.153400	-0.658205
0.153500	3.300920
0.153600	0.826468
0.153700	-2.637770
0.153800	-1.647990
0.153900	-1.647990
0.154000	2.311140
0.154100	-1.647990
0.154200	-1.647990
0.154300	2.311140
0.154400	4.785600
0.154500	0.331577
0.154600	-4.617330
0.154700	-2.142880
0.154800	7.260050
0.154900	1.321360
0.155000	-5.607120
0.155100	2.311140
0.155200	5.280490
0.155300	1.321360
0.155400	0.826468
0.155500	3.300920
0.155600	2.311140
0.155700	-2.637770
0.155800	2.806030
0.155900	1.321360
0.156000	-0.658205
0.156100	-0.658205
0.156200	1.321360
0.156300	-1.153100
0.156400	-5.607120
0.156500	-6.596900
0.156600	-9.071350
0.156700	-4.617330
0.156800	-6.596900
0.156900	-9.071350
0.157000	-0.658205
0.157100	3.300920
0.157200	-1.647990
0.157300	-1.647990
0.157400	-1.647990
0.157500	-2.637770
0.157600	0.331577
0.157700	-0.658205
0.157800	0.331577
0.157900	-3.627550
0.158000	-3.132660
0.158100	-2.637770
0.158200	-5.607120
0.158300	5.280490
0.158400	5.280490
0.158500	-0.658205
0.158600	-1.153100
0.158700	-3.627550
0.158800	-1.153100
0.158900	-4.617330
0.159000	-3.627550
0.159100	0.331577
0.159200	7.260050
0.159300	1.321360
0.159400	-0.658205
0.159500	-1.153100
0.159600	-0.658205
0.159700	-1.647990
0.159800	-5.607120
0.159900	-2.637770
0.160000	-4.617330
0.160100	-0.658205
0.160200	-3.132660
0.160300	-1.647990
0.160400	-0.658205
0.160500	2.311140
0.160600	3.300920
0.160700	-0.658205
0.160800	5.775380
0.160900	3.300920
0.161000	-3.627550
0.161100	-6.596900
0.161200	0.826468
0.161300	2.311140
0.161400	-0.658205
0.161500	-9.566240
0.161600	-2.637770
0.161700	-0.658205
0.161800	-3.627550
0.161900	-2.637770
0.162000	-3.627550
0.162100	1.816250
0.162200	2.311140
0.162300	-2.637770
0.162400	-2.637770
0.162500	-3.132660
0.162600	-1.647990
0.162700	-2.637770
0.162800	-2.637770
0.162900	-2.637770
0.163000	1.321360
0.163100	-1.647990
0.163200	-1.647990
0.163300	-1.647990
0.163400	-2.637770
0.163500	2.311140
0.163600	2.311140
0.163700	1.321360
0.163800	-2.637770
0.163900	-4.617330
0.164000	-6.596900
0.164100	-4.617330
0.164200	-4.617330
0.164300	-2.637770
0.164400	-2.637770
0.164500	-5.112220
0.164600	-0.658205
0.164700	-0.658205
0.164800	-4.617330
0.164900	-5.607120
0.165000	-2.142880
0.165100	-5.607120
0.165200	-6.596900
0.165300	-3.132660
0.165400	-0.658205
0.165500	-4.617330
0.165600	-7.586680
0.165700	-0.163314
0.165800	-1.153100
0.165900	-2.637770
0.166000	-1.647990
0.166100	1.321360
0.166200	2.311140
0.166300	-0.658205
0.166400	2.311140
0.166500	2.311140
0.166600	-3.627550
0.166700	-6.596900
0.166800	-5.607120
0.166900	-2.637770
0.167000	-3.627550
0.167100	-2.637770
0.167200	-0.658205
0.167300	-0.658205
0.167400	1.321360
0.167500	-1.647990
0.167600	-1.647990
0.167700	1.816250
0.167800	-1.647990
0.167900	-2.637770
0.168000	-5.607120
0.168100	-4.617330
0.168200	-3.132660
0.168300	0.331577
0.168400	-0.658205
0.168500	-4.617330
0.168600	2.311140
0.168700	1.321360
0.168800	-2.637770
0.168900	-3.627550
0.169000	-0.658205
0.169100	1.321360
0.169200	1.321360
0.169300	4.785600
0.169400	1.321360
0.169500	-2.637770
0.169600	-4.617330
0.169700	0.331577
0.169800	2.311140
0.169900	-0.658205
0.170000	-0.163314
0.170100	-1.647990
0.170200	-3.627550
0.170300	-0.658205
0.170400	1.321360
0.170500	-0.658205
0.170600	-1.153100
0.170700	1.321360
0.170800	2.311140
0.170900	3.300920
0.171000	1.321360
0.171100	-1.647990
0.171200	-7.586680
0.171300	-0.658205
0.171400	2.311140
0.171500	0.331577
0.171600	-0.658205
0.171700	-0.658205
0.171800	-0.658205
0.171900	-1.647990
0.172000	-1.153100
0.172100	-0.658205
0.172200	-1.153100
0.172300	-4.617330
0.172400	1.321360
0.172500	2.311140
0.172600	1.321360
0.172700	2.311140
0.172800	8.249830
0.172900	5.280490
0.173000	-0.658205
0.173100	0.826468
0.173200	1.321360
0.173300	-3.132660
0.173400	-2.637770
0.173500	-3.627550
0.173600	-7.586680
0.173700	-0.658205
0.173800	-0.658205
0.173900	-4.617330
0.174000	3.300920
0.174100	0.826468
0.174200	-0.658205
0.174300	0.826468
0.174400	2.311140
0.174500	3.300920
0.174600	-0.658205
0.174700	3.300920
0.174800	4.785600
0.174900	-0.658205
0.175000	-2.637770
0.175100	-0.658205
0.175200	1.321360
0.175300	3.300920
0.175400	-2.637770
0.175500	-5.607120
0.175600	-6.596900
0.175700	-4.617330
0.175800	-1.647990
0.175900	-4.617330
0.176000	-6.596900
0.176100	-4.617330
0.176200	-2.637770
0.176300	-3.627550
0.176400	1.321360
0.176500	1.321360
0.176600	-2.637770
0.176700	1.321360
0.176800	3.300920
0.176900	0.331577
0.177000	-1.153100
0.177100	-1.647990
0.177200	2.311140
0.177300	1.321360
0.177400	-3.627550
0.177500	-8.081570
0.177600	-4.617330
0.177700	-3.627550
0.177800	-1.647990
0.177900	5.775380
0.178000	-2.637770
0.178100	-2.142880
0.178200	-0.658205
0.178300	-1.647990
0.178400	-2.637770
0.178500	6.270270
0.178600	2.311140
0.178700	-8.576460
0.178800	-2.637770
0.178900	-0.658205
0.179000	-2.637770
0.179100	0.331577
0.179200	-1.647990
0.179300	-3.132660
0.179400	2.311140
0.179500	6.765160
0.179600	1.321360
0.179700	1.321360
0.179800	-1.647990
0.179900	-0.658205
0.180000	-4.617330
0.180100	-5.112220
0.180200	-3.627550
0.180300	-2.637770
0.180400	-4.617330
0.180500	0.331577
0.180600	2.311140
0.180700	-0.658205
0.180800	-1.153100
0.180900	-5.112220
0.181000	-4.617330
0.181100	-1.647990
0.181200	2.311140
0.181300	3.300920
0.181400	6.270270
0.181500	5.280490
0.181600	1.321360
0.181700	-1.647990
0.181800	-2.142880
0.181900	-3.132660
0.182000	2.311140
0.182100	-0.658205
0.182200	-0.658205
0.182300	-0.658205
0.182400	6.270270
0.182500	2.311140
0.182600	-0.163314
0.182700	-3.627550
0.182800	-6.596900
0.182900	-1.153100
0.183000	1.321360
0.183100	-4.617330
0.183200	-3.132660
0.183300	1.321360
0.183400	-1.153100
0.183500	-0.658205
0.183600	3.300920
0.183700	-4.617330
0.183800	1.321360
0.183900	-0.658205
0.184000	0.331577
0.184100	1.321360
0.184200	0.826468
0.184300	2.311140
0.184400	1.321360
0.184500	-0.658205
0.184600	1.816250
0.184700	3.300920
0.184800	-1.647990
0.184900	-5.607120
0.185000	-0.658205
0.185100	0.331577
0.185200	0.331577
0.185300	-0.658205
0.185400	-1.647990
0.185500	-0.658205
0.185600	-1.647990
0.185700	-2.637770
0.185800	-2.637770
0.185900	-1.647990
0.186000	-5.607120
0.186100	-2.637770
0.186200	-3.132660
0.186300	-2.637770
0.186400	-1.647990
0.186500	0.331577
0.186600	-0.658205
0.186700	-3.627550
0.186800	-0.658205
0.186900	1.321360
0.187000	-1.647990
0.187100	-6.102010
0.187200	-2.637770
0.187300	-3.627550
0.187400	-5.607120
0.187500	-1.153100
0.187600	-2.637770
0.187700	-8.576460
0.187800	-8.576460
0.187900	-0.658205
0.188000	-0.658205
0.188100	0.331577
0.188200	-3.627550
0.188300	-6.596900
0.188400	-2.637770
0.188500	-3.132660
0.188600	-2.142880
0.188700	2.311140
0.188800	0.331577
0.188900	2.311140
0.189000	-2.637770
0.189100	-4.122440
0.189200	-1.647990
0.189300	-1.647990
0.189400	-6.596900
0.189500	2.311140
0.189600	0.331577
0.189700	-0.658205
0.189800	-1.647990
0.189900	-0.658205
0.190000	-0.658205
0.190100	1.321360
0.190200	3.300920
0.190300	4.785600
0.190400	-1.647990
0.190500	-0.658205
0.190600	1.321360
0.190700	1.321360
0.190800	-0.658205
0.190900	-2.637770
0.191000	-2.637770
0.191100	-1.647990
0.191200	-0.658205
0.191300	-0.658205
0.191400	5.280490
0.191500	5.280490
0.191600	0.331577
0.191700	-1.647990
0.191800	2.311140
0.191900	1.321360
0.192000	-0.658205
0.192100	-0.658205
0.192200	5.280490
0.192300	0.826468
0.192400	0.331577
0.192500	0.331577
0.192600	0.331577
0.192700	5.280490
0.192800	7.260050
0.192900	1.321360
0.193000	-0.658205
0.193100	5.280490
0.193200	3.300920
0.193300	-0.658205
0.193400	-3.627550
0.193500	2.311140
0.193600	-2.637770
0.193700	1.321360
0.193800	2.311140
0.193900	-1.153100
0.194000	-1.153100
0.194100	-0.658205
0.194200	1.321360
0.194300	-1.647990
0.194400	-1.647990
0.194500	0.331577
0.194600	-1.153100
0.194700	0.331577
0.194800	2.311140
0.194900	0.331577
0.195000	1.321360
0.195100	-1.153100
0.195200	-0.658205
0.195300	7.260050
0.195400	3.300920
0.195500	-0.658205
0.195600	-1.647990
0.195700	1.321360
0.195800	-1.153100
0.195900	-3.627550
0.196000	-1.647990
0.196100	-1.153100
0.196200	-0.658205
0.196300	-4.617330
0.196400	0.826468
0.196500	5.775380
0.196600	0.826468
0.196700	0.331577
0.196800	4.785600
0.196900	3.300920
0.197000	2.311140
0.197100	-2.637770
0.197200	-3.132660
0.197300	1.321360
0.197400	-3.132660
0.197500	-2.637770
0.197600	-0.658205
0.197700	5.280490
0.197800	2.311140
0.197900	0.331577
0.198000	-1.647990
0.198100	2.806030
0.198200	4.290700
0.198300	2.311140
0.198400	6.765160
0.198500	8.249830
0.198600	-0.658205
0.198700	-1.647990
0.198800	3.300920
0.198900	2.311140
0.199000	-0.658205
0.199100	4.290700
0.199200	3.300920
0.199300	0.331577
0.199400	-3.627550
0.199500	-3.627550
0.199600	-4.617330
0.199700	-0.658205
0.199800	3.300920
0.199900	0.331577
0.200000	-0.658205
0.200100	-0.658205
0.200200	6.270270
0.200300	3.300920
0.200400	-1.647990
0.200500	-2.142880
0.200600	-1.647990
0.200700	-0.658205
0.200800	-2.637770
0.200900	0.826468
0.201000	0.331577
0.201100	-1.647990
0.201200	-0.658205
0.201300	0.331577
0.201400	1.321360
0.201500	-1.647990
0.201600	-1.647990
0.201700	-3.627550
0.201800	-3.132660
0.201900	-1.647990
0.202000	0.331577
0.202100	3.300920
0.202200	1.321360
0.202300	3.300920
0.202400	4.290700
0.202500	-0.658205
0.202600	-0.658205
0.202700	1.321360
0.202800	-0.658205
0.202900	-2.637770
0.203000	1.321360
0.203100	0.331577
0.203200	3.300920
0.203300	0.331577
0.203400	2.311140
0.203500	2.311140
0.203600	3.300920
0.203700	0.331577
0.203800	-0.163314
0.203900	5.280490
0.204000	0.331577
0.204100	-1.647990
0.204200	-0.658205
0.204300	2.806030
0.204400	4.785600
0.204500	2.311140
0.204600	-1.647990
0.204700	-0.658205
0.204800	-0.658205
0.204900	-1.647990
0.205000	-0.658205
0.205100	3.300920
0.205200	5.280490
0.205300	4.290700
0.205400	2.806030
0.205500	3.300920
0.205600	1.321360
0.205700	3.300920
0.205800	2.806030
0.205900	4.290700
0.206000	-1.647990
0.206100	2.806030
0.206200	2.311140
0.206300	1.321360
0.206400	-0.658205
0.206500	-2.637770
0.206600	-2.637770
0.206700	-2.637770
0.206800	6.765160
0.206900	1.321360
0.207000	-1.647990
0.207100	-2.637770
0.207200	-1.153100
0.207300	-6.596900
0.207400	-0.658205
0.207500	-0.658205
0.207600	-0.658205
0.207700	6.765160
0.207800	1.816250
0.207900	-0.658205
0.208000	1.321360
0.208100	0.331577
0.208200	-0.658205
0.208300	-4.617330
0.208400	3.300920
0.208500	5.280490
0.208600	-4.617330
0.208700	-1.647990
0.208800	9.239610
0.208900	3.300920
0.209000	-1.647990
0.209100	1.321360
0.209200	2.311140
0.209300	0.826468
0.209400	-0.658205
0.209500	-4.122440
0.209600	-2.637770
0.209700	1.321360
0.209800	3.300920
0.209900	4.785600
0.210000	-1.647990
0.210100	-0.163314
0.210200	-0.658205
0.210300	1.321360
0.210400	-0.658205
0.210500	-0.658205
0.210600	2.311140
0.210700	-0.658205
0.210800	-0.658205
0.210900	-2.637770
0.211000	-3.627550
0.211100	-1.647990
0.211200	2.311140
0.211300	-0.163314
0.211400	-0.658205
0.211500	-0.658205
0.211600	2.311140
0.211700	2.311140
0.211800	2.311140
0.211900	-0.658205
0.212000	-1.647990
0.212100	-2.637770
0.212200	-0.658205
0.212300	-2.637770
0.212400	-3.132660
0.212500	-0.163314
0.212600	0.331577
0.212700	-2.637770
0.212800	1.321360
0.212900	-1.647990
0.213000	-1.647990
0.213100	-3.627550
0.213200	-0.658205
0.213300	1.321360
0.213400	-2.637770
0.213500	-3.132660
0.213600	-6.596900
0.213700	-1.647990
0.213800	0.826468
0.213900	1.321360
0.214000	-1.647990
0.214100	-8.576460
0.214200	-1.153100
0.214300	-0.658205
0.214400	3.300920
0.214500	2.311140
0.214600	1.321360
0.214700	1.321360
0.214800	-3.627550
0.214900	-1.647990
0.215000	2.311140
0.215100	1.321360
0.215200	-6.596900
0.215300	-7.586680
0.215400	-3.132660
0.215500	1.321360
0.215600	-0.658205
0.215700	-6.596900
0.215800	-3.627550
0.215900	-4.617330
0.216000	-2.637770
0.216100	1.321360
0.216200	2.806030
0.216300	1.321360
0.216400	3.300920
0.216500	1.321360
0.216600	2.311140
0.216700	0.331577
0.216800	-1.647990
0.216900	-3.627550
0.217000	-0.658205
0.217100	5.280490
0.217200	-0.658205
0.217300	-1.153100
0.217400	6.270270
0.217500	3.300920
0.217600	-0.658205
0.217700	-1.647990
0.217800	0.331577
0.217900	6.270270
0.218000	5.280490
0.218100	4.290700
0.218200	0.331577
0.218300	0.826468
0.218400	-1.647990
0.218500	0.826468
0.218600	-0.658205
0.218700	-0.658205
0.218800	2.311140
0.218900	2.311140
0.219000	3.300920
0.219100	1.321360
0.219200	1.321360
0.219300	-0.658205
0.219400	0.826468
0.219500	2.311140
0.219600	0.331577
0.219700	0.331577
0.219800	-0.163314
0.219900	3.300920
0.220000	-0.163314
0.220100	-0.658205
0.220200	4.290700
0.220300	-0.658205
0.220400	0.331577
0.220500	4.290700
0.220600	0.331577
0.220700	-2.637770
0.220800	-1.647990
0.220900	-2.637770
0.221000	1.321360
0.221100	4.290700
0.221200	1.816250
0.221300	5.280490
0.221400	1.816250
0.221500	-0.658205
0.221600	6.270270
0.221700	2.311140
0.221800	2.311140
0.221900	2.311140
0.222000	1.321360
0.222100	-0.658205
0.222200	-1.647990
0.222300	-4.617330
0.222400	0.826468
0.222500	-0.658205
0.222600	-0.658205
0.222700	-0.658205
0.222800	2.311140
0.222900	2.311140
0.223000	3.300920
0.223100	3.300920
0.223200	-2.142880
0.223300	-3.132660
0.223400	2.311140
0.223500	-4.617330
0.223600	-4.617330
0.223700	3.300920
0.223800	3.300920
0.223900	-4.617330
0.224000	-0.658205
0.224100	1.321360
0.224200	2.311140
0.224300	0.331577
0.224400	0.826468
0.224500	-2.142880
0.224600	-0.658205
0.224700	1.816250
0.224800	1.321360
0.224900	-0.658205
0.225000	-4.617330
0.225100	1.321360
0.225200	1.321360
0.225300	-1.647990
0.225400	0.826468
0.225500	0.826468
0.225600	0.331577
0.225700	6.270270
0.225800	4.785600
0.225900	1.321360
0.226000	1.321360
0.226100	2.311140
0.226200	6.765160
0.226300	2.806030
0.226400	-6.596900
0.226500	-5.607120
0.226600	5.280490
0.226700	6.765160
0.226800	0.331577
0.226900	1.321360
0.227000	4.290700
0.227100	5.280490
0.227200	-0.658205
0.227300	-2.637770
0.227400	1.321360
0.227500	0.826468
0.227600	-4.617330
0.227700	-1.647990
0.227800	-0.658205
0.227900	1.321360
0.228000	3.300920
0.228100	6.270270
0.228200	5.280490
0.228300	2.311140
0.228400	-0.658205
0.228500	0.826468
0.228600	5.280490
0.228700	-1.647990
0.228800	-3.132660
0.228900	2.311140
0.229000	-0.658205
0.229100	-6.596900
0.229200	5.280490
0.229300	5.280490
0.229400	2.806030
0.229500	2.806030
0.229600	5.280490
0.229700	2.311140
0.229800	0.331577
0.229900	10.229400
0.230000	8.744720
0.230100	0.331577
0.230200	-2.637770
0.230300	-1.647990
0.230400	1.816250
0.230500	-0.658205
0.230600	-2.637770
0.230700	-0.658205
0.230800	-2.637770
0.230900	-2.142880
0.231000	2.311140
0.231100	-0.658205
0.231200	2.311140
0.231300	0.331577
0.231400	0.331577
0.231500	-1.153100
0.231600	-2.637770
0.231700	-1.153100
0.231800	-2.637770
0.231900	1.321360
0.232000	3.300920
0.232100	-1.647990
0.232200	-2.637770
0.232300	1.321360
0.232400	-0.658205
0.232500	-1.647990
0.232600	-0.163314
0.232700	1.321360
0.232800	-0.658205
0.232900	1.321360
0.233000	0.331577
0.233100	-4.617330
0.233200	0.331577
0.233300	3.300920
0.233400	2.311140
0.233500	0.826468
0.233600	-0.658205
0.233700	-4.617330
0.233800	-1.647990
0.233900	4.290700
0.234000	1.321360
0.234100	-2.637770
0.234200	-4.617330
0.234300	-1.647990
0.234400	-0.658205
0.234500	-1.647990
0.234600	-5.607120
0.234700	-0.163314
0.234800	2.311140
0.234900	-0.658205
0.235000	-0.658205
0.235100	5.280490
0.235200	2.311140
0.235300	0.826468
0.235400	3.300920
0.235500	1.816250
0.235600	-0.658205
0.235700	-3.627550
0.235800	-4.617330
0.235900	2.311140
0.236000	2.311140
0.236100	-1.647990
0.236200	-5.607120
0.236300	-3.132660
0.236400	-2.637770
0.236500	3.300920
0.236600	2.311140
0.236700	-0.658205
0.236800	1.321360
0.236900	-0.658205
0.237000	-0.658205
0.237100	0.826468
0.237200	-1.153100
0.237300	-5.607120
0.237400	1.321360
0.237500	-0.658205
0.237600	0.331577
0.237700	-0.658205
0.237800	3.300920
0.237900	0.331577
0.238000	2.311140
0.238100	4.290700
0.238200	-0.658205
0.238300	-1.647990
0.238400	4.290700
0.238500	3.300920
0.238600	-2.142880
0.238700	-1.153100
0.238800	-3.132660
0.238900	-8.576460
0.239000	-1.153100
0.239100	5.280490
0.239200	6.270270
0.239300	-2.637770
0.239400	2.806030
0.239500	-0.163314
0.239600	-4.617330
0.239700	-7.091790
0.239800	-1.647990
0.239900	5.280490
0.240000	1.321360
0.240100	3.300920
0.240200	3.300920
0.240300	2.311140
0.240400	0.331577
0.240500	1.321360
0.240600	2.311140
0.240700	-3.627550
0.240800	-3.132660
0.240900	5.280490
0.241000	1.321360
0.241100	1.321360
0.241200	1.321360
0.241300	0.331577
0.241400	-2.637770
0.241500	-0.658205
0.241600	-5.112220
0.241700	-7.586680
0.241800	-3.627550
0.241900	-1.647990
0.242000	-0.658205
0.242100	3.300920
0.242200	3.300920
0.242300	2.311140
0.242400	1.321360
0.242500	2.311140
0.242600	-1.647990
0.242700	2.311140
0.242800	1.321360
0.242900	-1.153100
0.243000	-1.647990
0.243100	-0.658205
0.243200	-2.637770
0.243300	6.270270
0.243400	0.826468
0.243500	-2.637770
0.243600	-0.658205
0.243700	-0.658205
0.243800	3.300920
0.243900	5.280490
0.244000	-1.153100
0.244100	-1.647990
0.244200	2.311140
0.244300	-5.112220
0.244400	-0.658205
0.244500	3.300920
0.244600	1.321360
0.244700	6.270270
0.244800	2.311140
0.244900	-0.658205
0.245000	1.816250
0.245100	6.270270
0.245200	-1.647990
0.245300	-1.153100
0.245400	-1.153100
0.245500	-3.132660
0.245600	-1.647990
0.245700	3.300920
0.245800	6.270270
0.245900	3.300920
0.246000	-0.658205
0.246100	-1.153100
0.246200	1.321360
0.246300	-0.658205
0.246400	-5.607120
0.246500	-4.617330
0.246600	-2.142880
0.246700	0.331577
0.246800	1.816250
0.246900	-2.637770
0.247000	-0.658205
0.247100	-2.637770
0.247200	-0.658205
0.247300	-0.658205
0.247400	3.300920
0.247500	0.331577
0.247600	-2.637770
0.247700	-0.658205
0.247800	0.331577
0.247900	-0.658205
0.248000	-3.132660
0.248100	-0.658205
0.248200	-0.658205
0.248300	-0.658205
0.248400	4.785600
0.248500	3.300920
0.248600	-0.658205
0.248700	2.311140
0.248800	3.300920
0.248900	-0.658205
0.249000	-4.617330
0.249100	-0.658205
0.249200	-1.647990
0.249300	2.311140
0.249400	2.311140
0.249500	-0.658205
0.249600	1.321360
0.249700	-1.647990
0.249800	2.311140
0.249900	1.321360
0.250000	1.321360
0.250100	-1.647990
0.250200	-0.658205
0.250300	1.321360
0.250400	2.311140
0.250500	-1.647990
0.250600	-0.658205
0.250700	0.331577
0.250800	2.311140
0.250900	2.311140
0.251000	-3.132660
0.251100	-5.607120
0.251200	-4.122440
0.251300	-1.647990
0.251400	3.300920
0.251500	-0.658205
0.251600	-0.658205
0.251700	3.300920
0.251800	1.321360
0.251900	-0.658205
0.252000	2.311140
0.252100	1.321360
0.252200	2.311140
0.252300	-0.163314
0.252400	-0.658205
0.252500	-0.658205
0.252600	3.300920
0.252700	3.300920
0.252800	-4.617330
0.252900	-5.112220
0.253000	-2.142880
0.253100	-1.647990
0.253200	-5.112220
0.253300	-2.637770
0.253400	-1.153100
0.253500	-0.658205
0.253600	3.300920
0.253700	-2.637770
0.253800	1.321360
0.253900	6.270270
0.254000	5.280490
0.254100	2.806030
0.254200	-0.658205
0.254300	-0.658205
0.254400	-1.647990
0.254500	0.331577
0.254600	1.321360
0.254700	-4.617330
0.254800	-3.132660
0.254900	-2.637770
0.255000	-0.658205
0.255100	0.331577
0.255200	-0.658205
0.255300	-4.617330
0.255400	-0.658205
0.255500	-3.132660
0.255600	-2.637770
0.255700	-0.658205
0.255800	-1.647990
0.255900	-8.576460
0.256000	-4.617330
0.256100	0.826468
0.256200	0.331577
0.256300	-1.153100
0.256400	3.300920
0.256500	6.270270
0.256600	-0.658205
0.256700	1.321360
0.256800	1.321360
0.256900	-3.627550
0.257000	-7.586680
0.257100	-0.658205
0.257200	2.806030
0.257300	-2.142880
0.257400	-7.586680
0.257500	-8.576460
0.257600	-1.153100
0.257700	3.300920
0.257800	-2.637770
0.257900	-3.132660
0.258000	-1.647990
0.258100	2.311140
0.258200	0.331577
0.258300	3.300920
0.258400	-4.617330
0.258500	-6.596900
0.258600	2.311140
0.258700	2.806030
0.258800	-0.658205
0.258900	-0.658205
0.259000	-0.658205
0.259100	1.321360
0.259200	1.321360
0.259300	-1.647990
0.259400	0.826468
0.259500	-2.637770
0.259600	-6.596900
0.259700	-0.658205
0.259800	5.280490
0.259900	3.300920
0.260000	-3.627550
0.260100	-2.142880
0.260200	1.816250
0.260300	3.300920
0.260400	-0.163314
0.260500	1.321360
0.260600	3.300920
0.260700	3.300920
0.260800	4.290700
0.260900	-0.658205
0.261000	-0.658205
0.261100	0.826468
0.261200	-0.658205
0.261300	3.300920
0.261400	6.270270
0.261500	4.785600
0.261600	2.311140
0.261700	-0.658205
0.261800	0.331577
0.261900	2.311140
0.262000	-0.658205
0.262100	0.331577
0.262200	2.311140
0.262300	0.331577
0.262400	-0.658205
0.262500	1.321360
0.262600	0.331577
0.262700	-0.658205
0.262800	-0.658205
0.262900	-4.617330
0.263000	-4.617330
0.263100	-2.142880
0.263200	-2.637770
0.263300	-7.586680
0.263400	-6.102010
0.263500	1.816250
0.263600	7.260050
0.263700	-3.627550
0.263800	-0.658205
0.263900	7.260050
0.264000	1.321360
0.264100	-6.102010
0.264200	-2.637770
0.264300	-3.132660
0.264400	-2.637770
0.264500	-0.658205
0.264600	-2.142880
0.264700	-0.658205
0.264800	-1.153100
0.264900	-1.153100
0.265000	-0.658205
0.265100	-6.596900
0.265200	-0.658205
0.265300	-0.658205
0.265400	-0.163314
0.265500	3.300920
0.265600	2.311140
0.265700	-2.637770
0.265800	-4.617330
0.265900	2.311140
0.266000	5.775380
0.266100	6.270270
0.266200	-1.153100
0.266300	0.331577
0.266400	4.785600
0.266500	7.260050
0.266600	6.270270
0.266700	-3.627550
0.266800	1.321360
0.266900	0.331577
0.267000	0.331577
0.267100	-1.647990
0.267200	1.321360
0.267300	1.816250
0.267400	-1.647990
0.267500	-2.637770
0.267600	-3.132660
0.267700	1.321360
0.267800	2.311140
0.267900	-2.637770
0.268000	2.311140
0.268100	-0.163314
0.268200	3.300920
0.268300	3.300920
0.268400	7.260050
0.268500	7.260050
0.268600	4.785600
0.268700	5.280490
0.268800	5.280490
0.268900	5.280490
0.269000	1.321360
0.269100	2.311140
0.269200	-0.658205
0.269300	0.331577
0.269400	-0.658205
0.269500	0.826468
0.269600	1.321360
0.269700	2.311140
0.269800	1.321360
0.269900	6.270270
0.270000	0.826468
0.270100	0.826468
0.270200	-0.163314
0.270300	-0.658205
0.270400	1.321360
0.270500	1.321360
0.270600	7.260050
0.270700	2.311140
0.270800	-4.122440
0.270900	-1.153100
0.271000	-2.637770
0.271100	-1.647990
0.271200	5.280490
0.271300	1.321360
0.271400	-2.637770
0.271500	-0.658205
0.271600	-0.658205
0.271700	-0.658205
0.271800	-0.658205
0.271900	2.311140
0.272000	-1.647990
0.272100	-2.637770
0.272200	-2.637770
0.272300	-0.163314
0.272400	-0.658205
0.272500	-0.658205
0.272600	-2.637770
0.272700	-3.627550
0.272800	-0.658205
0.272900	-2.637770
0.273000	0.331577
0.273100	4.785600
0.273200	2.806030
0.273300	-2.637770
0.273400	-4.617330
0.273500	0.826468
0.273600	0.331577
0.273700	5.280490
0.273800	2.806030
0.273900	6.270270
0.274000	4.785600
0.274100	1.321360
0.274200	4.785600
0.274300	2.311140
0.274400	1.321360
0.274500	0.826468
0.274600	6.270270
0.274700	-0.658205
0.274800	-6.596900
0.274900	3.300920
0.275000	0.826468
0.275100	-4.617330
0.275200	-1.647990
0.275300	1.321360
0.275400	1.321360
0.275500	3.300920
0.275600	3.300920
0.275700	1.321360
0.275800	0.826468
0.275900	-0.658205
0.276000	0.826468
0.276100	2.311140
0.276200	2.311140
0.276300	-1.647990
0.276400	2.806030
0.276500	2.311140
0.276600	-6.596900
0.276700	-7.586680
0.276800	-1.647990
0.276900	2.311140
0.277000	-1.153100
0.277100	-1.647990
0.277200	-0.658205
0.277300	-2.637770
0.277400	-0.658205
0.277500	1.321360
0.277600	3.300920
0.277700	-0.658205
0.277800	-1.647990
0.277900	-1.153100
0.278000	-0.658205
0.278100	-3.132660
0.278200	-0.658205
0.278300	-0.658205
0.278400	-2.637770
0.278500	0.826468
0.278600	5.280490
0.278700	3.300920
0.278800	-2.637770
0.278900	-1.647990
0.279000	-2.637770
0.279100	-1.647990
0.279200	-3.627550
0.279300	-3.132660
0.279400	1.321360
0.279500	4.290700
0.279600	2.311140
0.279700	-1.647990
0.279800	1.321360
0.279900	1.321360
0.280000	0.331577
0.280100	-4.617330
0.280200	1.321360
0.280300	0.331577
0.280400	0.331577
0.280500	-0.658205
0.280600	5.775380
0.280700	3.300920
0.280800	-2.637770
0.280900	-2.637770
0.281000	-0.658205
0.281100	-1.647990
0.281200	-1.647990
0.281300	1.816250
0.281400	-1.647990
0.281500	-0.658205
0.281600	3.300920
0.281700	-0.658205
0.281800	-2.637770
0.281900	-2.637770
0.282000	2.806030
0.282100	1.321360
0.282200	-1.153100
0.282300	-4.617330
0.282400	-1.153100
0.282500	-2.637770
0.282600	-1.647990
0.282700	-3.627550
0.282800	-0.658205
0.282900	-5.607120
0.283000	-9.566240
0.283100	-4.617330
0.283200	-4.617330
0.283300	-6.596900
0.283400	-1.153100
0.283500	-0.163314
0.283600	-1.647990
0.283700	3.300920
0.283800	10.229400
0.283900	5.280490
0.284000	-1.647990
0.284100	-3.627550
0.284200	-4.617330
0.284300	-8.576460
0.284400	-8.576460
0.284500	-1.153100
0.284600	-1.153100
0.284700	-2.637770
0.284800	-1.647990
0.284900	-5.607120
0.285000	-8.081570
0.285100	-1.647990
0.285200	0.331577
0.285300	0.826468
0.285400	0.331577
0.285500	-5.607120
0.285600	-5.112220
0.285700	-1.647990
0.285800	-0.658205
0.285900	-0.658205
0.286000	2.311140
0.286100	2.311140
0.286200	-0.658205
0.286300	2.311140
0.286400	0.331577
0.286500	-2.637770
0.286600	-4.617330
0.286700	-1.647990
0.286800	6.765160
0.286900	-1.153100
0.287000	-8.576460
0.287100	-7.586680
0.287200	0.331577
0.287300	3.300920
0.287400	0.331577
0.287500	-3.627550
0.287600	4.785600
0.287700	1.321360
0.287800	-1.647990
0.287900	-0.658205
0.288000	4.785600
0.288100	2.311140
0.288200	-3.627550
0.288300	-0.658205
0.288400	0.331577
0.288500	3.300920
0.288600	3.300920
0.288700	3.300920
0.288800	-2.637770
0.288900	-2.637770
0.289000	-3.627550
0.289100	0.331577
0.289200	2.806030
0.289300	3.300920
0.289400	2.806030
0.289500	6.270270
0.289600	7.260050
0.289700	1.321360
0.289800	-0.658205
0.289900	-1.153100
0.290000	-2.637770
0.290100	-1.153100
0.290200	-2.637770
0.290300	-2.637770
0.290400	-0.658205
0.290500	-0.658205
0.290600	-3.627550
0.290700	-0.658205
0.290800	3.300920
0.290900	3.300920
0.291000	2.311140
0.291100	1.321360
0.291200	0.826468
0.291300	-3.627550
0.291400	-1.153100
0.291500	2.806030
0.291600	5.280490
0.291700	-3.132660
0.291800	3.795810
0.291900	7.260050
0.292000	-1.647990
0.292100	-2.142880
0.292200	1.321360
0.292300	3.300920
0.292400	-2.142880
0.292500	1.321360
0.292600	4.290700
0.292700	3.300920
0.292800	3.300920
0.292900	-0.658205
0.293000	-1.153100
0.293100	3.300920
0.293200	3.300920
0.293300	-1.647990
0.293400	2.311140
0.293500	2.311140
0.293600	0.826468
0.293700	-1.153100
0.293800	-1.647990
0.293900	-2.637770
0.294000	2.311140
0.294100	-2.637770
0.294200	-1.647990
0.294300	3.300920
0.294400	1.321360
0.294500	-3.627550
0.294600	-2.142880
0.294700	-0.658205
0.294800	-3.627550
0.294900	-3.132660
0.295000	-4.617330
0.295100	-3.627550
0.295200	-3.132660
0.295300	-0.658205
0.295400	3.300920
0.295500	-0.658205
0.295600	-3.627550
0.295700	-0.658205
0.295800	-0.658205
0.295900	2.806030
0.296000	0.331577
0.296100	3.300920
0.296200	4.290700
0.296300	-0.163314
0.296400	-0.658205
0.296500	1.816250
0.296600	-3.132660
0.296700	-0.658205
0.296800	2.311140
0.296900	0.331577
0.297000	-1.647990
0.297100	1.321360
0.297200	-1.647990
0.297300	-0.658205
0.297400	-2.637770
0.297500	-0.658205
0.297600	-0.658205
0.297700	-0.658205
0.297800	0.826468
0.297900	0.331577
0.298000	3.300920
0.298100	2.311140
0.298200	3.300920
0.298300	-1.647990
0.298400	-4.617330
0.298500	1.321360
0.298600	-1.153100
0.298700	0.331577
0.298800	-1.647990
0.298900	-2.637770
0.299000	0.826468
0.299100	-0.658205
0.299200	-0.658205
0.299300	-0.658205
0.299400	-0.658205
0.299500	-1.647990
0.299600	1.321360
0.299700	1.321360
0.299800	1.321360
0.299900	1.816250
