-0.050000	74.885101
-0.049900	314.122986
-0.049800	-289.666992
-0.049700	-369.412994
-0.049600	120.454002
-0.049500	86.277397
-0.049400	-141.567993
-0.049300	-164.352005
-0.049200	17.923800
-0.049100	541.968018
-0.049000	143.238998
-0.048900	-358.020996
-0.048800	-244.098007
-0.048700	177.414993
-0.048600	-266.882996
-0.048500	-301.058990
-0.048400	268.553986
-0.048300	109.061996
-0.048200	-130.175995
-0.048100	-50.429699
-0.048000	-27.645201
-0.047900	222.985001
-0.047800	-301.058990
-0.047700	-278.274994
-0.047600	450.829987
-0.047500	109.061996
-0.047400	-620.043030
-0.047300	-312.451996
-0.047200	-95.998802
-0.047100	154.630997
-0.047000	-335.235992
-0.046900	-221.313995
-0.046800	382.476013
-0.046700	-164.352005
-0.046600	-278.274994
-0.046500	359.691986
-0.046400	97.669601
-0.046300	-688.395996
-0.046200	-198.529007
-0.046100	245.768997
-0.046000	-289.666992
-0.045900	74.885101
-0.045800	576.145020
-0.045700	-95.998802
-0.045600	-620.043030
-0.045500	-16.253000
-0.045400	541.968018
-0.045300	222.985001
-0.045200	-118.782997
-0.045100	-221.313995
-0.045000	-27.645201
-0.044900	-130.175995
-0.044800	-209.921005
-0.044700	-95.998802
-0.044600	40.708302
-0.044500	-4.860700
-0.044400	314.122986
-0.044300	188.807999
-0.044200	-403.589996
-0.044100	-620.043030
-0.044000	17.923800
-0.043900	120.454002
-0.043800	222.985001
-0.043700	17.923800
-0.043600	-688.395996
-0.043500	-358.020996
-0.043400	314.122986
-0.043300	-164.352005
-0.043200	-141.567993
-0.043100	-118.782997
-0.043000	-4.860700
-0.042900	-278.274994
-0.042800	-346.627991
-0.042700	-95.998802
-0.042600	-84.606499
-0.042500	-164.352005
-0.042400	-164.352005
-0.042300	-107.390999
-0.042200	86.277397
-0.042100	-164.352005
-0.042000	-50.429699
-0.041900	-73.214302
-0.041800	-4.860700
-0.041700	-221.313995
-0.041600	-426.373993
-0.041500	-255.490005
-0.041400	154.630997
-0.041300	-61.821999
-0.041200	-301.058990
-0.041100	-73.214302
-0.041000	177.414993
-0.040900	-50.429699
-0.040800	86.277397
-0.040700	245.768997
-0.040600	-471.942993
-0.040500	-255.490005
-0.040400	120.454002
-0.040300	-255.490005
-0.040200	6.531560
-0.040100	154.630997
-0.040000	-39.037498
-0.039900	257.161011
-0.039800	29.316099
-0.039700	-4.860700
-0.039600	-198.529007
-0.039500	-232.705994
-0.039400	120.454002
-0.039300	291.338013
-0.039200	143.238998
-0.039100	17.923800
-0.039000	-278.274994
-0.038900	-232.705994
-0.038800	63.492901
-0.038700	154.630997
-0.038600	131.845993
-0.038500	40.708302
-0.038400	-4.860700
-0.038300	-16.253000
-0.038200	131.845993
-0.038100	382.476013
-0.038000	154.630997
-0.037900	-392.197998
-0.037800	97.669601
-0.037700	-209.921005
-0.037600	-301.058990
-0.037500	177.414993
-0.037400	-4.860700
-0.037300	-152.960007
-0.037200	-27.645201
-0.037100	52.100601
-0.037000	40.708302
-0.036900	63.492901
-0.036800	17.923800
-0.036700	17.923800
-0.036600	17.923800
-0.036500	40.708302
-0.036400	154.630997
-0.036300	325.515015
-0.036200	-50.429699
-0.036100	143.238998
-0.036000	268.553986
-0.035900	-209.921005
-0.035800	-118.782997
-0.035700	416.653015
-0.035600	-118.782997
-0.035500	-209.921005
-0.035400	291.338013
-0.035300	541.968018
-0.035200	-73.214302
-0.035100	52.100601
-0.035000	29.316099
-0.034900	-27.645201
-0.034800	371.084015
-0.034700	177.414993
-0.034600	-266.882996
-0.034500	109.061996
-0.034400	-4.860700
-0.034300	-73.214302
-0.034200	234.376999
-0.034100	154.630997
-0.034000	-39.037498
-0.033900	-118.782997
-0.033800	177.414993
-0.033700	131.845993
-0.033600	-209.921005
-0.033500	-4.860700
-0.033400	382.476013
-0.033300	131.845993
-0.033200	109.061996
-0.033100	-4.860700
-0.033000	177.414993
-0.032900	-27.645201
-0.032800	40.708302
-0.032700	519.182983
-0.032600	-107.390999
-0.032500	-209.921005
-0.032400	177.414993
-0.032300	541.968018
-0.032200	245.768997
-0.032100	-107.390999
-0.032000	-244.098007
-0.031900	-95.998802
-0.031800	268.553986
-0.031700	-164.352005
-0.031600	-4.860700
-0.031500	245.768997
-0.031400	131.845993
-0.031300	63.492901
-0.031200	-244.098007
-0.031100	-141.567993
-0.031000	154.630997
-0.030900	-380.804993
-0.030800	-301.058990
-0.030700	200.199997
-0.030600	74.885101
-0.030500	166.022995
-0.030400	-483.335999
-0.030300	-460.550995
-0.030200	268.553986
-0.030100	-323.843994
-0.030000	-620.043030
-0.029900	-50.429699
-0.029800	6.531560
-0.029700	-95.998802
-0.029600	-27.645201
-0.029500	154.630997
-0.029400	428.045013
-0.029300	-118.782997
-0.029200	-221.313995
-0.029100	279.946014
-0.029000	-209.921005
-0.028900	-187.136993
-0.028800	-244.098007
-0.028700	-141.567993
-0.028600	405.260986
-0.028500	336.907013
-0.028400	-620.043030
-0.028300	-414.981995
-0.028200	17.923800
-0.028100	86.277397
-0.028000	359.691986
-0.027900	302.730011
-0.027800	-346.627991
-0.027700	-118.782997
-0.027600	-4.860700
-0.027500	52.100601
-0.027400	359.691986
-0.027300	6.531560
-0.027200	-642.827026
-0.027100	-278.274994
-0.027000	63.492901
-0.026900	131.845993
-0.026800	268.553986
-0.026700	-312.451996
-0.026600	-426.373993
-0.026500	131.845993
-0.026400	405.260986
-0.026300	-209.921005
-0.026200	74.885101
-0.026100	177.414993
-0.026000	-118.782997
-0.025900	-301.058990
-0.025800	177.414993
-0.025700	-141.567993
-0.025600	-244.098007
-0.025500	143.238998
-0.025400	450.829987
-0.025300	6.531560
-0.025200	-346.627991
-0.025100	291.338013
-0.025000	-16.253000
-0.024900	143.238998
-0.024800	-39.037498
-0.024700	-27.645201
-0.024600	200.199997
-0.024500	-118.782997
-0.024400	-620.043030
-0.024300	-232.705994
-0.024200	166.022995
-0.024100	40.708302
-0.024000	-301.058990
-0.023900	-414.981995
-0.023800	-209.921005
-0.023700	-95.998802
-0.023600	-95.998802
-0.023500	40.708302
-0.023400	86.277397
-0.023300	-16.253000
-0.023200	-118.782997
-0.023100	-50.429699
-0.023000	154.630997
-0.022900	-187.136993
-0.022800	109.061996
-0.022700	177.414993
-0.022600	-414.981995
-0.022500	-278.274994
-0.022400	-118.782997
-0.022300	-187.136993
-0.022200	405.260986
-0.022100	245.768997
-0.022000	-620.043030
-0.021900	-620.043030
-0.021800	-187.136993
-0.021700	154.630997
-0.021600	211.591995
-0.021500	-426.373993
-0.021400	17.923800
-0.021300	177.414993
-0.021200	-414.981995
-0.021100	-620.043030
-0.021000	-27.645201
-0.020900	-278.274994
-0.020800	-118.782997
-0.020700	336.907013
-0.020600	-323.843994
-0.020500	-620.043030
-0.020400	40.708302
-0.020300	40.708302
-0.020200	-209.921005
-0.020100	109.061996
-0.020000	63.492901
-0.019900	-346.627991
-0.019800	-187.136993
-0.019700	348.299011
-0.019600	-232.705994
-0.019500	-483.335999
-0.019400	63.492901
-0.019300	200.199997
-0.019200	-175.744995
-0.019100	188.807999
-0.019000	-50.429699
-0.018900	-620.043030
-0.018800	-187.136993
-0.018700	17.923800
-0.018600	188.807999
-0.018500	336.907013
-0.018400	-141.567993
-0.018300	-209.921005
-0.018200	52.100601
-0.018100	-312.451996
-0.018000	-95.998802
-0.017900	-141.567993
-0.017800	63.492901
-0.017700	655.890015
-0.017600	29.316099
-0.017500	-414.981995
-0.017400	348.299011
-0.017300	143.238998
-0.017200	-620.043030
-0.017100	-73.214302
-0.017000	724.244019
-0.016900	131.845993
-0.016800	-392.197998
-0.016700	-95.998802
-0.016600	52.100601
-0.016500	109.061996
-0.016400	291.338013
-0.016300	-141.567993
-0.016200	-620.043030
-0.016100	154.630997
-0.016000	200.199997
-0.015900	-118.782997
-0.015800	-232.705994
-0.015700	-39.037498
-0.015600	131.845993
-0.015500	63.492901
-0.015400	63.492901
-0.015300	564.752014
-0.015200	86.277397
-0.015100	-460.550995
-0.015000	-4.860700
-0.014900	177.414993
-0.014800	245.768997
-0.014700	-118.782997
-0.014600	-141.567993
-0.014500	-4.860700
-0.014400	314.122986
-0.014300	200.199997
-0.014200	-255.490005
-0.014100	-209.921005
-0.014000	131.845993
-0.013900	143.238998
-0.013800	52.100601
-0.013700	-118.782997
-0.013600	-50.429699
-0.013500	131.845993
-0.013400	234.376999
-0.013300	143.238998
-0.013200	131.845993
-0.013100	-27.645201
-0.013000	63.492901
-0.012900	576.145020
-0.012800	188.807999
-0.012700	109.061996
-0.012600	177.414993
-0.012500	74.885101
-0.012400	336.907013
-0.012300	40.708302
-0.012200	211.591995
-0.012100	166.022995
-0.012000	-346.627991
-0.011900	200.199997
-0.011800	393.868011
-0.011700	-323.843994
-0.011600	120.454002
-0.011500	17.923800
-0.011400	-187.136993
-0.011300	154.630997
-0.011200	314.122986
-0.011100	382.476013
-0.011000	-27.645201
-0.010900	-164.352005
-0.010800	291.338013
-0.010700	507.790985
-0.010600	-4.860700
-0.010500	-152.960007
-0.010400	268.553986
-0.010300	587.536987
-0.010200	-95.998802
-0.010100	-255.490005
-0.010000	325.515015
-0.009900	177.414993
-0.009800	371.084015
-0.009700	74.885101
-0.009600	-301.058990
-0.009500	314.122986
-0.009400	-27.645201
-0.009300	-141.567993
-0.009200	6.531560
-0.009100	-278.274994
-0.009000	-130.175995
-0.008900	382.476013
-0.008800	-175.744995
-0.008700	-620.043030
-0.008600	-130.175995
-0.008500	131.845993
-0.008400	177.414993
-0.008300	-95.998802
-0.008200	40.708302
-0.008100	-27.645201
-0.008000	-266.882996
-0.007900	120.454002
-0.007800	291.338013
-0.007700	-323.843994
-0.007600	17.923800
-0.007500	-73.214302
-0.007400	-642.827026
-0.007300	-369.412994
-0.007200	6.531560
-0.007100	74.885101
-0.007000	177.414993
-0.006900	-164.352005
-0.006800	-278.274994
-0.006700	6.531560
-0.006600	268.553986
-0.006500	268.553986
-0.006400	-255.490005
-0.006300	-620.043030
-0.006200	-175.744995
-0.006100	86.277397
-0.006000	359.691986
-0.005900	63.492901
-0.005800	17.923800
-0.005700	63.492901
-0.005600	-335.235992
-0.005500	-175.744995
-0.005400	-289.666992
-0.005300	29.316099
-0.005200	359.691986
-0.005100	-312.451996
-0.005000	-73.214302
-0.004900	131.845993
-0.004800	109.061996
-0.004700	359.691986
-0.004600	-130.175995
-0.004500	-244.098007
-0.004400	234.376999
-0.004300	428.045013
-0.004200	-403.589996
-0.004100	-620.043030
-0.004000	-95.998802
-0.003900	-27.645201
-0.003800	-39.037498
-0.003700	-118.782997
-0.003600	-164.352005
-0.003500	-73.214302
-0.003400	382.476013
-0.003300	40.708302
-0.003200	-346.627991
-0.003100	-620.043030
-0.003000	-278.274994
-0.002900	97.669601
-0.002800	382.476013
-0.002700	-483.335999
-0.002600	-620.043030
-0.002500	-4.860700
-0.002400	131.845993
-0.002300	188.807999
-0.002200	-358.020996
-0.002100	-335.235992
-0.002000	200.199997
-0.001900	52.100601
-0.001800	-323.843994
-0.001700	52.100601
-0.001600	348.299011
-0.001500	-175.744995
-0.001400	-232.705994
-0.001300	63.492901
-0.001200	86.277397
-0.001100	131.845993
-0.001000	-209.921005
-0.000900	40.708302
-0.000800	428.045013
-0.000700	-152.960007
-0.000600	-620.043030
-0.000500	245.768997
-0.000400	63.492901
-0.000300	-620.043030
-0.000200	-141.567993
-0.000100	177.414993
0.000000	359.691986
0.000100	279.946014
0.000200	-323.843994
0.000300	188.807999
0.000400	382.476013
0.000500	-483.335999
0.000600	-358.020996
0.000700	348.299011
0.000800	325.515015
0.000900	177.414993
0.001000	-198.529007
0.001100	-620.043030
0.001200	120.454002
0.001300	314.122986
0.001400	200.199997
0.001500	17.923800
0.001600	-620.043030
0.001700	-346.627991
0.001800	52.100601
0.001900	428.045013
0.002000	17.923800
0.002100	-620.043030
0.002200	-414.981995
0.002300	-61.821999
0.002400	52.100601
0.002500	-27.645201
0.002600	-175.744995
0.002700	6.531560
0.002800	371.084015
0.002900	177.414993
0.003000	-369.412994
0.003100	-118.782997
0.003200	-107.390999
0.003300	-50.429699
0.003400	63.492901
0.003500	-95.998802
0.003600	143.238998
0.003700	530.575989
0.003800	-198.529007
0.003900	-50.429699
0.004000	52.100601
0.004100	86.277397
0.004200	-141.567993
0.004300	154.630997
0.004400	-164.352005
0.004500	-141.567993
0.004600	485.006012
0.004700	120.454002
0.004800	-620.043030
0.004900	-164.352005
0.005000	-152.960007
0.005100	-73.214302
0.005200	485.006012
0.005300	131.845993
0.005400	-209.921005
0.005500	-244.098007
0.005600	-392.197998
0.005700	-50.429699
0.005800	359.691986
0.005900	40.708302
0.006000	-471.942993
0.006100	-118.782997
0.006200	359.691986
0.006300	690.067017
0.006400	405.260986
0.006500	-346.627991
0.006600	-403.589996
0.006700	40.708302
0.006800	257.161011
0.006900	405.260986
0.007000	109.061996
0.007100	-255.490005
0.007200	-61.821999
0.007300	-61.821999
0.007400	-16.253000
0.007500	314.122986
0.007600	29.316099
0.007700	-118.782997
0.007800	17.923800
0.007900	393.868011
0.008000	-118.782997
0.008100	-198.529007
0.008200	291.338013
0.008300	-4.860700
0.008400	-620.043030
0.008500	86.277397
0.008600	382.476013
0.008700	-4.860700
0.008800	-483.335999
0.008900	-187.136993
0.009000	-232.705994
0.009100	-152.960007
0.009200	-61.821999
0.009300	245.768997
0.009400	-221.313995
0.009500	-346.627991
0.009600	-95.998802
0.009700	120.454002
0.009800	439.437012
0.009900	-4.860700
0.010000	-118.782997
0.010100	-16.253000
0.010200	-164.352005
0.010300	17.923800
0.010400	325.515015
0.010500	553.359985
0.010600	-244.098007
0.010700	-335.235992
0.010800	234.376999
0.010900	211.591995
0.011000	6.531560
0.011100	40.708302
0.011200	143.238998
0.011300	234.376999
0.011400	405.260986
0.011500	-312.451996
0.011600	-460.550995
0.011700	-16.253000
0.011800	-130.175995
0.011900	-187.136993
0.012000	-27.645201
0.012100	-209.921005
0.012200	-141.567993
0.012300	-16.253000
0.012400	-50.429699
0.012500	245.768997
0.012600	-312.451996
0.012700	-346.627991
0.012800	131.845993
0.012900	348.299011
0.013000	564.752014
0.013100	906.520020
0.013200	792.598022
0.013300	314.122986
0.013400	222.985001
0.013500	952.088989
0.013600	849.559021
0.013700	872.343018
0.013800	792.598022
0.013900	633.106018
0.014000	564.752014
0.014100	428.045013
0.014200	393.868011
0.014300	747.028015
0.014400	74.885101
0.014500	-642.827026
0.014600	-620.043030
0.014700	-939.026001
0.014800	-1212.439941
0.014900	-1759.270020
0.015000	-1702.310059
0.015100	-2214.959961
0.015200	-2613.689941
0.015300	-2932.669922
0.015400	-2864.320068
0.015500	-2226.350098
0.015600	-1827.619995
0.015700	-1736.479980
0.015800	-916.241028
0.015900	-1075.729980
0.016000	-733.965027
0.016100	-95.998802
0.016200	-164.352005
0.016300	-483.335999
0.016400	-278.274994
0.016500	-84.606499
0.016600	-620.043030
0.016700	-973.203003
0.016800	-346.627991
0.016900	-756.750000
0.017000	-1554.209961
0.017100	-756.750000
0.017200	-16.253000
0.017300	-620.043030
0.017400	-61.821999
0.017500	405.260986
0.017600	-39.037498
0.017700	-244.098007
0.017800	530.575989
0.017900	712.851990
0.018000	541.968018
0.018100	701.458984
0.018200	815.382019
0.018300	860.950989
0.018400	473.614014
0.018500	519.182983
0.018600	724.244019
0.018700	849.559021
0.018800	792.598022
0.018900	314.122986
0.019000	109.061996
0.019100	52.100601
0.019200	-620.043030
0.019300	-266.882996
0.019400	257.161011
0.019500	200.199997
0.019600	200.199997
0.019700	17.923800
0.019800	245.768997
0.019900	177.414993
0.020000	-27.645201
0.020100	-39.037498
0.020200	-164.352005
0.020300	-152.960007
0.020400	234.376999
0.020500	257.161011
0.020600	40.708302
0.020700	-16.253000
0.020800	-61.821999
0.020900	428.045013
0.021000	1009.049988
0.021100	803.989990
0.021200	348.299011
0.021300	177.414993
0.021400	439.437012
0.021500	-164.352005
0.021600	-1144.089966
0.021700	-882.065002
0.021800	-642.827026
0.021900	-1030.160034
0.022000	-1554.209961
0.022100	-1485.849976
0.022200	-939.026001
0.022300	-1144.089966
0.022400	-893.456970
0.022500	-358.020996
0.022600	-107.390999
0.022700	63.492901
0.022800	-118.782997
0.022900	17.923800
0.023000	-4.860700
0.023100	-289.666992
0.023200	-164.352005
0.023300	29.316099
0.023400	52.100601
0.023500	-16.253000
0.023600	-620.043030
0.023700	-620.043030
0.023800	-426.373993
0.023900	-620.043030
0.024000	-369.412994
0.024100	-380.804993
0.024200	-460.550995
0.024300	-118.782997
0.024400	234.376999
0.024500	154.630997
0.024600	485.006012
0.024700	371.084015
0.024800	17.923800
0.024900	336.907013
0.025000	644.497986
0.025100	587.536987
0.025200	587.536987
0.025300	200.199997
0.025400	222.985001
0.025500	336.907013
0.025600	541.968018
0.025700	667.283020
0.025800	-198.529007
0.025900	-141.567993
0.026000	382.476013
0.026100	-335.235992
0.026200	-164.352005
0.026300	336.907013
0.026400	-335.235992
0.026500	-164.352005
0.026600	382.476013
0.026700	-414.981995
0.026800	-620.043030
0.026900	63.492901
0.027000	-506.119995
0.027100	-654.219971
0.027200	-152.960007
0.027300	-301.058990
0.027400	-244.098007
0.027500	63.492901
0.027600	678.674988
0.027700	587.536987
0.027800	314.122986
0.027900	416.653015
0.028000	496.398987
0.028100	17.923800
0.028200	291.338013
0.028300	-164.352005
0.028400	-893.456970
0.028500	-961.810974
0.028600	-939.026001
0.028700	-1098.520020
0.028800	-620.043030
0.028900	-221.313995
0.029000	-1007.380005
0.029100	-1451.680054
0.029200	-244.098007
0.029300	-380.804993
0.029400	-722.572998
0.029500	382.476013
0.029600	63.492901
0.029700	-4.860700
0.029800	450.829987
0.029900	450.829987
0.030000	131.845993
0.030100	291.338013
0.030200	86.277397
0.030300	-369.412994
0.030400	211.591995
0.030500	29.316099
0.030600	-620.043030
0.030700	-232.705994
0.030800	-209.921005
0.030900	-642.827026
0.031000	-711.181030
0.031100	-460.550995
0.031200	-323.843994
0.031300	-209.921005
0.031400	-50.429699
0.031500	-130.175995
0.031600	-426.373993
0.031700	-358.020996
0.031800	17.923800
0.031900	-95.998802
0.032000	-107.390999
0.032100	-187.136993
0.032200	-620.043030
0.032300	-323.843994
0.032400	-164.352005
0.032500	-711.181030
0.032600	-403.589996
0.032700	-620.043030
0.032800	-711.181030
0.032900	-620.043030
0.033000	-244.098007
0.033100	-301.058990
0.033200	40.708302
0.033300	-73.214302
0.033400	-4.860700
0.033500	-4.860700
0.033600	-380.804993
0.033700	-50.429699
0.033800	587.536987
0.033900	382.476013
0.034000	200.199997
0.034100	598.929016
0.034200	188.807999
0.034300	6.531560
0.034400	485.006012
0.034500	747.028015
0.034600	496.398987
0.034700	-118.782997
0.034800	-209.921005
0.034900	-164.352005
0.035000	-61.821999
0.035100	359.691986
0.035200	348.299011
0.035300	598.929016
0.035400	405.260986
0.035500	371.084015
0.035600	701.458984
0.035700	86.277397
0.035800	86.277397
0.035900	610.320984
0.036000	382.476013
0.036100	257.161011
0.036200	234.376999
0.036300	405.260986
0.036400	-141.567993
0.036500	-620.043030
0.036600	-358.020996
0.036700	-278.274994
0.036800	-278.274994
0.036900	-323.843994
0.037000	-779.533997
0.037100	-620.043030
0.037200	-620.043030
0.037300	-1246.619995
0.037400	-1235.219971
0.037500	-984.594971
0.037600	-1463.069946
0.037700	-1804.839966
0.037800	-1702.310059
0.037900	-1987.109985
0.038000	-2670.649902
0.038100	-2704.830078
0.038200	-2351.669922
0.038300	-2898.489990
0.038400	-3855.439941
0.038500	-3445.320068
0.038600	-2602.300049
0.038700	-3399.750000
0.038800	-3582.030029
0.038900	-3297.219971
0.039000	-3559.250000
0.039100	-3285.830078
0.039200	-2784.570068
0.039300	-2773.179932
0.039400	-3342.790039
0.039500	-3775.699951
0.039600	-3787.090088
0.039700	-4140.250000
0.039800	-4721.259766
0.039900	-5416.180176
0.040000	-6133.899902
0.040100	-6190.859863
0.040200	-6259.209961
0.040300	-7500.970215
0.040400	-8651.589844
0.040500	-8628.799805
0.040600	-9323.730469
0.040700	-9995.870117
0.040800	-9722.459961
0.040900	-9471.830078
0.041000	-10314.900391
0.041100	-10816.099609
0.041200	-10793.299805
0.041300	-10588.299805
0.041400	-10007.299805
0.041500	-9392.080078
0.041600	-9528.790039
0.041700	-8959.179688
0.041800	-8002.229980
0.041900	-7706.029785
0.042000	-7238.950195
0.042100	-6965.529785
0.042200	-6703.509766
0.042300	-6054.149902
0.042400	-6600.979980
0.042500	-6452.879883
0.042600	-6213.640137
0.042700	-6384.529785
0.042800	-6202.250000
0.042900	-6202.250000
0.043000	-6452.879883
0.043100	-5974.399902
0.043200	-5837.700195
0.043300	-6179.470215
0.043400	-6076.939941
0.043500	-5632.640137
0.043600	-5347.830078
0.043700	-5450.359863
0.043800	-4801.000000
0.043900	-4128.859863
0.044000	-4470.629883
0.044100	-4470.629883
0.044200	-3832.659912
0.044300	-3923.800049
0.044400	-3809.879883
0.044500	-3468.110107
0.044600	-4345.310059
0.044700	-4584.549805
0.044800	-3775.699951
0.044900	-4014.939941
0.045000	-4333.919922
0.045100	-3992.149902
0.045200	-4516.200195
0.045300	-4493.410156
0.045400	-3980.760010
0.045500	-3992.149902
0.045600	-3422.540039
0.045700	-3297.219971
0.045800	-3251.649902
0.045900	-2533.939941
0.046000	-2647.870117
0.046100	-2454.199951
0.046200	-2306.100098
0.046300	-2180.780029
0.046400	-1417.500000
0.046500	-1565.599976
0.046600	-1599.780029
0.046700	-779.533997
0.046800	-1155.479980
0.046900	-1975.719971
0.047000	-1645.349976
0.047100	-1554.209961
0.047200	-1406.109985
0.047300	-1052.949951
0.047400	-1406.109985
0.047500	-1804.839966
0.047600	-1440.290039
0.047700	-1383.319946
0.047800	-1941.540039
0.047900	-1850.410034
0.048000	-1645.349976
0.048100	-1930.150024
0.048200	-1964.329956
0.048300	-1747.880005
0.048400	-1258.010010
0.048500	-1235.219971
0.048600	-847.888000
0.048700	-4.860700
0.048800	-620.043030
0.048900	-745.357971
0.049000	-893.456970
0.049100	-961.810974
0.049200	-620.043030
0.049300	-426.373993
0.049400	-460.550995
0.049500	-1030.160034
0.049600	-1941.540039
0.049700	-1349.150024
0.049800	-1007.380005
0.049900	-1827.619995
0.050000	-1702.310059
0.050100	-1223.829956
0.050200	-1121.300049
0.050300	-1668.130005
0.050400	-1599.780029
0.050500	-847.888000
0.050600	-620.043030
0.050700	-1417.500000
0.050800	-1474.459961
0.050900	-1030.160034
0.051000	-859.280029
0.051100	-768.142029
0.051200	-1246.619995
0.051300	-1246.619995
0.051400	-790.927002
0.051500	-904.848999
0.051600	-1052.949951
0.051700	-1098.520020
0.051800	-1098.520020
0.051900	-745.357971
0.052000	-1326.359985
0.052100	-1269.400024
0.052200	-1292.189941
0.052300	-1645.349976
0.052400	-1804.839966
0.052500	-1827.619995
0.052600	-1485.849976
0.052700	-1326.359985
0.052800	-1303.579956
0.052900	-1155.479980
0.053000	-1223.829956
0.053100	-1212.439941
0.053200	-1212.439941
0.053300	-961.810974
0.053400	-939.026001
0.053500	-1212.439941
0.053600	-939.026001
0.053700	-620.043030
0.053800	-939.026001
0.053900	-961.810974
0.054000	-882.065002
0.054100	-711.181030
0.054200	-460.550995
0.054300	-722.572998
0.054400	-665.612000
0.054500	-1075.729980
0.054600	-1098.520020
0.054700	-620.043030
0.054800	-745.357971
0.054900	-1861.800049
0.055000	-187.136993
0.055100	-27.645201
0.055200	-1178.260010
0.055300	-973.203003
0.055400	-620.043030
0.055500	-1189.660034
0.055600	-1326.359985
0.055700	-620.043030
0.055800	-745.357971
0.055900	-711.181030
0.056000	-380.804993
0.056100	-187.136993
0.056200	-449.158997
0.056300	-346.627991
0.056400	86.277397
0.056500	-198.529007
0.056600	-50.429699
0.056700	-471.942993
0.056800	-620.043030
0.056900	52.100601
0.057000	-164.352005
0.057100	-323.843994
0.057200	17.923800
0.057300	-346.627991
0.057400	-733.965027
0.057500	-380.804993
0.057600	63.492901
0.057700	-642.827026
0.057800	-847.888000
0.057900	-232.705994
0.058000	-688.395996
0.058100	-893.456970
0.058200	-620.043030
0.058300	-620.043030
0.058400	-620.043030
0.058500	-620.043030
0.058600	-620.043030
0.058700	-118.782997
0.058800	-289.666992
0.058900	-904.848999
0.059000	-1052.949951
0.059100	-1121.300049
0.059200	-870.671997
0.059300	-414.981995
0.059400	-1280.790039
0.059500	-1417.500000
0.059600	-1030.160034
0.059700	-847.888000
0.059800	-882.065002
0.059900	-688.395996
0.060000	-346.627991
0.060100	-312.451996
0.060200	-665.612000
0.060300	-346.627991
0.060400	200.199997
0.060500	-335.235992
0.060600	-620.043030
0.060700	-141.567993
0.060800	-118.782997
0.060900	-312.451996
0.061000	-130.175995
0.061100	-642.827026
0.061200	-677.004028
0.061300	200.199997
0.061400	86.277397
0.061500	-768.142029
0.061600	-426.373993
0.061700	-289.666992
0.061800	-50.429699
0.061900	-27.645201
0.062000	131.845993
0.062100	-141.567993
0.062200	-198.529007
0.062300	-323.843994
0.062400	-939.026001
0.062500	-620.043030
0.062600	-130.175995
0.062700	-882.065002
0.062800	-1451.680054
0.062900	-995.987000
0.063000	-677.004028
0.063100	-620.043030
0.063200	-620.043030
0.063300	-711.181030
0.063400	-893.456970
0.063500	-1075.729980
0.063600	-893.456970
0.063700	-620.043030
0.063800	-711.181030
0.063900	-688.395996
0.064000	-620.043030
0.064100	-1041.560059
0.064200	-1155.479980
0.064300	-756.750000
0.064400	-779.533997
0.064500	-756.750000
0.064600	-460.550995
0.064700	-460.550995
0.064800	-916.241028
0.064900	-733.965027
0.065000	-323.843994
0.065100	-61.821999
0.065200	-677.004028
0.065300	-733.965027
0.065400	-335.235992
0.065500	-73.214302
0.065600	-335.235992
0.065700	-722.572998
0.065800	-620.043030
0.065900	-414.981995
0.066000	-301.058990
0.066100	-369.412994
0.066200	-620.043030
0.066300	-392.197998
0.066400	-414.981995
0.066500	-95.998802
0.066600	-323.843994
0.066700	-1030.160034
0.066800	-414.981995
0.066900	-209.921005
0.067000	-346.627991
0.067100	109.061996
0.067200	-620.043030
0.067300	-620.043030
0.067400	177.414993
0.067500	-403.589996
0.067600	-620.043030
0.067700	-688.395996
0.067800	-665.612000
0.067900	-335.235992
0.068000	-392.197998
0.068100	-483.335999
0.068200	-221.313995
0.068300	-255.490005
0.068400	-620.043030
0.068500	-244.098007
0.068600	-95.998802
0.068700	-620.043030
0.068800	-711.181030
0.068900	-460.550995
0.069000	-414.981995
0.069100	-403.589996
0.069200	-437.766998
0.069300	-323.843994
0.069400	109.061996
0.069500	-244.098007
0.069600	-620.043030
0.069700	-756.750000
0.069800	-620.043030
0.069900	-50.429699
0.070000	143.238998
0.070100	-620.043030
0.070200	-483.335999
0.070300	-4.860700
0.070400	63.492901
0.070500	74.885101
0.070600	188.807999
0.070700	-118.782997
0.070800	-164.352005
0.070900	222.985001
0.071000	-164.352005
0.071100	-335.235992
0.071200	63.492901
0.071300	336.907013
0.071400	-346.627991
0.071500	-426.373993
0.071600	131.845993
0.071700	-107.390999
0.071800	-4.860700
0.071900	40.708302
0.072000	200.199997
0.072100	-335.235992
0.072200	-620.043030
0.072300	-244.098007
0.072400	-164.352005
0.072500	-756.750000
0.072600	-779.533997
0.072700	-426.373993
0.072800	-825.103027
0.072900	-904.848999
0.073000	-620.043030
0.073100	-392.197998
0.073200	-642.827026
0.073300	-335.235992
0.073400	-620.043030
0.073500	-904.848999
0.073600	-620.043030
0.073700	-620.043030
0.073800	-620.043030
0.073900	-266.882996
0.074000	-403.589996
0.074100	-118.782997
0.074200	-414.981995
0.074300	-756.750000
0.074400	-39.037498
0.074500	-323.843994
0.074600	-733.965027
0.074700	-301.058990
0.074800	200.199997
0.074900	-414.981995
0.075000	-1030.160034
0.075100	-620.043030
0.075200	-61.821999
0.075300	40.708302
0.075400	-620.043030
0.075500	-620.043030
0.075600	-301.058990
0.075700	-232.705994
0.075800	-73.214302
0.075900	-244.098007
0.076000	-118.782997
0.076100	-50.429699
0.076200	63.492901
0.076300	-95.998802
0.076400	131.845993
0.076500	-323.843994
0.076600	-620.043030
0.076700	-4.860700
0.076800	74.885101
0.076900	-16.253000
0.077000	17.923800
0.077100	188.807999
0.077200	-95.998802
0.077300	-84.606499
0.077400	336.907013
0.077500	-232.705994
0.077600	-232.705994
0.077700	-84.606499
0.077800	-175.744995
0.077900	-16.253000
0.078000	234.376999
0.078100	-209.921005
0.078200	-301.058990
0.078300	234.376999
0.078400	279.946014
0.078500	-460.550995
0.078600	-620.043030
0.078700	-346.627991
0.078800	-39.037498
0.078900	405.260986
0.079000	120.454002
0.079100	-483.335999
0.079200	-620.043030
0.079300	-209.921005
0.079400	257.161011
0.079500	314.122986
0.079600	-278.274994
0.079700	-414.981995
0.079800	-118.782997
0.079900	245.768997
0.080000	-95.998802
0.080100	-118.782997
0.080200	268.553986
0.080300	405.260986
0.080400	-118.782997
0.080500	-141.567993
0.080600	245.768997
0.080700	234.376999
0.080800	-27.645201
0.080900	-141.567993
0.081000	166.022995
0.081100	724.244019
0.081200	541.968018
0.081300	-187.136993
0.081400	-312.451996
0.081500	359.691986
0.081600	359.691986
0.081700	-392.197998
0.081800	-16.253000
0.081900	-107.390999
0.082000	177.414993
0.082100	-27.645201
0.082200	200.199997
0.082300	-95.998802
0.082400	-620.043030
0.082500	6.531560
0.082600	257.161011
0.082700	-289.666992
0.082800	-50.429699
0.082900	154.630997
0.083000	314.122986
0.083100	-301.058990
0.083200	-244.098007
0.083300	530.575989
0.083400	314.122986
0.083500	-392.197998
0.083600	-278.274994
0.083700	177.414993
0.083800	40.708302
0.083900	268.553986
0.084000	507.790985
0.084100	40.708302
0.084200	428.045013
0.084300	496.398987
0.084400	-4.860700
0.084500	-209.921005
0.084600	40.708302
0.084700	200.199997
0.084800	17.923800
0.084900	-107.390999
0.085000	211.591995
0.085100	-4.860700
0.085200	-312.451996
0.085300	-141.567993
0.085400	-27.645201
0.085500	-50.429699
0.085600	63.492901
0.085700	143.238998
0.085800	-164.352005
0.085900	-164.352005
0.086000	-39.037498
0.086100	52.100601
0.086200	371.084015
0.086300	-95.998802
0.086400	-323.843994
0.086500	-187.136993
0.086600	-164.352005
0.086700	-95.998802
0.086800	302.730011
0.086900	348.299011
0.087000	-620.043030
0.087100	-483.335999
0.087200	97.669601
0.087300	177.414993
0.087400	450.829987
0.087500	97.669601
0.087600	-620.043030
0.087700	-301.058990
0.087800	40.708302
0.087900	17.923800
0.088000	222.985001
0.088100	-164.352005
0.088200	177.414993
0.088300	245.768997
0.088400	-346.627991
0.088500	-711.181030
0.088600	-620.043030
0.088700	-255.490005
0.088800	-255.490005
0.088900	-278.274994
0.089000	-221.313995
0.089100	-312.451996
0.089200	-130.175995
0.089300	-198.529007
0.089400	-27.645201
0.089500	-301.058990
0.089600	-152.960007
0.089700	-95.998802
0.089800	-403.589996
0.089900	-141.567993
0.090000	325.515015
0.090100	86.277397
0.090200	-323.843994
0.090300	-187.136993
0.090400	-312.451996
0.090500	-232.705994
0.090600	-27.645201
0.090700	120.454002
0.090800	-164.352005
0.090900	-232.705994
0.091000	-164.352005
0.091100	-164.352005
0.091200	-73.214302
0.091300	154.630997
0.091400	40.708302
0.091500	-95.998802
0.091600	40.708302
0.091700	-620.043030
0.091800	-471.942993
0.091900	86.277397
0.092000	450.829987
0.092100	-50.429699
0.092200	-711.181030
0.092300	-358.020996
0.092400	29.316099
0.092500	17.923800
0.092600	268.553986
0.092700	291.338013
0.092800	-141.567993
0.092900	-187.136993
0.093000	-460.550995
0.093100	-130.175995
0.093200	211.591995
0.093300	-392.197998
0.093400	-437.766998
0.093500	17.923800
0.093600	325.515015
0.093700	-323.843994
0.093800	-414.981995
0.093900	-323.843994
0.094000	-301.058990
0.094100	17.923800
0.094200	-95.998802
0.094300	-289.666992
0.094400	-95.998802
0.094500	325.515015
0.094600	-95.998802
0.094700	-449.158997
0.094800	-141.567993
0.094900	359.691986
0.095000	154.630997
0.095100	-620.043030
0.095200	-460.550995
0.095300	52.100601
0.095400	-27.645201
0.095500	-27.645201
0.095600	17.923800
0.095700	-346.627991
0.095800	-346.627991
0.095900	177.414993
0.096000	154.630997
0.096100	-141.567993
0.096200	-244.098007
0.096300	-4.860700
0.096400	154.630997
0.096500	-27.645201
0.096600	6.531560
0.096700	177.414993
0.096800	-16.253000
0.096900	-95.998802
0.097000	120.454002
0.097100	154.630997
0.097200	40.708302
0.097300	86.277397
0.097400	120.454002
0.097500	234.376999
0.097600	439.437012
0.097700	63.492901
0.097800	-289.666992
0.097900	-16.253000
0.098000	325.515015
0.098100	439.437012
0.098200	-95.998802
0.098300	-232.705994
0.098400	428.045013
0.098500	131.845993
0.098600	-130.175995
0.098700	200.199997
0.098800	-4.860700
0.098900	131.845993
0.099000	-278.274994
0.099100	-301.058990
0.099200	222.985001
0.099300	211.591995
0.099400	97.669601
0.099500	-209.921005
0.099600	-73.214302
0.099700	382.476013
0.099800	-4.860700
0.099900	-301.058990
0.100000	52.100601
0.100100	177.414993
0.100200	200.199997
0.100300	541.968018
0.100400	131.845993
0.100500	-50.429699
0.100600	-107.390999
0.100700	-141.567993
0.100800	336.907013
0.100900	-27.645201
0.101000	-209.921005
0.101100	-380.804993
0.101200	-232.705994
0.101300	177.414993
0.101400	-141.567993
0.101500	-152.960007
0.101600	371.084015
0.101700	-221.313995
0.101800	-50.429699
0.101900	530.575989
0.102000	29.316099
0.102100	-198.529007
0.102200	-84.606499
0.102300	63.492901
0.102400	-27.645201
0.102500	177.414993
0.102600	-289.666992
0.102700	-232.705994
0.102800	131.845993
0.102900	-232.705994
0.103000	-414.981995
0.103100	52.100601
0.103200	40.708302
0.103300	-620.043030
0.103400	-301.058990
0.103500	120.454002
0.103600	131.845993
0.103700	-84.606499
0.103800	-312.451996
0.103900	-118.782997
0.104000	120.454002
0.104100	17.923800
0.104200	177.414993
0.104300	-130.175995
0.104400	-141.567993
0.104500	-175.744995
0.104600	-164.352005
0.104700	177.414993
0.104800	507.790985
0.104900	-95.998802
0.105000	-118.782997
0.105100	200.199997
0.105200	-221.313995
0.105300	-95.998802
0.105400	564.752014
0.105500	120.454002
0.105600	-722.572998
0.105700	-403.589996
0.105800	29.316099
0.105900	-4.860700
0.106000	-175.744995
0.106100	74.885101
0.106200	450.829987
0.106300	-255.490005
0.106400	-620.043030
0.106500	-16.253000
0.106600	279.946014
0.106700	257.161011
0.106800	63.492901
0.106900	-620.043030
0.107000	-278.274994
0.107100	382.476013
0.107200	382.476013
0.107300	-27.645201
0.107400	-209.921005
0.107500	-4.860700
0.107600	52.100601
0.107700	-346.627991
0.107800	-335.235992
0.107900	6.531560
0.108000	268.553986
0.108100	-323.843994
0.108200	-244.098007
0.108300	496.398987
0.108400	-16.253000
0.108500	-392.197998
0.108600	143.238998
0.108700	-221.313995
0.108800	-232.705994
0.108900	541.968018
0.109000	371.084015
0.109100	-232.705994
0.109200	-620.043030
0.109300	-95.998802
0.109400	245.768997
0.109500	-50.429699
0.109600	-460.550995
0.109700	-187.136993
0.109800	63.492901
0.109900	97.669601
0.110000	-61.821999
0.110100	-95.998802
0.110200	63.492901
0.110300	200.199997
0.110400	-244.098007
0.110500	-813.710999
0.110600	-403.589996
0.110700	234.376999
0.110800	336.907013
0.110900	-392.197998
0.111000	-358.020996
0.111100	222.985001
0.111200	587.536987
0.111300	17.923800
0.111400	-414.981995
0.111500	-175.744995
0.111600	120.454002
0.111700	245.768997
0.111800	712.851990
0.111900	405.260986
0.112000	-164.352005
0.112100	-414.981995
0.112200	-301.058990
0.112300	-107.390999
0.112400	17.923800
0.112500	200.199997
0.112600	177.414993
0.112700	-4.860700
0.112800	6.531560
0.112900	-483.335999
0.113000	-620.043030
0.113100	-95.998802
0.113200	-27.645201
0.113300	86.277397
0.113400	450.829987
0.113500	17.923800
0.113600	-187.136993
0.113700	-152.960007
0.113800	-460.550995
0.113900	-141.567993
0.114000	336.907013
0.114100	-118.782997
0.114200	-164.352005
0.114300	-221.313995
0.114400	-50.429699
0.114500	-164.352005
0.114600	-152.960007
0.114700	-61.821999
0.114800	40.708302
0.114900	17.923800
0.115000	131.845993
0.115100	131.845993
0.115200	-141.567993
0.115300	-50.429699
0.115400	222.985001
0.115500	302.730011
0.115600	86.277397
0.115700	473.614014
0.115800	336.907013
0.115900	29.316099
0.116000	-301.058990
0.116100	-141.567993
0.116200	222.985001
0.116300	405.260986
0.116400	-73.214302
0.116500	-27.645201
0.116600	-4.860700
0.116700	52.100601
0.116800	268.553986
0.116900	-141.567993
0.117000	-335.235992
0.117100	131.845993
0.117200	-61.821999
0.117300	-164.352005
0.117400	6.531560
0.117500	63.492901
0.117600	-164.352005
0.117700	-4.860700
0.117800	-61.821999
0.117900	-369.412994
0.118000	-209.921005
0.118100	63.492901
0.118200	382.476013
0.118300	-346.627991
0.118400	-620.043030
0.118500	-50.429699
0.118600	97.669601
0.118700	-301.058990
0.118800	-312.451996
0.118900	154.630997
0.119000	485.006012
0.119100	-369.412994
0.119200	-620.043030
0.119300	-39.037498
0.119400	-39.037498
0.119500	17.923800
0.119600	382.476013
0.119700	143.238998
0.119800	-380.804993
0.119900	-631.434998
0.120000	-61.821999
0.120100	-84.606499
0.120200	-95.998802
0.120300	473.614014
0.120400	86.277397
0.120500	-73.214302
0.120600	-187.136993
0.120700	-414.981995
0.120800	-27.645201
0.120900	450.829987
0.121000	-278.274994
0.121100	-232.705994
0.121200	564.752014
0.121300	-50.429699
0.121400	-620.043030
0.121500	-232.705994
0.121600	131.845993
0.121700	-164.352005
0.121800	-39.037498
0.121900	633.106018
0.122000	234.376999
0.122100	-494.727997
0.122200	-27.645201
0.122300	17.923800
0.122400	-642.827026
0.122500	-232.705994
0.122600	-27.645201
0.122700	-209.921005
0.122800	-175.744995
0.122900	74.885101
0.123000	314.122986
0.123100	245.768997
0.123200	-403.589996
0.123300	-244.098007
0.123400	52.100601
0.123500	257.161011
0.123600	-209.921005
0.123700	-620.043030
0.123800	-187.136993
0.123900	-4.860700
0.124000	109.061996
0.124100	222.985001
0.124200	40.708302
0.124300	-141.567993
0.124400	177.414993
0.124500	-4.860700
0.124600	86.277397
0.124700	-27.645201
0.124800	52.100601
0.124900	541.968018
0.125000	325.515015
0.125100	-278.274994
0.125200	-187.136993
0.125300	371.084015
0.125400	-50.429699
0.125500	-141.567993
0.125600	428.045013
0.125700	40.708302
0.125800	-187.136993
0.125900	40.708302
0.126000	17.923800
0.126100	-50.429699
0.126200	-4.860700
0.126300	40.708302
0.126400	222.985001
0.126500	541.968018
0.126600	177.414993
0.126700	-39.037498
0.126800	-346.627991
0.126900	-130.175995
0.127000	131.845993
0.127100	428.045013
0.127200	63.492901
0.127300	-84.606499
0.127400	-84.606499
0.127500	-232.705994
0.127600	-50.429699
0.127700	177.414993
0.127800	371.084015
0.127900	541.968018
0.128000	-118.782997
0.128100	-620.043030
0.128200	-141.567993
0.128300	268.553986
0.128400	359.691986
0.128500	-50.429699
0.128600	-301.058990
0.128700	40.708302
0.128800	17.923800
0.128900	-50.429699
0.129000	-16.253000
0.129100	52.100601
0.129200	-27.645201
0.129300	143.238998
0.129400	177.414993
0.129500	325.515015
0.129600	200.199997
0.129700	-460.550995
0.129800	-198.529007
0.129900	-4.860700
0.130000	-118.782997
0.130100	63.492901
0.130200	245.768997
0.130300	-50.429699
0.130400	-118.782997
0.130500	63.492901
0.130600	86.277397
0.130700	188.807999
0.130800	-198.529007
0.130900	-164.352005
0.131000	257.161011
0.131100	507.790985
0.131200	-312.451996
0.131300	-449.158997
0.131400	131.845993
0.131500	279.946014
0.131600	382.476013
0.131700	-164.352005
0.131800	-50.429699
0.131900	-84.606499
0.132000	-118.782997
0.132100	-61.821999
0.132200	-50.429699
0.132300	-73.214302
0.132400	131.845993
0.132500	359.691986
0.132600	-4.860700
0.132700	-460.550995
0.132800	-221.313995
0.132900	-164.352005
0.133000	-244.098007
0.133100	302.730011
0.133200	-61.821999
0.133300	-711.181030
0.133400	-323.843994
0.133500	188.807999
0.133600	382.476013
0.133700	-164.352005
0.133800	-620.043030
0.133900	-187.136993
0.134000	52.100601
0.134100	131.845993
0.134200	52.100601
0.134300	359.691986
0.134400	-50.429699
0.134500	-278.274994
0.134600	154.630997
0.134700	-244.098007
0.134800	-620.043030
0.134900	-209.921005
0.135000	166.022995
0.135100	200.199997
0.135200	-73.214302
0.135300	-301.058990
0.135400	-369.412994
0.135500	120.454002
0.135600	-346.627991
0.135700	-358.020996
0.135800	74.885101
0.135900	245.768997
0.136000	-198.529007
0.136100	-278.274994
0.136200	86.277397
0.136300	17.923800
0.136400	-39.037498
0.136500	40.708302
0.136600	222.985001
0.136700	325.515015
0.136800	-164.352005
0.136900	-141.567993
0.137000	-244.098007
0.137100	-84.606499
0.137200	564.752014
0.137300	74.885101
0.137400	-620.043030
0.137500	17.923800
0.137600	268.553986
0.137700	-84.606499
0.137800	405.260986
0.137900	336.907013
0.138000	-392.197998
0.138100	-358.020996
0.138200	222.985001
0.138300	-73.214302
0.138400	-232.705994
0.138500	74.885101
0.138600	222.985001
0.138700	-278.274994
0.138800	-187.136993
0.138900	17.923800
0.139000	245.768997
0.139100	-221.313995
0.139200	-244.098007
0.139300	17.923800
0.139400	-50.429699
0.139500	-73.214302
0.139600	97.669601
0.139700	63.492901
0.139800	336.907013
0.139900	222.985001
0.140000	-620.043030
0.140100	-175.744995
0.140200	553.359985
0.140300	-39.037498
0.140400	-209.921005
0.140500	-312.451996
0.140600	-198.529007
0.140700	-50.429699
0.140800	291.338013
0.140900	86.277397
0.141000	-620.043030
0.141100	-620.043030
0.141200	-187.136993
0.141300	-141.567993
0.141400	17.923800
0.141500	63.492901
0.141600	-358.020996
0.141700	-209.921005
0.141800	40.708302
0.141900	52.100601
0.142000	348.299011
0.142100	6.531560
0.142200	17.923800
0.142300	-255.490005
0.142400	-164.352005
0.142500	-130.175995
0.142600	17.923800
0.142700	63.492901
0.142800	17.923800
0.142900	-141.567993
0.143000	40.708302
0.143100	564.752014
0.143200	154.630997
0.143300	-50.429699
0.143400	291.338013
0.143500	541.968018
0.143600	-95.998802
0.143700	-50.429699
0.143800	74.885101
0.143900	302.730011
0.144000	245.768997
0.144100	-187.136993
0.144200	-4.860700
0.144300	359.691986
0.144400	86.277397
0.144500	200.199997
0.144600	86.277397
0.144700	200.199997
0.144800	610.320984
0.144900	-118.782997
0.145000	-61.821999
0.145100	63.492901
0.145200	17.923800
0.145300	177.414993
0.145400	222.985001
0.145500	154.630997
0.145600	131.845993
0.145700	279.946014
0.145800	211.591995
0.145900	314.122986
0.146000	188.807999
0.146100	97.669601
0.146200	-50.429699
0.146300	245.768997
0.146400	-141.567993
0.146500	-369.412994
0.146600	40.708302
0.146700	-152.960007
0.146800	-141.567993
0.146900	211.591995
0.147000	154.630997
0.147100	-118.782997
0.147200	-301.058990
0.147300	-198.529007
0.147400	154.630997
0.147500	245.768997
0.147600	-323.843994
0.147700	-164.352005
0.147800	-164.352005
0.147900	-118.782997
0.148000	-118.782997
0.148100	-73.214302
0.148200	-187.136993
0.148300	-221.313995
0.148400	-39.037498
0.148500	86.277397
0.148600	541.968018
0.148700	200.199997
0.148800	-437.766998
0.148900	-346.627991
0.149000	336.907013
0.149100	450.829987
0.149200	-175.744995
0.149300	-414.981995
0.149400	177.414993
0.149500	120.454002
0.149600	222.985001
0.149700	-73.214302
0.149800	-642.827026
0.149900	-323.843994
0.150000	245.768997
0.150100	40.708302
0.150200	-460.550995
0.150300	-209.921005
0.150400	154.630997
0.150500	-73.214302
0.150600	86.277397
0.150700	40.708302
0.150800	40.708302
0.150900	-50.429699
0.151000	-358.020996
0.151100	-312.451996
0.151200	-39.037498
0.151300	52.100601
0.151400	200.199997
0.151500	450.829987
0.151600	-4.860700
0.151700	-187.136993
0.151800	-152.960007
0.151900	-50.429699
0.152000	-118.782997
0.152100	-164.352005
0.152200	-39.037498
0.152300	120.454002
0.152400	177.414993
0.152500	-130.175995
0.152600	-232.705994
0.152700	-4.860700
0.152800	97.669601
0.152900	-50.429699
0.153000	-346.627991
0.153100	-164.352005
0.153200	-73.214302
0.153300	17.923800
0.153400	200.199997
0.153500	-187.136993
0.153600	-346.627991
0.153700	211.591995
0.153800	-244.098007
0.153900	-380.804993
0.154000	120.454002
0.154100	86.277397
0.154200	86.277397
0.154300	-244.098007
0.154400	-50.429699
0.154500	428.045013
0.154600	-255.490005
0.154700	-414.981995
0.154800	52.100601
0.154900	302.730011
0.155000	268.553986
0.155100	-232.705994
0.155200	-620.043030
0.155300	109.061996
0.155400	268.553986
0.155500	-187.136993
0.155600	245.768997
0.155700	428.045013
0.155800	-244.098007
0.155900	52.100601
0.156000	17.923800
0.156100	-95.998802
0.156200	257.161011
0.156300	200.199997
0.156400	325.515015
0.156500	-187.136993
0.156600	-471.942993
0.156700	-39.037498
0.156800	-95.998802
0.156900	-118.782997
0.157000	405.260986
0.157100	336.907013
0.157200	-346.627991
0.157300	-620.043030
0.157400	-152.960007
0.157500	-16.253000
0.157600	-244.098007
0.157700	17.923800
0.157800	-39.037498
0.157900	17.923800
0.158000	40.708302
0.158100	-289.666992
0.158200	-358.020996
0.158300	-278.274994
0.158400	-27.645201
0.158500	-4.860700
0.158600	-278.274994
0.158700	40.708302
0.158800	336.907013
0.158900	17.923800
0.159000	-620.043030
0.159100	-449.158997
0.159200	-50.429699
0.159300	-84.606499
0.159400	-84.606499
0.159500	131.845993
0.159600	371.084015
0.159700	131.845993
0.159800	-141.567993
0.159900	52.100601
0.160000	131.845993
0.160100	-209.921005
0.160200	-4.860700
0.160300	-232.705994
0.160400	-335.235992
0.160500	40.708302
0.160600	302.730011
0.160700	-221.313995
0.160800	-244.098007
0.160900	336.907013
0.161000	-141.567993
0.161100	-620.043030
0.161200	-187.136993
0.161300	200.199997
0.161400	-346.627991
0.161500	-392.197998
0.161600	6.531560
0.161700	200.199997
0.161800	-141.567993
0.161900	29.316099
0.162000	-346.627991
0.162100	-414.981995
0.162200	-16.253000
0.162300	-16.253000
0.162400	-107.390999
0.162500	-50.429699
0.162600	166.022995
0.162700	17.923800
0.162800	-152.960007
0.162900	188.807999
0.163000	-301.058990
0.163100	-346.627991
0.163200	-95.998802
0.163300	348.299011
0.163400	222.985001
0.163500	-620.043030
0.163600	-95.998802
0.163700	200.199997
0.163800	-403.589996
0.163900	-369.412994
0.164000	-141.567993
0.164100	314.122986
0.164200	97.669601
0.164300	-414.981995
0.164400	-620.043030
0.164500	177.414993
0.164600	245.768997
0.164700	-50.429699
0.164800	-187.136993
0.164900	-278.274994
0.165000	-414.981995
0.165100	-232.705994
0.165200	-27.645201
0.165300	86.277397
0.165400	245.768997
0.165500	17.923800
0.165600	74.885101
0.165700	382.476013
0.165800	-61.821999
0.165900	-118.782997
0.166000	439.437012
0.166100	63.492901
0.166200	268.553986
0.166300	371.084015
0.166400	-414.981995
0.166500	-620.043030
0.166600	-4.860700
0.166700	188.807999
0.166800	393.868011
0.166900	40.708302
0.167000	-460.550995
0.167100	86.277397
0.167200	302.730011
0.167300	-335.235992
0.167400	-255.490005
0.167500	131.845993
0.167600	63.492901
0.167700	-244.098007
0.167800	-278.274994
0.167900	-84.606499
0.168000	-16.253000
0.168100	-4.860700
0.168200	188.807999
0.168300	120.454002
0.168400	-232.705994
0.168500	234.376999
0.168600	109.061996
0.168700	-232.705994
0.168800	131.845993
0.168900	40.708302
0.169000	-620.043030
0.169100	-358.020996
0.169200	200.199997
0.169300	-118.782997
0.169400	-175.744995
0.169500	211.591995
0.169600	712.851990
0.169700	279.946014
0.169800	-665.612000
0.169900	-346.627991
0.170000	131.845993
0.170100	143.238998
0.170200	325.515015
0.170300	450.829987
0.170400	-255.490005
0.170500	-620.043030
0.170600	52.100601
0.170700	633.106018
0.170800	245.768997
0.170900	-278.274994
0.171000	-118.782997
0.171100	-369.412994
0.171200	-460.550995
0.171300	-27.645201
0.171400	268.553986
0.171500	-346.627991
0.171600	-323.843994
0.171700	154.630997
0.171800	-95.998802
0.171900	-244.098007
0.172000	52.100601
0.172100	166.022995
0.172200	-39.037498
0.172300	-95.998802
0.172400	314.122986
0.172500	-187.136993
0.172600	40.708302
0.172700	63.492901
0.172800	-301.058990
0.172900	-369.412994
0.173000	166.022995
0.173100	519.182983
0.173200	-4.860700
0.173300	-620.043030
0.173400	-323.843994
0.173500	17.923800
0.173600	177.414993
0.173700	405.260986
0.173800	-95.998802
0.173900	-232.705994
0.174000	131.845993
0.174100	325.515015
0.174200	200.199997
0.174300	-152.960007
0.174400	234.376999
0.174500	416.653015
0.174600	-358.020996
0.174700	-369.412994
0.174800	177.414993
0.174900	359.691986
0.175000	188.807999
0.175100	-141.567993
0.175200	-175.744995
0.175300	302.730011
0.175400	496.398987
0.175500	-164.352005
0.175600	-449.158997
0.175700	188.807999
0.175800	245.768997
0.175900	-73.214302
0.176000	-141.567993
0.176100	-187.136993
0.176200	97.669601
0.176300	291.338013
0.176400	-164.352005
0.176500	52.100601
0.176600	29.316099
0.176700	-358.020996
0.176800	-4.860700
0.176900	-16.253000
0.177000	-323.843994
0.177100	-483.335999
0.177200	-403.589996
0.177300	-50.429699
0.177400	-84.606499
0.177500	6.531560
0.177600	541.968018
0.177700	257.161011
0.177800	-164.352005
0.177900	-301.058990
0.178000	-4.860700
0.178100	-50.429699
0.178200	-255.490005
0.178300	-187.136993
0.178400	-266.882996
0.178500	-164.352005
0.178600	-232.705994
0.178700	-50.429699
0.178800	17.923800
0.178900	-4.860700
0.179000	359.691986
0.179100	359.691986
0.179200	-346.627991
0.179300	-620.043030
0.179400	17.923800
0.179500	598.929016
0.179600	17.923800
0.179700	-346.627991
0.179800	336.907013
0.179900	-232.705994
0.180000	-460.550995
0.180100	177.414993
0.180200	-164.352005
0.180300	-369.412994
0.180400	234.376999
0.180500	-107.390999
0.180600	-301.058990
0.180700	-198.529007
0.180800	40.708302
0.180900	-209.921005
0.181000	-426.373993
0.181100	17.923800
0.181200	496.398987
0.181300	-289.666992
0.181400	-209.921005
0.181500	-50.429699
0.181600	6.531560
0.181700	17.923800
0.181800	-73.214302
0.181900	336.907013
0.182000	-27.645201
0.182100	109.061996
0.182200	-84.606499
0.182300	-380.804993
0.182400	-130.175995
0.182500	63.492901
0.182600	234.376999
0.182700	-141.567993
0.182800	-164.352005
0.182900	17.923800
0.183000	177.414993
0.183100	-403.589996
0.183200	-244.098007
0.183300	507.790985
0.183400	-39.037498
0.183500	-620.043030
0.183600	-84.606499
0.183700	200.199997
0.183800	268.553986
0.183900	-255.490005
0.184000	-255.490005
0.184100	177.414993
0.184200	348.299011
0.184300	86.277397
0.184400	-620.043030
0.184500	17.923800
0.184600	177.414993
0.184700	-95.998802
0.184800	-620.043030
0.184900	-335.235992
0.185000	143.238998
0.185100	416.653015
0.185200	-323.843994
0.185300	-414.981995
0.185400	200.199997
0.185500	17.923800
0.185600	-244.098007
0.185700	177.414993
0.185800	-61.821999
0.185900	-164.352005
0.186000	120.454002
0.186100	-95.998802
0.186200	6.531560
0.186300	564.752014
0.186400	86.277397
0.186500	-620.043030
0.186600	17.923800
0.186700	40.708302
0.186800	-449.158997
0.186900	-301.058990
0.187000	63.492901
0.187100	-4.860700
0.187200	17.923800
0.187300	382.476013
0.187400	587.536987
0.187500	-164.352005
0.187600	-39.037498
0.187700	644.497986
0.187800	-164.352005
0.187900	-335.235992
0.188000	188.807999
0.188100	154.630997
0.188200	29.316099
0.188300	74.885101
0.188400	188.807999
0.188500	257.161011
0.188600	-278.274994
0.188700	-141.567993
0.188800	359.691986
0.188900	-107.390999
0.189000	-4.860700
0.189100	200.199997
0.189200	17.923800
0.189300	-164.352005
0.189400	-118.782997
0.189500	-95.998802
0.189600	-278.274994
0.189700	-50.429699
0.189800	314.122986
0.189900	-346.627991
0.190000	-301.058990
0.190100	52.100601
0.190200	200.199997
0.190300	257.161011
0.190400	86.277397
0.190500	63.492901
0.190600	-255.490005
0.190700	-118.782997
0.190800	382.476013
0.190900	-95.998802
0.191000	-141.567993
0.191100	450.829987
0.191200	336.907013
0.191300	-346.627991
0.191400	200.199997
0.191500	393.868011
0.191600	-118.782997
0.191700	-244.098007
0.191800	-369.412994
0.191900	-403.589996
0.192000	86.277397
0.192100	154.630997
0.192200	6.531560
0.192300	6.531560
0.192400	-16.253000
0.192500	-323.843994
0.192600	-244.098007
0.192700	188.807999
0.192800	485.006012
0.192900	-118.782997
0.193000	-255.490005
0.193100	-232.705994
0.193200	-73.214302
0.193300	-187.136993
0.193400	-164.352005
0.193500	-4.860700
0.193600	86.277397
0.193700	325.515015
0.193800	6.531560
0.193900	-278.274994
0.194000	86.277397
0.194100	17.923800
0.194200	-50.429699
0.194300	234.376999
0.194400	-152.960007
0.194500	-187.136993
0.194600	-118.782997
0.194700	-73.214302
0.194800	131.845993
0.194900	17.923800
0.195000	245.768997
0.195100	-301.058990
0.195200	-221.313995
0.195300	405.260986
0.195400	-141.567993
0.195500	63.492901
0.195600	120.454002
0.195700	-460.550995
0.195800	-483.335999
0.195900	131.845993
0.196000	-95.998802
0.196100	-175.744995
0.196200	86.277397
0.196300	86.277397
0.196400	382.476013
0.196500	-130.175995
0.196600	-620.043030
0.196700	-61.821999
0.196800	211.591995
0.196900	245.768997
0.197000	-84.606499
0.197100	-84.606499
0.197200	154.630997
0.197300	279.946014
0.197400	348.299011
0.197500	-152.960007
0.197600	-187.136993
0.197700	405.260986
0.197800	17.923800
0.197900	-107.390999
0.198000	530.575989
0.198100	40.708302
0.198200	86.277397
0.198300	17.923800
0.198400	131.845993
0.198500	-209.921005
0.198600	-187.136993
0.198700	-39.037498
0.198800	-61.821999
0.198900	-4.860700
0.199000	86.277397
0.199100	-39.037498
0.199200	-141.567993
0.199300	-73.214302
0.199400	6.531560
0.199500	154.630997
0.199600	17.923800
0.199700	222.985001
0.199800	-255.490005
0.199900	-471.942993
0.200000	-39.037498
0.200100	17.923800
0.200200	17.923800
0.200300	177.414993
0.200400	-289.666992
0.200500	-358.020996
0.200600	166.022995
0.200700	485.006012
0.200800	-232.705994
0.200900	-164.352005
0.201000	143.238998
0.201100	86.277397
0.201200	-50.429699
0.201300	131.845993
0.201400	40.708302
0.201500	-346.627991
0.201600	-95.998802
0.201700	-4.860700
0.201800	-221.313995
0.201900	40.708302
0.202000	97.669601
0.202100	109.061996
0.202200	-164.352005
0.202300	63.492901
0.202400	-278.274994
0.202500	-323.843994
0.202600	-118.782997
0.202700	-50.429699
0.202800	63.492901
0.202900	359.691986
0.203000	359.691986
0.203100	17.923800
0.203200	-620.043030
0.203300	-164.352005
0.203400	86.277397
0.203500	131.845993
0.203600	-61.821999
0.203700	-50.429699
0.203800	-118.782997
0.203900	-449.158997
0.204000	-187.136993
0.204100	200.199997
0.204200	-95.998802
0.204300	-164.352005
0.204400	52.100601
0.204500	-141.567993
0.204600	-141.567993
0.204700	382.476013
0.204800	-141.567993
0.204900	-620.043030
0.205000	52.100601
0.205100	564.752014
0.205200	222.985001
0.205300	-346.627991
0.205400	-4.860700
0.205500	-130.175995
0.205600	-369.412994
0.205700	63.492901
0.205800	587.536987
0.205900	-27.645201
0.206000	-369.412994
0.206100	245.768997
0.206200	63.492901
0.206300	-95.998802
0.206400	633.106018
0.206500	268.553986
0.206600	-323.843994
0.206700	-84.606499
0.206800	359.691986
0.206900	245.768997
0.207000	-380.804993
0.207100	-244.098007
0.207200	291.338013
0.207300	428.045013
0.207400	-118.782997
0.207500	-164.352005
0.207600	131.845993
0.207700	29.316099
0.207800	154.630997
0.207900	450.829987
0.208000	-164.352005
0.208100	-244.098007
0.208200	291.338013
0.208300	74.885101
0.208400	-403.589996
0.208500	74.885101
0.208600	154.630997
0.208700	86.277397
0.208800	-198.529007
0.208900	-620.043030
0.209000	-152.960007
0.209100	-39.037498
0.209200	17.923800
0.209300	-4.860700
0.209400	336.907013
0.209500	-95.998802
0.209600	-278.274994
0.209700	-323.843994
0.209800	-164.352005
0.209900	-152.960007
0.210000	40.708302
0.210100	439.437012
0.210200	-244.098007
0.210300	-323.843994
0.210400	268.553986
0.210500	-118.782997
0.210600	-392.197998
0.210700	-4.860700
0.210800	131.845993
0.210900	200.199997
0.211000	-141.567993
0.211100	-107.390999
0.211200	29.316099
0.211300	371.084015
0.211400	143.238998
0.211500	-266.882996
0.211600	-369.412994
0.211700	-84.606499
0.211800	52.100601
0.211900	97.669601
0.212000	541.968018
0.212100	302.730011
0.212200	-392.197998
0.212300	-346.627991
0.212400	-244.098007
0.212500	-73.214302
0.212600	109.061996
0.212700	177.414993
0.212800	-4.860700
0.212900	-244.098007
0.213000	-73.214302
0.213100	143.238998
0.213200	-198.529007
0.213300	-118.782997
0.213400	-73.214302
0.213500	-61.821999
0.213600	29.316099
0.213700	200.199997
0.213800	245.768997
0.213900	336.907013
0.214000	177.414993
0.214100	-392.197998
0.214200	-141.567993
0.214300	314.122986
0.214400	257.161011
0.214500	485.006012
0.214600	188.807999
0.214700	-232.705994
0.214800	257.161011
0.214900	-164.352005
0.215000	-118.782997
0.215100	564.752014
0.215200	6.531560
0.215300	-232.705994
0.215400	63.492901
0.215500	428.045013
0.215600	-50.429699
0.215700	-312.451996
0.215800	120.454002
0.215900	-73.214302
0.216000	120.454002
0.216100	234.376999
0.216200	-358.020996
0.216300	-323.843994
0.216400	143.238998
0.216500	-209.921005
0.216600	-221.313995
0.216700	450.829987
0.216800	200.199997
0.216900	-187.136993
0.217000	-198.529007
0.217100	-620.043030
0.217200	-369.412994
0.217300	-27.645201
0.217400	17.923800
0.217500	268.553986
0.217600	40.708302
0.217700	-414.981995
0.217800	40.708302
0.217900	393.868011
0.218000	-187.136993
0.218100	-711.181030
0.218200	-141.567993
0.218300	86.277397
0.218400	-278.274994
0.218500	-187.136993
0.218600	154.630997
0.218700	610.320984
0.218800	245.768997
0.218900	-620.043030
0.219000	-369.412994
0.219100	74.885101
0.219200	-27.645201
0.219300	-141.567993
0.219400	257.161011
0.219500	-141.567993
0.219600	-61.821999
0.219700	-27.645201
0.219800	-346.627991
0.219900	143.238998
0.220000	712.851990
0.220100	63.492901
0.220200	-722.572998
0.220300	-221.313995
0.220400	587.536987
0.220500	40.708302
0.220600	-620.043030
0.220700	-27.645201
0.220800	245.768997
0.220900	-152.960007
0.221000	-130.175995
0.221100	222.985001
0.221200	-164.352005
0.221300	-50.429699
0.221400	439.437012
0.221500	-164.352005
0.221600	-27.645201
0.221700	-244.098007
0.221800	-358.020996
0.221900	177.414993
0.222000	405.260986
0.222100	-323.843994
0.222200	-187.136993
0.222300	428.045013
0.222400	143.238998
0.222500	-620.043030
0.222600	-620.043030
0.222700	-164.352005
0.222800	-187.136993
0.222900	-187.136993
0.223000	-255.490005
0.223100	-164.352005
0.223200	166.022995
0.223300	-4.860700
0.223400	-50.429699
0.223500	-187.136993
0.223600	17.923800
0.223700	177.414993
0.223800	245.768997
0.223900	633.106018
0.224000	200.199997
0.224100	-620.043030
0.224200	166.022995
0.224300	131.845993
0.224400	-164.352005
0.224500	177.414993
0.224600	348.299011
0.224700	564.752014
0.224800	17.923800
0.224900	-107.390999
0.225000	667.283020
0.225100	200.199997
0.225200	-426.373993
0.225300	166.022995
0.225400	724.244019
0.225500	63.492901
0.225600	-301.058990
0.225700	-301.058990
0.225800	-61.821999
0.225900	166.022995
0.226000	564.752014
0.226100	177.414993
0.226200	-483.335999
0.226300	17.923800
0.226400	63.492901
0.226500	222.985001
0.226600	143.238998
0.226700	-369.412994
0.226800	-152.960007
0.226900	200.199997
0.227000	120.454002
0.227100	-403.589996
0.227200	-118.782997
0.227300	188.807999
0.227400	-392.197998
0.227500	-209.921005
0.227600	-130.175995
0.227700	-141.567993
0.227800	52.100601
0.227900	-141.567993
0.228000	-164.352005
0.228100	86.277397
0.228200	-73.214302
0.228300	-198.529007
0.228400	52.100601
0.228500	-61.821999
0.228600	-73.214302
0.228700	302.730011
0.228800	17.923800
0.228900	17.923800
0.229000	-95.998802
0.229100	17.923800
0.229200	-4.860700
0.229300	211.591995
0.229400	-50.429699
0.229500	-620.043030
0.229600	-50.429699
0.229700	-187.136993
0.229800	-255.490005
0.229900	200.199997
0.230000	-16.253000
0.230100	188.807999
0.230200	131.845993
0.230300	-16.253000
0.230400	-323.843994
0.230500	-27.645201
0.230600	-4.860700
0.230700	268.553986
0.230800	382.476013
0.230900	-141.567993
0.231000	-346.627991
0.231100	131.845993
0.231200	-164.352005
0.231300	-187.136993
0.231400	428.045013
0.231500	40.708302
0.231600	-278.274994
0.231700	-95.998802
0.231800	234.376999
0.231900	63.492901
0.232000	-414.981995
0.232100	6.531560
0.232200	644.497986
0.232300	-141.567993
0.232400	-380.804993
0.232500	314.122986
0.232600	496.398987
0.232700	-289.666992
0.232800	-346.627991
0.232900	63.492901
0.233000	-73.214302
0.233100	-449.158997
0.233200	-130.175995
0.233300	564.752014
0.233400	166.022995
0.233500	-426.373993
0.233600	-141.567993
0.233700	-449.158997
0.233800	-346.627991
0.233900	177.414993
0.234000	17.923800
0.234100	-232.705994
0.234200	-27.645201
0.234300	257.161011
0.234400	-198.529007
0.234500	-187.136993
0.234600	279.946014
0.234700	-187.136993
0.234800	-312.451996
0.234900	-16.253000
0.235000	6.531560
0.235100	-27.645201
0.235200	177.414993
0.235300	154.630997
0.235400	428.045013
0.235500	17.923800
0.235600	-460.550995
0.235700	17.923800
0.235800	439.437012
0.235900	-39.037498
0.236000	-27.645201
0.236100	40.708302
0.236200	63.492901
0.236300	17.923800
0.236400	234.376999
0.236500	177.414993
0.236600	-244.098007
0.236700	245.768997
0.236800	382.476013
0.236900	-323.843994
0.237000	-403.589996
0.237100	154.630997
0.237200	17.923800
0.237300	143.238998
0.237400	-198.529007
0.237500	-301.058990
0.237600	200.199997
0.237700	222.985001
0.237800	40.708302
0.237900	-164.352005
0.238000	-346.627991
0.238100	-141.567993
0.238200	382.476013
0.238300	109.061996
0.238400	-232.705994
0.238500	-164.352005
0.238600	-4.860700
0.238700	177.414993
0.238800	598.929016
0.238900	200.199997
0.239000	-620.043030
0.239100	-187.136993
0.239200	268.553986
0.239300	222.985001
0.239400	52.100601
0.239500	177.414993
0.239600	450.829987
0.239700	154.630997
0.239800	154.630997
0.239900	-95.998802
0.240000	-620.043030
0.240100	-198.529007
0.240200	336.907013
0.240300	-16.253000
0.240400	17.923800
0.240500	143.238998
0.240600	177.414993
0.240700	109.061996
0.240800	-346.627991
0.240900	-437.766998
0.241000	393.868011
0.241100	211.591995
0.241200	-642.827026
0.241300	-175.744995
0.241400	576.145020
0.241500	200.199997
0.241600	-631.434998
0.241700	-221.313995
0.241800	131.845993
0.241900	131.845993
0.242000	268.553986
0.242100	245.768997
0.242200	-323.843994
0.242300	-130.175995
0.242400	-152.960007
0.242500	-61.821999
0.242600	564.752014
0.242700	120.454002
0.242800	-677.004028
0.242900	-346.627991
0.243000	245.768997
0.243100	564.752014
0.243200	245.768997
0.243300	-244.098007
0.243400	-620.043030
0.243500	-232.705994
0.243600	40.708302
0.243700	-95.998802
0.243800	-164.352005
0.243900	-95.998802
0.244000	52.100601
0.244100	348.299011
0.244200	-232.705994
0.244300	-50.429699
0.244400	-187.136993
0.244500	-323.843994
0.244600	-4.860700
0.244700	17.923800
0.244800	-27.645201
0.244900	29.316099
0.245000	200.199997
0.245100	348.299011
0.245200	-118.782997
0.245300	-141.567993
0.245400	382.476013
0.245500	564.752014
0.245600	-278.274994
0.245700	-392.197998
0.245800	166.022995
0.245900	222.985001
0.246000	63.492901
0.246100	63.492901
0.246200	200.199997
0.246300	405.260986
0.246400	63.492901
0.246500	245.768997
0.246600	336.907013
0.246700	-244.098007
0.246800	154.630997
0.246900	-187.136993
0.247000	-369.412994
0.247100	-39.037498
0.247200	63.492901
0.247300	-50.429699
0.247400	222.985001
0.247500	63.492901
0.247600	-95.998802
0.247700	-118.782997
0.247800	-118.782997
0.247900	177.414993
0.248000	530.575989
0.248100	-164.352005
0.248200	-620.043030
0.248300	-27.645201
0.248400	200.199997
0.248500	6.531560
0.248600	245.768997
0.248700	-301.058990
0.248800	-95.998802
0.248900	348.299011
0.249000	120.454002
0.249100	-335.235992
0.249200	-266.882996
0.249300	40.708302
0.249400	336.907013
0.249500	143.238998
0.249600	63.492901
0.249700	302.730011
0.249800	-403.589996
0.249900	-620.043030
0.250000	17.923800
0.250100	17.923800
0.250200	-95.998802
0.250300	-164.352005
0.250400	29.316099
0.250500	393.868011
0.250600	-301.058990
0.250700	-471.942993
0.250800	154.630997
0.250900	-118.782997
0.251000	-221.313995
0.251100	63.492901
0.251200	428.045013
0.251300	405.260986
0.251400	-73.214302
0.251500	-620.043030
0.251600	-232.705994
0.251700	177.414993
0.251800	29.316099
0.251900	-50.429699
0.252000	382.476013
0.252100	-164.352005
0.252200	-620.043030
0.252300	-141.567993
0.252400	131.845993
0.252500	-16.253000
0.252600	-4.860700
0.252700	40.708302
0.252800	428.045013
0.252900	63.492901
0.253000	-620.043030
0.253100	-141.567993
0.253200	564.752014
0.253300	143.238998
0.253400	-346.627991
0.253500	-175.744995
0.253600	-244.098007
0.253700	188.807999
0.253800	188.807999
0.253900	-620.043030
0.254000	-244.098007
0.254100	314.122986
0.254200	-16.253000
0.254300	222.985001
0.254400	-73.214302
0.254500	-620.043030
0.254600	-4.860700
0.254700	-4.860700
0.254800	-141.567993
0.254900	-152.960007
0.255000	-4.860700
0.255100	109.061996
0.255200	245.768997
0.255300	-187.136993
0.255400	-620.043030
0.255500	131.845993
0.255600	382.476013
0.255700	-61.821999
0.255800	-187.136993
0.255900	17.923800
0.256000	-483.335999
0.256100	-494.727997
0.256200	-4.860700
0.256300	188.807999
0.256400	-27.645201
0.256500	-50.429699
0.256600	-209.921005
0.256700	-107.390999
0.256800	450.829987
0.256900	-141.567993
0.257000	-164.352005
0.257100	63.492901
0.257200	40.708302
0.257300	416.653015
0.257400	541.968018
0.257500	97.669601
0.257600	-95.998802
0.257700	-4.860700
0.257800	40.708302
0.257900	-118.782997
0.258000	177.414993
0.258100	485.006012
0.258200	-50.429699
0.258300	-95.998802
0.258400	6.531560
0.258500	-187.136993
0.258600	63.492901
0.258700	-73.214302
0.258800	-4.860700
0.258900	564.752014
0.259000	63.492901
0.259100	-449.158997
0.259200	-107.390999
0.259300	234.376999
0.259400	416.653015
0.259500	-346.627991
0.259600	-323.843994
0.259700	519.182983
0.259800	268.553986
0.259900	-620.043030
0.260000	-620.043030
0.260100	40.708302
0.260200	-61.821999
0.260300	-4.860700
0.260400	257.161011
0.260500	-175.744995
0.260600	-61.821999
0.260700	405.260986
0.260800	-221.313995
0.260900	-198.529007
0.261000	428.045013
0.261100	-232.705994
0.261200	-278.274994
0.261300	314.122986
0.261400	348.299011
0.261500	-84.606499
0.261600	-175.744995
0.261700	6.531560
0.261800	325.515015
0.261900	519.182983
0.262000	-164.352005
0.262100	-50.429699
0.262200	-152.960007
0.262300	-244.098007
0.262400	-118.782997
0.262500	52.100601
0.262600	336.907013
0.262700	-358.020996
0.262800	-346.627991
0.262900	359.691986
0.263000	541.968018
0.263100	-16.253000
0.263200	-369.412994
0.263300	17.923800
0.263400	-278.274994
0.263500	-392.197998
0.263600	40.708302
0.263700	268.553986
0.263800	279.946014
0.263900	234.376999
0.264000	-4.860700
0.264100	-346.627991
0.264200	-380.804993
0.264300	382.476013
0.264400	359.691986
0.264500	-221.313995
0.264600	-369.412994
0.264700	-27.645201
0.264800	-403.589996
0.264900	-289.666992
0.265000	29.316099
0.265100	177.414993
0.265200	-4.860700
0.265300	-392.197998
0.265400	-50.429699
0.265500	-118.782997
0.265600	-4.860700
0.265700	678.674988
0.265800	382.476013
0.265900	-426.373993
0.266000	-323.843994
0.266100	143.238998
0.266200	268.553986
0.266300	154.630997
0.266400	462.221985
0.266500	63.492901
0.266600	166.022995
0.266700	462.221985
0.266800	120.454002
0.266900	-278.274994
0.267000	-244.098007
0.267100	-4.860700
0.267200	359.691986
0.267300	336.907013
0.267400	29.316099
0.267500	-84.606499
0.267600	-175.744995
0.267700	336.907013
0.267800	359.691986
0.267900	-414.981995
0.268000	-107.390999
0.268100	166.022995
0.268200	-346.627991
0.268300	-278.274994
0.268400	177.414993
0.268500	211.591995
0.268600	-50.429699
0.268700	-244.098007
0.268800	-244.098007
0.268900	359.691986
0.269000	-4.860700
0.269100	-665.612000
0.269200	-289.666992
0.269300	188.807999
0.269400	52.100601
0.269500	257.161011
0.269600	63.492901
0.269700	-50.429699
0.269800	-50.429699
0.269900	-460.550995
0.270000	-369.412994
0.270100	63.492901
0.270200	257.161011
0.270300	-152.960007
0.270400	-39.037498
0.270500	177.414993
0.270600	-209.921005
0.270700	-278.274994
0.270800	-39.037498
0.270900	154.630997
0.271000	131.845993
0.271100	-369.412994
0.271200	-312.451996
0.271300	257.161011
0.271400	-84.606499
0.271500	-232.705994
0.271600	86.277397
0.271700	52.100601
0.271800	6.531560
0.271900	245.768997
0.272000	166.022995
0.272100	29.316099
0.272200	-369.412994
0.272300	-27.645201
0.272400	-61.821999
0.272500	-27.645201
0.272600	200.199997
0.272700	-620.043030
0.272800	-483.335999
0.272900	291.338013
0.273000	382.476013
0.273100	-141.567993
0.273200	-642.827026
0.273300	-266.882996
0.273400	154.630997
0.273500	-152.960007
0.273600	-118.782997
0.273700	-164.352005
0.273800	-187.136993
0.273900	-130.175995
0.274000	17.923800
0.274100	-50.429699
0.274200	-164.352005
0.274300	166.022995
0.274400	450.829987
0.274500	-323.843994
0.274600	-232.705994
0.274700	-221.313995
0.274800	-209.921005
0.274900	291.338013
0.275000	120.454002
0.275100	-244.098007
0.275200	245.768997
0.275300	314.122986
0.275400	-289.666992
0.275500	-209.921005
0.275600	86.277397
0.275700	131.845993
0.275800	336.907013
0.275900	74.885101
0.276000	-278.274994
0.276100	-164.352005
0.276200	17.923800
0.276300	-50.429699
0.276400	-107.390999
0.276500	-61.821999
0.276600	131.845993
0.276700	496.398987
0.276800	131.845993
0.276900	-620.043030
0.277000	-677.004028
0.277100	-175.744995
0.277200	222.985001
0.277300	279.946014
0.277400	-244.098007
0.277500	-369.412994
0.277600	-187.136993
0.277700	-4.860700
0.277800	245.768997
0.277900	-164.352005
0.278000	-164.352005
0.278100	6.531560
0.278200	154.630997
0.278300	63.492901
0.278400	74.885101
0.278500	-4.860700
0.278600	-392.197998
0.278700	-187.136993
0.278800	291.338013
0.278900	439.437012
0.279000	154.630997
0.279100	-221.313995
0.279200	-118.782997
0.279300	359.691986
0.279400	17.923800
0.279500	-39.037498
0.279600	325.515015
0.279700	-50.429699
0.279800	-130.175995
0.279900	234.376999
0.280000	450.829987
0.280100	120.454002
0.280200	-426.373993
0.280300	-175.744995
0.280400	131.845993
0.280500	74.885101
0.280600	-16.253000
0.280700	6.531560
0.280800	86.277397
0.280900	371.084015
0.281000	154.630997
0.281100	74.885101
0.281200	-232.705994
0.281300	120.454002
0.281400	-61.821999
0.281500	-95.998802
0.281600	-50.429699
0.281700	6.531560
0.281800	-312.451996
0.281900	-323.843994
0.282000	120.454002
0.282100	382.476013
0.282200	-460.550995
0.282300	-369.412994
0.282400	485.006012
0.282500	382.476013
0.282600	-187.136993
0.282700	-665.612000
0.282800	-198.529007
0.282900	428.045013
0.283000	-323.843994
0.283100	-620.043030
0.283200	63.492901
0.283300	245.768997
0.283400	-164.352005
0.283500	154.630997
0.283600	-130.175995
0.283700	74.885101
0.283800	143.238998
0.283900	-437.766998
0.284000	-392.197998
0.284100	200.199997
0.284200	496.398987
0.284300	234.376999
0.284400	-4.860700
0.284500	-95.998802
0.284600	-301.058990
0.284700	40.708302
0.284800	348.299011
0.284900	359.691986
0.285000	177.414993
0.285100	-392.197998
0.285200	-437.766998
0.285300	-27.645201
0.285400	268.553986
0.285500	177.414993
0.285600	-301.058990
0.285700	-118.782997
0.285800	325.515015
0.285900	154.630997
0.286000	-380.804993
0.286100	-118.782997
0.286200	541.968018
0.286300	314.122986
0.286400	-620.043030
0.286500	-278.274994
0.286600	325.515015
0.286700	-39.037498
0.286800	40.708302
0.286900	-50.429699
0.287000	-380.804993
0.287100	-4.860700
0.287200	154.630997
0.287300	-312.451996
0.287400	-50.429699
0.287500	-95.998802
0.287600	-244.098007
0.287700	52.100601
0.287800	177.414993
0.287900	-39.037498
0.288000	166.022995
0.288100	-323.843994
0.288200	-278.274994
0.288300	166.022995
0.288400	200.199997
0.288500	177.414993
0.288600	-323.843994
0.288700	-141.567993
0.288800	200.199997
0.288900	-244.098007
0.289000	-301.058990
0.289100	-95.998802
0.289200	29.316099
0.289300	-39.037498
0.289400	-16.253000
0.289500	17.923800
0.289600	154.630997
0.289700	6.531560
0.289800	-130.175995
0.289900	405.260986
0.290000	211.591995
0.290100	-620.043030
0.290200	-164.352005
0.290300	268.553986
0.290400	-39.037498
0.290500	-187.136993
0.290600	-198.529007
0.290700	-141.567993
0.290800	154.630997
0.290900	-39.037498
0.291000	-16.253000
0.291100	40.708302
0.291200	40.708302
0.291300	-335.235992
0.291400	143.238998
0.291500	154.630997
0.291600	234.376999
0.291700	-16.253000
0.291800	-50.429699
0.291900	519.182983
0.292000	29.316099
0.292100	6.531560
0.292200	359.691986
0.292300	52.100601
0.292400	52.100601
0.292500	-84.606499
0.292600	222.985001
0.292700	-118.782997
0.292800	-198.529007
0.292900	245.768997
0.293000	177.414993
0.293100	314.122986
0.293200	234.376999
0.293300	-620.043030
0.293400	-198.529007
0.293500	416.653015
0.293600	610.320984
0.293700	-61.821999
0.293800	-39.037498
0.293900	29.316099
0.294000	-323.843994
0.294100	-232.705994
0.294200	40.708302
0.294300	40.708302
0.294400	17.923800
0.294500	336.907013
0.294600	-232.705994
0.294700	-620.043030
0.294800	17.923800
0.294900	405.260986
0.295000	131.845993
0.295100	-50.429699
0.295200	-449.158997
0.295300	-209.921005
0.295400	553.359985
0.295500	245.768997
0.295600	-209.921005
0.295700	-323.843994
0.295800	-164.352005
0.295900	-301.058990
0.296000	-380.804993
0.296100	-95.998802
0.296200	336.907013
0.296300	109.061996
0.296400	-301.058990
0.296500	-50.429699
0.296600	52.100601
0.296700	-392.197998
0.296800	-164.352005
0.296900	359.691986
0.297000	-50.429699
0.297100	-95.998802
0.297200	143.238998
0.297300	177.414993
0.297400	-164.352005
0.297500	-642.827026
0.297600	-278.274994
0.297700	234.376999
0.297800	-107.390999
0.297900	-209.921005
0.298000	325.515015
0.298100	131.845993
0.298200	-437.766998
0.298300	-403.589996
0.298400	40.708302
0.298500	325.515015
0.298600	-107.390999
0.298700	-289.666992
0.298800	348.299011
0.298900	63.492901
0.299000	-426.373993
0.299100	86.277397
0.299200	-50.429699
0.299300	-4.860700
0.299400	-152.960007
0.299500	-141.567993
0.299600	302.730011
0.299700	200.199997
0.299800	-358.020996
0.299900	-118.782997
