-0.050000	57.375198
-0.049900	115.624001
-0.049800	-20.290001
-0.049700	57.375198
-0.049600	115.624001
-0.049500	76.791496
-0.049400	37.958900
-0.049300	57.375198
-0.049200	86.499702
-0.049100	57.375198
-0.049000	-20.290001
-0.048900	18.542601
-0.048800	-20.290001
-0.048700	-0.873734
-0.048600	18.542601
-0.048500	-0.873734
-0.048400	37.958900
-0.048300	37.958900
-0.048200	57.375198
-0.048100	115.624001
-0.048000	76.791496
-0.047900	-59.122700
-0.047800	-97.955299
-0.047700	37.958900
-0.047600	18.542601
-0.047500	-20.290001
-0.047400	37.958900
-0.047300	18.542601
-0.047200	37.958900
-0.047100	96.207802
-0.047000	164.164993
-0.046900	96.207802
-0.046800	-20.290001
-0.046700	57.375198
-0.046600	18.542601
-0.046500	57.375198
-0.046400	57.375198
-0.046300	115.624001
-0.046200	-0.873734
-0.046100	-59.122700
-0.046000	-20.290001
-0.045900	-136.787994
-0.045800	-136.787994
-0.045700	-39.706299
-0.045600	-20.290001
-0.045500	37.958900
-0.045400	37.958900
-0.045300	135.039993
-0.045200	135.039993
-0.045100	57.375198
-0.045000	57.375198
-0.044900	-20.290001
-0.044800	-20.290001
-0.044700	-20.290001
-0.044600	-29.998199
-0.044500	-20.290001
-0.044400	-97.955299
-0.044300	-136.787994
-0.044200	86.499702
-0.044100	115.624001
-0.044000	-20.290001
-0.043900	-20.290001
-0.043800	37.958900
-0.043700	57.375198
-0.043600	-0.873734
-0.043500	18.542601
-0.043400	28.250700
-0.043300	-59.122700
-0.043200	-10.581900
-0.043100	-39.706299
-0.043000	-97.955299
-0.042900	-20.290001
-0.042800	57.375198
-0.042700	57.375198
-0.042600	-39.706299
-0.042500	18.542601
-0.042400	47.667000
-0.042300	57.375198
-0.042200	57.375198
-0.042100	37.958900
-0.042000	18.542601
-0.041900	8.834420
-0.041800	-20.290001
-0.041700	18.542601
-0.041600	18.542601
-0.041500	-20.290001
-0.041400	-59.122700
-0.041300	18.542601
-0.041200	-59.122700
-0.041100	57.375198
-0.041000	57.375198
-0.040900	-29.998199
-0.040800	-20.290001
-0.040700	37.958900
-0.040600	-20.290001
-0.040500	-117.372002
-0.040400	-97.955299
-0.040300	-20.290001
-0.040200	18.542601
-0.040100	18.542601
-0.040000	18.542601
-0.039900	18.542601
-0.039800	135.039993
-0.039700	96.207802
-0.039600	18.542601
-0.039500	18.542601
-0.039400	-20.290001
-0.039300	57.375198
-0.039200	57.375198
-0.039100	-59.122700
-0.039000	-59.122700
-0.038900	8.834420
-0.038800	37.958900
-0.038700	-20.290001
-0.038600	-97.955299
-0.038500	-97.955299
-0.038400	-20.290001
-0.038300	-20.290001
-0.038200	-39.706299
-0.038100	-20.290001
-0.038000	-29.998199
-0.037900	-117.372002
-0.037800	-20.290001
-0.037700	18.542601
-0.037600	-97.955299
-0.037500	-59.122700
-0.037400	-20.290001
-0.037300	-20.290001
-0.037200	18.542601
-0.037100	-59.122700
-0.037000	-29.998199
-0.036900	-59.122700
-0.036800	-156.203995
-0.036700	-59.122700
-0.036600	18.542601
-0.036500	-20.290001
-0.036400	-20.290001
-0.036300	18.542601
-0.036200	86.499702
-0.036100	-0.873734
-0.036000	18.542601
-0.035900	-0.873734
-0.035800	57.375198
-0.035700	164.164993
-0.035600	135.039993
-0.035500	57.375198
-0.035400	57.375198
-0.035300	28.250700
-0.035200	57.375198
-0.035100	37.958900
-0.035000	57.375198
-0.034900	37.958900
-0.034800	37.958900
-0.034700	125.332001
-0.034600	135.039993
-0.034500	57.375198
-0.034400	-0.873734
-0.034300	-97.955299
-0.034200	-39.706299
-0.034100	57.375198
-0.034000	-0.873734
-0.033900	-97.955299
-0.033800	-136.787994
-0.033700	18.542601
-0.033600	173.873001
-0.033500	18.542601
-0.033400	-20.290001
-0.033300	-20.290001
-0.033200	-20.290001
-0.033100	-20.290001
-0.033000	-20.290001
-0.032900	-59.122700
-0.032800	18.542601
-0.032700	135.039993
-0.032600	135.039993
-0.032500	96.207802
-0.032400	-20.290001
-0.032300	-97.955299
-0.032200	-136.787994
-0.032100	-78.539001
-0.032000	-0.873734
-0.031900	-20.290001
-0.031800	-20.290001
-0.031700	18.542601
-0.031600	18.542601
-0.031500	57.375198
-0.031400	47.667000
-0.031300	-20.290001
-0.031200	-39.706299
-0.031100	18.542601
-0.031000	57.375198
-0.030900	18.542601
-0.030800	18.542601
-0.030700	18.542601
-0.030600	-39.706299
-0.030500	-29.998199
-0.030400	18.542601
-0.030300	-39.706299
-0.030200	-29.998199
-0.030100	-20.290001
-0.030000	-39.706299
-0.029900	-20.290001
-0.029800	76.791496
-0.029700	-29.998199
-0.029600	-59.122700
-0.029500	18.542601
-0.029400	57.375198
-0.029300	57.375198
-0.029200	57.375198
-0.029100	18.542601
-0.029000	-29.998199
-0.028900	-59.122700
-0.028800	-0.873734
-0.028700	96.207802
-0.028600	57.375198
-0.028500	18.542601
-0.028400	18.542601
-0.028300	18.542601
-0.028200	57.375198
-0.028100	115.624001
-0.028000	57.375198
-0.027900	-20.290001
-0.027800	-20.290001
-0.027700	37.958900
-0.027600	-59.122700
-0.027500	-39.706299
-0.027400	-20.290001
-0.027300	37.958900
-0.027200	18.542601
-0.027100	-20.290001
-0.027000	18.542601
-0.026900	-59.122700
-0.026800	-20.290001
-0.026700	-20.290001
-0.026600	-59.122700
-0.026500	18.542601
-0.026400	-0.873734
-0.026300	18.542601
-0.026200	-20.290001
-0.026100	-59.122700
-0.026000	-39.706299
-0.025900	-0.873734
-0.025800	-20.290001
-0.025700	-175.621002
-0.025600	-136.787994
-0.025500	96.207802
-0.025400	57.375198
-0.025300	57.375198
-0.025200	-20.290001
-0.025100	18.542601
-0.025000	57.375198
-0.024900	96.207802
-0.024800	135.039993
-0.024700	37.958900
-0.024600	18.542601
-0.024500	135.039993
-0.024400	86.499702
-0.024300	-20.290001
-0.024200	-20.290001
-0.024100	57.375198
-0.024000	18.542601
-0.023900	-20.290001
-0.023800	-20.290001
-0.023700	-20.290001
-0.023600	-59.122700
-0.023500	-117.372002
-0.023400	-136.787994
-0.023300	-97.955299
-0.023200	-20.290001
-0.023100	-20.290001
-0.023000	8.834420
-0.022900	18.542601
-0.022800	-59.122700
-0.022700	18.542601
-0.022600	-20.290001
-0.022500	-20.290001
-0.022400	18.542601
-0.022300	-59.122700
-0.022200	-20.290001
-0.022100	18.542601
-0.022000	-20.290001
-0.021900	-59.122700
-0.021800	37.958900
-0.021700	57.375198
-0.021600	96.207802
-0.021500	105.916000
-0.021400	37.958900
-0.021300	-20.290001
-0.021200	-0.873734
-0.021100	-20.290001
-0.021000	-0.873734
-0.020900	18.542601
-0.020800	-59.122700
-0.020700	37.958900
-0.020600	18.542601
-0.020500	-97.955299
-0.020400	-20.290001
-0.020300	-10.581900
-0.020200	-107.663002
-0.020100	-117.372002
-0.020000	28.250700
-0.019900	76.791496
-0.019800	57.375198
-0.019700	18.542601
-0.019600	86.499702
-0.019500	-20.290001
-0.019400	-20.290001
-0.019300	96.207802
-0.019200	37.958900
-0.019100	-39.706299
-0.019000	18.542601
-0.018900	-0.873734
-0.018800	-0.873734
-0.018700	-97.955299
-0.018600	-20.290001
-0.018500	57.375198
-0.018400	18.542601
-0.018300	-59.122700
-0.018200	-20.290001
-0.018100	18.542601
-0.018000	8.834420
-0.017900	18.542601
-0.017800	-0.873734
-0.017700	-195.037003
-0.017600	-117.372002
-0.017500	-20.290001
-0.017400	-39.706299
-0.017300	-20.290001
-0.017200	18.542601
-0.017100	-20.290001
-0.017000	18.542601
-0.016900	18.542601
-0.016800	96.207802
-0.016700	-39.706299
-0.016600	-97.955299
-0.016500	-0.873734
-0.016400	-59.122700
-0.016300	-59.122700
-0.016200	-59.122700
-0.016100	-59.122700
-0.016000	57.375198
-0.015900	37.958900
-0.015800	-59.122700
-0.015700	18.542601
-0.015600	-39.706299
-0.015500	-97.955299
-0.015400	-97.955299
-0.015300	-29.998199
-0.015200	57.375198
-0.015100	135.039993
-0.015000	57.375198
-0.014900	37.958900
-0.014800	125.332001
-0.014700	135.039993
-0.014600	57.375198
-0.014500	115.624001
-0.014400	18.542601
-0.014300	-39.706299
-0.014200	-20.290001
-0.014100	-20.290001
-0.014000	-39.706299
-0.013900	-136.787994
-0.013800	-59.122700
-0.013700	57.375198
-0.013600	37.958900
-0.013500	57.375198
-0.013400	57.375198
-0.013300	-20.290001
-0.013200	57.375198
-0.013100	-0.873734
-0.013000	18.542601
-0.012900	57.375198
-0.012800	-59.122700
-0.012700	-97.955299
-0.012600	-97.955299
-0.012500	-20.290001
-0.012400	37.958900
-0.012300	18.542601
-0.012200	-20.290001
-0.012100	-97.955299
-0.012000	-59.122700
-0.011900	-0.873734
-0.011800	-0.873734
-0.011700	115.624001
-0.011600	115.624001
-0.011500	57.375198
-0.011400	57.375198
-0.011300	18.542601
-0.011200	18.542601
-0.011100	-20.290001
-0.011000	57.375198
-0.010900	18.542601
-0.010800	-39.706299
-0.010700	-20.290001
-0.010600	-0.873734
-0.010500	-20.290001
-0.010400	-20.290001
-0.010300	-59.122700
-0.010200	-68.830803
-0.010100	-175.621002
-0.010000	-136.787994
-0.009900	-117.372002
-0.009800	-97.955299
-0.009700	-20.290001
-0.009600	37.958900
-0.009500	47.667000
-0.009400	18.542601
-0.009300	-20.290001
-0.009200	18.542601
-0.009100	37.958900
-0.009000	76.791496
-0.008900	96.207802
-0.008800	57.375198
-0.008700	76.791496
-0.008600	115.624001
-0.008500	-29.998199
-0.008400	18.542601
-0.008300	154.457001
-0.008200	135.039993
-0.008100	18.542601
-0.008000	-29.998199
-0.007900	-20.290001
-0.007800	57.375198
-0.007700	18.542601
-0.007600	-20.290001
-0.007500	96.207802
-0.007400	57.375198
-0.007300	-20.290001
-0.007200	57.375198
-0.007100	96.207802
-0.007000	57.375198
-0.006900	37.958900
-0.006800	18.542601
-0.006700	18.542601
-0.006600	18.542601
-0.006500	96.207802
-0.006400	37.958900
-0.006300	96.207802
-0.006200	135.039993
-0.006100	-20.290001
-0.006000	-20.290001
-0.005900	154.457001
-0.005800	18.542601
-0.005700	-20.290001
-0.005600	115.624001
-0.005500	96.207802
-0.005400	96.207802
-0.005300	96.207802
-0.005200	18.542601
-0.005100	-20.290001
-0.005000	-97.955299
-0.004900	-20.290001
-0.004800	-59.122700
-0.004700	47.667000
-0.004600	-20.290001
-0.004500	18.542601
-0.004400	-20.290001
-0.004300	-59.122700
-0.004200	-20.290001
-0.004100	-0.873734
-0.004000	-39.706299
-0.003900	-29.998199
-0.003800	-59.122700
-0.003700	-39.706299
-0.003600	-59.122700
-0.003500	18.542601
-0.003400	57.375198
-0.003300	57.375198
-0.003200	135.039993
-0.003100	173.873001
-0.003000	37.958900
-0.002900	-20.290001
-0.002800	115.624001
-0.002700	115.624001
-0.002600	57.375198
-0.002500	18.542601
-0.002400	57.375198
-0.002300	8.834420
-0.002200	57.375198
-0.002100	57.375198
-0.002000	-97.955299
-0.001900	-117.372002
-0.001800	-97.955299
-0.001700	-97.955299
-0.001600	18.542601
-0.001500	18.542601
-0.001400	-20.290001
-0.001300	57.375198
-0.001200	18.542601
-0.001100	76.791496
-0.001000	-20.290001
-0.000900	-29.998199
-0.000800	-39.706299
-0.000700	-39.706299
-0.000600	-175.621002
-0.000500	-156.203995
-0.000400	-20.290001
-0.000300	-20.290001
-0.000200	-20.290001
-0.000100	-20.290001
0.000000	-20.290001
0.000100	18.542601
0.000200	-0.873734
0.000300	18.542601
0.000400	-20.290001
0.000500	-20.290001
0.000600	18.542601
0.000700	37.958900
0.000800	-20.290001
0.000900	-78.539001
0.001000	-20.290001
0.001100	-39.706299
0.001200	-39.706299
0.001300	37.958900
0.001400	-20.290001
0.001500	57.375198
0.001600	57.375198
0.001700	37.958900
0.001800	-97.955299
0.001900	-175.621002
0.002000	18.542601
0.002100	18.542601
0.002200	18.542601
0.002300	173.873001
0.002400	251.537994
0.002500	-20.290001
0.002600	-292.118011
0.002700	-39.706299
0.002800	135.039993
0.002900	-39.706299
0.003000	-195.037003
0.003100	-195.037003
0.003200	57.375198
0.003300	251.537994
0.003400	18.542601
0.003500	-117.372002
0.003600	28.250700
0.003700	-20.290001
0.003800	-117.372002
0.003900	-136.787994
0.004000	37.958900
0.004100	-20.290001
0.004200	-117.372002
0.004300	-20.290001
0.004400	125.332001
0.004500	-20.290001
0.004600	-39.706299
0.004700	-0.873734
0.004800	-49.414501
0.004900	-20.290001
0.005000	-136.787994
0.005100	-59.122700
0.005200	96.207802
0.005300	28.250700
0.005400	-20.290001
0.005500	18.542601
0.005600	57.375198
0.005700	96.207802
0.005800	-39.706299
0.005900	-175.621002
0.006000	-39.706299
0.006100	-20.290001
0.006200	-78.539001
0.006300	-156.203995
0.006400	-59.122700
0.006500	-59.122700
0.006600	-97.955299
0.006700	-146.496002
0.006800	-136.787994
0.006900	-214.453003
0.007000	-195.037003
0.007100	-59.122700
0.007200	96.207802
0.007300	173.873001
0.007400	115.624001
0.007500	8.834420
0.007600	18.542601
0.007700	18.542601
0.007800	-59.122700
0.007900	-39.706299
0.008000	-59.122700
0.008100	-127.080002
0.008200	18.542601
0.008300	115.624001
0.008400	18.542601
0.008500	232.121994
0.008600	173.873001
0.008700	-49.414501
0.008800	-175.621002
0.008900	135.039993
0.009000	173.873001
0.009100	135.039993
0.009200	96.207802
0.009300	232.121994
0.009400	251.537994
0.009500	193.289001
0.009600	135.039993
0.009700	154.457001
0.009800	135.039993
0.009900	96.207802
0.010000	115.624001
0.010100	135.039993
0.010200	173.873001
0.010300	57.375198
0.010400	-156.203995
0.010500	-117.372002
0.010600	96.207802
0.010700	57.375198
0.010800	-0.873734
0.010900	-49.414501
0.011000	-20.290001
0.011100	135.039993
0.011200	135.039993
0.011300	57.375198
0.011400	-29.998199
0.011500	18.542601
0.011600	18.542601
0.011700	96.207802
0.011800	105.916000
0.011900	96.207802
0.012000	57.375198
0.012100	-59.122700
0.012200	-39.706299
0.012300	18.542601
0.012400	28.250700
0.012500	-59.122700
0.012600	115.624001
0.012700	135.039993
0.012800	-20.290001
0.012900	-117.372002
0.013000	57.375198
0.013100	47.667000
0.013200	-253.285995
0.013300	-233.869003
0.013400	-195.037003
0.013500	-136.787994
0.013600	-107.663002
0.013700	-195.037003
0.013800	-330.950989
0.013900	-272.701996
0.014000	-20.290001
0.014100	173.873001
0.014200	290.371002
0.014300	290.371002
0.014400	445.700989
0.014500	989.357971
0.014600	950.525024
0.014700	950.525024
0.014800	1358.270020
0.014900	1435.930054
0.015000	1377.680054
0.015100	1484.469971
0.015200	1804.839966
0.015300	1727.180054
0.015400	1377.680054
0.015500	1377.680054
0.015600	989.357971
0.015700	639.864014
0.015800	173.873001
0.015900	-253.285995
0.016000	-661.028015
0.016100	-1185.270020
0.016200	-1495.930054
0.016300	-1495.930054
0.016400	-1573.589966
0.016500	-1612.430054
0.016600	-1806.589966
0.016700	-1806.589966
0.016800	-1515.349976
0.016900	-1185.270020
0.017000	-894.023987
0.017100	-680.445007
0.017200	-486.281006
0.017300	-476.572998
0.017400	-515.406006
0.017500	-369.783997
0.017600	-175.621002
0.017700	-117.372002
0.017800	-175.621002
0.017900	-59.122700
0.018000	135.039993
0.018100	173.873001
0.018200	212.705994
0.018300	290.371002
0.018400	406.868988
0.018500	251.537994
0.018600	37.958900
0.018700	115.624001
0.018800	96.207802
0.018900	135.039993
0.019000	135.039993
0.019100	115.624001
0.019200	173.873001
0.019300	348.619995
0.019400	270.954987
0.019500	-59.122700
0.019600	-350.367004
0.019700	-641.612000
0.019800	-641.612000
0.019900	-602.778992
0.020000	-835.775024
0.020100	-1146.439941
0.020200	-1204.680054
0.020300	-1107.599976
0.020400	-1224.099976
0.020500	-1185.270020
0.020600	-1049.349976
0.020700	-796.942017
0.020800	-330.950989
0.020900	-78.539001
0.021000	-117.372002
0.021100	-20.290001
0.021200	-175.621002
0.021300	-447.449005
0.021400	-447.449005
0.021500	-272.701996
0.021600	-20.290001
0.021700	290.371002
0.021800	756.362000
0.021900	1028.189941
0.022000	1183.520020
0.022100	1406.810059
0.022200	1416.520020
0.022300	1474.770020
0.022400	1377.680054
0.022500	1105.859985
0.022600	911.692993
0.022700	795.195007
0.022800	940.817017
0.022900	950.525024
0.023000	668.989014
0.023100	368.036011
0.023200	348.619995
0.023300	562.198975
0.023400	348.619995
0.023500	-59.122700
0.023600	37.958900
0.023700	329.204010
0.023800	251.537994
0.023900	135.039993
0.024000	-59.122700
0.024100	-97.955299
0.024200	-20.290001
0.024300	-175.621002
0.024400	-447.449005
0.024500	-583.362976
0.024600	-505.697998
0.024700	-447.449005
0.024800	-486.281006
0.024900	-583.362976
0.025000	-602.778992
0.025100	-641.612000
0.025200	-525.114014
0.025300	-350.367004
0.025400	-20.290001
0.025500	445.700989
0.025600	659.281006
0.025700	678.697021
0.025800	834.028015
0.025900	950.525024
0.026000	1105.859985
0.026100	1144.689941
0.026200	1125.270020
0.026300	1047.609985
0.026400	1105.859985
0.026500	1067.020020
0.026600	1144.689941
0.026700	1105.859985
0.026800	989.357971
0.026900	950.525024
0.027000	911.692993
0.027100	542.783020
0.027200	164.164993
0.027300	18.542601
0.027400	-136.787994
0.027500	-311.535004
0.027600	-505.697998
0.027700	-758.109985
0.027800	-874.607971
0.027900	-816.359009
0.028000	-641.612000
0.028100	-874.607971
0.028200	-1068.770020
0.028300	-1185.270020
0.028400	-1068.770020
0.028500	-874.607971
0.028600	-1049.349976
0.028700	-913.440002
0.028800	-602.778992
0.028900	-602.778992
0.029000	-525.114014
0.029100	-330.950989
0.029200	-20.290001
0.029300	57.375198
0.029400	8.834420
0.029500	57.375198
0.029600	-136.787994
0.029700	-97.955299
0.029800	-330.950989
0.029900	-505.697998
0.030000	-253.285995
0.030100	-175.621002
0.030200	-389.200012
0.030300	-350.367004
0.030400	-20.290001
0.030500	96.207802
0.030600	329.204010
0.030700	552.491028
0.030800	368.036011
0.030900	251.537994
0.031000	601.031982
0.031100	591.323975
0.031200	426.285004
0.031300	562.198975
0.031400	639.864014
0.031500	348.619995
0.031600	135.039993
0.031700	96.207802
0.031800	251.537994
0.031900	173.873001
0.032000	173.873001
0.032100	173.873001
0.032200	37.958900
0.032300	-20.290001
0.032400	115.624001
0.032500	135.039993
0.032600	-59.122700
0.032700	-330.950989
0.032800	-330.950989
0.032900	-136.787994
0.033000	28.250700
0.033100	173.873001
0.033200	270.954987
0.033300	135.039993
0.033400	57.375198
0.033500	212.705994
0.033600	406.868988
0.033700	290.371002
0.033800	57.375198
0.033900	154.457001
0.034000	193.289001
0.034100	18.542601
0.034200	173.873001
0.034300	251.537994
0.034400	18.542601
0.034500	-20.290001
0.034600	251.537994
0.034700	212.705994
0.034800	135.039993
0.034900	193.289001
0.035000	251.537994
0.035100	251.537994
0.035200	-20.290001
0.035300	-175.621002
0.035400	-146.496002
0.035500	-253.285995
0.035600	-369.783997
0.035700	-301.826996
0.035800	-175.621002
0.035900	-20.290001
0.036000	18.542601
0.036100	164.164993
0.036200	581.616028
0.036300	591.323975
0.036400	562.198975
0.036500	911.692993
0.036600	950.525024
0.036700	601.031982
0.036800	406.868988
0.036900	329.204010
0.037000	18.542601
0.037100	-292.118011
0.037200	-486.281006
0.037300	-816.359009
0.037400	-1224.099976
0.037500	-1224.099976
0.037600	-874.607971
0.037700	-913.440002
0.037800	-971.689026
0.037900	-661.028015
0.038000	-389.200012
0.038100	-466.864990
0.038200	-466.864990
0.038300	-253.285995
0.038400	-253.285995
0.038500	-136.787994
0.038600	-175.621002
0.038700	-408.615997
0.038800	-253.285995
0.038900	-39.706299
0.039000	-97.955299
0.039100	-97.955299
0.039200	-408.615997
0.039300	-466.864990
0.039400	-272.701996
0.039500	-175.621002
0.039600	-20.290001
0.039700	18.542601
0.039800	-20.290001
0.039900	96.207802
0.040000	319.494995
0.040100	484.533997
0.040200	678.697021
0.040300	969.942017
0.040400	1047.609985
0.040500	950.525024
0.040600	911.692993
0.040700	989.357971
0.040800	969.942017
0.040900	678.697021
0.041000	523.367004
0.041100	290.371002
0.041200	154.457001
0.041300	270.954987
0.041400	484.533997
0.041500	329.204010
0.041600	212.705994
0.041700	290.371002
0.041800	193.289001
0.041900	212.705994
0.042000	202.998001
0.042100	290.371002
0.042200	426.285004
0.042300	309.786987
0.042400	212.705994
0.042500	135.039993
0.042600	-20.290001
0.042700	-117.372002
0.042800	-0.873734
0.042900	-20.290001
0.043000	115.624001
0.043100	-20.290001
0.043200	18.542601
0.043300	135.039993
0.043400	-0.873734
0.043500	-214.453003
0.043600	-447.449005
0.043700	-437.740997
0.043800	-350.367004
0.043900	-330.950989
0.044000	-661.028015
0.044100	-952.273010
0.044200	-641.612000
0.044300	-447.449005
0.044400	-447.449005
0.044500	-369.783997
0.044600	-350.367004
0.044700	-447.449005
0.044800	-253.285995
0.044900	-20.290001
0.045000	368.036011
0.045100	368.036011
0.045200	445.700989
0.045300	601.031982
0.045400	445.700989
0.045500	309.786987
0.045600	601.031982
0.045700	814.611023
0.045800	523.367004
0.045900	173.873001
0.046000	212.705994
0.046100	406.868988
0.046200	270.954987
0.046300	18.542601
0.046400	-59.122700
0.046500	-136.787994
0.046600	-136.787994
0.046700	-204.744995
0.046800	-195.037003
0.046900	-330.950989
0.047000	-505.697998
0.047100	-505.697998
0.047200	-447.449005
0.047300	-466.864990
0.047400	-447.449005
0.047500	-330.950989
0.047600	-175.621002
0.047700	-214.453003
0.047800	-253.285995
0.047900	-39.706299
0.048000	135.039993
0.048100	290.371002
0.048200	251.537994
0.048300	-20.290001
0.048400	57.375198
0.048500	290.371002
0.048600	503.950012
0.048700	135.039993
0.048800	-127.080002
0.048900	173.873001
0.049000	426.285004
0.049100	406.868988
0.049200	406.868988
0.049300	290.371002
0.049400	232.121994
0.049500	232.121994
0.049600	173.873001
0.049700	270.954987
0.049800	212.705994
0.049900	-0.873734
0.050000	18.542601
0.050100	135.039993
0.050200	135.039993
0.050300	86.499702
0.050400	8.834420
0.050500	-0.873734
0.050600	-136.787994
0.050700	-175.621002
0.050800	-175.621002
0.050900	-195.037003
0.051000	-175.621002
0.051100	18.542601
0.051200	18.542601
0.051300	-97.955299
0.051400	-68.830803
0.051500	57.375198
0.051600	105.916000
0.051700	57.375198
0.051800	-39.706299
0.051900	-59.122700
0.052000	28.250700
0.052100	96.207802
0.052200	135.039993
0.052300	115.624001
0.052400	135.039993
0.052500	251.537994
0.052600	193.289001
0.052700	232.121994
0.052800	261.246002
0.052900	251.537994
0.053000	338.911987
0.053100	290.371002
0.053200	96.207802
0.053300	-107.663002
0.053400	-272.701996
0.053500	-292.118011
0.053600	-253.285995
0.053700	-292.118011
0.053800	-350.367004
0.053900	-457.157013
0.054000	-447.449005
0.054100	-428.032990
0.054200	-350.367004
0.054300	-292.118011
0.054400	-175.621002
0.054500	-97.955299
0.054600	18.542601
0.054700	57.375198
0.054800	193.289001
0.054900	445.700989
0.055000	445.700989
0.055100	96.207802
0.055200	57.375198
0.055300	251.537994
0.055400	212.705994
0.055500	290.371002
0.055600	406.868988
0.055700	406.868988
0.055800	406.868988
0.055900	329.204010
0.056000	193.289001
0.056100	115.624001
0.056200	115.624001
0.056300	135.039993
0.056400	368.036011
0.056500	484.533997
0.056600	368.036011
0.056700	212.705994
0.056800	154.457001
0.056900	241.830002
0.057000	251.537994
0.057100	135.039993
0.057200	37.958900
0.057300	96.207802
0.057400	212.705994
0.057500	135.039993
0.057600	18.542601
0.057700	135.039993
0.057800	135.039993
0.057900	18.542601
0.058000	47.667000
0.058100	125.332001
0.058200	-20.290001
0.058300	-233.869003
0.058400	-330.950989
0.058500	-253.285995
0.058600	-214.453003
0.058700	-214.453003
0.058800	-117.372002
0.058900	-59.122700
0.059000	-39.706299
0.059100	-39.706299
0.059200	-20.290001
0.059300	-185.328995
0.059400	-117.372002
0.059500	-68.830803
0.059600	-59.122700
0.059700	-49.414501
0.059800	-233.869003
0.059900	-292.118011
0.060000	-175.621002
0.060100	-59.122700
0.060200	-156.203995
0.060300	-214.453003
0.060400	-330.950989
0.060500	-350.367004
0.060600	-369.783997
0.060700	-272.701996
0.060800	-39.706299
0.060900	-20.290001
0.061000	96.207802
0.061100	173.873001
0.061200	329.204010
0.061300	290.371002
0.061400	290.371002
0.061500	406.868988
0.061600	251.537994
0.061700	125.332001
0.061800	251.537994
0.061900	329.204010
0.062000	329.204010
0.062100	135.039993
0.062200	115.624001
0.062300	270.954987
0.062400	212.705994
0.062500	57.375198
0.062600	37.958900
0.062700	57.375198
0.062800	57.375198
0.062900	-29.998199
0.063000	-20.290001
0.063100	-20.290001
0.063200	-20.290001
0.063300	-29.998199
0.063400	-29.998199
0.063500	-97.955299
0.063600	-117.372002
0.063700	-175.621002
0.063800	-330.950989
0.063900	-292.118011
0.064000	-272.701996
0.064100	-272.701996
0.064200	-262.993988
0.064300	-175.621002
0.064400	-59.122700
0.064500	-0.873734
0.064600	18.542601
0.064700	57.375198
0.064800	212.705994
0.064900	212.705994
0.065000	251.537994
0.065100	193.289001
0.065200	270.954987
0.065300	251.537994
0.065400	261.246002
0.065500	290.371002
0.065600	368.036011
0.065700	309.786987
0.065800	309.786987
0.065900	329.204010
0.066000	445.700989
0.066100	523.367004
0.066200	484.533997
0.066300	435.993011
0.066400	406.868988
0.066500	329.204010
0.066600	251.537994
0.066700	115.624001
0.066800	57.375198
0.066900	-97.955299
0.067000	-146.496002
0.067100	-311.535004
0.067200	-350.367004
0.067300	-379.492004
0.067400	-418.324005
0.067500	-369.783997
0.067600	-253.285995
0.067700	-214.453003
0.067800	-214.453003
0.067900	-175.621002
0.068000	-175.621002
0.068100	-195.037003
0.068200	-59.122700
0.068300	-59.122700
0.068400	-136.787994
0.068500	-117.372002
0.068600	18.542601
0.068700	96.207802
0.068800	135.039993
0.068900	173.873001
0.069000	212.705994
0.069100	270.954987
0.069200	280.662994
0.069300	329.204010
0.069400	290.371002
0.069500	212.705994
0.069600	154.457001
0.069700	173.873001
0.069800	154.457001
0.069900	154.457001
0.070000	76.791496
0.070100	37.958900
0.070200	-20.290001
0.070300	-59.122700
0.070400	-39.706299
0.070500	-20.290001
0.070600	-97.955299
0.070700	-117.372002
0.070800	-78.539001
0.070900	-97.955299
0.071000	-117.372002
0.071100	-20.290001
0.071200	-59.122700
0.071300	-195.037003
0.071400	-185.328995
0.071500	-195.037003
0.071600	-195.037003
0.071700	-136.787994
0.071800	-78.539001
0.071900	-136.787994
0.072000	-97.955299
0.072100	18.542601
0.072200	-39.706299
0.072300	-0.873734
0.072400	-20.290001
0.072500	18.542601
0.072600	96.207802
0.072700	154.457001
0.072800	115.624001
0.072900	135.039993
0.073000	135.039993
0.073100	96.207802
0.073200	57.375198
0.073300	96.207802
0.073400	-0.873734
0.073500	-136.787994
0.073600	-20.290001
0.073700	-20.290001
0.073800	-117.372002
0.073900	-175.621002
0.074000	-117.372002
0.074100	-97.955299
0.074200	-59.122700
0.074300	-97.955299
0.074400	-59.122700
0.074500	-29.998199
0.074600	-39.706299
0.074700	-59.122700
0.074800	-39.706299
0.074900	57.375198
0.075000	18.542601
0.075100	37.958900
0.075200	-20.290001
0.075300	18.542601
0.075400	18.542601
0.075500	57.375198
0.075600	96.207802
0.075700	135.039993
0.075800	96.207802
0.075900	-0.873734
0.076000	96.207802
0.076100	212.705994
0.076200	290.371002
0.076300	193.289001
0.076400	193.289001
0.076500	232.121994
0.076600	202.998001
0.076700	173.873001
0.076800	212.705994
0.076900	135.039993
0.077000	135.039993
0.077100	135.039993
0.077200	57.375198
0.077300	57.375198
0.077400	76.791496
0.077500	135.039993
0.077600	57.375198
0.077700	76.791496
0.077800	18.542601
0.077900	-175.621002
0.078000	-117.372002
0.078100	-20.290001
0.078200	37.958900
0.078300	28.250700
0.078400	37.958900
0.078500	57.375198
0.078600	37.958900
0.078700	135.039993
0.078800	115.624001
0.078900	18.542601
0.079000	96.207802
0.079100	57.375198
0.079200	135.039993
0.079300	135.039993
0.079400	135.039993
0.079500	57.375198
0.079600	135.039993
0.079700	115.624001
0.079800	96.207802
0.079900	57.375198
0.080000	115.624001
0.080100	135.039993
0.080200	115.624001
0.080300	135.039993
0.080400	173.873001
0.080500	193.289001
0.080600	96.207802
0.080700	28.250700
0.080800	-59.122700
0.080900	-0.873734
0.081000	-49.414501
0.081100	-20.290001
0.081200	-20.290001
0.081300	-59.122700
0.081400	-0.873734
0.081500	37.958900
0.081600	-20.290001
0.081700	-97.955299
0.081800	-59.122700
0.081900	18.542601
0.082000	57.375198
0.082100	96.207802
0.082200	173.873001
0.082300	135.039993
0.082400	96.207802
0.082500	96.207802
0.082600	18.542601
0.082700	-0.873734
0.082800	57.375198
0.082900	173.873001
0.083000	135.039993
0.083100	18.542601
0.083200	57.375198
0.083300	135.039993
0.083400	96.207802
0.083500	-20.290001
0.083600	-39.706299
0.083700	-0.873734
0.083800	-20.290001
0.083900	-117.372002
0.084000	-117.372002
0.084100	-68.830803
0.084200	-59.122700
0.084300	-117.372002
0.084400	-59.122700
0.084500	37.958900
0.084600	18.542601
0.084700	-39.706299
0.084800	-20.290001
0.084900	-20.290001
0.085000	-59.122700
0.085100	135.039993
0.085200	57.375198
0.085300	-39.706299
0.085400	-59.122700
0.085500	-20.290001
0.085600	-20.290001
0.085700	18.542601
0.085800	8.834420
0.085900	57.375198
0.086000	115.624001
0.086100	47.667000
0.086200	-59.122700
0.086300	-39.706299
0.086400	18.542601
0.086500	18.542601
0.086600	37.958900
0.086700	18.542601
0.086800	-59.122700
0.086900	-68.830803
0.087000	-29.998199
0.087100	-59.122700
0.087200	-39.706299
0.087300	-20.290001
0.087400	-117.372002
0.087500	-136.787994
0.087600	-29.998199
0.087700	-97.955299
0.087800	-136.787994
0.087900	-156.203995
0.088000	-97.955299
0.088100	-117.372002
0.088200	-20.290001
0.088300	18.542601
0.088400	-20.290001
0.088500	-20.290001
0.088600	57.375198
0.088700	96.207802
0.088800	86.499702
0.088900	-20.290001
0.089000	115.624001
0.089100	115.624001
0.089200	-39.706299
0.089300	-29.998199
0.089400	57.375198
0.089500	154.457001
0.089600	115.624001
0.089700	57.375198
0.089800	-20.290001
0.089900	-20.290001
0.090000	37.958900
0.090100	173.873001
0.090200	135.039993
0.090300	135.039993
0.090400	154.457001
0.090500	96.207802
0.090600	57.375198
0.090700	96.207802
0.090800	115.624001
0.090900	37.958900
0.091000	135.039993
0.091100	96.207802
0.091200	135.039993
0.091300	125.332001
0.091400	135.039993
0.091500	76.791496
0.091600	96.207802
0.091700	57.375198
0.091800	18.542601
0.091900	57.375198
0.092000	57.375198
0.092100	57.375198
0.092200	47.667000
0.092300	212.705994
0.092400	173.873001
0.092500	18.542601
0.092600	37.958900
0.092700	18.542601
0.092800	47.667000
0.092900	57.375198
0.093000	37.958900
0.093100	-20.290001
0.093200	57.375198
0.093300	115.624001
0.093400	96.207802
0.093500	96.207802
0.093600	115.624001
0.093700	202.998001
0.093800	135.039993
0.093900	96.207802
0.094000	96.207802
0.094100	135.039993
0.094200	18.542601
0.094300	96.207802
0.094400	164.164993
0.094500	57.375198
0.094600	8.834420
0.094700	47.667000
0.094800	-20.290001
0.094900	-78.539001
0.095000	-59.122700
0.095100	-39.706299
0.095200	47.667000
0.095300	37.958900
0.095400	-20.290001
0.095500	18.542601
0.095600	96.207802
0.095700	96.207802
0.095800	57.375198
0.095900	37.958900
0.096000	18.542601
0.096100	135.039993
0.096200	232.121994
0.096300	96.207802
0.096400	57.375198
0.096500	47.667000
0.096600	37.958900
0.096700	-39.706299
0.096800	-20.290001
0.096900	-97.955299
0.097000	-97.955299
0.097100	37.958900
0.097200	-20.290001
0.097300	-20.290001
0.097400	18.542601
0.097500	37.958900
0.097600	-59.122700
0.097700	-136.787994
0.097800	-68.830803
0.097900	18.542601
0.098000	-39.706299
0.098100	-117.372002
0.098200	-97.955299
0.098300	-0.873734
0.098400	-20.290001
0.098500	-97.955299
0.098600	-20.290001
0.098700	8.834420
0.098800	-0.873734
0.098900	57.375198
0.099000	173.873001
0.099100	57.375198
0.099200	18.542601
0.099300	-20.290001
0.099400	-39.706299
0.099500	-59.122700
0.099600	8.834420
0.099700	57.375198
0.099800	96.207802
0.099900	-20.290001
0.100000	-20.290001
0.100100	47.667000
0.100200	135.039993
0.100300	154.457001
0.100400	37.958900
0.100500	-20.290001
0.100600	-20.290001
0.100700	57.375198
0.100800	76.791496
0.100900	-49.414501
0.101000	-20.290001
0.101100	135.039993
0.101200	173.873001
0.101300	57.375198
0.101400	18.542601
0.101500	96.207802
0.101600	18.542601
0.101700	-20.290001
0.101800	-20.290001
0.101900	-59.122700
0.102000	18.542601
0.102100	96.207802
0.102200	57.375198
0.102300	-20.290001
0.102400	57.375198
0.102500	135.039993
0.102600	57.375198
0.102700	37.958900
0.102800	96.207802
0.102900	173.873001
0.103000	57.375198
0.103100	173.873001
0.103200	164.164993
0.103300	115.624001
0.103400	96.207802
0.103500	135.039993
0.103600	96.207802
0.103700	37.958900
0.103800	115.624001
0.103900	173.873001
0.104000	154.457001
0.104100	57.375198
0.104200	-59.122700
0.104300	-20.290001
0.104400	37.958900
0.104500	57.375198
0.104600	-59.122700
0.104700	-59.122700
0.104800	18.542601
0.104900	115.624001
0.105000	18.542601
0.105100	-39.706299
0.105200	-10.581900
0.105300	37.958900
0.105400	28.250700
0.105500	-0.873734
0.105600	-97.955299
0.105700	-97.955299
0.105800	-20.290001
0.105900	18.542601
0.106000	-39.706299
0.106100	57.375198
0.106200	-20.290001
0.106300	-0.873734
0.106400	-20.290001
0.106500	-59.122700
0.106600	-78.539001
0.106700	-78.539001
0.106800	-97.955299
0.106900	-97.955299
0.107000	-39.706299
0.107100	-59.122700
0.107200	-97.955299
0.107300	-136.787994
0.107400	-0.873734
0.107500	-20.290001
0.107600	18.542601
0.107700	-49.414501
0.107800	-59.122700
0.107900	57.375198
0.108000	135.039993
0.108100	57.375198
0.108200	-39.706299
0.108300	-59.122700
0.108400	-59.122700
0.108500	-20.290001
0.108600	-20.290001
0.108700	-59.122700
0.108800	18.542601
0.108900	-20.290001
0.109000	-20.290001
0.109100	18.542601
0.109200	-117.372002
0.109300	-195.037003
0.109400	-136.787994
0.109500	-59.122700
0.109600	-39.706299
0.109700	18.542601
0.109800	-39.706299
0.109900	-136.787994
0.110000	-78.539001
0.110100	-59.122700
0.110200	-29.998199
0.110300	-0.873734
0.110400	-20.290001
0.110500	-20.290001
0.110600	-59.122700
0.110700	-0.873734
0.110800	18.542601
0.110900	18.542601
0.111000	-20.290001
0.111100	47.667000
0.111200	115.624001
0.111300	-29.998199
0.111400	-59.122700
0.111500	-20.290001
0.111600	-20.290001
0.111700	18.542601
0.111800	18.542601
0.111900	-78.539001
0.112000	-20.290001
0.112100	57.375198
0.112200	86.499702
0.112300	-20.290001
0.112400	37.958900
0.112500	18.542601
0.112600	57.375198
0.112700	96.207802
0.112800	-20.290001
0.112900	-20.290001
0.113000	57.375198
0.113100	47.667000
0.113200	18.542601
0.113300	-20.290001
0.113400	-39.706299
0.113500	-97.955299
0.113600	18.542601
0.113700	57.375198
0.113800	96.207802
0.113900	37.958900
0.114000	96.207802
0.114100	115.624001
0.114200	115.624001
0.114300	18.542601
0.114400	18.542601
0.114500	57.375198
0.114600	76.791496
0.114700	86.499702
0.114800	57.375198
0.114900	-20.290001
0.115000	96.207802
0.115100	212.705994
0.115200	57.375198
0.115300	-20.290001
0.115400	-0.873734
0.115500	135.039993
0.115600	8.834420
0.115700	-59.122700
0.115800	57.375198
0.115900	18.542601
0.116000	-175.621002
0.116100	-117.372002
0.116200	-49.414501
0.116300	-107.663002
0.116400	-20.290001
0.116500	135.039993
0.116600	76.791496
0.116700	37.958900
0.116800	8.834420
0.116900	-20.290001
0.117000	-97.955299
0.117100	-117.372002
0.117200	-59.122700
0.117300	-20.290001
0.117400	18.542601
0.117500	57.375198
0.117600	-39.706299
0.117700	-20.290001
0.117800	57.375198
0.117900	37.958900
0.118000	-59.122700
0.118100	-97.955299
0.118200	-107.663002
0.118300	-97.955299
0.118400	-59.122700
0.118500	-59.122700
0.118600	-29.998199
0.118700	-59.122700
0.118800	-59.122700
0.118900	-20.290001
0.119000	37.958900
0.119100	18.542601
0.119200	18.542601
0.119300	-78.539001
0.119400	-136.787994
0.119500	-39.706299
0.119600	57.375198
0.119700	8.834420
0.119800	-20.290001
0.119900	-0.873734
0.120000	57.375198
0.120100	37.958900
0.120200	18.542601
0.120300	57.375198
0.120400	18.542601
0.120500	-29.998199
0.120600	115.624001
0.120700	105.916000
0.120800	-59.122700
0.120900	18.542601
0.121000	-20.290001
0.121100	-97.955299
0.121200	96.207802
0.121300	212.705994
0.121400	115.624001
0.121500	57.375198
0.121600	18.542601
0.121700	-20.290001
0.121800	57.375198
0.121900	18.542601
0.122000	-59.122700
0.122100	-39.706299
0.122200	96.207802
0.122300	115.624001
0.122400	57.375198
0.122500	57.375198
0.122600	96.207802
0.122700	135.039993
0.122800	37.958900
0.122900	57.375198
0.123000	18.542601
0.123100	47.667000
0.123200	154.457001
0.123300	154.457001
0.123400	57.375198
0.123500	-59.122700
0.123600	-117.372002
0.123700	-39.706299
0.123800	-0.873734
0.123900	18.542601
0.124000	47.667000
0.124100	18.542601
0.124200	-20.290001
0.124300	18.542601
0.124400	-20.290001
0.124500	18.542601
0.124600	135.039993
0.124700	57.375198
0.124800	18.542601
0.124900	57.375198
0.125000	8.834420
0.125100	37.958900
0.125200	57.375198
0.125300	96.207802
0.125400	18.542601
0.125500	57.375198
0.125600	115.624001
0.125700	135.039993
0.125800	135.039993
0.125900	57.375198
0.126000	18.542601
0.126100	37.958900
0.126200	57.375198
0.126300	135.039993
0.126400	135.039993
0.126500	76.791496
0.126600	-0.873734
0.126700	-97.955299
0.126800	57.375198
0.126900	135.039993
0.127000	135.039993
0.127100	135.039993
0.127200	96.207802
0.127300	18.542601
0.127400	-39.706299
0.127500	18.542601
0.127600	47.667000
0.127700	-29.998199
0.127800	-97.955299
0.127900	-117.372002
0.128000	-78.539001
0.128100	86.499702
0.128200	57.375198
0.128300	57.375198
0.128400	8.834420
0.128500	-20.290001
0.128600	-59.122700
0.128700	-39.706299
0.128800	-20.290001
0.128900	-20.290001
0.129000	57.375198
0.129100	96.207802
0.129200	18.542601
0.129300	-39.706299
0.129400	37.958900
0.129500	57.375198
0.129600	96.207802
0.129700	-39.706299
0.129800	-59.122700
0.129900	-20.290001
0.130000	-20.290001
0.130100	-59.122700
0.130200	18.542601
0.130300	135.039993
0.130400	96.207802
0.130500	57.375198
0.130600	-0.873734
0.130700	-78.539001
0.130800	-117.372002
0.130900	-97.955299
0.131000	-49.414501
0.131100	-20.290001
0.131200	-39.706299
0.131300	-0.873734
0.131400	-0.873734
0.131500	37.958900
0.131600	37.958900
0.131700	-20.290001
0.131800	-59.122700
0.131900	18.542601
0.132000	144.748993
0.132100	37.958900
0.132200	-20.290001
0.132300	18.542601
0.132400	37.958900
0.132500	-20.290001
0.132600	18.542601
0.132700	57.375198
0.132800	135.039993
0.132900	135.039993
0.133000	57.375198
0.133100	-20.290001
0.133200	18.542601
0.133300	-20.290001
0.133400	-97.955299
0.133500	-97.955299
0.133600	57.375198
0.133700	96.207802
0.133800	96.207802
0.133900	96.207802
0.134000	-20.290001
0.134100	-97.955299
0.134200	-20.290001
0.134300	-20.290001
0.134400	57.375198
0.134500	76.791496
0.134600	-20.290001
0.134700	-39.706299
0.134800	-0.873734
0.134900	18.542601
0.135000	57.375198
0.135100	-39.706299
0.135200	18.542601
0.135300	96.207802
0.135400	96.207802
0.135500	-20.290001
0.135600	-20.290001
0.135700	-20.290001
0.135800	37.958900
0.135900	115.624001
0.136000	57.375198
0.136100	-20.290001
0.136200	37.958900
0.136300	57.375198
0.136400	96.207802
0.136500	-20.290001
0.136600	-175.621002
0.136700	-97.955299
0.136800	37.958900
0.136900	57.375198
0.137000	-20.290001
0.137100	8.834420
0.137200	-0.873734
0.137300	18.542601
0.137400	-20.290001
0.137500	-39.706299
0.137600	-59.122700
0.137700	18.542601
0.137800	18.542601
0.137900	-20.290001
0.138000	-20.290001
0.138100	-59.122700
0.138200	-20.290001
0.138300	-0.873734
0.138400	18.542601
0.138500	76.791496
0.138600	164.164993
0.138700	154.457001
0.138800	37.958900
0.138900	37.958900
0.139000	135.039993
0.139100	135.039993
0.139200	135.039993
0.139300	96.207802
0.139400	37.958900
0.139500	37.958900
0.139600	-39.706299
0.139700	-20.290001
0.139800	-39.706299
0.139900	37.958900
0.140000	28.250700
0.140100	57.375198
0.140200	57.375198
0.140300	57.375198
0.140400	37.958900
0.140500	-39.706299
0.140600	57.375198
0.140700	96.207802
0.140800	115.624001
0.140900	37.958900
0.141000	96.207802
0.141100	-20.290001
0.141200	-20.290001
0.141300	57.375198
0.141400	173.873001
0.141500	96.207802
0.141600	96.207802
0.141700	135.039993
0.141800	18.542601
0.141900	-0.873734
0.142000	135.039993
0.142100	57.375198
0.142200	57.375198
0.142300	57.375198
0.142400	18.542601
0.142500	115.624001
0.142600	57.375198
0.142700	96.207802
0.142800	18.542601
0.142900	18.542601
0.143000	-20.290001
0.143100	57.375198
0.143200	173.873001
0.143300	18.542601
0.143400	-97.955299
0.143500	-20.290001
0.143600	37.958900
0.143700	47.667000
0.143800	-20.290001
0.143900	-156.203995
0.144000	-156.203995
0.144100	-117.372002
0.144200	-59.122700
0.144300	-20.290001
0.144400	-107.663002
0.144500	-117.372002
0.144600	37.958900
0.144700	135.039993
0.144800	96.207802
0.144900	-20.290001
0.145000	-156.203995
0.145100	-39.706299
0.145200	-59.122700
0.145300	-20.290001
0.145400	-0.873734
0.145500	96.207802
0.145600	18.542601
0.145700	8.834420
0.145800	57.375198
0.145900	135.039993
0.146000	86.499702
0.146100	-0.873734
0.146200	57.375198
0.146300	18.542601
0.146400	18.542601
0.146500	-59.122700
0.146600	-156.203995
0.146700	-39.706299
0.146800	57.375198
0.146900	18.542601
0.147000	57.375198
0.147100	96.207802
0.147200	135.039993
0.147300	57.375198
0.147400	18.542601
0.147500	18.542601
0.147600	37.958900
0.147700	115.624001
0.147800	125.332001
0.147900	96.207802
0.148000	18.542601
0.148100	47.667000
0.148200	37.958900
0.148300	18.542601
0.148400	115.624001
0.148500	96.207802
0.148600	-20.290001
0.148700	-20.290001
0.148800	57.375198
0.148900	135.039993
0.149000	57.375198
0.149100	-59.122700
0.149200	-39.706299
0.149300	-20.290001
0.149400	18.542601
0.149500	-20.290001
0.149600	18.542601
0.149700	135.039993
0.149800	164.164993
0.149900	57.375198
0.150000	96.207802
0.150100	57.375198
0.150200	-20.290001
0.150300	57.375198
0.150400	18.542601
0.150500	-20.290001
0.150600	-0.873734
0.150700	28.250700
0.150800	-20.290001
0.150900	37.958900
0.151000	8.834420
0.151100	-20.290001
0.151200	-39.706299
0.151300	37.958900
0.151400	37.958900
0.151500	18.542601
0.151600	86.499702
0.151700	57.375198
0.151800	37.958900
0.151900	37.958900
0.152000	-39.706299
0.152100	37.958900
0.152200	135.039993
0.152300	18.542601
0.152400	18.542601
0.152500	-0.873734
0.152600	-78.539001
0.152700	-59.122700
0.152800	-20.290001
0.152900	-107.663002
0.153000	-97.955299
0.153100	-20.290001
0.153200	37.958900
0.153300	18.542601
0.153400	-97.955299
0.153500	-175.621002
0.153600	-59.122700
0.153700	96.207802
0.153800	-20.290001
0.153900	-97.955299
0.154000	-20.290001
0.154100	57.375198
0.154200	47.667000
0.154300	96.207802
0.154400	135.039993
0.154500	135.039993
0.154600	57.375198
0.154700	-20.290001
0.154800	-175.621002
0.154900	-117.372002
0.155000	-97.955299
0.155100	-97.955299
0.155200	-97.955299
0.155300	-59.122700
0.155400	-39.706299
0.155500	-20.290001
0.155600	47.667000
0.155700	-20.290001
0.155800	57.375198
0.155900	57.375198
0.156000	96.207802
0.156100	-20.290001
0.156200	-97.955299
0.156300	-97.955299
0.156400	-39.706299
0.156500	37.958900
0.156600	-20.290001
0.156700	37.958900
0.156800	57.375198
0.156900	18.542601
0.157000	76.791496
0.157100	-39.706299
0.157200	-39.706299
0.157300	57.375198
0.157400	135.039993
0.157500	57.375198
0.157600	37.958900
0.157700	57.375198
0.157800	96.207802
0.157900	18.542601
0.158000	-59.122700
0.158100	-20.290001
0.158200	96.207802
0.158300	37.958900
0.158400	18.542601
0.158500	18.542601
0.158600	18.542601
0.158700	-20.290001
0.158800	57.375198
0.158900	135.039993
0.159000	37.958900
0.159100	-20.290001
0.159200	-20.290001
0.159300	-39.706299
0.159400	-20.290001
0.159500	-20.290001
0.159600	-20.290001
0.159700	96.207802
0.159800	115.624001
0.159900	96.207802
0.160000	57.375198
0.160100	18.542601
0.160200	-20.290001
0.160300	-29.998199
0.160400	-97.955299
0.160500	-97.955299
0.160600	-20.290001
0.160700	-39.706299
0.160800	8.834420
0.160900	18.542601
0.161000	18.542601
0.161100	-117.372002
0.161200	18.542601
0.161300	57.375198
0.161400	-59.122700
0.161500	-39.706299
0.161600	-68.830803
0.161700	-59.122700
0.161800	-59.122700
0.161900	-20.290001
0.162000	8.834420
0.162100	18.542601
0.162200	-20.290001
0.162300	37.958900
0.162400	-0.873734
0.162500	18.542601
0.162600	-59.122700
0.162700	-97.955299
0.162800	-78.539001
0.162900	-39.706299
0.163000	-78.539001
0.163100	-59.122700
0.163200	57.375198
0.163300	96.207802
0.163400	18.542601
0.163500	18.542601
0.163600	-39.706299
0.163700	-59.122700
0.163800	125.332001
0.163900	125.332001
0.164000	37.958900
0.164100	-29.998199
0.164200	135.039993
0.164300	76.791496
0.164400	-59.122700
0.164500	-59.122700
0.164600	18.542601
0.164700	-20.290001
0.164800	18.542601
0.164900	57.375198
0.165000	57.375198
0.165100	115.624001
0.165200	18.542601
0.165300	57.375198
0.165400	37.958900
0.165500	96.207802
0.165600	96.207802
0.165700	57.375198
0.165800	96.207802
0.165900	18.542601
0.166000	37.958900
0.166100	96.207802
0.166200	57.375198
0.166300	37.958900
0.166400	115.624001
0.166500	18.542601
0.166600	-20.290001
0.166700	-20.290001
0.166800	18.542601
0.166900	-78.539001
0.167000	18.542601
0.167100	57.375198
0.167200	135.039993
0.167300	125.332001
0.167400	57.375198
0.167500	18.542601
0.167600	-59.122700
0.167700	-29.998199
0.167800	-59.122700
0.167900	47.667000
0.168000	57.375198
0.168100	18.542601
0.168200	57.375198
0.168300	-20.290001
0.168400	-97.955299
0.168500	-59.122700
0.168600	-0.873734
0.168700	57.375198
0.168800	18.542601
0.168900	-0.873734
0.169000	115.624001
0.169100	-20.290001
0.169200	18.542601
0.169300	96.207802
0.169400	57.375198
0.169500	-20.290001
0.169600	18.542601
0.169700	57.375198
0.169800	57.375198
0.169900	57.375198
0.170000	57.375198
0.170100	37.958900
0.170200	57.375198
0.170300	173.873001
0.170400	57.375198
0.170500	96.207802
0.170600	-59.122700
0.170700	-59.122700
0.170800	135.039993
0.170900	135.039993
0.171000	18.542601
0.171100	-20.290001
0.171200	115.624001
0.171300	37.958900
0.171400	76.791496
0.171500	18.542601
0.171600	18.542601
0.171700	18.542601
0.171800	-20.290001
0.171900	-20.290001
0.172000	-20.290001
0.172100	96.207802
0.172200	135.039993
0.172300	57.375198
0.172400	18.542601
0.172500	-20.290001
0.172600	-59.122700
0.172700	86.499702
0.172800	96.207802
0.172900	57.375198
0.173000	57.375198
0.173100	57.375198
0.173200	135.039993
0.173300	115.624001
0.173400	173.873001
0.173500	164.164993
0.173600	96.207802
0.173700	57.375198
0.173800	18.542601
0.173900	-20.290001
0.174000	18.542601
0.174100	115.624001
0.174200	96.207802
0.174300	37.958900
0.174400	-59.122700
0.174500	37.958900
0.174600	173.873001
0.174700	115.624001
0.174800	18.542601
0.174900	-20.290001
0.175000	18.542601
0.175100	135.039993
0.175200	57.375198
0.175300	57.375198
0.175400	57.375198
0.175500	96.207802
0.175600	57.375198
0.175700	8.834420
0.175800	-20.290001
0.175900	-39.706299
0.176000	-20.290001
0.176100	-20.290001
0.176200	18.542601
0.176300	57.375198
0.176400	47.667000
0.176500	57.375198
0.176600	-59.122700
0.176700	-59.122700
0.176800	-39.706299
0.176900	-59.122700
0.177000	-59.122700
0.177100	115.624001
0.177200	57.375198
0.177300	-20.290001
0.177400	-20.290001
0.177500	8.834420
0.177600	-59.122700
0.177700	-20.290001
0.177800	96.207802
0.177900	-59.122700
0.178000	-97.955299
0.178100	37.958900
0.178200	115.624001
0.178300	-136.787994
0.178400	-195.037003
0.178500	-59.122700
0.178600	-0.873734
0.178700	-117.372002
0.178800	-20.290001
0.178900	57.375198
0.179000	37.958900
0.179100	37.958900
0.179200	37.958900
0.179300	-39.706299
0.179400	-68.830803
0.179500	18.542601
0.179600	37.958900
0.179700	18.542601
0.179800	18.542601
0.179900	18.542601
0.180000	-59.122700
0.180100	-136.787994
0.180200	-117.372002
0.180300	-20.290001
0.180400	-97.955299
0.180500	-97.955299
0.180600	-0.873734
0.180700	86.499702
0.180800	57.375198
0.180900	18.542601
0.181000	-20.290001
0.181100	-97.955299
0.181200	96.207802
0.181300	37.958900
0.181400	-59.122700
0.181500	-107.663002
0.181600	-29.998199
0.181700	-59.122700
0.181800	-0.873734
0.181900	57.375198
0.182000	47.667000
0.182100	18.542601
0.182200	18.542601
0.182300	-39.706299
0.182400	-97.955299
0.182500	-117.372002
0.182600	-39.706299
0.182700	86.499702
0.182800	57.375198
0.182900	135.039993
0.183000	96.207802
0.183100	-20.290001
0.183200	18.542601
0.183300	115.624001
0.183400	96.207802
0.183500	57.375198
0.183600	-20.290001
0.183700	18.542601
0.183800	57.375198
0.183900	37.958900
0.184000	37.958900
0.184100	37.958900
0.184200	-39.706299
0.184300	-0.873734
0.184400	18.542601
0.184500	18.542601
0.184600	57.375198
0.184700	-39.706299
0.184800	-29.998199
0.184900	18.542601
0.185000	18.542601
0.185100	-20.290001
0.185200	57.375198
0.185300	115.624001
0.185400	47.667000
0.185500	18.542601
0.185600	18.542601
0.185700	-0.873734
0.185800	-20.290001
0.185900	96.207802
0.186000	57.375198
0.186100	-59.122700
0.186200	-20.290001
0.186300	96.207802
0.186400	154.457001
0.186500	57.375198
0.186600	-20.290001
0.186700	37.958900
0.186800	57.375198
0.186900	96.207802
0.187000	86.499702
0.187100	57.375198
0.187200	135.039993
0.187300	96.207802
0.187400	-20.290001
0.187500	-59.122700
0.187600	-39.706299
0.187700	-39.706299
0.187800	76.791496
0.187900	135.039993
0.188000	37.958900
0.188100	57.375198
0.188200	18.542601
0.188300	115.624001
0.188400	57.375198
0.188500	37.958900
0.188600	135.039993
0.188700	154.457001
0.188800	18.542601
0.188900	135.039993
0.189000	96.207802
0.189100	57.375198
0.189200	18.542601
0.189300	-20.290001
0.189400	37.958900
0.189500	-20.290001
0.189600	-39.706299
0.189700	-97.955299
0.189800	-97.955299
0.189900	-39.706299
0.190000	-20.290001
0.190100	-20.290001
0.190200	96.207802
0.190300	57.375198
0.190400	-20.290001
0.190500	37.958900
0.190600	18.542601
0.190700	-20.290001
0.190800	18.542601
0.190900	135.039993
0.191000	135.039993
0.191100	-59.122700
0.191200	-59.122700
0.191300	-20.290001
0.191400	-97.955299
0.191500	-97.955299
0.191600	18.542601
0.191700	76.791496
0.191800	135.039993
0.191900	96.207802
0.192000	-59.122700
0.192100	-117.372002
0.192200	-20.290001
0.192300	18.542601
0.192400	-0.873734
0.192500	-20.290001
0.192600	-20.290001
0.192700	-59.122700
0.192800	-20.290001
0.192900	-0.873734
0.193000	-20.290001
0.193100	76.791496
0.193200	96.207802
0.193300	57.375198
0.193400	-10.581900
0.193500	-20.290001
0.193600	18.542601
0.193700	57.375198
0.193800	-20.290001
0.193900	-59.122700
0.194000	-29.998199
0.194100	8.834420
0.194200	18.542601
0.194300	-20.290001
0.194400	18.542601
0.194500	96.207802
0.194600	115.624001
0.194700	37.958900
0.194800	37.958900
0.194900	135.039993
0.195000	135.039993
0.195100	115.624001
0.195200	115.624001
0.195300	8.834420
0.195400	-97.955299
0.195500	8.834420
0.195600	135.039993
0.195700	135.039993
0.195800	37.958900
0.195900	18.542601
0.196000	57.375198
0.196100	57.375198
0.196200	18.542601
0.196300	96.207802
0.196400	-20.290001
0.196500	18.542601
0.196600	18.542601
0.196700	18.542601
0.196800	-20.290001
0.196900	135.039993
0.197000	96.207802
0.197100	-20.290001
0.197200	18.542601
0.197300	-20.290001
0.197400	-0.873734
0.197500	57.375198
0.197600	37.958900
0.197700	86.499702
0.197800	8.834420
0.197900	-39.706299
0.198000	-97.955299
0.198100	-97.955299
0.198200	-78.539001
0.198300	-0.873734
0.198400	57.375198
0.198500	57.375198
0.198600	18.542601
0.198700	8.834420
0.198800	-0.873734
0.198900	-39.706299
0.199000	-20.290001
0.199100	57.375198
0.199200	-107.663002
0.199300	-136.787994
0.199400	-20.290001
0.199500	-20.290001
0.199600	18.542601
0.199700	-20.290001
0.199800	37.958900
0.199900	105.916000
0.200000	57.375198
0.200100	-20.290001
0.200200	18.542601
0.200300	-20.290001
0.200400	-20.290001
0.200500	8.834420
0.200600	57.375198
0.200700	-20.290001
0.200800	-59.122700
0.200900	-20.290001
0.201000	18.542601
0.201100	-20.290001
0.201200	-59.122700
0.201300	-20.290001
0.201400	8.834420
0.201500	37.958900
0.201600	57.375198
0.201700	96.207802
0.201800	-59.122700
0.201900	-20.290001
0.202000	57.375198
0.202100	-20.290001
0.202200	-29.998199
0.202300	-117.372002
0.202400	-59.122700
0.202500	18.542601
0.202600	18.542601
0.202700	37.958900
0.202800	-0.873734
0.202900	-107.663002
0.203000	47.667000
0.203100	115.624001
0.203200	37.958900
0.203300	18.542601
0.203400	57.375198
0.203500	57.375198
0.203600	37.958900
0.203700	18.542601
0.203800	18.542601
0.203900	57.375198
0.204000	57.375198
0.204100	96.207802
0.204200	28.250700
0.204300	57.375198
0.204400	96.207802
0.204500	-20.290001
0.204600	-97.955299
0.204700	-20.290001
0.204800	-97.955299
0.204900	-97.955299
0.205000	18.542601
0.205100	-20.290001
0.205200	-20.290001
0.205300	-0.873734
0.205400	57.375198
0.205500	-20.290001
0.205600	-59.122700
0.205700	-59.122700
0.205800	-59.122700
0.205900	18.542601
0.206000	96.207802
0.206100	37.958900
0.206200	-49.414501
0.206300	-39.706299
0.206400	-20.290001
0.206500	18.542601
0.206600	18.542601
0.206700	-97.955299
0.206800	-59.122700
0.206900	-20.290001
0.207000	-20.290001
0.207100	-59.122700
0.207200	-39.706299
0.207300	-20.290001
0.207400	-20.290001
0.207500	-39.706299
0.207600	-136.787994
0.207700	-78.539001
0.207800	57.375198
0.207900	18.542601
0.208000	76.791496
0.208100	135.039993
0.208200	18.542601
0.208300	37.958900
0.208400	18.542601
0.208500	-0.873734
0.208600	-0.873734
0.208700	57.375198
0.208800	8.834420
0.208900	-20.290001
0.209000	57.375198
0.209100	18.542601
0.209200	135.039993
0.209300	57.375198
0.209400	-97.955299
0.209500	-20.290001
0.209600	-0.873734
0.209700	-78.539001
0.209800	-59.122700
0.209900	-59.122700
0.210000	-0.873734
0.210100	57.375198
0.210200	37.958900
0.210300	-59.122700
0.210400	-117.372002
0.210500	-59.122700
0.210600	-59.122700
0.210700	18.542601
0.210800	57.375198
0.210900	96.207802
0.211000	-20.290001
0.211100	-49.414501
0.211200	-59.122700
0.211300	-0.873734
0.211400	18.542601
0.211500	96.207802
0.211600	37.958900
0.211700	-39.706299
0.211800	96.207802
0.211900	212.705994
0.212000	96.207802
0.212100	-0.873734
0.212200	-39.706299
0.212300	-97.955299
0.212400	47.667000
0.212500	57.375198
0.212600	-0.873734
0.212700	18.542601
0.212800	96.207802
0.212900	96.207802
0.213000	96.207802
0.213100	-97.955299
0.213200	-68.830803
0.213300	-20.290001
0.213400	18.542601
0.213500	18.542601
0.213600	-20.290001
0.213700	37.958900
0.213800	96.207802
0.213900	115.624001
0.214000	96.207802
0.214100	173.873001
0.214200	57.375198
0.214300	8.834420
0.214400	18.542601
0.214500	125.332001
0.214600	115.624001
0.214700	115.624001
0.214800	135.039993
0.214900	57.375198
0.215000	-68.830803
0.215100	-20.290001
0.215200	96.207802
0.215300	57.375198
0.215400	57.375198
0.215500	57.375198
0.215600	18.542601
0.215700	-0.873734
0.215800	-20.290001
0.215900	-59.122700
0.216000	-20.290001
0.216100	57.375198
0.216200	-20.290001
0.216300	-20.290001
0.216400	-20.290001
0.216500	-20.290001
0.216600	47.667000
0.216700	96.207802
0.216800	57.375198
0.216900	57.375198
0.217000	57.375198
0.217100	18.542601
0.217200	-20.290001
0.217300	96.207802
0.217400	164.164993
0.217500	57.375198
0.217600	-20.290001
0.217700	-39.706299
0.217800	18.542601
0.217900	57.375198
0.218000	37.958900
0.218100	-59.122700
0.218200	-20.290001
0.218300	96.207802
0.218400	37.958900
0.218500	-20.290001
0.218600	18.542601
0.218700	18.542601
0.218800	96.207802
0.218900	-20.290001
0.219000	-20.290001
0.219100	-20.290001
0.219200	37.958900
0.219300	135.039993
0.219400	18.542601
0.219500	18.542601
0.219600	96.207802
0.219700	57.375198
0.219800	-20.290001
0.219900	57.375198
0.220000	96.207802
0.220100	-0.873734
0.220200	-97.955299
0.220300	-20.290001
0.220400	18.542601
0.220500	-0.873734
0.220600	18.542601
0.220700	-20.290001
0.220800	-59.122700
0.220900	-20.290001
0.221000	18.542601
0.221100	57.375198
0.221200	57.375198
0.221300	-0.873734
0.221400	57.375198
0.221500	154.457001
0.221600	96.207802
0.221700	37.958900
0.221800	37.958900
0.221900	96.207802
0.222000	173.873001
0.222100	164.164993
0.222200	57.375198
0.222300	18.542601
0.222400	-0.873734
0.222500	-20.290001
0.222600	18.542601
0.222700	18.542601
0.222800	-20.290001
0.222900	18.542601
0.223000	37.958900
0.223100	-20.290001
0.223200	57.375198
0.223300	86.499702
0.223400	57.375198
0.223500	57.375198
0.223600	18.542601
0.223700	135.039993
0.223800	115.624001
0.223900	57.375198
0.224000	18.542601
0.224100	57.375198
0.224200	-20.290001
0.224300	-39.706299
0.224400	57.375198
0.224500	-59.122700
0.224600	-136.787994
0.224700	-59.122700
0.224800	18.542601
0.224900	-20.290001
0.225000	47.667000
0.225100	18.542601
0.225200	37.958900
0.225300	57.375198
0.225400	-20.290001
0.225500	-39.706299
0.225600	-39.706299
0.225700	57.375198
0.225800	8.834420
0.225900	-97.955299
0.226000	-59.122700
0.226100	-20.290001
0.226200	-97.955299
0.226300	-117.372002
0.226400	-20.290001
0.226500	18.542601
0.226600	37.958900
0.226700	37.958900
0.226800	-59.122700
0.226900	-20.290001
0.227000	-39.706299
0.227100	-97.955299
0.227200	-59.122700
0.227300	18.542601
0.227400	18.542601
0.227500	-20.290001
0.227600	-97.955299
0.227700	-39.706299
0.227800	-97.955299
0.227900	-20.290001
0.228000	18.542601
0.228100	57.375198
0.228200	-0.873734
0.228300	-20.290001
0.228400	-29.998199
0.228500	-39.706299
0.228600	-0.873734
0.228700	-20.290001
0.228800	-39.706299
0.228900	-78.539001
0.229000	-97.955299
0.229100	-39.706299
0.229200	37.958900
0.229300	-0.873734
0.229400	28.250700
0.229500	-0.873734
0.229600	115.624001
0.229700	135.039993
0.229800	37.958900
0.229900	-20.290001
0.230000	37.958900
0.230100	18.542601
0.230200	-20.290001
0.230300	-97.955299
0.230400	-59.122700
0.230500	18.542601
0.230600	18.542601
0.230700	96.207802
0.230800	86.499702
0.230900	96.207802
0.231000	76.791496
0.231100	37.958900
0.231200	47.667000
0.231300	57.375198
0.231400	-0.873734
0.231500	-20.290001
0.231600	18.542601
0.231700	57.375198
0.231800	135.039993
0.231900	96.207802
0.232000	76.791496
0.232100	-20.290001
0.232200	-97.955299
0.232300	-20.290001
0.232400	57.375198
0.232500	173.873001
0.232600	135.039993
0.232700	37.958900
0.232800	96.207802
0.232900	135.039993
0.233000	135.039993
0.233100	18.542601
0.233200	-20.290001
0.233300	37.958900
0.233400	-10.581900
0.233500	-20.290001
0.233600	-59.122700
0.233700	-59.122700
0.233800	-39.706299
0.233900	37.958900
0.234000	-20.290001
0.234100	-20.290001
0.234200	-97.955299
0.234300	-117.372002
0.234400	-20.290001
0.234500	57.375198
0.234600	-20.290001
0.234700	-20.290001
0.234800	18.542601
0.234900	-136.787994
0.235000	-20.290001
0.235100	57.375198
0.235200	96.207802
0.235300	-20.290001
0.235400	-20.290001
0.235500	-20.290001
0.235600	8.834420
0.235700	57.375198
0.235800	28.250700
0.235900	57.375198
0.236000	18.542601
0.236100	-20.290001
0.236200	-20.290001
0.236300	-10.581900
0.236400	-0.873734
0.236500	57.375198
0.236600	28.250700
0.236700	-20.290001
0.236800	18.542601
0.236900	173.873001
0.237000	135.039993
0.237100	96.207802
0.237200	57.375198
0.237300	-0.873734
0.237400	-20.290001
0.237500	18.542601
0.237600	57.375198
0.237700	57.375198
0.237800	57.375198
0.237900	-0.873734
0.238000	18.542601
0.238100	18.542601
0.238200	57.375198
0.238300	57.375198
0.238400	28.250700
0.238500	-20.290001
0.238600	18.542601
0.238700	57.375198
0.238800	135.039993
0.238900	57.375198
0.239000	-20.290001
0.239100	57.375198
0.239200	96.207802
0.239300	135.039993
0.239400	57.375198
0.239500	18.542601
0.239600	135.039993
0.239700	135.039993
0.239800	96.207802
0.239900	57.375198
0.240000	18.542601
0.240100	86.499702
0.240200	135.039993
0.240300	18.542601
0.240400	57.375198
0.240500	57.375198
0.240600	115.624001
0.240700	57.375198
0.240800	-20.290001
0.240900	-29.998199
0.241000	8.834420
0.241100	-20.290001
0.241200	-59.122700
0.241300	-29.998199
0.241400	-0.873734
0.241500	-29.998199
0.241600	-20.290001
0.241700	-78.539001
0.241800	-20.290001
0.241900	18.542601
0.242000	-20.290001
0.242100	-20.290001
0.242200	-20.290001
0.242300	135.039993
0.242400	173.873001
0.242500	57.375198
0.242600	-59.122700
0.242700	-20.290001
0.242800	18.542601
0.242900	-0.873734
0.243000	-39.706299
0.243100	-20.290001
0.243200	-20.290001
0.243300	-39.706299
0.243400	-0.873734
0.243500	18.542601
0.243600	-20.290001
0.243700	-97.955299
0.243800	-59.122700
0.243900	-59.122700
0.244000	-20.290001
0.244100	-20.290001
0.244200	-20.290001
0.244300	18.542601
0.244400	18.542601
0.244500	-10.581900
0.244600	-20.290001
0.244700	57.375198
0.244800	-39.706299
0.244900	57.375198
0.245000	57.375198
0.245100	8.834420
0.245200	-78.539001
0.245300	-20.290001
0.245400	-20.290001
0.245500	-59.122700
0.245600	-20.290001
0.245700	-20.290001
0.245800	-20.290001
0.245900	-59.122700
0.246000	-20.290001
0.246100	57.375198
0.246200	18.542601
0.246300	-20.290001
0.246400	-20.290001
0.246500	57.375198
0.246600	86.499702
0.246700	8.834420
0.246800	-20.290001
0.246900	135.039993
0.247000	96.207802
0.247100	18.542601
0.247200	18.542601
0.247300	-10.581900
0.247400	-59.122700
0.247500	18.542601
0.247600	57.375198
0.247700	57.375198
0.247800	-20.290001
0.247900	-20.290001
0.248000	8.834420
0.248100	-20.290001
0.248200	-20.290001
0.248300	-59.122700
0.248400	-97.955299
0.248500	-136.787994
0.248600	-39.706299
0.248700	-20.290001
0.248800	-97.955299
0.248900	-107.663002
0.249000	-59.122700
0.249100	57.375198
0.249200	135.039993
0.249300	115.624001
0.249400	37.958900
0.249500	18.542601
0.249600	-0.873734
0.249700	57.375198
0.249800	57.375198
0.249900	8.834420
0.250000	-59.122700
0.250100	-97.955299
0.250200	37.958900
0.250300	57.375198
0.250400	-0.873734
0.250500	18.542601
0.250600	-59.122700
0.250700	-68.830803
0.250800	-20.290001
0.250900	-20.290001
0.251000	57.375198
0.251100	-20.290001
0.251200	-20.290001
0.251300	37.958900
0.251400	115.624001
0.251500	-97.955299
0.251600	-136.787994
0.251700	37.958900
0.251800	-20.290001
0.251900	-97.955299
0.252000	-117.372002
0.252100	-59.122700
0.252200	18.542601
0.252300	57.375198
0.252400	96.207802
0.252500	18.542601
0.252600	18.542601
0.252700	57.375198
0.252800	18.542601
0.252900	-39.706299
0.253000	-20.290001
0.253100	-20.290001
0.253200	-20.290001
0.253300	-0.873734
0.253400	18.542601
0.253500	-20.290001
0.253600	-0.873734
0.253700	57.375198
0.253800	-59.122700
0.253900	-97.955299
0.254000	57.375198
0.254100	96.207802
0.254200	-59.122700
0.254300	-20.290001
0.254400	-78.539001
0.254500	-59.122700
0.254600	57.375198
0.254700	57.375198
0.254800	-39.706299
0.254900	-20.290001
0.255000	86.499702
0.255100	-0.873734
0.255200	8.834420
0.255300	37.958900
0.255400	18.542601
0.255500	-20.290001
0.255600	18.542601
0.255700	57.375198
0.255800	-20.290001
0.255900	-39.706299
0.256000	-39.706299
0.256100	-20.290001
0.256200	37.958900
0.256300	96.207802
0.256400	57.375198
0.256500	57.375198
0.256600	37.958900
0.256700	57.375198
0.256800	96.207802
0.256900	-39.706299
0.257000	-136.787994
0.257100	-97.955299
0.257200	18.542601
0.257300	-39.706299
0.257400	-117.372002
0.257500	-59.122700
0.257600	37.958900
0.257700	-20.290001
0.257800	-20.290001
0.257900	-0.873734
0.258000	-20.290001
0.258100	-20.290001
0.258200	-20.290001
0.258300	-39.706299
0.258400	-20.290001
0.258500	76.791496
0.258600	57.375198
0.258700	-20.290001
0.258800	-97.955299
0.258900	-0.873734
0.259000	8.834420
0.259100	-0.873734
0.259200	57.375198
0.259300	86.499702
0.259400	37.958900
0.259500	-20.290001
0.259600	-97.955299
0.259700	-20.290001
0.259800	57.375198
0.259900	57.375198
0.260000	135.039993
0.260100	115.624001
0.260200	18.542601
0.260300	18.542601
0.260400	57.375198
0.260500	-20.290001
0.260600	-20.290001
0.260700	37.958900
0.260800	57.375198
0.260900	125.332001
0.261000	57.375198
0.261100	115.624001
0.261200	96.207802
0.261300	57.375198
0.261400	18.542601
0.261500	57.375198
0.261600	-20.290001
0.261700	57.375198
0.261800	57.375198
0.261900	18.542601
0.262000	18.542601
0.262100	57.375198
0.262200	96.207802
0.262300	-39.706299
0.262400	-68.830803
0.262500	-20.290001
0.262600	18.542601
0.262700	135.039993
0.262800	135.039993
0.262900	-20.290001
0.263000	-0.873734
0.263100	18.542601
0.263200	-59.122700
0.263300	-39.706299
0.263400	-20.290001
0.263500	-20.290001
0.263600	164.164993
0.263700	96.207802
0.263800	-59.122700
0.263900	-20.290001
0.264000	-59.122700
0.264100	-59.122700
0.264200	-20.290001
0.264300	18.542601
0.264400	18.542601
0.264500	96.207802
0.264600	-59.122700
0.264700	-20.290001
0.264800	-0.873734
0.264900	-20.290001
0.265000	-59.122700
0.265100	-20.290001
0.265200	18.542601
0.265300	-59.122700
0.265400	-39.706299
0.265500	-0.873734
0.265600	-20.290001
0.265700	-20.290001
0.265800	57.375198
0.265900	76.791496
0.266000	-29.998199
0.266100	-59.122700
0.266200	18.542601
0.266300	135.039993
0.266400	135.039993
0.266500	18.542601
0.266600	57.375198
0.266700	-0.873734
0.266800	-20.290001
0.266900	47.667000
0.267000	-20.290001
0.267100	57.375198
0.267200	57.375198
0.267300	135.039993
0.267400	37.958900
0.267500	57.375198
0.267600	-0.873734
0.267700	-39.706299
0.267800	-20.290001
0.267900	-20.290001
0.268000	18.542601
0.268100	57.375198
0.268200	57.375198
0.268300	-0.873734
0.268400	-20.290001
0.268500	8.834420
0.268600	-0.873734
0.268700	-97.955299
0.268800	-39.706299
0.268900	37.958900
0.269000	96.207802
0.269100	57.375198
0.269200	37.958900
0.269300	37.958900
0.269400	18.542601
0.269500	8.834420
0.269600	-59.122700
0.269700	-0.873734
0.269800	-20.290001
0.269900	-20.290001
0.270000	57.375198
0.270100	18.542601
0.270200	-39.706299
0.270300	-20.290001
0.270400	47.667000
0.270500	18.542601
0.270600	18.542601
0.270700	76.791496
0.270800	57.375198
0.270900	-29.998199
0.271000	-20.290001
0.271100	-97.955299
0.271200	-78.539001
0.271300	-10.581900
0.271400	8.834420
0.271500	18.542601
0.271600	96.207802
0.271700	18.542601
0.271800	-20.290001
0.271900	-20.290001
0.272000	57.375198
0.272100	37.958900
0.272200	-20.290001
0.272300	-20.290001
0.272400	-20.290001
0.272500	-59.122700
0.272600	-97.955299
0.272700	37.958900
0.272800	8.834420
0.272900	18.542601
0.273000	-20.290001
0.273100	57.375198
0.273200	135.039993
0.273300	96.207802
0.273400	57.375198
0.273500	135.039993
0.273600	96.207802
0.273700	57.375198
0.273800	18.542601
0.273900	18.542601
0.274000	-39.706299
0.274100	-20.290001
0.274200	57.375198
0.274300	96.207802
0.274400	57.375198
0.274500	8.834420
0.274600	18.542601
0.274700	-10.581900
0.274800	-29.998199
0.274900	-29.998199
0.275000	57.375198
0.275100	57.375198
0.275200	76.791496
0.275300	-10.581900
0.275400	-20.290001
0.275500	37.958900
0.275600	18.542601
0.275700	-20.290001
0.275800	-20.290001
0.275900	18.542601
0.276000	115.624001
0.276100	18.542601
0.276200	-20.290001
0.276300	57.375198
0.276400	18.542601
0.276500	37.958900
0.276600	115.624001
0.276700	18.542601
0.276800	-39.706299
0.276900	8.834420
0.277000	115.624001
0.277100	18.542601
0.277200	57.375198
0.277300	57.375198
0.277400	-20.290001
0.277500	-59.122700
0.277600	-0.873734
0.277700	37.958900
0.277800	-59.122700
0.277900	18.542601
0.278000	115.624001
0.278100	18.542601
0.278200	18.542601
0.278300	-59.122700
0.278400	37.958900
0.278500	57.375198
0.278600	125.332001
0.278700	86.499702
0.278800	18.542601
0.278900	-20.290001
0.279000	-20.290001
0.279100	18.542601
0.279200	115.624001
0.279300	96.207802
0.279400	-59.122700
0.279500	-59.122700
0.279600	18.542601
0.279700	57.375198
0.279800	135.039993
0.279900	135.039993
0.280000	96.207802
0.280100	57.375198
0.280200	-39.706299
0.280300	-59.122700
0.280400	-156.203995
0.280500	-59.122700
0.280600	-59.122700
0.280700	-20.290001
0.280800	57.375198
0.280900	96.207802
0.281000	-20.290001
0.281100	-20.290001
0.281200	57.375198
0.281300	37.958900
0.281400	57.375198
0.281500	8.834420
0.281600	-29.998199
0.281700	-97.955299
0.281800	-39.706299
0.281900	-59.122700
0.282000	-97.955299
0.282100	37.958900
0.282200	115.624001
0.282300	76.791496
0.282400	-20.290001
0.282500	-117.372002
0.282600	-20.290001
0.282700	57.375198
0.282800	18.542601
0.282900	-20.290001
0.283000	-20.290001
0.283100	28.250700
0.283200	47.667000
0.283300	96.207802
0.283400	37.958900
0.283500	18.542601
0.283600	115.624001
0.283700	135.039993
0.283800	115.624001
0.283900	-0.873734
0.284000	18.542601
0.284100	37.958900
0.284200	18.542601
0.284300	57.375198
0.284400	96.207802
0.284500	-20.290001
0.284600	96.207802
0.284700	96.207802
0.284800	-20.290001
0.284900	47.667000
0.285000	173.873001
0.285100	135.039993
0.285200	135.039993
0.285300	18.542601
0.285400	18.542601
0.285500	18.542601
0.285600	-97.955299
0.285700	-0.873734
0.285800	212.705994
0.285900	96.207802
0.286000	-20.290001
0.286100	57.375198
0.286200	18.542601
0.286300	57.375198
0.286400	57.375198
0.286500	57.375198
0.286600	-20.290001
0.286700	-59.122700
0.286800	8.834420
0.286900	18.542601
0.287000	-0.873734
0.287100	-59.122700
0.287200	-20.290001
0.287300	-20.290001
0.287400	57.375198
0.287500	8.834420
0.287600	-59.122700
0.287700	-20.290001
0.287800	18.542601
0.287900	18.542601
0.288000	-20.290001
0.288100	-20.290001
0.288200	-20.290001
0.288300	-0.873734
0.288400	18.542601
0.288500	115.624001
0.288600	115.624001
0.288700	135.039993
0.288800	57.375198
0.288900	18.542601
0.289000	8.834420
0.289100	18.542601
0.289200	57.375198
0.289300	57.375198
0.289400	-20.290001
0.289500	-78.539001
0.289600	-20.290001
0.289700	57.375198
0.289800	57.375198
0.289900	-20.290001
0.290000	-20.290001
0.290100	57.375198
0.290200	18.542601
0.290300	57.375198
0.290400	135.039993
0.290500	18.542601
0.290600	-39.706299
0.290700	57.375198
0.290800	18.542601
0.290900	115.624001
0.291000	154.457001
0.291100	135.039993
0.291200	-20.290001
0.291300	-20.290001
0.291400	-20.290001
0.291500	-20.290001
0.291600	-29.998199
0.291700	8.834420
0.291800	57.375198
0.291900	115.624001
0.292000	57.375198
0.292100	-49.414501
0.292200	18.542601
0.292300	173.873001
0.292400	115.624001
0.292500	18.542601
0.292600	-20.290001
0.292700	18.542601
0.292800	18.542601
0.292900	57.375198
0.293000	57.375198
0.293100	-20.290001
0.293200	-29.998199
0.293300	-20.290001
0.293400	57.375198
0.293500	135.039993
0.293600	135.039993
0.293700	-20.290001
0.293800	-20.290001
0.293900	18.542601
0.294000	-20.290001
0.294100	57.375198
0.294200	125.332001
0.294300	57.375198
0.294400	-20.290001
0.294500	18.542601
0.294600	37.958900
0.294700	-59.122700
0.294800	18.542601
0.294900	115.624001
0.295000	37.958900
0.295100	-117.372002
0.295200	-117.372002
0.295300	-20.290001
0.295400	-0.873734
0.295500	-0.873734
0.295600	-0.873734
0.295700	37.958900
0.295800	-59.122700
0.295900	-20.290001
0.296000	18.542601
0.296100	-0.873734
0.296200	-20.290001
0.296300	-20.290001
0.296400	-97.955299
0.296500	-97.955299
0.296600	-59.122700
0.296700	-39.706299
0.296800	-97.955299
0.296900	-39.706299
0.297000	135.039993
0.297100	-20.290001
0.297200	-20.290001
0.297300	-20.290001
0.297400	-78.539001
0.297500	18.542601
0.297600	37.958900
0.297700	18.542601
0.297800	18.542601
0.297900	173.873001
0.298000	135.039993
0.298100	18.542601
0.298200	-20.290001
0.298300	18.542601
0.298400	18.542601
0.298500	-59.122700
0.298600	-39.706299
0.298700	-97.955299
0.298800	-20.290001
0.298900	18.542601
0.299000	18.542601
0.299100	18.542601
0.299200	-20.290001
0.299300	-97.955299
0.299400	-59.122700
0.299500	-20.290001
0.299600	57.375198
0.299700	18.542601
0.299800	-20.290001
0.299900	18.542601
