-0.050000	-7.333500
-0.049900	-4.957640
-0.049800	0.269265
-0.049700	0.269265
-0.049600	-1.631430
-0.049500	-5.432810
-0.049400	-3.056950
-0.049300	-4.957640
-0.049200	-5.432810
-0.049100	-1.631430
-0.049000	-1.631430
-0.048900	-2.581770
-0.048800	-1.631430
-0.048700	-4.482470
-0.048600	-4.007290
-0.048500	0.269265
-0.048400	0.744438
-0.048300	-2.106600
-0.048200	-1.156250
-0.048100	0.269265
-0.048000	-4.482470
-0.047900	-6.383160
-0.047800	-4.482470
-0.047700	-2.106600
-0.047600	-2.106600
-0.047500	2.169960
-0.047400	3.120300
-0.047300	2.169960
-0.047200	4.070650
-0.047100	0.744438
-0.047000	-4.957640
-0.046900	-6.383160
-0.046800	-5.432810
-0.046700	-3.056950
-0.046600	-7.333500
-0.046500	-6.858330
-0.046400	-4.482470
-0.046300	-2.106600
-0.046200	0.744438
-0.046100	-1.631430
-0.046000	-3.056950
-0.045900	0.269265
-0.045800	3.120300
-0.045700	-3.056950
-0.045600	-7.333500
-0.045500	-5.907980
-0.045400	-3.056950
-0.045300	-1.631430
-0.045200	1.219610
-0.045100	0.744438
-0.045000	-4.007290
-0.044900	-2.581770
-0.044800	-1.631430
-0.044700	-2.581770
-0.044600	-4.482470
-0.044500	-1.631430
-0.044400	-1.631430
-0.044300	0.269265
-0.044200	-1.156250
-0.044100	-1.631430
-0.044000	-0.681081
-0.043900	-2.106600
-0.043800	-0.681081
-0.043700	-0.205908
-0.043600	-3.532120
-0.043500	-1.156250
-0.043400	0.269265
-0.043300	-2.106600
-0.043200	-3.532120
-0.043100	-2.581770
-0.043000	-0.205908
-0.042900	1.219610
-0.042800	5.496170
-0.042700	1.694780
-0.042600	0.269265
-0.042500	4.070650
-0.042400	3.120300
-0.042300	-0.205908
-0.042200	-1.631430
-0.042100	-2.581770
-0.042000	-3.532120
-0.041900	-0.681081
-0.041800	0.269265
-0.041700	0.269265
-0.041600	-3.532120
-0.041500	-2.106600
-0.041400	-1.156250
-0.041300	-4.482470
-0.041200	-6.383160
-0.041100	-1.156250
-0.041000	0.744438
-0.040900	-2.106600
-0.040800	-5.432810
-0.040700	-0.681081
-0.040600	2.645130
-0.040500	0.269265
-0.040400	-1.156250
-0.040300	1.694780
-0.040200	-2.581770
-0.040100	-5.432810
-0.040000	-6.383160
-0.039900	0.269265
-0.039800	2.645130
-0.039700	1.219610
-0.039600	-2.581770
-0.039500	-1.631430
-0.039400	-2.581770
-0.039300	-4.482470
-0.039200	-4.482470
-0.039100	-7.333500
-0.039000	-2.581770
-0.038900	1.219610
-0.038800	0.269265
-0.038700	0.269265
-0.038600	-0.205908
-0.038500	0.269265
-0.038400	-0.681081
-0.038300	-1.156250
-0.038200	2.169960
-0.038100	0.269265
-0.038000	0.269265
-0.037900	0.269265
-0.037800	-1.156250
-0.037700	-3.532120
-0.037600	-3.532120
-0.037500	-0.681081
-0.037400	-1.156250
-0.037300	-5.432810
-0.037200	-4.957640
-0.037100	-0.681081
-0.037000	-3.532120
-0.036900	-5.907980
-0.036800	-2.581770
-0.036700	-4.957640
-0.036600	-7.333500
-0.036500	0.269265
-0.036400	5.020990
-0.036300	5.020990
-0.036200	1.694780
-0.036100	-0.205908
-0.036000	0.744438
-0.035900	-0.205908
-0.035800	1.694780
-0.035700	2.169960
-0.035600	0.744438
-0.035500	0.269265
-0.035400	3.120300
-0.035300	5.496170
-0.035200	1.219610
-0.035100	-1.631430
-0.035000	-1.631430
-0.034900	-4.007290
-0.034800	-4.482470
-0.034700	-1.631430
-0.034600	-5.907980
-0.034500	-2.581770
-0.034400	1.694780
-0.034300	-1.631430
-0.034200	-2.106600
-0.034100	-1.631430
-0.034000	-3.056950
-0.033900	-2.581770
-0.033800	0.269265
-0.033700	1.219610
-0.033600	0.269265
-0.033500	-3.532120
-0.033400	0.269265
-0.033300	1.219610
-0.033200	-2.106600
-0.033100	-0.681081
-0.033000	0.269265
-0.032900	0.269265
-0.032800	0.269265
-0.032700	0.269265
-0.032600	1.219610
-0.032500	-1.156250
-0.032400	-1.156250
-0.032300	-0.681081
-0.032200	-4.957640
-0.032100	-3.532120
-0.032000	0.269265
-0.031900	-0.205908
-0.031800	-1.631430
-0.031700	1.219610
-0.031600	0.269265
-0.031500	-1.631430
-0.031400	0.269265
-0.031300	0.269265
-0.031200	1.219610
-0.031100	5.020990
-0.031000	4.070650
-0.030900	-2.106600
-0.030800	-3.532120
-0.030700	0.269265
-0.030600	-0.205908
-0.030500	1.219610
-0.030400	-1.631430
-0.030300	-1.631430
-0.030200	-0.681081
-0.030100	-2.106600
-0.030000	-2.106600
-0.029900	-1.631430
-0.029800	1.219610
-0.029700	-0.205908
-0.029600	0.269265
-0.029500	3.120300
-0.029400	2.169960
-0.029300	2.645130
-0.029200	-1.631430
-0.029100	0.269265
-0.029000	1.219610
-0.028900	-1.156250
-0.028800	-1.156250
-0.028700	0.269265
-0.028600	-0.681081
-0.028500	-4.482470
-0.028400	-3.056950
-0.028300	-1.156250
-0.028200	2.169960
-0.028100	1.219610
-0.028000	-1.631430
-0.027900	-1.156250
-0.027800	-0.681081
-0.027700	2.645130
-0.027600	7.872030
-0.027500	6.446510
-0.027400	2.645130
-0.027300	0.269265
-0.027200	0.269265
-0.027100	2.169960
-0.027000	0.269265
-0.026900	-1.631430
-0.026800	-0.681081
-0.026700	3.595480
-0.026600	6.446510
-0.026500	6.446510
-0.026400	2.645130
-0.026300	0.269265
-0.026200	2.169960
-0.026100	-0.681081
-0.026000	-6.383160
-0.025900	-0.681081
-0.025800	2.169960
-0.025700	4.545820
-0.025600	2.169960
-0.025500	-4.482470
-0.025400	0.269265
-0.025300	2.645130
-0.025200	-0.681081
-0.025100	-0.205908
-0.025000	-0.681081
-0.024900	0.269265
-0.024800	2.169960
-0.024700	2.169960
-0.024600	-1.156250
-0.024500	0.744438
-0.024400	-0.681081
-0.024300	-4.482470
-0.024200	-4.957640
-0.024100	0.269265
-0.024000	3.120300
-0.023900	-0.205908
-0.023800	-1.631430
-0.023700	-0.681081
-0.023600	-1.631430
-0.023500	-3.532120
-0.023400	-3.532120
-0.023300	-0.681081
-0.023200	4.070650
-0.023100	2.645130
-0.023000	1.694780
-0.022900	1.219610
-0.022800	-0.681081
-0.022700	0.269265
-0.022600	2.169960
-0.022500	0.269265
-0.022400	-2.581770
-0.022300	-2.581770
-0.022200	-2.581770
-0.022100	-0.681081
-0.022000	0.269265
-0.021900	-2.581770
-0.021800	-0.681081
-0.021700	4.070650
-0.021600	3.595480
-0.021500	2.645130
-0.021400	1.219610
-0.021300	2.169960
-0.021200	5.020990
-0.021100	5.496170
-0.021000	4.070650
-0.020900	2.645130
-0.020800	2.645130
-0.020700	4.545820
-0.020600	3.595480
-0.020500	2.169960
-0.020400	0.269265
-0.020300	1.694780
-0.020200	2.169960
-0.020100	3.120300
-0.020000	0.269265
-0.019900	-1.156250
-0.019800	0.269265
-0.019700	-0.681081
-0.019600	-0.681081
-0.019500	-1.156250
-0.019400	-3.056950
-0.019300	-4.007290
-0.019200	-1.631430
-0.019100	-0.681081
-0.019000	3.120300
-0.018900	5.020990
-0.018800	1.219610
-0.018700	1.219610
-0.018600	0.744438
-0.018500	1.219610
-0.018400	-0.205908
-0.018300	-1.156250
-0.018200	-1.156250
-0.018100	0.269265
-0.018000	0.269265
-0.017900	-0.205908
-0.017800	1.219610
-0.017700	-2.581770
-0.017600	-3.532120
-0.017500	-1.156250
-0.017400	3.120300
-0.017300	7.396860
-0.017200	1.219610
-0.017100	-0.681081
-0.017000	-3.532120
-0.016900	-5.432810
-0.016800	-3.532120
-0.016700	-1.156250
-0.016600	-0.205908
-0.016500	0.269265
-0.016400	0.269265
-0.016300	-0.681081
-0.016200	0.269265
-0.016100	-2.106600
-0.016000	0.269265
-0.015900	1.694780
-0.015800	-1.631430
-0.015700	-4.957640
-0.015600	-1.156250
-0.015500	-1.631430
-0.015400	-1.631430
-0.015300	1.219610
-0.015200	-0.681081
-0.015100	-1.631430
-0.015000	-0.681081
-0.014900	-1.156250
-0.014800	-1.631430
-0.014700	-1.631430
-0.014600	0.269265
-0.014500	3.120300
-0.014400	0.269265
-0.014300	1.219610
-0.014200	1.219610
-0.014100	-1.156250
-0.014000	-2.581770
-0.013900	0.269265
-0.013800	3.120300
-0.013700	0.269265
-0.013600	-1.156250
-0.013500	0.269265
-0.013400	-1.156250
-0.013300	1.219610
-0.013200	5.496170
-0.013100	3.595480
-0.013000	2.645130
-0.012900	2.169960
-0.012800	-3.056950
-0.012700	-5.907980
-0.012600	1.219610
-0.012500	3.120300
-0.012400	-1.631430
-0.012300	0.269265
-0.012200	4.545820
-0.012100	3.120300
-0.012000	2.169960
-0.011900	5.971340
-0.011800	4.070650
-0.011700	2.645130
-0.011600	1.694780
-0.011500	-0.681081
-0.011400	0.269265
-0.011300	-1.631430
-0.011200	-2.106600
-0.011100	3.120300
-0.011000	1.694780
-0.010900	-0.681081
-0.010800	0.744438
-0.010700	3.120300
-0.010600	3.595480
-0.010500	1.219610
-0.010400	0.744438
-0.010300	-1.156250
-0.010200	-1.156250
-0.010100	1.219610
-0.010000	-0.681081
-0.009900	-0.205908
-0.009800	0.744438
-0.009700	1.219610
-0.009600	1.694780
-0.009500	-1.631430
-0.009400	1.219610
-0.009300	2.169960
-0.009200	4.545820
-0.009100	1.219610
-0.009000	-0.681081
-0.008900	-0.681081
-0.008800	-1.156250
-0.008700	-1.631430
-0.008600	1.219610
-0.008500	1.694780
-0.008400	-1.156250
-0.008300	-0.681081
-0.008200	4.070650
-0.008100	5.496170
-0.008000	3.120300
-0.007900	3.120300
-0.007800	2.169960
-0.007700	1.219610
-0.007600	3.120300
-0.007500	-1.631430
-0.007400	0.269265
-0.007300	1.694780
-0.007200	3.120300
-0.007100	7.872030
-0.007000	7.872030
-0.006900	1.219610
-0.006800	-2.106600
-0.006700	-4.957640
-0.006600	-4.482470
-0.006500	-3.532120
-0.006400	-2.106600
-0.006300	-1.631430
-0.006200	-1.156250
-0.006100	-2.106600
-0.006000	-0.681081
-0.005900	-2.581770
-0.005800	-0.681081
-0.005700	0.269265
-0.005600	0.269265
-0.005500	0.269265
-0.005400	1.219610
-0.005300	-0.681081
-0.005200	-3.532120
-0.005100	-5.907980
-0.005000	-6.858330
-0.004900	-2.581770
-0.004800	0.269265
-0.004700	-3.532120
-0.004600	-5.432810
-0.004500	-2.581770
-0.004400	1.219610
-0.004300	-1.631430
-0.004200	-0.205908
-0.004100	2.645130
-0.004000	0.269265
-0.003900	-1.156250
-0.003800	-2.581770
-0.003700	-5.432810
-0.003600	-5.432810
-0.003500	-1.631430
-0.003400	-0.681081
-0.003300	-3.056950
-0.003200	-6.858330
-0.003100	-5.907980
-0.003000	-2.106600
-0.002900	1.694780
-0.002800	0.269265
-0.002700	-3.056950
-0.002600	-3.056950
-0.002500	-0.681081
-0.002400	-2.106600
-0.002300	-6.858330
-0.002200	-0.681081
-0.002100	0.269265
-0.002000	-0.681081
-0.001900	0.269265
-0.001800	-1.156250
-0.001700	-5.907980
-0.001600	-7.333500
-0.001500	-5.907980
-0.001400	-2.581770
-0.001300	-0.681081
-0.001200	-4.482470
-0.001100	-7.333500
-0.001000	-7.333500
-0.000900	-7.333500
-0.000800	-3.532120
-0.000700	-6.383160
-0.000600	-6.383160
-0.000500	-7.333500
-0.000400	-8.283850
-0.000300	-13.510800
-0.000200	-11.134900
-0.000100	-10.184500
0.000000	-9.234200
0.000100	-4.482470
0.000200	-1.631430
0.000300	-6.383160
0.000400	-10.184500
0.000500	-8.283850
0.000600	-9.234200
0.000700	-9.234200
0.000800	-2.581770
0.000900	-5.432810
0.001000	-17.787300
0.001100	-19.688000
0.001200	-6.858330
0.001300	-13.035600
0.001400	-19.688000
0.001500	-20.163200
0.001600	-7.333500
0.001700	-1.156250
0.001800	-9.234200
0.001900	-37.744598
0.002000	-26.815599
0.002100	6.921690
0.002200	5.971340
0.002300	-4.007290
0.002400	-1.631430
0.002500	11.198200
0.002600	3.120300
0.002700	-7.333500
0.002800	-4.482470
0.002900	0.744438
0.003000	1.219610
0.003100	4.070650
0.003200	7.396860
0.003300	-0.681081
0.003400	4.545820
0.003500	11.673400
0.003600	4.545820
0.003700	4.070650
0.003800	2.169960
0.003900	-1.631430
0.004000	1.694780
0.004100	10.723100
0.004200	9.772720
0.004300	6.921690
0.004400	7.872030
0.004500	8.822380
0.004600	10.723100
0.004700	16.425100
0.004800	16.425100
0.004900	19.276199
0.005000	17.375500
0.005100	15.474800
0.005200	13.574100
0.005300	10.723100
0.005400	8.822380
0.005500	16.425100
0.005600	25.453400
0.005700	24.978300
0.005800	23.077600
0.005900	23.077600
0.006000	21.652000
0.006100	23.077600
0.006200	30.680300
0.006300	29.730000
0.006400	21.176901
0.006500	22.127199
0.006600	16.425100
0.006700	13.098900
0.006800	20.701700
0.006900	24.978300
0.007000	24.027901
0.007100	23.077600
0.007200	28.779600
0.007300	26.879000
0.007400	30.205200
0.007500	31.155500
0.007600	24.027901
0.007700	22.127199
0.007800	14.999600
0.007900	7.396860
0.008000	7.872030
0.008100	7.872030
0.008200	12.623800
0.008300	15.474800
0.008400	9.772720
0.008500	6.921690
0.008600	7.396860
0.008700	7.872030
0.008800	14.524500
0.008900	15.474800
0.009000	19.276199
0.009100	28.779600
0.009200	23.077600
0.009300	27.829300
0.009400	35.432098
0.009500	37.332802
0.009600	32.581001
0.009700	28.779600
0.009800	27.829300
0.009900	21.652000
0.010000	21.652000
0.010100	34.956902
0.010200	35.432098
0.010300	33.531399
0.010400	19.276199
0.010500	17.375500
0.010600	17.375500
0.010700	12.623800
0.010800	17.375500
0.010900	26.403799
0.011000	23.077600
0.011100	14.049300
0.011200	20.226500
0.011300	28.779600
0.011400	18.325800
0.011500	18.325800
0.011600	30.680300
0.011700	30.680300
0.011800	27.829300
0.011900	27.829300
0.012000	14.999600
0.012100	6.446510
0.012200	19.276199
0.012300	23.552700
0.012400	16.425100
0.012500	12.148600
0.012600	6.921690
0.012700	7.872030
0.012800	1.219610
0.012900	-8.759020
0.013000	-9.234200
0.013100	-10.659700
0.013200	-17.787300
0.013300	-19.688000
0.013400	-21.113501
0.013500	-27.765900
0.013600	-38.694901
0.013700	-45.822498
0.013800	-54.850800
0.013900	-61.978401
0.014000	-61.028099
0.014100	-54.850800
0.014200	-45.347301
0.014300	-35.843899
0.014400	-37.744598
0.014500	-35.843899
0.014600	-26.340401
0.014700	-23.489401
0.014800	-23.489401
0.014900	-23.964600
0.015000	-22.063900
0.015100	-15.886600
0.015200	-7.333500
0.015300	-5.432810
0.015400	-12.085200
0.015500	-12.560400
0.015600	-15.886600
0.015700	-21.588699
0.015800	-16.837000
0.015900	-16.837000
0.016000	-14.936300
0.016100	-12.560400
0.016200	-21.113501
0.016300	-22.063900
0.016400	-8.759020
0.016500	-1.631430
0.016600	4.545820
0.016700	7.872030
0.016800	-10.659700
0.016900	-23.489401
0.017000	2.169960
0.017100	38.283100
0.017200	53.013500
0.017300	57.290001
0.017400	64.417603
0.017500	75.346603
0.017600	74.871399
0.017700	72.495598
0.017800	72.495598
0.017900	76.296898
0.018000	76.296898
0.018100	48.736900
0.018200	3.120300
0.018300	-29.666599
0.018400	-47.248001
0.018500	-37.269402
0.018600	-24.439699
0.018700	-32.042500
0.018800	-37.744598
0.018900	-34.893501
0.019000	-39.170101
0.019100	-44.396999
0.019200	-51.999802
0.019300	-54.850800
0.019400	-46.297699
0.019500	-46.772900
0.019600	-48.198399
0.019700	-22.539000
0.019800	-1.156250
0.019900	17.375500
0.020000	46.836201
0.020100	72.495598
0.020200	86.750801
0.020300	88.651398
0.020400	97.679703
0.020500	114.310997
0.020600	116.210999
0.020700	112.410004
0.020800	122.863998
0.020900	213.147003
0.021000	463.562988
0.021100	545.768005
0.021200	356.648987
0.021300	309.131989
0.021400	421.273010
0.021500	388.010010
0.021600	106.708000
0.021700	-136.580994
0.021800	-142.283005
0.021900	-59.602501
0.022000	65.843102
0.022100	295.826996
0.022200	421.747986
0.022300	385.158997
0.022400	325.763000
0.022500	297.252014
0.022600	258.763000
0.022700	217.423004
0.022800	177.033997
0.022900	101.005997
0.023000	19.751400
0.023100	-28.716299
0.023200	-78.609497
0.023300	-113.772003
0.023400	-113.772003
0.023500	-103.318001
0.023600	-113.296997
0.023700	-142.283005
0.023800	-81.935699
0.023900	-2.581770
0.024000	9.772720
0.024100	-1.156250
0.024200	-1.156250
0.024300	-0.205908
0.024400	0.744438
0.024500	-43.921799
0.024600	-45.347301
0.024700	190.337997
0.024800	319.585999
0.024900	243.557999
0.025000	177.033997
0.025100	152.324997
0.025200	124.289001
0.025300	128.565994
0.025400	133.317993
0.025500	140.445007
0.025600	127.615997
0.025700	110.985001
0.025800	85.800400
0.025900	64.892799
0.026000	38.758301
0.026100	3.120300
0.026200	-26.815599
0.026300	-45.347301
0.026400	-58.652199
0.026500	-61.028099
0.026600	-51.049400
0.026700	-44.872200
0.026800	-63.403900
0.026900	-68.155602
0.027000	-62.453602
0.027100	-54.375599
0.027200	-62.928699
0.027300	-64.354301
0.027400	-47.248001
0.027500	-24.439699
0.027600	6.446510
0.027700	62.992100
0.027800	76.296898
0.027900	42.084499
0.028000	35.432098
0.028100	51.587898
0.028200	44.935501
0.028300	22.602400
0.028400	-396.024994
0.028500	-1268.439941
0.028600	-1374.880005
0.028700	-889.255005
0.028800	-626.958984
0.028900	-539.526978
0.029000	-439.740997
0.029100	-363.713013
0.029200	-303.841003
0.029300	-244.445007
0.029400	-206.906006
0.029500	-182.671997
0.029600	-165.091003
0.029700	-148.934998
0.029800	-120.900002
0.029900	-99.041901
0.030000	-89.063301
0.030100	-76.233597
0.030200	-59.602501
0.030300	-57.226700
0.030400	-59.127399
0.030500	-54.850800
0.030600	-49.148701
0.030700	-47.248001
0.030800	-51.049400
0.030900	-48.198399
0.031000	-47.723202
0.031100	-51.524601
0.031200	-47.723202
0.031300	-37.744598
0.031400	-18.737700
0.031500	2.169960
0.031600	11.673400
0.031700	3.595480
0.031800	-22.063900
0.031900	-51.049400
0.032000	-52.950100
0.032100	-32.042500
0.032200	-13.510800
0.032300	0.269265
0.032400	12.148600
0.032500	15.474800
0.032600	19.751400
0.032700	16.900299
0.032800	16.425100
0.032900	18.325800
0.033000	14.524500
0.033100	13.574100
0.033200	15.474800
0.033300	17.375500
0.033400	15.950000
0.033500	12.623800
0.033600	7.872030
0.033700	4.545820
0.033800	7.872030
0.033900	14.524500
0.034000	24.978300
0.034100	30.680300
0.034200	25.928600
0.034300	29.730000
0.034400	31.630699
0.034500	28.304501
0.034600	25.928600
0.034700	28.779600
0.034800	31.630699
0.034900	39.233501
0.035000	43.509998
0.035100	32.581001
0.035200	26.879000
0.035300	30.680300
0.035400	25.928600
0.035500	25.453400
0.035600	30.205200
0.035700	30.205200
0.035800	28.779600
0.035900	27.829300
0.036000	30.205200
0.036100	36.857601
0.036200	44.460400
0.036300	44.935501
0.036400	40.183800
0.036500	43.034801
0.036600	45.885899
0.036700	52.063099
0.036800	58.240398
0.036900	60.616199
0.037000	51.587898
0.037100	33.056198
0.037200	9.772720
0.037300	-20.638300
0.037400	-45.347301
0.037500	-49.148701
0.037600	-39.645302
0.037700	-39.170101
0.037800	-43.446701
0.037900	-43.921799
0.038000	-47.723202
0.038100	-49.148701
0.038200	-46.297699
0.038300	-48.198399
0.038400	-51.999802
0.038500	-56.751499
0.038600	-63.403900
0.038700	-64.829399
0.038800	-59.127399
0.038900	-58.176998
0.039000	-52.950100
0.039100	-47.248001
0.039200	-42.971500
0.039300	-39.170101
0.039400	-38.219700
0.039500	-40.595600
0.039600	-39.170101
0.039700	-40.595600
0.039800	-35.368698
0.039900	-21.588699
0.040000	-17.787300
0.040100	-17.787300
0.040200	-21.588699
0.040300	-22.539000
0.040400	-27.765900
0.040500	-31.567301
0.040600	-22.539000
0.040700	-16.837000
0.040800	-9.709370
0.040900	-13.510800
0.041000	-14.936300
0.041100	-13.510800
0.041200	-7.333500
0.041300	-4.482470
0.041400	-5.432810
0.041500	-2.581770
0.041600	0.744438
0.041700	-3.056950
0.041800	-3.532120
0.041900	-0.205908
0.042000	0.269265
0.042100	1.694780
0.042200	-1.631430
0.042300	-6.383160
0.042400	-7.333500
0.042500	-7.333500
0.042600	-10.184500
0.042700	-13.985900
0.042800	-11.610100
0.042900	-12.085200
0.043000	-12.085200
0.043100	-5.432810
0.043200	-5.432810
0.043300	-5.432810
0.043400	-1.631430
0.043500	-2.106600
0.043600	0.269265
0.043700	8.347210
0.043800	13.574100
0.043900	15.950000
0.044000	13.574100
0.044100	10.723100
0.044200	17.375500
0.044300	29.730000
0.044400	30.680300
0.044500	35.432098
0.044600	33.531399
0.044700	8.822380
0.044800	-6.858330
0.044900	-19.688000
0.045000	-23.964600
0.045100	-18.262501
0.045200	-10.184500
0.045300	-3.532120
0.045400	-1.156250
0.045500	-0.681081
0.045600	2.169960
0.045700	1.219610
0.045800	-4.482470
0.045900	5.496170
0.046000	9.772720
0.046100	25.928600
0.046200	44.460400
0.046300	32.581001
0.046400	-6.858330
0.046500	-36.794201
0.046600	-32.042500
0.046700	-10.184500
0.046800	-4.957640
0.046900	-7.333500
0.047000	6.446510
0.047100	32.581001
0.047200	43.985199
0.047300	53.488602
0.047400	78.197601
0.047500	78.672798
0.047600	58.240398
0.047700	55.389301
0.047800	66.793503
0.047900	79.623199
0.048000	120.487999
0.048100	94.828697
0.048200	42.084499
0.048300	35.432098
0.048400	-0.681081
0.048500	-138.005997
0.048600	76.296898
0.048700	445.981995
0.048800	217.897995
0.048900	-14.936300
0.049000	55.389301
0.049100	182.735992
0.049200	138.069000
0.049300	-22.539000
0.049400	-68.155602
0.049500	-13.035600
0.049600	74.396301
0.049700	16.425100
0.049800	-130.878006
0.049900	-135.630005
0.050000	-71.006699
0.050100	-52.950100
0.050200	-54.375599
0.050300	-60.552898
0.050400	-70.056297
0.050500	-63.879101
0.050600	-51.049400
0.050700	-42.971500
0.050800	-36.794201
0.050900	-29.191500
0.051000	-13.985900
0.051100	-2.581770
0.051200	-6.383160
0.051300	0.269265
0.051400	20.226500
0.051500	27.829300
0.051600	24.503099
0.051700	24.027901
0.051800	32.581001
0.051900	38.283100
0.052000	44.460400
0.052100	49.212101
0.052200	50.637600
0.052300	48.736900
0.052400	39.233501
0.052500	19.751400
0.052600	1.219610
0.052700	-12.085200
0.052800	-32.042500
0.052900	-46.297699
0.053000	-37.744598
0.053100	-33.943199
0.053200	-32.042500
0.053300	-27.290800
0.053400	-22.539000
0.053500	-17.312099
0.053600	-8.283850
0.053700	-3.532120
0.053800	7.396860
0.053900	17.850700
0.054000	28.779600
0.054100	40.183800
0.054200	49.687302
0.054300	51.587898
0.054400	49.212101
0.054500	50.637600
0.054600	53.013500
0.054700	40.659000
0.054800	101.005997
0.054900	293.450989
0.055000	171.332001
0.055100	-103.318001
0.055200	-102.367996
0.055300	-10.184500
0.055400	-15.886600
0.055500	-32.042500
0.055600	-4.482470
0.055700	15.474800
0.055800	11.673400
0.055900	3.120300
0.056000	-3.056950
0.056100	-12.560400
0.056200	-14.936300
0.056300	-6.383160
0.056400	-13.035600
0.056500	-37.744598
0.056600	-52.950100
0.056700	-28.241100
0.056800	-1.156250
0.056900	4.070650
0.057000	-8.759020
0.057100	-17.787300
0.057200	-29.666599
0.057300	-41.070801
0.057400	-51.999802
0.057500	-64.354301
0.057600	-54.850800
0.057700	-38.694901
0.057800	-32.992802
0.057900	-29.666599
0.058000	-24.914900
0.058100	-21.588699
0.058200	-22.063900
0.058300	-25.865299
0.058400	-32.992802
0.058500	-52.950100
0.058600	-70.056297
0.058700	-43.446701
0.058800	-7.333500
0.058900	53.963799
0.059000	164.679001
0.059100	183.686005
0.059200	120.962997
0.059300	93.878304
0.059400	92.452797
0.059500	91.502502
0.059600	106.233002
0.059700	115.261002
0.059800	112.410004
0.059900	114.310997
0.060000	96.254204
0.060100	74.871399
0.060200	72.495598
0.060300	65.843102
0.060400	9.772720
0.060500	-48.198399
0.060600	-70.056297
0.060700	-52.474899
0.060800	-21.113501
0.060900	-5.432810
0.061000	-6.383160
0.061100	-5.907980
0.061200	-1.631430
0.061300	0.269265
0.061400	6.446510
0.061500	21.652000
0.061600	43.034801
0.061700	47.311401
0.061800	-3.056950
0.061900	-85.261902
0.062000	-71.481903
0.062100	-9.234200
0.062200	13.098900
0.062300	14.999600
0.062400	-12.560400
0.062500	-41.070801
0.062600	-45.347301
0.062700	-44.396999
0.062800	-32.992802
0.062900	-30.141800
0.063000	-52.474899
0.063100	-64.354301
0.063200	-53.900501
0.063300	-49.148701
0.063400	-45.347301
0.063500	-26.340401
0.063600	3.595480
0.063700	17.375500
0.063800	21.176901
0.063900	28.779600
0.064000	26.879000
0.064100	26.879000
0.064200	38.758301
0.064300	42.559700
0.064400	8.822380
0.064500	-11.134900
0.064600	1.219610
0.064700	-1.631430
0.064800	-16.837000
0.064900	-36.319099
0.065000	-47.723202
0.065100	-52.950100
0.065200	-53.900501
0.065300	-52.950100
0.065400	-44.396999
0.065500	-36.794201
0.065600	-32.042500
0.065700	-29.666599
0.065800	-34.893501
0.065900	-40.120399
0.066000	-33.943199
0.066100	-32.992802
0.066200	-32.517700
0.066300	-23.964600
0.066400	-9.709370
0.066500	2.169960
0.066600	16.900299
0.066700	31.155500
0.066800	43.985199
0.066900	45.885899
0.067000	46.836201
0.067100	51.112801
0.067200	48.736900
0.067300	45.885899
0.067400	53.488602
0.067500	46.836201
0.067600	31.630699
0.067700	20.226500
0.067800	5.020990
0.067900	-17.787300
0.068000	-52.474899
0.068100	-82.410797
0.068200	-78.609497
0.068300	-52.950100
0.068400	-37.744598
0.068500	-35.843899
0.068600	-32.042500
0.068700	-31.092199
0.068800	-26.815599
0.068900	-25.865299
0.069000	-27.765900
0.069100	-14.936300
0.069200	1.219610
0.069300	11.198200
0.069400	20.226500
0.069500	27.829300
0.069600	26.879000
0.069700	32.581001
0.069800	44.935501
0.069900	40.183800
0.070000	25.928600
0.070100	9.772720
0.070200	-2.581770
0.070300	-8.759020
0.070400	-17.787300
0.070500	-22.539000
0.070600	-13.985900
0.070700	-11.134900
0.070800	-13.985900
0.070900	-8.283850
0.071000	-10.184500
0.071100	-6.383160
0.071200	7.872030
0.071300	8.822380
0.071400	6.921690
0.071500	17.375500
0.071600	34.006500
0.071700	43.034801
0.071800	38.283100
0.071900	32.581001
0.072000	34.006500
0.072100	43.034801
0.072200	42.084499
0.072300	31.630699
0.072400	17.850700
0.072500	1.694780
0.072600	-10.659700
0.072700	-24.914900
0.072800	-35.368698
0.072900	-30.141800
0.073000	-26.340401
0.073100	-23.964600
0.073200	24.027901
0.073300	33.531399
0.073400	-57.701801
0.073500	-73.857697
0.073600	-37.744598
0.073700	-29.191500
0.073800	-29.191500
0.073900	-24.439699
0.074000	-20.638300
0.074100	-9.234200
0.074200	-4.482470
0.074300	-0.205908
0.074400	5.971340
0.074500	12.148600
0.074600	15.474800
0.074700	25.928600
0.074800	27.354099
0.074900	28.779600
0.075000	36.382401
0.075100	36.382401
0.075200	31.630699
0.075300	21.176901
0.075400	0.744438
0.075500	-13.985900
0.075600	-23.489401
0.075700	-32.042500
0.075800	-38.694901
0.075900	-45.347301
0.076000	-46.297699
0.076100	-40.120399
0.076200	-35.843899
0.076300	-39.645302
0.076400	-39.645302
0.076500	-32.042500
0.076600	-21.588699
0.076700	-14.936300
0.076800	-23.489401
0.076900	-26.815599
0.077000	-9.709370
0.077100	2.169960
0.077200	5.971340
0.077300	12.623800
0.077400	17.850700
0.077500	13.574100
0.077600	13.098900
0.077700	8.822380
0.077800	4.070650
0.077900	4.070650
0.078000	-4.482470
0.078100	-17.787300
0.078200	-22.539000
0.078300	-31.092199
0.078400	-44.396999
0.078500	-44.396999
0.078600	-44.396999
0.078700	-39.645302
0.078800	-30.141800
0.078900	-13.035600
0.079000	-0.681081
0.079100	5.971340
0.079200	7.872030
0.079300	14.999600
0.079400	13.574100
0.079500	9.297550
0.079600	20.226500
0.079700	21.176901
0.079800	20.701700
0.079900	32.105900
0.080000	36.382401
0.080100	33.056198
0.080200	23.077600
0.080300	2.169960
0.080400	-14.936300
0.080500	-23.964600
0.080600	-44.396999
0.080700	-54.850800
0.080800	-52.950100
0.080900	-49.148701
0.081000	-46.772900
0.081100	-48.198399
0.081200	-44.872200
0.081300	-47.248001
0.081400	-52.950100
0.081500	-57.701801
0.081600	-48.198399
0.081700	-34.893501
0.081800	-23.964600
0.081900	-6.383160
0.082000	2.169960
0.082100	2.169960
0.082200	8.347210
0.082300	15.474800
0.082400	16.425100
0.082500	20.226500
0.082600	22.127199
0.082700	30.680300
0.082800	24.027901
0.082900	18.801001
0.083000	23.077600
0.083100	15.474800
0.083200	-3.532120
0.083300	-23.014200
0.083400	-34.893501
0.083500	-39.645302
0.083600	-43.446701
0.083700	-54.850800
0.083800	-63.403900
0.083900	-60.552898
0.084000	-51.049400
0.084100	-48.673599
0.084200	-39.645302
0.084300	-29.191500
0.084400	-15.886600
0.084500	-6.383160
0.084600	-0.681081
0.084700	7.872030
0.084800	10.723100
0.084900	16.425100
0.085000	20.226500
0.085100	21.652000
0.085200	21.176901
0.085300	24.978300
0.085400	16.900299
0.085500	-1.156250
0.085600	-7.808680
0.085700	-18.737700
0.085800	-28.716299
0.085900	-34.418400
0.086000	-43.446701
0.086100	-55.801102
0.086200	-61.503201
0.086300	-62.453602
0.086400	-56.276299
0.086500	-32.042500
0.086600	-4.957640
0.086700	1.219610
0.086800	-8.759020
0.086900	-9.234200
0.087000	0.269265
0.087100	9.772720
0.087200	15.474800
0.087300	17.375500
0.087400	15.474800
0.087500	14.049300
0.087600	18.325800
0.087700	24.978300
0.087800	30.680300
0.087900	22.602400
0.088000	8.822380
0.088100	-4.957640
0.088200	-14.936300
0.088300	-29.191500
0.088400	-44.396999
0.088500	-59.127399
0.088600	-62.453602
0.088700	-59.127399
0.088800	-56.751499
0.088900	-58.176998
0.089000	-49.148701
0.089100	-43.446701
0.089200	-45.347301
0.089300	-37.744598
0.089400	-26.815599
0.089500	-17.312099
0.089600	-9.234200
0.089700	0.269265
0.089800	3.595480
0.089900	13.574100
0.090000	23.077600
0.090100	26.403799
0.090200	32.581001
0.090300	37.332802
0.090400	38.283100
0.090500	36.382401
0.090600	34.481701
0.090700	40.659000
0.090800	41.134102
0.090900	21.176901
0.091000	-1.156250
0.091100	-12.560400
0.091200	-19.688000
0.091300	-32.042500
0.091400	-39.645302
0.091500	-41.070801
0.091600	-32.992802
0.091700	-16.837000
0.091800	-14.936300
0.091900	-12.085200
0.092000	-1.631430
0.092100	6.921690
0.092200	16.425100
0.092300	25.453400
0.092400	27.354099
0.092500	29.730000
0.092600	32.581001
0.092700	34.006500
0.092800	34.956902
0.092900	23.077600
0.093000	0.744438
0.093100	-17.787300
0.093200	-34.418400
0.093300	-49.148701
0.093400	-60.552898
0.093500	-71.957001
0.093600	-85.261902
0.093700	-85.261902
0.093800	-76.233597
0.093900	-72.907402
0.094000	-61.978401
0.094100	-45.347301
0.094200	-23.489401
0.094300	-7.333500
0.094400	2.169960
0.094500	5.496170
0.094600	11.673400
0.094700	14.524500
0.094800	15.474800
0.094900	21.176901
0.095000	24.978300
0.095100	24.027901
0.095200	28.779600
0.095300	23.552700
0.095400	22.127199
0.095500	27.829300
0.095600	23.077600
0.095700	3.595480
0.095800	-10.659700
0.095900	-29.191500
0.096000	-44.872200
0.096100	-51.999802
0.096200	-67.680496
0.096300	-74.332901
0.096400	-65.304604
0.096500	-55.801102
0.096600	-54.850800
0.096700	-54.850800
0.096800	-49.148701
0.096900	-36.794201
0.097000	-16.361799
0.097100	-5.907980
0.097200	5.971340
0.097300	8.822380
0.097400	5.971340
0.097500	14.524500
0.097600	30.205200
0.097700	42.084499
0.097800	44.935501
0.097900	43.034801
0.098000	47.786598
0.098100	51.112801
0.098200	52.538300
0.098300	38.283100
0.098400	-4.007290
0.098500	-46.297699
0.098600	-49.148701
0.098700	-39.645302
0.098800	-37.744598
0.098900	-33.467999
0.099000	-32.517700
0.099100	-25.865299
0.099200	-13.985900
0.099300	-4.482470
0.099400	3.595480
0.099500	14.524500
0.099600	21.176901
0.099700	17.850700
0.099800	25.928600
0.099900	27.829300
0.100000	26.879000
0.100100	31.630699
0.100200	34.956902
0.100300	27.829300
0.100400	16.425100
0.100500	1.694780
0.100600	-4.957640
0.100700	-10.184500
0.100800	-22.539000
0.100900	-33.467999
0.101000	-44.396999
0.101100	-61.978401
0.101200	-89.063301
0.101300	-92.864601
0.101400	-75.758400
0.101500	-64.829399
0.101600	-58.652199
0.101700	-46.772900
0.101800	-24.439699
0.101900	-10.184500
0.102000	-0.681081
0.102100	2.645130
0.102200	6.921690
0.102300	10.247900
0.102400	19.276199
0.102500	23.077600
0.102600	23.552700
0.102700	21.652000
0.102800	21.176901
0.102900	25.453400
0.103000	31.155500
0.103100	26.879000
0.103200	18.325800
0.103300	5.971340
0.103400	-8.283850
0.103500	-23.964600
0.103600	-27.290800
0.103700	-24.439699
0.103800	-32.992802
0.103900	-32.992802
0.104000	-27.290800
0.104100	-40.595600
0.104200	-83.836403
0.104300	-95.240501
0.104400	-53.900501
0.104500	-13.985900
0.104600	2.169960
0.104700	0.744438
0.104800	5.971340
0.104900	7.872030
0.105000	9.772720
0.105100	17.375500
0.105200	20.701700
0.105300	20.226500
0.105400	24.978300
0.105500	31.630699
0.105600	30.680300
0.105700	20.226500
0.105800	7.872030
0.105900	-3.056950
0.106000	-18.262501
0.106100	-24.914900
0.106200	-28.241100
0.106300	-32.042500
0.106400	-37.744598
0.106500	-26.815599
0.106600	-11.134900
0.106700	-1.156250
0.106800	8.822380
0.106900	13.574100
0.107000	17.375500
0.107100	21.652000
0.107200	25.453400
0.107300	29.730000
0.107400	30.205200
0.107500	26.879000
0.107600	27.829300
0.107700	34.481701
0.107800	28.304501
0.107900	21.652000
0.108000	10.247900
0.108100	-13.510800
0.108200	-30.141800
0.108300	-41.546001
0.108400	-55.326000
0.108500	-63.879101
0.108600	-62.453602
0.108700	-53.425301
0.108800	-41.546001
0.108900	-30.141800
0.109000	-25.865299
0.109100	-22.539000
0.109200	-12.560400
0.109300	0.269265
0.109400	-24.439699
0.109500	-45.347301
0.109600	-23.964600
0.109700	3.595480
0.109800	9.772720
0.109900	11.673400
0.110000	14.049300
0.110100	20.226500
0.110200	23.077600
0.110300	24.978300
0.110400	20.226500
0.110500	25.928600
0.110600	24.978300
0.110700	10.247900
0.110800	-9.234200
0.110900	-27.290800
0.111000	-41.070801
0.111100	-52.950100
0.111200	-64.354301
0.111300	-66.254997
0.111400	-57.226700
0.111500	-54.850800
0.111600	-45.347301
0.111700	-37.744598
0.111800	-34.893501
0.111900	-18.262501
0.112000	-0.681081
0.112100	8.822380
0.112200	10.247900
0.112300	17.375500
0.112400	17.375500
0.112500	21.176901
0.112600	30.680300
0.112700	29.730000
0.112800	28.304501
0.112900	32.581001
0.113000	35.907200
0.113100	23.077600
0.113200	4.070650
0.113300	-15.886600
0.113400	-29.191500
0.113500	-38.694901
0.113600	-49.148701
0.113700	-53.425301
0.113800	-54.850800
0.113900	-58.652199
0.114000	-42.971500
0.114100	-20.638300
0.114200	-6.858330
0.114300	4.545820
0.114400	7.872030
0.114500	15.474800
0.114600	28.304501
0.114700	37.807899
0.114800	45.885899
0.114900	53.013500
0.115000	46.361000
0.115100	46.836201
0.115200	50.637600
0.115300	51.587898
0.115400	50.637600
0.115500	32.581001
0.115600	6.921690
0.115700	-8.283850
0.115800	-24.914900
0.115900	-45.347301
0.116000	-46.772900
0.116100	-42.021099
0.116200	-35.843899
0.116300	-28.241100
0.116400	-22.539000
0.116500	-21.588699
0.116600	-15.886600
0.116700	-3.532120
0.116800	5.971340
0.116900	16.425100
0.117000	21.176901
0.117100	24.027901
0.117200	28.779600
0.117300	31.630699
0.117400	28.779600
0.117500	27.829300
0.117600	34.006500
0.117700	36.857601
0.117800	34.006500
0.117900	29.730000
0.118000	23.077600
0.118100	6.921690
0.118200	-12.560400
0.118300	-29.191500
0.118400	-45.347301
0.118500	-67.205299
0.118600	-68.155602
0.118700	-67.205299
0.118800	-68.155602
0.118900	-55.801102
0.119000	-41.546001
0.119100	-29.191500
0.119200	-11.134900
0.119300	-0.205908
0.119400	11.673400
0.119500	15.474800
0.119600	22.602400
0.119700	25.928600
0.119800	24.503099
0.119900	24.503099
0.120000	27.829300
0.120100	29.254801
0.120200	28.779600
0.120300	30.680300
0.120400	27.829300
0.120500	9.772720
0.120600	-10.659700
0.120700	-29.666599
0.120800	-47.248001
0.120900	-57.226700
0.121000	-63.403900
0.121100	-69.106003
0.121200	-57.701801
0.121300	-53.900501
0.121400	-49.148701
0.121500	-37.269402
0.121600	-31.092199
0.121700	-29.191500
0.121800	-20.638300
0.121900	-13.985900
0.122000	-2.581770
0.122100	7.872030
0.122200	15.950000
0.122300	19.276199
0.122400	21.176901
0.122500	26.879000
0.122600	32.581001
0.122700	30.205200
0.122800	23.077600
0.122900	12.623800
0.123000	-7.808680
0.123100	-23.964600
0.123200	-36.319099
0.123300	-53.900501
0.123400	-57.701801
0.123500	-47.723202
0.123600	-42.971500
0.123700	-42.496300
0.123800	-46.297699
0.123900	-49.148701
0.124000	-47.248001
0.124100	-48.198399
0.124200	-44.396999
0.124300	-23.489401
0.124400	-4.482470
0.124500	5.971340
0.124600	13.098900
0.124700	15.474800
0.124800	15.474800
0.124900	22.127199
0.125000	28.779600
0.125100	30.680300
0.125200	30.680300
0.125300	36.857601
0.125400	30.680300
0.125500	19.276199
0.125600	11.673400
0.125700	-5.907980
0.125800	-24.439699
0.125900	-36.794201
0.126000	-49.148701
0.126100	-57.226700
0.126200	-68.155602
0.126300	-70.056297
0.126400	-56.751499
0.126500	-41.546001
0.126600	-21.588699
0.126700	-5.432810
0.126800	4.545820
0.126900	11.198200
0.127000	21.652000
0.127100	19.276199
0.127200	20.226500
0.127300	24.503099
0.127400	31.630699
0.127500	34.006500
0.127600	36.382401
0.127700	32.581001
0.127800	30.205200
0.127900	14.524500
0.128000	-14.936300
0.128100	-45.822498
0.128200	-62.928699
0.128300	-80.985298
0.128400	-76.708801
0.128500	-66.254997
0.128600	-54.375599
0.128700	-49.148701
0.128800	-44.396999
0.128900	-41.546001
0.129000	-38.219700
0.129100	-36.319099
0.129200	-32.992802
0.129300	-22.539000
0.129400	-21.113501
0.129500	-22.539000
0.129600	-21.588699
0.129700	-22.063900
0.129800	-27.765900
0.129900	-32.517700
0.130000	-35.843899
0.130100	-34.418400
0.130200	-34.893501
0.130300	-37.744598
0.130400	-30.617001
0.130500	-16.361799
0.130600	-11.610100
0.130700	-18.737700
0.130800	-14.936300
0.130900	-9.234200
0.131000	-9.234200
0.131100	-9.234200
0.131200	-8.283850
0.131300	-7.333500
0.131400	-9.234200
0.131500	-19.212799
0.131600	-29.191500
0.131700	-27.290800
0.131800	-23.964600
0.131900	-23.014200
0.132000	-21.588699
0.132100	-22.539000
0.132200	-20.163200
0.132300	-19.212799
0.132400	-15.886600
0.132500	-12.085200
0.132600	-9.234200
0.132700	-3.532120
0.132800	-1.631430
0.132900	-4.007290
0.133000	-3.532120
0.133100	-5.432810
0.133200	-12.085200
0.133300	-13.985900
0.133400	-12.560400
0.133500	-17.312099
0.133600	-15.886600
0.133700	-14.936300
0.133800	-16.837000
0.133900	-11.134900
0.134000	-8.283850
0.134100	-10.184500
0.134200	-7.333500
0.134300	-7.333500
0.134400	-8.283850
0.134500	-5.907980
0.134600	-8.759020
0.134700	-14.461100
0.134800	-11.610100
0.134900	-14.936300
0.135000	-14.936300
0.135100	-7.333500
0.135200	-9.234200
0.135300	-8.759020
0.135400	-5.432810
0.135500	-3.532120
0.135600	-3.056950
0.135700	0.269265
0.135800	-1.156250
0.135900	-5.432810
0.136000	-7.333500
0.136100	-11.134900
0.136200	-13.985900
0.136300	-13.035600
0.136400	-13.985900
0.136500	-16.837000
0.136600	-13.985900
0.136700	-8.283850
0.136800	-6.383160
0.136900	-7.808680
0.137000	-9.234200
0.137100	-1.631430
0.137200	1.219610
0.137300	-4.482470
0.137400	-6.383160
0.137500	-8.283850
0.137600	-16.837000
0.137700	-16.361799
0.137800	-19.688000
0.137900	-20.163200
0.138000	-13.985900
0.138100	-9.234200
0.138200	-14.461100
0.138300	-9.709370
0.138400	-7.333500
0.138500	-7.808680
0.138600	0.269265
0.138700	0.269265
0.138800	-4.957640
0.138900	-6.383160
0.139000	-10.184500
0.139100	-14.936300
0.139200	-15.886600
0.139300	-13.985900
0.139400	-11.134900
0.139500	-8.283850
0.139600	-14.936300
0.139700	-13.510800
0.139800	-4.482470
0.139900	-8.283850
0.140000	-9.234200
0.140100	-4.482470
0.140200	-3.056950
0.140300	-8.759020
0.140400	-11.134900
0.140500	-15.886600
0.140600	-7.808680
0.140700	-9.234200
0.140800	-12.560400
0.140900	-11.134900
0.141000	-12.085200
0.141100	-7.808680
0.141200	-5.432810
0.141300	-5.907980
0.141400	-1.631430
0.141500	-7.333500
0.141600	-10.184500
0.141700	-13.510800
0.141800	-19.688000
0.141900	-19.688000
0.142000	-17.312099
0.142100	-17.787300
0.142200	-13.985900
0.142300	-3.056950
0.142400	-6.383160
0.142500	-8.283850
0.142600	-6.383160
0.142700	-0.205908
0.142800	-2.581770
0.142900	-9.234200
0.143000	-13.035600
0.143100	-16.837000
0.143200	-13.510800
0.143300	-10.184500
0.143400	-4.482470
0.143500	0.269265
0.143600	-7.333500
0.143700	-8.283850
0.143800	-4.482470
0.143900	-4.007290
0.144000	-5.432810
0.144100	-10.184500
0.144200	-9.234200
0.144300	-7.808680
0.144400	-13.985900
0.144500	-17.787300
0.144600	-9.234200
0.144700	-4.482470
0.144800	-6.858330
0.144900	-6.383160
0.145000	-6.858330
0.145100	-3.532120
0.145200	0.269265
0.145300	0.269265
0.145400	-4.482470
0.145500	-7.333500
0.145600	-9.234200
0.145700	-10.659700
0.145800	-9.234200
0.145900	-10.659700
0.146000	-7.333500
0.146100	-2.581770
0.146200	-5.432810
0.146300	-2.581770
0.146400	-0.681081
0.146500	-0.681081
0.146600	-4.482470
0.146700	-5.907980
0.146800	-11.610100
0.146900	-9.234200
0.147000	-4.007290
0.147100	-7.333500
0.147200	-8.283850
0.147300	-4.482470
0.147400	-6.383160
0.147500	-4.482470
0.147600	0.269265
0.147700	-5.432810
0.147800	-2.581770
0.147900	-1.631430
0.148000	-6.383160
0.148100	-9.234200
0.148200	-9.234200
0.148300	-10.184500
0.148400	-4.957640
0.148500	-2.581770
0.148600	-2.581770
0.148700	-1.631430
0.148800	-5.432810
0.148900	-4.957640
0.149000	0.269265
0.149100	-4.957640
0.149200	-10.184500
0.149300	-8.283850
0.149400	-8.759020
0.149500	-9.234200
0.149600	-6.858330
0.149700	-7.333500
0.149800	-1.631430
0.149900	0.744438
0.150000	-2.581770
0.150100	-5.432810
0.150200	-2.106600
0.150300	-3.532120
0.150400	-7.333500
0.150500	-8.759020
0.150600	-11.134900
0.150700	-4.007290
0.150800	-4.007290
0.150900	-7.333500
0.151000	-4.482470
0.151100	-0.681081
0.151200	-0.205908
0.151300	0.269265
0.151400	-2.581770
0.151500	-1.631430
0.151600	-1.156250
0.151700	-6.858330
0.151800	-10.184500
0.151900	-10.184500
0.152000	-5.907980
0.152100	-10.184500
0.152200	-6.858330
0.152300	-0.681081
0.152400	-1.156250
0.152500	-3.056950
0.152600	-7.333500
0.152700	-9.234200
0.152800	-5.432810
0.152900	-3.532120
0.153000	-6.383160
0.153100	-3.532120
0.153200	-8.283850
0.153300	-7.333500
0.153400	-3.532120
0.153500	-4.957640
0.153600	-3.532120
0.153700	-1.156250
0.153800	-6.383160
0.153900	-9.234200
0.154000	-7.808680
0.154100	-6.858330
0.154200	-6.383160
0.154300	-11.134900
0.154400	-15.411400
0.154500	-12.085200
0.154600	-4.482470
0.154700	-1.631430
0.154800	-6.383160
0.154900	-3.056950
0.155000	-8.283850
0.155100	-13.510800
0.155200	-6.383160
0.155300	-7.333500
0.155400	-10.184500
0.155500	-7.333500
0.155600	-5.432810
0.155700	-4.482470
0.155800	-2.581770
0.155900	-1.631430
0.156000	-5.432810
0.156100	-7.333500
0.156200	-10.184500
0.156300	-7.808680
0.156400	-7.333500
0.156500	-8.283850
0.156600	-3.056950
0.156700	-0.681081
0.156800	-1.631430
0.156900	-1.631430
0.157000	-2.581770
0.157100	-3.532120
0.157200	-4.482470
0.157300	-7.333500
0.157400	-7.333500
0.157500	-4.957640
0.157600	-11.610100
0.157700	-11.134900
0.157800	-3.532120
0.157900	-1.631430
0.158000	-6.383160
0.158100	-3.532120
0.158200	-4.007290
0.158300	-7.333500
0.158400	-9.234200
0.158500	-8.759020
0.158600	-8.283850
0.158700	-5.907980
0.158800	-4.482470
0.158900	-2.581770
0.159000	-0.681081
0.159100	3.120300
0.159200	0.269265
0.159300	-4.482470
0.159400	-7.333500
0.159500	-9.234200
0.159600	-8.283850
0.159700	-6.383160
0.159800	-4.482470
0.159900	-3.532120
0.160000	-5.432810
0.160100	-7.333500
0.160200	-1.631430
0.160300	-0.681081
0.160400	-4.957640
0.160500	-5.907980
0.160600	-7.808680
0.160700	-2.581770
0.160800	-2.581770
0.160900	-7.333500
0.161000	-5.907980
0.161100	-3.532120
0.161200	-0.205908
0.161300	3.120300
0.161400	1.219610
0.161500	-2.106600
0.161600	-0.205908
0.161700	-4.957640
0.161800	-5.432810
0.161900	-2.106600
0.162000	-2.581770
0.162100	-1.156250
0.162200	0.269265
0.162300	-4.482470
0.162400	-2.581770
0.162500	-1.631430
0.162600	-9.234200
0.162700	-9.234200
0.162800	-4.957640
0.162900	-7.808680
0.163000	-7.333500
0.163100	-5.432810
0.163200	0.269265
0.163300	2.169960
0.163400	0.269265
0.163500	-5.432810
0.163600	-6.383160
0.163700	-5.907980
0.163800	-6.383160
0.163900	-3.056950
0.164000	-2.581770
0.164100	-6.383160
0.164200	-1.156250
0.164300	-0.205908
0.164400	-3.532120
0.164500	-7.333500
0.164600	-19.688000
0.164700	-22.539000
0.164800	-10.659700
0.164900	-4.482470
0.165000	-4.007290
0.165100	-2.581770
0.165200	-7.333500
0.165300	-3.532120
0.165400	-1.631430
0.165500	-8.283850
0.165600	-8.759020
0.165700	-5.432810
0.165800	-0.205908
0.165900	-0.205908
0.166000	-3.532120
0.166100	-5.907980
0.166200	-4.482470
0.166300	-3.056950
0.166400	-3.056950
0.166500	-5.432810
0.166600	-2.581770
0.166700	-7.333500
0.166800	-4.957640
0.166900	-6.858330
0.167000	-7.333500
0.167100	-0.205908
0.167200	-0.681081
0.167300	-4.957640
0.167400	-1.156250
0.167500	-4.957640
0.167600	-8.283850
0.167700	-4.957640
0.167800	-4.957640
0.167900	-3.532120
0.168000	-1.631430
0.168100	-4.957640
0.168200	-9.234200
0.168300	-6.858330
0.168400	-2.581770
0.168500	-1.631430
0.168600	1.219610
0.168700	-3.056950
0.168800	-4.007290
0.168900	-4.482470
0.169000	-1.631430
0.169100	0.269265
0.169200	1.694780
0.169300	-1.631430
0.169400	-4.007290
0.169500	-3.532120
0.169600	-7.333500
0.169700	-1.631430
0.169800	1.219610
0.169900	-0.681081
0.170000	1.219610
0.170100	1.219610
0.170200	-3.056950
0.170300	-0.681081
0.170400	-0.205908
0.170500	-1.631430
0.170600	-0.205908
0.170700	2.169960
0.170800	-3.056950
0.170900	0.269265
0.171000	0.269265
0.171100	2.169960
0.171200	2.169960
0.171300	0.744438
0.171400	-1.631430
0.171500	-2.581770
0.171600	-7.333500
0.171700	-5.907980
0.171800	-4.482470
0.171900	-2.581770
0.172000	-3.532120
0.172100	-1.631430
0.172200	-3.532120
0.172300	-4.957640
0.172400	-0.205908
0.172500	-2.581770
0.172600	-3.532120
0.172700	4.070650
0.172800	1.219610
0.172900	0.269265
0.173000	-0.681081
0.173100	-6.383160
0.173200	-3.532120
0.173300	5.020990
0.173400	0.744438
0.173500	-4.482470
0.173600	-4.957640
0.173700	-6.383160
0.173800	-5.432810
0.173900	-3.056950
0.174000	-5.432810
0.174100	-1.631430
0.174200	0.269265
0.174300	-2.581770
0.174400	-1.631430
0.174500	0.744438
0.174600	-5.432810
0.174700	-5.432810
0.174800	-6.383160
0.174900	-6.383160
0.175000	-2.581770
0.175100	-4.482470
0.175200	-5.907980
0.175300	-1.631430
0.175400	-2.581770
0.175500	-2.581770
0.175600	-0.205908
0.175700	-2.581770
0.175800	-4.482470
0.175900	-3.532120
0.176000	-7.333500
0.176100	-7.808680
0.176200	-4.482470
0.176300	-4.957640
0.176400	-4.482470
0.176500	0.269265
0.176600	-0.681081
0.176700	-0.681081
0.176800	0.269265
0.176900	-5.432810
0.177000	-3.532120
0.177100	-2.581770
0.177200	-2.106600
0.177300	-0.681081
0.177400	1.219610
0.177500	-4.957640
0.177600	-4.957640
0.177700	-4.957640
0.177800	-7.333500
0.177900	-5.432810
0.178000	-0.205908
0.178100	-1.631430
0.178200	-5.432810
0.178300	-5.432810
0.178400	-7.333500
0.178500	-5.907980
0.178600	-5.432810
0.178700	-5.432810
0.178800	-2.581770
0.178900	-6.858330
0.179000	-7.808680
0.179100	-6.858330
0.179200	-8.283850
0.179300	-3.056950
0.179400	1.694780
0.179500	-2.581770
0.179600	-4.007290
0.179700	-1.631430
0.179800	-2.581770
0.179900	-4.482470
0.180000	-6.383160
0.180100	-2.581770
0.180200	-0.681081
0.180300	-2.106600
0.180400	-6.858330
0.180500	-1.631430
0.180600	-2.581770
0.180700	-3.056950
0.180800	0.269265
0.180900	0.269265
0.181000	-2.106600
0.181100	0.269265
0.181200	-4.482470
0.181300	-5.432810
0.181400	-1.156250
0.181500	-0.205908
0.181600	-3.056950
0.181700	-3.056950
0.181800	-4.007290
0.181900	-1.631430
0.182000	-2.581770
0.182100	-8.283850
0.182200	-7.333500
0.182300	-4.482470
0.182400	-4.482470
0.182500	-11.134900
0.182600	-9.234200
0.182700	-6.383160
0.182800	-6.383160
0.182900	-0.681081
0.183000	-2.581770
0.183100	-2.581770
0.183200	-4.957640
0.183300	-5.907980
0.183400	-5.907980
0.183500	-8.759020
0.183600	-7.333500
0.183700	-0.681081
0.183800	-4.482470
0.183900	-5.432810
0.184000	-2.581770
0.184100	1.219610
0.184200	-1.631430
0.184300	-4.482470
0.184400	-10.184500
0.184500	-7.808680
0.184600	-0.681081
0.184700	-4.957640
0.184800	-5.432810
0.184900	-2.106600
0.185000	-1.631430
0.185100	-2.581770
0.185200	-4.482470
0.185300	-8.283850
0.185400	-5.432810
0.185500	-6.383160
0.185600	-9.234200
0.185700	-7.333500
0.185800	-8.283850
0.185900	-8.283850
0.186000	-1.631430
0.186100	-4.007290
0.186200	-5.432810
0.186300	-0.681081
0.186400	-1.631430
0.186500	-3.532120
0.186600	-4.007290
0.186700	-5.432810
0.186800	-6.383160
0.186900	-1.156250
0.187000	-3.532120
0.187100	-7.333500
0.187200	-8.759020
0.187300	-8.759020
0.187400	-4.007290
0.187500	2.169960
0.187600	-1.631430
0.187700	-3.532120
0.187800	-2.581770
0.187900	-4.957640
0.188000	-7.333500
0.188100	-3.056950
0.188200	-7.333500
0.188300	-4.482470
0.188400	2.169960
0.188500	0.269265
0.188600	-0.681081
0.188700	-2.581770
0.188800	-6.383160
0.188900	-7.333500
0.189000	-2.581770
0.189100	-5.432810
0.189200	-3.532120
0.189300	-3.532120
0.189400	-5.432810
0.189500	-5.907980
0.189600	-8.283850
0.189700	-7.333500
0.189800	-1.631430
0.189900	-4.482470
0.190000	-8.283850
0.190100	-4.482470
0.190200	-1.631430
0.190300	-3.056950
0.190400	-2.581770
0.190500	-5.432810
0.190600	0.269265
0.190700	-1.156250
0.190800	-4.007290
0.190900	0.744438
0.191000	0.269265
0.191100	-6.383160
0.191200	-8.283850
0.191300	-4.957640
0.191400	-1.631430
0.191500	-3.532120
0.191600	-7.333500
0.191700	-7.808680
0.191800	-4.007290
0.191900	-3.532120
0.192000	-4.482470
0.192100	-7.808680
0.192200	-1.631430
0.192300	-0.681081
0.192400	-2.106600
0.192500	-1.631430
0.192600	-4.482470
0.192700	-2.106600
0.192800	-0.681081
0.192900	-4.482470
0.193000	-5.432810
0.193100	-6.858330
0.193200	-7.333500
0.193300	-6.383160
0.193400	-4.482470
0.193500	-3.532120
0.193600	-2.581770
0.193700	-6.858330
0.193800	-8.283850
0.193900	-7.333500
0.194000	-4.957640
0.194100	-4.957640
0.194200	-4.482470
0.194300	-5.907980
0.194400	-5.432810
0.194500	-4.482470
0.194600	-5.432810
0.194700	-2.581770
0.194800	-1.156250
0.194900	-4.957640
0.195000	-5.432810
0.195100	-2.581770
0.195200	-6.383160
0.195300	-5.432810
0.195400	-7.333500
0.195500	-2.581770
0.195600	0.269265
0.195700	0.269265
0.195800	-6.383160
0.195900	-6.383160
0.196000	-4.482470
0.196100	-4.482470
0.196200	1.219610
0.196300	-4.482470
0.196400	-4.957640
0.196500	0.269265
0.196600	-3.056950
0.196700	-4.482470
0.196800	5.020990
0.196900	2.169960
0.197000	-7.333500
0.197100	-6.383160
0.197200	-7.333500
0.197300	-7.808680
0.197400	-5.432810
0.197500	-6.858330
0.197600	-4.482470
0.197700	3.120300
0.197800	0.269265
0.197900	-5.907980
0.198000	-3.532120
0.198100	-6.383160
0.198200	-7.333500
0.198300	-3.532120
0.198400	-5.432810
0.198500	-5.432810
0.198600	1.219610
0.198700	1.219610
0.198800	-0.681081
0.198900	0.269265
0.199000	-4.482470
0.199100	-4.482470
0.199200	-3.532120
0.199300	-6.383160
0.199400	-4.957640
0.199500	-1.156250
0.199600	-2.581770
0.199700	-4.007290
0.199800	-2.581770
0.199900	-6.383160
0.200000	-5.907980
0.200100	-5.907980
0.200200	-3.056950
0.200300	0.269265
0.200400	-0.681081
0.200500	-7.333500
0.200600	-6.383160
0.200700	-4.482470
0.200800	-5.432810
0.200900	-4.482470
0.201000	-1.156250
0.201100	-5.432810
0.201200	0.269265
0.201300	2.169960
0.201400	-4.482470
0.201500	-8.283850
0.201600	-6.858330
0.201700	-4.482470
0.201800	-3.532120
0.201900	-6.383160
0.202000	-2.581770
0.202100	1.219610
0.202200	-1.156250
0.202300	0.269265
0.202400	-1.156250
0.202500	-5.432810
0.202600	-5.432810
0.202700	-5.432810
0.202800	-4.007290
0.202900	0.269265
0.203000	0.269265
0.203100	-2.581770
0.203200	-5.432810
0.203300	-5.907980
0.203400	-1.631430
0.203500	0.744438
0.203600	-2.106600
0.203700	-4.957640
0.203800	-1.631430
0.203900	-1.631430
0.204000	-5.432810
0.204100	-1.631430
0.204200	-4.482470
0.204300	-5.432810
0.204400	-4.957640
0.204500	-5.432810
0.204600	-6.858330
0.204700	-4.957640
0.204800	-5.432810
0.204900	-8.283850
0.205000	-5.432810
0.205100	-7.333500
0.205200	-5.432810
0.205300	-2.581770
0.205400	-3.532120
0.205500	-5.432810
0.205600	-0.681081
0.205700	-4.957640
0.205800	-6.383160
0.205900	-7.808680
0.206000	-6.383160
0.206100	-7.333500
0.206200	-7.333500
0.206300	-5.907980
0.206400	-2.581770
0.206500	-4.482470
0.206600	-10.184500
0.206700	-7.333500
0.206800	0.269265
0.206900	-1.156250
0.207000	0.269265
0.207100	0.269265
0.207200	-3.532120
0.207300	-4.957640
0.207400	-0.681081
0.207500	-2.581770
0.207600	-3.532120
0.207700	0.269265
0.207800	-1.631430
0.207900	-2.581770
0.208000	-4.007290
0.208100	-5.432810
0.208200	-4.482470
0.208300	-2.581770
0.208400	-3.532120
0.208500	-0.205908
0.208600	2.645130
0.208700	1.219610
0.208800	0.269265
0.208900	2.169960
0.209000	1.219610
0.209100	0.269265
0.209200	-1.156250
0.209300	-5.432810
0.209400	-3.532120
0.209500	3.120300
0.209600	0.744438
0.209700	-1.631430
0.209800	0.744438
0.209900	0.269265
0.210000	-5.432810
0.210100	0.269265
0.210200	2.169960
0.210300	-0.681081
0.210400	-4.482470
0.210500	-5.907980
0.210600	-7.333500
0.210700	-1.156250
0.210800	-0.681081
0.210900	-1.156250
0.211000	0.744438
0.211100	-4.482470
0.211200	-4.957640
0.211300	-2.581770
0.211400	-4.482470
0.211500	-4.482470
0.211600	-5.432810
0.211700	-5.432810
0.211800	-7.333500
0.211900	-7.333500
0.212000	-7.333500
0.212100	-1.631430
0.212200	-1.156250
0.212300	-6.858330
0.212400	-8.283850
0.212500	-10.184500
0.212600	-13.510800
0.212700	-5.432810
0.212800	-8.283850
0.212900	-4.482470
0.213000	-2.581770
0.213100	-3.532120
0.213200	-0.681081
0.213300	-1.631430
0.213400	-4.957640
0.213500	-4.482470
0.213600	-5.907980
0.213700	-2.581770
0.213800	-1.156250
0.213900	-6.383160
0.214000	-6.383160
0.214100	-4.482470
0.214200	-5.907980
0.214300	-10.184500
0.214400	-5.907980
0.214500	-3.056950
0.214600	-1.631430
0.214700	0.269265
0.214800	-2.581770
0.214900	-1.631430
0.215000	-1.631430
0.215100	-5.907980
0.215200	-6.383160
0.215300	-1.631430
0.215400	-2.106600
0.215500	-2.581770
0.215600	-0.205908
0.215700	-5.907980
0.215800	-7.333500
0.215900	-1.156250
0.216000	-1.631430
0.216100	-5.432810
0.216200	-6.383160
0.216300	-10.184500
0.216400	-5.432810
0.216500	-2.106600
0.216600	-2.581770
0.216700	-4.957640
0.216800	-4.482470
0.216900	-1.631430
0.217000	0.269265
0.217100	0.269265
0.217200	-0.205908
0.217300	-2.581770
0.217400	-6.383160
0.217500	-4.482470
0.217600	-2.106600
0.217700	-1.156250
0.217800	-4.957640
0.217900	-7.333500
0.218000	-4.007290
0.218100	-1.631430
0.218200	1.219610
0.218300	-0.681081
0.218400	-4.957640
0.218500	-5.432810
0.218600	-5.432810
0.218700	-4.482470
0.218800	-1.631430
0.218900	0.269265
0.219000	-3.056950
0.219100	-3.532120
0.219200	-5.432810
0.219300	-7.333500
0.219400	-6.858330
0.219500	-4.957640
0.219600	-2.581770
0.219700	0.269265
0.219800	-5.432810
0.219900	-5.432810
0.220000	-4.482470
0.220100	-4.482470
0.220200	-2.581770
0.220300	-2.581770
0.220400	-3.056950
0.220500	-4.482470
0.220600	-8.759020
0.220700	-7.333500
0.220800	-1.631430
0.220900	-7.333500
0.221000	-10.184500
0.221100	-5.432810
0.221200	-7.333500
0.221300	-2.581770
0.221400	0.269265
0.221500	-8.283850
0.221600	-7.333500
0.221700	-4.957640
0.221800	-4.957640
0.221900	-2.581770
0.222000	-5.432810
0.222100	-9.234200
0.222200	-12.085200
0.222300	-8.283850
0.222400	-4.957640
0.222500	-1.631430
0.222600	0.269265
0.222700	-1.156250
0.222800	0.269265
0.222900	0.744438
0.223000	-3.532120
0.223100	-1.631430
0.223200	1.219610
0.223300	-1.631430
0.223400	-1.631430
0.223500	-4.482470
0.223600	-5.907980
0.223700	-4.482470
0.223800	-8.283850
0.223900	-9.234200
0.224000	-0.681081
0.224100	-1.631430
0.224200	-7.333500
0.224300	-5.432810
0.224400	0.269265
0.224500	-6.383160
0.224600	-8.283850
0.224700	-7.333500
0.224800	-4.482470
0.224900	-2.106600
0.225000	-4.957640
0.225100	-1.631430
0.225200	1.219610
0.225300	-5.432810
0.225400	-7.333500
0.225500	-4.482470
0.225600	-7.333500
0.225700	-8.759020
0.225800	-5.432810
0.225900	-5.907980
0.226000	-4.007290
0.226100	-2.581770
0.226200	-2.581770
0.226300	0.269265
0.226400	-0.681081
0.226500	-5.907980
0.226600	-0.681081
0.226700	-2.106600
0.226800	-2.581770
0.226900	-2.581770
0.227000	-4.957640
0.227100	-7.333500
0.227200	-1.631430
0.227300	0.744438
0.227400	-6.383160
0.227500	-2.581770
0.227600	-3.056950
0.227700	-7.333500
0.227800	-6.383160
0.227900	-9.234200
0.228000	-6.383160
0.228100	-0.205908
0.228200	-7.333500
0.228300	-7.333500
0.228400	1.219610
0.228500	-0.681081
0.228600	-4.007290
0.228700	-4.007290
0.228800	-5.432810
0.228900	-3.532120
0.229000	-4.957640
0.229100	-7.808680
0.229200	-0.681081
0.229300	3.120300
0.229400	3.120300
0.229500	-0.681081
0.229600	-1.631430
0.229700	-6.383160
0.229800	-4.007290
0.229900	-1.631430
0.230000	-6.858330
0.230100	-11.610100
0.230200	-9.709370
0.230300	-9.234200
0.230400	-6.383160
0.230500	-6.383160
0.230600	-7.333500
0.230700	-5.907980
0.230800	-7.808680
0.230900	-5.907980
0.231000	0.269265
0.231100	-1.156250
0.231200	-2.106600
0.231300	0.269265
0.231400	0.269265
0.231500	-0.205908
0.231600	-2.581770
0.231700	-4.007290
0.231800	-4.482470
0.231900	-4.482470
0.232000	-5.432810
0.232100	-7.333500
0.232200	-3.056950
0.232300	-0.205908
0.232400	2.169960
0.232500	1.694780
0.232600	-2.581770
0.232700	-5.432810
0.232800	-0.681081
0.232900	-3.532120
0.233000	-5.432810
0.233100	-2.581770
0.233200	-5.907980
0.233300	-2.581770
0.233400	-2.581770
0.233500	-4.007290
0.233600	-3.532120
0.233700	-3.532120
0.233800	-2.106600
0.233900	0.269265
0.234000	1.219610
0.234100	-3.056950
0.234200	-3.056950
0.234300	-2.106600
0.234400	-5.432810
0.234500	-7.808680
0.234600	-8.283850
0.234700	-6.383160
0.234800	0.744438
0.234900	-1.631430
0.235000	-6.383160
0.235100	-5.432810
0.235200	-0.681081
0.235300	-1.631430
0.235400	-4.007290
0.235500	-2.581770
0.235600	-1.631430
0.235700	0.269265
0.235800	-2.106600
0.235900	-4.482470
0.236000	-3.056950
0.236100	-3.056950
0.236200	-3.056950
0.236300	-4.007290
0.236400	-5.432810
0.236500	-9.234200
0.236600	-3.532120
0.236700	-1.631430
0.236800	-3.532120
0.236900	-4.957640
0.237000	-4.482470
0.237100	-3.532120
0.237200	-9.234200
0.237300	-11.134900
0.237400	-7.333500
0.237500	-6.383160
0.237600	-3.532120
0.237700	-4.482470
0.237800	-9.234200
0.237900	-6.383160
0.238000	-5.432810
0.238100	-6.383160
0.238200	-6.383160
0.238300	-6.383160
0.238400	-11.134900
0.238500	-12.085200
0.238600	-7.333500
0.238700	-8.283850
0.238800	-7.808680
0.238900	-2.581770
0.239000	-6.383160
0.239100	-3.056950
0.239200	-4.482470
0.239300	-3.532120
0.239400	0.269265
0.239500	-0.205908
0.239600	-4.482470
0.239700	-6.383160
0.239800	-4.957640
0.239900	-4.482470
0.240000	-3.532120
0.240100	-6.383160
0.240200	0.269265
0.240300	0.269265
0.240400	-3.532120
0.240500	-3.532120
0.240600	-2.581770
0.240700	-0.681081
0.240800	1.694780
0.240900	-6.383160
0.241000	-7.333500
0.241100	-1.631430
0.241200	0.744438
0.241300	-2.106600
0.241400	0.269265
0.241500	-0.681081
0.241600	-8.283850
0.241700	-7.333500
0.241800	-4.957640
0.241900	-2.581770
0.242000	-4.007290
0.242100	-1.631430
0.242200	-4.482470
0.242300	-3.532120
0.242400	-2.581770
0.242500	-3.532120
0.242600	-3.532120
0.242700	-1.156250
0.242800	-0.681081
0.242900	-5.432810
0.243000	-6.383160
0.243100	-2.581770
0.243200	-3.056950
0.243300	-9.709370
0.243400	-4.007290
0.243500	1.219610
0.243600	-3.532120
0.243700	-7.333500
0.243800	-5.432810
0.243900	-6.858330
0.244000	-5.432810
0.244100	-1.156250
0.244200	-5.432810
0.244300	-2.581770
0.244400	-0.681081
0.244500	-3.532120
0.244600	-4.482470
0.244700	-5.907980
0.244800	-9.234200
0.244900	-4.482470
0.245000	1.219610
0.245100	-5.432810
0.245200	-9.234200
0.245300	-9.234200
0.245400	-7.333500
0.245500	-4.957640
0.245600	-4.957640
0.245700	-10.184500
0.245800	-8.759020
0.245900	-2.106600
0.246000	-4.007290
0.246100	-3.532120
0.246200	-2.581770
0.246300	-4.482470
0.246400	-7.333500
0.246500	-5.432810
0.246600	-4.957640
0.246700	-8.759020
0.246800	-9.234200
0.246900	-8.759020
0.247000	-1.631430
0.247100	2.169960
0.247200	-4.007290
0.247300	-2.581770
0.247400	-4.957640
0.247500	-6.383160
0.247600	-3.532120
0.247700	1.694780
0.247800	-2.581770
0.247900	-3.532120
0.248000	-5.907980
0.248100	-6.383160
0.248200	-1.631430
0.248300	-4.482470
0.248400	-4.007290
0.248500	-1.631430
0.248600	-1.631430
0.248700	-1.631430
0.248800	-4.482470
0.248900	0.269265
0.249000	0.269265
0.249100	-3.056950
0.249200	-5.432810
0.249300	-5.432810
0.249400	-5.432810
0.249500	-5.907980
0.249600	-1.631430
0.249700	-5.432810
0.249800	-3.056950
0.249900	3.120300
0.250000	-2.581770
0.250100	-10.184500
0.250200	-6.383160
0.250300	-1.631430
0.250400	-4.007290
0.250500	-3.532120
0.250600	-2.581770
0.250700	0.744438
0.250800	-0.681081
0.250900	-1.631430
0.251000	-1.631430
0.251100	-4.957640
0.251200	-4.957640
0.251300	-3.056950
0.251400	-2.106600
0.251500	-3.532120
0.251600	-0.205908
0.251700	-0.681081
0.251800	-7.333500
0.251900	-7.333500
0.252000	-6.383160
0.252100	-3.532120
0.252200	-4.482470
0.252300	-4.482470
0.252400	-8.283850
0.252500	-5.907980
0.252600	-5.907980
0.252700	-4.482470
0.252800	-4.957640
0.252900	-6.383160
0.253000	-2.581770
0.253100	-1.631430
0.253200	-8.759020
0.253300	-4.957640
0.253400	-0.681081
0.253500	-4.482470
0.253600	-3.532120
0.253700	-3.532120
0.253800	-5.907980
0.253900	-3.532120
0.254000	-1.631430
0.254100	-5.432810
0.254200	-2.106600
0.254300	-1.631430
0.254400	-4.007290
0.254500	-5.432810
0.254600	-7.333500
0.254700	-9.234200
0.254800	-6.858330
0.254900	-3.056950
0.255000	-8.759020
0.255100	-9.234200
0.255200	-2.581770
0.255300	-1.156250
0.255400	-2.106600
0.255500	-3.532120
0.255600	-5.907980
0.255700	-7.333500
0.255800	-3.532120
0.255900	-4.957640
0.256000	-5.432810
0.256100	-3.056950
0.256200	-0.681081
0.256300	-1.631430
0.256400	-5.907980
0.256500	-5.907980
0.256600	-0.681081
0.256700	-0.681081
0.256800	-4.957640
0.256900	-4.482470
0.257000	-9.234200
0.257100	-9.234200
0.257200	-3.056950
0.257300	-3.056950
0.257400	-6.383160
0.257500	-5.432810
0.257600	-4.482470
0.257700	-5.432810
0.257800	-4.482470
0.257900	-8.759020
0.258000	-4.957640
0.258100	-0.681081
0.258200	-4.482470
0.258300	-6.383160
0.258400	-0.681081
0.258500	-5.432810
0.258600	-11.134900
0.258700	-3.532120
0.258800	-9.234200
0.258900	-10.184500
0.259000	-8.283850
0.259100	-8.759020
0.259200	-11.134900
0.259300	-8.283850
0.259400	-7.333500
0.259500	-5.432810
0.259600	-1.631430
0.259700	-3.532120
0.259800	-2.581770
0.259900	-0.681081
0.260000	-5.432810
0.260100	-5.432810
0.260200	-1.631430
0.260300	-1.631430
0.260400	-5.432810
0.260500	-5.907980
0.260600	-11.610100
0.260700	-6.858330
0.260800	-7.333500
0.260900	-8.283850
0.261000	-4.957640
0.261100	-2.581770
0.261200	-8.759020
0.261300	-13.035600
0.261400	-8.759020
0.261500	-6.383160
0.261600	-1.631430
0.261700	-2.581770
0.261800	-7.333500
0.261900	-8.283850
0.262000	-4.482470
0.262100	-1.631430
0.262200	-1.156250
0.262300	-4.482470
0.262400	-3.532120
0.262500	-0.681081
0.262600	-1.631430
0.262700	-5.907980
0.262800	-4.482470
0.262900	-0.205908
0.263000	-3.532120
0.263100	-2.581770
0.263200	-2.581770
0.263300	-6.383160
0.263400	-4.482470
0.263500	-7.333500
0.263600	-8.759020
0.263700	-2.581770
0.263800	-4.957640
0.263900	-7.808680
0.264000	-7.808680
0.264100	-3.532120
0.264200	-3.056950
0.264300	-0.205908
0.264400	-6.383160
0.264500	-8.283850
0.264600	-6.383160
0.264700	-7.333500
0.264800	-4.482470
0.264900	-2.106600
0.265000	-5.432810
0.265100	-6.383160
0.265200	-5.907980
0.265300	-2.581770
0.265400	-4.482470
0.265500	-5.432810
0.265600	-5.907980
0.265700	0.269265
0.265800	0.269265
0.265900	-4.482470
0.266000	-1.156250
0.266100	0.269265
0.266200	-2.581770
0.266300	0.269265
0.266400	-5.432810
0.266500	-6.383160
0.266600	-3.532120
0.266700	-0.681081
0.266800	-5.432810
0.266900	-5.432810
0.267000	-3.532120
0.267100	-4.482470
0.267200	-2.106600
0.267300	0.269265
0.267400	-0.681081
0.267500	0.744438
0.267600	0.744438
0.267700	-2.581770
0.267800	-4.482470
0.267900	-4.957640
0.268000	-0.681081
0.268100	1.219610
0.268200	-6.383160
0.268300	-10.184500
0.268400	-7.333500
0.268500	-7.808680
0.268600	-5.432810
0.268700	0.269265
0.268800	3.120300
0.268900	-1.156250
0.269000	-7.333500
0.269100	-9.234200
0.269200	-4.482470
0.269300	3.595480
0.269400	-3.532120
0.269500	-7.808680
0.269600	-1.156250
0.269700	-3.056950
0.269800	-8.283850
0.269900	-3.056950
0.270000	-3.532120
0.270100	0.269265
0.270200	-1.631430
0.270300	-6.383160
0.270400	-3.532120
0.270500	-5.907980
0.270600	-6.383160
0.270700	-2.106600
0.270800	-6.383160
0.270900	-8.283850
0.271000	-3.056950
0.271100	-3.056950
0.271200	-5.432810
0.271300	-3.056950
0.271400	-5.432810
0.271500	-5.432810
0.271600	-4.482470
0.271700	-0.681081
0.271800	0.269265
0.271900	-5.432810
0.272000	-6.383160
0.272100	-5.432810
0.272200	-1.631430
0.272300	-1.631430
0.272400	-3.532120
0.272500	-0.681081
0.272600	-3.532120
0.272700	-4.482470
0.272800	-4.957640
0.272900	-5.432810
0.273000	-7.333500
0.273100	-3.056950
0.273200	-5.907980
0.273300	-4.957640
0.273400	-4.482470
0.273500	-7.808680
0.273600	-5.432810
0.273700	-4.482470
0.273800	-4.482470
0.273900	-4.482470
0.274000	-9.234200
0.274100	-9.234200
0.274200	-10.184500
0.274300	-9.234200
0.274400	-7.808680
0.274500	-4.482470
0.274600	-3.056950
0.274700	-6.383160
0.274800	-6.383160
0.274900	-1.631430
0.275000	-1.631430
0.275100	-5.432810
0.275200	-7.333500
0.275300	-9.234200
0.275400	-7.808680
0.275500	-6.383160
0.275600	-5.432810
0.275700	-4.957640
0.275800	-7.333500
0.275900	-9.234200
0.276000	-5.432810
0.276100	-3.056950
0.276200	-5.432810
0.276300	-7.808680
0.276400	-8.283850
0.276500	-6.858330
0.276600	-5.907980
0.276700	-7.333500
0.276800	-5.432810
0.276900	0.269265
0.277000	-4.007290
0.277100	-3.532120
0.277200	-6.383160
0.277300	-7.808680
0.277400	-7.333500
0.277500	-4.007290
0.277600	-3.532120
0.277700	-6.383160
0.277800	-3.532120
0.277900	-7.333500
0.278000	-9.709370
0.278100	-4.957640
0.278200	-6.858330
0.278300	-8.283850
0.278400	-1.156250
0.278500	-2.581770
0.278600	-8.283850
0.278700	-8.759020
0.278800	-10.184500
0.278900	-3.056950
0.279000	-0.681081
0.279100	-0.681081
0.279200	-2.581770
0.279300	-7.333500
0.279400	-8.283850
0.279500	-8.283850
0.279600	-7.333500
0.279700	-6.858330
0.279800	-4.007290
0.279900	-7.808680
0.280000	-12.560400
0.280100	-8.283850
0.280200	-3.532120
0.280300	-6.383160
0.280400	-5.432810
0.280500	-5.432810
0.280600	-2.106600
0.280700	-2.581770
0.280800	-4.482470
0.280900	-5.432810
0.281000	-4.482470
0.281100	-3.532120
0.281200	-5.432810
0.281300	-2.106600
0.281400	-3.532120
0.281500	-11.134900
0.281600	-10.184500
0.281700	-11.610100
0.281800	-6.858330
0.281900	-3.532120
0.282000	-9.234200
0.282100	-8.283850
0.282200	-4.957640
0.282300	-4.482470
0.282400	-4.957640
0.282500	-11.134900
0.282600	-11.134900
0.282700	-2.106600
0.282800	-1.631430
0.282900	-3.532120
0.283000	-4.482470
0.283100	-8.283850
0.283200	-7.808680
0.283300	-6.383160
0.283400	-8.283850
0.283500	-8.283850
0.283600	-10.184500
0.283700	-10.659700
0.283800	-5.432810
0.283900	-3.532120
0.284000	-7.333500
0.284100	-6.858330
0.284200	-6.383160
0.284300	-10.659700
0.284400	-4.482470
0.284500	1.694780
0.284600	-7.333500
0.284700	-10.659700
0.284800	-6.383160
0.284900	-5.432810
0.285000	-3.056950
0.285100	-7.333500
0.285200	-9.234200
0.285300	-2.106600
0.285400	-1.631430
0.285500	-4.482470
0.285600	-2.581770
0.285700	-2.581770
0.285800	-3.056950
0.285900	-1.631430
0.286000	-5.432810
0.286100	-7.333500
0.286200	-7.808680
0.286300	-11.134900
0.286400	-11.134900
0.286500	-4.957640
0.286600	-8.283850
0.286700	-5.432810
0.286800	-1.631430
0.286900	-1.631430
0.287000	-2.581770
0.287100	-1.631430
0.287200	-2.581770
0.287300	-5.907980
0.287400	-6.858330
0.287500	-8.283850
0.287600	-7.333500
0.287700	-5.432810
0.287800	-7.333500
0.287900	-7.333500
0.288000	-1.156250
0.288100	-6.383160
0.288200	-4.482470
0.288300	4.070650
0.288400	4.070650
0.288500	-2.106600
0.288600	-6.858330
0.288700	-6.383160
0.288800	-7.333500
0.288900	-6.383160
0.289000	-9.234200
0.289100	-7.808680
0.289200	-5.432810
0.289300	-7.333500
0.289400	-7.808680
0.289500	-4.957640
0.289600	-7.808680
0.289700	-7.333500
0.289800	-3.532120
0.289900	-6.383160
0.290000	-7.333500
0.290100	-2.106600
0.290200	-4.482470
0.290300	-4.482470
0.290400	-0.205908
0.290500	-1.631430
0.290600	-5.432810
0.290700	-4.007290
0.290800	-8.283850
0.290900	-13.035600
0.291000	-6.383160
0.291100	-1.631430
0.291200	-4.007290
0.291300	-5.907980
0.291400	-8.283850
0.291500	-4.957640
0.291600	-3.056950
0.291700	-7.333500
0.291800	-6.858330
0.291900	-1.156250
0.292000	-4.007290
0.292100	-8.283850
0.292200	-4.957640
0.292300	-3.532120
0.292400	-2.581770
0.292500	-4.482470
0.292600	-7.333500
0.292700	-0.681081
0.292800	2.645130
0.292900	-2.581770
0.293000	-2.581770
0.293100	-3.532120
0.293200	-6.383160
0.293300	-4.957640
0.293400	-4.957640
0.293500	-1.156250
0.293600	-5.432810
0.293700	-9.234200
0.293800	-3.532120
0.293900	-4.482470
0.294000	-7.333500
0.294100	-5.432810
0.294200	-5.907980
0.294300	-7.333500
0.294400	-6.858330
0.294500	-6.383160
0.294600	-3.532120
0.294700	-3.532120
0.294800	-2.581770
0.294900	-2.581770
0.295000	-8.283850
0.295100	-8.759020
0.295200	-6.858330
0.295300	-5.432810
0.295400	-6.383160
0.295500	-2.106600
0.295600	-6.858330
0.295700	-7.333500
0.295800	-2.581770
0.295900	-5.432810
0.296000	-11.134900
0.296100	-6.383160
0.296200	-8.759020
0.296300	-10.184500
0.296400	-7.333500
0.296500	-6.383160
0.296600	-4.482470
0.296700	-1.631430
0.296800	-2.581770
0.296900	-4.482470
0.297000	-3.056950
0.297100	-7.333500
0.297200	-7.333500
0.297300	-7.333500
0.297400	-13.035600
0.297500	-7.808680
0.297600	-4.957640
0.297700	-8.283850
0.297800	-8.283850
0.297900	-5.432810
0.298000	-5.432810
0.298100	-3.056950
0.298200	-5.432810
0.298300	-7.808680
0.298400	-0.681081
0.298500	-1.631430
0.298600	-4.482470
0.298700	-2.581770
0.298800	-5.432810
0.298900	-10.184500
0.299000	-9.234200
0.299100	-7.333500
0.299200	-5.907980
0.299300	-6.858330
0.299400	-8.283850
0.299500	-6.383160
0.299600	-5.907980
0.299700	-10.659700
0.299800	-9.234200
0.299900	-5.432810
