-0.050000	-0.005126
-0.049900	0.181266
-0.049800	0.111369
-0.049700	0.088070
-0.049600	-0.005126
-0.049500	-0.005126
-0.049400	0.018173
-0.049300	-0.051724
-0.049200	-0.098322
-0.049100	-0.005126
-0.049000	-0.005126
-0.048900	-0.075023
-0.048800	-0.028425
-0.048700	-0.051724
-0.048600	-0.028425
-0.048500	0.111369
-0.048400	0.111369
-0.048300	0.018173
-0.048200	0.041472
-0.048100	0.064771
-0.048000	-0.005126
-0.047900	0.041472
-0.047800	0.088070
-0.047700	0.018173
-0.047600	0.111369
-0.047500	0.157967
-0.047400	0.064771
-0.047300	-0.005126
-0.047200	-0.028425
-0.047100	-0.051724
-0.047000	0.041472
-0.046900	0.018173
-0.046800	0.064771
-0.046700	0.064771
-0.046600	-0.028425
-0.046500	0.018173
-0.046400	-0.005126
-0.046300	0.088070
-0.046200	0.088070
-0.046100	0.111369
-0.046000	0.064771
-0.045900	0.064771
-0.045800	0.088070
-0.045700	0.018173
-0.045600	-0.028425
-0.045500	-0.051724
-0.045400	0.088070
-0.045300	0.064771
-0.045200	0.018173
-0.045100	-0.028425
-0.045000	-0.005126
-0.044900	-0.121621
-0.044800	-0.051724
-0.044700	0.088070
-0.044600	0.018173
-0.044500	0.041472
-0.044400	0.041472
-0.044300	0.018173
-0.044200	-0.075023
-0.044100	-0.075023
-0.044000	-0.028425
-0.043900	-0.051724
-0.043800	0.134668
-0.043700	0.088070
-0.043600	-0.028425
-0.043500	0.018173
-0.043400	0.018173
-0.043300	-0.028425
-0.043200	-0.075023
-0.043100	-0.051724
-0.043000	0.064771
-0.042900	0.041472
-0.042800	0.041472
-0.042700	-0.075023
-0.042600	-0.028425
-0.042500	0.134668
-0.042400	-0.028425
-0.042300	-0.028425
-0.042200	-0.098322
-0.042100	-0.144920
-0.042000	0.064771
-0.041900	0.041472
-0.041800	0.041472
-0.041700	-0.028425
-0.041600	0.041472
-0.041500	-0.028425
-0.041400	-0.075023
-0.041300	-0.075023
-0.041200	0.018173
-0.041100	0.041472
-0.041000	0.157967
-0.040900	-0.028425
-0.040800	-0.051724
-0.040700	-0.051724
-0.040600	-0.028425
-0.040500	0.018173
-0.040400	-0.098322
-0.040300	-0.028425
-0.040200	-0.098322
-0.040100	0.018173
-0.040000	-0.028425
-0.039900	-0.028425
-0.039800	-0.051724
-0.039700	-0.098322
-0.039600	0.018173
-0.039500	-0.075023
-0.039400	-0.121621
-0.039300	-0.005126
-0.039200	-0.051724
-0.039100	-0.051724
-0.039000	-0.005126
-0.038900	-0.051724
-0.038800	-0.051724
-0.038700	-0.075023
-0.038600	-0.051724
-0.038500	-0.121621
-0.038400	-0.075023
-0.038300	0.018173
-0.038200	-0.051724
-0.038100	0.088070
-0.038000	0.041472
-0.037900	-0.051724
-0.037800	0.018173
-0.037700	-0.028425
-0.037600	-0.098322
-0.037500	-0.144920
-0.037400	-0.005126
-0.037300	-0.028425
-0.037200	-0.098322
-0.037100	0.041472
-0.037000	0.018173
-0.036900	-0.051724
-0.036800	-0.051724
-0.036700	-0.028425
-0.036600	0.018173
-0.036500	-0.005126
-0.036400	-0.168219
-0.036300	-0.144920
-0.036200	-0.051724
-0.036100	0.134668
-0.036000	0.018173
-0.035900	0.111369
-0.035800	-0.028425
-0.035700	-0.051724
-0.035600	-0.121621
-0.035500	-0.098322
-0.035400	0.041472
-0.035300	-0.075023
-0.035200	-0.028425
-0.035100	-0.098322
-0.035000	-0.121621
-0.034900	-0.028425
-0.034800	-0.005126
-0.034700	-0.168219
-0.034600	-0.075023
-0.034500	-0.051724
-0.034400	0.018173
-0.034300	-0.051724
-0.034200	-0.051724
-0.034100	-0.028425
-0.034000	-0.075023
-0.033900	-0.098322
-0.033800	-0.121621
-0.033700	-0.144920
-0.033600	-0.121621
-0.033500	-0.144920
-0.033400	-0.121621
-0.033300	-0.144920
-0.033200	0.018173
-0.033100	-0.051724
-0.033000	-0.144920
-0.032900	0.041472
-0.032800	-0.051724
-0.032700	-0.144920
-0.032600	-0.075023
-0.032500	-0.028425
-0.032400	-0.005126
-0.032300	-0.051724
-0.032200	-0.238116
-0.032100	-0.098322
-0.032000	-0.051724
-0.031900	-0.051724
-0.031800	-0.098322
-0.031700	-0.168219
-0.031600	-0.168219
-0.031500	-0.028425
-0.031400	-0.098322
-0.031300	-0.121621
-0.031200	-0.191518
-0.031100	-0.075023
-0.031000	-0.005126
-0.030900	-0.121621
-0.030800	-0.028425
-0.030700	-0.028425
-0.030600	-0.168219
-0.030500	-0.144920
-0.030400	-0.051724
-0.030300	-0.168219
-0.030200	-0.214817
-0.030100	-0.238116
-0.030000	-0.121621
-0.029900	-0.051724
-0.029800	-0.051724
-0.029700	-0.051724
-0.029600	-0.075023
-0.029500	-0.028425
-0.029400	0.111369
-0.029300	-0.051724
-0.029200	-0.168219
-0.029100	-0.028425
-0.029000	0.088070
-0.028900	-0.051724
-0.028800	-0.028425
-0.028700	-0.121621
-0.028600	-0.075023
-0.028500	-0.051724
-0.028400	-0.005126
-0.028300	-0.075023
-0.028200	-0.005126
-0.028100	-0.005126
-0.028000	-0.098322
-0.027900	0.064771
-0.027800	-0.028425
-0.027700	-0.028425
-0.027600	-0.121621
-0.027500	0.064771
-0.027400	0.041472
-0.027300	-0.051724
-0.027200	-0.028425
-0.027100	-0.028425
-0.027000	-0.098322
-0.026900	-0.144920
-0.026800	0.088070
-0.026700	0.064771
-0.026600	-0.005126
-0.026500	0.064771
-0.026400	0.088070
-0.026300	0.064771
-0.026200	-0.028425
-0.026100	-0.028425
-0.026000	0.064771
-0.025900	0.018173
-0.025800	0.018173
-0.025700	0.041472
-0.025600	-0.028425
-0.025500	-0.051724
-0.025400	-0.098322
-0.025300	-0.121621
-0.025200	-0.075023
-0.025100	-0.028425
-0.025000	0.018173
-0.024900	0.088070
-0.024800	0.111369
-0.024700	-0.028425
-0.024600	-0.028425
-0.024500	0.018173
-0.024400	-0.098322
-0.024300	0.064771
-0.024200	0.088070
-0.024100	0.088070
-0.024000	0.064771
-0.023900	-0.051724
-0.023800	-0.005126
-0.023700	-0.098322
-0.023600	0.064771
-0.023500	-0.005126
-0.023400	0.111369
-0.023300	-0.005126
-0.023200	0.018173
-0.023100	0.041472
-0.023000	-0.028425
-0.022900	0.064771
-0.022800	0.088070
-0.022700	-0.005126
-0.022600	0.088070
-0.022500	0.088070
-0.022400	0.041472
-0.022300	-0.121621
-0.022200	-0.121621
-0.022100	-0.005126
-0.022000	-0.051724
-0.021900	0.041472
-0.021800	0.134668
-0.021700	0.041472
-0.021600	0.018173
-0.021500	-0.005126
-0.021400	-0.051724
-0.021300	-0.098322
-0.021200	0.064771
-0.021100	0.134668
-0.021000	0.041472
-0.020900	0.064771
-0.020800	0.018173
-0.020700	0.018173
-0.020600	-0.075023
-0.020500	0.018173
-0.020400	0.111369
-0.020300	0.041472
-0.020200	0.018173
-0.020100	0.018173
-0.020000	-0.005126
-0.019900	-0.028425
-0.019800	-0.005126
-0.019700	0.088070
-0.019600	0.018173
-0.019500	0.018173
-0.019400	-0.098322
-0.019300	0.018173
-0.019200	0.064771
-0.019100	0.157967
-0.019000	0.088070
-0.018900	0.018173
-0.018800	-0.028425
-0.018700	0.018173
-0.018600	0.204565
-0.018500	0.204565
-0.018400	0.018173
-0.018300	-0.051724
-0.018200	0.018173
-0.018100	0.111369
-0.018000	0.088070
-0.017900	0.041472
-0.017800	0.088070
-0.017700	-0.051724
-0.017600	0.041472
-0.017500	0.064771
-0.017400	0.088070
-0.017300	-0.075023
-0.017200	-0.028425
-0.017100	-0.051724
-0.017000	-0.028425
-0.016900	0.088070
-0.016800	0.041472
-0.016700	0.041472
-0.016600	0.018173
-0.016500	0.041472
-0.016400	-0.028425
-0.016300	-0.144920
-0.016200	0.041472
-0.016100	-0.028425
-0.016000	0.064771
-0.015900	0.111369
-0.015800	0.204565
-0.015700	0.064771
-0.015600	0.088070
-0.015500	0.181266
-0.015400	0.064771
-0.015300	0.088070
-0.015200	0.041472
-0.015100	0.111369
-0.015000	-0.051724
-0.014900	-0.028425
-0.014800	0.088070
-0.014700	0.018173
-0.014600	0.088070
-0.014500	-0.005126
-0.014400	0.041472
-0.014300	0.088070
-0.014200	0.134668
-0.014100	0.157967
-0.014000	0.041472
-0.013900	-0.075023
-0.013800	-0.028425
-0.013700	0.018173
-0.013600	0.018173
-0.013500	0.088070
-0.013400	0.111369
-0.013300	0.064771
-0.013200	0.064771
-0.013100	0.018173
-0.013000	-0.005126
-0.012900	0.111369
-0.012800	0.297761
-0.012700	0.134668
-0.012600	0.204565
-0.012500	0.111369
-0.012400	0.157967
-0.012300	0.064771
-0.012200	0.111369
-0.012100	0.204565
-0.012000	0.227864
-0.011900	0.134668
-0.011800	0.111369
-0.011700	-0.028425
-0.011600	0.041472
-0.011500	0.134668
-0.011400	0.181266
-0.011300	0.227864
-0.011200	0.111369
-0.011100	0.204565
-0.011000	0.157967
-0.010900	0.018173
-0.010800	0.181266
-0.010700	0.134668
-0.010600	0.064771
-0.010500	0.111369
-0.010400	0.134668
-0.010300	0.018173
-0.010200	0.064771
-0.010100	0.111369
-0.010000	0.018173
-0.009900	0.181266
-0.009800	0.251163
-0.009700	0.274462
-0.009600	0.227864
-0.009500	0.134668
-0.009400	0.181266
-0.009300	0.111369
-0.009200	0.251163
-0.009100	0.088070
-0.009000	0.041472
-0.008900	0.181266
-0.008800	0.227864
-0.008700	0.181266
-0.008600	0.111369
-0.008500	0.134668
-0.008400	0.134668
-0.008300	0.204565
-0.008200	0.227864
-0.008100	0.157967
-0.008000	0.274462
-0.007900	0.157967
-0.007800	0.134668
-0.007700	0.251163
-0.007600	0.251163
-0.007500	0.204565
-0.007400	0.204565
-0.007300	0.227864
-0.007200	0.297761
-0.007100	0.157967
-0.007000	0.157967
-0.006900	0.297761
-0.006800	0.297761
-0.006700	0.321060
-0.006600	0.204565
-0.006500	0.204565
-0.006400	0.227864
-0.006300	0.181266
-0.006200	0.088070
-0.006100	0.297761
-0.006000	0.181266
-0.005900	0.157967
-0.005800	0.297761
-0.005700	0.274462
-0.005600	0.274462
-0.005500	0.157967
-0.005400	0.204565
-0.005300	0.204565
-0.005200	0.181266
-0.005100	0.367658
-0.005000	0.227864
-0.004900	0.251163
-0.004800	0.157967
-0.004700	0.181266
-0.004600	0.321060
-0.004500	0.251163
-0.004400	0.321060
-0.004300	0.297761
-0.004200	0.227864
-0.004100	0.297761
-0.004000	0.344359
-0.003900	0.297761
-0.003800	0.297761
-0.003700	0.274462
-0.003600	0.344359
-0.003500	0.321060
-0.003400	0.181266
-0.003300	0.251163
-0.003200	0.297761
-0.003100	0.437555
-0.003000	0.274462
-0.002900	0.204565
-0.002800	0.227864
-0.002700	0.297761
-0.002600	0.321060
-0.002500	0.274462
-0.002400	0.227864
-0.002300	0.274462
-0.002200	0.251163
-0.002100	0.227864
-0.002000	0.157967
-0.001900	0.321060
-0.001800	0.344359
-0.001700	0.297761
-0.001600	0.344359
-0.001500	0.321060
-0.001400	0.414256
-0.001300	0.390957
-0.001200	0.297761
-0.001100	0.297761
-0.001000	0.297761
-0.000900	0.251163
-0.000800	0.274462
-0.000700	0.297761
-0.000600	0.367658
-0.000500	0.274462
-0.000400	0.227864
-0.000300	0.344359
-0.000200	0.274462
-0.000100	0.274462
0.000000	0.181266
0.000100	0.227864
0.000200	0.367658
0.000300	0.460854
0.000400	0.344359
0.000500	0.274462
0.000600	0.321060
0.000700	0.367658
0.000800	0.297761
0.000900	0.111369
0.001000	0.344359
0.001100	0.390957
0.001200	0.321060
0.001300	0.414256
0.001400	0.251163
0.001500	0.297761
0.001600	0.227864
0.001700	0.297761
0.001800	0.437555
0.001900	0.414256
0.002000	0.297761
0.002100	0.321060
0.002200	0.390957
0.002300	0.367658
0.002400	0.437555
0.002500	0.367658
0.002600	0.227864
0.002700	0.204565
0.002800	0.297761
0.002900	0.297761
0.003000	0.344359
0.003100	0.344359
0.003200	0.344359
0.003300	0.367658
0.003400	0.437555
0.003500	0.390957
0.003600	0.530751
0.003700	0.414256
0.003800	0.297761
0.003900	0.321060
0.004000	0.297761
0.004100	0.390957
0.004200	0.577349
0.004300	0.390957
0.004400	0.367658
0.004500	0.297761
0.004600	0.227864
0.004700	0.321060
0.004800	0.204565
0.004900	0.321060
0.005000	0.274462
0.005100	0.344359
0.005200	0.297761
0.005300	0.390957
0.005400	0.390957
0.005500	0.414256
0.005600	0.414256
0.005700	0.507452
0.005800	0.390957
0.005900	0.390957
0.006000	0.321060
0.006100	0.297761
0.006200	0.297761
0.006300	0.414256
0.006400	0.437555
0.006500	0.321060
0.006600	0.414256
0.006700	0.390957
0.006800	0.460854
0.006900	0.437555
0.007000	0.460854
0.007100	0.344359
0.007200	0.414256
0.007300	0.390957
0.007400	0.321060
0.007500	0.344359
0.007600	0.321060
0.007700	0.414256
0.007800	0.367658
0.007900	0.390957
0.008000	0.321060
0.008100	0.274462
0.008200	0.344359
0.008300	0.297761
0.008400	0.344359
0.008500	0.437555
0.008600	0.321060
0.008700	0.367658
0.008800	0.460854
0.008900	0.460854
0.009000	0.390957
0.009100	0.414256
0.009200	0.437555
0.009300	0.437555
0.009400	0.530751
0.009500	0.484153
0.009600	0.414256
0.009700	0.367658
0.009800	0.507452
0.009900	0.344359
0.010000	0.344359
0.010100	0.577349
0.010200	0.554050
0.010300	0.460854
0.010400	0.414256
0.010500	0.484153
0.010600	0.344359
0.010700	0.390957
0.010800	0.414256
0.010900	0.507452
0.011000	0.414256
0.011100	0.414256
0.011200	0.390957
0.011300	0.530751
0.011400	0.600648
0.011500	0.554050
0.011600	0.554050
0.011700	0.530751
0.011800	0.344359
0.011900	0.344359
0.012000	0.181266
0.012100	0.251163
0.012200	0.344359
0.012300	0.367658
0.012400	0.414256
0.012500	0.530751
0.012600	0.623947
0.012700	0.600648
0.012800	0.554050
0.012900	0.693844
0.013000	0.554050
0.013100	0.507452
0.013200	0.344359
0.013300	0.484153
0.013400	0.554050
0.013500	0.484153
0.013600	0.297761
0.013700	0.390957
0.013800	0.460854
0.013900	0.554050
0.014000	0.530751
0.014100	0.437555
0.014200	0.484153
0.014300	0.623947
0.014400	0.600648
0.014500	0.554050
0.014600	0.577349
0.014700	0.600648
0.014800	0.554050
0.014900	0.623947
0.015000	0.787040
0.015100	0.810339
0.015200	0.880236
0.015300	0.717143
0.015400	0.763741
0.015500	0.577349
0.015600	0.577349
0.015700	0.647246
0.015800	0.787040
0.015900	0.787040
0.016000	0.623947
0.016100	0.693844
0.016200	0.810339
0.016300	0.810339
0.016400	0.693844
0.016500	0.810339
0.016600	0.787040
0.016700	0.740442
0.016800	0.647246
0.016900	0.740442
0.017000	0.670545
0.017100	0.693844
0.017200	0.717143
0.017300	0.717143
0.017400	0.787040
0.017500	0.647246
0.017600	0.344359
0.017700	0.577349
0.017800	0.600648
0.017900	0.437555
0.018000	0.460854
0.018100	0.274462
0.018200	0.111369
0.018300	-0.028425
0.018400	-0.121621
0.018500	-0.098322
0.018600	-0.261415
0.018700	-0.308013
0.018800	-0.191518
0.018900	-0.261415
0.019000	-0.564302
0.019100	-0.564302
0.019200	-0.471106
0.019300	-0.424508
0.019400	-0.541003
0.019500	-0.494405
0.019600	-0.424508
0.019700	-0.261415
0.019800	-0.238116
0.019900	-0.214817
0.020000	-0.424508
0.020100	-0.471106
0.020200	-0.587601
0.020300	-0.587601
0.020400	-0.541003
0.020500	-0.447807
0.020600	-0.284714
0.020700	-0.144920
0.020800	-0.121621
0.020900	-0.051724
0.021000	-0.121621
0.021100	-0.610900
0.021200	-0.937086
0.021300	-1.216670
0.021400	-1.542860
0.021500	-1.822450
0.021600	-1.752550
0.021700	-1.379770
0.021800	-0.750694
0.021900	-0.168219
0.022000	0.670545
0.022100	1.928690
0.022200	3.443130
0.022300	5.213850
0.022400	6.891380
0.022500	8.918390
0.022600	10.992000
0.022700	13.624800
0.022800	17.166201
0.022900	19.170000
0.023000	19.426201
0.023100	20.544600
0.023200	22.035700
0.023300	22.897800
0.023400	23.154100
0.023500	22.874500
0.023600	22.385201
0.023700	22.361900
0.023800	22.105600
0.023900	23.014299
0.024000	25.157801
0.024100	24.785000
0.024200	21.499901
0.024300	19.915501
0.024400	20.101900
0.024500	18.540899
0.024600	16.513901
0.024700	14.929500
0.024800	12.063800
0.024900	9.151380
0.025000	7.730140
0.025100	6.798180
0.025200	4.794470
0.025300	2.627660
0.025400	0.600648
0.025500	-0.261415
0.025600	-0.028425
0.025700	0.041472
0.025800	-0.191518
0.025900	-0.354611
0.026000	-1.123480
0.026100	-0.517704
0.026200	1.020030
0.026300	0.018173
0.026400	-2.591310
0.026500	-4.222240
0.026600	-5.247400
0.026700	-6.785130
0.026800	-8.905340
0.026900	-10.536300
0.027000	-11.561400
0.027100	-12.889500
0.027200	-14.240800
0.027300	-14.893200
0.027400	-15.475700
0.027500	-15.708700
0.027600	-14.893200
0.027700	-12.936100
0.027800	-11.142000
0.027900	-9.511120
0.028000	-7.274410
0.028100	-4.804720
0.028200	-3.290280
0.028300	-2.335030
0.028400	-1.566160
0.028500	-1.752550
0.028600	-2.964100
0.028700	-4.385340
0.028800	-5.573590
0.028900	-6.295860
0.029000	-6.761840
0.029100	-7.064720
0.029200	-7.344310
0.029300	-7.623900
0.029400	-8.788850
0.029500	-9.930500
0.029600	-11.095400
0.029700	-12.842900
0.029800	-14.543700
0.029900	-15.708700
0.030000	-16.990101
0.030100	-18.015301
0.030200	-18.504499
0.030300	-18.155001
0.030400	-17.456100
0.030500	-16.221201
0.030600	-14.543700
0.030700	-12.563300
0.030800	-10.862500
0.030900	-9.860600
0.031000	-8.788850
0.031100	-7.903490
0.031200	-7.321010
0.031300	-6.482250
0.031400	-5.480390
0.031500	-4.548430
0.031600	-3.989250
0.031700	-3.826160
0.031800	-3.639770
0.031900	-3.453380
0.032000	-3.336880
0.032100	-3.499980
0.032200	-3.663070
0.032300	-3.989250
0.032400	-4.571730
0.032500	-5.154200
0.032600	-5.969670
0.032700	-6.715240
0.032800	-7.717090
0.032900	-8.649050
0.033000	-9.650910
0.033100	-10.443100
0.033200	-11.095400
0.033300	-11.538100
0.033400	-12.074000
0.033500	-12.586600
0.033600	-13.215700
0.033700	-13.332200
0.033800	-13.355500
0.033900	-12.959400
0.034000	-12.609900
0.034100	-12.143900
0.034200	-11.584700
0.034300	-10.769300
0.034400	-10.093600
0.034500	-9.417920
0.034600	-9.068440
0.034700	-8.858750
0.034800	-8.928640
0.034900	-9.348020
0.035000	-10.023700
0.035100	-10.979000
0.035200	-11.561400
0.035300	-12.330300
0.035400	-13.029300
0.035500	-14.077700
0.035600	-15.196100
0.035700	-15.918300
0.035800	-16.920200
0.035900	-17.968700
0.036000	-18.551100
0.036100	-18.947201
0.036200	-19.646200
0.036300	-20.531500
0.036400	-21.533400
0.036500	-22.232401
0.036600	-22.861401
0.036700	-23.560400
0.036800	-24.189501
0.036900	-25.191299
0.037000	-26.239799
0.037100	-27.055300
0.037200	-27.101900
0.037300	-27.288300
0.037400	-27.940599
0.037500	-28.756100
0.037600	-29.315300
0.037700	-29.734600
0.037800	-30.084101
0.037900	-30.177299
0.038000	-30.363701
0.038100	-30.410299
0.038200	-30.014200
0.038300	-30.037500
0.038400	-30.293800
0.038500	-30.293800
0.038600	-30.223900
0.038700	-30.410299
0.038800	-31.016100
0.038900	-31.365601
0.039000	-31.179199
0.039100	-30.736500
0.039200	-30.433599
0.039300	-30.456900
0.039400	-30.480200
0.039500	-30.689899
0.039600	-30.550100
0.039700	-30.806400
0.039800	-30.689899
0.039900	-30.596701
0.040000	-30.596701
0.040100	-30.223900
0.040200	-29.781200
0.040300	-29.618200
0.040400	-28.965799
0.040500	-28.290100
0.040600	-27.847401
0.040700	-27.264999
0.040800	-26.286400
0.040900	-25.470900
0.041000	-24.515699
0.041100	-23.420601
0.041200	-22.046000
0.041300	-20.857700
0.041400	-19.949100
0.041500	-19.040400
0.041600	-18.224899
0.041700	-17.642500
0.041800	-16.966801
0.041900	-16.291100
0.042000	-15.708700
0.042100	-15.615500
0.042200	-15.545600
0.042300	-15.638800
0.042400	-15.615500
0.042500	-15.662100
0.042600	-15.708700
0.042700	-15.615500
0.042800	-15.592200
0.042900	-15.452400
0.043000	-14.730100
0.043100	-13.192400
0.043200	-11.747800
0.043300	-10.443100
0.043400	-8.975240
0.043500	-7.810290
0.043600	-7.484100
0.043700	-7.554000
0.043800	-8.229670
0.043900	-9.581010
0.044000	-11.305100
0.044100	-12.749700
0.044200	-13.588400
0.044300	-14.077700
0.044400	-14.613600
0.044500	-14.776700
0.044600	-14.753400
0.044700	-14.590300
0.044800	-14.403900
0.044900	-14.170900
0.045000	-13.868000
0.045100	-13.495200
0.045200	-13.239000
0.045300	-12.912800
0.045400	-12.376900
0.045500	-12.097300
0.045600	-11.934200
0.045700	-11.654600
0.045800	-11.165300
0.045900	-10.792600
0.046000	-10.513000
0.046100	-10.023700
0.046200	-9.324730
0.046300	-9.091740
0.046400	-8.672350
0.046500	-8.392770
0.046600	-7.833590
0.046700	-7.157920
0.046800	-6.552140
0.046900	-5.899770
0.047000	-5.270700
0.047100	-4.501830
0.047200	-4.059150
0.047300	-3.499980
0.047400	-3.150490
0.047500	-2.754410
0.047600	-2.311730
0.047700	-1.729250
0.047800	-1.403070
0.047900	-0.913787
0.048000	-0.727395
0.048100	-0.424508
0.048200	-0.284714
0.048300	-0.308013
0.048400	-0.261415
0.048500	-0.214817
0.048600	-0.238116
0.048700	-0.517704
0.048800	-0.797292
0.048900	-1.216670
0.049000	-1.822450
0.049100	-2.498120
0.049200	-3.150490
0.049300	-3.872760
0.049400	-4.501830
0.049500	-5.061010
0.049600	-5.969670
0.049700	-6.761840
0.049800	-7.460810
0.049900	-8.276270
0.050000	-9.254830
0.050100	-10.070300
0.050200	-10.769300
0.050300	-11.211900
0.050400	-11.654600
0.050500	-12.004100
0.050600	-12.470100
0.050700	-12.912800
0.050800	-12.959400
0.050900	-12.516700
0.051000	-12.213800
0.051100	-12.004100
0.051200	-12.167200
0.051300	-12.400200
0.051400	-12.283700
0.051500	-12.004100
0.051600	-11.771100
0.051700	-11.701200
0.051800	-11.351700
0.051900	-10.769300
0.052000	-10.303300
0.052100	-9.883900
0.052200	-9.627610
0.052300	-9.161630
0.052400	-8.742250
0.052500	-8.462660
0.052600	-8.299570
0.052700	-7.973380
0.052800	-7.903490
0.052900	-7.437510
0.053000	-6.831730
0.053100	-6.412350
0.053200	-6.272560
0.053300	-5.969670
0.053400	-5.690080
0.053500	-5.736680
0.053600	-5.853170
0.053700	-5.573590
0.053800	-5.503690
0.053900	-5.853170
0.054000	-5.806580
0.054100	-5.503690
0.054200	-5.130910
0.054300	-4.991110
0.054400	-4.921210
0.054500	-4.921210
0.054600	-5.363900
0.054700	-5.480390
0.054800	-5.014410
0.054900	-4.688220
0.055000	-5.014410
0.055100	-4.897920
0.055200	-4.828020
0.055300	-4.664930
0.055400	-4.548430
0.055500	-4.222240
0.055600	-3.779560
0.055700	-3.523270
0.055800	-3.593170
0.055900	-3.569870
0.056000	-3.616470
0.056100	-3.639770
0.056200	-3.709670
0.056300	-4.059150
0.056400	-4.455230
0.056500	-4.734820
0.056600	-5.130910
0.056700	-4.641630
0.056800	-3.802860
0.056900	-4.478530
0.057000	-5.643480
0.057100	-6.016270
0.057200	-5.690080
0.057300	-5.247400
0.057400	-5.480390
0.057500	-6.016270
0.057600	-6.132760
0.057700	-5.736680
0.057800	-5.550290
0.057900	-4.921210
0.058000	-5.433790
0.058100	-6.738540
0.058200	-6.901630
0.058300	-6.482250
0.058400	-6.319150
0.058500	-6.575440
0.058600	-6.645340
0.058700	-6.715240
0.058800	-6.971530
0.058900	-7.251110
0.059000	-7.297710
0.059100	-7.181220
0.059200	-7.227820
0.059300	-7.670500
0.059400	-8.159780
0.059500	-8.555860
0.059600	-8.858750
0.059700	-8.858750
0.059800	-9.068440
0.059900	-9.557720
0.060000	-9.907200
0.060100	-10.280000
0.060200	-10.885800
0.060300	-11.608000
0.060400	-12.143900
0.060500	-12.516700
0.060600	-12.842900
0.060700	-13.215700
0.060800	-13.518500
0.060900	-13.891300
0.061000	-14.427200
0.061100	-14.753400
0.061200	-15.126200
0.061300	-15.685400
0.061400	-16.384300
0.061500	-16.873600
0.061600	-16.990101
0.061700	-16.990101
0.061800	-17.502701
0.061900	-18.108400
0.062000	-18.131701
0.062100	-18.085100
0.062200	-17.968700
0.062300	-17.968700
0.062400	-18.085100
0.062500	-18.108400
0.062600	-18.131701
0.062700	-18.108400
0.062800	-18.388000
0.062900	-18.551100
0.063000	-18.737499
0.063100	-18.784100
0.063200	-19.180201
0.063300	-19.366600
0.063400	-19.529699
0.063500	-19.622900
0.063600	-19.785999
0.063700	-19.879200
0.063800	-20.135500
0.063900	-20.345200
0.064000	-20.415001
0.064100	-20.578100
0.064200	-20.764500
0.064300	-20.857700
0.064400	-20.787800
0.064500	-21.207199
0.064600	-21.603300
0.064700	-21.486799
0.064800	-21.044100
0.064900	-21.044100
0.065000	-20.648001
0.065100	-20.252001
0.065200	-19.832600
0.065300	-19.459801
0.065400	-19.250099
0.065500	-19.226801
0.065600	-19.087000
0.065700	-18.900600
0.065800	-18.690901
0.065900	-18.714199
0.066000	-18.667601
0.066100	-18.621000
0.066200	-18.434601
0.066300	-18.388000
0.066400	-18.388000
0.066500	-18.504499
0.066600	-18.481199
0.066700	-18.667601
0.066800	-18.807400
0.066900	-18.947201
0.067000	-18.970501
0.067100	-19.063700
0.067200	-19.017099
0.067300	-18.923901
0.067400	-18.947201
0.067500	-19.156900
0.067600	-19.320000
0.067700	-19.459801
0.067800	-19.576300
0.067900	-19.832600
0.068000	-19.669500
0.068100	-19.646200
0.068200	-19.436501
0.068300	-19.017099
0.068400	-18.574400
0.068500	-18.155001
0.068600	-17.665800
0.068700	-17.106600
0.068800	-16.594000
0.068900	-15.941600
0.069000	-15.289300
0.069100	-14.800000
0.069200	-14.497100
0.069300	-14.240800
0.069400	-13.961200
0.069500	-13.704900
0.069600	-12.889500
0.069700	-11.980800
0.069800	-11.235200
0.069900	-10.280000
0.070000	-9.464520
0.070100	-8.485960
0.070200	-7.623900
0.070300	-6.994830
0.070400	-7.134620
0.070500	-6.715240
0.070600	-5.363900
0.070700	-4.478530
0.070800	-3.802860
0.070900	-2.894200
0.071000	-1.519560
0.071100	-1.100180
0.071200	-1.333170
0.071300	-1.426360
0.071400	-0.587601
0.071500	0.018173
0.071600	0.414256
0.071700	0.973432
0.071800	1.719000
0.071900	2.371370
0.072000	3.023740
0.072100	2.953850
0.072200	3.023740
0.072300	3.303330
0.072400	3.373230
0.072500	3.093640
0.072600	2.814050
0.072700	2.953850
0.072800	2.883950
0.072900	2.720860
0.073000	2.674260
0.073100	2.837350
0.073200	2.907250
0.073300	2.883950
0.073400	3.093640
0.073500	2.953850
0.073600	2.697560
0.073700	2.394670
0.073800	2.278180
0.073900	2.021890
0.074000	1.835500
0.074100	1.928690
0.074200	2.091780
0.074300	2.301480
0.074400	2.068490
0.074500	1.695700
0.074600	1.486010
0.074700	1.369520
0.074800	1.346220
0.074900	1.299620
0.075000	1.299620
0.075100	1.089930
0.075200	0.996731
0.075300	0.763741
0.075400	0.344359
0.075500	0.088070
0.075600	-0.144920
0.075700	-0.517704
0.075800	-0.820591
0.075900	-0.937086
0.076000	-1.076880
0.076100	-1.193370
0.076200	-1.333170
0.076300	-1.542860
0.076400	-1.799150
0.076500	-1.869050
0.076600	-1.985540
0.076700	-2.218530
0.076800	-2.428220
0.076900	-2.498120
0.077000	-2.614610
0.077100	-2.964100
0.077200	-3.336880
0.077300	-3.523270
0.077400	-3.756260
0.077500	-4.222240
0.077600	-4.362040
0.077700	-4.571730
0.077800	-4.688220
0.077900	-4.828020
0.078000	-4.641630
0.078100	-4.874620
0.078200	-4.967810
0.078300	-4.921210
0.078400	-4.944510
0.078500	-5.037710
0.078600	-5.037710
0.078700	-5.107610
0.078800	-5.363900
0.078900	-5.387190
0.079000	-5.340600
0.079100	-5.247400
0.079200	-5.340600
0.079300	-5.480390
0.079400	-5.410490
0.079500	-5.224100
0.079600	-5.177500
0.079700	-5.037710
0.079800	-5.247400
0.079900	-5.270700
0.080000	-5.294000
0.080100	-5.457090
0.080200	-5.783280
0.080300	-5.829880
0.080400	-5.759980
0.080500	-5.620180
0.080600	-5.620180
0.080700	-5.480390
0.080800	-5.270700
0.080900	-5.061010
0.081000	-4.897920
0.081100	-4.711520
0.081200	-4.548430
0.081300	-4.268840
0.081400	-3.965960
0.081500	-3.686370
0.081600	-3.430080
0.081700	-3.080590
0.081800	-2.987400
0.081900	-2.777710
0.082000	-2.661210
0.082100	-2.498120
0.082200	-2.451520
0.082300	-2.381620
0.082400	-2.568020
0.082500	-2.777710
0.082600	-2.870900
0.082700	-3.010700
0.082800	-3.173790
0.082900	-3.313580
0.083000	-3.546570
0.083100	-3.756260
0.083200	-4.012550
0.083300	-4.152350
0.083400	-4.385340
0.083500	-4.315440
0.083600	-4.548430
0.083700	-4.711520
0.083800	-4.758120
0.083900	-4.944510
0.084000	-5.270700
0.084100	-5.317300
0.084200	-5.224100
0.084300	-5.130910
0.084400	-5.270700
0.084500	-5.340600
0.084600	-5.526990
0.084700	-5.666780
0.084800	-5.876470
0.084900	-6.132760
0.085000	-6.202660
0.085100	-6.482250
0.085200	-6.622040
0.085300	-6.691940
0.085400	-6.761840
0.085500	-6.994830
0.085600	-6.948230
0.085700	-6.785130
0.085800	-6.785130
0.085900	-7.064720
0.086000	-6.855030
0.086100	-6.412350
0.086200	-5.992970
0.086300	-5.899770
0.086400	-5.946370
0.086500	-5.992970
0.086600	-5.829880
0.086700	-5.736680
0.086800	-5.829880
0.086900	-5.876470
0.087000	-6.225960
0.087100	-6.552140
0.087200	-6.808430
0.087300	-7.064720
0.087400	-7.204520
0.087500	-7.227820
0.087600	-7.437510
0.087700	-7.460810
0.087800	-7.856890
0.087900	-7.903490
0.088000	-7.647200
0.088100	-7.414210
0.088200	-7.460810
0.088300	-7.973380
0.088400	-8.579160
0.088500	-9.487820
0.088600	-9.767410
0.088700	-9.907200
0.088800	-10.047000
0.088900	-9.860600
0.089000	-9.744110
0.089100	-9.953800
0.089200	-10.233400
0.089300	-10.303300
0.089400	-10.582900
0.089500	-11.211900
0.089600	-11.608000
0.089700	-11.701200
0.089800	-11.910900
0.089900	-12.353600
0.090000	-13.029300
0.090100	-13.704900
0.090200	-14.497100
0.090300	-14.963100
0.090400	-15.568900
0.090500	-15.825100
0.090600	-16.034800
0.090700	-16.361000
0.090800	-16.873600
0.090900	-17.176500
0.091000	-17.549299
0.091100	-17.875500
0.091200	-18.131701
0.091300	-18.481199
0.091400	-18.621000
0.091500	-18.621000
0.091600	-18.900600
0.091700	-19.226801
0.091800	-19.459801
0.091900	-19.320000
0.092000	-19.133600
0.092100	-19.296700
0.092200	-19.669500
0.092300	-19.902500
0.092400	-19.925800
0.092500	-20.182100
0.092600	-20.764500
0.092700	-21.207199
0.092800	-21.580000
0.092900	-21.882900
0.093000	-22.185801
0.093100	-22.395500
0.093200	-22.558599
0.093300	-22.605200
0.093400	-22.768200
0.093500	-22.954599
0.093600	-23.210899
0.093700	-23.164301
0.093800	-23.234200
0.093900	-23.327400
0.094000	-23.630301
0.094100	-23.676901
0.094200	-23.909901
0.094300	-24.119600
0.094400	-24.142900
0.094500	-24.282700
0.094600	-24.422501
0.094700	-24.352600
0.094800	-24.329300
0.094900	-24.375900
0.095000	-24.562300
0.095100	-24.608900
0.095200	-24.585600
0.095300	-24.515699
0.095400	-24.306000
0.095500	-24.445801
0.095600	-24.655500
0.095700	-24.515699
0.095800	-24.678801
0.095900	-24.562300
0.096000	-24.678801
0.096100	-24.632200
0.096200	-24.748699
0.096300	-24.725401
0.096400	-24.841900
0.096500	-24.865200
0.096600	-25.004999
0.096700	-25.004999
0.096800	-25.028299
0.096900	-25.051600
0.097000	-25.214600
0.097100	-25.167999
0.097200	-25.284500
0.097300	-25.284500
0.097400	-25.074800
0.097500	-25.098101
0.097600	-25.098101
0.097700	-24.981701
0.097800	-24.818600
0.097900	-24.795300
0.098000	-24.608900
0.098100	-24.539000
0.098200	-24.515699
0.098300	-24.492399
0.098400	-24.236099
0.098500	-24.236099
0.098600	-24.119600
0.098700	-24.003099
0.098800	-24.073000
0.098900	-24.003099
0.099000	-23.979799
0.099100	-23.979799
0.099200	-23.746799
0.099300	-23.490499
0.099400	-23.350700
0.099500	-23.467199
0.099600	-23.397301
0.099700	-23.443899
0.099800	-23.537100
0.099900	-23.257500
0.100000	-23.187599
0.100100	-22.977900
0.100200	-23.024500
0.100300	-22.744900
0.100400	-22.628500
0.100500	-22.348900
0.100600	-22.232401
0.100700	-21.952801
0.100800	-21.673201
0.100900	-21.323700
0.101000	-21.207199
0.101100	-21.044100
0.101200	-20.531500
0.101300	-20.298599
0.101400	-19.949100
0.101500	-19.785999
0.101600	-19.483101
0.101700	-19.296700
0.101800	-18.877300
0.101900	-18.714199
0.102000	-18.504499
0.102100	-18.341400
0.102200	-18.108400
0.102300	-17.875500
0.102400	-17.782301
0.102500	-17.852200
0.102600	-17.782301
0.102700	-17.572599
0.102800	-17.292999
0.102900	-16.710501
0.103000	-16.221201
0.103100	-15.592200
0.103200	-15.289300
0.103300	-15.312600
0.103400	-15.242700
0.103500	-15.056300
0.103600	-14.939800
0.103700	-14.613600
0.103800	-14.590300
0.103900	-14.590300
0.104000	-14.403900
0.104100	-14.264100
0.104200	-14.147600
0.104300	-14.054400
0.104400	-14.031100
0.104500	-13.751500
0.104600	-13.635000
0.104700	-13.448600
0.104800	-13.332200
0.104900	-12.936100
0.105000	-12.446800
0.105100	-12.097300
0.105200	-11.608000
0.105300	-11.142000
0.105400	-10.769300
0.105500	-10.349900
0.105600	-10.070300
0.105700	-9.907200
0.105800	-9.557720
0.105900	-9.231530
0.106000	-9.091740
0.106100	-8.765550
0.106200	-8.369470
0.106300	-8.322870
0.106400	-7.996680
0.106500	-7.740390
0.106600	-7.530700
0.106700	-7.321010
0.106800	-6.971530
0.106900	-6.761840
0.107000	-6.598740
0.107100	-6.342450
0.107200	-6.179360
0.107300	-5.899770
0.107400	-5.876470
0.107500	-5.876470
0.107600	-5.713380
0.107700	-5.573590
0.107800	-5.503690
0.107900	-5.387190
0.108000	-5.317300
0.108100	-5.130910
0.108200	-4.828020
0.108300	-4.711520
0.108400	-4.501830
0.108500	-4.385340
0.108600	-4.245540
0.108700	-4.198950
0.108800	-3.896060
0.108900	-3.826160
0.109000	-3.849460
0.109100	-3.896060
0.109200	-3.430080
0.109300	-3.476680
0.109400	-3.336880
0.109500	-3.499980
0.109600	-3.430080
0.109700	-3.336880
0.109800	-2.987400
0.109900	-2.777710
0.110000	-2.335030
0.110100	-1.962240
0.110200	-1.566160
0.110300	-1.170080
0.110400	-1.006980
0.110500	-0.494405
0.110600	-0.308013
0.110700	-0.168219
0.110800	-0.144920
0.110900	0.181266
0.111000	0.460854
0.111100	0.717143
0.111200	0.926834
0.111300	1.089930
0.111400	1.136530
0.111500	1.439410
0.111600	1.765600
0.111700	1.951990
0.111800	2.184980
0.111900	2.394670
0.112000	2.627660
0.112100	2.604360
0.112200	2.837350
0.112300	2.953850
0.112400	3.256730
0.112500	3.373230
0.112600	3.489720
0.112700	3.582920
0.112800	3.676120
0.112900	3.699420
0.113000	3.746010
0.113100	3.582920
0.113200	3.769310
0.113300	3.955700
0.113400	3.885810
0.113500	3.582920
0.113600	3.396530
0.113700	3.839210
0.113800	4.211990
0.113900	4.398390
0.114000	4.514880
0.114100	4.584780
0.114200	4.584780
0.114300	4.514880
0.114400	4.421680
0.114500	4.631380
0.114600	4.817770
0.114700	4.841070
0.114800	4.608080
0.114900	4.677970
0.115000	4.771170
0.115100	4.677970
0.115200	4.468280
0.115300	4.584780
0.115400	4.654670
0.115500	4.584780
0.115600	4.631380
0.115700	4.934260
0.115800	5.120650
0.115900	5.190550
0.116000	5.516740
0.116100	5.726430
0.116200	5.959420
0.116300	6.052610
0.116400	6.075910
0.116500	6.169110
0.116600	6.075910
0.116700	6.075910
0.116800	6.215710
0.116900	6.308900
0.117000	6.169110
0.117100	6.215710
0.117200	6.239010
0.117300	6.262310
0.117400	6.192410
0.117500	6.169110
0.117600	6.215710
0.117700	6.239010
0.117800	6.239010
0.117900	6.239010
0.118000	6.239010
0.118100	6.215710
0.118200	6.145810
0.118300	6.239010
0.118400	6.122510
0.118500	6.122510
0.118600	5.959420
0.118700	5.726430
0.118800	5.656530
0.118900	5.563340
0.119000	5.586630
0.119100	5.540040
0.119200	5.563340
0.119300	5.516740
0.119400	5.516740
0.119500	5.446840
0.119600	5.609930
0.119700	5.493440
0.119800	5.633230
0.119900	5.796330
0.120000	5.819620
0.120100	5.703130
0.120200	5.842920
0.120300	5.866220
0.120400	5.796330
0.120500	5.796330
0.120600	5.656530
0.120700	5.609930
0.120800	5.586630
0.120900	5.493440
0.121000	5.423540
0.121100	5.586630
0.121200	5.586630
0.121300	5.563340
0.121400	5.446840
0.121500	5.400240
0.121600	5.213850
0.121700	5.050760
0.121800	5.167250
0.121900	4.887660
0.122000	4.701270
0.122100	4.701270
0.122200	4.375090
0.122300	4.118800
0.122400	3.792610
0.122500	3.513020
0.122600	3.116940
0.122700	2.837350
0.122800	2.464570
0.122900	2.091780
0.123000	1.649100
0.123100	1.253020
0.123200	1.159820
0.123300	0.973432
0.123400	0.833638
0.123500	0.693844
0.123600	0.670545
0.123700	0.693844
0.123800	0.740442
0.123900	0.670545
0.124000	0.600648
0.124100	0.507452
0.124200	0.321060
0.124300	0.344359
0.124400	0.134668
0.124500	0.157967
0.124600	0.018173
0.124700	-0.028425
0.124800	-0.261415
0.124900	-0.424508
0.125000	-0.680797
0.125100	-0.867189
0.125200	-1.239970
0.125300	-1.263270
0.125400	-1.379770
0.125500	-1.333170
0.125600	-1.472960
0.125700	-1.449660
0.125800	-1.449660
0.125900	-1.659350
0.126000	-1.799150
0.126100	-1.938940
0.126200	-2.311730
0.126300	-2.404920
0.126400	-2.684510
0.126500	-2.684510
0.126600	-2.894200
0.126700	-2.987400
0.126800	-3.150490
0.126900	-3.103890
0.127000	-3.243690
0.127100	-3.383480
0.127200	-3.406780
0.127300	-3.569870
0.127400	-3.639770
0.127500	-3.639770
0.127600	-3.686370
0.127700	-3.756260
0.127800	-3.732970
0.127900	-3.616470
0.128000	-3.616470
0.128100	-3.942660
0.128200	-4.431940
0.128300	-4.944510
0.128400	-5.340600
0.128500	-5.713380
0.128600	-6.086160
0.128700	-6.272560
0.128800	-6.528850
0.128900	-6.575440
0.129000	-6.738540
0.129100	-6.948230
0.129200	-6.994830
0.129300	-7.344310
0.129400	-7.530700
0.129500	-7.577300
0.129600	-7.717090
0.129700	-7.973380
0.129800	-8.113180
0.129900	-8.043280
0.130000	-8.299570
0.130100	-8.416060
0.130200	-8.462660
0.130300	-8.462660
0.130400	-8.252970
0.130500	-8.252970
0.130600	-8.416060
0.130700	-8.276270
0.130800	-8.252970
0.130900	-8.322870
0.131000	-8.579160
0.131100	-8.532560
0.131200	-8.416060
0.131300	-8.439360
0.131400	-8.439360
0.131500	-8.555860
0.131600	-8.788850
0.131700	-8.718950
0.131800	-8.835450
0.131900	-8.998540
0.132000	-9.045140
0.132100	-9.184930
0.132200	-9.231530
0.132300	-9.441220
0.132400	-9.604310
0.132500	-9.767410
0.132600	-9.674210
0.132700	-9.650910
0.132800	-9.697510
0.132900	-9.697510
0.133000	-9.720810
0.133100	-9.650910
0.133200	-9.674210
0.133300	-9.790710
0.133400	-9.953800
0.133500	-9.953800
0.133600	-10.326600
0.133700	-10.443100
0.133800	-10.536300
0.133900	-10.746000
0.134000	-10.629500
0.134100	-10.000400
0.134200	-9.581010
0.134300	-9.697510
0.134400	-10.047000
0.134500	-10.256700
0.134600	-10.349900
0.134700	-10.536300
0.134800	-10.466400
0.134900	-10.582900
0.135000	-10.070300
0.135100	-9.394620
0.135200	-9.324730
0.135300	-10.047000
0.135400	-10.303300
0.135500	-10.746000
0.135600	-11.328400
0.135700	-11.421600
0.135800	-10.979000
0.135900	-10.280000
0.136000	-9.697510
0.136100	-9.324730
0.136200	-9.487820
0.136300	-9.697510
0.136400	-9.860600
0.136500	-9.930500
0.136600	-10.093600
0.136700	-10.466400
0.136800	-10.629500
0.136900	-10.652800
0.137000	-10.559600
0.137100	-10.396500
0.137200	-10.186800
0.137300	-9.953800
0.137400	-9.860600
0.137500	-9.720810
0.137600	-9.930500
0.137700	-9.930500
0.137800	-9.674210
0.137900	-9.790710
0.138000	-9.814000
0.138100	-10.000400
0.138200	-9.953800
0.138300	-9.977100
0.138400	-9.697510
0.138500	-9.301430
0.138600	-9.650910
0.138700	-9.557720
0.138800	-9.487820
0.138900	-9.674210
0.139000	-9.697510
0.139100	-9.604310
0.139200	-9.557720
0.139300	-9.604310
0.139400	-9.348020
0.139500	-9.115030
0.139600	-9.301430
0.139700	-9.301430
0.139800	-8.928640
0.139900	-9.301430
0.140000	-10.000400
0.140100	-9.697510
0.140200	-8.113180
0.140300	-6.179360
0.140400	-5.783280
0.140500	-6.761840
0.140600	-6.855030
0.140700	-7.041420
0.140800	-7.926790
0.140900	-8.928640
0.141000	-8.579160
0.141100	-7.647200
0.141200	-7.367610
0.141300	-7.833590
0.141400	-7.390910
0.141500	-6.225960
0.141600	-6.202660
0.141700	-6.785130
0.141800	-5.573590
0.141900	-5.061010
0.142000	-6.086160
0.142100	-6.948230
0.142200	-7.484100
0.142300	-7.693800
0.142400	-6.575440
0.142500	-5.061010
0.142600	-4.897920
0.142700	-5.270700
0.142800	-5.084310
0.142900	-5.294000
0.143000	-5.969670
0.143100	-6.016270
0.143200	-4.921210
0.143300	-3.802860
0.143400	-3.779560
0.143500	-4.012550
0.143600	-4.362040
0.143700	-4.408640
0.143800	-4.338740
0.143900	-4.292140
0.144000	-4.152350
0.144100	-3.826160
0.144200	-3.499980
0.144300	-3.709670
0.144400	-4.478530
0.144500	-5.084310
0.144600	-5.154200
0.144700	-4.734820
0.144800	-4.175650
0.144900	-3.686370
0.145000	-3.150490
0.145100	-2.335030
0.145200	-2.125330
0.145300	-2.404920
0.145400	-2.707810
0.145500	-2.637910
0.145600	-1.985540
0.145700	-1.403070
0.145800	-1.589460
0.145900	-2.008840
0.146000	-1.822450
0.146100	-1.193370
0.146200	-0.308013
0.146300	0.484153
0.146400	0.810339
0.146500	1.113230
0.146600	1.206420
0.146700	0.740442
0.146800	0.297761
0.146900	0.204565
0.147000	0.484153
0.147100	0.717143
0.147200	0.926834
0.147300	1.136530
0.147400	1.322920
0.147500	1.602510
0.147600	1.812200
0.147700	1.882090
0.147800	2.231580
0.147900	2.278180
0.148000	1.905390
0.148100	1.532610
0.148200	1.509310
0.148300	1.882090
0.148400	2.278180
0.148500	2.487870
0.148600	2.534470
0.148700	2.464570
0.148800	2.348070
0.148900	2.254880
0.149000	2.301480
0.149100	2.581060
0.149200	2.837350
0.149300	2.883950
0.149400	2.720860
0.149500	2.953850
0.149600	3.210140
0.149700	3.280030
0.149800	3.256730
0.149900	3.489720
0.150000	3.582920
0.150100	3.513020
0.150200	3.606220
0.150300	3.722710
0.150400	3.932410
0.150500	3.932410
0.150600	3.932410
0.150700	3.955700
0.150800	3.932410
0.150900	4.072200
0.151000	4.258590
0.151100	4.421680
0.151200	4.514880
0.151300	4.724570
0.151400	4.677970
0.151500	4.747870
0.151600	4.771170
0.151700	4.701270
0.151800	4.771170
0.151900	4.771170
0.152000	4.817770
0.152100	4.934260
0.152200	4.957560
0.152300	5.074060
0.152400	5.260450
0.152500	5.446840
0.152600	5.353640
0.152700	5.563340
0.152800	5.866220
0.152900	6.075910
0.153000	6.565190
0.153100	7.310760
0.153200	7.846640
0.153300	7.846640
0.153400	7.240860
0.153500	6.937980
0.153600	6.518590
0.153700	6.052610
0.153800	5.866220
0.153900	6.215710
0.154000	6.308900
0.154100	6.611790
0.154200	6.868080
0.154300	6.868080
0.154400	6.868080
0.154500	7.124370
0.154600	7.240860
0.154700	6.914680
0.154800	6.472000
0.154900	6.402100
0.155000	6.728290
0.155100	7.147670
0.155200	7.520450
0.155300	7.939830
0.155400	7.846640
0.155500	7.893240
0.155600	8.242720
0.155700	8.522310
0.155800	8.568910
0.155900	8.592210
0.156000	8.778600
0.156100	8.825200
0.156200	8.918390
0.156300	9.034890
0.156400	9.058190
0.156500	8.871790
0.156600	8.988290
0.156700	9.244580
0.156800	9.407670
0.156900	9.151380
0.157000	9.081480
0.157100	9.197980
0.157200	9.104780
0.157300	9.081480
0.157400	9.011590
0.157500	8.732000
0.157600	8.685400
0.157700	9.058190
0.157800	9.128080
0.157900	9.104780
0.158000	9.197980
0.158100	9.454270
0.158200	9.407670
0.158300	9.128080
0.158400	8.801900
0.158500	8.895090
0.158600	9.197980
0.158700	8.964990
0.158800	8.988290
0.158900	8.918390
0.159000	9.011590
0.159100	8.801900
0.159200	8.801900
0.159300	8.825200
0.159400	8.964990
0.159500	8.964990
0.159600	9.034890
0.159700	9.337770
0.159800	9.384370
0.159900	9.617360
0.160000	9.640660
0.160100	9.757160
0.160200	9.827050
0.160300	9.687260
0.160400	9.500870
0.160500	9.407670
0.160600	9.221280
0.160700	9.407670
0.160800	9.500870
0.160900	9.477570
0.161000	9.547460
0.161100	9.640660
0.161200	9.477570
0.161300	9.524170
0.161400	9.454270
0.161500	9.617360
0.161600	9.547460
0.161700	9.710560
0.161800	9.803750
0.161900	9.687260
0.162000	9.687260
0.162100	9.640660
0.162200	9.803750
0.162300	9.780450
0.162400	9.827050
0.162500	9.896950
0.162600	9.896950
0.162700	9.827050
0.162800	9.943550
0.162900	10.013400
0.163000	10.013400
0.163100	9.687260
0.163200	9.780450
0.163300	9.943550
0.163400	9.896950
0.163500	9.920250
0.163600	9.943550
0.163700	9.850350
0.163800	9.803750
0.163900	9.850350
0.164000	9.896950
0.164100	9.780450
0.164200	9.780450
0.164300	9.780450
0.164400	9.454270
0.164500	9.291180
0.164600	9.547460
0.164700	9.803750
0.164800	9.850350
0.164900	9.710560
0.165000	9.687260
0.165100	9.570760
0.165200	9.524170
0.165300	9.757160
0.165400	9.617360
0.165500	9.547460
0.165600	9.500870
0.165700	9.337770
0.165800	9.058190
0.165900	9.221280
0.166000	9.570760
0.166100	9.966850
0.166200	9.920250
0.166300	9.687260
0.166400	9.430970
0.166500	9.128080
0.166600	9.034890
0.166700	8.988290
0.166800	8.801900
0.166900	8.895090
0.167000	8.895090
0.167100	8.871790
0.167200	8.778600
0.167300	9.197980
0.167400	9.197980
0.167500	9.430970
0.167600	9.594060
0.167700	9.920250
0.167800	10.106600
0.167900	10.060000
0.168000	10.246400
0.168100	10.246400
0.168200	9.687260
0.168300	9.337770
0.168400	9.128080
0.168500	9.291180
0.168600	9.570760
0.168700	9.687260
0.168800	9.570760
0.168900	9.500870
0.169000	9.174680
0.169100	8.848490
0.169200	8.685400
0.169300	8.568910
0.169400	8.778600
0.169500	9.081480
0.169600	9.570760
0.169700	9.780450
0.169800	8.499010
0.169900	7.310760
0.170000	7.660250
0.170100	9.104780
0.170200	9.314470
0.170300	8.801900
0.170400	8.638800
0.170500	9.011590
0.170600	8.918390
0.170700	8.638800
0.170800	8.708700
0.170900	9.151380
0.171000	9.430970
0.171100	9.361070
0.171200	9.291180
0.171300	9.291180
0.171400	9.104780
0.171500	8.895090
0.171600	8.755300
0.171700	8.941690
0.171800	9.104780
0.171900	9.197980
0.172000	9.244580
0.172100	9.058190
0.172200	8.918390
0.172300	8.848490
0.172400	8.871790
0.172500	8.801900
0.172600	9.011590
0.172700	9.034890
0.172800	9.104780
0.172900	8.988290
0.173000	9.058190
0.173100	9.034890
0.173200	8.895090
0.173300	8.732000
0.173400	8.499010
0.173500	8.522310
0.173600	8.615500
0.173700	8.918390
0.173800	8.778600
0.173900	8.568910
0.174000	8.778600
0.174100	8.871790
0.174200	8.615500
0.174300	8.359220
0.174400	8.335920
0.174500	8.335920
0.174600	8.312620
0.174700	8.568910
0.174800	8.592210
0.174900	8.545610
0.175000	8.568910
0.175100	8.685400
0.175200	8.638800
0.175300	8.662100
0.175400	8.568910
0.175500	8.638800
0.175600	8.708700
0.175700	8.732000
0.175800	8.871790
0.175900	8.801900
0.176000	8.568910
0.176100	8.592210
0.176200	8.755300
0.176300	8.615500
0.176400	8.615500
0.176500	8.452410
0.176600	8.312620
0.176700	8.522310
0.176800	8.522310
0.176900	8.266020
0.177000	8.266020
0.177100	8.172820
0.177200	8.172820
0.177300	8.079630
0.177400	8.219420
0.177500	8.149520
0.177600	8.382510
0.177700	8.545610
0.177800	8.662100
0.177900	8.732000
0.178000	8.708700
0.178100	8.475710
0.178200	8.429110
0.178300	8.499010
0.178400	8.452410
0.178500	8.335920
0.178600	8.382510
0.178700	8.452410
0.178800	8.568910
0.178900	8.499010
0.179000	8.499010
0.179100	8.266020
0.179200	8.033030
0.179300	8.033030
0.179400	7.963130
0.179500	8.079630
0.179600	7.939830
0.179700	7.869940
0.179800	7.916530
0.179900	7.869940
0.180000	8.056330
0.180100	8.056330
0.180200	8.289320
0.180300	8.382510
0.180400	8.452410
0.180500	8.382510
0.180600	8.522310
0.180700	8.382510
0.180800	8.312620
0.180900	8.219420
0.181000	8.126230
0.181100	8.056330
0.181200	8.149520
0.181300	8.079630
0.181400	8.079630
0.181500	8.033030
0.181600	8.056330
0.181700	7.916530
0.181800	7.869940
0.181900	7.869940
0.182000	7.800040
0.182100	7.636950
0.182200	7.683540
0.182300	7.706840
0.182400	7.613650
0.182500	7.706840
0.182600	7.730140
0.182700	7.683540
0.182800	7.800040
0.182900	7.846640
0.183000	7.986430
0.183100	7.800040
0.183200	7.683540
0.183300	7.427260
0.183400	7.287460
0.183500	6.821480
0.183600	6.448700
0.183700	6.704990
0.183800	6.122510
0.183900	5.842920
0.184000	6.285600
0.184100	6.937980
0.184200	7.613650
0.184300	8.219420
0.184400	8.592210
0.184500	8.592210
0.184600	8.359220
0.184700	7.916530
0.184800	7.450550
0.184900	7.101070
0.185000	6.751580
0.185100	6.565190
0.185200	6.355500
0.185300	6.402100
0.185400	6.658390
0.185500	6.891380
0.185600	7.240860
0.185700	7.473850
0.185800	7.310760
0.185900	7.147670
0.186000	6.728290
0.186100	6.541890
0.186200	6.308900
0.186300	6.378800
0.186400	6.378800
0.186500	6.378800
0.186600	6.378800
0.186700	6.332200
0.186800	6.192410
0.186900	5.819620
0.187000	5.726430
0.187100	5.726430
0.187200	5.540040
0.187300	5.307050
0.187400	5.656530
0.187500	5.726430
0.187600	5.493440
0.187700	5.540040
0.187800	5.470140
0.187900	5.353640
0.188000	5.074060
0.188100	4.957560
0.188200	5.097360
0.188300	5.120650
0.188400	5.027460
0.188500	4.980860
0.188600	5.050760
0.188700	5.307050
0.188800	5.400240
0.188900	5.330350
0.189000	5.260450
0.189100	5.097360
0.189200	4.934260
0.189300	4.864370
0.189400	4.561480
0.189500	4.561480
0.189600	4.584780
0.189700	4.444980
0.189800	4.421680
0.189900	4.328490
0.190000	4.211990
0.190100	4.118800
0.190200	4.142100
0.190300	4.328490
0.190400	4.444980
0.190500	4.165400
0.190600	4.211990
0.190700	3.955700
0.190800	3.979000
0.190900	3.955700
0.191000	3.885810
0.191100	3.792610
0.191200	3.932410
0.191300	3.979000
0.191400	3.909110
0.191500	3.932410
0.191600	3.885810
0.191700	3.792610
0.191800	3.722710
0.191900	3.722710
0.192000	3.582920
0.192100	3.536320
0.192200	3.466430
0.192300	3.280030
0.192400	3.093640
0.192500	3.093640
0.192600	3.023740
0.192700	2.953850
0.192800	2.907250
0.192900	2.930550
0.193000	2.790750
0.193100	2.953850
0.193200	2.767460
0.193300	2.720860
0.193400	2.534470
0.193500	2.441270
0.193600	2.301480
0.193700	2.511170
0.193800	2.348070
0.193900	2.417970
0.194000	2.278180
0.194100	2.068490
0.194200	1.975290
0.194300	1.905390
0.194400	1.998590
0.194500	1.951990
0.194600	1.742300
0.194700	1.649100
0.194800	1.532610
0.194900	1.346220
0.195000	1.392810
0.195100	1.765600
0.195200	1.882090
0.195300	1.555910
0.195400	1.183120
0.195500	1.206420
0.195600	1.369520
0.195700	1.509310
0.195800	1.392810
0.195900	1.136530
0.196000	1.346220
0.196100	1.229720
0.196200	0.880236
0.196300	1.183120
0.196400	1.206420
0.196500	0.926834
0.196600	0.670545
0.196700	0.810339
0.196800	0.670545
0.196900	0.693844
0.197000	0.670545
0.197100	0.670545
0.197200	0.787040
0.197300	0.833638
0.197400	0.717143
0.197500	0.600648
0.197600	0.554050
0.197700	0.577349
0.197800	0.437555
0.197900	0.530751
0.198000	0.507452
0.198100	0.554050
0.198200	0.530751
0.198300	0.647246
0.198400	0.623947
0.198500	0.833638
0.198600	0.717143
0.198700	0.926834
0.198800	0.670545
0.198900	0.670545
0.199000	0.670545
0.199100	0.740442
0.199200	0.577349
0.199300	0.693844
0.199400	0.787040
0.199500	0.810339
0.199600	0.763741
0.199700	0.693844
0.199800	0.693844
0.199900	0.740442
0.200000	0.903535
0.200100	0.856937
0.200200	0.833638
0.200300	0.903535
0.200400	0.903535
0.200500	0.903535
0.200600	0.856937
0.200700	0.903535
0.200800	1.020030
0.200900	1.276320
0.201000	1.089930
0.201100	1.066630
0.201200	0.926834
0.201300	0.926834
0.201400	1.253020
0.201500	1.532610
0.201600	1.299620
0.201700	1.159820
0.201800	1.136530
0.201900	1.183120
0.202000	0.810339
0.202100	0.973432
0.202200	1.020030
0.202300	0.950133
0.202400	1.020030
0.202500	1.136530
0.202600	1.229720
0.202700	1.206420
0.202800	1.369520
0.202900	1.486010
0.203000	1.625800
0.203100	1.532610
0.203200	1.602510
0.203300	1.579210
0.203400	1.555910
0.203500	1.555910
0.203600	1.602510
0.203700	1.742300
0.203800	1.719000
0.203900	1.788900
0.204000	1.882090
0.204100	2.045190
0.204200	2.045190
0.204300	1.951990
0.204400	1.998590
0.204500	2.371370
0.204600	2.394670
0.204700	2.581060
0.204800	2.697560
0.204900	2.697560
0.205000	2.650960
0.205100	2.581060
0.205200	2.487870
0.205300	2.278180
0.205400	2.254880
0.205500	2.324770
0.205600	2.487870
0.205700	2.487870
0.205800	2.627660
0.205900	2.650960
0.206000	2.767460
0.206100	2.814050
0.206200	2.674260
0.206300	2.814050
0.206400	2.930550
0.206500	3.023740
0.206600	3.023740
0.206700	3.023740
0.206800	3.186840
0.206900	3.163540
0.207000	3.116940
0.207100	3.000450
0.207200	3.070340
0.207300	3.116940
0.207400	3.233440
0.207500	3.280030
0.207600	3.140240
0.207700	3.186840
0.207800	3.163540
0.207900	3.326630
0.208000	3.396530
0.208100	3.885810
0.208200	3.862510
0.208300	3.326630
0.208400	3.396530
0.208500	3.606220
0.208600	3.326630
0.208700	2.930550
0.208800	2.977150
0.208900	3.443130
0.209000	3.746010
0.209100	3.792610
0.209200	3.373230
0.209300	3.326630
0.209400	3.326630
0.209500	3.466430
0.209600	3.513020
0.209700	3.559620
0.209800	3.489720
0.209900	3.373230
0.210000	3.559620
0.210100	3.536320
0.210200	3.652820
0.210300	3.582920
0.210400	3.559620
0.210500	3.629520
0.210600	3.676120
0.210700	3.559620
0.210800	3.489720
0.210900	3.466430
0.211000	3.419830
0.211100	3.326630
0.211200	3.396530
0.211300	3.349930
0.211400	3.536320
0.211500	3.373230
0.211600	3.326630
0.211700	3.326630
0.211800	3.280030
0.211900	3.186840
0.212000	3.140240
0.212100	3.140240
0.212200	3.233440
0.212300	3.093640
0.212400	3.000450
0.212500	2.883950
0.212600	2.977150
0.212700	2.860650
0.212800	3.047040
0.212900	3.000450
0.213000	2.837350
0.213100	2.860650
0.213200	2.650960
0.213300	2.930550
0.213400	3.093640
0.213500	2.837350
0.213600	3.163540
0.213700	3.023740
0.213800	2.138380
0.213900	1.812200
0.214000	2.371370
0.214100	2.790750
0.214200	2.767460
0.214300	2.278180
0.214400	2.301480
0.214500	2.720860
0.214600	2.581060
0.214700	2.417970
0.214800	2.441270
0.214900	2.441270
0.215000	2.091780
0.215100	2.068490
0.215200	1.905390
0.215300	1.486010
0.215400	0.903535
0.215500	1.369520
0.215600	1.975290
0.215700	1.882090
0.215800	1.788900
0.215900	1.951990
0.216000	1.998590
0.216100	1.765600
0.216200	1.416110
0.216300	1.299620
0.216400	1.346220
0.216500	0.996731
0.216600	0.577349
0.216700	0.717143
0.216800	0.926834
0.216900	1.113230
0.217000	0.833638
0.217100	0.787040
0.217200	1.089930
0.217300	1.089930
0.217400	0.926834
0.217500	0.717143
0.217600	0.740442
0.217700	0.647246
0.217800	0.344359
0.217900	0.227864
0.218000	0.204565
0.218100	-0.121621
0.218200	-0.191518
0.218300	0.018173
0.218400	-0.005126
0.218500	-0.331312
0.218600	-0.191518
0.218700	0.111369
0.218800	0.134668
0.218900	-0.354611
0.219000	-0.401209
0.219100	-0.238116
0.219200	-0.447807
0.219300	-0.727395
0.219400	-0.867189
0.219500	-0.983684
0.219600	-0.773993
0.219700	-0.727395
0.219800	-0.983684
0.219900	-1.006980
0.220000	-0.937086
0.220100	-0.960385
0.220200	-1.030280
0.220300	-1.123480
0.220400	-1.449660
0.220500	-1.705950
0.220600	-1.775850
0.220700	-1.775850
0.220800	-1.915640
0.220900	-1.892340
0.221000	-1.752550
0.221100	-1.705950
0.221200	-1.799150
0.221300	-1.822450
0.221400	-1.915640
0.221500	-1.892340
0.221600	-2.102040
0.221700	-2.195230
0.221800	-2.195230
0.221900	-2.241830
0.222000	-2.451520
0.222100	-2.358320
0.222200	-2.521420
0.222300	-2.544720
0.222400	-2.637910
0.222500	-2.591310
0.222600	-2.591310
0.222700	-2.591310
0.222800	-2.777710
0.222900	-2.777710
0.223000	-2.870900
0.223100	-2.824300
0.223200	-3.010700
0.223300	-3.010700
0.223400	-3.010700
0.223500	-3.080590
0.223600	-3.150490
0.223700	-3.197090
0.223800	-3.220390
0.223900	-3.430080
0.224000	-3.383480
0.224100	-3.430080
0.224200	-3.453380
0.224300	-3.569870
0.224400	-3.616470
0.224500	-3.523270
0.224600	-3.569870
0.224700	-3.849460
0.224800	-3.919360
0.224900	-3.663070
0.225000	-3.849460
0.225100	-3.896060
0.225200	-3.849460
0.225300	-3.826160
0.225400	-3.826160
0.225500	-3.569870
0.225600	-3.266990
0.225700	-3.127190
0.225800	-3.430080
0.225900	-3.919360
0.226000	-4.292140
0.226100	-4.431940
0.226200	-4.595030
0.226300	-4.688220
0.226400	-4.501830
0.226500	-4.501830
0.226600	-4.268840
0.226700	-4.129050
0.226800	-3.802860
0.226900	-4.012550
0.227000	-4.245540
0.227100	-4.338740
0.227200	-4.175650
0.227300	-4.408640
0.227400	-4.501830
0.227500	-4.292140
0.227600	-4.408640
0.227700	-4.525130
0.227800	-4.478530
0.227900	-4.268840
0.228000	-4.292140
0.228100	-4.292140
0.228200	-4.245540
0.228300	-4.105750
0.228400	-4.292140
0.228500	-4.245540
0.228600	-4.175650
0.228700	-4.105750
0.228800	-4.198950
0.228900	-4.245540
0.229000	-4.082450
0.229100	-4.105750
0.229200	-4.175650
0.229300	-4.035850
0.229400	-3.989250
0.229500	-4.152350
0.229600	-4.035850
0.229700	-3.942660
0.229800	-3.942660
0.229900	-3.872760
0.230000	-3.686370
0.230100	-3.616470
0.230200	-3.663070
0.230300	-3.756260
0.230400	-3.802860
0.230500	-3.709670
0.230600	-3.732970
0.230700	-3.616470
0.230800	-3.406780
0.230900	-3.430080
0.231000	-3.430080
0.231100	-3.243690
0.231200	-3.127190
0.231300	-3.057290
0.231400	-3.266990
0.231500	-3.290280
0.231600	-3.313580
0.231700	-3.197090
0.231800	-3.127190
0.231900	-3.034000
0.232000	-3.103890
0.232100	-3.127190
0.232200	-2.940800
0.232300	-2.964100
0.232400	-2.964100
0.232500	-3.057290
0.232600	-2.801010
0.232700	-2.870900
0.232800	-2.824300
0.232900	-2.661210
0.233000	-2.637910
0.233100	-2.637910
0.233200	-2.614610
0.233300	-2.451520
0.233400	-2.358320
0.233500	-2.311730
0.233600	-2.311730
0.233700	-2.195230
0.233800	-2.195230
0.233900	-2.195230
0.234000	-2.055440
0.234100	-2.008840
0.234200	-2.032140
0.234300	-1.892340
0.234400	-1.869050
0.234500	-1.729250
0.234600	-1.729250
0.234700	-1.659350
0.234800	-1.612760
0.234900	-1.449660
0.235000	-1.426360
0.235100	-1.472960
0.235200	-1.426360
0.235300	-1.263270
0.235400	-1.123480
0.235500	-1.146780
0.235600	-1.030280
0.235700	-1.100180
0.235800	-0.960385
0.235900	-0.913787
0.236000	-0.773993
0.236100	-0.727395
0.236200	-0.657498
0.236300	-0.564302
0.236400	-0.541003
0.236500	-0.517704
0.236600	-0.517704
0.236700	-0.354611
0.236800	-0.331312
0.236900	-0.284714
0.237000	-0.308013
0.237100	-0.121621
0.237200	-0.168219
0.237300	-0.191518
0.237400	-0.075023
0.237500	-0.005126
0.237600	-0.028425
0.237700	0.088070
0.237800	0.041472
0.237900	0.018173
0.238000	0.181266
0.238100	0.344359
0.238200	0.577349
0.238300	0.484153
0.238400	0.530751
0.238500	0.693844
0.238600	0.740442
0.238700	0.810339
0.238800	0.903535
0.238900	1.066630
0.239000	1.020030
0.239100	1.089930
0.239200	0.996731
0.239300	1.206420
0.239400	1.066630
0.239500	1.089930
0.239600	1.043330
0.239700	1.229720
0.239800	1.113230
0.239900	0.996731
0.240000	1.183120
0.240100	1.346220
0.240200	1.206420
0.240300	1.229720
0.240400	1.136530
0.240500	1.346220
0.240600	1.346220
0.240700	1.416110
0.240800	1.462710
0.240900	1.346220
0.241000	1.253020
0.241100	1.369520
0.241200	1.346220
0.241300	1.276320
0.241400	1.322920
0.241500	1.416110
0.241600	1.392810
0.241700	1.322920
0.241800	1.392810
0.241900	1.462710
0.242000	1.369520
0.242100	1.439410
0.242200	1.416110
0.242300	1.439410
0.242400	1.416110
0.242500	1.346220
0.242600	1.369520
0.242700	1.253020
0.242800	1.322920
0.242900	1.369520
0.243000	1.392810
0.243100	1.346220
0.243200	1.276320
0.243300	1.229720
0.243400	1.136530
0.243500	1.206420
0.243600	1.229720
0.243700	1.276320
0.243800	1.253020
0.243900	1.299620
0.244000	1.276320
0.244100	1.276320
0.244200	1.253020
0.244300	1.229720
0.244400	1.089930
0.244500	1.183120
0.244600	1.043330
0.244700	0.996731
0.244800	0.996731
0.244900	0.880236
0.245000	0.856937
0.245100	0.926834
0.245200	0.903535
0.245300	0.973432
0.245400	0.810339
0.245500	0.833638
0.245600	0.717143
0.245700	0.787040
0.245800	0.833638
0.245900	0.717143
0.246000	0.693844
0.246100	0.740442
0.246200	0.787040
0.246300	0.740442
0.246400	0.810339
0.246500	0.763741
0.246600	0.763741
0.246700	0.600648
0.246800	0.507452
0.246900	0.414256
0.247000	0.297761
0.247100	0.321060
0.247200	0.297761
0.247300	0.134668
0.247400	0.134668
0.247500	0.227864
0.247600	0.390957
0.247700	0.157967
0.247800	-0.075023
0.247900	-0.308013
0.248000	-0.447807
0.248100	-0.517704
0.248200	-0.610900
0.248300	-0.424508
0.248400	-0.354611
0.248500	-0.424508
0.248600	-0.657498
0.248700	-0.890488
0.248800	-0.983684
0.248900	-1.030280
0.249000	-0.610900
0.249100	-0.377910
0.249200	-0.284714
0.249300	-0.447807
0.249400	-0.517704
0.249500	-0.494405
0.249600	-0.517704
0.249700	-0.587601
0.249800	-0.773993
0.249900	-0.960385
0.250000	-1.053580
0.250100	-1.216670
0.250200	-1.146780
0.250300	-1.286570
0.250400	-1.426360
0.250500	-1.566160
0.250600	-1.612760
0.250700	-1.612760
0.250800	-1.752550
0.250900	-1.519560
0.251000	-1.286570
0.251100	-1.216670
0.251200	-1.263270
0.251300	-1.170080
0.251400	-1.239970
0.251500	-1.449660
0.251600	-1.403070
0.251700	-1.496260
0.251800	-1.566160
0.251900	-1.869050
0.252000	-1.938940
0.252100	-2.032140
0.252200	-2.008840
0.252300	-2.265130
0.252400	-2.265130
0.252500	-2.265130
0.252600	-2.218530
0.252700	-2.381620
0.252800	-2.474820
0.252900	-2.451520
0.253000	-2.568020
0.253100	-2.917500
0.253200	-2.894200
0.253300	-3.057290
0.253400	-2.987400
0.253500	-3.150490
0.253600	-3.150490
0.253700	-3.360180
0.253800	-3.243690
0.253900	-3.383480
0.254000	-3.290280
0.254100	-3.383480
0.254200	-3.476680
0.254300	-3.616470
0.254400	-3.663070
0.254500	-3.639770
0.254600	-3.569870
0.254700	-3.499980
0.254800	-3.593170
0.254900	-3.593170
0.255000	-3.709670
0.255100	-3.802860
0.255200	-3.826160
0.255300	-3.779560
0.255400	-3.756260
0.255500	-3.709670
0.255600	-3.779560
0.255700	-3.849460
0.255800	-3.802860
0.255900	-3.826160
0.256000	-3.756260
0.256100	-3.756260
0.256200	-3.942660
0.256300	-3.849460
0.256400	-3.779560
0.256500	-3.779560
0.256600	-3.942660
0.256700	-3.802860
0.256800	-3.802860
0.256900	-4.012550
0.257000	-3.872760
0.257100	-3.826160
0.257200	-3.989250
0.257300	-3.989250
0.257400	-3.965960
0.257500	-3.989250
0.257600	-4.059150
0.257700	-4.035850
0.257800	-4.245540
0.257900	-4.129050
0.258000	-4.198950
0.258100	-4.082450
0.258200	-4.012550
0.258300	-4.198950
0.258400	-4.292140
0.258500	-4.571730
0.258600	-4.641630
0.258700	-4.781420
0.258800	-4.921210
0.258900	-5.084310
0.259000	-5.294000
0.259100	-5.224100
0.259200	-5.410490
0.259300	-5.550290
0.259400	-5.550290
0.259500	-5.526990
0.259600	-5.550290
0.259700	-5.457090
0.259800	-5.433790
0.259900	-5.550290
0.260000	-5.573590
0.260100	-5.690080
0.260200	-5.433790
0.260300	-5.503690
0.260400	-5.387190
0.260500	-5.294000
0.260600	-5.177500
0.260700	-5.294000
0.260800	-5.270700
0.260900	-5.247400
0.261000	-5.130910
0.261100	-5.037710
0.261200	-5.037710
0.261300	-5.200800
0.261400	-5.363900
0.261500	-5.480390
0.261600	-5.573590
0.261700	-5.620180
0.261800	-5.503690
0.261900	-5.317300
0.262000	-5.177500
0.262100	-5.107610
0.262200	-4.851320
0.262300	-4.804720
0.262400	-4.991110
0.262500	-5.107610
0.262600	-5.084310
0.262700	-5.130910
0.262800	-5.200800
0.262900	-5.224100
0.263000	-5.177500
0.263100	-5.177500
0.263200	-5.200800
0.263300	-5.317300
0.263400	-5.270700
0.263500	-5.410490
0.263600	-5.643480
0.263700	-5.573590
0.263800	-5.457090
0.263900	-5.550290
0.264000	-5.783280
0.264100	-5.690080
0.264200	-5.736680
0.264300	-5.690080
0.264400	-5.550290
0.264500	-5.457090
0.264600	-5.410490
0.264700	-5.480390
0.264800	-5.526990
0.264900	-5.387190
0.265000	-5.410490
0.265100	-5.433790
0.265200	-5.433790
0.265300	-5.550290
0.265400	-5.573590
0.265500	-5.433790
0.265600	-5.387190
0.265700	-5.503690
0.265800	-5.177500
0.265900	-5.037710
0.266000	-5.317300
0.266100	-5.294000
0.266200	-5.200800
0.266300	-5.107610
0.266400	-5.363900
0.266500	-5.340600
0.266600	-5.130910
0.266700	-5.107610
0.266800	-5.224100
0.266900	-5.037710
0.267000	-5.014410
0.267100	-5.107610
0.267200	-5.270700
0.267300	-5.410490
0.267400	-5.387190
0.267500	-5.503690
0.267600	-5.503690
0.267700	-5.550290
0.267800	-5.643480
0.267900	-5.759980
0.268000	-5.690080
0.268100	-5.759980
0.268200	-5.853170
0.268300	-5.759980
0.268400	-5.759980
0.268500	-5.783280
0.268600	-5.829880
0.268700	-5.643480
0.268800	-5.550290
0.268900	-5.596890
0.269000	-5.573590
0.269100	-5.596890
0.269200	-5.573590
0.269300	-5.596890
0.269400	-5.596890
0.269500	-5.503690
0.269600	-5.596890
0.269700	-5.410490
0.269800	-5.457090
0.269900	-5.666780
0.270000	-5.596890
0.270100	-5.713380
0.270200	-5.783280
0.270300	-5.759980
0.270400	-5.480390
0.270500	-5.806580
0.270600	-5.783280
0.270700	-5.783280
0.270800	-5.992970
0.270900	-5.853170
0.271000	-5.876470
0.271100	-5.899770
0.271200	-5.899770
0.271300	-5.759980
0.271400	-5.853170
0.271500	-5.806580
0.271600	-5.690080
0.271700	-5.783280
0.271800	-5.876470
0.271900	-5.829880
0.272000	-5.829880
0.272100	-5.853170
0.272200	-5.992970
0.272300	-6.086160
0.272400	-6.109460
0.272500	-6.016270
0.272600	-5.829880
0.272700	-5.829880
0.272800	-5.853170
0.272900	-5.899770
0.273000	-5.806580
0.273100	-5.899770
0.273200	-6.039570
0.273300	-5.946370
0.273400	-5.969670
0.273500	-6.016270
0.273600	-5.969670
0.273700	-5.876470
0.273800	-5.899770
0.273900	-5.876470
0.274000	-5.992970
0.274100	-5.992970
0.274200	-5.946370
0.274300	-5.899770
0.274400	-5.829880
0.274500	-5.690080
0.274600	-5.620180
0.274700	-5.806580
0.274800	-5.946370
0.274900	-5.969670
0.275000	-6.086160
0.275100	-6.109460
0.275200	-6.062870
0.275300	-6.109460
0.275400	-6.039570
0.275500	-6.132760
0.275600	-6.109460
0.275700	-6.202660
0.275800	-6.086160
0.275900	-5.992970
0.276000	-6.109460
0.276100	-6.132760
0.276200	-6.086160
0.276300	-6.156060
0.276400	-5.992970
0.276500	-6.062870
0.276600	-6.156060
0.276700	-6.086160
0.276800	-6.039570
0.276900	-6.179360
0.277000	-6.062870
0.277100	-6.039570
0.277200	-6.062870
0.277300	-6.086160
0.277400	-6.039570
0.277500	-6.109460
0.277600	-6.132760
0.277700	-6.016270
0.277800	-5.992970
0.277900	-6.062870
0.278000	-6.109460
0.278100	-6.202660
0.278200	-6.109460
0.278300	-5.969670
0.278400	-6.156060
0.278500	-6.109460
0.278600	-6.132760
0.278700	-6.086160
0.278800	-6.225960
0.278900	-6.109460
0.279000	-6.109460
0.279100	-6.109460
0.279200	-6.039570
0.279300	-6.109460
0.279400	-5.969670
0.279500	-5.899770
0.279600	-5.923070
0.279700	-5.899770
0.279800	-5.899770
0.279900	-5.876470
0.280000	-5.829880
0.280100	-5.992970
0.280200	-6.016270
0.280300	-5.899770
0.280400	-5.899770
0.280500	-5.923070
0.280600	-5.806580
0.280700	-5.759980
0.280800	-5.783280
0.280900	-5.853170
0.281000	-5.876470
0.281100	-5.853170
0.281200	-5.806580
0.281300	-5.783280
0.281400	-5.759980
0.281500	-5.783280
0.281600	-5.829880
0.281700	-5.969670
0.281800	-6.016270
0.281900	-6.202660
0.282000	-6.156060
0.282100	-6.086160
0.282200	-5.946370
0.282300	-5.992970
0.282400	-5.992970
0.282500	-6.086160
0.282600	-6.039570
0.282700	-5.946370
0.282800	-5.853170
0.282900	-5.783280
0.283000	-5.596890
0.283100	-5.457090
0.283200	-5.387190
0.283300	-5.340600
0.283400	-5.177500
0.283500	-5.457090
0.283600	-5.526990
0.283700	-5.503690
0.283800	-5.503690
0.283900	-5.550290
0.284000	-5.457090
0.284100	-5.363900
0.284200	-5.247400
0.284300	-5.317300
0.284400	-5.317300
0.284500	-5.410490
0.284600	-5.270700
0.284700	-5.317300
0.284800	-5.061010
0.284900	-5.130910
0.285000	-5.270700
0.285100	-5.107610
0.285200	-4.897920
0.285300	-4.897920
0.285400	-4.991110
0.285500	-4.944510
0.285600	-4.921210
0.285700	-4.944510
0.285800	-4.991110
0.285900	-4.851320
0.286000	-4.781420
0.286100	-4.758120
0.286200	-4.897920
0.286300	-4.851320
0.286400	-4.758120
0.286500	-4.641630
0.286600	-4.618330
0.286700	-4.408640
0.286800	-4.431940
0.286900	-4.268840
0.287000	-4.385340
0.287100	-4.385340
0.287200	-4.478530
0.287300	-4.268840
0.287400	-4.385340
0.287500	-4.292140
0.287600	-4.222240
0.287700	-4.222240
0.287800	-4.129050
0.287900	-4.105750
0.288000	-4.222240
0.288100	-4.175650
0.288200	-4.082450
0.288300	-4.082450
0.288400	-4.082450
0.288500	-4.082450
0.288600	-4.035850
0.288700	-4.059150
0.288800	-3.942660
0.288900	-3.965960
0.289000	-3.872760
0.289100	-3.896060
0.289200	-3.686370
0.289300	-3.779560
0.289400	-3.732970
0.289500	-3.593170
0.289600	-3.616470
0.289700	-3.523270
0.289800	-3.476680
0.289900	-3.569870
0.290000	-3.499980
0.290100	-3.383480
0.290200	-3.383480
0.290300	-3.266990
0.290400	-3.197090
0.290500	-3.430080
0.290600	-3.430080
0.290700	-3.430080
0.290800	-3.569870
0.290900	-3.919360
0.291000	-4.129050
0.291100	-4.222240
0.291200	-4.455230
0.291300	-4.385340
0.291400	-4.362040
0.291500	-4.198950
0.291600	-3.896060
0.291700	-3.732970
0.291800	-3.616470
0.291900	-3.220390
0.292000	-3.034000
0.292100	-2.777710
0.292200	-2.521420
0.292300	-2.474820
0.292400	-2.474820
0.292500	-2.614610
0.292600	-2.614610
0.292700	-2.568020
0.292800	-2.801010
0.292900	-2.824300
0.293000	-2.987400
0.293100	-3.010700
0.293200	-3.010700
0.293300	-3.266990
0.293400	-3.313580
0.293500	-3.360180
0.293600	-3.476680
0.293700	-3.336880
0.293800	-3.453380
0.293900	-3.453380
0.294000	-3.313580
0.294100	-3.243690
0.294200	-3.266990
0.294300	-3.150490
0.294400	-2.964100
0.294500	-2.940800
0.294600	-2.940800
0.294700	-2.754410
0.294800	-2.824300
0.294900	-2.731110
0.295000	-2.544720
0.295100	-2.521420
0.295200	-2.381620
0.295300	-2.311730
0.295400	-2.241830
0.295500	-2.195230
0.295600	-2.335030
0.295700	-2.451520
0.295800	-2.404920
0.295900	-2.381620
0.296000	-2.404920
0.296100	-2.498120
0.296200	-2.684510
0.296300	-2.684510
0.296400	-2.661210
0.296500	-2.521420
0.296600	-2.591310
0.296700	-2.731110
0.296800	-2.637910
0.296900	-2.637910
0.297000	-2.498120
0.297100	-2.451520
0.297200	-2.358320
0.297300	-2.171930
0.297400	-2.102040
0.297500	-1.962240
0.297600	-1.915640
0.297700	-2.008840
0.297800	-1.892340
0.297900	-1.915640
0.298000	-2.078740
0.298100	-2.032140
0.298200	-2.102040
0.298300	-2.032140
0.298400	-1.985540
0.298500	-2.125330
0.298600	-2.265130
0.298700	-2.241830
0.298800	-2.241830
0.298900	-2.311730
0.299000	-2.428220
0.299100	-2.288430
0.299200	-2.265130
0.299300	-2.428220
0.299400	-2.265130
0.299500	-2.288430
0.299600	-2.195230
0.299700	-2.451520
0.299800	-2.311730
0.299900	-2.358320
