-0.050000	71.088501
-0.049900	127.985001
-0.049800	52.123199
-0.049700	14.192400
-0.049600	90.053902
-0.049500	52.123199
-0.049400	33.157799
-0.049300	-4.772950
-0.049200	23.675100
-0.049100	-4.772950
-0.049000	52.123199
-0.048900	-4.772950
-0.048800	-42.703701
-0.048700	-42.703701
-0.048600	-23.738300
-0.048500	33.157799
-0.048400	52.123199
-0.048300	52.123199
-0.048200	-4.772950
-0.048100	-99.599800
-0.048000	-4.772950
-0.047900	109.018997
-0.047800	109.018997
-0.047700	14.192400
-0.047600	33.157799
-0.047500	33.157799
-0.047400	-23.738300
-0.047300	-42.703701
-0.047200	-80.634399
-0.047100	-23.738300
-0.047000	-61.669102
-0.046900	-4.772950
-0.046800	33.157799
-0.046700	71.088501
-0.046600	33.157799
-0.046500	52.123199
-0.046400	71.088501
-0.046300	33.157799
-0.046200	33.157799
-0.046100	71.088501
-0.046000	52.123199
-0.045900	52.123199
-0.045800	71.088501
-0.045700	33.157799
-0.045600	-4.772950
-0.045500	23.675100
-0.045400	14.192400
-0.045300	-4.772950
-0.045200	-42.703701
-0.045100	71.088501
-0.045000	137.466995
-0.044900	52.123199
-0.044800	14.192400
-0.044700	-4.772950
-0.044600	-23.738300
-0.044500	33.157799
-0.044400	-4.772950
-0.044300	-80.634399
-0.044200	-147.013000
-0.044100	-61.669102
-0.044000	23.675100
-0.043900	-42.703701
-0.043800	-4.772950
-0.043700	71.088501
-0.043600	71.088501
-0.043500	52.123199
-0.043400	14.192400
-0.043300	-42.703701
-0.043200	-42.703701
-0.043100	-80.634399
-0.043000	-61.669102
-0.042900	-4.772950
-0.042800	33.157799
-0.042700	33.157799
-0.042600	33.157799
-0.042500	71.088501
-0.042400	71.088501
-0.042300	14.192400
-0.042200	-4.772950
-0.042100	-42.703701
-0.042000	14.192400
-0.041900	90.053902
-0.041800	14.192400
-0.041700	52.123199
-0.041600	71.088501
-0.041500	33.157799
-0.041400	14.192400
-0.041300	33.157799
-0.041200	90.053902
-0.041100	71.088501
-0.041000	-4.772950
-0.040900	-42.703701
-0.040800	-14.255600
-0.040700	71.088501
-0.040600	14.192400
-0.040500	-61.669102
-0.040400	-4.772950
-0.040300	109.018997
-0.040200	71.088501
-0.040100	-42.703701
-0.040000	33.157799
-0.039900	90.053902
-0.039800	109.018997
-0.039700	71.088501
-0.039600	-42.703701
-0.039500	33.157799
-0.039400	90.053902
-0.039300	71.088501
-0.039200	-23.738300
-0.039100	-61.669102
-0.039000	52.123199
-0.038900	33.157799
-0.038800	-42.703701
-0.038700	-4.772950
-0.038600	52.123199
-0.038500	-14.255600
-0.038400	-42.703701
-0.038300	-52.186401
-0.038200	-80.634399
-0.038100	-4.772950
-0.038000	-23.738300
-0.037900	-42.703701
-0.037800	-4.772950
-0.037700	71.088501
-0.037600	52.123199
-0.037500	71.088501
-0.037400	33.157799
-0.037300	-80.634399
-0.037200	-42.703701
-0.037100	-4.772950
-0.037000	-14.255600
-0.036900	-80.634399
-0.036800	-90.117104
-0.036700	-80.634399
-0.036600	-80.634399
-0.036500	-80.634399
-0.036400	14.192400
-0.036300	-42.703701
-0.036200	-4.772950
-0.036100	-4.772950
-0.036000	-23.738300
-0.035900	71.088501
-0.035800	33.157799
-0.035700	33.157799
-0.035600	90.053902
-0.035500	109.018997
-0.035400	71.088501
-0.035300	-4.772950
-0.035200	-80.634399
-0.035100	-80.634399
-0.035000	-23.738300
-0.034900	33.157799
-0.034800	42.640499
-0.034700	90.053902
-0.034600	52.123199
-0.034500	-42.703701
-0.034400	-42.703701
-0.034300	-23.738300
-0.034200	-61.669102
-0.034100	-61.669102
-0.034000	-23.738300
-0.033900	-42.703701
-0.033800	33.157799
-0.033700	109.018997
-0.033600	71.088501
-0.033500	-4.772950
-0.033400	71.088501
-0.033300	109.018997
-0.033200	109.018997
-0.033100	109.018997
-0.033000	71.088501
-0.032900	61.605801
-0.032800	109.018997
-0.032700	109.018997
-0.032600	52.123199
-0.032500	-4.772950
-0.032400	-42.703701
-0.032300	-61.669102
-0.032200	33.157799
-0.032100	71.088501
-0.032000	-4.772950
-0.031900	-42.703701
-0.031800	33.157799
-0.031700	-61.669102
-0.031600	-61.669102
-0.031500	-4.772950
-0.031400	-42.703701
-0.031300	-80.634399
-0.031200	-42.703701
-0.031100	-42.703701
-0.031000	-42.703701
-0.030900	-14.255600
-0.030800	14.192400
-0.030700	146.949997
-0.030600	146.949997
-0.030500	33.157799
-0.030400	-42.703701
-0.030300	-23.738300
-0.030200	33.157799
-0.030100	109.018997
-0.030000	127.985001
-0.029900	52.123199
-0.029800	71.088501
-0.029700	52.123199
-0.029600	-23.738300
-0.029500	-23.738300
-0.029400	52.123199
-0.029300	4.709730
-0.029200	-42.703701
-0.029100	-4.772950
-0.029000	-23.738300
-0.028900	-80.634399
-0.028800	-42.703701
-0.028700	33.157799
-0.028600	33.157799
-0.028500	33.157799
-0.028400	33.157799
-0.028300	-4.772950
-0.028200	-42.703701
-0.028100	52.123199
-0.028000	33.157799
-0.027900	71.088501
-0.027800	52.123199
-0.027700	-42.703701
-0.027600	42.640499
-0.027500	71.088501
-0.027400	-4.772950
-0.027300	42.640499
-0.027200	71.088501
-0.027100	23.675100
-0.027000	-42.703701
-0.026900	-42.703701
-0.026800	14.192400
-0.026700	-4.772950
-0.026600	-23.738300
-0.026500	14.192400
-0.026400	33.157799
-0.026300	71.088501
-0.026200	71.088501
-0.026100	-42.703701
-0.026000	-80.634399
-0.025900	71.088501
-0.025800	71.088501
-0.025700	-4.772950
-0.025600	33.157799
-0.025500	127.985001
-0.025400	71.088501
-0.025300	-4.772950
-0.025200	14.192400
-0.025100	-4.772950
-0.025000	14.192400
-0.024900	-42.703701
-0.024800	-61.669102
-0.024700	14.192400
-0.024600	-23.738300
-0.024500	-4.772950
-0.024400	52.123199
-0.024300	-4.772950
-0.024200	14.192400
-0.024100	109.018997
-0.024000	109.018997
-0.023900	109.018997
-0.023800	146.949997
-0.023700	71.088501
-0.023600	-33.221001
-0.023500	14.192400
-0.023400	-42.703701
-0.023300	-80.634399
-0.023200	-80.634399
-0.023100	23.675100
-0.023000	52.123199
-0.022900	-42.703701
-0.022800	-52.186401
-0.022700	-4.772950
-0.022600	33.157799
-0.022500	-42.703701
-0.022400	-118.565002
-0.022300	-52.186401
-0.022200	-80.634399
-0.022100	-71.151703
-0.022000	14.192400
-0.021900	-4.772950
-0.021800	-23.738300
-0.021700	-99.599800
-0.021600	-80.634399
-0.021500	-23.738300
-0.021400	-14.255600
-0.021300	33.157799
-0.021200	33.157799
-0.021100	-61.669102
-0.021000	-194.427002
-0.020900	-99.599800
-0.020800	-4.772950
-0.020700	-42.703701
-0.020600	-80.634399
-0.020500	-80.634399
-0.020400	-80.634399
-0.020300	-42.703701
-0.020200	-23.738300
-0.020100	33.157799
-0.020000	-42.703701
-0.019900	-118.565002
-0.019800	-14.255600
-0.019700	-4.772950
-0.019600	-80.634399
-0.019500	-42.703701
-0.019400	-23.738300
-0.019300	-14.255600
-0.019200	33.157799
-0.019100	14.192400
-0.019000	-42.703701
-0.018900	-23.738300
-0.018800	-23.738300
-0.018700	-42.703701
-0.018600	-42.703701
-0.018500	33.157799
-0.018400	-42.703701
-0.018300	-118.565002
-0.018200	-61.669102
-0.018100	33.157799
-0.018000	-4.772950
-0.017900	-118.565002
-0.017800	-4.772950
-0.017700	-4.772950
-0.017600	-4.772950
-0.017500	23.675100
-0.017400	71.088501
-0.017300	-4.772950
-0.017200	-61.669102
-0.017100	-42.703701
-0.017000	-23.738300
-0.016900	71.088501
-0.016800	71.088501
-0.016700	52.123199
-0.016600	-42.703701
-0.016500	-80.634399
-0.016400	-42.703701
-0.016300	-23.738300
-0.016200	-42.703701
-0.016100	-4.772950
-0.016000	-42.703701
-0.015900	71.088501
-0.015800	71.088501
-0.015700	-80.634399
-0.015600	52.123199
-0.015500	127.985001
-0.015400	-42.703701
-0.015300	33.157799
-0.015200	14.192400
-0.015100	-4.772950
-0.015000	61.605801
-0.014900	52.123199
-0.014800	42.640499
-0.014700	-23.738300
-0.014600	-71.151703
-0.014500	-23.738300
-0.014400	33.157799
-0.014300	23.675100
-0.014200	14.192400
-0.014100	14.192400
-0.014000	-80.634399
-0.013900	-137.531006
-0.013800	-23.738300
-0.013700	-14.255600
-0.013600	-156.496002
-0.013500	-156.496002
-0.013400	-42.703701
-0.013300	-42.703701
-0.013200	-4.772950
-0.013100	90.053902
-0.013000	71.088501
-0.012900	23.675100
-0.012800	-23.738300
-0.012700	-80.634399
-0.012600	-4.772950
-0.012500	33.157799
-0.012400	23.675100
-0.012300	14.192400
-0.012200	33.157799
-0.012100	42.640499
-0.012000	71.088501
-0.011900	71.088501
-0.011800	52.123199
-0.011700	71.088501
-0.011600	-80.634399
-0.011500	-99.599800
-0.011400	-42.703701
-0.011300	-61.669102
-0.011200	-23.738300
-0.011100	71.088501
-0.011000	-4.772950
-0.010900	14.192400
-0.010800	33.157799
-0.010700	71.088501
-0.010600	14.192400
-0.010500	-80.634399
-0.010400	-128.048004
-0.010300	-23.738300
-0.010200	14.192400
-0.010100	33.157799
-0.010000	90.053902
-0.009900	33.157799
-0.009800	33.157799
-0.009700	71.088501
-0.009600	-4.772950
-0.009500	-33.221001
-0.009400	71.088501
-0.009300	-4.772950
-0.009200	-4.772950
-0.009100	14.192400
-0.009000	-23.738300
-0.008900	-23.738300
-0.008800	33.157799
-0.008700	-14.255600
-0.008600	-42.703701
-0.008500	-4.772950
-0.008400	33.157799
-0.008300	-42.703701
-0.008200	-23.738300
-0.008100	71.088501
-0.008000	109.018997
-0.007900	71.088501
-0.007800	33.157799
-0.007700	71.088501
-0.007600	71.088501
-0.007500	14.192400
-0.007400	109.018997
-0.007300	146.949997
-0.007200	71.088501
-0.007100	-4.772950
-0.007000	52.123199
-0.006900	71.088501
-0.006800	14.192400
-0.006700	-80.634399
-0.006600	-23.738300
-0.006500	-42.703701
-0.006400	-99.599800
-0.006300	-23.738300
-0.006200	52.123199
-0.006100	-42.703701
-0.006000	-80.634399
-0.005900	-14.255600
-0.005800	52.123199
-0.005700	71.088501
-0.005600	-14.255600
-0.005500	-23.738300
-0.005400	-4.772950
-0.005300	-42.703701
-0.005200	-80.634399
-0.005100	-4.772950
-0.005000	33.157799
-0.004900	-42.703701
-0.004800	-52.186401
-0.004700	-14.255600
-0.004600	-4.772950
-0.004500	-23.738300
-0.004400	-118.565002
-0.004300	-42.703701
-0.004200	71.088501
-0.004100	71.088501
-0.004000	14.192400
-0.003900	-4.772950
-0.003800	-80.634399
-0.003700	-99.599800
-0.003600	33.157799
-0.003500	52.123199
-0.003400	-14.255600
-0.003300	52.123199
-0.003200	42.640499
-0.003100	23.675100
-0.003000	14.192400
-0.002900	-42.703701
-0.002800	-42.703701
-0.002700	71.088501
-0.002600	71.088501
-0.002500	71.088501
-0.002400	71.088501
-0.002300	-23.738300
-0.002200	-42.703701
-0.002100	-4.772950
-0.002000	-42.703701
-0.001900	-4.772950
-0.001800	146.949997
-0.001700	90.053902
-0.001600	99.536598
-0.001500	71.088501
-0.001400	-80.634399
-0.001300	-23.738300
-0.001200	71.088501
-0.001100	-4.772950
-0.001000	-137.531006
-0.000900	-99.599800
-0.000800	-42.703701
-0.000700	-80.634399
-0.000600	-99.599800
-0.000500	-4.772950
-0.000400	71.088501
-0.000300	-4.772950
-0.000200	-80.634399
-0.000100	-42.703701
0.000000	33.157799
0.000100	109.018997
0.000200	71.088501
0.000300	-61.669102
0.000400	-42.703701
0.000500	-23.738300
0.000600	-4.772950
0.000700	-14.255600
0.000800	-52.186401
0.000900	-23.738300
0.001000	14.192400
0.001100	71.088501
0.001200	222.811005
0.001300	-71.151703
0.001400	-308.218994
0.001500	52.123199
0.001600	222.811005
0.001700	146.949997
0.001800	33.157799
0.001900	14.192400
0.002000	-4.772950
0.002100	222.811005
0.002200	222.811005
0.002300	-156.496002
0.002400	71.088501
0.002500	14.192400
0.002600	-308.218994
0.002700	109.018997
0.002800	213.328995
0.002900	33.157799
0.003000	298.673004
0.003100	146.949997
0.003200	127.985001
0.003300	374.533997
0.003400	184.880997
0.003500	127.985001
0.003600	317.638000
0.003700	374.533997
0.003800	146.949997
0.003900	-4.772950
0.004000	203.845993
0.004100	165.914993
0.004200	-4.772950
0.004300	109.018997
0.004400	241.776993
0.004500	165.914993
0.004600	109.018997
0.004700	99.536598
0.004800	-42.703701
0.004900	71.088501
0.005000	127.985001
0.005100	33.157799
0.005200	71.088501
0.005300	260.742004
0.005400	118.501999
0.005500	109.018997
0.005600	251.259995
0.005700	127.985001
0.005800	71.088501
0.005900	61.605801
0.006000	33.157799
0.006100	71.088501
0.006200	137.466995
0.006300	146.949997
0.006400	203.845993
0.006500	298.673004
0.006600	317.638000
0.006700	184.880997
0.006800	222.811005
0.006900	146.949997
0.007000	14.192400
0.007100	222.811005
0.007200	298.673004
0.007300	71.088501
0.007400	71.088501
0.007500	260.742004
0.007600	336.604004
0.007700	374.533997
0.007800	184.880997
0.007900	222.811005
0.008000	222.811005
0.008100	71.088501
0.008200	203.845993
0.008300	23.675100
0.008400	-80.634399
0.008500	146.949997
0.008600	-42.703701
0.008700	-4.772950
0.008800	33.157799
0.008900	-156.496002
0.009000	-61.669102
0.009100	260.742004
0.009200	203.845993
0.009300	241.776993
0.009400	355.569000
0.009500	251.259995
0.009600	279.708008
0.009700	478.843994
0.009800	431.431000
0.009900	298.673004
0.010000	260.742004
0.010100	241.776993
0.010200	222.811005
0.010300	184.880997
0.010400	241.776993
0.010500	241.776993
0.010600	260.742004
0.010700	279.708008
0.010800	450.395996
0.010900	715.911011
0.011000	715.911011
0.011100	526.257019
0.011200	602.119019
0.011300	602.119019
0.011400	753.841980
0.011500	1038.319946
0.011600	753.841980
0.011700	772.807007
0.011800	867.633972
0.011900	820.221008
0.012000	1133.150024
0.012100	1171.079956
0.012200	1114.180054
0.012300	1389.180054
0.012400	1569.349976
0.012500	1740.040039
0.012600	1939.180054
0.012700	2166.760010
0.012800	2384.860107
0.012900	2555.550049
0.013000	2726.239990
0.013100	2536.590088
0.013200	2081.419922
0.013300	1891.760010
0.013400	1872.800049
0.013500	1768.489990
0.013600	1313.319946
0.013700	820.221008
0.013800	71.088501
0.013900	-668.560974
0.014000	-1465.109985
0.014100	-2204.760010
0.014200	-2963.370117
0.014300	-3949.570068
0.014400	-4907.319824
0.014500	-5542.660156
0.014600	-5675.419922
0.014700	-4821.979980
0.014800	-3807.330078
0.014900	-2584.060059
0.015000	-1446.140015
0.015100	-573.734009
0.015200	279.708008
0.015300	810.737976
0.015400	1076.250000
0.015500	1076.250000
0.015600	602.119019
0.015700	450.395996
0.015800	127.985001
0.015900	-459.941986
0.016000	-934.075989
0.016100	-1901.310059
0.016200	-2621.989990
0.016300	-2603.030029
0.016400	-2783.199951
0.016500	-3039.229980
0.016600	-3039.229980
0.016700	-2982.340088
0.016800	-2584.060059
0.016900	-1996.140015
0.017000	-1834.930054
0.017100	-1522.000000
0.017200	-953.041016
0.017300	-687.526001
0.017400	-535.802979
0.017500	-80.634399
0.017600	412.464996
0.017700	848.669006
0.017800	1076.250000
0.017900	1417.630005
0.018000	1759.010010
0.018100	1910.729980
0.018200	1920.209961
0.018300	1815.900024
0.018400	1768.489990
0.018500	1645.209961
0.018600	1645.209961
0.018700	1588.319946
0.018800	1455.560059
0.018900	1474.530029
0.019000	1493.489990
0.019100	1209.010010
0.019200	706.427979
0.019300	222.811005
0.019400	127.985001
0.019500	-23.738300
0.019600	-384.079987
0.019700	-763.388000
0.019800	-990.971985
0.019900	-839.249023
0.020000	-687.526001
0.020100	-497.872986
0.020200	-403.045990
0.020300	-232.356995
0.020400	-118.565002
0.020500	-14.255600
0.020600	-42.703701
0.020700	-232.356995
0.020800	-384.079987
0.020900	-403.045990
0.021000	-308.218994
0.021100	-365.114990
0.021200	-478.907013
0.021300	-222.875000
0.021400	-61.669102
0.021500	-99.599800
0.021600	184.880997
0.021700	374.533997
0.021800	431.431000
0.021900	355.569000
0.022000	222.811005
0.022100	440.912994
0.022200	715.911011
0.022300	886.598999
0.022400	848.669006
0.022500	867.633972
0.022600	981.426025
0.022700	1038.319946
0.022800	1019.359985
0.022900	934.013000
0.023000	791.773010
0.023100	583.153992
0.023200	516.775024
0.023300	602.119019
0.023400	526.257019
0.023500	184.880997
0.023600	-4.772950
0.023700	-61.669102
0.023800	71.088501
0.023900	165.914993
0.024000	33.157799
0.024100	71.088501
0.024200	71.088501
0.024300	-308.218994
0.024400	-535.802979
0.024500	-573.734009
0.024600	-554.768982
0.024700	-592.698975
0.024800	-497.872986
0.024900	-327.183990
0.025000	52.123199
0.025100	241.776993
0.025200	222.811005
0.025300	450.395996
0.025400	867.633972
0.025500	867.633972
0.025600	810.737976
0.025700	1019.359985
0.025800	905.565002
0.025900	564.187988
0.026000	355.569000
0.026100	109.018997
0.026200	-99.599800
0.026300	-251.322998
0.026400	-621.146973
0.026500	-1142.699951
0.026600	-1066.829956
0.026700	-915.111023
0.026800	-1028.900024
0.026900	-763.388000
0.027000	-516.838013
0.027100	-355.631989
0.027200	14.192400
0.027300	-61.669102
0.027400	-232.356995
0.027500	-42.703701
0.027600	-80.634399
0.027700	-213.391998
0.027800	-346.149994
0.027900	-308.218994
0.028000	-99.599800
0.028100	-4.772950
0.028200	-184.944000
0.028300	-270.287994
0.028400	71.088501
0.028500	431.431000
0.028600	71.088501
0.028700	-156.496002
0.028800	52.123199
0.028900	-118.565002
0.029000	90.053902
0.029100	374.533997
0.029200	52.123199
0.029300	222.811005
0.029400	374.533997
0.029500	222.811005
0.029600	279.708008
0.029700	260.742004
0.029800	213.328995
0.029900	241.776993
0.030000	431.431000
0.030100	677.979980
0.030200	715.911011
0.030300	791.773010
0.030400	810.737976
0.030500	734.875977
0.030600	677.979980
0.030700	564.187988
0.030800	279.708008
0.030900	14.192400
0.031000	-251.322998
0.031100	-459.941986
0.031200	-649.596008
0.031300	-820.283997
0.031400	-801.317993
0.031500	-687.526001
0.031600	-592.698975
0.031700	-630.630005
0.031800	-592.698975
0.031900	-251.322998
0.032000	-194.427002
0.032100	-403.045990
0.032200	-459.941986
0.032300	-232.356995
0.032400	-175.460999
0.032500	-459.941986
0.032600	-706.492004
0.032700	-744.421997
0.032800	-649.596008
0.032900	-459.941986
0.033000	-459.941986
0.033100	-365.114990
0.033200	52.123199
0.033300	374.533997
0.033400	621.083984
0.033500	886.598999
0.033600	962.460999
0.033700	962.460999
0.033800	1076.250000
0.033900	1038.319946
0.034000	1019.359985
0.034100	1114.180054
0.034200	1057.290039
0.034300	1019.359985
0.034400	1057.290039
0.034500	1019.359985
0.034600	1190.050049
0.034700	1341.770020
0.034800	1095.219971
0.034900	1057.290039
0.035000	1133.150024
0.035100	1057.290039
0.035200	962.460999
0.035300	545.223022
0.035400	213.328995
0.035500	431.431000
0.035600	127.985001
0.035700	-497.872986
0.035800	-422.010986
0.035900	-516.838013
0.036000	-687.526001
0.036100	-422.010986
0.036200	-497.872986
0.036300	-687.526001
0.036400	-440.976013
0.036500	-403.045990
0.036600	-251.322998
0.036700	109.018997
0.036800	-42.703701
0.036900	-137.531006
0.037000	71.088501
0.037100	71.088501
0.037200	184.880997
0.037300	431.431000
0.037400	374.533997
0.037500	127.985001
0.037600	-4.772950
0.037700	33.157799
0.037800	109.018997
0.037900	-194.427002
0.038000	-308.218994
0.038100	-232.356995
0.038200	-251.322998
0.038300	-497.872986
0.038400	-611.664978
0.038500	-459.941986
0.038600	-384.079987
0.038700	-270.287994
0.038800	-61.669102
0.038900	14.192400
0.039000	-14.255600
0.039100	-42.703701
0.039200	71.088501
0.039300	184.880997
0.039400	175.397995
0.039500	298.673004
0.039600	355.569000
0.039700	412.464996
0.039800	640.049988
0.039900	791.773010
0.040000	791.773010
0.040100	791.773010
0.040200	1057.290039
0.040300	1057.290039
0.040400	981.426025
0.040500	1057.290039
0.040600	943.495972
0.040700	772.807007
0.040800	488.326996
0.040900	109.018997
0.041000	-80.634399
0.041100	-232.356995
0.041200	-478.907013
0.041300	-706.492004
0.041400	-801.317993
0.041500	-801.317993
0.041600	-820.283997
0.041700	-725.456970
0.041800	-611.664978
0.041900	-592.698975
0.042000	-384.079987
0.042100	-232.356995
0.042200	-80.634399
0.042300	71.088501
0.042400	165.914993
0.042500	241.776993
0.042600	279.708008
0.042700	279.708008
0.042800	289.190002
0.042900	222.811005
0.043000	137.466995
0.043100	71.088501
0.043200	71.088501
0.043300	146.949997
0.043400	52.123199
0.043500	165.914993
0.043600	412.464996
0.043700	355.569000
0.043800	336.604004
0.043900	412.464996
0.044000	507.291992
0.044100	621.083984
0.044200	677.979980
0.044300	715.911011
0.044400	791.773010
0.044500	810.737976
0.044600	782.289978
0.044700	564.187988
0.044800	469.360992
0.044900	431.431000
0.045000	260.742004
0.045100	-23.738300
0.045200	-213.391998
0.045300	-156.496002
0.045400	-251.322998
0.045500	-422.010986
0.045600	-289.253998
0.045700	-327.183990
0.045800	-317.701996
0.045900	-156.496002
0.046000	-99.599800
0.046100	-4.772950
0.046200	-23.738300
0.046300	-61.669102
0.046400	52.123199
0.046500	-156.496002
0.046600	-175.460999
0.046700	-137.531006
0.046800	-270.287994
0.046900	-232.356995
0.047000	-251.322998
0.047100	-232.356995
0.047200	23.675100
0.047300	-118.565002
0.047400	-109.082001
0.047500	-4.772950
0.047600	-42.703701
0.047700	109.018997
0.047800	241.776993
0.047900	279.708008
0.048000	298.673004
0.048100	317.638000
0.048200	374.533997
0.048300	317.638000
0.048400	260.742004
0.048500	298.673004
0.048600	327.121002
0.048700	298.673004
0.048800	260.742004
0.048900	402.983002
0.049000	374.533997
0.049100	127.985001
0.049200	71.088501
0.049300	71.088501
0.049400	-23.738300
0.049500	-4.772950
0.049600	-23.738300
0.049700	-147.013000
0.049800	-213.391998
0.049900	-194.427002
0.050000	-128.048004
0.050100	-42.703701
0.050200	-99.599800
0.050300	-4.772950
0.050400	-42.703701
0.050500	-118.565002
0.050600	33.157799
0.050700	33.157799
0.050800	71.088501
0.050900	222.811005
0.051000	203.845993
0.051100	203.845993
0.051200	203.845993
0.051300	109.018997
0.051400	-71.151703
0.051500	-175.460999
0.051600	-194.427002
0.051700	-194.427002
0.051800	-194.427002
0.051900	-156.496002
0.052000	-260.804993
0.052100	-327.183990
0.052200	-346.149994
0.052300	-346.149994
0.052400	-384.079987
0.052500	-232.356995
0.052600	-156.496002
0.052700	-241.839996
0.052800	-308.218994
0.052900	-365.114990
0.053000	-346.149994
0.053100	-156.496002
0.053200	-61.669102
0.053300	-156.496002
0.053400	-203.908997
0.053500	-175.460999
0.053600	-71.151703
0.053700	-175.460999
0.053800	-232.356995
0.053900	-156.496002
0.054000	-308.218994
0.054100	-384.079987
0.054200	-403.045990
0.054300	-478.907013
0.054400	-535.802979
0.054500	-611.664978
0.054600	-649.596008
0.054700	-535.802979
0.054800	-554.768982
0.054900	-554.768982
0.055000	-554.768982
0.055100	-535.802979
0.055200	-573.734009
0.055300	-459.941986
0.055400	-327.183990
0.055500	-308.218994
0.055600	-270.287994
0.055700	-194.427002
0.055800	-251.322998
0.055900	-270.287994
0.056000	-346.149994
0.056100	-346.149994
0.056200	-194.427002
0.056300	-232.356995
0.056400	-270.287994
0.056500	-156.496002
0.056600	-213.391998
0.056700	-232.356995
0.056800	-175.460999
0.056900	-156.496002
0.057000	-118.565002
0.057100	-156.496002
0.057200	-270.287994
0.057300	-384.079987
0.057400	-459.941986
0.057500	-535.802979
0.057600	-564.250977
0.057700	-459.941986
0.057800	-440.976013
0.057900	-384.079987
0.058000	-403.045990
0.058100	-422.010986
0.058200	-422.010986
0.058300	-384.079987
0.058400	-308.218994
0.058500	-232.356995
0.058600	-251.322998
0.058700	-194.427002
0.058800	-175.460999
0.058900	-137.531006
0.059000	-156.496002
0.059100	-175.460999
0.059200	-194.427002
0.059300	-327.183990
0.059400	-497.872986
0.059500	-611.664978
0.059600	-763.388000
0.059700	-763.388000
0.059800	-706.492004
0.059900	-772.869995
0.060000	-801.317993
0.060100	-820.283997
0.060200	-820.283997
0.060300	-706.492004
0.060400	-611.664978
0.060500	-649.596008
0.060600	-649.596008
0.060700	-592.698975
0.060800	-535.802979
0.060900	-516.838013
0.061000	-478.907013
0.061100	-403.045990
0.061200	-355.631989
0.061300	-251.322998
0.061400	-232.356995
0.061500	-308.218994
0.061600	-270.287994
0.061700	-213.391998
0.061800	-156.496002
0.061900	-175.460999
0.062000	-213.391998
0.062100	-232.356995
0.062200	-194.427002
0.062300	-80.634399
0.062400	-99.599800
0.062500	-80.634399
0.062600	-80.634399
0.062700	-165.979004
0.062800	-251.322998
0.062900	-251.322998
0.063000	-213.391998
0.063100	-251.322998
0.063200	-346.149994
0.063300	-384.079987
0.063400	-384.079987
0.063500	-403.045990
0.063600	-459.941986
0.063700	-422.010986
0.063800	-365.114990
0.063900	-327.183990
0.064000	-308.218994
0.064100	-289.253998
0.064200	-251.322998
0.064300	-194.427002
0.064400	-260.804993
0.064500	-346.149994
0.064600	-346.149994
0.064700	-384.079987
0.064800	-355.631989
0.064900	-346.149994
0.065000	-384.079987
0.065100	-459.941986
0.065200	-497.872986
0.065300	-365.114990
0.065400	-365.114990
0.065500	-384.079987
0.065600	-365.114990
0.065700	-346.149994
0.065800	-422.010986
0.065900	-497.872986
0.066000	-384.079987
0.066100	-327.183990
0.066200	-270.287994
0.066300	-289.253998
0.066400	-279.770996
0.066500	-251.322998
0.066600	-232.356995
0.066700	-203.908997
0.066800	-156.496002
0.066900	-175.460999
0.067000	-156.496002
0.067100	-137.531006
0.067200	-99.599800
0.067300	-99.599800
0.067400	-99.599800
0.067500	-137.531006
0.067600	-175.460999
0.067700	-213.391998
0.067800	-251.322998
0.067900	-251.322998
0.068000	-365.114990
0.068100	-346.149994
0.068200	-308.218994
0.068300	-346.149994
0.068400	-365.114990
0.068500	-308.218994
0.068600	-308.218994
0.068700	-308.218994
0.068800	-403.045990
0.068900	-459.941986
0.069000	-535.802979
0.069100	-630.630005
0.069200	-469.424988
0.069300	-384.079987
0.069400	-535.802979
0.069500	-592.698975
0.069600	-592.698975
0.069700	-516.838013
0.069800	-459.941986
0.069900	-478.907013
0.070000	-478.907013
0.070100	-440.976013
0.070200	-422.010986
0.070300	-365.114990
0.070400	-346.149994
0.070500	-459.941986
0.070600	-497.872986
0.070700	-403.045990
0.070800	-384.079987
0.070900	-478.907013
0.071000	-478.907013
0.071100	-459.941986
0.071200	-403.045990
0.071300	-384.079987
0.071400	-289.253998
0.071500	-251.322998
0.071600	-308.218994
0.071700	-260.804993
0.071800	-194.427002
0.071900	-232.356995
0.072000	-270.287994
0.072100	-90.117104
0.072200	-4.772950
0.072300	-156.496002
0.072400	-156.496002
0.072500	-42.703701
0.072600	-4.772950
0.072700	-4.772950
0.072800	33.157799
0.072900	14.192400
0.073000	-42.703701
0.073100	-80.634399
0.073200	-118.565002
0.073300	-4.772950
0.073400	71.088501
0.073500	-4.772950
0.073600	42.640499
0.073700	71.088501
0.073800	-80.634399
0.073900	-99.599800
0.074000	-80.634399
0.074100	-118.565002
0.074200	-156.496002
0.074300	-232.356995
0.074400	-327.183990
0.074500	-308.218994
0.074600	-327.183990
0.074700	-384.079987
0.074800	-346.149994
0.074900	-403.045990
0.075000	-497.872986
0.075100	-535.802979
0.075200	-459.941986
0.075300	-422.010986
0.075400	-459.941986
0.075500	-393.562988
0.075600	-422.010986
0.075700	-403.045990
0.075800	-422.010986
0.075900	-403.045990
0.076000	-478.907013
0.076100	-611.664978
0.076200	-659.078003
0.076300	-649.596008
0.076400	-592.698975
0.076500	-611.664978
0.076600	-554.768982
0.076700	-516.838013
0.076800	-611.664978
0.076900	-630.630005
0.077000	-535.802979
0.077100	-497.872986
0.077200	-497.872986
0.077300	-459.941986
0.077400	-459.941986
0.077500	-422.010986
0.077600	-422.010986
0.077700	-403.045990
0.077800	-384.079987
0.077900	-384.079987
0.078000	-384.079987
0.078100	-346.149994
0.078200	-327.183990
0.078300	-308.218994
0.078400	-308.218994
0.078500	-355.631989
0.078600	-384.079987
0.078700	-478.907013
0.078800	-497.872986
0.078900	-459.941986
0.079000	-554.768982
0.079100	-668.560974
0.079200	-687.526001
0.079300	-687.526001
0.079400	-630.630005
0.079500	-649.596008
0.079600	-621.146973
0.079700	-497.872986
0.079800	-478.907013
0.079900	-573.734009
0.080000	-516.838013
0.080100	-384.079987
0.080200	-327.183990
0.080300	-308.218994
0.080400	-289.253998
0.080500	-232.356995
0.080600	-156.496002
0.080700	-80.634399
0.080800	-156.496002
0.080900	-137.531006
0.081000	-118.565002
0.081100	-175.460999
0.081200	-165.979004
0.081300	-80.634399
0.081400	-118.565002
0.081500	-232.356995
0.081600	-279.770996
0.081700	-270.287994
0.081800	-346.149994
0.081900	-393.562988
0.082000	-384.079987
0.082100	-308.218994
0.082200	-289.253998
0.082300	-346.149994
0.082400	-384.079987
0.082500	-422.010986
0.082600	-459.941986
0.082700	-459.941986
0.082800	-535.802979
0.082900	-535.802979
0.083000	-384.079987
0.083100	-308.218994
0.083200	-384.079987
0.083300	-384.079987
0.083400	-365.114990
0.083500	-346.149994
0.083600	-279.770996
0.083700	-270.287994
0.083800	-308.218994
0.083900	-251.322998
0.084000	-251.322998
0.084100	-270.287994
0.084200	-251.322998
0.084300	-232.356995
0.084400	-251.322998
0.084500	-232.356995
0.084600	-251.322998
0.084700	-308.218994
0.084800	-317.701996
0.084900	-346.149994
0.085000	-403.045990
0.085100	-422.010986
0.085200	-422.010986
0.085300	-459.941986
0.085400	-440.976013
0.085500	-478.907013
0.085600	-478.907013
0.085700	-469.424988
0.085800	-459.941986
0.085900	-469.424988
0.086000	-535.802979
0.086100	-440.976013
0.086200	-289.253998
0.086300	-355.631989
0.086400	-308.218994
0.086500	-308.218994
0.086600	-289.253998
0.086700	-156.496002
0.086800	-156.496002
0.086900	-270.287994
0.087000	-251.322998
0.087100	-194.427002
0.087200	-175.460999
0.087300	-175.460999
0.087400	-137.531006
0.087500	-118.565002
0.087600	-232.356995
0.087700	-232.356995
0.087800	-175.460999
0.087900	-194.427002
0.088000	-80.634399
0.088100	-42.703701
0.088200	-90.117104
0.088300	-99.599800
0.088400	-80.634399
0.088500	-156.496002
0.088600	-232.356995
0.088700	-232.356995
0.088800	-156.496002
0.088900	-156.496002
0.089000	-194.427002
0.089100	-194.427002
0.089200	-260.804993
0.089300	-289.253998
0.089400	-175.460999
0.089500	-232.356995
0.089600	-270.287994
0.089700	-232.356995
0.089800	-156.496002
0.089900	-118.565002
0.090000	-118.565002
0.090100	-99.599800
0.090200	-118.565002
0.090300	-156.496002
0.090400	-175.460999
0.090500	-194.427002
0.090600	-270.287994
0.090700	-289.253998
0.090800	-156.496002
0.090900	-99.599800
0.091000	-175.460999
0.091100	-251.322998
0.091200	-279.770996
0.091300	-232.356995
0.091400	-213.391998
0.091500	-213.391998
0.091600	-213.391998
0.091700	-203.908997
0.091800	-194.427002
0.091900	-232.356995
0.092000	-194.427002
0.092100	-156.496002
0.092200	-194.427002
0.092300	-232.356995
0.092400	-232.356995
0.092500	-156.496002
0.092600	-156.496002
0.092700	-232.356995
0.092800	-118.565002
0.092900	-80.634399
0.093000	-118.565002
0.093100	-80.634399
0.093200	-118.565002
0.093300	-232.356995
0.093400	-270.287994
0.093500	-327.183990
0.093600	-289.253998
0.093700	-251.322998
0.093800	-156.496002
0.093900	-118.565002
0.094000	-80.634399
0.094100	-80.634399
0.094200	-80.634399
0.094300	-42.703701
0.094400	-71.151703
0.094500	-118.565002
0.094600	-99.599800
0.094700	-80.634399
0.094800	-90.117104
0.094900	-42.703701
0.095000	71.088501
0.095100	52.123199
0.095200	-99.599800
0.095300	-232.356995
0.095400	-156.496002
0.095500	-99.599800
0.095600	-156.496002
0.095700	-175.460999
0.095800	-156.496002
0.095900	-128.048004
0.096000	-90.117104
0.096100	-99.599800
0.096200	-175.460999
0.096300	-175.460999
0.096400	-213.391998
0.096500	-232.356995
0.096600	-175.460999
0.096700	-90.117104
0.096800	-99.599800
0.096900	-156.496002
0.097000	-156.496002
0.097100	-52.186401
0.097200	-33.221001
0.097300	-80.634399
0.097400	-99.599800
0.097500	-80.634399
0.097600	-52.186401
0.097700	-4.772950
0.097800	14.192400
0.097900	-4.772950
0.098000	52.123199
0.098100	-23.738300
0.098200	-4.772950
0.098300	14.192400
0.098400	-71.151703
0.098500	-52.186401
0.098600	-42.703701
0.098700	-80.634399
0.098800	-99.599800
0.098900	-80.634399
0.099000	-80.634399
0.099100	-99.599800
0.099200	-156.496002
0.099300	-137.531006
0.099400	-80.634399
0.099500	-80.634399
0.099600	-80.634399
0.099700	-14.255600
0.099800	-80.634399
0.099900	-194.427002
0.100000	-194.427002
0.100100	-156.496002
0.100200	-175.460999
0.100300	-118.565002
0.100400	-99.599800
0.100500	-61.669102
0.100600	-23.738300
0.100700	14.192400
0.100800	33.157799
0.100900	33.157799
0.101000	-4.772950
0.101100	-80.634399
0.101200	-61.669102
0.101300	-23.738300
0.101400	-99.599800
0.101500	-137.531006
0.101600	-99.599800
0.101700	-80.634399
0.101800	-80.634399
0.101900	-80.634399
0.102000	-42.703701
0.102100	33.157799
0.102200	52.123199
0.102300	71.088501
0.102400	-42.703701
0.102500	23.675100
0.102600	71.088501
0.102700	14.192400
0.102800	-42.703701
0.102900	-42.703701
0.103000	-23.738300
0.103100	14.192400
0.103200	33.157799
0.103300	-42.703701
0.103400	-4.772950
0.103500	23.675100
0.103600	-42.703701
0.103700	-42.703701
0.103800	-14.255600
0.103900	-42.703701
0.104000	-4.772950
0.104100	-42.703701
0.104200	33.157799
0.104300	71.088501
0.104400	14.192400
0.104500	23.675100
0.104600	90.053902
0.104700	127.985001
0.104800	127.985001
0.104900	71.088501
0.105000	61.605801
0.105100	52.123199
0.105200	71.088501
0.105300	71.088501
0.105400	90.053902
0.105500	61.605801
0.105600	71.088501
0.105700	146.949997
0.105800	-4.772950
0.105900	14.192400
0.106000	127.985001
0.106100	165.914993
0.106200	52.123199
0.106300	71.088501
0.106400	109.018997
0.106500	109.018997
0.106600	109.018997
0.106700	90.053902
0.106800	33.157799
0.106900	23.675100
0.107000	33.157799
0.107100	52.123199
0.107200	-4.772950
0.107300	52.123199
0.107400	71.088501
0.107500	33.157799
0.107600	52.123199
0.107700	61.605801
0.107800	90.053902
0.107900	127.985001
0.108000	109.018997
0.108100	52.123199
0.108200	52.123199
0.108300	71.088501
0.108400	33.157799
0.108500	71.088501
0.108600	146.949997
0.108700	109.018997
0.108800	109.018997
0.108900	203.845993
0.109000	184.880997
0.109100	127.985001
0.109200	109.018997
0.109300	146.949997
0.109400	203.845993
0.109500	127.985001
0.109600	33.157799
0.109700	33.157799
0.109800	71.088501
0.109900	14.192400
0.110000	23.675100
0.110100	33.157799
0.110200	-4.772950
0.110300	33.157799
0.110400	-23.738300
0.110500	-99.599800
0.110600	-80.634399
0.110700	33.157799
0.110800	52.123199
0.110900	52.123199
0.111000	33.157799
0.111100	52.123199
0.111200	71.088501
0.111300	-4.772950
0.111400	-80.634399
0.111500	-4.772950
0.111600	109.018997
0.111700	90.053902
0.111800	14.192400
0.111900	71.088501
0.112000	184.880997
0.112100	71.088501
0.112200	-61.669102
0.112300	-4.772950
0.112400	14.192400
0.112500	33.157799
0.112600	33.157799
0.112700	-61.669102
0.112800	-61.669102
0.112900	-4.772950
0.113000	-23.738300
0.113100	33.157799
0.113200	71.088501
0.113300	127.985001
0.113400	71.088501
0.113500	33.157799
0.113600	109.018997
0.113700	184.880997
0.113800	71.088501
0.113900	-4.772950
0.114000	33.157799
0.114100	109.018997
0.114200	184.880997
0.114300	165.914993
0.114400	99.536598
0.114500	52.123199
0.114600	33.157799
0.114700	-4.772950
0.114800	-23.738300
0.114900	146.949997
0.115000	71.088501
0.115100	-23.738300
0.115200	-4.772950
0.115300	-4.772950
0.115400	-42.703701
0.115500	-23.738300
0.115600	-4.772950
0.115700	109.018997
0.115800	71.088501
0.115900	-23.738300
0.116000	71.088501
0.116100	184.880997
0.116200	203.845993
0.116300	146.949997
0.116400	90.053902
0.116500	90.053902
0.116600	109.018997
0.116700	146.949997
0.116800	109.018997
0.116900	71.088501
0.117000	109.018997
0.117100	184.880997
0.117200	146.949997
0.117300	146.949997
0.117400	146.949997
0.117500	184.880997
0.117600	222.811005
0.117700	165.914993
0.117800	127.985001
0.117900	42.640499
0.118000	127.985001
0.118100	127.985001
0.118200	71.088501
0.118300	146.949997
0.118400	109.018997
0.118500	127.985001
0.118600	260.742004
0.118700	241.776993
0.118800	109.018997
0.118900	127.985001
0.119000	222.811005
0.119100	222.811005
0.119200	203.845993
0.119300	203.845993
0.119400	184.880997
0.119500	109.018997
0.119600	90.053902
0.119700	127.985001
0.119800	146.949997
0.119900	109.018997
0.120000	184.880997
0.120100	203.845993
0.120200	184.880997
0.120300	71.088501
0.120400	71.088501
0.120500	71.088501
0.120600	52.123199
0.120700	61.605801
0.120800	146.949997
0.120900	109.018997
0.121000	90.053902
0.121100	33.157799
0.121200	61.605801
0.121300	52.123199
0.121400	71.088501
0.121500	127.985001
0.121600	184.880997
0.121700	109.018997
0.121800	52.123199
0.121900	137.466995
0.122000	109.018997
0.122100	52.123199
0.122200	52.123199
0.122300	109.018997
0.122400	52.123199
0.122500	-4.772950
0.122600	61.605801
0.122700	71.088501
0.122800	-4.772950
0.122900	14.192400
0.123000	90.053902
0.123100	109.018997
0.123200	52.123199
0.123300	-42.703701
0.123400	-42.703701
0.123500	127.985001
0.123600	127.985001
0.123700	-42.703701
0.123800	-42.703701
0.123900	-14.255600
0.124000	71.088501
0.124100	137.466995
0.124200	127.985001
0.124300	52.123199
0.124400	-23.738300
0.124500	52.123199
0.124600	-42.703701
0.124700	-71.151703
0.124800	-4.772950
0.124900	33.157799
0.125000	52.123199
0.125100	90.053902
0.125200	90.053902
0.125300	52.123199
0.125400	109.018997
0.125500	222.811005
0.125600	118.501999
0.125700	-23.738300
0.125800	33.157799
0.125900	71.088501
0.126000	33.157799
0.126100	71.088501
0.126200	90.053902
0.126300	33.157799
0.126400	109.018997
0.126500	109.018997
0.126600	-4.772950
0.126700	23.675100
0.126800	109.018997
0.126900	33.157799
0.127000	71.088501
0.127100	71.088501
0.127200	71.088501
0.127300	71.088501
0.127400	71.088501
0.127500	71.088501
0.127600	109.018997
0.127700	71.088501
0.127800	52.123199
0.127900	33.157799
0.128000	14.192400
0.128100	52.123199
0.128200	71.088501
0.128300	71.088501
0.128400	109.018997
0.128500	71.088501
0.128600	33.157799
0.128700	33.157799
0.128800	71.088501
0.128900	127.985001
0.129000	146.949997
0.129100	71.088501
0.129200	71.088501
0.129300	33.157799
0.129400	33.157799
0.129500	90.053902
0.129600	203.845993
0.129700	222.811005
0.129800	222.811005
0.129900	184.880997
0.130000	109.018997
0.130100	52.123199
0.130200	71.088501
0.130300	71.088501
0.130400	71.088501
0.130500	33.157799
0.130600	52.123199
0.130700	90.053902
0.130800	71.088501
0.130900	52.123199
0.131000	127.985001
0.131100	71.088501
0.131200	-23.738300
0.131300	-42.703701
0.131400	71.088501
0.131500	71.088501
0.131600	-4.772950
0.131700	33.157799
0.131800	71.088501
0.131900	52.123199
0.132000	-4.772950
0.132100	-4.772950
0.132200	-42.703701
0.132300	33.157799
0.132400	42.640499
0.132500	-23.738300
0.132600	-4.772950
0.132700	14.192400
0.132800	71.088501
0.132900	14.192400
0.133000	71.088501
0.133100	184.880997
0.133200	109.018997
0.133300	109.018997
0.133400	109.018997
0.133500	-4.772950
0.133600	-23.738300
0.133700	33.157799
0.133800	90.053902
0.133900	-23.738300
0.134000	-4.772950
0.134100	33.157799
0.134200	-42.703701
0.134300	33.157799
0.134400	61.605801
0.134500	33.157799
0.134600	14.192400
0.134700	33.157799
0.134800	71.088501
0.134900	146.949997
0.135000	109.018997
0.135100	52.123199
0.135200	90.053902
0.135300	146.949997
0.135400	71.088501
0.135500	90.053902
0.135600	127.985001
0.135700	137.466995
0.135800	90.053902
0.135900	71.088501
0.136000	33.157799
0.136100	14.192400
0.136200	52.123199
0.136300	90.053902
0.136400	99.536598
0.136500	71.088501
0.136600	109.018997
0.136700	90.053902
0.136800	33.157799
0.136900	71.088501
0.137000	146.949997
0.137100	184.880997
0.137200	146.949997
0.137300	52.123199
0.137400	71.088501
0.137500	52.123199
0.137600	33.157799
0.137700	90.053902
0.137800	109.018997
0.137900	71.088501
0.138000	109.018997
0.138100	127.985001
0.138200	127.985001
0.138300	146.949997
0.138400	127.985001
0.138500	203.845993
0.138600	146.949997
0.138700	23.675100
0.138800	-33.221001
0.138900	33.157799
0.139000	109.018997
0.139100	109.018997
0.139200	165.914993
0.139300	165.914993
0.139400	109.018997
0.139500	146.949997
0.139600	127.985001
0.139700	71.088501
0.139800	33.157799
0.139900	71.088501
0.140000	52.123199
0.140100	33.157799
0.140200	23.675100
0.140300	14.192400
0.140400	-23.738300
0.140500	33.157799
0.140600	99.536598
0.140700	90.053902
0.140800	146.949997
0.140900	99.536598
0.141000	33.157799
0.141100	71.088501
0.141200	146.949997
0.141300	184.880997
0.141400	109.018997
0.141500	71.088501
0.141600	-23.738300
0.141700	-42.703701
0.141800	52.123199
0.141900	71.088501
0.142000	52.123199
0.142100	33.157799
0.142200	71.088501
0.142300	146.949997
0.142400	109.018997
0.142500	14.192400
0.142600	-23.738300
0.142700	52.123199
0.142800	33.157799
0.142900	-4.772950
0.143000	14.192400
0.143100	71.088501
0.143200	71.088501
0.143300	61.605801
0.143400	71.088501
0.143500	71.088501
0.143600	71.088501
0.143700	-4.772950
0.143800	-4.772950
0.143900	71.088501
0.144000	109.018997
0.144100	137.466995
0.144200	146.949997
0.144300	109.018997
0.144400	71.088501
0.144500	109.018997
0.144600	146.949997
0.144700	137.466995
0.144800	127.985001
0.144900	90.053902
0.145000	52.123199
0.145100	-14.255600
0.145200	33.157799
0.145300	99.536598
0.145400	71.088501
0.145500	71.088501
0.145600	109.018997
0.145700	71.088501
0.145800	99.536598
0.145900	71.088501
0.146000	71.088501
0.146100	71.088501
0.146200	71.088501
0.146300	165.914993
0.146400	184.880997
0.146500	109.018997
0.146600	146.949997
0.146700	127.985001
0.146800	33.157799
0.146900	14.192400
0.147000	61.605801
0.147100	71.088501
0.147200	109.018997
0.147300	109.018997
0.147400	90.053902
0.147500	137.466995
0.147600	52.123199
0.147700	52.123199
0.147800	33.157799
0.147900	109.018997
0.148000	165.914993
0.148100	146.949997
0.148200	90.053902
0.148300	71.088501
0.148400	-4.772950
0.148500	71.088501
0.148600	146.949997
0.148700	109.018997
0.148800	52.123199
0.148900	80.571198
0.149000	71.088501
0.149100	52.123199
0.149200	14.192400
0.149300	-4.772950
0.149400	-4.772950
0.149500	-42.703701
0.149600	-23.738300
0.149700	33.157799
0.149800	33.157799
0.149900	61.605801
0.150000	14.192400
0.150100	33.157799
0.150200	71.088501
0.150300	109.018997
0.150400	146.949997
0.150500	109.018997
0.150600	71.088501
0.150700	33.157799
0.150800	14.192400
0.150900	52.123199
0.151000	146.949997
0.151100	165.914993
0.151200	127.985001
0.151300	109.018997
0.151400	33.157799
0.151500	-4.772950
0.151600	14.192400
0.151700	33.157799
0.151800	52.123199
0.151900	71.088501
0.152000	33.157799
0.152100	33.157799
0.152200	71.088501
0.152300	52.123199
0.152400	61.605801
0.152500	71.088501
0.152600	90.053902
0.152700	71.088501
0.152800	33.157799
0.152900	52.123199
0.153000	-4.772950
0.153100	-4.772950
0.153200	165.914993
0.153300	203.845993
0.153400	127.985001
0.153500	109.018997
0.153600	90.053902
0.153700	71.088501
0.153800	203.845993
0.153900	222.811005
0.154000	99.536598
0.154100	33.157799
0.154200	109.018997
0.154300	175.397995
0.154400	146.949997
0.154500	203.845993
0.154600	298.673004
0.154700	184.880997
0.154800	109.018997
0.154900	127.985001
0.155000	109.018997
0.155100	71.088501
0.155200	71.088501
0.155300	71.088501
0.155400	71.088501
0.155500	-4.772950
0.155600	61.605801
0.155700	146.949997
0.155800	146.949997
0.155900	146.949997
0.156000	184.880997
0.156100	109.018997
0.156200	71.088501
0.156300	33.157799
0.156400	109.018997
0.156500	165.914993
0.156600	165.914993
0.156700	71.088501
0.156800	23.675100
0.156900	33.157799
0.157000	52.123199
0.157100	109.018997
0.157200	109.018997
0.157300	71.088501
0.157400	71.088501
0.157500	52.123199
0.157600	90.053902
0.157700	52.123199
0.157800	-4.772950
0.157900	71.088501
0.158000	109.018997
0.158100	71.088501
0.158200	71.088501
0.158300	71.088501
0.158400	71.088501
0.158500	90.053902
0.158600	109.018997
0.158700	109.018997
0.158800	71.088501
0.158900	14.192400
0.159000	71.088501
0.159100	52.123199
0.159200	-4.772950
0.159300	137.466995
0.159400	127.985001
0.159500	71.088501
0.159600	71.088501
0.159700	52.123199
0.159800	71.088501
0.159900	90.053902
0.160000	127.985001
0.160100	109.018997
0.160200	127.985001
0.160300	146.949997
0.160400	90.053902
0.160500	146.949997
0.160600	71.088501
0.160700	-42.703701
0.160800	33.157799
0.160900	109.018997
0.161000	52.123199
0.161100	-23.738300
0.161200	71.088501
0.161300	71.088501
0.161400	14.192400
0.161500	-4.772950
0.161600	109.018997
0.161700	137.466995
0.161800	127.985001
0.161900	146.949997
0.162000	71.088501
0.162100	14.192400
0.162200	109.018997
0.162300	109.018997
0.162400	71.088501
0.162500	90.053902
0.162600	52.123199
0.162700	52.123199
0.162800	90.053902
0.162900	90.053902
0.163000	52.123199
0.163100	71.088501
0.163200	52.123199
0.163300	-23.738300
0.163400	146.949997
0.163500	213.328995
0.163600	184.880997
0.163700	165.914993
0.163800	109.018997
0.163900	109.018997
0.164000	109.018997
0.164100	71.088501
0.164200	-4.772950
0.164300	-23.738300
0.164400	71.088501
0.164500	71.088501
0.164600	52.123199
0.164700	71.088501
0.164800	90.053902
0.164900	33.157799
0.165000	71.088501
0.165100	109.018997
0.165200	90.053902
0.165300	52.123199
0.165400	71.088501
0.165500	71.088501
0.165600	52.123199
0.165700	109.018997
0.165800	165.914993
0.165900	137.466995
0.166000	52.123199
0.166100	52.123199
0.166200	127.985001
0.166300	165.914993
0.166400	203.845993
0.166500	165.914993
0.166600	146.949997
0.166700	90.053902
0.166800	71.088501
0.166900	127.985001
0.167000	165.914993
0.167100	71.088501
0.167200	52.123199
0.167300	14.192400
0.167400	-23.738300
0.167500	23.675100
0.167600	52.123199
0.167700	71.088501
0.167800	71.088501
0.167900	99.536598
0.168000	71.088501
0.168100	71.088501
0.168200	80.571198
0.168300	109.018997
0.168400	90.053902
0.168500	71.088501
0.168600	33.157799
0.168700	99.536598
0.168800	109.018997
0.168900	33.157799
0.169000	33.157799
0.169100	71.088501
0.169200	127.985001
0.169300	109.018997
0.169400	127.985001
0.169500	203.845993
0.169600	90.053902
0.169700	-80.634399
0.169800	-42.703701
0.169900	52.123199
0.170000	52.123199
0.170100	71.088501
0.170200	14.192400
0.170300	14.192400
0.170400	71.088501
0.170500	109.018997
0.170600	184.880997
0.170700	127.985001
0.170800	33.157799
0.170900	52.123199
0.171000	146.949997
0.171100	184.880997
0.171200	109.018997
0.171300	61.605801
0.171400	-42.703701
0.171500	-42.703701
0.171600	71.088501
0.171700	184.880997
0.171800	146.949997
0.171900	109.018997
0.172000	33.157799
0.172100	52.123199
0.172200	52.123199
0.172300	52.123199
0.172400	33.157799
0.172500	90.053902
0.172600	71.088501
0.172700	33.157799
0.172800	33.157799
0.172900	146.949997
0.173000	222.811005
0.173100	127.985001
0.173200	-4.772950
0.173300	-4.772950
0.173400	52.123199
0.173500	90.053902
0.173600	61.605801
0.173700	52.123199
0.173800	71.088501
0.173900	71.088501
0.174000	71.088501
0.174100	14.192400
0.174200	-42.703701
0.174300	-4.772950
0.174400	71.088501
0.174500	52.123199
0.174600	71.088501
0.174700	146.949997
0.174800	146.949997
0.174900	90.053902
0.175000	33.157799
0.175100	52.123199
0.175200	71.088501
0.175300	52.123199
0.175400	14.192400
0.175500	-4.772950
0.175600	33.157799
0.175700	109.018997
0.175800	146.949997
0.175900	146.949997
0.176000	146.949997
0.176100	109.018997
0.176200	33.157799
0.176300	14.192400
0.176400	71.088501
0.176500	109.018997
0.176600	71.088501
0.176700	90.053902
0.176800	109.018997
0.176900	146.949997
0.177000	203.845993
0.177100	222.811005
0.177200	222.811005
0.177300	184.880997
0.177400	146.949997
0.177500	90.053902
0.177600	71.088501
0.177700	52.123199
0.177800	14.192400
0.177900	99.536598
0.178000	184.880997
0.178100	146.949997
0.178200	71.088501
0.178300	61.605801
0.178400	52.123199
0.178500	71.088501
0.178600	90.053902
0.178700	90.053902
0.178800	146.949997
0.178900	109.018997
0.179000	127.985001
0.179100	127.985001
0.179200	184.880997
0.179300	146.949997
0.179400	71.088501
0.179500	61.605801
0.179600	71.088501
0.179700	109.018997
0.179800	146.949997
0.179900	90.053902
0.180000	71.088501
0.180100	127.985001
0.180200	90.053902
0.180300	23.675100
0.180400	-23.738300
0.180500	33.157799
0.180600	33.157799
0.180700	33.157799
0.180800	109.018997
0.180900	109.018997
0.181000	99.536598
0.181100	109.018997
0.181200	127.985001
0.181300	90.053902
0.181400	52.123199
0.181500	109.018997
0.181600	146.949997
0.181700	127.985001
0.181800	146.949997
0.181900	118.501999
0.182000	71.088501
0.182100	61.605801
0.182200	71.088501
0.182300	109.018997
0.182400	146.949997
0.182500	203.845993
0.182600	175.397995
0.182700	90.053902
0.182800	71.088501
0.182900	71.088501
0.183000	-23.738300
0.183100	-23.738300
0.183200	71.088501
0.183300	33.157799
0.183400	52.123199
0.183500	71.088501
0.183600	90.053902
0.183700	71.088501
0.183800	90.053902
0.183900	23.675100
0.184000	33.157799
0.184100	109.018997
0.184200	109.018997
0.184300	127.985001
0.184400	146.949997
0.184500	71.088501
0.184600	-23.738300
0.184700	52.123199
0.184800	33.157799
0.184900	-4.772950
0.185000	71.088501
0.185100	146.949997
0.185200	52.123199
0.185300	-4.772950
0.185400	90.053902
0.185500	109.018997
0.185600	61.605801
0.185700	71.088501
0.185800	146.949997
0.185900	90.053902
0.186000	71.088501
0.186100	71.088501
0.186200	71.088501
0.186300	-4.772950
0.186400	71.088501
0.186500	118.501999
0.186600	71.088501
0.186700	71.088501
0.186800	146.949997
0.186900	146.949997
0.187000	71.088501
0.187100	146.949997
0.187200	99.536598
0.187300	71.088501
0.187400	33.157799
0.187500	-23.738300
0.187600	-4.772950
0.187700	33.157799
0.187800	-4.772950
0.187900	-42.703701
0.188000	-4.772950
0.188100	71.088501
0.188200	23.675100
0.188300	14.192400
0.188400	71.088501
0.188500	52.123199
0.188600	33.157799
0.188700	-23.738300
0.188800	109.018997
0.188900	109.018997
0.189000	-4.772950
0.189100	-80.634399
0.189200	33.157799
0.189300	109.018997
0.189400	71.088501
0.189500	109.018997
0.189600	71.088501
0.189700	61.605801
0.189800	61.605801
0.189900	109.018997
0.190000	165.914993
0.190100	146.949997
0.190200	109.018997
0.190300	71.088501
0.190400	90.053902
0.190500	127.985001
0.190600	61.605801
0.190700	14.192400
0.190800	-4.772950
0.190900	-4.772950
0.191000	33.157799
0.191100	71.088501
0.191200	52.123199
0.191300	33.157799
0.191400	52.123199
0.191500	23.675100
0.191600	-23.738300
0.191700	52.123199
0.191800	146.949997
0.191900	146.949997
0.192000	109.018997
0.192100	71.088501
0.192200	137.466995
0.192300	146.949997
0.192400	52.123199
0.192500	-14.255600
0.192600	-4.772950
0.192700	109.018997
0.192800	184.880997
0.192900	165.914993
0.193000	146.949997
0.193100	127.985001
0.193200	71.088501
0.193300	90.053902
0.193400	146.949997
0.193500	61.605801
0.193600	52.123199
0.193700	109.018997
0.193800	146.949997
0.193900	90.053902
0.194000	109.018997
0.194100	109.018997
0.194200	33.157799
0.194300	71.088501
0.194400	127.985001
0.194500	109.018997
0.194600	71.088501
0.194700	33.157799
0.194800	71.088501
0.194900	137.466995
0.195000	71.088501
0.195100	71.088501
0.195200	127.985001
0.195300	33.157799
0.195400	99.536598
0.195500	146.949997
0.195600	90.053902
0.195700	71.088501
0.195800	90.053902
0.195900	71.088501
0.196000	71.088501
0.196100	99.536598
0.196200	146.949997
0.196300	222.811005
0.196400	109.018997
0.196500	-23.738300
0.196600	-23.738300
0.196700	71.088501
0.196800	146.949997
0.196900	71.088501
0.197000	33.157799
0.197100	42.640499
0.197200	-4.772950
0.197300	-4.772950
0.197400	109.018997
0.197500	146.949997
0.197600	146.949997
0.197700	127.985001
0.197800	109.018997
0.197900	52.123199
0.198000	71.088501
0.198100	203.845993
0.198200	184.880997
0.198300	146.949997
0.198400	99.536598
0.198500	33.157799
0.198600	61.605801
0.198700	109.018997
0.198800	127.985001
0.198900	146.949997
0.199000	146.949997
0.199100	127.985001
0.199200	127.985001
0.199300	127.985001
0.199400	90.053902
0.199500	71.088501
0.199600	71.088501
0.199700	71.088501
0.199800	71.088501
0.199900	-14.255600
0.200000	14.192400
0.200100	146.949997
0.200200	146.949997
0.200300	33.157799
0.200400	-23.738300
0.200500	33.157799
0.200600	71.088501
0.200700	33.157799
0.200800	71.088501
0.200900	52.123199
0.201000	14.192400
0.201100	71.088501
0.201200	71.088501
0.201300	42.640499
0.201400	42.640499
0.201500	184.880997
0.201600	203.845993
0.201700	127.985001
0.201800	23.675100
0.201900	-14.255600
0.202000	52.123199
0.202100	109.018997
0.202200	109.018997
0.202300	127.985001
0.202400	14.192400
0.202500	-4.772950
0.202600	71.088501
0.202700	146.949997
0.202800	71.088501
0.202900	61.605801
0.203000	71.088501
0.203100	71.088501
0.203200	71.088501
0.203300	137.466995
0.203400	146.949997
0.203500	52.123199
0.203600	-23.738300
0.203700	109.018997
0.203800	213.328995
0.203900	165.914993
0.204000	165.914993
0.204100	146.949997
0.204200	109.018997
0.204300	118.501999
0.204400	90.053902
0.204500	71.088501
0.204600	61.605801
0.204700	14.192400
0.204800	109.018997
0.204900	71.088501
0.205000	23.675100
0.205100	14.192400
0.205200	52.123199
0.205300	90.053902
0.205400	146.949997
0.205500	175.397995
0.205600	127.985001
0.205700	71.088501
0.205800	71.088501
0.205900	71.088501
0.206000	71.088501
0.206100	90.053902
0.206200	109.018997
0.206300	146.949997
0.206400	146.949997
0.206500	118.501999
0.206600	146.949997
0.206700	146.949997
0.206800	109.018997
0.206900	90.053902
0.207000	90.053902
0.207100	61.605801
0.207200	-14.255600
0.207300	71.088501
0.207400	194.363007
0.207500	71.088501
0.207600	-4.772950
0.207700	23.675100
0.207800	109.018997
0.207900	61.605801
0.208000	52.123199
0.208100	33.157799
0.208200	109.018997
0.208300	33.157799
0.208400	-4.772950
0.208500	52.123199
0.208600	71.088501
0.208700	71.088501
0.208800	71.088501
0.208900	33.157799
0.209000	-23.738300
0.209100	-4.772950
0.209200	146.949997
0.209300	175.397995
0.209400	71.088501
0.209500	71.088501
0.209600	90.053902
0.209700	-14.255600
0.209800	-4.772950
0.209900	71.088501
0.210000	146.949997
0.210100	146.949997
0.210200	109.018997
0.210300	33.157799
0.210400	99.536598
0.210500	127.985001
0.210600	71.088501
0.210700	-4.772950
0.210800	-4.772950
0.210900	23.675100
0.211000	109.018997
0.211100	90.053902
0.211200	71.088501
0.211300	71.088501
0.211400	90.053902
0.211500	33.157799
0.211600	52.123199
0.211700	109.018997
0.211800	109.018997
0.211900	127.985001
0.212000	109.018997
0.212100	71.088501
0.212200	90.053902
0.212300	137.466995
0.212400	71.088501
0.212500	33.157799
0.212600	71.088501
0.212700	184.880997
0.212800	137.466995
0.212900	52.123199
0.213000	109.018997
0.213100	222.811005
0.213200	222.811005
0.213300	146.949997
0.213400	109.018997
0.213500	109.018997
0.213600	109.018997
0.213700	109.018997
0.213800	33.157799
0.213900	-4.772950
0.214000	52.123199
0.214100	52.123199
0.214200	-14.255600
0.214300	61.605801
0.214400	71.088501
0.214500	109.018997
0.214600	52.123199
0.214700	61.605801
0.214800	71.088501
0.214900	61.605801
0.215000	52.123199
0.215100	109.018997
0.215200	71.088501
0.215300	71.088501
0.215400	109.018997
0.215500	71.088501
0.215600	61.605801
0.215700	33.157799
0.215800	33.157799
0.215900	71.088501
0.216000	90.053902
0.216100	33.157799
0.216200	33.157799
0.216300	165.914993
0.216400	109.018997
0.216500	-4.772950
0.216600	33.157799
0.216700	71.088501
0.216800	71.088501
0.216900	71.088501
0.217000	90.053902
0.217100	90.053902
0.217200	184.880997
0.217300	222.811005
0.217400	146.949997
0.217500	71.088501
0.217600	165.914993
0.217700	184.880997
0.217800	127.985001
0.217900	71.088501
0.218000	146.949997
0.218100	90.053902
0.218200	61.605801
0.218300	109.018997
0.218400	127.985001
0.218500	127.985001
0.218600	109.018997
0.218700	109.018997
0.218800	90.053902
0.218900	14.192400
0.219000	52.123199
0.219100	127.985001
0.219200	90.053902
0.219300	90.053902
0.219400	90.053902
0.219500	52.123199
0.219600	33.157799
0.219700	52.123199
0.219800	71.088501
0.219900	42.640499
0.220000	-52.186401
0.220100	-4.772950
0.220200	23.675100
0.220300	33.157799
0.220400	71.088501
0.220500	99.536598
0.220600	90.053902
0.220700	52.123199
0.220800	71.088501
0.220900	71.088501
0.221000	71.088501
0.221100	165.914993
0.221200	260.742004
0.221300	184.880997
0.221400	99.536598
0.221500	23.675100
0.221600	33.157799
0.221700	-4.772950
0.221800	-42.703701
0.221900	61.605801
0.222000	146.949997
0.222100	127.985001
0.222200	109.018997
0.222300	109.018997
0.222400	71.088501
0.222500	90.053902
0.222600	90.053902
0.222700	109.018997
0.222800	165.914993
0.222900	146.949997
0.223000	52.123199
0.223100	-14.255600
0.223200	71.088501
0.223300	71.088501
0.223400	109.018997
0.223500	71.088501
0.223600	71.088501
0.223700	71.088501
0.223800	33.157799
0.223900	-4.772950
0.224000	118.501999
0.224100	109.018997
0.224200	52.123199
0.224300	71.088501
0.224400	71.088501
0.224500	61.605801
0.224600	52.123199
0.224700	90.053902
0.224800	127.985001
0.224900	127.985001
0.225000	33.157799
0.225100	14.192400
0.225200	33.157799
0.225300	-4.772950
0.225400	14.192400
0.225500	33.157799
0.225600	33.157799
0.225700	52.123199
0.225800	71.088501
0.225900	90.053902
0.226000	127.985001
0.226100	175.397995
0.226200	127.985001
0.226300	146.949997
0.226400	127.985001
0.226500	137.466995
0.226600	146.949997
0.226700	118.501999
0.226800	71.088501
0.226900	109.018997
0.227000	146.949997
0.227100	146.949997
0.227200	109.018997
0.227300	71.088501
0.227400	90.053902
0.227500	118.501999
0.227600	146.949997
0.227700	137.466995
0.227800	52.123199
0.227900	71.088501
0.228000	127.985001
0.228100	146.949997
0.228200	109.018997
0.228300	90.053902
0.228400	-4.772950
0.228500	-52.186401
0.228600	-4.772950
0.228700	52.123199
0.228800	52.123199
0.228900	71.088501
0.229000	109.018997
0.229100	61.605801
0.229200	71.088501
0.229300	109.018997
0.229400	146.949997
0.229500	184.880997
0.229600	146.949997
0.229700	165.914993
0.229800	222.811005
0.229900	71.088501
0.230000	109.018997
0.230100	194.363007
0.230200	71.088501
0.230300	33.157799
0.230400	127.985001
0.230500	127.985001
0.230600	23.675100
0.230700	-52.186401
0.230800	-4.772950
0.230900	109.018997
0.231000	146.949997
0.231100	90.053902
0.231200	71.088501
0.231300	71.088501
0.231400	71.088501
0.231500	71.088501
0.231600	52.123199
0.231700	109.018997
0.231800	165.914993
0.231900	203.845993
0.232000	146.949997
0.232100	71.088501
0.232200	33.157799
0.232300	52.123199
0.232400	71.088501
0.232500	71.088501
0.232600	71.088501
0.232700	71.088501
0.232800	33.157799
0.232900	33.157799
0.233000	71.088501
0.233100	146.949997
0.233200	109.018997
0.233300	146.949997
0.233400	146.949997
0.233500	146.949997
0.233600	127.985001
0.233700	71.088501
0.233800	71.088501
0.233900	71.088501
0.234000	109.018997
0.234100	90.053902
0.234200	109.018997
0.234300	165.914993
0.234400	71.088501
0.234500	33.157799
0.234600	52.123199
0.234700	33.157799
0.234800	14.192400
0.234900	71.088501
0.235000	33.157799
0.235100	23.675100
0.235200	-4.772950
0.235300	61.605801
0.235400	90.053902
0.235500	99.536598
0.235600	90.053902
0.235700	90.053902
0.235800	90.053902
0.235900	14.192400
0.236000	33.157799
0.236100	71.088501
0.236200	127.985001
0.236300	222.811005
0.236400	146.949997
0.236500	71.088501
0.236600	109.018997
0.236700	222.811005
0.236800	194.363007
0.236900	127.985001
0.237000	71.088501
0.237100	127.985001
0.237200	184.880997
0.237300	184.880997
0.237400	109.018997
0.237500	127.985001
0.237600	99.536598
0.237700	-4.772950
0.237800	-14.255600
0.237900	90.053902
0.238000	184.880997
0.238100	222.811005
0.238200	184.880997
0.238300	127.985001
0.238400	71.088501
0.238500	33.157799
0.238600	71.088501
0.238700	203.845993
0.238800	260.742004
0.238900	241.776993
0.239000	109.018997
0.239100	52.123199
0.239200	-23.738300
0.239300	-42.703701
0.239400	52.123199
0.239500	127.985001
0.239600	71.088501
0.239700	23.675100
0.239800	-23.738300
0.239900	33.157799
0.240000	71.088501
0.240100	127.985001
0.240200	184.880997
0.240300	146.949997
0.240400	90.053902
0.240500	90.053902
0.240600	33.157799
0.240700	61.605801
0.240800	146.949997
0.240900	90.053902
0.241000	52.123199
0.241100	33.157799
0.241200	52.123199
0.241300	109.018997
0.241400	109.018997
0.241500	109.018997
0.241600	71.088501
0.241700	71.088501
0.241800	127.985001
0.241900	127.985001
0.242000	52.123199
0.242100	-42.703701
0.242200	-23.738300
0.242300	23.675100
0.242400	33.157799
0.242500	52.123199
0.242600	213.328995
0.242700	222.811005
0.242800	203.845993
0.242900	71.088501
0.243000	-23.738300
0.243100	90.053902
0.243200	109.018997
0.243300	14.192400
0.243400	33.157799
0.243500	109.018997
0.243600	137.466995
0.243700	165.914993
0.243800	90.053902
0.243900	127.985001
0.244000	109.018997
0.244100	109.018997
0.244200	33.157799
0.244300	-42.703701
0.244400	52.123199
0.244500	71.088501
0.244600	33.157799
0.244700	-4.772950
0.244800	33.157799
0.244900	-23.738300
0.245000	-99.599800
0.245100	-42.703701
0.245200	109.018997
0.245300	71.088501
0.245400	61.605801
0.245500	146.949997
0.245600	137.466995
0.245700	14.192400
0.245800	33.157799
0.245900	127.985001
0.246000	165.914993
0.246100	137.466995
0.246200	203.845993
0.246300	222.811005
0.246400	175.397995
0.246500	33.157799
0.246600	127.985001
0.246700	127.985001
0.246800	99.536598
0.246900	33.157799
0.247000	33.157799
0.247100	-42.703701
0.247200	-61.669102
0.247300	-33.221001
0.247400	-4.772950
0.247500	52.123199
0.247600	71.088501
0.247700	109.018997
0.247800	90.053902
0.247900	61.605801
0.248000	-4.772950
0.248100	52.123199
0.248200	127.985001
0.248300	99.536598
0.248400	52.123199
0.248500	-80.634399
0.248600	71.088501
0.248700	222.811005
0.248800	127.985001
0.248900	99.536598
0.249000	71.088501
0.249100	109.018997
0.249200	184.880997
0.249300	146.949997
0.249400	99.536598
0.249500	52.123199
0.249600	52.123199
0.249700	90.053902
0.249800	23.675100
0.249900	71.088501
0.250000	184.880997
0.250100	127.985001
0.250200	127.985001
0.250300	71.088501
0.250400	109.018997
0.250500	71.088501
0.250600	71.088501
0.250700	127.985001
0.250800	109.018997
0.250900	71.088501
0.251000	33.157799
0.251100	-4.772950
0.251200	33.157799
0.251300	52.123199
0.251400	14.192400
0.251500	52.123199
0.251600	109.018997
0.251700	175.397995
0.251800	251.259995
0.251900	184.880997
0.252000	71.088501
0.252100	146.949997
0.252200	99.536598
0.252300	52.123199
0.252400	33.157799
0.252500	-23.738300
0.252600	-4.772950
0.252700	33.157799
0.252800	90.053902
0.252900	165.914993
0.253000	146.949997
0.253100	71.088501
0.253200	109.018997
0.253300	127.985001
0.253400	127.985001
0.253500	184.880997
0.253600	109.018997
0.253700	71.088501
0.253800	109.018997
0.253900	146.949997
0.254000	71.088501
0.254100	71.088501
0.254200	71.088501
0.254300	127.985001
0.254400	203.845993
0.254500	194.363007
0.254600	165.914993
0.254700	127.985001
0.254800	109.018997
0.254900	90.053902
0.255000	109.018997
0.255100	127.985001
0.255200	127.985001
0.255300	127.985001
0.255400	71.088501
0.255500	71.088501
0.255600	90.053902
0.255700	71.088501
0.255800	33.157799
0.255900	52.123199
0.256000	71.088501
0.256100	109.018997
0.256200	109.018997
0.256300	-23.738300
0.256400	14.192400
0.256500	71.088501
0.256600	146.949997
0.256700	165.914993
0.256800	222.811005
0.256900	184.880997
0.257000	146.949997
0.257100	146.949997
0.257200	137.466995
0.257300	165.914993
0.257400	146.949997
0.257500	184.880997
0.257600	203.845993
0.257700	241.776993
0.257800	127.985001
0.257900	71.088501
0.258000	52.123199
0.258100	33.157799
0.258200	52.123199
0.258300	71.088501
0.258400	109.018997
0.258500	90.053902
0.258600	52.123199
0.258700	52.123199
0.258800	14.192400
0.258900	-4.772950
0.259000	23.675100
0.259100	33.157799
0.259200	71.088501
0.259300	109.018997
0.259400	222.811005
0.259500	203.845993
0.259600	90.053902
0.259700	14.192400
0.259800	33.157799
0.259900	52.123199
0.260000	-23.738300
0.260100	-4.772950
0.260200	71.088501
0.260300	109.018997
0.260400	165.914993
0.260500	146.949997
0.260600	109.018997
0.260700	165.914993
0.260800	184.880997
0.260900	165.914993
0.261000	184.880997
0.261100	90.053902
0.261200	71.088501
0.261300	33.157799
0.261400	-23.738300
0.261500	-71.151703
0.261600	-80.634399
0.261700	33.157799
0.261800	71.088501
0.261900	71.088501
0.262000	71.088501
0.262100	33.157799
0.262200	-4.772950
0.262300	-42.703701
0.262400	33.157799
0.262500	52.123199
0.262600	71.088501
0.262700	71.088501
0.262800	33.157799
0.262900	71.088501
0.263000	99.536598
0.263100	52.123199
0.263200	71.088501
0.263300	99.536598
0.263400	71.088501
0.263500	109.018997
0.263600	127.985001
0.263700	61.605801
0.263800	71.088501
0.263900	109.018997
0.264000	109.018997
0.264100	14.192400
0.264200	-4.772950
0.264300	118.501999
0.264400	194.363007
0.264500	184.880997
0.264600	71.088501
0.264700	52.123199
0.264800	109.018997
0.264900	109.018997
0.265000	71.088501
0.265100	71.088501
0.265200	109.018997
0.265300	146.949997
0.265400	146.949997
0.265500	71.088501
0.265600	146.949997
0.265700	165.914993
0.265800	52.123199
0.265900	-23.738300
0.266000	90.053902
0.266100	184.880997
0.266200	52.123199
0.266300	99.536598
0.266400	109.018997
0.266500	14.192400
0.266600	14.192400
0.266700	33.157799
0.266800	109.018997
0.266900	184.880997
0.267000	146.949997
0.267100	33.157799
0.267200	33.157799
0.267300	71.088501
0.267400	71.088501
0.267500	-4.772950
0.267600	52.123199
0.267700	146.949997
0.267800	146.949997
0.267900	52.123199
0.268000	-23.738300
0.268100	-23.738300
0.268200	52.123199
0.268300	118.501999
0.268400	137.466995
0.268500	127.985001
0.268600	127.985001
0.268700	71.088501
0.268800	33.157799
0.268900	127.985001
0.269000	127.985001
0.269100	61.605801
0.269200	109.018997
0.269300	127.985001
0.269400	90.053902
0.269500	127.985001
0.269600	146.949997
0.269700	33.157799
0.269800	-42.703701
0.269900	71.088501
0.270000	109.018997
0.270100	90.053902
0.270200	14.192400
0.270300	33.157799
0.270400	33.157799
0.270500	71.088501
0.270600	146.949997
0.270700	127.985001
0.270800	71.088501
0.270900	-4.772950
0.271000	-23.738300
0.271100	52.123199
0.271200	90.053902
0.271300	33.157799
0.271400	52.123199
0.271500	71.088501
0.271600	71.088501
0.271700	52.123199
0.271800	-4.772950
0.271900	14.192400
0.272000	71.088501
0.272100	146.949997
0.272200	203.845993
0.272300	127.985001
0.272400	71.088501
0.272500	52.123199
0.272600	146.949997
0.272700	146.949997
0.272800	109.018997
0.272900	52.123199
0.273000	-4.772950
0.273100	52.123199
0.273200	71.088501
0.273300	52.123199
0.273400	71.088501
0.273500	71.088501
0.273600	99.536598
0.273700	99.536598
0.273800	71.088501
0.273900	71.088501
0.274000	71.088501
0.274100	99.536598
0.274200	175.397995
0.274300	175.397995
0.274400	203.845993
0.274500	146.949997
0.274600	61.605801
0.274700	61.605801
0.274800	23.675100
0.274900	-23.738300
0.275000	71.088501
0.275100	137.466995
0.275200	109.018997
0.275300	52.123199
0.275400	109.018997
0.275500	146.949997
0.275600	137.466995
0.275700	99.536598
0.275800	71.088501
0.275900	71.088501
0.276000	90.053902
0.276100	127.985001
0.276200	127.985001
0.276300	71.088501
0.276400	90.053902
0.276500	127.985001
0.276600	99.536598
0.276700	90.053902
0.276800	127.985001
0.276900	99.536598
0.277000	33.157799
0.277100	118.501999
0.277200	137.466995
0.277300	52.123199
0.277400	-4.772950
0.277500	14.192400
0.277600	33.157799
0.277700	52.123199
0.277800	71.088501
0.277900	146.949997
0.278000	127.985001
0.278100	146.949997
0.278200	109.018997
0.278300	52.123199
0.278400	33.157799
0.278500	14.192400
0.278600	33.157799
0.278700	-4.772950
0.278800	14.192400
0.278900	61.605801
0.279000	109.018997
0.279100	222.811005
0.279200	146.949997
0.279300	33.157799
0.279400	-23.738300
0.279500	90.053902
0.279600	146.949997
0.279700	109.018997
0.279800	71.088501
0.279900	71.088501
0.280000	71.088501
0.280100	109.018997
0.280200	146.949997
0.280300	118.501999
0.280400	71.088501
0.280500	71.088501
0.280600	175.397995
0.280700	251.259995
0.280800	146.949997
0.280900	71.088501
0.281000	99.536598
0.281100	90.053902
0.281200	33.157799
0.281300	-4.772950
0.281400	71.088501
0.281500	90.053902
0.281600	42.640499
0.281700	90.053902
0.281800	71.088501
0.281900	52.123199
0.282000	109.018997
0.282100	146.949997
0.282200	71.088501
0.282300	33.157799
0.282400	71.088501
0.282500	99.536598
0.282600	127.985001
0.282700	71.088501
0.282800	-4.772950
0.282900	71.088501
0.283000	184.880997
0.283100	109.018997
0.283200	99.536598
0.283300	90.053902
0.283400	109.018997
0.283500	52.123199
0.283600	71.088501
0.283700	71.088501
0.283800	33.157799
0.283900	33.157799
0.284000	33.157799
0.284100	-4.772950
0.284200	52.123199
0.284300	71.088501
0.284400	71.088501
0.284500	71.088501
0.284600	90.053902
0.284700	52.123199
0.284800	14.192400
0.284900	71.088501
0.285000	146.949997
0.285100	71.088501
0.285200	71.088501
0.285300	137.466995
0.285400	127.985001
0.285500	90.053902
0.285600	127.985001
0.285700	71.088501
0.285800	52.123199
0.285900	71.088501
0.286000	52.123199
0.286100	71.088501
0.286200	184.880997
0.286300	146.949997
0.286400	109.018997
0.286500	127.985001
0.286600	99.536598
0.286700	33.157799
0.286800	52.123199
0.286900	33.157799
0.287000	-4.772950
0.287100	33.157799
0.287200	71.088501
0.287300	146.949997
0.287400	184.880997
0.287500	184.880997
0.287600	137.466995
0.287700	99.536598
0.287800	52.123199
0.287900	52.123199
0.288000	127.985001
0.288100	137.466995
0.288200	109.018997
0.288300	146.949997
0.288400	109.018997
0.288500	-14.255600
0.288600	33.157799
0.288700	71.088501
0.288800	90.053902
0.288900	118.501999
0.289000	109.018997
0.289100	52.123199
0.289200	90.053902
0.289300	146.949997
0.289400	127.985001
0.289500	71.088501
0.289600	33.157799
0.289700	61.605801
0.289800	33.157799
0.289900	-4.772950
0.290000	127.985001
0.290100	109.018997
0.290200	14.192400
0.290300	-14.255600
0.290400	-4.772950
0.290500	52.123199
0.290600	14.192400
0.290700	-4.772950
0.290800	71.088501
0.290900	90.053902
0.291000	109.018997
0.291100	109.018997
0.291200	71.088501
0.291300	52.123199
0.291400	-4.772950
0.291500	90.053902
0.291600	184.880997
0.291700	137.466995
0.291800	33.157799
0.291900	-4.772950
0.292000	33.157799
0.292100	109.018997
0.292200	146.949997
0.292300	71.088501
0.292400	-4.772950
0.292500	33.157799
0.292600	71.088501
0.292700	71.088501
0.292800	71.088501
0.292900	-4.772950
0.293000	-4.772950
0.293100	90.053902
0.293200	109.018997
0.293300	71.088501
0.293400	127.985001
0.293500	203.845993
0.293600	222.811005
0.293700	146.949997
0.293800	109.018997
0.293900	109.018997
0.294000	33.157799
0.294100	14.192400
0.294200	-4.772950
0.294300	52.123199
0.294400	90.053902
0.294500	52.123199
0.294600	71.088501
0.294700	109.018997
0.294800	33.157799
0.294900	14.192400
0.295000	109.018997
0.295100	71.088501
0.295200	-23.738300
0.295300	33.157799
0.295400	71.088501
0.295500	99.536598
0.295600	99.536598
0.295700	52.123199
0.295800	33.157799
0.295900	-4.772950
0.296000	14.192400
0.296100	-4.772950
0.296200	33.157799
0.296300	137.466995
0.296400	127.985001
0.296500	71.088501
0.296600	52.123199
0.296700	109.018997
0.296800	127.985001
0.296900	109.018997
0.297000	71.088501
0.297100	71.088501
0.297200	71.088501
0.297300	146.949997
0.297400	109.018997
0.297500	23.675100
0.297600	52.123199
0.297700	137.466995
0.297800	71.088501
0.297900	23.675100
0.298000	71.088501
0.298100	146.949997
0.298200	71.088501
0.298300	71.088501
0.298400	109.018997
0.298500	71.088501
0.298600	52.123199
0.298700	52.123199
0.298800	71.088501
0.298900	127.985001
0.299000	146.949997
0.299100	90.053902
0.299200	52.123199
0.299300	-42.703701
0.299400	71.088501
0.299500	52.123199
0.299600	-4.772950
0.299700	33.157799
0.299800	71.088501
0.299900	71.088501
