-0.050000	-5.139620
-0.049900	-9.554820
-0.049800	-5.630200
-0.049700	-2.686730
-0.049600	-5.630200
-0.049500	-2.686730
-0.049400	-1.215000
-0.049300	0.256736
-0.049200	-2.686730
-0.049100	-3.667890
-0.049000	-5.630200
-0.048900	-3.177310
-0.048800	-2.686730
-0.048700	-7.592510
-0.048600	-9.064250
-0.048500	-6.611360
-0.048400	-3.667890
-0.048300	-3.667890
-0.048200	-0.724420
-0.048100	1.728470
-0.048000	-5.139620
-0.047900	-5.630200
-0.047800	-2.686730
-0.047700	-4.158470
-0.047600	-7.101930
-0.047500	-3.177310
-0.047400	-0.724420
-0.047300	0.256736
-0.047200	0.256736
-0.047100	-7.101930
-0.047000	-9.554820
-0.046900	-3.667890
-0.046800	4.181360
-0.046700	0.747314
-0.046600	-4.649040
-0.046500	-4.649040
-0.046400	0.256736
-0.046300	-3.667890
-0.046200	-3.177310
-0.046100	-7.592510
-0.046000	-10.536000
-0.045900	-6.611360
-0.045800	-2.196150
-0.045700	-4.649040
-0.045600	-5.630200
-0.045500	-7.592510
-0.045400	-2.686730
-0.045300	-1.705580
-0.045200	-3.667890
-0.045100	-5.630200
-0.045000	-3.667890
-0.044900	-4.649040
-0.044800	-4.649040
-0.044700	-2.686730
-0.044600	-1.215000
-0.044500	-0.724420
-0.044400	-1.705580
-0.044300	-6.120780
-0.044200	-1.705580
-0.044100	3.200200
-0.044000	-3.177310
-0.043900	-1.215000
-0.043800	-5.630200
-0.043700	-4.649040
-0.043600	-5.630200
-0.043500	-5.630200
-0.043400	-3.667890
-0.043300	-0.724420
-0.043200	0.256736
-0.043100	-2.196150
-0.043000	-6.611360
-0.042900	-7.592510
-0.042800	-5.630200
-0.042700	-6.120780
-0.042600	-10.536000
-0.042500	-3.667890
-0.042400	0.256736
-0.042300	-1.705580
-0.042200	-7.101930
-0.042100	-2.686730
-0.042000	0.256736
-0.041900	-0.724420
-0.041800	-2.686730
-0.041700	-2.686730
-0.041600	-3.667890
-0.041500	-5.630200
-0.041400	-8.573670
-0.041300	-7.592510
-0.041200	-0.724420
-0.041100	5.162520
-0.041000	1.237890
-0.040900	2.219050
-0.040800	-0.233842
-0.040700	0.256736
-0.040600	-6.611360
-0.040500	-1.705580
-0.040400	1.237890
-0.040300	-5.139620
-0.040200	-11.026600
-0.040100	-7.592510
-0.040000	-3.667890
-0.039900	-0.724420
-0.039800	-1.705580
-0.039700	0.256736
-0.039600	0.256736
-0.039500	-2.686730
-0.039400	-2.686730
-0.039300	-0.724420
-0.039200	1.728470
-0.039100	0.747314
-0.039000	-1.215000
-0.038900	-1.705580
-0.038800	4.181360
-0.038700	-0.233842
-0.038600	-5.139620
-0.038500	-5.139620
-0.038400	-6.611360
-0.038300	-6.611360
-0.038200	1.237890
-0.038100	5.162520
-0.038000	-1.705580
-0.037900	-3.667890
-0.037800	-5.139620
-0.037700	-4.158470
-0.037600	-7.592510
-0.037500	-3.667890
-0.037400	-5.630200
-0.037300	-3.177310
-0.037200	-2.686730
-0.037100	0.747314
-0.037000	0.256736
-0.036900	-4.649040
-0.036800	-2.686730
-0.036700	-5.630200
-0.036600	-1.705580
-0.036500	-1.705580
-0.036400	-2.686730
-0.036300	2.219050
-0.036200	-1.705580
-0.036100	1.237890
-0.036000	-3.667890
-0.035900	-7.101930
-0.035800	-6.611360
-0.035700	0.256736
-0.035600	-1.705580
-0.035500	-2.686730
-0.035400	-0.724420
-0.035300	-3.177310
-0.035200	-2.686730
-0.035100	-6.611360
-0.035000	-5.630200
-0.034900	-3.667890
-0.034800	-1.215000
-0.034700	-5.630200
-0.034600	0.256736
-0.034500	-1.705580
-0.034400	-5.630200
-0.034300	3.200200
-0.034200	-3.667890
-0.034100	-6.611360
-0.034000	-6.120780
-0.033900	-4.649040
-0.033800	0.256736
-0.033700	-2.686730
-0.033600	-1.705580
-0.033500	1.237890
-0.033400	0.747314
-0.033300	0.256736
-0.033200	-8.573670
-0.033100	-7.592510
-0.033000	-4.649040
-0.032900	-1.215000
-0.032800	0.256736
-0.032700	5.653090
-0.032600	-2.196150
-0.032500	-6.120780
-0.032400	0.256736
-0.032300	-1.705580
-0.032200	-1.215000
-0.032100	0.256736
-0.032000	-6.120780
-0.031900	-1.705580
-0.031800	-1.705580
-0.031700	-1.705580
-0.031600	0.256736
-0.031500	-1.705580
-0.031400	-6.120780
-0.031300	-3.667890
-0.031200	-1.705580
-0.031100	4.181360
-0.031000	-3.667890
-0.030900	-7.592510
-0.030800	-7.101930
-0.030700	0.256736
-0.030600	3.200200
-0.030500	4.671940
-0.030400	-3.177310
-0.030300	-1.215000
-0.030200	-1.215000
-0.030100	-7.101930
-0.030000	0.256736
-0.029900	0.256736
-0.029800	-1.215000
-0.029700	-1.215000
-0.029600	-3.667890
-0.029500	2.219050
-0.029400	-1.215000
-0.029300	-3.667890
-0.029200	-1.705580
-0.029100	0.256736
-0.029000	0.256736
-0.028900	0.256736
-0.028800	-1.705580
-0.028700	0.256736
-0.028600	-0.233842
-0.028500	0.256736
-0.028400	-3.667890
-0.028300	-5.139620
-0.028200	0.256736
-0.028100	-1.215000
-0.028000	-9.554820
-0.027900	-5.630200
-0.027800	0.747314
-0.027700	4.181360
-0.027600	0.256736
-0.027500	0.747314
-0.027400	-2.686730
-0.027300	-3.667890
-0.027200	-5.630200
-0.027100	-5.139620
-0.027000	-3.667890
-0.026900	-1.215000
-0.026800	-2.196150
-0.026700	-0.724420
-0.026600	0.256736
-0.026500	-1.215000
-0.026400	-1.705580
-0.026300	0.256736
-0.026200	-3.667890
-0.026100	-6.611360
-0.026000	-6.611360
-0.025900	-0.233842
-0.025800	-1.705580
-0.025700	-1.705580
-0.025600	-3.177310
-0.025500	-3.667890
-0.025400	-1.215000
-0.025300	-2.686730
-0.025200	-0.724420
-0.025100	-1.705580
-0.025000	0.256736
-0.024900	-0.233842
-0.024800	-0.233842
-0.024700	0.747314
-0.024600	1.237890
-0.024500	2.219050
-0.024400	0.256736
-0.024300	-0.724420
-0.024200	-2.686730
-0.024100	-3.667890
-0.024000	-2.196150
-0.023900	-2.686730
-0.023800	0.747314
-0.023700	-2.686730
-0.023600	3.200200
-0.023500	4.181360
-0.023400	0.256736
-0.023300	0.256736
-0.023200	4.671940
-0.023100	1.237890
-0.023000	-2.686730
-0.022900	-2.686730
-0.022800	2.219050
-0.022700	-5.630200
-0.022600	-4.649040
-0.022500	-2.686730
-0.022400	0.256736
-0.022300	1.237890
-0.022200	-1.215000
-0.022100	-0.233842
-0.022000	1.237890
-0.021900	3.690780
-0.021800	2.219050
-0.021700	5.162520
-0.021600	7.124830
-0.021500	-2.686730
-0.021400	0.256736
-0.021300	4.181360
-0.021200	1.237890
-0.021100	0.256736
-0.021000	1.237890
-0.020900	-1.705580
-0.020800	-4.158470
-0.020700	-1.705580
-0.020600	2.219050
-0.020500	0.747314
-0.020400	-2.686730
-0.020300	0.256736
-0.020200	1.237890
-0.020100	-1.705580
-0.020000	-0.724420
-0.019900	2.709630
-0.019800	6.143670
-0.019700	7.615410
-0.019600	-1.215000
-0.019500	-1.705580
-0.019400	1.237890
-0.019300	0.747314
-0.019200	-2.196150
-0.019100	-7.592510
-0.019000	-2.196150
-0.018900	0.256736
-0.018800	2.709630
-0.018700	0.256736
-0.018600	-0.233842
-0.018500	-0.233842
-0.018400	1.237890
-0.018300	2.219050
-0.018200	1.237890
-0.018100	0.747314
-0.018000	1.237890
-0.017900	3.200200
-0.017800	4.181360
-0.017700	1.237890
-0.017600	0.747314
-0.017500	1.237890
-0.017400	-2.196150
-0.017300	-0.724420
-0.017200	3.200200
-0.017100	-3.177310
-0.017000	3.200200
-0.016900	5.162520
-0.016800	4.181360
-0.016700	2.219050
-0.016600	3.690780
-0.016500	1.728470
-0.016400	-1.215000
-0.016300	-1.705580
-0.016200	2.709630
-0.016100	5.162520
-0.016000	4.181360
-0.015900	0.256736
-0.015800	-1.215000
-0.015700	0.256736
-0.015600	4.181360
-0.015500	1.237890
-0.015400	-4.649040
-0.015300	0.256736
-0.015200	5.653090
-0.015100	0.747314
-0.015000	5.162520
-0.014900	6.143670
-0.014800	-0.233842
-0.014700	2.219050
-0.014600	2.709630
-0.014500	3.690780
-0.014400	3.200200
-0.014300	3.200200
-0.014200	4.181360
-0.014100	8.105980
-0.014000	3.200200
-0.013900	2.709630
-0.013800	1.237890
-0.013700	2.219050
-0.013600	0.747314
-0.013500	9.087140
-0.013400	8.105980
-0.013300	7.124830
-0.013200	1.237890
-0.013100	6.143670
-0.013000	0.747314
-0.012900	3.690780
-0.012800	5.653090
-0.012700	8.105980
-0.012600	6.143670
-0.012500	5.162520
-0.012400	3.690780
-0.012300	8.105980
-0.012200	6.634250
-0.012100	5.162520
-0.012000	0.256736
-0.011900	5.162520
-0.011800	0.256736
-0.011700	7.124830
-0.011600	1.728470
-0.011500	2.709630
-0.011400	7.124830
-0.011300	4.671940
-0.011200	5.653090
-0.011100	12.030600
-0.011000	8.596560
-0.010900	5.162520
-0.010800	6.634250
-0.010700	8.105980
-0.010600	7.615410
-0.010500	8.105980
-0.010400	2.709630
-0.010300	12.030600
-0.010200	7.615410
-0.010100	10.068300
-0.010000	1.728470
-0.009900	5.653090
-0.009800	6.143670
-0.009700	5.653090
-0.009600	6.143670
-0.009500	10.068300
-0.009400	8.596560
-0.009300	6.143670
-0.009200	8.105980
-0.009100	8.105980
-0.009000	4.671940
-0.008900	9.577720
-0.008800	9.087140
-0.008700	5.162520
-0.008600	8.105980
-0.008500	11.049500
-0.008400	9.087140
-0.008300	11.049500
-0.008200	13.502300
-0.008100	13.992900
-0.008000	11.049500
-0.007900	8.105980
-0.007800	9.577720
-0.007700	8.105980
-0.007600	9.577720
-0.007500	10.558900
-0.007400	9.577720
-0.007300	11.540000
-0.007200	13.502300
-0.007100	2.219050
-0.007000	4.671940
-0.006900	8.596560
-0.006800	7.124830
-0.006700	9.087140
-0.006600	7.124830
-0.006500	10.558900
-0.006400	11.049500
-0.006300	12.030600
-0.006200	17.917500
-0.006100	11.049500
-0.006000	16.936399
-0.005900	8.105980
-0.005800	11.049500
-0.005700	10.068300
-0.005600	15.955200
-0.005500	16.936399
-0.005400	10.068300
-0.005300	8.105980
-0.005200	13.011800
-0.005100	13.992900
-0.005000	13.011800
-0.004900	15.955200
-0.004800	15.955200
-0.004700	12.030600
-0.004600	13.502300
-0.004500	14.974100
-0.004400	14.974100
-0.004300	15.955200
-0.004200	17.917500
-0.004100	13.992900
-0.004000	11.540000
-0.003900	15.955200
-0.003800	16.936399
-0.003700	15.955200
-0.003600	15.955200
-0.003500	13.992900
-0.003400	16.936399
-0.003300	22.823299
-0.003200	17.917500
-0.003100	21.842199
-0.003000	19.879900
-0.002900	13.011800
-0.002800	5.162520
-0.002700	12.030600
-0.002600	14.974100
-0.002500	17.427000
-0.002400	15.955200
-0.002300	21.842199
-0.002200	18.408100
-0.002100	16.936399
-0.002000	22.823299
-0.001900	19.389299
-0.001800	17.917500
-0.001700	19.879900
-0.001600	16.936399
-0.001500	17.917500
-0.001400	21.351601
-0.001300	29.691401
-0.001200	23.804501
-0.001100	23.804501
-0.001000	23.804501
-0.000900	25.766800
-0.000800	23.804501
-0.000700	17.427000
-0.000600	18.408100
-0.000500	20.861000
-0.000400	24.785601
-0.000300	22.332701
-0.000200	23.804501
-0.000100	25.276199
0.000000	23.804501
0.000100	26.747900
0.000200	31.653700
0.000300	26.257401
0.000400	21.842199
0.000500	23.313900
0.000600	27.729099
0.000700	27.729099
0.000800	24.295099
0.000900	22.823299
0.001000	30.672600
0.001100	29.691401
0.001200	24.785601
0.001300	41.465302
0.001400	29.691401
0.001500	23.804501
0.001600	31.653700
0.001700	36.068901
0.001800	31.163099
0.001900	29.691401
0.002000	46.371101
0.002100	35.578400
0.002200	18.898701
0.002300	38.031200
0.002400	59.126099
0.002500	44.408798
0.002600	35.578400
0.002700	36.068901
0.002800	46.371101
0.002900	36.559502
0.003000	30.672600
0.003100	41.465302
0.003200	38.521801
0.003300	31.653700
0.003400	50.786301
0.003500	39.502998
0.003600	33.616001
0.003700	41.465302
0.003800	44.899300
0.003900	44.408798
0.004000	28.710300
0.004100	40.484100
0.004200	47.352200
0.004300	36.068901
0.004400	31.653700
0.004500	42.446400
0.004600	50.295700
0.004700	47.352200
0.004800	47.352200
0.004900	41.465302
0.005000	27.729099
0.005100	8.105980
0.005200	18.408100
0.005300	20.861000
0.005400	4.181360
0.005500	25.766800
0.005600	47.352200
0.005700	26.257401
0.005800	28.219700
0.005900	39.502998
0.006000	39.502998
0.006100	40.974701
0.006200	50.295700
0.006300	59.126099
0.006400	49.314499
0.006500	41.465302
0.006600	39.502998
0.006700	41.465302
0.006800	41.465302
0.006900	36.559502
0.007000	34.597198
0.007100	36.559502
0.007200	37.540699
0.007300	59.126099
0.007400	92.485397
0.007500	84.636200
0.007600	12.030600
0.007700	15.955200
0.007800	53.729698
0.007900	38.521801
0.008000	30.181999
0.008100	17.917500
0.008200	0.747314
0.008300	3.200200
0.008400	22.823299
0.008500	8.105980
0.008600	5.162520
0.008700	22.823299
0.008800	25.766800
0.008900	2.709630
0.009000	-5.630200
0.009100	13.011800
0.009200	20.370399
0.009300	15.464700
0.009400	13.502300
0.009500	6.143670
0.009600	-11.517100
0.009700	-18.875799
0.009800	-9.554820
0.009900	-8.573670
0.010000	-8.573670
0.010100	-26.234501
0.010200	-46.348202
0.010300	-44.876400
0.010400	-25.253300
0.010500	-41.932999
0.010600	-72.348801
0.010700	-75.782898
0.010800	-98.839996
0.010900	-102.764999
0.011000	-110.613998
0.011100	-126.311996
0.011200	-118.462997
0.011300	-125.331001
0.011400	-163.595993
0.011500	-192.050003
0.011600	-198.917999
0.011700	-212.164001
0.011800	-242.089005
0.011900	-220.503006
0.012000	-199.408997
0.012100	-221.485001
0.012200	-237.182999
0.012300	-281.334991
0.012400	-306.845001
0.012500	-340.204010
0.012600	-395.640015
0.012700	-434.394989
0.012800	-440.282013
0.012900	-443.226013
0.013000	-458.924011
0.013100	-466.282990
0.013200	-456.471008
0.013300	-460.886993
0.013400	-423.112000
0.013500	-369.639008
0.013600	-308.807007
0.013700	-234.240005
0.013800	-167.029999
0.013900	-128.274994
0.014000	-82.160400
0.014100	-63.518398
0.014200	-56.650299
0.014300	-38.008301
0.014400	26.747900
0.014500	94.447701
0.014600	121.919998
0.014700	181.279999
0.014800	232.791000
0.014900	241.621002
0.015000	248.488998
0.015100	216.110992
0.015200	178.826996
0.015300	152.826004
0.015400	140.561996
0.015500	121.919998
0.015600	99.353500
0.015700	62.069599
0.015800	22.823299
0.015900	15.955200
0.016000	14.483500
0.016100	14.483500
0.016200	8.596560
0.016300	-0.724420
0.016400	13.992900
0.016500	31.653700
0.016600	63.050701
0.016700	133.694000
0.016800	215.130005
0.016900	258.300995
0.017000	300.489990
0.017100	310.302002
0.017200	306.377014
0.017300	314.717010
0.017400	319.131989
0.017500	312.755005
0.017600	297.546997
0.017700	265.169006
0.017800	204.337006
0.017900	142.524002
0.018000	130.750000
0.018100	167.052994
0.018200	212.186005
0.018300	243.093002
0.018400	247.998993
0.018500	227.884995
0.018600	196.488007
0.018700	178.826996
0.018800	175.884003
0.018900	197.468994
0.019000	212.186005
0.019100	232.791000
0.019200	264.678009
0.019300	297.056000
0.019400	299.509003
0.019500	300.980988
0.019600	307.359009
0.019700	284.791992
0.019800	264.187988
0.019900	263.207001
0.020000	244.074005
0.020100	228.376007
0.020200	226.412994
0.020300	227.884995
0.020400	177.845993
0.020500	101.316002
0.020600	59.126099
0.020700	5.162520
0.020800	-64.009003
0.020900	-289.674988
0.021000	-551.153015
0.021100	-354.431000
0.021200	-169.483002
0.021300	-346.582001
0.021400	-524.661987
0.021500	-458.924011
0.021600	-47.819901
0.021700	285.282990
0.021800	233.772003
0.021900	150.373993
0.022000	13.992900
0.022100	-336.769989
0.022200	-453.036987
0.022300	-322.544006
0.022400	-250.919006
0.022500	-235.220993
0.022600	-189.106003
0.022700	-133.179993
0.022800	-91.481400
0.022900	-36.536598
0.023000	9.087140
0.023100	24.785601
0.023200	39.502998
0.023300	62.069599
0.023400	68.937698
0.023500	78.749199
0.023600	143.014999
0.023700	222.488998
0.023800	138.108994
0.023900	71.881104
0.024000	108.674004
0.024100	139.580994
0.024200	162.638000
0.024300	189.619995
0.024400	218.563995
0.024500	326.981995
0.024600	260.263000
0.024700	-117.973000
0.024800	-134.651993
0.024900	43.918201
0.025000	73.843399
0.025100	84.636200
0.025200	119.467003
0.025300	138.600006
0.025400	185.695007
0.025500	218.072998
0.025600	243.582993
0.025700	271.056000
0.025800	311.773987
0.025900	350.528992
0.026000	352.001007
0.026100	370.643005
0.026200	410.380005
0.026300	453.550995
0.026400	510.458008
0.026500	561.478027
0.026600	568.346008
0.026700	565.403015
0.026800	581.591980
0.026900	599.742981
0.027000	613.479004
0.027100	654.687988
0.027200	698.840027
0.027300	677.254028
0.027400	658.122009
0.027500	604.648987
0.027600	444.720001
0.027700	358.378998
0.027800	424.115997
0.027900	455.513000
0.028000	446.683014
0.028100	475.135986
0.028200	482.003998
0.028300	567.364990
0.028400	1338.550049
0.028500	2386.429932
0.028600	2148.010010
0.028700	1646.640015
0.028800	1607.880005
0.028900	1523.010010
0.029000	1391.540039
0.029100	1347.869995
0.029200	1299.310059
0.029300	1244.359985
0.029400	1216.890015
0.029500	1183.530029
0.029600	1185.489990
0.029700	1213.949951
0.029800	1199.719971
0.029900	1157.040039
0.030000	1120.739990
0.030100	1107.000000
0.030200	1114.849976
0.030300	1107.000000
0.030400	1059.910034
0.030500	989.262024
0.030600	923.525024
0.030700	861.711975
0.030800	798.918030
0.030900	752.802979
0.031000	716.500977
0.031100	688.046997
0.031200	654.687988
0.031300	605.138977
0.031400	556.572021
0.031500	520.760010
0.031600	508.496002
0.031700	498.683990
0.031800	494.759003
0.031900	481.023010
0.032000	457.966003
0.032100	436.871002
0.032200	408.417999
0.032300	395.171997
0.032400	389.285004
0.032500	369.661987
0.032600	340.717987
0.032700	316.679993
0.032800	297.546997
0.032900	272.528015
0.033000	232.791000
0.033100	198.449997
0.033200	199.431000
0.033300	196.979004
0.033400	189.619995
0.033500	202.375000
0.033600	214.149002
0.033700	232.791000
0.033800	237.695999
0.033900	232.791000
0.034000	246.526993
0.034100	248.979996
0.034200	260.263000
0.034300	269.092987
0.034400	265.169006
0.034500	273.018005
0.034600	295.584991
0.034700	306.377014
0.034800	301.962006
0.034900	314.717010
0.035000	330.906006
0.035100	339.737000
0.035200	362.303009
0.035300	363.774994
0.035400	387.322998
0.035500	451.588013
0.035600	456.493988
0.035700	453.550995
0.035800	449.626007
0.035900	432.946991
0.036000	444.230011
0.036100	452.570007
0.036200	453.550995
0.036300	446.191986
0.036400	430.984009
0.036500	414.795013
0.036600	405.473999
0.036700	406.454987
0.036800	399.096985
0.036900	378.002014
0.037000	383.398010
0.037100	362.303009
0.037200	343.661011
0.037300	323.057007
0.037400	296.566010
0.037500	290.678986
0.037600	272.528015
0.037700	239.658997
0.037800	195.507004
0.037900	163.128998
0.038000	176.865005
0.038100	223.960007
0.038200	247.507996
0.038300	231.809998
0.038400	225.923004
0.038500	245.054993
0.038600	274.489990
0.038700	306.377014
0.038800	317.170013
0.038900	315.208008
0.039000	334.830994
0.039100	350.528992
0.039200	342.679993
0.039300	344.152008
0.039400	361.321991
0.039500	383.889008
0.039600	406.454987
0.039700	415.286011
0.039800	414.795013
0.039900	408.417999
0.040000	427.549988
0.040100	465.815002
0.040200	464.834015
0.040300	437.851990
0.040400	392.718994
0.040500	383.889008
0.040600	389.776001
0.040700	388.795013
0.040800	399.096985
0.040900	392.718994
0.041000	395.662994
0.041100	395.662994
0.041200	373.587006
0.041300	364.265991
0.041400	358.868988
0.041500	369.170990
0.041600	385.851013
0.041700	378.002014
0.041800	355.925995
0.041900	347.585999
0.042000	357.398010
0.042100	362.303009
0.042200	358.378998
0.042300	355.434998
0.042400	345.132996
0.042500	344.641998
0.042600	344.641998
0.042700	363.283997
0.042800	377.020996
0.042900	373.096008
0.043000	379.473999
0.043100	392.718994
0.043200	392.718994
0.043300	397.134003
0.043400	411.851990
0.043500	443.248993
0.043600	461.399994
0.043700	457.475006
0.043800	447.173004
0.043900	440.304993
0.044000	430.984009
0.044100	412.342010
0.044200	393.209991
0.044300	378.002014
0.044400	371.134003
0.044500	363.283997
0.044600	352.492004
0.044700	339.737000
0.044800	344.641998
0.044900	353.472992
0.045000	348.076996
0.045100	344.152008
0.045200	345.623993
0.045300	345.623993
0.045400	340.717987
0.045500	331.886993
0.045600	346.605011
0.045700	351.019989
0.045800	330.415985
0.045900	333.850006
0.046000	334.830994
0.046100	313.244995
0.046200	310.302002
0.046300	314.226990
0.046400	304.415009
0.046500	294.604004
0.046600	300.000000
0.046700	312.264008
0.046800	310.302002
0.046900	296.566010
0.047000	288.717010
0.047100	296.566010
0.047200	307.848999
0.047300	287.734985
0.047400	241.621002
0.047500	272.036987
0.047600	354.945007
0.047700	362.303009
0.047800	345.623993
0.047900	336.303009
0.048000	300.489990
0.048100	295.584991
0.048200	288.226013
0.048300	267.131012
0.048400	195.507004
0.048500	-57.631500
0.048600	165.091003
0.048700	503.589996
0.048800	363.283997
0.048900	284.300995
0.049000	322.075989
0.049100	306.377014
0.049200	345.623993
0.049300	369.170990
0.049400	351.510986
0.049500	388.795013
0.049600	381.925995
0.049700	388.303986
0.049800	378.492004
0.049900	357.398010
0.050000	384.869995
0.050100	395.171997
0.050200	379.963989
0.050300	375.058014
0.050400	363.283997
0.050500	359.359985
0.050600	365.247009
0.050700	357.888000
0.050800	356.415985
0.050900	357.398010
0.051000	349.548004
0.051100	344.641998
0.051200	346.605011
0.051300	353.472992
0.051400	369.170990
0.051500	369.170990
0.051600	362.303009
0.051700	361.321991
0.051800	365.247009
0.051900	355.434998
0.052000	352.492004
0.052100	351.510986
0.052200	355.925995
0.052300	366.227997
0.052400	381.436005
0.052500	383.889008
0.052600	392.718994
0.052700	396.644012
0.052800	382.907990
0.052900	389.776001
0.053000	393.700012
0.053100	392.718994
0.053200	396.644012
0.053300	391.247009
0.053400	377.020996
0.053500	366.227997
0.053600	369.170990
0.053700	379.963989
0.053800	373.096008
0.053900	366.227997
0.054000	353.472992
0.054100	337.773987
0.054200	322.075989
0.054300	306.868011
0.054400	293.622009
0.054500	292.151001
0.054600	290.678986
0.054700	217.091995
0.054800	-390.243011
0.054900	-429.489990
0.055000	854.843994
0.055100	767.030029
0.055200	233.772003
0.055300	326.981995
0.055400	388.303986
0.055500	306.868011
0.055600	298.528015
0.055700	304.906006
0.055800	300.980988
0.055900	299.019012
0.056000	293.622009
0.056100	278.904999
0.056200	248.488998
0.056300	221.016998
0.056400	229.847000
0.056500	239.658997
0.056600	229.847000
0.056700	224.451004
0.056800	226.904007
0.056900	237.695999
0.057000	241.621002
0.057100	241.621002
0.057200	243.582993
0.057300	250.451996
0.057400	249.960999
0.057500	243.582993
0.057600	240.639999
0.057700	240.639999
0.057800	233.772003
0.057900	229.847000
0.058000	225.923004
0.058100	214.639008
0.058200	199.431000
0.058300	184.714005
0.058400	187.658005
0.058500	185.695007
0.058600	172.940002
0.058700	180.789001
0.058800	172.940002
0.058900	-15.441800
0.059000	-166.539993
0.059100	2.709630
0.059200	122.901001
0.059300	110.146004
0.059400	128.787994
0.059500	159.203995
0.059600	159.203995
0.059700	165.091003
0.059800	172.940002
0.059900	184.714005
0.060000	187.167007
0.060100	195.507004
0.060200	178.826996
0.060300	174.903000
0.060400	210.223999
0.060500	193.054001
0.060600	179.807999
0.060700	204.337006
0.060800	230.828003
0.060900	217.091995
0.061000	209.733994
0.061100	221.507004
0.061200	208.261993
0.061300	213.167999
0.061400	212.186005
0.061500	214.149002
0.061600	210.223999
0.061700	230.828003
0.061800	422.153992
0.061900	536.948975
0.062000	352.492004
0.062100	236.714996
0.062200	257.809998
0.062300	263.207001
0.062400	243.582993
0.062500	242.602005
0.062600	251.432999
0.062700	257.320007
0.062800	285.773010
0.062900	283.811005
0.063000	237.695999
0.063100	222.979004
0.063200	230.828003
0.063300	228.865997
0.063400	219.054993
0.063500	211.205002
0.063600	208.261993
0.063700	198.449997
0.063800	193.544006
0.063900	195.507004
0.064000	194.526001
0.064100	191.582001
0.064200	184.714005
0.064300	177.845993
0.064400	169.996994
0.064500	173.921005
0.064600	193.544006
0.064700	202.865005
0.064800	212.186005
0.064900	214.639008
0.065000	221.016998
0.065100	218.072998
0.065200	206.298996
0.065300	204.337006
0.065400	208.261993
0.065500	209.242996
0.065600	202.865005
0.065700	195.996994
0.065800	192.072998
0.065900	192.563004
0.066000	192.563004
0.066100	195.507004
0.066200	191.091995
0.066300	188.639008
0.066400	184.714005
0.066500	176.865005
0.066600	177.845993
0.066700	184.714005
0.066800	186.675995
0.066900	177.354996
0.067000	177.845993
0.067100	172.940002
0.067200	160.184998
0.067300	163.128998
0.067400	181.770996
0.067500	196.488007
0.067600	205.317993
0.067700	212.186005
0.067800	206.789993
0.067900	207.770996
0.068000	206.298996
0.068100	196.488007
0.068200	194.035004
0.068300	204.337006
0.068400	208.751999
0.068500	204.337006
0.068600	204.337006
0.068700	200.412994
0.068800	197.468994
0.068900	184.714005
0.069000	184.714005
0.069100	186.186005
0.069200	192.563004
0.069300	193.544006
0.069400	198.449997
0.069500	201.884003
0.069600	205.317993
0.069700	217.582993
0.069800	224.451004
0.069900	227.884995
0.070000	234.753006
0.070100	241.621002
0.070200	249.470001
0.070300	249.960999
0.070400	254.376007
0.070500	258.300995
0.070600	264.187988
0.070700	265.169006
0.070800	267.622009
0.070900	266.149994
0.071000	265.169006
0.071100	260.263000
0.071200	256.829010
0.071300	254.376007
0.071400	245.546005
0.071500	257.320007
0.071600	270.075012
0.071700	274.980011
0.071800	274.980011
0.071900	278.904999
0.072000	283.320007
0.072100	283.811005
0.072200	291.660004
0.072300	300.489990
0.072400	307.359009
0.072500	307.359009
0.072600	319.131989
0.072700	318.641998
0.072800	310.302002
0.072900	299.509003
0.073000	296.566010
0.073100	307.359009
0.073200	396.153015
0.073300	354.454010
0.073400	188.639008
0.073500	225.923004
0.073600	289.697998
0.073700	275.471008
0.073800	270.075012
0.073900	279.885986
0.074000	269.092987
0.074100	260.753998
0.074200	257.320007
0.074300	255.356995
0.074400	251.432999
0.074500	247.998993
0.074600	247.507996
0.074700	243.582993
0.074800	235.733994
0.074900	236.225006
0.075000	241.621002
0.075100	248.488998
0.075200	245.546005
0.075300	250.451996
0.075400	250.451996
0.075500	250.451996
0.075600	250.451996
0.075700	249.470001
0.075800	244.565002
0.075900	240.149002
0.076000	235.733994
0.076100	232.300003
0.076200	231.809998
0.076300	230.828003
0.076400	224.451004
0.076500	222.979004
0.076600	220.035995
0.076700	210.714996
0.076800	193.054001
0.076900	186.675995
0.077000	189.619995
0.077100	194.526001
0.077200	189.619995
0.077300	184.223007
0.077400	176.373993
0.077500	163.619003
0.077600	166.072006
0.077700	173.431000
0.077800	178.337006
0.077900	188.639008
0.078000	186.675995
0.078100	185.695007
0.078200	189.619995
0.078300	187.658005
0.078400	182.751999
0.078500	177.845993
0.078600	177.845993
0.078700	165.091003
0.078800	157.242004
0.078900	156.261002
0.079000	163.128998
0.079100	153.807999
0.079200	149.391998
0.079300	143.505997
0.079400	132.222000
0.079500	126.825996
0.079600	130.750000
0.079700	131.731995
0.079800	135.656006
0.079900	147.429993
0.080000	150.373993
0.080100	151.354996
0.080200	149.391998
0.080300	158.223007
0.080400	161.166000
0.080500	163.128998
0.080600	163.128998
0.080700	155.279007
0.080800	148.410995
0.080900	138.600006
0.081000	138.600006
0.081100	141.542999
0.081200	132.712997
0.081300	116.032997
0.081400	106.711998
0.081500	108.183998
0.081600	106.711998
0.081700	98.862900
0.081800	90.032501
0.081900	93.466599
0.082000	95.919403
0.082100	89.541901
0.082200	84.145599
0.082300	82.183296
0.082400	78.749199
0.082500	79.730400
0.082600	78.749199
0.082700	78.749199
0.082800	73.352898
0.082900	73.843399
0.083000	80.711502
0.083100	85.126701
0.083200	79.730400
0.083300	69.918800
0.083400	72.371696
0.083500	72.371696
0.083600	75.805702
0.083700	68.447098
0.083800	59.126099
0.083900	61.088402
0.084000	65.013000
0.084100	60.107300
0.084200	45.389900
0.084300	38.031200
0.084400	37.540699
0.084500	34.106602
0.084600	29.691401
0.084700	30.672600
0.084800	28.710300
0.084900	23.804501
0.085000	15.955200
0.085100	17.917500
0.085200	19.879900
0.085300	17.917500
0.085400	14.483500
0.085500	15.955200
0.085600	25.766800
0.085700	35.578400
0.085800	39.502998
0.085900	33.616001
0.086000	39.012402
0.086100	35.578400
0.086200	39.502998
0.086300	31.653700
0.086400	23.804501
0.086500	17.917500
0.086600	16.936399
0.086700	17.917500
0.086800	13.992900
0.086900	4.181360
0.087000	-1.705580
0.087100	3.200200
0.087200	8.105980
0.087300	0.256736
0.087400	-14.460600
0.087500	-13.479400
0.087600	-4.649040
0.087700	-7.592510
0.087800	-2.686730
0.087900	7.124830
0.088000	11.049500
0.088100	21.842199
0.088200	31.163099
0.088300	27.729099
0.088400	30.181999
0.088500	25.766800
0.088600	18.408100
0.088700	17.917500
0.088800	20.370399
0.088900	16.936399
0.089000	13.011800
0.089100	8.105980
0.089200	5.162520
0.089300	-3.667890
0.089400	-18.385201
0.089500	-19.366400
0.089600	-14.951200
0.089700	-15.441800
0.089800	-17.404100
0.089900	-14.460600
0.090000	-14.951200
0.090100	-8.573670
0.090200	-4.158470
0.090300	-7.101930
0.090400	-9.554820
0.090500	-4.649040
0.090600	-5.630200
0.090700	-0.724420
0.090800	7.124830
0.090900	10.558900
0.091000	6.143670
0.091100	4.181360
0.091200	6.143670
0.091300	-7.592510
0.091400	-4.158470
0.091500	1.728470
0.091600	-1.705580
0.091700	-9.064250
0.091800	-23.291000
0.091900	-19.366400
0.092000	-15.441800
0.092100	-23.291000
0.092200	-14.460600
0.092300	-15.441800
0.092400	-17.404100
0.092500	-14.460600
0.092600	-12.988900
0.092700	-8.083090
0.092800	-3.177310
0.092900	4.181360
0.093000	3.200200
0.093100	0.747314
0.093200	2.709630
0.093300	10.068300
0.093400	3.200200
0.093500	-6.120780
0.093600	-3.667890
0.093700	0.747314
0.093800	-3.177310
0.093900	-10.536000
0.094000	-13.479400
0.094100	-18.875799
0.094200	-23.291000
0.094300	-14.951200
0.094400	-15.441800
0.094500	-19.857000
0.094600	-23.291000
0.094700	-18.875799
0.094800	-16.422899
0.094900	-21.328699
0.095000	-21.328699
0.095100	-19.366400
0.095200	-16.422899
0.095300	-21.328699
0.095400	-31.140301
0.095500	-26.725100
0.095600	-14.460600
0.095700	-6.611360
0.095800	0.256736
0.095900	3.200200
0.096000	6.634250
0.096100	5.162520
0.096200	14.974100
0.096300	13.992900
0.096400	4.181360
0.096500	1.237890
0.096600	4.181360
0.096700	-0.233842
0.096800	-3.667890
0.096900	-13.970000
0.097000	-14.460600
0.097100	-17.894699
0.097200	-17.894699
0.097300	-16.913500
0.097400	-26.234501
0.097500	-30.159100
0.097600	-22.309900
0.097700	-15.441800
0.097800	-18.385201
0.097900	-24.272200
0.098000	-21.328699
0.098100	-14.460600
0.098200	-9.554820
0.098300	-10.536000
0.098400	-15.441800
0.098500	-13.479400
0.098600	1.237890
0.098700	0.256736
0.098800	-5.139620
0.098900	-7.592510
0.099000	-11.517100
0.099100	-14.460600
0.099200	-15.441800
0.099300	-15.441800
0.099400	-17.404100
0.099500	-12.988900
0.099600	-12.988900
0.099700	-14.951200
0.099800	-14.951200
0.099900	-13.479400
0.100000	-15.441800
0.100100	-20.347500
0.100200	-10.536000
0.100300	0.256736
0.100400	4.181360
0.100500	5.162520
0.100600	13.992900
0.100700	16.936399
0.100800	19.879900
0.100900	17.917500
0.101000	15.955200
0.101100	12.030600
0.101200	0.747314
0.101300	1.237890
0.101400	7.124830
0.101500	4.181360
0.101600	0.256736
0.101700	-13.479400
0.101800	-13.479400
0.101900	-18.385201
0.102000	-15.441800
0.102100	-11.517100
0.102200	-13.479400
0.102300	-14.951200
0.102400	-9.064250
0.102500	-3.667890
0.102600	-4.649040
0.102700	-12.498300
0.102800	-10.536000
0.102900	-15.441800
0.103000	-14.460600
0.103100	-5.630200
0.103200	2.219050
0.103300	12.030600
0.103400	13.011800
0.103500	14.974100
0.103600	16.445801
0.103700	22.332701
0.103800	20.370399
0.103900	13.011800
0.104000	9.087140
0.104100	5.162520
0.104200	-10.536000
0.104300	-15.441800
0.104400	-5.139620
0.104500	-3.667890
0.104600	-1.705580
0.104700	-1.705580
0.104800	-7.101930
0.104900	-17.404100
0.105000	-13.970000
0.105100	-6.120780
0.105200	-8.573670
0.105300	-10.536000
0.105400	-11.517100
0.105500	-12.007700
0.105600	-6.611360
0.105700	1.237890
0.105800	6.143670
0.105900	5.162520
0.106000	6.634250
0.106100	9.577720
0.106200	5.162520
0.106300	5.162520
0.106400	4.181360
0.106500	-5.139620
0.106600	-3.667890
0.106700	-7.592510
0.106800	-9.554820
0.106900	-11.517100
0.107000	-14.460600
0.107100	-13.479400
0.107200	-12.007700
0.107300	-10.536000
0.107400	-9.064250
0.107500	-7.101930
0.107600	-7.592510
0.107700	-9.064250
0.107800	-1.705580
0.107900	10.068300
0.108000	8.105980
0.108100	10.558900
0.108200	15.955200
0.108300	19.879900
0.108400	18.898701
0.108500	22.332701
0.108600	22.823299
0.108700	14.974100
0.108800	8.596560
0.108900	8.105980
0.109000	7.124830
0.109100	1.728470
0.109200	-2.686730
0.109300	-9.064250
0.109400	-17.894699
0.109500	-20.347500
0.109600	-7.592510
0.109700	-9.554820
0.109800	-10.536000
0.109900	-10.536000
0.110000	-13.479400
0.110100	-7.592510
0.110200	-10.536000
0.110300	-11.026600
0.110400	-13.479400
0.110500	-8.573670
0.110600	1.237890
0.110700	6.143670
0.110800	13.502300
0.110900	14.974100
0.111000	15.955200
0.111100	16.445801
0.111200	13.992900
0.111300	8.105980
0.111400	7.615410
0.111500	8.105980
0.111600	5.162520
0.111700	-2.686730
0.111800	-3.667890
0.111900	-8.573670
0.112000	-11.517100
0.112100	-10.536000
0.112200	-10.536000
0.112300	-7.101930
0.112400	-6.611360
0.112500	-13.970000
0.112600	-9.064250
0.112700	-10.536000
0.112800	-7.592510
0.112900	-3.667890
0.113000	-0.724420
0.113100	0.747314
0.113200	7.124830
0.113300	13.011800
0.113400	9.087140
0.113500	7.124830
0.113600	12.030600
0.113700	12.030600
0.113800	12.030600
0.113900	2.219050
0.114000	-3.177310
0.114100	-5.139620
0.114200	-9.064250
0.114300	-7.592510
0.114400	-5.630200
0.114500	-4.649040
0.114600	-7.592510
0.114700	-7.592510
0.114800	-3.667890
0.114900	-11.026600
0.115000	-15.441800
0.115100	-14.460600
0.115200	-12.498300
0.115300	-5.630200
0.115400	-5.630200
0.115500	2.219050
0.115600	4.181360
0.115700	1.237890
0.115800	8.105980
0.115900	12.030600
0.116000	8.105980
0.116100	1.728470
0.116200	1.237890
0.116300	-0.233842
0.116400	-1.705580
0.116500	-0.724420
0.116600	1.237890
0.116700	-10.536000
0.116800	-21.328699
0.116900	-14.460600
0.117000	-15.441800
0.117100	-20.347500
0.117200	-15.932300
0.117300	-14.460600
0.117400	-17.404100
0.117500	-21.328699
0.117600	-13.970000
0.117700	-13.479400
0.117800	-15.441800
0.117900	-19.366400
0.118000	-16.913500
0.118100	-10.536000
0.118200	-6.611360
0.118300	-2.686730
0.118400	6.634250
0.118500	1.237890
0.118600	7.615410
0.118700	6.143670
0.118800	6.634250
0.118900	0.256736
0.119000	-2.686730
0.119100	-1.705580
0.119200	-4.649040
0.119300	-13.479400
0.119400	-12.988900
0.119500	-9.554820
0.119600	-11.517100
0.119700	-14.460600
0.119800	-11.517100
0.119900	-9.554820
0.120000	-13.970000
0.120100	-15.441800
0.120200	-9.554820
0.120300	-7.592510
0.120400	-7.101930
0.120500	1.237890
0.120600	0.256736
0.120700	-0.724420
0.120800	1.728470
0.120900	5.162520
0.121000	4.181360
0.121100	1.237890
0.121200	2.219050
0.121300	-6.120780
0.121400	-12.498300
0.121500	-14.951200
0.121600	-11.026600
0.121700	-13.479400
0.121800	-12.988900
0.121900	-10.045400
0.122000	-10.045400
0.122100	-7.592510
0.122200	-13.479400
0.122300	-12.498300
0.122400	-6.611360
0.122500	-5.630200
0.122600	-7.592510
0.122700	-7.592510
0.122800	-3.667890
0.122900	2.219050
0.123000	4.181360
0.123100	6.634250
0.123200	10.068300
0.123300	12.030600
0.123400	6.143670
0.123500	0.256736
0.123600	1.728470
0.123700	7.124830
0.123800	2.219050
0.123900	-5.139620
0.124000	-6.611360
0.124100	-5.630200
0.124200	-14.460600
0.124300	-14.460600
0.124400	-10.536000
0.124500	-11.517100
0.124600	-10.536000
0.124700	-9.064250
0.124800	-6.120780
0.124900	-6.611360
0.125000	-7.592510
0.125100	-10.536000
0.125200	-8.573670
0.125300	-7.592510
0.125400	-7.592510
0.125500	-2.686730
0.125600	4.181360
0.125700	4.181360
0.125800	3.200200
0.125900	4.181360
0.126000	4.181360
0.126100	0.256736
0.126200	-5.139620
0.126300	-3.667890
0.126400	-6.611360
0.126500	-5.630200
0.126600	-5.630200
0.126700	-8.083090
0.126800	-9.554820
0.126900	-7.592510
0.127000	-7.592510
0.127100	-7.101930
0.127200	-4.649040
0.127300	-7.592510
0.127400	-12.007700
0.127500	-16.422899
0.127600	-8.573670
0.127700	-7.592510
0.127800	-7.592510
0.127900	-5.630200
0.128000	-3.177310
0.128100	-1.705580
0.128200	2.219050
0.128300	2.709630
0.128400	0.256736
0.128500	1.728470
0.128600	-1.215000
0.128700	-2.196150
0.128800	-2.196150
0.128900	0.256736
0.129000	-1.705580
0.129100	-1.705580
0.129200	-3.667890
0.129300	-6.611360
0.129400	-6.120780
0.129500	-4.649040
0.129600	-2.686730
0.129700	-3.177310
0.129800	-7.101930
0.129900	-3.667890
0.130000	-3.667890
0.130100	-2.686730
0.130200	-2.686730
0.130300	-4.649040
0.130400	-3.667890
0.130500	0.747314
0.130600	-1.705580
0.130700	-3.667890
0.130800	-3.177310
0.130900	-5.630200
0.131000	-8.573670
0.131100	-7.592510
0.131200	-6.120780
0.131300	-4.649040
0.131400	-7.592510
0.131500	-7.592510
0.131600	-10.536000
0.131700	-5.630200
0.131800	-7.592510
0.131900	-7.592510
0.132000	-6.611360
0.132100	-6.611360
0.132200	-5.630200
0.132300	-3.667890
0.132400	-5.630200
0.132500	-4.649040
0.132600	-3.667890
0.132700	-3.177310
0.132800	-8.573670
0.132900	-8.083090
0.133000	-1.705580
0.133100	-7.592510
0.133200	-14.460600
0.133300	-13.479400
0.133400	-7.592510
0.133500	-8.573670
0.133600	-3.177310
0.133700	-0.724420
0.133800	-0.724420
0.133900	-3.177310
0.134000	-5.139620
0.134100	-3.667890
0.134200	-3.667890
0.134300	-6.611360
0.134400	-5.630200
0.134500	-3.667890
0.134600	-6.120780
0.134700	-8.573670
0.134800	-9.064250
0.134900	-5.630200
0.135000	-5.630200
0.135100	-8.083090
0.135200	-3.667890
0.135300	-6.611360
0.135400	-7.592510
0.135500	-8.573670
0.135600	-4.649040
0.135700	-1.215000
0.135800	-7.592510
0.135900	-11.026600
0.136000	-3.667890
0.136100	-1.705580
0.136200	-3.667890
0.136300	-3.667890
0.136400	-7.592510
0.136500	-6.120780
0.136600	-6.611360
0.136700	-9.554820
0.136800	-3.667890
0.136900	-1.705580
0.137000	-4.649040
0.137100	-7.592510
0.137200	-2.686730
0.137300	-5.139620
0.137400	-8.573670
0.137500	-7.592510
0.137600	-7.592510
0.137700	-7.592510
0.137800	-5.139620
0.137900	-6.120780
0.138000	-4.649040
0.138100	-3.667890
0.138200	-5.630200
0.138300	-3.177310
0.138400	-3.667890
0.138500	-5.139620
0.138600	-6.611360
0.138700	-7.592510
0.138800	-7.592510
0.138900	-5.630200
0.139000	-8.573670
0.139100	-5.630200
0.139200	-3.177310
0.139300	-3.667890
0.139400	-4.649040
0.139500	-3.177310
0.139600	0.256736
0.139700	-3.667890
0.139800	-1.705580
0.139900	-3.177310
0.140000	-5.630200
0.140100	0.256736
0.140200	-3.667890
0.140300	-7.592510
0.140400	-9.064250
0.140500	-4.649040
0.140600	2.219050
0.140700	-1.705580
0.140800	-3.667890
0.140900	-0.724420
0.141000	-1.215000
0.141100	-1.215000
0.141200	-3.177310
0.141300	-5.139620
0.141400	-7.592510
0.141500	-8.083090
0.141600	-2.686730
0.141700	-7.101930
0.141800	-5.630200
0.141900	-3.177310
0.142000	-6.120780
0.142100	-7.592510
0.142200	1.237890
0.142300	0.256736
0.142400	-3.177310
0.142500	-2.196150
0.142600	-1.705580
0.142700	-6.611360
0.142800	-7.592510
0.142900	-7.592510
0.143000	-6.611360
0.143100	-7.592510
0.143200	-7.101930
0.143300	5.162520
0.143400	-2.196150
0.143500	-5.630200
0.143600	-6.611360
0.143700	-2.686730
0.143800	-6.611360
0.143900	-9.064250
0.144000	-7.592510
0.144100	-6.611360
0.144200	-12.498300
0.144300	-8.573670
0.144400	-3.667890
0.144500	-1.705580
0.144600	-1.215000
0.144700	-2.686730
0.144800	-7.592510
0.144900	-3.177310
0.145000	-7.592510
0.145100	-6.611360
0.145200	-5.630200
0.145300	-2.196150
0.145400	-6.611360
0.145500	-7.592510
0.145600	-6.611360
0.145700	-4.649040
0.145800	-7.101930
0.145900	-5.630200
0.146000	-5.630200
0.146100	-7.101930
0.146200	-0.724420
0.146300	-0.233842
0.146400	-3.667890
0.146500	-6.611360
0.146600	-3.667890
0.146700	-5.630200
0.146800	-2.686730
0.146900	-0.724420
0.147000	-4.649040
0.147100	-2.196150
0.147200	-5.139620
0.147300	-1.705580
0.147400	-5.630200
0.147500	-1.215000
0.147600	-2.686730
0.147700	-2.686730
0.147800	-3.177310
0.147900	-2.686730
0.148000	-7.592510
0.148100	-2.686730
0.148200	0.256736
0.148300	-3.177310
0.148400	-3.667890
0.148500	-2.686730
0.148600	-5.630200
0.148700	-3.667890
0.148800	0.256736
0.148900	-6.611360
0.149000	-3.667890
0.149100	-1.705580
0.149200	-3.667890
0.149300	-4.649040
0.149400	0.256736
0.149500	1.237890
0.149600	-2.196150
0.149700	-4.649040
0.149800	-2.686730
0.149900	-0.724420
0.150000	-2.196150
0.150100	-5.630200
0.150200	-12.498300
0.150300	-9.554820
0.150400	-10.536000
0.150500	-6.611360
0.150600	-3.177310
0.150700	-7.592510
0.150800	-8.083090
0.150900	-8.083090
0.151000	-8.573670
0.151100	-9.554820
0.151200	-9.554820
0.151300	-6.611360
0.151400	-6.611360
0.151500	-11.517100
0.151600	-7.592510
0.151700	-2.686730
0.151800	-7.592510
0.151900	-10.536000
0.152000	-1.705580
0.152100	-6.611360
0.152200	-3.667890
0.152300	0.256736
0.152400	-6.611360
0.152500	-8.573670
0.152600	-9.554820
0.152700	-10.536000
0.152800	-6.120780
0.152900	-6.120780
0.153000	-5.630200
0.153100	-5.139620
0.153200	-2.686730
0.153300	-0.724420
0.153400	-6.120780
0.153500	-7.592510
0.153600	-0.724420
0.153700	-2.686730
0.153800	-3.667890
0.153900	-5.139620
0.154000	-3.667890
0.154100	-3.667890
0.154200	-3.667890
0.154300	-8.573670
0.154400	-6.611360
0.154500	-3.667890
0.154600	-1.705580
0.154700	-2.686730
0.154800	-6.611360
0.154900	-6.611360
0.155000	-3.667890
0.155100	-4.649040
0.155200	-5.630200
0.155300	-3.667890
0.155400	-5.630200
0.155500	-4.649040
0.155600	-2.686730
0.155700	-2.686730
0.155800	-5.630200
0.155900	-8.083090
0.156000	-7.592510
0.156100	-2.686730
0.156200	-6.120780
0.156300	-9.554820
0.156400	-5.630200
0.156500	-0.724420
0.156600	-1.705580
0.156700	-5.139620
0.156800	-3.667890
0.156900	-7.592510
0.157000	-7.101930
0.157100	-7.592510
0.157200	-3.667890
0.157300	-4.649040
0.157400	-3.667890
0.157500	-8.573670
0.157600	-1.705580
0.157700	-3.667890
0.157800	-6.611360
0.157900	-7.101930
0.158000	-7.592510
0.158100	-12.988900
0.158200	-5.630200
0.158300	-6.611360
0.158400	-6.120780
0.158500	-5.630200
0.158600	-2.686730
0.158700	-3.667890
0.158800	-2.196150
0.158900	-0.724420
0.159000	-3.667890
0.159100	-6.611360
0.159200	-3.667890
0.159300	-4.649040
0.159400	-7.592510
0.159500	-10.536000
0.159600	-6.120780
0.159700	-5.630200
0.159800	-6.611360
0.159900	-8.573670
0.160000	-2.686730
0.160100	-2.686730
0.160200	-8.573670
0.160300	-10.045400
0.160400	-1.705580
0.160500	-4.649040
0.160600	-6.611360
0.160700	-4.649040
0.160800	-3.667890
0.160900	-6.120780
0.161000	-3.667890
0.161100	-1.705580
0.161200	-3.667890
0.161300	-9.064250
0.161400	-5.630200
0.161500	-1.215000
0.161600	-2.686730
0.161700	-5.630200
0.161800	-6.611360
0.161900	-5.630200
0.162000	-4.649040
0.162100	-4.649040
0.162200	-4.649040
0.162300	-2.686730
0.162400	-5.630200
0.162500	-9.554820
0.162600	-8.573670
0.162700	-3.667890
0.162800	-3.667890
0.162900	-5.139620
0.163000	-9.554820
0.163100	-7.592510
0.163200	0.256736
0.163300	-1.705580
0.163400	-6.611360
0.163500	-9.064250
0.163600	-2.686730
0.163700	-2.686730
0.163800	-7.592510
0.163900	-8.083090
0.164000	-7.101930
0.164100	-6.611360
0.164200	-3.667890
0.164300	-5.630200
0.164400	-6.611360
0.164500	-3.667890
0.164600	2.219050
0.164700	-7.592510
0.164800	-6.120780
0.164900	-1.705580
0.165000	-2.686730
0.165100	-5.630200
0.165200	-7.592510
0.165300	-6.611360
0.165400	0.256736
0.165500	-3.667890
0.165600	-5.630200
0.165700	-3.667890
0.165800	-7.101930
0.165900	-6.611360
0.166000	-7.592510
0.166100	-9.554820
0.166200	-0.724420
0.166300	-2.196150
0.166400	-4.158470
0.166500	-7.101930
0.166600	-0.724420
0.166700	-1.705580
0.166800	-1.215000
0.166900	-6.611360
0.167000	-3.177310
0.167100	-0.724420
0.167200	-9.064250
0.167300	-6.611360
0.167400	-7.592510
0.167500	-7.101930
0.167600	-3.667890
0.167700	-8.573670
0.167800	-8.083090
0.167900	0.256736
0.168000	-6.611360
0.168100	-7.592510
0.168200	-10.536000
0.168300	-6.120780
0.168400	-5.630200
0.168500	-5.630200
0.168600	-7.592510
0.168700	-7.101930
0.168800	-6.611360
0.168900	-6.611360
0.169000	-7.592510
0.169100	-8.083090
0.169200	-7.101930
0.169300	-3.667890
0.169400	-0.724420
0.169500	-2.686730
0.169600	-3.667890
0.169700	-3.667890
0.169800	-6.611360
0.169900	-5.139620
0.170000	-9.064250
0.170100	-7.101930
0.170200	-4.649040
0.170300	-5.630200
0.170400	-8.083090
0.170500	-7.592510
0.170600	-1.705580
0.170700	-5.139620
0.170800	-7.101930
0.170900	-9.064250
0.171000	-6.611360
0.171100	-7.592510
0.171200	-7.592510
0.171300	-7.592510
0.171400	-8.083090
0.171500	-7.592510
0.171600	-5.630200
0.171700	-1.705580
0.171800	2.219050
0.171900	-5.139620
0.172000	-7.101930
0.172100	-1.705580
0.172200	-3.667890
0.172300	-6.611360
0.172400	-10.536000
0.172500	-7.592510
0.172600	-4.649040
0.172700	-2.686730
0.172800	-2.686730
0.172900	-6.611360
0.173000	-5.139620
0.173100	-4.649040
0.173200	-5.139620
0.173300	-7.592510
0.173400	-6.611360
0.173500	-10.536000
0.173600	-7.101930
0.173700	-5.630200
0.173800	-8.083090
0.173900	-7.592510
0.174000	-3.667890
0.174100	-9.554820
0.174200	-7.592510
0.174300	-7.592510
0.174400	-4.649040
0.174500	-3.177310
0.174600	-7.101930
0.174700	-7.592510
0.174800	-2.686730
0.174900	-5.630200
0.175000	-8.083090
0.175100	-5.630200
0.175200	-7.592510
0.175300	-7.592510
0.175400	-6.611360
0.175500	-5.630200
0.175600	-6.611360
0.175700	-7.592510
0.175800	-3.667890
0.175900	-4.649040
0.176000	-7.592510
0.176100	-7.101930
0.176200	-6.611360
0.176300	-3.667890
0.176400	-8.573670
0.176500	-6.611360
0.176600	-7.592510
0.176700	-10.536000
0.176800	-14.460600
0.176900	-7.592510
0.177000	-6.611360
0.177100	-7.592510
0.177200	-6.611360
0.177300	-6.120780
0.177400	-3.667890
0.177500	-4.649040
0.177600	-10.536000
0.177700	-9.554820
0.177800	-6.120780
0.177900	-6.611360
0.178000	-9.064250
0.178100	-3.667890
0.178200	-1.215000
0.178300	-4.158470
0.178400	-7.592510
0.178500	-7.592510
0.178600	-3.177310
0.178700	-6.611360
0.178800	-7.592510
0.178900	-5.630200
0.179000	-7.592510
0.179100	-6.611360
0.179200	-8.573670
0.179300	-4.649040
0.179400	-3.177310
0.179500	0.256736
0.179600	-1.705580
0.179700	-4.649040
0.179800	-0.233842
0.179900	-6.611360
0.180000	-6.611360
0.180100	-6.120780
0.180200	-2.686730
0.180300	-5.139620
0.180400	-4.649040
0.180500	-7.592510
0.180600	-8.083090
0.180700	-6.611360
0.180800	-7.101930
0.180900	-9.554820
0.181000	-9.554820
0.181100	-6.611360
0.181200	-8.573670
0.181300	-8.573670
0.181400	-6.611360
0.181500	-7.592510
0.181600	-6.611360
0.181700	-5.630200
0.181800	-0.724420
0.181900	-1.705580
0.182000	-9.064250
0.182100	-8.573670
0.182200	-1.215000
0.182300	-5.139620
0.182400	-4.649040
0.182500	-5.630200
0.182600	1.237890
0.182700	-7.592510
0.182800	-7.101930
0.182900	-3.667890
0.183000	-7.592510
0.183100	-2.686730
0.183200	-0.724420
0.183300	0.256736
0.183400	-5.630200
0.183500	-10.536000
0.183600	-9.064250
0.183700	-3.667890
0.183800	-4.649040
0.183900	-5.630200
0.184000	-5.630200
0.184100	-5.139620
0.184200	-3.177310
0.184300	-3.667890
0.184400	-1.705580
0.184500	0.256736
0.184600	-3.667890
0.184700	-7.592510
0.184800	-6.611360
0.184900	-5.630200
0.185000	-10.536000
0.185100	-5.139620
0.185200	-3.667890
0.185300	-10.536000
0.185400	-3.667890
0.185500	-3.667890
0.185600	-3.667890
0.185700	-8.573670
0.185800	-5.630200
0.185900	-5.139620
0.186000	-4.158470
0.186100	-5.630200
0.186200	-4.649040
0.186300	-6.611360
0.186400	-5.630200
0.186500	-7.101930
0.186600	0.256736
0.186700	-6.611360
0.186800	-0.724420
0.186900	0.256736
0.187000	0.256736
0.187100	-4.649040
0.187200	-5.630200
0.187300	-7.592510
0.187400	-10.045400
0.187500	-5.630200
0.187600	-3.667890
0.187700	-5.630200
0.187800	-8.573670
0.187900	-7.592510
0.188000	-6.611360
0.188100	-4.649040
0.188200	-9.064250
0.188300	-8.083090
0.188400	-3.667890
0.188500	-2.196150
0.188600	-1.705580
0.188700	0.256736
0.188800	-2.686730
0.188900	-5.630200
0.189000	-9.554820
0.189100	-6.611360
0.189200	-0.724420
0.189300	-4.649040
0.189400	-9.064250
0.189500	-6.611360
0.189600	-6.611360
0.189700	-3.667890
0.189800	-4.649040
0.189900	-8.573670
0.190000	-5.630200
0.190100	-7.592510
0.190200	-7.592510
0.190300	-3.667890
0.190400	2.219050
0.190500	-5.630200
0.190600	0.747314
0.190700	-2.686730
0.190800	-5.630200
0.190900	-6.611360
0.191000	-6.611360
0.191100	-14.951200
0.191200	-9.554820
0.191300	-7.101930
0.191400	-7.592510
0.191500	-5.139620
0.191600	-3.667890
0.191700	-5.630200
0.191800	-7.101930
0.191900	-4.649040
0.192000	-1.215000
0.192100	-3.667890
0.192200	-2.686730
0.192300	-2.686730
0.192400	-5.139620
0.192500	-7.592510
0.192600	-9.064250
0.192700	-6.120780
0.192800	-5.139620
0.192900	-7.101930
0.193000	-3.667890
0.193100	-3.667890
0.193200	-7.101930
0.193300	-6.611360
0.193400	-7.592510
0.193500	-8.083090
0.193600	-7.592510
0.193700	-9.554820
0.193800	-5.139620
0.193900	-4.649040
0.194000	-2.686730
0.194100	-1.705580
0.194200	-6.611360
0.194300	-2.686730
0.194400	-1.705580
0.194500	-4.649040
0.194600	1.237890
0.194700	-6.611360
0.194800	-4.649040
0.194900	-5.630200
0.195000	-6.120780
0.195100	-6.611360
0.195200	-2.686730
0.195300	-4.649040
0.195400	-3.667890
0.195500	-6.611360
0.195600	-8.083090
0.195700	-7.592510
0.195800	-6.120780
0.195900	-8.573670
0.196000	-7.592510
0.196100	-5.630200
0.196200	-3.177310
0.196300	-6.611360
0.196400	-6.611360
0.196500	-7.101930
0.196600	-8.083090
0.196700	-9.554820
0.196800	-6.611360
0.196900	-6.611360
0.197000	-6.611360
0.197100	-5.139620
0.197200	-6.611360
0.197300	-5.630200
0.197400	0.747314
0.197500	-5.630200
0.197600	-3.667890
0.197700	-6.611360
0.197800	-3.667890
0.197900	-7.592510
0.198000	-6.120780
0.198100	-3.667890
0.198200	-0.724420
0.198300	-5.630200
0.198400	-2.686730
0.198500	-4.649040
0.198600	-3.667890
0.198700	-3.667890
0.198800	-3.177310
0.198900	0.256736
0.199000	-6.120780
0.199100	-11.517100
0.199200	-9.554820
0.199300	-6.611360
0.199400	-7.592510
0.199500	-5.630200
0.199600	-7.592510
0.199700	-7.592510
0.199800	-7.592510
0.199900	-7.101930
0.200000	-5.630200
0.200100	-7.101930
0.200200	-5.630200
0.200300	-9.554820
0.200400	-7.592510
0.200500	-5.630200
0.200600	-6.120780
0.200700	-9.554820
0.200800	-8.573670
0.200900	-7.592510
0.201000	-9.064250
0.201100	-9.554820
0.201200	-12.007700
0.201300	-5.630200
0.201400	-3.667890
0.201500	-10.536000
0.201600	-5.630200
0.201700	-7.592510
0.201800	-5.630200
0.201900	-3.667890
0.202000	-5.139620
0.202100	-7.592510
0.202200	-6.611360
0.202300	-7.592510
0.202400	-5.139620
0.202500	-5.630200
0.202600	0.747314
0.202700	-1.215000
0.202800	-4.649040
0.202900	-5.630200
0.203000	-4.649040
0.203100	-2.686730
0.203200	-10.536000
0.203300	-9.064250
0.203400	-6.611360
0.203500	-6.120780
0.203600	-5.139620
0.203700	-1.705580
0.203800	-7.592510
0.203900	-3.667890
0.204000	-7.592510
0.204100	-6.611360
0.204200	-11.026600
0.204300	-5.139620
0.204400	-9.554820
0.204500	-2.686730
0.204600	-6.611360
0.204700	-7.592510
0.204800	-3.667890
0.204900	-3.177310
0.205000	-2.686730
0.205100	-2.686730
0.205200	-1.215000
0.205300	-5.630200
0.205400	-3.667890
0.205500	-9.554820
0.205600	-12.498300
0.205700	-3.667890
0.205800	0.256736
0.205900	-3.667890
0.206000	-8.083090
0.206100	-4.649040
0.206200	-7.592510
0.206300	-1.215000
0.206400	-2.686730
0.206500	-9.554820
0.206600	-7.592510
0.206700	-5.139620
0.206800	-0.724420
0.206900	-1.215000
0.207000	-3.667890
0.207100	-6.611360
0.207200	-7.101930
0.207300	-1.705580
0.207400	-1.705580
0.207500	-3.667890
0.207600	-4.649040
0.207700	-3.667890
0.207800	-3.667890
0.207900	-3.667890
0.208000	-6.611360
0.208100	-4.649040
0.208200	-2.196150
0.208300	-1.705580
0.208400	-1.705580
0.208500	-6.611360
0.208600	-1.705580
0.208700	-2.686730
0.208800	-4.649040
0.208900	-7.592510
0.209000	-5.630200
0.209100	-7.592510
0.209200	-7.592510
0.209300	-4.649040
0.209400	-7.592510
0.209500	-8.573670
0.209600	-5.630200
0.209700	-5.630200
0.209800	-5.630200
0.209900	-6.611360
0.210000	-2.686730
0.210100	0.256736
0.210200	-3.667890
0.210300	-1.705580
0.210400	-0.724420
0.210500	-7.592510
0.210600	-7.592510
0.210700	-8.573670
0.210800	-5.630200
0.210900	-1.215000
0.211000	-3.667890
0.211100	-7.592510
0.211200	-7.592510
0.211300	-8.573670
0.211400	-3.177310
0.211500	-1.215000
0.211600	-2.196150
0.211700	-3.667890
0.211800	-3.667890
0.211900	-7.592510
0.212000	-7.592510
0.212100	-7.592510
0.212200	-5.630200
0.212300	-8.573670
0.212400	-6.611360
0.212500	-6.611360
0.212600	-3.177310
0.212700	-7.101930
0.212800	-4.158470
0.212900	-6.611360
0.213000	-2.686730
0.213100	-1.705580
0.213200	-2.686730
0.213300	-6.120780
0.213400	-7.592510
0.213500	-9.554820
0.213600	-6.611360
0.213700	-3.177310
0.213800	-5.630200
0.213900	-11.517100
0.214000	-7.592510
0.214100	-5.139620
0.214200	-5.630200
0.214300	-7.592510
0.214400	-5.630200
0.214500	-6.611360
0.214600	-3.667890
0.214700	-5.139620
0.214800	-3.667890
0.214900	-7.592510
0.215000	-7.592510
0.215100	-7.592510
0.215200	-3.667890
0.215300	0.256736
0.215400	-5.139620
0.215500	-0.233842
0.215600	-5.630200
0.215700	-5.630200
0.215800	-4.649040
0.215900	-2.196150
0.216000	-3.667890
0.216100	-6.611360
0.216200	-3.177310
0.216300	-5.630200
0.216400	-6.611360
0.216500	-7.592510
0.216600	-5.630200
0.216700	-7.592510
0.216800	-2.686730
0.216900	-2.686730
0.217000	-8.573670
0.217100	-7.592510
0.217200	-5.630200
0.217300	-9.064250
0.217400	-7.592510
0.217500	-3.177310
0.217600	-3.667890
0.217700	-8.573670
0.217800	-7.101930
0.217900	-5.139620
0.218000	-6.611360
0.218100	-5.139620
0.218200	-5.630200
0.218300	-10.536000
0.218400	-8.573670
0.218500	-10.045400
0.218600	-10.045400
0.218700	-7.592510
0.218800	-7.592510
0.218900	-7.592510
0.219000	-3.667890
0.219100	-7.101930
0.219200	-7.592510
0.219300	-5.630200
0.219400	-5.630200
0.219500	-5.139620
0.219600	-10.536000
0.219700	-3.177310
0.219800	-6.611360
0.219900	-11.517100
0.220000	-10.536000
0.220100	-7.592510
0.220200	-7.592510
0.220300	-5.630200
0.220400	-5.630200
0.220500	-9.554820
0.220600	-6.611360
0.220700	-1.705580
0.220800	-5.139620
0.220900	-7.592510
0.221000	-5.630200
0.221100	-5.630200
0.221200	-2.686730
0.221300	-3.667890
0.221400	-9.554820
0.221500	-7.592510
0.221600	-6.611360
0.221700	-7.101930
0.221800	-3.667890
0.221900	-1.705580
0.222000	-3.667890
0.222100	-3.667890
0.222200	-5.139620
0.222300	-3.667890
0.222400	-5.630200
0.222500	-7.592510
0.222600	-5.630200
0.222700	-6.120780
0.222800	-9.554820
0.222900	-6.120780
0.223000	-7.592510
0.223100	-8.573670
0.223200	-5.630200
0.223300	-4.158470
0.223400	-5.630200
0.223500	-3.177310
0.223600	-4.158470
0.223700	-6.611360
0.223800	-7.592510
0.223900	-10.536000
0.224000	-7.592510
0.224100	-7.592510
0.224200	-8.573670
0.224300	-5.630200
0.224400	-7.592510
0.224500	-6.120780
0.224600	-3.667890
0.224700	-4.649040
0.224800	-7.592510
0.224900	-12.988900
0.225000	0.256736
0.225100	-7.592510
0.225200	-11.026600
0.225300	-4.649040
0.225400	-5.139620
0.225500	-5.630200
0.225600	-6.611360
0.225700	-6.120780
0.225800	-5.630200
0.225900	-3.667890
0.226000	-5.630200
0.226100	-3.667890
0.226200	-1.705580
0.226300	0.256736
0.226400	-2.686730
0.226500	-2.686730
0.226600	7.124830
0.226700	-1.705580
0.226800	-5.630200
0.226900	-6.611360
0.227000	-6.611360
0.227100	-6.120780
0.227200	-7.592510
0.227300	-7.592510
0.227400	-8.573670
0.227500	-3.667890
0.227600	-3.667890
0.227700	-7.592510
0.227800	-8.083090
0.227900	-9.064250
0.228000	-5.630200
0.228100	-3.177310
0.228200	-3.667890
0.228300	-3.667890
0.228400	-3.667890
0.228500	-7.592510
0.228600	-3.667890
0.228700	-3.177310
0.228800	-7.592510
0.228900	-8.573670
0.229000	-8.573670
0.229100	-1.705580
0.229200	-0.724420
0.229300	-6.611360
0.229400	-10.536000
0.229500	-5.630200
0.229600	-4.649040
0.229700	-6.120780
0.229800	-8.573670
0.229900	-3.667890
0.230000	-9.554820
0.230100	-7.592510
0.230200	-7.592510
0.230300	-5.630200
0.230400	-2.686730
0.230500	-0.724420
0.230600	-3.177310
0.230700	-6.611360
0.230800	-9.554820
0.230900	-6.611360
0.231000	-6.120780
0.231100	-7.592510
0.231200	-7.592510
0.231300	-8.083090
0.231400	-6.120780
0.231500	-7.592510
0.231600	-5.630200
0.231700	-6.120780
0.231800	-4.649040
0.231900	-3.667890
0.232000	-5.630200
0.232100	-6.120780
0.232200	-6.120780
0.232300	-3.667890
0.232400	-6.611360
0.232500	-5.630200
0.232600	-5.139620
0.232700	-7.592510
0.232800	-6.611360
0.232900	-10.536000
0.233000	-9.554820
0.233100	-9.554820
0.233200	-9.064250
0.233300	-9.554820
0.233400	-3.667890
0.233500	-5.630200
0.233600	-6.120780
0.233700	-5.139620
0.233800	-4.649040
0.233900	-7.101930
0.234000	-9.554820
0.234100	-8.573670
0.234200	2.219050
0.234300	-3.667890
0.234400	-8.573670
0.234500	-7.592510
0.234600	-5.630200
0.234700	-10.045400
0.234800	-7.592510
0.234900	-7.592510
0.235000	-10.536000
0.235100	-3.667890
0.235200	-4.158470
0.235300	-3.177310
0.235400	-0.724420
0.235500	-5.630200
0.235600	-3.667890
0.235700	-3.177310
0.235800	-2.686730
0.235900	-1.705580
0.236000	-2.196150
0.236100	-3.667890
0.236200	-3.177310
0.236300	-3.667890
0.236400	-8.573670
0.236500	-5.630200
0.236600	-5.139620
0.236700	-8.573670
0.236800	-5.630200
0.236900	0.256736
0.237000	-1.705580
0.237100	-4.649040
0.237200	-7.592510
0.237300	-6.120780
0.237400	0.256736
0.237500	-3.667890
0.237600	-4.649040
0.237700	-3.667890
0.237800	-2.196150
0.237900	-4.649040
0.238000	-12.007700
0.238100	-9.554820
0.238200	-3.667890
0.238300	-5.630200
0.238400	-5.630200
0.238500	-3.667890
0.238600	1.237890
0.238700	-6.611360
0.238800	-6.120780
0.238900	-1.705580
0.239000	-1.705580
0.239100	-9.554820
0.239200	-0.724420
0.239300	0.256736
0.239400	1.237890
0.239500	-3.667890
0.239600	-0.724420
0.239700	-1.705580
0.239800	-4.158470
0.239900	-3.667890
0.240000	-7.592510
0.240100	-5.139620
0.240200	-4.649040
0.240300	-3.177310
0.240400	-7.592510
0.240500	-2.196150
0.240600	-3.177310
0.240700	-2.686730
0.240800	-6.120780
0.240900	-5.630200
0.241000	-9.554820
0.241100	-8.573670
0.241200	-5.630200
0.241300	-1.705580
0.241400	-4.649040
0.241500	-8.083090
0.241600	-6.611360
0.241700	-5.630200
0.241800	-5.630200
0.241900	-6.611360
0.242000	-1.705580
0.242100	-0.724420
0.242200	-5.630200
0.242300	-10.045400
0.242400	-9.554820
0.242500	-6.611360
0.242600	-7.101930
0.242700	-8.083090
0.242800	-9.554820
0.242900	-11.026600
0.243000	-7.592510
0.243100	-3.667890
0.243200	-2.686730
0.243300	-3.177310
0.243400	-6.611360
0.243500	-7.592510
0.243600	-6.611360
0.243700	-5.139620
0.243800	-5.139620
0.243900	-3.667890
0.244000	-9.554820
0.244100	-3.667890
0.244200	-2.686730
0.244300	-4.649040
0.244400	-5.630200
0.244500	-6.611360
0.244600	-5.630200
0.244700	-2.686730
0.244800	0.256736
0.244900	-1.705580
0.245000	-3.667890
0.245100	-5.630200
0.245200	-6.611360
0.245300	-0.724420
0.245400	-5.630200
0.245500	-6.611360
0.245600	-5.630200
0.245700	-1.705580
0.245800	-2.686730
0.245900	-1.705580
0.246000	-4.649040
0.246100	-7.592510
0.246200	-7.592510
0.246300	-6.611360
0.246400	-5.630200
0.246500	-2.196150
0.246600	-3.177310
0.246700	-7.592510
0.246800	-3.177310
0.246900	-3.667890
0.247000	-5.630200
0.247100	-4.649040
0.247200	-3.667890
0.247300	-6.611360
0.247400	-8.573670
0.247500	-7.592510
0.247600	-8.083090
0.247700	-7.592510
0.247800	-6.611360
0.247900	-6.611360
0.248000	-2.196150
0.248100	0.256736
0.248200	-6.611360
0.248300	-5.630200
0.248400	-5.630200
0.248500	-5.139620
0.248600	-6.611360
0.248700	-6.120780
0.248800	-4.649040
0.248900	-6.611360
0.249000	-5.630200
0.249100	-8.083090
0.249200	-6.611360
0.249300	-7.592510
0.249400	-3.667890
0.249500	-5.139620
0.249600	-3.667890
0.249700	0.256736
0.249800	-4.649040
0.249900	-5.630200
0.250000	-3.177310
0.250100	-3.667890
0.250200	-3.667890
0.250300	-3.667890
0.250400	-7.101930
0.250500	-3.667890
0.250600	-1.705580
0.250700	-4.649040
0.250800	-3.667890
0.250900	-6.611360
0.251000	-6.611360
0.251100	-6.611360
0.251200	-2.686730
0.251300	-3.667890
0.251400	-3.667890
0.251500	-7.592510
0.251600	-6.120780
0.251700	-3.667890
0.251800	-6.611360
0.251900	-6.611360
0.252000	-11.517100
0.252100	-6.611360
0.252200	-5.139620
0.252300	-6.120780
0.252400	-8.573670
0.252500	-7.101930
0.252600	-7.101930
0.252700	-10.536000
0.252800	-8.083090
0.252900	-7.592510
0.253000	-9.064250
0.253100	-9.554820
0.253200	-9.554820
0.253300	-2.686730
0.253400	-4.158470
0.253500	-5.630200
0.253600	-11.517100
0.253700	-9.554820
0.253800	-7.592510
0.253900	-7.101930
0.254000	-7.592510
0.254100	-10.536000
0.254200	-7.592510
0.254300	-6.611360
0.254400	-3.667890
0.254500	-8.573670
0.254600	-10.536000
0.254700	-10.536000
0.254800	-3.667890
0.254900	0.256736
0.255000	-4.649040
0.255100	-6.611360
0.255200	-3.667890
0.255300	-3.177310
0.255400	-7.592510
0.255500	-7.592510
0.255600	-7.101930
0.255700	-3.177310
0.255800	-8.083090
0.255900	-7.592510
0.256000	-6.611360
0.256100	-4.649040
0.256200	-6.611360
0.256300	-5.630200
0.256400	-3.667890
0.256500	-6.120780
0.256600	-3.667890
0.256700	-2.686730
0.256800	-3.667890
0.256900	-9.554820
0.257000	-11.517100
0.257100	-1.705580
0.257200	-0.233842
0.257300	-3.667890
0.257400	-5.630200
0.257500	-5.630200
0.257600	-8.573670
0.257700	-5.630200
0.257800	-3.667890
0.257900	-5.139620
0.258000	-2.686730
0.258100	-3.177310
0.258200	-5.630200
0.258300	-3.667890
0.258400	-5.630200
0.258500	-4.649040
0.258600	-1.705580
0.258700	0.747314
0.258800	0.256736
0.258900	-6.611360
0.259000	-5.630200
0.259100	-5.139620
0.259200	0.747314
0.259300	-5.139620
0.259400	-5.139620
0.259500	-8.573670
0.259600	-7.101930
0.259700	-4.649040
0.259800	-6.611360
0.259900	-7.101930
0.260000	-3.667890
0.260100	-2.196150
0.260200	-8.573670
0.260300	-10.536000
0.260400	-2.686730
0.260500	-1.215000
0.260600	0.256736
0.260700	-3.667890
0.260800	-5.139620
0.260900	-7.592510
0.261000	-5.630200
0.261100	-6.611360
0.261200	-5.630200
0.261300	-2.686730
0.261400	-5.139620
0.261500	-8.083090
0.261600	-7.592510
0.261700	-1.705580
0.261800	-6.120780
0.261900	-5.139620
0.262000	-5.139620
0.262100	-5.630200
0.262200	-4.649040
0.262300	-5.630200
0.262400	-5.139620
0.262500	-4.649040
0.262600	-5.630200
0.262700	-6.120780
0.262800	-5.139620
0.262900	-6.120780
0.263000	0.256736
0.263100	-3.667890
0.263200	-2.686730
0.263300	-1.215000
0.263400	-3.667890
0.263500	-3.667890
0.263600	-0.724420
0.263700	-1.705580
0.263800	-5.139620
0.263900	-6.611360
0.264000	-3.667890
0.264100	-8.083090
0.264200	-7.592510
0.264300	0.256736
0.264400	-7.101930
0.264500	-6.611360
0.264600	-6.120780
0.264700	-5.630200
0.264800	-5.139620
0.264900	-6.611360
0.265000	-4.649040
0.265100	-2.196150
0.265200	0.256736
0.265300	-3.667890
0.265400	0.256736
0.265500	2.219050
0.265600	-6.120780
0.265700	-7.101930
0.265800	-3.667890
0.265900	-2.686730
0.266000	-3.667890
0.266100	-7.592510
0.266200	-9.554820
0.266300	-3.667890
0.266400	-6.120780
0.266500	-1.705580
0.266600	-3.177310
0.266700	-4.649040
0.266800	-7.592510
0.266900	-11.517100
0.267000	-5.630200
0.267100	-7.592510
0.267200	-7.592510
0.267300	-5.630200
0.267400	-6.120780
0.267500	-9.554820
0.267600	-7.101930
0.267700	-3.177310
0.267800	-4.649040
0.267900	-6.611360
0.268000	-14.460600
0.268100	-9.064250
0.268200	-5.630200
0.268300	-8.573670
0.268400	-7.592510
0.268500	-8.083090
0.268600	-5.139620
0.268700	-7.592510
0.268800	-5.630200
0.268900	-5.139620
0.269000	-5.630200
0.269100	-3.667890
0.269200	-4.649040
0.269300	-6.120780
0.269400	-8.573670
0.269500	-7.592510
0.269600	-1.705580
0.269700	-2.686730
0.269800	-7.101930
0.269900	-6.611360
0.270000	-2.686730
0.270100	-5.630200
0.270200	-2.686730
0.270300	-10.045400
0.270400	-2.686730
0.270500	-1.705580
0.270600	-4.649040
0.270700	-4.649040
0.270800	-2.686730
0.270900	-5.630200
0.271000	-5.139620
0.271100	-9.064250
0.271200	-9.554820
0.271300	-5.630200
0.271400	-2.686730
0.271500	-6.120780
0.271600	-5.630200
0.271700	-1.705580
0.271800	-3.667890
0.271900	-3.667890
0.272000	-3.177310
0.272100	-7.101930
0.272200	-3.667890
0.272300	-2.686730
0.272400	-5.139620
0.272500	-5.630200
0.272600	-6.611360
0.272700	-10.045400
0.272800	-10.045400
0.272900	-7.592510
0.273000	-5.630200
0.273100	-0.724420
0.273200	-2.686730
0.273300	-2.686730
0.273400	-5.630200
0.273500	-10.536000
0.273600	-10.536000
0.273700	-3.177310
0.273800	-8.573670
0.273900	-9.064250
0.274000	-10.536000
0.274100	-3.667890
0.274200	-7.592510
0.274300	-3.667890
0.274400	-2.686730
0.274500	-3.667890
0.274600	-9.554820
0.274700	-10.536000
0.274800	-3.177310
0.274900	-3.177310
0.275000	-2.686730
0.275100	-5.630200
0.275200	-5.139620
0.275300	-1.705580
0.275400	-2.686730
0.275500	-7.592510
0.275600	-3.667890
0.275700	-2.686730
0.275800	-5.139620
0.275900	-7.592510
0.276000	-5.630200
0.276100	-2.686730
0.276200	-6.611360
0.276300	-5.630200
0.276400	-7.592510
0.276500	-6.611360
0.276600	-2.196150
0.276700	-9.064250
0.276800	-5.630200
0.276900	-2.686730
0.277000	-6.120780
0.277100	-3.177310
0.277200	-3.177310
0.277300	-3.667890
0.277400	-7.592510
0.277500	-4.649040
0.277600	-5.630200
0.277700	-3.667890
0.277800	-4.158470
0.277900	-3.667890
0.278000	-2.686730
0.278100	-3.667890
0.278200	-7.101930
0.278300	-6.120780
0.278400	-7.592510
0.278500	-8.573670
0.278600	-5.630200
0.278700	-3.667890
0.278800	-3.667890
0.278900	-3.667890
0.279000	-6.611360
0.279100	-3.667890
0.279200	-5.139620
0.279300	-7.592510
0.279400	-8.573670
0.279500	-7.592510
0.279600	-5.630200
0.279700	-6.120780
0.279800	-5.139620
0.279900	-5.630200
0.280000	-6.611360
0.280100	-3.667890
0.280200	-3.177310
0.280300	-6.611360
0.280400	-7.592510
0.280500	-6.611360
0.280600	-7.101930
0.280700	-5.630200
0.280800	-11.517100
0.280900	-9.554820
0.281000	-6.611360
0.281100	-6.611360
0.281200	-9.064250
0.281300	-7.592510
0.281400	-5.630200
0.281500	-3.667890
0.281600	-3.667890
0.281700	-7.592510
0.281800	-1.705580
0.281900	-5.630200
0.282000	-4.649040
0.282100	-8.083090
0.282200	-6.611360
0.282300	-5.630200
0.282400	-1.215000
0.282500	-8.573670
0.282600	-11.517100
0.282700	-3.667890
0.282800	-3.667890
0.282900	-3.667890
0.283000	-3.667890
0.283100	-5.139620
0.283200	-5.139620
0.283300	-3.667890
0.283400	-4.649040
0.283500	-8.573670
0.283600	-9.064250
0.283700	-5.630200
0.283800	-1.705580
0.283900	-3.667890
0.284000	0.747314
0.284100	-2.686730
0.284200	-6.120780
0.284300	-7.592510
0.284400	-3.667890
0.284500	-2.686730
0.284600	-4.649040
0.284700	-3.667890
0.284800	-3.667890
0.284900	-4.158470
0.285000	-7.101930
0.285100	-11.026600
0.285200	-6.611360
0.285300	-3.667890
0.285400	-11.026600
0.285500	-6.611360
0.285600	-5.139620
0.285700	-0.724420
0.285800	-1.705580
0.285900	-2.686730
0.286000	-3.667890
0.286100	-6.611360
0.286200	-9.554820
0.286300	-9.554820
0.286400	-5.630200
0.286500	-3.667890
0.286600	-1.705580
0.286700	-3.667890
0.286800	-7.101930
0.286900	-5.630200
0.287000	-2.686730
0.287100	-9.064250
0.287200	-7.592510
0.287300	0.256736
0.287400	-3.177310
0.287500	-9.064250
0.287600	-7.592510
0.287700	-5.630200
0.287800	-5.139620
0.287900	-2.196150
0.288000	-2.686730
0.288100	-3.177310
0.288200	-4.649040
0.288300	-3.667890
0.288400	-3.667890
0.288500	-6.120780
0.288600	-5.630200
0.288700	-9.554820
0.288800	-6.611360
0.288900	-6.611360
0.289000	-1.705580
0.289100	-1.705580
0.289200	-4.649040
0.289300	-7.101930
0.289400	-3.667890
0.289500	-5.630200
0.289600	-5.630200
0.289700	-7.592510
0.289800	-9.554820
0.289900	-7.592510
0.290000	-4.649040
0.290100	-5.139620
0.290200	-9.064250
0.290300	-5.630200
0.290400	-0.724420
0.290500	-3.667890
0.290600	-4.649040
0.290700	-3.667890
0.290800	-6.611360
0.290900	-8.573670
0.291000	-9.554820
0.291100	-7.592510
0.291200	-5.630200
0.291300	-4.649040
0.291400	-8.083090
0.291500	-10.536000
0.291600	-3.667890
0.291700	-4.649040
0.291800	-6.611360
0.291900	-5.630200
0.292000	-6.611360
0.292100	-6.611360
0.292200	-2.196150
0.292300	-5.630200
0.292400	-11.517100
0.292500	-8.083090
0.292600	2.219050
0.292700	-7.592510
0.292800	-7.592510
0.292900	-0.724420
0.293000	-5.630200
0.293100	-5.630200
0.293200	-3.177310
0.293300	-3.177310
0.293400	-3.667890
0.293500	-0.724420
0.293600	-0.724420
0.293700	-5.139620
0.293800	-10.536000
0.293900	-7.101930
0.294000	-7.101930
0.294100	-3.177310
0.294200	-2.686730
0.294300	-0.724420
0.294400	-6.611360
0.294500	-13.479400
0.294600	-9.554820
0.294700	-7.592510
0.294800	-5.139620
0.294900	-5.630200
0.295000	-6.611360
0.295100	-7.592510
0.295200	-6.120780
0.295300	-5.139620
0.295400	-7.592510
0.295500	-5.139620
0.295600	-1.705580
0.295700	-1.215000
0.295800	-6.611360
0.295900	-7.592510
0.296000	-7.592510
0.296100	-9.554820
0.296200	-11.026600
0.296300	-7.592510
0.296400	-7.592510
0.296500	-1.705580
0.296600	-2.196150
0.296700	-1.705580
0.296800	-1.705580
0.296900	-4.649040
0.297000	-7.592510
0.297100	-6.611360
0.297200	-7.592510
0.297300	-8.083090
0.297400	-7.101930
0.297500	-7.101930
0.297600	-7.592510
0.297700	-2.686730
0.297800	-5.139620
0.297900	-3.667890
0.298000	-1.705580
0.298100	-7.592510
0.298200	-9.554820
0.298300	-8.573670
0.298400	-6.611360
0.298500	-6.611360
0.298600	-3.667890
0.298700	-3.667890
0.298800	-1.705580
0.298900	-9.554820
0.299000	-8.083090
0.299100	-5.630200
0.299200	-1.705580
0.299300	-6.611360
0.299400	-7.592510
0.299500	-8.083090
0.299600	-6.611360
0.299700	-6.120780
0.299800	-11.026600
0.299900	-12.498300
