-0.050000	3.527540
-0.049900	4.979200
-0.049800	5.463080
-0.049700	4.979200
-0.049600	-0.343560
-0.049500	-1.311330
-0.049400	-0.827447
-0.049300	0.624214
-0.049200	-0.343560
-0.049100	-5.182430
-0.049000	-5.182430
-0.048900	-1.795220
-0.048800	0.140327
-0.048700	5.946970
-0.048600	4.495310
-0.048500	-1.311330
-0.048400	-5.666320
-0.048300	-8.569640
-0.048200	-5.182430
-0.048100	-3.246880
-0.048000	-3.246880
-0.047900	-1.795220
-0.047800	3.527540
-0.047700	10.302000
-0.047600	8.850290
-0.047500	3.527540
-0.047400	-2.279110
-0.047300	-0.827447
-0.047200	1.591990
-0.047100	2.559760
-0.047000	1.108100
-0.046900	0.140327
-0.046800	2.559760
-0.046700	0.624214
-0.046600	2.559760
-0.046500	5.463080
-0.046400	2.559760
-0.046300	-1.311330
-0.046200	-0.343560
-0.046100	-3.246880
-0.046000	-8.085750
-0.045900	-12.440700
-0.045800	-7.117980
-0.045700	-7.117980
-0.045600	-6.150200
-0.045500	-4.214660
-0.045400	-0.343560
-0.045300	6.430860
-0.045200	6.430860
-0.045100	1.591990
-0.045000	2.559760
-0.044900	3.527540
-0.044800	4.495310
-0.044700	8.366410
-0.044600	0.624214
-0.044500	-2.279110
-0.044400	0.624214
-0.044300	4.495310
-0.044200	2.559760
-0.044100	1.108100
-0.044000	-4.214660
-0.043900	-7.117980
-0.043800	-5.182430
-0.043700	-5.182430
-0.043600	-7.117980
-0.043500	-4.698540
-0.043400	-4.214660
-0.043300	2.559760
-0.043200	7.398630
-0.043100	4.495310
-0.043000	-4.214660
-0.042900	-2.762990
-0.042800	-0.343560
-0.042700	1.591990
-0.042600	3.527540
-0.042500	1.591990
-0.042400	-0.343560
-0.042300	2.559760
-0.042200	-0.343560
-0.042100	-0.343560
-0.042000	0.624214
-0.041900	2.559760
-0.041800	2.559760
-0.041700	-4.214660
-0.041600	-2.279110
-0.041500	2.559760
-0.041400	1.108100
-0.041300	-3.246880
-0.041200	-10.989100
-0.041100	-8.085750
-0.041000	-2.279110
-0.040900	8.366410
-0.040800	8.366410
-0.040700	4.011420
-0.040600	1.591990
-0.040500	2.559760
-0.040400	0.624214
-0.040300	1.108100
-0.040200	3.043650
-0.040100	1.591990
-0.040000	-1.311330
-0.039900	1.591990
-0.039800	4.495310
-0.039700	5.946970
-0.039600	3.043650
-0.039500	0.140327
-0.039400	-7.117980
-0.039300	-9.537410
-0.039200	-7.117980
-0.039100	-7.117980
-0.039000	-9.537410
-0.038900	-5.182430
-0.038800	2.559760
-0.038700	10.302000
-0.038600	8.366410
-0.038500	-0.343560
-0.038400	-4.698540
-0.038300	-3.246880
-0.038200	0.624214
-0.038100	-0.343560
-0.038000	-0.343560
-0.037900	1.591990
-0.037800	1.591990
-0.037700	3.527540
-0.037600	5.463080
-0.037500	5.463080
-0.037400	-1.311330
-0.037300	-4.698540
-0.037200	-1.311330
-0.037100	3.527540
-0.037000	4.979200
-0.036900	4.011420
-0.036800	0.140327
-0.036700	-2.762990
-0.036600	-3.246880
-0.036500	-3.246880
-0.036400	-8.085750
-0.036300	-8.085750
-0.036200	-8.569640
-0.036100	-8.085750
-0.036000	-3.246880
-0.035900	2.559760
-0.035800	0.624214
-0.035700	-1.311330
-0.035600	1.591990
-0.035500	2.559760
-0.035400	2.075880
-0.035300	1.591990
-0.035200	2.559760
-0.035100	4.495310
-0.035000	6.430860
-0.034900	4.011420
-0.034800	-2.279110
-0.034700	0.624214
-0.034600	-3.246880
-0.034500	-2.279110
-0.034400	1.108100
-0.034300	0.624214
-0.034200	-2.279110
-0.034100	-6.150200
-0.034000	-3.246880
-0.033900	-3.246880
-0.033800	-6.634090
-0.033700	-5.182430
-0.033600	-4.698540
-0.033500	-5.666320
-0.033400	-5.182430
-0.033300	-5.182430
-0.033200	-2.279110
-0.033100	3.043650
-0.033000	8.366410
-0.032900	8.366410
-0.032800	6.430860
-0.032700	3.527540
-0.032600	-4.214660
-0.032500	-5.182430
-0.032400	-4.698540
-0.032300	-0.343560
-0.032200	2.559760
-0.032100	0.624214
-0.032000	-1.311330
-0.031900	1.108100
-0.031800	6.430860
-0.031700	2.559760
-0.031600	3.527540
-0.031500	4.495310
-0.031400	0.624214
-0.031300	-1.311330
-0.031200	-3.246880
-0.031100	-7.117980
-0.031000	-8.569640
-0.030900	-7.601860
-0.030800	-0.827447
-0.030700	1.108100
-0.030600	6.430860
-0.030500	2.559760
-0.030400	0.624214
-0.030300	-0.343560
-0.030200	-3.246880
-0.030100	-1.795220
-0.030000	1.591990
-0.029900	-3.246880
-0.029800	-3.246880
-0.029700	-2.279110
-0.029600	-1.311330
-0.029500	-3.730770
-0.029400	2.559760
-0.029300	1.591990
-0.029200	1.591990
-0.029100	2.075880
-0.029000	0.140327
-0.028900	1.591990
-0.028800	6.914750
-0.028700	5.463080
-0.028600	6.430860
-0.028500	5.463080
-0.028400	5.463080
-0.028300	0.624214
-0.028200	-2.279110
-0.028100	-2.279110
-0.028000	-2.279110
-0.027900	-5.182430
-0.027800	-7.117980
-0.027700	-0.827447
-0.027600	2.559760
-0.027500	3.527540
-0.027400	4.495310
-0.027300	7.398630
-0.027200	4.011420
-0.027100	2.559760
-0.027000	0.624214
-0.026900	-0.343560
-0.026800	0.624214
-0.026700	2.559760
-0.026600	-0.343560
-0.026500	-0.827447
-0.026400	3.043650
-0.026300	3.527540
-0.026200	2.559760
-0.026100	2.559760
-0.026000	-5.182430
-0.025900	-9.053530
-0.025800	-6.634090
-0.025700	-5.182430
-0.025600	-6.150200
-0.025500	-5.666320
-0.025400	-2.762990
-0.025300	6.430860
-0.025200	8.366410
-0.025100	2.559760
-0.025000	-0.343560
-0.024900	2.075880
-0.024800	0.624214
-0.024700	-0.343560
-0.024600	1.591990
-0.024500	0.624214
-0.024400	-0.827447
-0.024300	-1.311330
-0.024200	4.495310
-0.024100	6.430860
-0.024000	1.591990
-0.023900	0.624214
-0.023800	0.624214
-0.023700	-2.279110
-0.023600	-6.150200
-0.023500	-7.117980
-0.023400	-9.537410
-0.023300	-10.989100
-0.023200	-4.214660
-0.023100	3.527540
-0.023000	3.527540
-0.022900	2.559760
-0.022800	1.591990
-0.022700	-1.795220
-0.022600	-0.343560
-0.022500	1.591990
-0.022400	4.011420
-0.022300	4.011420
-0.022200	0.624214
-0.022100	-1.311330
-0.022000	0.140327
-0.021900	0.140327
-0.021800	-0.827447
-0.021700	1.591990
-0.021600	2.559760
-0.021500	3.043650
-0.021400	-2.279110
-0.021300	-5.182430
-0.021200	-2.279110
-0.021100	0.140327
-0.021000	0.140327
-0.020900	-3.246880
-0.020800	-5.666320
-0.020700	-0.343560
-0.020600	6.430860
-0.020500	10.302000
-0.020400	4.495310
-0.020300	3.043650
-0.020200	4.495310
-0.020100	-0.343560
-0.020000	-3.246880
-0.019900	0.624214
-0.019800	7.398630
-0.019700	4.495310
-0.019600	-2.279110
-0.019500	-1.311330
-0.019400	2.559760
-0.019300	5.463080
-0.019200	1.591990
-0.019100	-0.343560
-0.019000	-5.182430
-0.018900	-4.698540
-0.018800	-3.246880
-0.018700	-4.214660
-0.018600	-10.989100
-0.018500	-7.117980
-0.018400	-7.117980
-0.018300	-5.182430
-0.018200	2.559760
-0.018100	6.430860
-0.018000	0.624214
-0.017900	2.559760
-0.017800	3.527540
-0.017700	-0.343560
-0.017600	-1.795220
-0.017500	3.043650
-0.017400	5.463080
-0.017300	3.527540
-0.017200	-1.795220
-0.017100	-1.311330
-0.017000	3.527540
-0.016900	4.495310
-0.016800	4.495310
-0.016700	6.430860
-0.016600	-2.279110
-0.016500	-5.182430
-0.016400	-4.214660
-0.016300	-6.150200
-0.016200	-5.182430
-0.016100	-7.601860
-0.016000	-4.214660
-0.015900	-0.827447
-0.015800	2.075880
-0.015700	5.463080
-0.015600	3.527540
-0.015500	-0.343560
-0.015400	-3.730770
-0.015300	0.140327
-0.015200	-0.343560
-0.015100	1.591990
-0.015000	4.979200
-0.014900	3.043650
-0.014800	0.624214
-0.014700	4.495310
-0.014600	5.463080
-0.014500	4.979200
-0.014400	-2.279110
-0.014300	-8.085750
-0.014200	-7.117980
-0.014100	-5.182430
-0.014000	-8.085750
-0.013900	-8.085750
-0.013800	-2.762990
-0.013700	4.495310
-0.013600	6.430860
-0.013500	3.043650
-0.013400	2.559760
-0.013300	3.527540
-0.013200	10.302000
-0.013100	13.205300
-0.013000	10.302000
-0.012900	2.559760
-0.012800	-0.827447
-0.012700	1.108100
-0.012600	3.527540
-0.012500	4.495310
-0.012400	7.398630
-0.012300	2.559760
-0.012200	-1.795220
-0.012100	-5.182430
-0.012000	-3.246880
-0.011900	-3.246880
-0.011800	3.527540
-0.011700	3.043650
-0.011600	1.108100
-0.011500	2.559760
-0.011400	0.140327
-0.011300	-3.730770
-0.011200	-2.762990
-0.011100	-3.246880
-0.011000	-0.827447
-0.010900	-5.666320
-0.010800	-8.085750
-0.010700	-5.182430
-0.010600	-5.182430
-0.010500	0.140327
-0.010400	3.527540
-0.010300	6.914750
-0.010200	6.430860
-0.010100	6.430860
-0.010000	4.979200
-0.009900	0.624214
-0.009800	-2.762990
-0.009700	3.527540
-0.009600	4.979200
-0.009500	2.075880
-0.009400	-3.246880
-0.009300	2.559760
-0.009200	8.366410
-0.009100	4.011420
-0.009000	-0.343560
-0.008900	-2.762990
-0.008800	-3.246880
-0.008700	-3.246880
-0.008600	-6.150200
-0.008500	-6.150200
-0.008400	-3.246880
-0.008300	0.624214
-0.008200	2.559760
-0.008100	4.495310
-0.008000	3.043650
-0.007900	2.559760
-0.007800	-0.827447
-0.007700	-1.311330
-0.007600	-0.343560
-0.007500	4.495310
-0.007400	6.430860
-0.007300	3.527540
-0.007200	7.398630
-0.007100	4.495310
-0.007000	2.559760
-0.006900	-0.343560
-0.006800	-1.311330
-0.006700	-8.085750
-0.006600	-5.182430
-0.006500	-5.182430
-0.006400	-2.279110
-0.006300	2.559760
-0.006200	4.979200
-0.006100	5.463080
-0.006000	2.075880
-0.005900	-2.279110
-0.005800	-3.246880
-0.005700	1.591990
-0.005600	2.559760
-0.005500	2.559760
-0.005400	-1.311330
-0.005300	-5.182430
-0.005200	0.624214
-0.005100	6.430860
-0.005000	3.527540
-0.004900	-4.214660
-0.004800	-1.795220
-0.004700	3.527540
-0.004600	-1.311330
-0.004500	-3.730770
-0.004400	-2.762990
-0.004300	-4.214660
-0.004200	-4.698540
-0.004100	-7.117980
-0.004000	-7.117980
-0.003900	-10.021300
-0.003800	-9.537410
-0.003700	0.624214
-0.003600	7.398630
-0.003500	3.043650
-0.003400	2.559760
-0.003300	4.495310
-0.003200	3.527540
-0.003100	2.559760
-0.003000	3.527540
-0.002900	3.043650
-0.002800	-0.343560
-0.002700	0.624214
-0.002600	1.108100
-0.002500	-0.827447
-0.002400	-0.343560
-0.002300	4.495310
-0.002200	3.527540
-0.002100	3.527540
-0.002000	2.559760
-0.001900	0.140327
-0.001800	0.140327
-0.001700	-0.343560
-0.001600	1.591990
-0.001500	-2.279110
-0.001400	-4.214660
-0.001300	-4.214660
-0.001200	2.075880
-0.001100	7.398630
-0.001000	6.430860
-0.000900	2.075880
-0.000800	-3.246880
-0.000700	-2.279110
-0.000600	0.624214
-0.000500	2.559760
-0.000400	3.527540
-0.000300	4.011420
-0.000200	1.108100
-0.000100	0.624214
0.000000	2.559760
0.000100	6.914750
0.000200	8.366410
0.000300	3.527540
0.000400	-2.762990
0.000500	-3.730770
0.000600	-3.246880
0.000700	-5.666320
0.000800	-7.117980
0.000900	-9.537410
0.001000	-4.214660
0.001100	1.591990
0.001200	-0.343560
0.001300	4.979200
0.001400	12.237500
0.001500	2.559760
0.001600	-1.311330
0.001700	7.882520
0.001800	3.043650
0.001900	-4.214660
0.002000	-0.343560
0.002100	1.591990
0.002200	5.463080
0.002300	6.430860
0.002400	0.140327
0.002500	3.043650
0.002600	6.430860
0.002700	2.559760
0.002800	-2.762990
0.002900	-5.182430
0.003000	-5.666320
0.003100	-7.117980
0.003200	-10.989100
0.003300	-11.956800
0.003400	-5.182430
0.003500	-2.279110
0.003600	9.334180
0.003700	11.753600
0.003800	2.559760
0.003900	7.398630
0.004000	-4.214660
0.004100	-2.762990
0.004200	3.043650
0.004300	3.527540
0.004400	2.559760
0.004500	-2.279110
0.004600	-9.053530
0.004700	-5.182430
0.004800	-10.989100
0.004900	-34.215599
0.005000	-53.571098
0.005100	-71.474899
0.005200	-74.862198
0.005300	-70.023300
0.005400	-77.281601
0.005500	-79.217102
0.005600	-76.797699
0.005700	-87.443199
0.005800	-92.282097
0.005900	-85.507698
0.006000	-84.539902
0.006100	-82.120499
0.006200	-51.635601
0.006300	-32.764000
0.006400	-26.473499
0.006500	-13.408500
0.006600	-15.827900
0.006700	-21.634600
0.006800	-19.698999
0.006900	-6.634090
0.007000	-5.666320
0.007100	-11.956800
0.007200	-24.537901
0.007300	-51.635601
0.007400	-61.313301
0.007500	-79.700996
0.007600	-115.025002
0.007700	-120.831001
0.007800	-130.024994
0.007900	-131.960999
0.008000	-141.639008
0.008100	-163.897003
0.008200	-173.574997
0.008300	-128.089996
0.008400	-61.313301
0.008500	-83.572098
0.008600	-108.734001
0.008700	-85.991600
0.008800	-70.023300
0.008900	-61.313301
0.009000	-39.054501
0.009100	-20.666800
0.009200	-55.506699
0.009300	-74.862198
0.009400	-67.120003
0.009500	-70.023300
0.009600	-72.442703
0.009700	-107.282997
0.009800	-118.412003
0.009900	-140.671005
0.010000	-168.735992
0.010100	-188.091995
0.010200	-220.996002
0.010300	-247.126007
0.010400	-259.707001
0.010500	-247.126007
0.010600	-246.641998
0.010700	-242.770996
0.010800	-207.447006
0.010900	-184.220993
0.011000	-186.156006
0.011100	-204.544006
0.011200	-211.317993
0.011300	-184.220993
0.011400	-176.962006
0.011500	-197.768997
0.011600	-195.834000
0.011700	-176.962006
0.011800	-192.931000
0.011900	-205.511993
0.012000	-179.382004
0.012100	-155.671005
0.012200	-154.220001
0.012300	-146.477005
0.012400	-134.863998
0.012500	-132.929001
0.012600	-141.639008
0.012700	-137.766998
0.012800	-124.219002
0.012900	-105.347000
0.013000	-96.637100
0.013100	-89.378799
0.013200	-92.765999
0.013300	-91.798203
0.013400	-79.217102
0.013500	-67.120003
0.013600	-55.506699
0.013700	-49.700001
0.013800	-39.054501
0.013900	-32.764000
0.014000	-40.990101
0.014100	-46.796700
0.014200	-50.667801
0.014300	-51.635601
0.014400	-43.409500
0.014500	-27.441200
0.014600	-25.505699
0.014700	-33.247898
0.014800	-26.473499
0.014900	-37.118999
0.015000	-52.603401
0.015100	-41.957802
0.015200	-18.731300
0.015300	-24.537901
0.015400	-38.570599
0.015500	-36.151199
0.015600	-33.247898
0.015700	-25.505699
0.015800	-9.053530
0.015900	-10.021300
0.016000	-13.892400
0.016100	-1.311330
0.016200	-4.214660
0.016300	-8.569640
0.016400	3.527540
0.016500	18.044100
0.016600	31.109100
0.016700	29.657400
0.016800	27.238001
0.016900	22.882999
0.017000	10.302000
0.017100	-0.343560
0.017200	-0.343560
0.017300	12.237500
0.017400	27.721901
0.017500	37.399601
0.017600	43.206299
0.017700	45.141800
0.017800	42.238499
0.017900	43.206299
0.018000	50.464600
0.018100	46.593498
0.018200	47.077400
0.018300	54.819599
0.018400	55.787300
0.018500	37.399601
0.018600	26.754101
0.018700	31.109100
0.018800	32.560799
0.018900	31.109100
0.019000	36.431900
0.019100	28.689699
0.019200	16.592501
0.019300	4.495310
0.019400	0.624214
0.019500	-5.182430
0.019600	-12.924600
0.019700	-9.053530
0.019800	-15.827900
0.019900	-30.828400
0.020000	-22.602400
0.020100	-20.666800
0.020200	-22.602400
0.020300	-28.409000
0.020400	-39.054501
0.020500	-28.409000
0.020600	-9.053530
0.020700	-0.343560
0.020800	-11.473000
0.020900	-5.182430
0.021000	85.788300
0.021100	264.826996
0.021200	259.019989
0.021300	117.724998
0.021400	112.886002
0.021500	183.050003
0.021600	117.724998
0.021700	-102.928001
0.021800	-242.287003
0.021900	-201.641006
0.022000	-126.153999
0.022100	2.559760
0.022200	192.242996
0.022300	259.019989
0.022400	207.727997
0.022500	163.210007
0.022600	146.757996
0.022700	118.693001
0.022800	97.401604
0.022900	99.337196
0.023000	80.949501
0.023100	49.496799
0.023200	46.109600
0.023300	42.722401
0.023400	9.818070
0.023500	-12.440700
0.023600	-10.505200
0.023700	-40.022301
0.023800	-74.862198
0.023900	-23.086201
0.024000	23.850800
0.024100	18.044100
0.024200	0.624214
0.024300	-5.182430
0.024400	-25.505699
0.024500	-52.603401
0.024600	-120.348000
0.024700	-98.088699
0.024800	79.981697
0.024900	129.337997
0.025000	62.561798
0.025100	25.786301
0.025200	1.591990
0.025300	-23.086201
0.025400	-27.441200
0.025500	-28.409000
0.025600	-37.118999
0.025700	-52.603401
0.025800	-51.635601
0.025900	-56.474499
0.026000	-65.184402
0.026100	-71.958801
0.026200	-65.184402
0.026300	-46.312801
0.026400	-42.925598
0.026500	-47.280602
0.026600	-52.603401
0.026700	-40.022301
0.026800	-26.473499
0.026900	-39.538399
0.027000	-56.958302
0.027100	-68.571602
0.027200	-58.410000
0.027300	-62.281101
0.027400	-77.281601
0.027500	-71.958801
0.027600	-65.668297
0.027700	-74.862198
0.027800	-56.958302
0.027900	-50.667801
0.028000	-46.796700
0.028100	-33.731800
0.028200	-32.764000
0.028300	-39.538399
0.028400	-99.056503
0.028500	-550.523010
0.028600	-1165.540039
0.028700	-1097.800049
0.028800	-695.205017
0.028900	-501.649994
0.029000	-420.356995
0.029100	-351.645996
0.029200	-319.225006
0.029300	-297.450012
0.029400	-270.352997
0.029500	-239.384003
0.029600	-220.511993
0.029700	-211.317993
0.029800	-198.253006
0.029900	-186.156006
0.030000	-179.382004
0.030100	-179.382004
0.030200	-173.574997
0.030300	-162.445999
0.030400	-155.186996
0.030500	-152.283997
0.030600	-154.220001
0.030700	-151.315994
0.030800	-139.218994
0.030900	-136.800003
0.031000	-128.089996
0.031100	-110.669998
0.031200	-100.024002
0.031300	-98.572601
0.031400	-105.347000
0.031500	-115.025002
0.031600	-124.219002
0.031700	-121.315002
0.031800	-105.831001
0.031900	-88.411003
0.032000	-85.507698
0.032100	-93.733803
0.032200	-99.540398
0.032300	-106.799004
0.032400	-103.894997
0.032500	-90.346497
0.032600	-84.539902
0.032700	-90.830399
0.032800	-100.024002
0.032900	-98.088699
0.033000	-105.831001
0.033100	-115.992996
0.033200	-113.572998
0.033300	-104.862999
0.033400	-100.508003
0.033500	-93.249901
0.033600	-82.604301
0.033700	-83.572098
0.033800	-82.604301
0.033900	-77.281601
0.034000	-72.442703
0.034100	-73.894402
0.034200	-77.765503
0.034300	-82.604301
0.034400	-90.830399
0.034500	-93.249901
0.034600	-87.927101
0.034700	-80.668800
0.034800	-85.991600
0.034900	-89.378799
0.035000	-81.636597
0.035100	-82.604301
0.035200	-86.475403
0.035300	-88.411003
0.035400	-96.637100
0.035500	-89.862701
0.035600	-79.700996
0.035700	-79.700996
0.035800	-73.894402
0.035900	-82.604301
0.036000	-99.056503
0.036100	-108.734001
0.036200	-102.444000
0.036300	-96.153198
0.036400	-102.928001
0.036500	-107.765999
0.036600	-107.765999
0.036700	-104.862999
0.036800	-96.153198
0.036900	-82.604301
0.037000	-72.926598
0.037100	-53.087200
0.037200	-35.183399
0.037300	-28.409000
0.037400	-33.247898
0.037500	-43.409500
0.037600	-48.732300
0.037700	-55.506699
0.037800	-55.506699
0.037900	-44.861198
0.038000	-39.538399
0.038100	-40.990101
0.038200	-41.957802
0.038300	-49.216099
0.038400	-58.893902
0.038500	-50.667801
0.038600	-43.893398
0.038700	-41.957802
0.038800	-38.086700
0.038900	-33.247898
0.039000	-42.925598
0.039100	-43.893398
0.039200	-39.538399
0.039300	-40.022301
0.039400	-46.312801
0.039500	-49.700001
0.039600	-42.441700
0.039700	-41.957802
0.039800	-44.861198
0.039900	-32.280102
0.040000	-18.731300
0.040100	-18.247400
0.040200	-19.215200
0.040300	-14.860200
0.040400	-13.892400
0.040500	-16.795700
0.040600	-15.827900
0.040700	-20.666800
0.040800	-17.763500
0.040900	-20.182899
0.041000	-25.505699
0.041100	-25.021799
0.041200	-21.634600
0.041300	-24.537901
0.041400	-23.570101
0.041500	-24.537901
0.041600	-29.376801
0.041700	-28.409000
0.041800	-24.054001
0.041900	-23.570101
0.042000	-23.570101
0.042100	-21.634600
0.042200	-20.666800
0.042300	-24.054001
0.042400	-24.537901
0.042500	-18.731300
0.042600	-15.827900
0.042700	-19.698999
0.042800	-27.441200
0.042900	-28.892900
0.043000	-27.441200
0.043100	-18.731300
0.043200	-12.924600
0.043300	-19.215200
0.043400	-17.763500
0.043500	-14.860200
0.043600	-20.182899
0.043700	-27.925100
0.043800	-40.022301
0.043900	-42.441700
0.044000	-37.602901
0.044100	-35.183399
0.044200	-41.473999
0.044300	-46.312801
0.044400	-41.957802
0.044500	-30.344601
0.044600	-24.537901
0.044700	-28.892900
0.044800	-18.247400
0.044900	-7.601860
0.045000	-21.634600
0.045100	-28.409000
0.045200	-20.666800
0.045300	-10.021300
0.045400	-15.827900
0.045500	-25.989599
0.045600	-29.376801
0.045700	-20.666800
0.045800	-6.150200
0.045900	-15.344100
0.046000	-40.990101
0.046100	-51.635601
0.046200	-41.957802
0.046300	-32.280102
0.046400	-45.828899
0.046500	-77.281601
0.046600	-80.184898
0.046700	-59.861698
0.046800	-48.732300
0.046900	-55.506699
0.047000	-66.152199
0.047100	-66.636101
0.047200	-59.377800
0.047300	-58.410000
0.047400	-59.377800
0.047500	-29.376801
0.047600	-15.344100
0.047700	-56.474499
0.047800	-60.345501
0.047900	-48.732300
0.048000	-39.054501
0.048100	-9.053530
0.048200	-37.602901
0.048300	-77.765503
0.048400	-40.022301
0.048500	136.595993
0.048600	493.221008
0.048700	10.302000
0.048800	-406.808990
0.048900	-205.028000
0.049000	-107.282997
0.049100	-100.508003
0.049200	18.044100
0.049300	-33.247898
0.049400	-153.251999
0.049500	-118.412003
0.049600	3.527540
0.049700	99.337196
0.049800	-26.473499
0.049900	-160.026001
0.050000	-116.475998
0.050100	-51.635601
0.050200	-50.183899
0.050300	-67.120003
0.050400	-90.346497
0.050500	-103.894997
0.050600	-89.378799
0.050700	-76.797699
0.050800	-76.313797
0.050900	-77.765503
0.051000	-84.056000
0.051100	-82.604301
0.051200	-81.152702
0.051300	-86.475403
0.051400	-92.765999
0.051500	-92.282097
0.051600	-85.507698
0.051700	-95.669296
0.051800	-96.153198
0.051900	-92.282097
0.052000	-87.443199
0.052100	-76.797699
0.052200	-71.958801
0.052300	-68.571602
0.052400	-58.410000
0.052500	-55.506699
0.052600	-50.667801
0.052700	-33.731800
0.052800	-32.280102
0.052900	-51.151699
0.053000	-62.281101
0.053100	-60.829399
0.053200	-59.377800
0.053300	-58.410000
0.053400	-57.442200
0.053500	-55.506699
0.053600	-52.603401
0.053700	-50.183899
0.053800	-52.603401
0.053900	-59.861698
0.054000	-64.700500
0.054100	-67.120003
0.054200	-63.248901
0.054300	-64.216599
0.054400	-66.152199
0.054500	-62.281101
0.054600	-55.506699
0.054700	-61.313301
0.054800	-67.120003
0.054900	226.115997
0.055000	316.118988
0.055100	-279.062012
0.055200	-382.130005
0.055300	-94.217598
0.055400	-36.151199
0.055500	-83.572098
0.055600	-75.829903
0.055700	-60.829399
0.055800	-65.184402
0.055900	-69.055496
0.056000	-61.797199
0.056100	-52.603401
0.056200	-60.345501
0.056300	-77.281601
0.056400	-76.797699
0.056500	-81.636597
0.056600	-113.572998
0.056700	-121.315002
0.056800	-95.185402
0.056900	-76.313797
0.057000	-65.184402
0.057100	-57.442200
0.057200	-49.700001
0.057300	-36.635101
0.057400	-23.570101
0.057500	-20.666800
0.057600	-27.925100
0.057700	-30.344601
0.057800	-27.441200
0.057900	-33.247898
0.058000	-41.957802
0.058100	-45.828899
0.058200	-45.828899
0.058300	-47.764500
0.058400	-51.635601
0.058500	-61.313301
0.058600	-109.218002
0.058700	-136.800003
0.058800	-110.669998
0.058900	-85.507698
0.059000	-24.054001
0.059100	68.368401
0.059200	41.754601
0.059300	-31.312300
0.059400	-48.732300
0.059500	-51.635601
0.059600	-55.022800
0.059700	-45.345100
0.059800	-40.990101
0.059900	-37.602901
0.060000	-21.634600
0.060100	-5.182430
0.060200	-2.279110
0.060300	20.947500
0.060400	31.593000
0.060500	-32.280102
0.060600	-106.315002
0.060700	-111.638000
0.060800	-73.410500
0.060900	-55.506699
0.061000	-53.087200
0.061100	-57.442200
0.061200	-58.410000
0.061300	-63.248901
0.061400	-73.410500
0.061500	-82.604301
0.061600	-76.797699
0.061700	-68.571602
0.061800	-80.668800
0.061900	-149.380997
0.062000	-220.028000
0.062100	-174.542999
0.062200	-119.863998
0.062300	-112.605003
0.062400	-112.605003
0.062500	-131.477005
0.062600	-128.089996
0.062700	-97.121002
0.062800	-70.023300
0.062900	-46.796700
0.063000	-49.216099
0.063100	-76.797699
0.063200	-90.346497
0.063300	-84.056000
0.063400	-89.378799
0.063500	-93.249901
0.063600	-87.443199
0.063700	-74.862198
0.063800	-71.958801
0.063900	-71.958801
0.064000	-75.829903
0.064100	-81.636597
0.064200	-80.184898
0.064300	-82.120499
0.064400	-97.121002
0.064500	-129.057999
0.064600	-126.153999
0.064700	-90.830399
0.064800	-71.958801
0.064900	-67.120003
0.065000	-60.345501
0.065100	-59.377800
0.065200	-61.313301
0.065300	-70.023300
0.065400	-74.862198
0.065500	-74.862198
0.065600	-71.958801
0.065700	-73.894402
0.065800	-81.636597
0.065900	-87.927101
0.066000	-84.539902
0.066100	-80.184898
0.066200	-79.217102
0.066300	-84.056000
0.066400	-89.862701
0.066500	-94.217598
0.066600	-88.411003
0.066700	-80.184898
0.066800	-76.313797
0.066900	-76.797699
0.067000	-75.346001
0.067100	-75.346001
0.067200	-76.313797
0.067300	-85.507698
0.067400	-79.217102
0.067500	-70.023300
0.067600	-56.474499
0.067700	-39.538399
0.067800	-21.634600
0.067900	-19.215200
0.068000	-40.990101
0.068100	-98.572601
0.068200	-134.863998
0.068300	-114.541000
0.068400	-93.249901
0.068500	-93.733803
0.068600	-92.282097
0.068700	-85.507698
0.068800	-84.539902
0.068900	-87.443199
0.069000	-95.185402
0.069100	-104.862999
0.069200	-106.799004
0.069300	-105.831001
0.069400	-107.282997
0.069500	-107.765999
0.069600	-104.862999
0.069700	-100.024002
0.069800	-90.346497
0.069900	-73.894402
0.070000	-66.152199
0.070100	-61.797199
0.070200	-55.506699
0.070300	-51.635601
0.070400	-46.796700
0.070500	-45.828899
0.070600	-55.990601
0.070700	-60.345501
0.070800	-67.603897
0.070900	-75.829903
0.071000	-80.184898
0.071100	-87.443199
0.071200	-98.088699
0.071300	-100.024002
0.071400	-102.928001
0.071500	-100.991997
0.071600	-93.249901
0.071700	-76.797699
0.071800	-80.668800
0.071900	-101.959999
0.072000	-108.250000
0.072100	-97.121002
0.072200	-88.411003
0.072300	-73.894402
0.072400	-59.377800
0.072500	-49.700001
0.072600	-43.893398
0.072700	-42.441700
0.072800	-44.861198
0.072900	-55.506699
0.073000	-59.377800
0.073100	-61.313301
0.073200	-48.248402
0.073300	7.398630
0.073400	-50.667801
0.073500	-146.477005
0.073600	-112.605003
0.073700	-74.862198
0.073800	-81.636597
0.073900	-81.636597
0.074000	-86.959297
0.074100	-102.928001
0.074200	-106.799004
0.074300	-102.928001
0.074400	-100.991997
0.074500	-100.024002
0.074600	-94.217598
0.074700	-85.023804
0.074800	-80.668800
0.074900	-84.539902
0.075000	-84.056000
0.075100	-78.249397
0.075200	-72.442703
0.075300	-59.377800
0.075400	-50.183899
0.075500	-40.022301
0.075600	-36.151199
0.075700	-29.860701
0.075800	-34.215599
0.075900	-41.957802
0.076000	-43.893398
0.076100	-42.925598
0.076200	-49.700001
0.076300	-55.022800
0.076400	-61.797199
0.076500	-58.893902
0.076600	-53.087200
0.076700	-42.925598
0.076800	-55.506699
0.076900	-85.991600
0.077000	-87.443199
0.077100	-77.281601
0.077200	-78.733299
0.077300	-81.636597
0.077400	-79.217102
0.077500	-83.088203
0.077600	-82.604301
0.077700	-70.507202
0.077800	-57.442200
0.077900	-44.861198
0.078000	-35.183399
0.078100	-35.183399
0.078200	-33.731800
0.078300	-23.570101
0.078400	-23.570101
0.078500	-35.183399
0.078600	-38.086700
0.078700	-40.022301
0.078800	-55.506699
0.078900	-65.668297
0.079000	-62.764999
0.079100	-64.216599
0.079200	-63.248901
0.079300	-63.732800
0.079400	-66.152199
0.079500	-75.829903
0.079600	-75.829903
0.079700	-64.216599
0.079800	-58.410000
0.079900	-61.313301
0.080000	-59.377800
0.080100	-45.828899
0.080200	-30.344601
0.080300	-16.795700
0.080400	-11.473000
0.080500	-5.182430
0.080600	-1.311330
0.080700	-6.150200
0.080800	-20.666800
0.080900	-27.925100
0.081000	-33.247898
0.081100	-35.667301
0.081200	-36.151199
0.081300	-35.667301
0.081400	-42.925598
0.081500	-49.216099
0.081600	-52.603401
0.081700	-58.410000
0.081800	-58.410000
0.081900	-53.571098
0.082000	-51.635601
0.082100	-52.119499
0.082200	-53.571098
0.082300	-53.571098
0.082400	-50.667801
0.082500	-43.893398
0.082600	-40.990101
0.082700	-31.312300
0.082800	-36.151199
0.082900	-50.183899
0.083000	-45.828899
0.083100	-28.892900
0.083200	-17.763500
0.083300	-17.279600
0.083400	-10.989100
0.083500	-1.311330
0.083600	0.140327
0.083700	1.591990
0.083800	-5.182430
0.083900	-20.666800
0.084000	-24.054001
0.084100	-23.086201
0.084200	-37.602901
0.084300	-49.216099
0.084400	-51.635601
0.084500	-48.732300
0.084600	-44.861198
0.084700	-44.861198
0.084800	-42.441700
0.084900	-45.345100
0.085000	-45.345100
0.085100	-42.925598
0.085200	-43.893398
0.085300	-43.409500
0.085400	-32.280102
0.085500	-23.570101
0.085600	-21.150700
0.085700	-14.376300
0.085800	-6.150200
0.085900	-4.214660
0.086000	0.140327
0.086100	7.398630
0.086200	3.527540
0.086300	-6.150200
0.086400	-16.795700
0.086500	-29.376801
0.086600	-36.151199
0.086700	-27.925100
0.086800	-33.731800
0.086900	-53.087200
0.087000	-56.474499
0.087100	-54.538898
0.087200	-49.216099
0.087300	-46.796700
0.087400	-49.700001
0.087500	-58.410000
0.087600	-50.667801
0.087700	-45.828899
0.087800	-36.151199
0.087900	-25.505699
0.088000	-17.763500
0.088100	-1.311330
0.088200	11.269700
0.088300	16.108601
0.088400	19.011900
0.088500	18.044100
0.088600	7.398630
0.088700	-5.666320
0.088800	-10.505200
0.088900	-11.956800
0.089000	-14.860200
0.089100	-16.795700
0.089200	-22.602400
0.089300	-31.312300
0.089400	-45.828899
0.089500	-52.603401
0.089600	-49.700001
0.089700	-51.635601
0.089800	-55.506699
0.089900	-55.506699
0.090000	-51.635601
0.090100	-49.216099
0.090200	-43.893398
0.090300	-38.086700
0.090400	-40.506199
0.090500	-37.118999
0.090600	-28.409000
0.090700	-25.989599
0.090800	-16.795700
0.090900	-10.989100
0.091000	-8.085750
0.091100	0.624214
0.091200	0.624214
0.091300	-7.117980
0.091400	-17.279600
0.091500	-18.731300
0.091600	-12.924600
0.091700	-11.956800
0.091800	-24.054001
0.091900	-40.022301
0.092000	-46.796700
0.092100	-43.893398
0.092200	-41.957802
0.092300	-32.280102
0.092400	-31.796200
0.092500	-34.215599
0.092600	-32.280102
0.092700	-28.409000
0.092800	-27.441200
0.092900	-23.570101
0.093000	-14.860200
0.093100	-10.021300
0.093200	-5.182430
0.093300	-6.634090
0.093400	-8.085750
0.093500	-12.440700
0.093600	-11.473000
0.093700	-3.246880
0.093800	-6.634090
0.093900	-12.440700
0.094000	-19.698999
0.094100	-28.409000
0.094200	-34.215599
0.094300	-38.570599
0.094400	-35.183399
0.094500	-33.247898
0.094600	-30.828400
0.094700	-27.441200
0.094800	-27.441200
0.094900	-28.409000
0.095000	-30.828400
0.095100	-26.473499
0.095200	-21.634600
0.095300	-20.666800
0.095400	-27.441200
0.095500	-33.247898
0.095600	-24.537901
0.095700	-12.924600
0.095800	-5.182430
0.095900	2.559760
0.096000	4.495310
0.096100	4.495310
0.096200	5.946970
0.096300	3.527540
0.096400	-0.827447
0.096500	-2.279110
0.096600	-9.537410
0.096700	-10.989100
0.096800	-11.956800
0.096900	-15.827900
0.097000	-18.247400
0.097100	-16.795700
0.097200	-16.795700
0.097300	-21.150700
0.097400	-23.570101
0.097500	-27.441200
0.097600	-26.957300
0.097700	-11.956800
0.097800	3.527540
0.097900	2.559760
0.098000	1.591990
0.098100	-1.311330
0.098200	2.559760
0.098300	16.108601
0.098400	13.205300
0.098500	-22.602400
0.098600	-32.280102
0.098700	-9.053530
0.098800	3.527540
0.098900	2.559760
0.099000	-2.279110
0.099100	-12.924600
0.099200	-26.473499
0.099300	-28.409000
0.099400	-25.505699
0.099500	-22.118500
0.099600	-23.570101
0.099700	-19.215200
0.099800	-12.924600
0.099900	-7.117980
0.100000	-5.182430
0.100100	-5.182430
0.100200	-11.473000
0.100300	-10.989100
0.100400	7.398630
0.100500	15.140800
0.100600	21.915199
0.100700	39.335201
0.100800	47.077400
0.100900	44.174000
0.101000	45.625702
0.101100	45.141800
0.101200	15.140800
0.101300	-24.537901
0.101400	-18.247400
0.101500	1.108100
0.101600	3.527540
0.101700	-4.698540
0.101800	-19.698999
0.101900	-25.021799
0.102000	-26.473499
0.102100	-28.409000
0.102200	-27.441200
0.102300	-26.473499
0.102400	-20.666800
0.102500	-16.311800
0.102600	-13.892400
0.102700	-13.408500
0.102800	-19.698999
0.102900	-19.698999
0.103000	-12.924600
0.103100	-6.634090
0.103200	0.140327
0.103300	8.366410
0.103400	18.528000
0.103500	20.947500
0.103600	23.850800
0.103700	34.012402
0.103800	43.206299
0.103900	43.206299
0.104000	35.948002
0.104100	30.625200
0.104200	4.495310
0.104300	-39.538399
0.104400	-41.473999
0.104500	-22.602400
0.104600	-20.666800
0.104700	-23.086201
0.104800	-22.602400
0.104900	-24.537901
0.105000	-32.764000
0.105100	-21.634600
0.105200	-14.376300
0.105300	-15.827900
0.105400	-17.763500
0.105500	-12.924600
0.105600	-7.117980
0.105700	-5.182430
0.105800	3.043650
0.105900	12.237500
0.106000	15.140800
0.106100	13.689200
0.106200	12.237500
0.106300	7.398630
0.106400	-1.311330
0.106500	-4.214660
0.106600	-12.924600
0.106700	-23.570101
0.106800	-24.054001
0.106900	-15.344100
0.107000	-10.021300
0.107100	-8.085750
0.107200	-7.117980
0.107300	-6.634090
0.107400	-9.537410
0.107500	-12.924600
0.107600	-15.827900
0.107700	-15.344100
0.107800	-10.021300
0.107900	-0.343560
0.108000	15.140800
0.108100	19.979700
0.108200	18.044100
0.108300	23.366899
0.108400	27.721901
0.108500	24.818600
0.108600	21.915199
0.108700	24.334700
0.108800	25.302500
0.108900	28.689699
0.109000	28.689699
0.109100	22.399099
0.109200	13.205300
0.109300	2.559760
0.109400	-17.279600
0.109500	-58.410000
0.109600	-68.087700
0.109700	-42.925598
0.109800	-21.634600
0.109900	-16.795700
0.110000	-15.344100
0.110100	-11.956800
0.110200	-10.021300
0.110300	-9.053530
0.110400	-8.085750
0.110500	-10.505200
0.110600	-6.150200
0.110700	3.527540
0.110800	15.140800
0.110900	22.399099
0.111000	25.786301
0.111100	25.786301
0.111200	23.850800
0.111300	16.108601
0.111400	12.237500
0.111500	9.334180
0.111600	6.430860
0.111700	1.591990
0.111800	-7.117980
0.111900	-12.924600
0.112000	-14.860200
0.112100	-18.247400
0.112200	-24.537901
0.112300	-20.666800
0.112400	-16.795700
0.112500	-17.763500
0.112600	-10.505200
0.112700	-5.182430
0.112800	-8.569640
0.112900	-4.214660
0.113000	2.559760
0.113100	8.366410
0.113200	11.269700
0.113300	15.624700
0.113400	22.882999
0.113500	23.850800
0.113600	23.850800
0.113700	24.818600
0.113800	19.011900
0.113900	15.140800
0.114000	6.430860
0.114100	-6.150200
0.114200	-10.021300
0.114300	-8.085750
0.114400	-9.537410
0.114500	-10.021300
0.114600	2.075880
0.114700	10.302000
0.114800	9.818070
0.114900	9.818070
0.115000	9.334180
0.115100	6.430860
0.115200	2.559760
0.115300	2.559760
0.115400	9.334180
0.115500	16.108601
0.115600	25.786301
0.115700	33.528500
0.115800	35.464100
0.115900	36.431900
0.116000	38.367401
0.116100	34.496300
0.116200	31.593000
0.116300	29.657400
0.116400	23.850800
0.116500	21.915199
0.116600	15.140800
0.116700	4.011420
0.116800	3.527540
0.116900	4.495310
0.117000	-4.698540
0.117100	-9.053530
0.117200	-4.214660
0.117300	-6.150200
0.117400	-7.117980
0.117500	-3.246880
0.117600	-2.279110
0.117700	-10.021300
0.117800	-11.956800
0.117900	-10.021300
0.118000	-13.892400
0.118100	-14.860200
0.118200	-4.214660
0.118300	2.559760
0.118400	1.591990
0.118500	-1.311330
0.118600	3.043650
0.118700	10.302000
0.118800	9.334180
0.118900	7.398630
0.119000	1.108100
0.119100	-12.924600
0.119200	-20.182899
0.119300	-20.666800
0.119400	-17.763500
0.119500	-13.892400
0.119600	-9.053530
0.119700	-7.601860
0.119800	-5.182430
0.119900	-0.827447
0.120000	-3.246880
0.120100	-10.021300
0.120200	-9.053530
0.120300	-2.279110
0.120400	2.559760
0.120500	6.914750
0.120600	16.108601
0.120700	21.431400
0.120800	17.076401
0.120900	16.592501
0.121000	11.269700
0.121100	3.527540
0.121200	-5.182430
0.121300	-7.117980
0.121400	-17.279600
0.121500	-25.021799
0.121600	-24.537901
0.121700	-24.054001
0.121800	-27.441200
0.121900	-32.764000
0.122000	-28.409000
0.122100	-17.763500
0.122200	-11.956800
0.122300	-13.408500
0.122400	-7.601860
0.122500	-5.182430
0.122600	-2.279110
0.122700	-1.311330
0.122800	5.463080
0.122900	10.302000
0.123000	14.656900
0.123100	21.431400
0.123200	28.205799
0.123300	26.754101
0.123400	19.979700
0.123500	16.108601
0.123600	10.302000
0.123700	6.914750
0.123800	2.559760
0.123900	-5.182430
0.124000	-10.989100
0.124100	-13.892400
0.124200	-24.537901
0.124300	-27.441200
0.124400	-20.666800
0.124500	-12.440700
0.124600	-10.989100
0.124700	-12.924600
0.124800	-13.892400
0.124900	-13.892400
0.125000	-14.860200
0.125100	-13.892400
0.125200	-10.021300
0.125300	-5.182430
0.125400	-0.827447
0.125500	4.495310
0.125600	4.979200
0.125700	12.721400
0.125800	21.915199
0.125900	23.850800
0.126000	20.947500
0.126100	17.076401
0.126200	4.011420
0.126300	-12.924600
0.126400	-19.215200
0.126500	-20.182899
0.126600	-19.215200
0.126700	-16.795700
0.126800	-8.569640
0.126900	-6.150200
0.127000	-8.085750
0.127100	-10.989100
0.127200	-5.182430
0.127300	1.108100
0.127400	7.882520
0.127500	8.366410
0.127600	8.366410
0.127700	5.946970
0.127800	8.850290
0.127900	13.689200
0.128000	17.076401
0.128100	9.334180
0.128200	-1.795220
0.128300	-3.246880
0.128400	-5.182430
0.128500	-7.117980
0.128600	-0.827447
0.128700	7.398630
0.128800	6.914750
0.128900	4.011420
0.129000	8.366410
0.129100	4.979200
0.129200	2.559760
0.129300	5.463080
0.129400	11.269700
0.129500	13.205300
0.129600	9.334180
0.129700	6.430860
0.129800	0.624214
0.129900	-7.117980
0.130000	-6.634090
0.130100	-1.311330
0.130200	-7.117980
0.130300	-7.117980
0.130400	-1.311330
0.130500	-3.246880
0.130600	-7.117980
0.130700	-9.053530
0.130800	-3.730770
0.130900	0.140327
0.131000	-2.762990
0.131100	4.979200
0.131200	14.656900
0.131300	14.173100
0.131400	6.430860
0.131500	10.302000
0.131600	1.591990
0.131700	-8.569640
0.131800	-10.505200
0.131900	-8.085750
0.132000	-8.569640
0.132100	-5.182430
0.132200	-5.182430
0.132300	0.624214
0.132400	1.591990
0.132500	-1.311330
0.132600	-3.246880
0.132700	1.591990
0.132800	7.398630
0.132900	6.430860
0.133000	4.495310
0.133100	-0.343560
0.133200	-7.117980
0.133300	-15.827900
0.133400	-18.731300
0.133500	-14.860200
0.133600	-12.924600
0.133700	-10.021300
0.133800	-10.021300
0.133900	-10.021300
0.134000	-10.505200
0.134100	-5.666320
0.134200	4.979200
0.134300	7.882520
0.134400	5.946970
0.134500	1.108100
0.134600	2.559760
0.134700	-4.698540
0.134800	-7.601860
0.134900	-7.117980
0.135000	-10.505200
0.135100	-9.053530
0.135200	-5.182430
0.135300	-7.117980
0.135400	-4.214660
0.135500	-3.246880
0.135600	-0.343560
0.135700	0.140327
0.135800	3.527540
0.135900	7.398630
0.136000	6.914750
0.136100	6.430860
0.136200	2.559760
0.136300	-9.053530
0.136400	-7.117980
0.136500	-5.182430
0.136600	-5.666320
0.136700	-6.150200
0.136800	-5.666320
0.136900	-6.150200
0.137000	-6.150200
0.137100	-2.762990
0.137200	4.495310
0.137300	6.430860
0.137400	5.463080
0.137500	2.075880
0.137600	-0.343560
0.137700	-5.182430
0.137800	-7.117980
0.137900	-6.634090
0.138000	-5.182430
0.138100	-5.182430
0.138200	-6.150200
0.138300	0.624214
0.138400	2.075880
0.138500	1.591990
0.138600	4.979200
0.138700	8.366410
0.138800	6.430860
0.138900	4.495310
0.139000	0.624214
0.139100	-7.117980
0.139200	-12.924600
0.139300	-9.053530
0.139400	-8.085750
0.139500	-5.182430
0.139600	-4.698540
0.139700	-5.182430
0.139800	-2.762990
0.139900	6.430860
0.140000	7.398630
0.140100	8.366410
0.140200	6.430860
0.140300	6.430860
0.140400	4.495310
0.140500	-0.343560
0.140600	-1.311330
0.140700	0.624214
0.140800	1.591990
0.140900	2.075880
0.141000	1.108100
0.141100	-4.214660
0.141200	2.075880
0.141300	10.302000
0.141400	10.302000
0.141500	9.334180
0.141600	6.430860
0.141700	2.559760
0.141800	-5.182430
0.141900	-6.150200
0.142000	-2.279110
0.142100	0.624214
0.142200	0.624214
0.142300	2.559760
0.142400	4.495310
0.142500	4.495310
0.142600	0.140327
0.142700	2.075880
0.142800	0.624214
0.142900	-4.214660
0.143000	-8.569640
0.143100	-11.956800
0.143200	-14.860200
0.143300	-10.021300
0.143400	1.108100
0.143500	4.495310
0.143600	6.430860
0.143700	4.495310
0.143800	6.430860
0.143900	8.850290
0.144000	6.430860
0.144100	7.398630
0.144200	9.334180
0.144300	1.108100
0.144400	-5.182430
0.144500	-3.246880
0.144600	-3.246880
0.144700	-6.150200
0.144800	-5.182430
0.144900	-0.343560
0.145000	3.527540
0.145100	8.850290
0.145200	3.527540
0.145300	2.075880
0.145400	-3.246880
0.145500	-9.053530
0.145600	-10.989100
0.145700	-11.956800
0.145800	-10.989100
0.145900	-6.150200
0.146000	-4.214660
0.146100	-5.182430
0.146200	-8.569640
0.146300	-7.117980
0.146400	-4.698540
0.146500	-5.182430
0.146600	-3.730770
0.146700	-7.601860
0.146800	-10.989100
0.146900	-6.634090
0.147000	-5.182430
0.147100	-2.279110
0.147200	3.043650
0.147300	5.463080
0.147400	1.591990
0.147500	-3.730770
0.147600	-1.795220
0.147700	3.527540
0.147800	4.495310
0.147900	1.591990
0.148000	-1.795220
0.148100	-3.246880
0.148200	-3.246880
0.148300	-1.311330
0.148400	0.624214
0.148500	-3.246880
0.148600	0.624214
0.148700	2.559760
0.148800	4.495310
0.148900	4.495310
0.149000	2.075880
0.149100	0.624214
0.149200	-3.246880
0.149300	-6.150200
0.149400	-4.214660
0.149500	-5.182430
0.149600	-5.182430
0.149700	-3.730770
0.149800	-5.182430
0.149900	-7.117980
0.150000	-3.246880
0.150100	-4.214660
0.150200	-9.537410
0.150300	-6.150200
0.150400	-7.117980
0.150500	-4.214660
0.150600	-1.311330
0.150700	3.043650
0.150800	4.495310
0.150900	4.495310
0.151000	4.495310
0.151100	3.527540
0.151200	4.495310
0.151300	1.108100
0.151400	-0.343560
0.151500	2.559760
0.151600	-0.343560
0.151700	-2.279110
0.151800	-6.150200
0.151900	-8.085750
0.152000	-3.730770
0.152100	0.624214
0.152200	4.011420
0.152300	5.463080
0.152400	6.430860
0.152500	0.140327
0.152600	-4.698540
0.152700	-5.182430
0.152800	-10.021300
0.152900	-10.505200
0.153000	-10.021300
0.153100	-9.053530
0.153200	-9.537410
0.153300	-6.150200
0.153400	0.140327
0.153500	-0.343560
0.153600	-0.827447
0.153700	6.430860
0.153800	9.334180
0.153900	2.559760
0.154000	-1.311330
0.154100	-3.246880
0.154200	-0.343560
0.154300	0.624214
0.154400	1.591990
0.154500	2.559760
0.154600	11.269700
0.154700	11.269700
0.154800	6.430860
0.154900	2.559760
0.155000	0.624214
0.155100	-2.279110
0.155200	-0.827447
0.155300	3.527540
0.155400	8.366410
0.155500	6.430860
0.155600	0.624214
0.155700	0.624214
0.155800	-2.279110
0.155900	-2.279110
0.156000	-1.311330
0.156100	-4.214660
0.156200	-8.569640
0.156300	-5.182430
0.156400	-3.246880
0.156500	-0.827447
0.156600	1.591990
0.156700	2.559760
0.156800	9.334180
0.156900	11.269700
0.157000	13.205300
0.157100	8.850290
0.157200	2.559760
0.157300	-4.214660
0.157400	-5.182430
0.157500	0.140327
0.157600	2.559760
0.157700	1.591990
0.157800	2.559760
0.157900	3.527540
0.158000	2.075880
0.158100	0.624214
0.158200	3.527540
0.158300	-1.795220
0.158400	0.624214
0.158500	-0.343560
0.158600	-0.827447
0.158700	2.559760
0.158800	3.043650
0.158900	-3.730770
0.159000	-5.182430
0.159100	-3.246880
0.159200	-5.182430
0.159300	-8.085750
0.159400	-6.150200
0.159500	-10.021300
0.159600	-8.085750
0.159700	-1.311330
0.159800	0.624214
0.159900	0.624214
0.160000	-0.343560
0.160100	-1.795220
0.160200	-2.762990
0.160300	1.108100
0.160400	2.559760
0.160500	1.108100
0.160600	0.624214
0.160700	2.559760
0.160800	0.624214
0.160900	-3.730770
0.161000	-1.311330
0.161100	2.559760
0.161200	4.495310
0.161300	3.043650
0.161400	-0.827447
0.161500	0.140327
0.161600	-3.730770
0.161700	-5.182430
0.161800	-3.246880
0.161900	-0.343560
0.162000	-5.182430
0.162100	-12.924600
0.162200	-12.924600
0.162300	-8.569640
0.162400	-6.150200
0.162500	-5.182430
0.162600	-5.182430
0.162700	-7.117980
0.162800	-2.279110
0.162900	-1.311330
0.163000	-0.827447
0.163100	-3.730770
0.163200	-2.279110
0.163300	0.624214
0.163400	-0.343560
0.163500	-3.730770
0.163600	-1.311330
0.163700	3.527540
0.163800	1.108100
0.163900	-4.214660
0.164000	-0.827447
0.164100	0.624214
0.164200	-2.279110
0.164300	-1.311330
0.164400	0.624214
0.164500	4.495310
0.164600	4.011420
0.164700	-3.730770
0.164800	-6.150200
0.164900	-0.343560
0.165000	0.624214
0.165100	-5.182430
0.165200	-8.085750
0.165300	-10.021300
0.165400	-5.182430
0.165500	-3.730770
0.165600	-13.892400
0.165700	-10.989100
0.165800	-5.182430
0.165900	-8.085750
0.166000	-7.117980
0.166100	-4.698540
0.166200	-6.634090
0.166300	2.559760
0.166400	6.430860
0.166500	2.559760
0.166600	1.591990
0.166700	4.495310
0.166800	1.108100
0.166900	-2.762990
0.167000	-1.311330
0.167100	-5.182430
0.167200	-2.762990
0.167300	1.591990
0.167400	0.624214
0.167500	1.108100
0.167600	3.527540
0.167700	2.075880
0.167800	2.559760
0.167900	2.075880
0.168000	6.430860
0.168100	3.527540
0.168200	1.591990
0.168300	-2.279110
0.168400	-6.150200
0.168500	-5.182430
0.168600	-0.343560
0.168700	-3.730770
0.168800	-8.085750
0.168900	-4.698540
0.169000	0.624214
0.169100	6.914750
0.169200	7.398630
0.169300	6.430860
0.169400	1.108100
0.169500	0.140327
0.169600	-0.827447
0.169700	-2.279110
0.169800	-2.279110
0.169900	3.043650
0.170000	9.334180
0.170100	10.302000
0.170200	10.302000
0.170300	5.463080
0.170400	1.591990
0.170500	2.559760
0.170600	-0.343560
0.170700	2.559760
0.170800	10.302000
0.170900	7.398630
0.171000	4.011420
0.171100	3.527540
0.171200	1.591990
0.171300	-5.182430
0.171400	-7.117980
0.171500	-6.634090
0.171600	-6.150200
0.171700	-7.601860
0.171800	-7.117980
0.171900	-8.569640
0.172000	-7.117980
0.172100	-2.279110
0.172200	2.559760
0.172300	9.334180
0.172400	10.302000
0.172500	4.495310
0.172600	-0.343560
0.172700	2.075880
0.172800	2.559760
0.172900	0.624214
0.173000	6.430860
0.173100	5.463080
0.173200	2.559760
0.173300	2.559760
0.173400	3.527540
0.173500	-1.795220
0.173600	-1.795220
0.173700	-2.279110
0.173800	0.624214
0.173900	0.624214
0.174000	-0.827447
0.174100	3.043650
0.174200	4.495310
0.174300	3.043650
0.174400	-0.343560
0.174500	1.108100
0.174600	2.559760
0.174700	-5.182430
0.174800	-10.021300
0.174900	-8.085750
0.175000	-9.053530
0.175100	-14.376300
0.175200	-10.989100
0.175300	-5.182430
0.175400	-1.311330
0.175500	-1.311330
0.175600	2.559760
0.175700	-0.343560
0.175800	-2.762990
0.175900	-5.182430
0.176000	-0.343560
0.176100	-0.343560
0.176200	-5.182430
0.176300	-2.279110
0.176400	-3.246880
0.176500	-3.730770
0.176600	-0.343560
0.176700	-0.343560
0.176800	-3.246880
0.176900	-1.311330
0.177000	4.495310
0.177100	4.011420
0.177200	1.591990
0.177300	2.559760
0.177400	-5.182430
0.177500	-11.956800
0.177600	-8.569640
0.177700	-10.021300
0.177800	-12.924600
0.177900	-11.473000
0.178000	-7.117980
0.178100	-5.666320
0.178200	-9.537410
0.178300	-6.634090
0.178400	-7.117980
0.178500	-12.924600
0.178600	-8.085750
0.178700	-2.279110
0.178800	8.366410
0.178900	9.334180
0.179000	4.495310
0.179100	2.075880
0.179200	-2.762990
0.179300	-3.246880
0.179400	-2.279110
0.179500	-0.343560
0.179600	3.043650
0.179700	3.527540
0.179800	2.559760
0.179900	4.979200
0.180000	2.559760
0.180100	-2.279110
0.180200	1.591990
0.180300	3.527540
0.180400	3.527540
0.180500	5.463080
0.180600	2.559760
0.180700	5.463080
0.180800	4.979200
0.180900	-3.730770
0.181000	-10.021300
0.181100	-8.569640
0.181200	-6.150200
0.181300	-6.150200
0.181400	-10.505200
0.181500	-10.021300
0.181600	-6.150200
0.181700	-3.246880
0.181800	-1.311330
0.181900	-0.343560
0.182000	10.302000
0.182100	10.302000
0.182200	6.430860
0.182300	2.559760
0.182400	2.559760
0.182500	-2.279110
0.182600	1.108100
0.182700	2.559760
0.182800	3.527540
0.182900	5.463080
0.183000	5.463080
0.183100	4.979200
0.183200	-0.827447
0.183300	-3.246880
0.183400	-4.214660
0.183500	-2.279110
0.183600	1.591990
0.183700	7.882520
0.183800	4.979200
0.183900	-1.795220
0.184000	-1.311330
0.184100	0.624214
0.184200	1.591990
0.184300	-5.666320
0.184400	-7.601860
0.184500	-9.537410
0.184600	-8.085750
0.184700	-5.182430
0.184800	-4.698540
0.184900	-0.343560
0.185000	5.463080
0.185100	4.495310
0.185200	1.591990
0.185300	-0.343560
0.185400	2.559760
0.185500	0.140327
0.185600	-7.117980
0.185700	-8.085750
0.185800	-0.343560
0.185900	2.559760
0.186000	1.591990
0.186100	-4.214660
0.186200	-4.698540
0.186300	0.624214
0.186400	4.495310
0.186500	2.075880
0.186600	-0.827447
0.186700	-1.311330
0.186800	-4.214660
0.186900	-0.343560
0.187000	-6.150200
0.187100	-10.021300
0.187200	-8.569640
0.187300	-8.085750
0.187400	-5.182430
0.187500	-0.343560
0.187600	6.430860
0.187700	2.559760
0.187800	2.559760
0.187900	8.366410
0.188000	3.527540
0.188100	-7.117980
0.188200	-7.117980
0.188300	-1.795220
0.188400	2.559760
0.188500	2.559760
0.188600	4.495310
0.188700	4.979200
0.188800	3.527540
0.188900	-2.279110
0.189000	-5.666320
0.189100	-4.698540
0.189200	0.624214
0.189300	6.430860
0.189400	4.495310
0.189500	2.559760
0.189600	1.108100
0.189700	-5.182430
0.189800	-7.117980
0.189900	-8.085750
0.190000	-10.021300
0.190100	-5.182430
0.190200	-2.762990
0.190300	-5.182430
0.190400	-8.085750
0.190500	-5.182430
0.190600	-2.279110
0.190700	2.559760
0.190800	2.559760
0.190900	-2.279110
0.191000	-4.214660
0.191100	0.624214
0.191200	-0.827447
0.191300	-2.762990
0.191400	-1.795220
0.191500	-2.279110
0.191600	1.108100
0.191700	2.559760
0.191800	-1.311330
0.191900	0.140327
0.192000	1.591990
0.192100	-2.279110
0.192200	-5.182430
0.192300	0.624214
0.192400	5.463080
0.192500	3.043650
0.192600	3.043650
0.192700	3.527540
0.192800	-2.279110
0.192900	-4.214660
0.193000	0.624214
0.193100	0.624214
0.193200	-8.085750
0.193300	-9.053530
0.193400	-4.214660
0.193500	-4.214660
0.193600	-7.601860
0.193700	-5.182430
0.193800	0.624214
0.193900	1.108100
0.194000	2.559760
0.194100	3.527540
0.194200	2.075880
0.194300	-1.311330
0.194400	0.624214
0.194500	-2.279110
0.194600	1.591990
0.194700	0.140327
0.194800	-2.279110
0.194900	1.591990
0.195000	-0.343560
0.195100	1.591990
0.195200	-0.827447
0.195300	-1.311330
0.195400	0.140327
0.195500	-2.762990
0.195600	4.011420
0.195700	4.011420
0.195800	1.591990
0.195900	2.559760
0.196000	0.624214
0.196100	-1.795220
0.196200	-2.762990
0.196300	-5.182430
0.196400	-8.085750
0.196500	-6.634090
0.196600	-2.279110
0.196700	1.591990
0.196800	-5.182430
0.196900	-1.795220
0.197000	-2.279110
0.197100	-4.698540
0.197200	-5.182430
0.197300	-1.311330
0.197400	4.495310
0.197500	3.527540
0.197600	2.559760
0.197700	2.559760
0.197800	3.527540
0.197900	1.591990
0.198000	-0.343560
0.198100	0.624214
0.198200	2.559760
0.198300	0.624214
0.198400	3.527540
0.198500	1.591990
0.198600	3.043650
0.198700	4.979200
0.198800	4.495310
0.198900	-4.214660
0.199000	-2.279110
0.199100	1.108100
0.199200	-1.311330
0.199300	-5.182430
0.199400	-6.150200
0.199500	-5.182430
0.199600	-7.117980
0.199700	-6.150200
0.199800	0.140327
0.199900	4.495310
0.200000	0.624214
0.200100	1.591990
0.200200	3.527540
0.200300	2.559760
0.200400	-0.827447
0.200500	-0.343560
0.200600	1.591990
0.200700	-0.827447
0.200800	1.108100
0.200900	4.495310
0.201000	3.527540
0.201100	-0.343560
0.201200	2.559760
0.201300	0.624214
0.201400	-2.279110
0.201500	0.624214
0.201600	5.463080
0.201700	3.043650
0.201800	2.559760
0.201900	-0.343560
0.202000	-3.246880
0.202100	0.624214
0.202200	-3.246880
0.202300	-6.634090
0.202400	-4.698540
0.202500	-3.246880
0.202600	-3.246880
0.202700	-2.762990
0.202800	3.527540
0.202900	3.527540
0.203000	2.559760
0.203100	4.495310
0.203200	0.624214
0.203300	-3.730770
0.203400	2.559760
0.203500	-0.343560
0.203600	-1.795220
0.203700	-1.311330
0.203800	-3.246880
0.203900	2.559760
0.204000	2.559760
0.204100	0.624214
0.204200	-0.343560
0.204300	-2.762990
0.204400	-2.279110
0.204500	2.559760
0.204600	6.430860
0.204700	7.398630
0.204800	0.140327
0.204900	-5.182430
0.205000	-5.182430
0.205100	-2.762990
0.205200	1.108100
0.205300	-2.279110
0.205400	-6.150200
0.205500	-8.569640
0.205600	-5.182430
0.205700	-5.666320
0.205800	-7.117980
0.205900	-6.634090
0.206000	-9.537410
0.206100	-10.505200
0.206200	-7.117980
0.206300	-6.634090
0.206400	-8.085750
0.206500	-7.117980
0.206600	-5.182430
0.206700	1.108100
0.206800	3.527540
0.206900	3.527540
0.207000	-2.279110
0.207100	-0.343560
0.207200	-0.343560
0.207300	-1.311330
0.207400	-0.343560
0.207500	2.559760
0.207600	3.527540
0.207700	3.527540
0.207800	3.043650
0.207900	4.495310
0.208000	1.591990
0.208100	1.591990
0.208200	2.559760
0.208300	5.463080
0.208400	5.463080
0.208500	0.624214
0.208600	-0.343560
0.208700	4.011420
0.208800	7.398630
0.208900	8.366410
0.209000	6.430860
0.209100	1.108100
0.209200	-5.182430
0.209300	-6.150200
0.209400	-4.698540
0.209500	-6.634090
0.209600	-5.182430
0.209700	-3.246880
0.209800	1.591990
0.209900	-4.214660
0.210000	-3.730770
0.210100	2.559760
0.210200	10.302000
0.210300	10.302000
0.210400	8.366410
0.210500	6.430860
0.210600	2.559760
0.210700	-5.666320
0.210800	-0.827447
0.210900	2.559760
0.211000	4.979200
0.211100	2.075880
0.211200	1.591990
0.211300	-3.246880
0.211400	-5.182430
0.211500	0.624214
0.211600	2.559760
0.211700	0.624214
0.211800	-1.311330
0.211900	2.559760
0.212000	3.043650
0.212100	-2.279110
0.212200	-3.246880
0.212300	2.075880
0.212400	4.979200
0.212500	3.527540
0.212600	0.624214
0.212700	-2.762990
0.212800	-1.311330
0.212900	1.591990
0.213000	-1.311330
0.213100	-5.182430
0.213200	-5.182430
0.213300	-6.150200
0.213400	-2.762990
0.213500	0.624214
0.213600	1.108100
0.213700	1.108100
0.213800	3.043650
0.213900	7.398630
0.214000	4.495310
0.214100	0.140327
0.214200	0.624214
0.214300	-2.279110
0.214400	-5.182430
0.214500	-2.762990
0.214600	-1.795220
0.214700	-3.246880
0.214800	-0.343560
0.214900	2.559760
0.215000	3.527540
0.215100	4.495310
0.215200	-1.311330
0.215300	-2.279110
0.215400	-0.827447
0.215500	-2.279110
0.215600	2.075880
0.215700	2.559760
0.215800	-2.279110
0.215900	-4.214660
0.216000	-6.150200
0.216100	-9.537410
0.216200	-10.505200
0.216300	-7.117980
0.216400	-1.311330
0.216500	1.108100
0.216600	4.495310
0.216700	5.463080
0.216800	2.559760
0.216900	1.591990
0.217000	4.495310
0.217100	3.527540
0.217200	4.495310
0.217300	2.559760
0.217400	-2.279110
0.217500	-2.762990
0.217600	0.624214
0.217700	2.559760
0.217800	4.495310
0.217900	2.559760
0.218000	-3.246880
0.218100	-2.279110
0.218200	-1.311330
0.218300	-2.279110
0.218400	-0.343560
0.218500	-2.279110
0.218600	1.591990
0.218700	-0.343560
0.218800	-2.279110
0.218900	0.624214
0.219000	-1.795220
0.219100	-3.246880
0.219200	-3.246880
0.219300	-6.634090
0.219400	-7.601860
0.219500	-9.053530
0.219600	-7.117980
0.219700	-10.989100
0.219800	-13.892400
0.219900	-12.924600
0.220000	-4.214660
0.220100	2.075880
0.220200	5.463080
0.220300	6.430860
0.220400	8.366410
0.220500	4.011420
0.220600	-0.343560
0.220700	-4.214660
0.220800	-4.698540
0.220900	-5.182430
0.221000	-0.343560
0.221100	2.559760
0.221200	-3.730770
0.221300	-5.666320
0.221400	-7.117980
0.221500	-2.762990
0.221600	0.624214
0.221700	1.108100
0.221800	2.559760
0.221900	0.624214
0.222000	-4.214660
0.222100	-1.311330
0.222200	-1.311330
0.222300	-2.279110
0.222400	-4.698540
0.222500	-4.214660
0.222600	-5.182430
0.222700	-3.730770
0.222800	2.559760
0.222900	4.495310
0.223000	3.043650
0.223100	8.366410
0.223200	4.979200
0.223300	-0.343560
0.223400	-4.214660
0.223500	-3.246880
0.223600	-4.214660
0.223700	1.591990
0.223800	2.559760
0.223900	-4.214660
0.224000	-5.182430
0.224100	3.527540
0.224200	5.463080
0.224300	8.366410
0.224400	3.527540
0.224500	2.559760
0.224600	2.559760
0.224700	4.495310
0.224800	-0.827447
0.224900	-5.666320
0.225000	-6.634090
0.225100	-5.182430
0.225200	-3.246880
0.225300	-3.246880
0.225400	-5.182430
0.225500	-3.246880
0.225600	1.591990
0.225700	0.624214
0.225800	-0.343560
0.225900	2.559760
0.226000	6.430860
0.226100	0.624214
0.226200	-1.795220
0.226300	4.495310
0.226400	4.495310
0.226500	0.624214
0.226600	2.559760
0.226700	7.398630
0.226800	2.559760
0.226900	0.624214
0.227000	0.624214
0.227100	-1.311330
0.227200	-3.246880
0.227300	-1.795220
0.227400	1.591990
0.227500	5.946970
0.227600	-0.343560
0.227700	0.624214
0.227800	0.624214
0.227900	-0.343560
0.228000	-6.150200
0.228100	-7.117980
0.228200	-3.246880
0.228300	-5.182430
0.228400	-9.537410
0.228500	-6.150200
0.228600	-0.343560
0.228700	2.559760
0.228800	4.011420
0.228900	6.430860
0.229000	6.430860
0.229100	4.011420
0.229200	1.108100
0.229300	-5.182430
0.229400	-8.085750
0.229500	-2.762990
0.229600	-0.827447
0.229700	-0.343560
0.229800	1.108100
0.229900	-2.762990
0.230000	1.108100
0.230100	2.559760
0.230200	4.495310
0.230300	3.527540
0.230400	2.559760
0.230500	-4.214660
0.230600	-6.634090
0.230700	-1.311330
0.230800	-3.246880
0.230900	-0.827447
0.231000	2.075880
0.231100	1.591990
0.231200	2.559760
0.231300	3.527540
0.231400	-3.246880
0.231500	-5.182430
0.231600	-5.182430
0.231700	-2.279110
0.231800	-5.182430
0.231900	-8.085750
0.232000	-10.021300
0.232100	-10.505200
0.232200	-6.634090
0.232300	0.624214
0.232400	1.591990
0.232500	-1.311330
0.232600	4.495310
0.232700	4.495310
0.232800	-0.827447
0.232900	-5.182430
0.233000	3.527540
0.233100	6.430860
0.233200	4.495310
0.233300	2.559760
0.233400	-4.214660
0.233500	-7.117980
0.233600	-5.182430
0.233700	-5.182430
0.233800	-2.279110
0.233900	-1.795220
0.234000	-0.827447
0.234100	4.495310
0.234200	0.624214
0.234300	-1.795220
0.234400	1.591990
0.234500	2.559760
0.234600	-2.279110
0.234700	1.591990
0.234800	4.979200
0.234900	3.527540
0.235000	-3.246880
0.235100	-3.730770
0.235200	-4.214660
0.235300	-6.150200
0.235400	-8.085750
0.235500	-0.827447
0.235600	-3.246880
0.235700	-5.182430
0.235800	-8.085750
0.235900	-9.053530
0.236000	-4.214660
0.236100	3.043650
0.236200	6.430860
0.236300	6.430860
0.236400	3.527540
0.236500	0.624214
0.236600	3.527540
0.236700	1.591990
0.236800	0.624214
0.236900	0.140327
0.237000	0.624214
0.237100	1.108100
0.237200	-1.795220
0.237300	3.043650
0.237400	5.463080
0.237500	6.430860
0.237600	4.979200
0.237700	2.559760
0.237800	2.559760
0.237900	2.559760
0.238000	3.527540
0.238100	2.559760
0.238200	3.527540
0.238300	-0.343560
0.238400	-4.214660
0.238500	-2.279110
0.238600	-3.246880
0.238700	-4.698540
0.238800	-3.246880
0.238900	-8.085750
0.239000	-13.408500
0.239100	-6.150200
0.239200	0.624214
0.239300	2.559760
0.239400	1.108100
0.239500	4.011420
0.239600	8.366410
0.239700	4.011420
0.239800	0.624214
0.239900	-0.827447
0.240000	0.624214
0.240100	1.591990
0.240200	2.075880
0.240300	2.559760
0.240400	4.011420
0.240500	7.398630
0.240600	4.011420
0.240700	-0.343560
0.240800	0.624214
0.240900	0.624214
0.241000	6.430860
0.241100	6.430860
0.241200	1.108100
0.241300	-0.343560
0.241400	-2.279110
0.241500	-3.246880
0.241600	-3.246880
0.241700	-2.279110
0.241800	0.624214
0.241900	-4.214660
0.242000	-8.085750
0.242100	0.624214
0.242200	5.463080
0.242300	5.463080
0.242400	2.075880
0.242500	6.430860
0.242600	2.559760
0.242700	-3.246880
0.242800	-0.827447
0.242900	5.463080
0.243000	4.495310
0.243100	2.075880
0.243200	-0.343560
0.243300	-0.343560
0.243400	-1.311330
0.243500	-1.311330
0.243600	-0.343560
0.243700	2.559760
0.243800	2.075880
0.243900	3.527540
0.244000	2.559760
0.244100	-3.246880
0.244200	-0.343560
0.244300	-2.279110
0.244400	-4.214660
0.244500	-6.634090
0.244600	-7.601860
0.244700	-7.601860
0.244800	-3.246880
0.244900	-0.827447
0.245000	1.591990
0.245100	6.430860
0.245200	5.463080
0.245300	-0.343560
0.245400	2.559760
0.245500	1.108100
0.245600	-0.343560
0.245700	2.075880
0.245800	0.624214
0.245900	-5.182430
0.246000	-7.117980
0.246100	-5.182430
0.246200	-6.150200
0.246300	0.624214
0.246400	0.140327
0.246500	-1.795220
0.246600	-1.311330
0.246700	-0.343560
0.246800	-0.827447
0.246900	-0.343560
0.247000	-1.311330
0.247100	1.108100
0.247200	-2.762990
0.247300	-6.150200
0.247400	-5.182430
0.247500	-3.246880
0.247600	-7.117980
0.247700	-6.150200
0.247800	-4.214660
0.247900	-8.569640
0.248000	-1.311330
0.248100	-0.827447
0.248200	-6.634090
0.248300	-5.182430
0.248400	-4.214660
0.248500	-3.246880
0.248600	-0.343560
0.248700	0.624214
0.248800	1.591990
0.248900	2.559760
0.249000	-0.343560
0.249100	-0.343560
0.249200	3.043650
0.249300	0.624214
0.249400	4.011420
0.249500	-0.343560
0.249600	-0.343560
0.249700	2.559760
0.249800	3.043650
0.249900	1.591990
0.250000	7.398630
0.250100	3.043650
0.250200	-2.279110
0.250300	0.624214
0.250400	4.495310
0.250500	1.591990
0.250600	0.624214
0.250700	0.624214
0.250800	-0.343560
0.250900	-1.311330
0.251000	-2.279110
0.251100	-8.569640
0.251200	-6.150200
0.251300	-1.311330
0.251400	2.559760
0.251500	3.043650
0.251600	4.495310
0.251700	-2.279110
0.251800	-3.246880
0.251900	0.624214
0.252000	2.559760
0.252100	-0.343560
0.252200	0.624214
0.252300	2.559760
0.252400	9.334180
0.252500	6.914750
0.252600	-2.279110
0.252700	-1.311330
0.252800	4.495310
0.252900	3.527540
0.253000	-0.827447
0.253100	1.591990
0.253200	-3.246880
0.253300	-5.182430
0.253400	-6.634090
0.253500	-7.117980
0.253600	-6.634090
0.253700	-3.246880
0.253800	4.979200
0.253900	4.495310
0.254000	1.108100
0.254100	3.527540
0.254200	5.946970
0.254300	2.559760
0.254400	-2.762990
0.254500	1.108100
0.254600	3.527540
0.254700	4.011420
0.254800	2.559760
0.254900	2.559760
0.255000	0.624214
0.255100	1.591990
0.255200	-0.343560
0.255300	0.140327
0.255400	4.495310
0.255500	6.430860
0.255600	0.140327
0.255700	0.140327
0.255800	4.011420
0.255900	4.011420
0.256000	1.108100
0.256100	-0.343560
0.256200	-4.214660
0.256300	-4.214660
0.256400	-7.117980
0.256500	-7.117980
0.256600	-7.117980
0.256700	-7.117980
0.256800	-11.956800
0.256900	-7.117980
0.257000	2.075880
0.257100	4.011420
0.257200	6.430860
0.257300	5.463080
0.257400	3.527540
0.257500	-1.311330
0.257600	-3.730770
0.257700	-2.279110
0.257800	-1.795220
0.257900	-2.279110
0.258000	-1.795220
0.258100	2.559760
0.258200	0.624214
0.258300	-3.730770
0.258400	-1.795220
0.258500	4.495310
0.258600	4.495310
0.258700	-0.827447
0.258800	-6.634090
0.258900	-5.182430
0.259000	-7.117980
0.259100	-7.601860
0.259200	-6.634090
0.259300	-9.053530
0.259400	-11.473000
0.259500	-8.085750
0.259600	-4.214660
0.259700	0.624214
0.259800	1.108100
0.259900	2.559760
0.260000	0.624214
0.260100	2.559760
0.260200	4.011420
0.260300	4.495310
0.260400	-0.827447
0.260500	-5.182430
0.260600	2.559760
0.260700	8.366410
0.260800	6.914750
0.260900	6.430860
0.261000	4.979200
0.261100	1.591990
0.261200	0.624214
0.261300	2.559760
0.261400	3.043650
0.261500	2.559760
0.261600	-1.311330
0.261700	-3.246880
0.261800	-5.182430
0.261900	-4.214660
0.262000	-5.182430
0.262100	-5.182430
0.262200	-6.634090
0.262300	-8.569640
0.262400	-4.214660
0.262500	-1.795220
0.262600	-1.311330
0.262700	1.591990
0.262800	0.140327
0.262900	-3.730770
0.263000	1.108100
0.263100	1.591990
0.263200	-1.795220
0.263300	2.559760
0.263400	6.430860
0.263500	2.559760
0.263600	-0.343560
0.263700	-5.182430
0.263800	-4.698540
0.263900	-0.343560
0.264000	-0.343560
0.264100	4.011420
0.264200	5.463080
0.264300	2.559760
0.264400	0.624214
0.264500	0.140327
0.264600	-3.730770
0.264700	-2.279110
0.264800	-4.214660
0.264900	-5.666320
0.265000	-5.182430
0.265100	-5.182430
0.265200	-6.150200
0.265300	-9.537410
0.265400	-8.085750
0.265500	-4.698540
0.265600	-1.795220
0.265700	2.559760
0.265800	2.559760
0.265900	3.527540
0.266000	2.559760
0.266100	3.527540
0.266200	2.559760
0.266300	-1.311330
0.266400	-3.246880
0.266500	-3.246880
0.266600	-3.246880
0.266700	-4.214660
0.266800	-2.279110
0.266900	-1.311330
0.267000	0.140327
0.267100	4.495310
0.267200	1.108100
0.267300	-2.762990
0.267400	-4.214660
0.267500	-0.343560
0.267600	-3.246880
0.267700	0.624214
0.267800	4.495310
0.267900	1.591990
0.268000	1.591990
0.268100	2.075880
0.268200	-3.246880
0.268300	-6.150200
0.268400	-6.150200
0.268500	-7.117980
0.268600	-6.150200
0.268700	-6.634090
0.268800	-6.150200
0.268900	-0.343560
0.269000	1.108100
0.269100	1.591990
0.269200	2.075880
0.269300	0.624214
0.269400	0.140327
0.269500	-0.343560
0.269600	2.559760
0.269700	0.624214
0.269800	-2.279110
0.269900	0.624214
0.270000	2.559760
0.270100	1.108100
0.270200	-0.343560
0.270300	2.559760
0.270400	4.495310
0.270500	4.979200
0.270600	-1.795220
0.270700	-0.343560
0.270800	2.559760
0.270900	2.559760
0.271000	6.430860
0.271100	4.495310
0.271200	0.624214
0.271300	0.624214
0.271400	-1.311330
0.271500	1.108100
0.271600	-5.182430
0.271700	-5.182430
0.271800	1.108100
0.271900	0.140327
0.272000	-10.989100
0.272100	-10.989100
0.272200	-5.182430
0.272300	-6.634090
0.272400	-7.117980
0.272500	-3.246880
0.272600	-0.343560
0.272700	1.591990
0.272800	2.559760
0.272900	0.624214
0.273000	4.011420
0.273100	6.430860
0.273200	2.559760
0.273300	-1.311330
0.273400	0.624214
0.273500	-0.827447
0.273600	-2.762990
0.273700	1.591990
0.273800	2.559760
0.273900	-0.827447
0.274000	-3.730770
0.274100	-3.246880
0.274200	-0.343560
0.274300	3.043650
0.274400	-1.311330
0.274500	-4.698540
0.274600	-1.311330
0.274700	-4.214660
0.274800	-9.537410
0.274900	-5.666320
0.275000	-2.279110
0.275100	-6.634090
0.275200	-11.956800
0.275300	-10.021300
0.275400	-7.601860
0.275500	-8.085750
0.275600	-0.343560
0.275700	2.559760
0.275800	4.495310
0.275900	6.914750
0.276000	-1.311330
0.276100	1.108100
0.276200	2.559760
0.276300	0.624214
0.276400	1.591990
0.276500	-2.762990
0.276600	-1.311330
0.276700	4.495310
0.276800	2.559760
0.276900	1.591990
0.277000	0.624214
0.277100	-0.343560
0.277200	-0.343560
0.277300	-0.827447
0.277400	4.495310
0.277500	2.559760
0.277600	2.559760
0.277700	2.075880
0.277800	1.108100
0.277900	-1.311330
0.278000	-3.730770
0.278100	-2.762990
0.278200	-5.182430
0.278300	-6.150200
0.278400	-5.182430
0.278500	-4.214660
0.278600	-5.182430
0.278700	-7.117980
0.278800	-2.279110
0.278900	1.591990
0.279000	1.108100
0.279100	4.495310
0.279200	3.527540
0.279300	6.914750
0.279400	6.914750
0.279500	3.043650
0.279600	3.527540
0.279700	2.559760
0.279800	2.559760
0.279900	2.559760
0.280000	2.559760
0.280100	-0.343560
0.280200	1.108100
0.280300	3.527540
0.280400	-0.343560
0.280500	2.075880
0.280600	6.430860
0.280700	8.366410
0.280800	3.527540
0.280900	2.559760
0.281000	2.559760
0.281100	-2.279110
0.281200	-5.182430
0.281300	0.624214
0.281400	3.527540
0.281500	2.559760
0.281600	3.043650
0.281700	2.559760
0.281800	0.624214
0.281900	4.979200
0.282000	8.366410
0.282100	4.495310
0.282200	3.527540
0.282300	2.559760
0.282400	-0.827447
0.282500	-3.730770
0.282600	-6.634090
0.282700	-6.150200
0.282800	-7.117980
0.282900	-10.989100
0.283000	-13.408500
0.283100	-10.989100
0.283200	-6.634090
0.283300	-3.246880
0.283400	-1.311330
0.283500	-2.279110
0.283600	0.624214
0.283700	6.430860
0.283800	0.624214
0.283900	-3.246880
0.284000	-2.762990
0.284100	-1.311330
0.284200	-0.343560
0.284300	-2.279110
0.284400	-1.311330
0.284500	2.559760
0.284600	5.463080
0.284700	2.559760
0.284800	3.043650
0.284900	1.591990
0.285000	1.108100
0.285100	0.140327
0.285200	2.559760
0.285300	1.591990
0.285400	1.591990
0.285500	4.495310
0.285600	5.463080
0.285700	0.624214
0.285800	-0.343560
0.285900	-1.311330
0.286000	-6.150200
0.286100	-11.473000
0.286200	-8.569640
0.286300	-6.150200
0.286400	-7.601860
0.286500	-5.182430
0.286600	-5.182430
0.286700	-5.182430
0.286800	-4.214660
0.286900	0.624214
0.287000	2.559760
0.287100	2.559760
0.287200	5.463080
0.287300	4.011420
0.287400	3.527540
0.287500	0.140327
0.287600	0.624214
0.287700	-2.279110
0.287800	-0.343560
0.287900	-0.343560
0.288000	-3.246880
0.288100	-2.279110
0.288200	0.624214
0.288300	2.559760
0.288400	3.527540
0.288500	0.624214
0.288600	-4.698540
0.288700	-5.182430
0.288800	-5.182430
0.288900	-10.021300
0.289000	-7.117980
0.289100	-7.117980
0.289200	-12.440700
0.289300	-12.440700
0.289400	-8.569640
0.289500	1.108100
0.289600	9.818070
0.289700	8.366410
0.289800	3.527540
0.289900	2.559760
0.290000	-2.279110
0.290100	-2.279110
0.290200	-0.343560
0.290300	-3.246880
0.290400	-3.730770
0.290500	0.624214
0.290600	4.495310
0.290700	3.527540
0.290800	-0.343560
0.290900	-2.762990
0.291000	-6.150200
0.291100	-5.666320
0.291200	-1.311330
0.291300	0.624214
0.291400	0.140327
0.291500	-2.762990
0.291600	-2.279110
0.291700	-1.311330
0.291800	-7.117980
0.291900	-9.053530
0.292000	-10.021300
0.292100	-10.989100
0.292200	-8.085750
0.292300	-5.182430
0.292400	-4.214660
0.292500	6.430860
0.292600	10.785800
0.292700	9.334180
0.292800	4.979200
0.292900	2.559760
0.293000	4.011420
0.293100	3.527540
0.293200	-1.311330
0.293300	-2.279110
0.293400	-2.762990
0.293500	-2.279110
0.293600	-4.214660
0.293700	-3.246880
0.293800	0.624214
0.293900	-1.311330
0.294000	-1.795220
0.294100	-0.827447
0.294200	-0.827447
0.294300	1.591990
0.294400	5.463080
0.294500	6.430860
0.294600	-1.795220
0.294700	-4.214660
0.294800	-5.182430
0.294900	-4.214660
0.295000	-2.279110
0.295100	-3.246880
0.295200	-3.730770
0.295300	-4.214660
0.295400	-3.246880
0.295500	-2.279110
0.295600	1.591990
0.295700	6.430860
0.295800	7.398630
0.295900	7.398630
0.296000	6.430860
0.296100	-2.279110
0.296200	-2.762990
0.296300	-1.311330
0.296400	-3.246880
0.296500	-4.214660
0.296600	2.559760
0.296700	6.430860
0.296800	-0.343560
0.296900	-3.246880
0.297000	1.591990
0.297100	2.559760
0.297200	-4.214660
0.297300	-5.182430
0.297400	-0.343560
0.297500	3.527540
0.297600	2.559760
0.297700	2.559760
0.297800	-2.762990
0.297900	-6.150200
0.298000	-4.214660
0.298100	0.140327
0.298200	-1.795220
0.298300	-5.182430
0.298400	-7.117980
0.298500	-8.569640
0.298600	-6.634090
0.298700	-2.279110
0.298800	0.624214
0.298900	-6.150200
0.299000	-4.214660
0.299100	-4.214660
0.299200	-4.214660
0.299300	1.108100
0.299400	4.011420
0.299500	6.914750
0.299600	5.946970
0.299700	6.430860
0.299800	3.043650
0.299900	0.624214
