-0.050000	-6.843400
-0.049900	0.395739
-0.049800	4.739220
-0.049700	2.808780
-0.049600	-0.086870
-0.049500	-0.569479
-0.049400	0.395739
-0.049300	-6.360790
-0.049200	-8.773830
-0.049100	-3.947740
-0.049000	-2.017310
-0.048900	4.739220
-0.048800	0.878348
-0.048700	0.395739
-0.048600	3.774000
-0.048500	3.291390
-0.048400	8.600090
-0.048300	3.291390
-0.048200	3.774000
-0.048100	1.843570
-0.048000	-0.086870
-0.047900	-2.017310
-0.047800	-3.947740
-0.047700	1.360960
-0.047600	4.256610
-0.047500	2.808780
-0.047400	1.360960
-0.047300	5.704440
-0.047200	-2.982520
-0.047100	0.395739
-0.047000	0.395739
-0.046900	-0.086870
-0.046800	-1.052090
-0.046700	1.360960
-0.046600	-1.052090
-0.046500	-0.569479
-0.046400	0.395739
-0.046300	-2.017310
-0.046200	-4.912960
-0.046100	-2.499910
-0.046000	0.395739
-0.045900	-1.052090
-0.045800	-0.569479
-0.045700	-2.017310
-0.045600	-4.912960
-0.045500	-4.912960
-0.045400	-2.982520
-0.045300	-4.430350
-0.045200	1.843570
-0.045100	4.739220
-0.045000	0.878348
-0.044900	-1.052090
-0.044800	0.878348
-0.044700	-2.499910
-0.044600	-2.017310
-0.044500	-1.052090
-0.044400	-1.534700
-0.044300	-2.017310
-0.044200	1.360960
-0.044100	5.704440
-0.044000	1.843570
-0.043900	-0.086870
-0.043800	1.843570
-0.043700	0.878348
-0.043600	-4.912960
-0.043500	-2.499910
-0.043400	-1.052090
-0.043300	-2.982520
-0.043200	-0.569479
-0.043100	-3.947740
-0.043000	2.326180
-0.042900	2.326180
-0.042800	4.256610
-0.042700	1.843570
-0.042600	1.843570
-0.042500	5.221830
-0.042400	3.774000
-0.042300	0.395739
-0.042200	2.808780
-0.042100	1.360960
-0.042000	0.878348
-0.041900	2.808780
-0.041800	-1.052090
-0.041700	-0.086870
-0.041600	-2.499910
-0.041500	1.843570
-0.041400	8.117480
-0.041300	-2.499910
-0.041200	-6.843400
-0.041100	-0.086870
-0.041000	4.739220
-0.040900	1.843570
-0.040800	-1.052090
-0.040700	0.878348
-0.040600	0.878348
-0.040500	-2.017310
-0.040400	0.878348
-0.040300	1.843570
-0.040200	-2.017310
-0.040100	-2.017310
-0.040000	3.774000
-0.039900	2.808780
-0.039800	-0.569479
-0.039700	0.395739
-0.039600	0.878348
-0.039500	-0.086870
-0.039400	-2.499910
-0.039300	-2.017310
-0.039200	-2.017310
-0.039100	-4.430350
-0.039000	0.878348
-0.038900	6.669660
-0.038800	-1.052090
-0.038700	0.878348
-0.038600	7.634870
-0.038500	1.843570
-0.038400	-2.017310
-0.038300	-0.569479
-0.038200	-1.052090
-0.038100	-1.052090
-0.038000	-0.086870
-0.037900	3.291390
-0.037800	7.152270
-0.037700	-2.499910
-0.037600	-9.739050
-0.037500	-0.569479
-0.037400	2.326180
-0.037300	0.878348
-0.037200	-0.569479
-0.037100	-1.534700
-0.037000	-3.947740
-0.036900	-5.395570
-0.036800	-0.569479
-0.036700	-2.499910
-0.036600	-1.052090
-0.036500	4.739220
-0.036400	5.221830
-0.036300	1.843570
-0.036200	1.843570
-0.036100	0.878348
-0.036000	-2.499910
-0.035900	-8.291220
-0.035800	0.878348
-0.035700	0.395739
-0.035600	1.843570
-0.035500	-1.052090
-0.035400	0.878348
-0.035300	5.704440
-0.035200	3.774000
-0.035100	-0.569479
-0.035000	-2.982520
-0.034900	0.395739
-0.034800	2.808780
-0.034700	0.878348
-0.034600	-4.430350
-0.034500	-2.499910
-0.034400	2.326180
-0.034300	-3.947740
-0.034200	-2.499910
-0.034100	-6.360790
-0.034000	0.395739
-0.033900	0.878348
-0.033800	3.291390
-0.033700	-0.086870
-0.033600	-0.569479
-0.033500	-2.982520
-0.033400	-1.052090
-0.033300	0.878348
-0.033200	-1.052090
-0.033100	-1.052090
-0.033000	0.878348
-0.032900	0.878348
-0.032800	1.843570
-0.032700	2.326180
-0.032600	3.774000
-0.032500	-0.569479
-0.032400	-4.430350
-0.032300	-1.534700
-0.032200	-2.017310
-0.032100	-2.982520
-0.032000	3.774000
-0.031900	0.395739
-0.031800	-1.052090
-0.031700	3.774000
-0.031600	1.843570
-0.031500	0.878348
-0.031400	0.878348
-0.031300	-0.569479
-0.031200	3.774000
-0.031100	-1.052090
-0.031000	-1.052090
-0.030900	-0.086870
-0.030800	-2.017310
-0.030700	-0.086870
-0.030600	0.878348
-0.030500	-2.982520
-0.030400	-2.017310
-0.030300	-2.017310
-0.030200	8.600090
-0.030100	0.395739
-0.030000	0.395739
-0.029900	-3.947740
-0.029800	-2.017310
-0.029700	-1.534700
-0.029600	-1.052090
-0.029500	1.843570
-0.029400	1.843570
-0.029300	-2.017310
-0.029200	-3.947740
-0.029100	2.808780
-0.029000	3.774000
-0.028900	-2.982520
-0.028800	6.669660
-0.028700	2.326180
-0.028600	0.878348
-0.028500	-2.982520
-0.028400	-5.395570
-0.028300	-2.982520
-0.028200	1.843570
-0.028100	0.878348
-0.028000	-0.569479
-0.027900	-3.465130
-0.027800	-4.912960
-0.027700	-0.086870
-0.027600	0.878348
-0.027500	1.843570
-0.027400	-0.569479
-0.027300	4.256610
-0.027200	5.704440
-0.027100	1.843570
-0.027000	4.739220
-0.026900	0.878348
-0.026800	1.843570
-0.026700	8.117480
-0.026600	5.704440
-0.026500	3.774000
-0.026400	2.808780
-0.026300	0.878348
-0.026200	-1.052090
-0.026100	-1.052090
-0.026000	-3.947740
-0.025900	-2.982520
-0.025800	-3.947740
-0.025700	4.256610
-0.025600	2.808780
-0.025500	-2.499910
-0.025400	-0.086870
-0.025300	1.360960
-0.025200	2.808780
-0.025100	0.878348
-0.025000	-3.947740
-0.024900	-1.052090
-0.024800	1.360960
-0.024700	-2.017310
-0.024600	-4.912960
-0.024500	1.843570
-0.024400	0.878348
-0.024300	-0.086870
-0.024200	-1.534700
-0.024100	1.843570
-0.024000	1.843570
-0.023900	-2.017310
-0.023800	-2.982520
-0.023700	-0.569479
-0.023600	-1.052090
-0.023500	-4.912960
-0.023400	-2.499910
-0.023300	2.808780
-0.023200	3.774000
-0.023100	-1.052090
-0.023000	0.395739
-0.022900	0.878348
-0.022800	1.360960
-0.022700	1.843570
-0.022600	2.808780
-0.022500	-5.878180
-0.022400	0.878348
-0.022300	-1.052090
-0.022200	-2.499910
-0.022100	-2.982520
-0.022000	-3.947740
-0.021900	-2.982520
-0.021800	0.878348
-0.021700	7.152270
-0.021600	13.908800
-0.021500	3.774000
-0.021400	2.808780
-0.021300	-2.017310
-0.021200	-1.052090
-0.021100	0.395739
-0.021000	0.878348
-0.020900	4.739220
-0.020800	5.221830
-0.020700	0.878348
-0.020600	1.843570
-0.020500	-1.052090
-0.020400	-2.017310
-0.020300	3.774000
-0.020200	4.739220
-0.020100	0.878348
-0.020000	-4.912960
-0.019900	-1.052090
-0.019800	0.878348
-0.019700	0.878348
-0.019600	-2.982520
-0.019500	-4.912960
-0.019400	-3.947740
-0.019300	-2.017310
-0.019200	-4.912960
-0.019100	-2.017310
-0.019000	6.187050
-0.018900	4.739220
-0.018800	-1.052090
-0.018700	1.843570
-0.018600	-1.534700
-0.018500	3.774000
-0.018400	3.774000
-0.018300	2.326180
-0.018200	-2.017310
-0.018100	0.878348
-0.018000	3.774000
-0.017900	0.878348
-0.017800	-0.086870
-0.017700	-2.017310
-0.017600	-5.878180
-0.017500	-8.291220
-0.017400	3.291390
-0.017300	6.187050
-0.017200	1.360960
-0.017100	-1.052090
-0.017000	-4.912960
-0.016900	-3.947740
-0.016800	-4.430350
-0.016700	-5.395570
-0.016600	-4.430350
-0.016500	-0.086870
-0.016400	-2.017310
-0.016300	-2.017310
-0.016200	-1.052090
-0.016100	-3.465130
-0.016000	0.878348
-0.015900	4.256610
-0.015800	-3.465130
-0.015700	-6.843400
-0.015600	-3.947740
-0.015500	-2.017310
-0.015400	-3.947740
-0.015300	-7.326000
-0.015200	-4.912960
-0.015100	-1.052090
-0.015000	0.878348
-0.014900	1.843570
-0.014800	-5.878180
-0.014700	-1.052090
-0.014600	0.878348
-0.014500	0.878348
-0.014400	-2.017310
-0.014300	3.291390
-0.014200	1.843570
-0.014100	-1.052090
-0.014000	-4.912960
-0.013900	-3.465130
-0.013800	0.878348
-0.013700	-1.052090
-0.013600	0.878348
-0.013500	-0.086870
-0.013400	-0.086870
-0.013300	4.739220
-0.013200	10.047900
-0.013100	1.843570
-0.013000	2.808780
-0.012900	-2.017310
-0.012800	-3.947740
-0.012700	-2.499910
-0.012600	2.808780
-0.012500	2.808780
-0.012400	0.878348
-0.012300	-2.982520
-0.012200	-3.465130
-0.012100	0.878348
-0.012000	-1.534700
-0.011900	0.878348
-0.011800	2.808780
-0.011700	8.600090
-0.011600	0.878348
-0.011500	-2.982520
-0.011400	-4.912960
-0.011300	-2.017310
-0.011200	-1.534700
-0.011100	3.774000
-0.011000	2.808780
-0.010900	0.395739
-0.010800	0.395739
-0.010700	4.739220
-0.010600	2.326180
-0.010500	-1.052090
-0.010400	-0.569479
-0.010300	0.878348
-0.010200	4.739220
-0.010100	-1.052090
-0.010000	-6.843400
-0.009900	-6.843400
-0.009800	0.878348
-0.009700	0.878348
-0.009600	-0.086870
-0.009500	-2.017310
-0.009400	-3.465130
-0.009300	-11.669500
-0.009200	-2.499910
-0.009100	2.808780
-0.009000	-2.017310
-0.008900	-0.086870
-0.008800	-1.052090
-0.008700	-6.843400
-0.008600	-8.291220
-0.008500	-2.982520
-0.008400	-1.052090
-0.008300	-1.052090
-0.008200	0.878348
-0.008100	-0.086870
-0.008000	-3.947740
-0.007900	-0.569479
-0.007800	0.878348
-0.007700	-2.982520
-0.007600	0.878348
-0.007500	-6.360790
-0.007400	-5.395570
-0.007300	3.774000
-0.007200	3.774000
-0.007100	-3.465130
-0.007000	-2.017310
-0.006900	-2.017310
-0.006800	-0.569479
-0.006700	-1.052090
-0.006600	-2.017310
-0.006500	-3.947740
-0.006400	-0.569479
-0.006300	-2.017310
-0.006200	3.291390
-0.006100	0.395739
-0.006000	-2.017310
-0.005900	-2.017310
-0.005800	-1.052090
-0.005700	-0.086870
-0.005600	0.878348
-0.005500	-2.982520
-0.005400	-1.052090
-0.005300	-3.465130
-0.005200	-4.912960
-0.005100	-4.430350
-0.005000	-7.326000
-0.004900	-2.982520
-0.004800	-1.052090
-0.004700	-6.360790
-0.004600	1.843570
-0.004500	0.878348
-0.004400	-2.017310
-0.004300	-4.912960
-0.004200	-2.017310
-0.004100	-1.052090
-0.004000	-1.052090
-0.003900	-3.465130
-0.003800	-4.430350
-0.003700	-6.843400
-0.003600	-10.704300
-0.003500	-4.912960
-0.003400	-5.878180
-0.003300	-2.017310
-0.003200	0.878348
-0.003100	3.291390
-0.003000	-0.086870
-0.002900	0.878348
-0.002800	-3.947740
-0.002700	-4.430350
-0.002600	-2.499910
-0.002500	-1.052090
-0.002400	0.878348
-0.002300	-0.086870
-0.002200	3.291390
-0.002100	1.843570
-0.002000	4.256610
-0.001900	-0.569479
-0.001800	-2.499910
-0.001700	-2.499910
-0.001600	-1.052090
-0.001500	0.878348
-0.001400	2.808780
-0.001300	1.360960
-0.001200	-4.912960
-0.001100	-3.947740
-0.001000	0.878348
-0.000900	2.808780
-0.000800	-1.534700
-0.000700	-4.430350
-0.000600	-1.052090
-0.000500	3.291390
-0.000400	0.878348
-0.000300	-2.017310
-0.000200	-4.912960
-0.000100	-4.430350
0.000000	-2.499910
0.000100	-1.534700
0.000200	-2.017310
0.000300	-2.982520
0.000400	0.878348
0.000500	-0.086870
0.000600	-4.430350
0.000700	-0.086870
0.000800	0.878348
0.000900	-2.017310
0.001000	-2.982520
0.001100	-1.534700
0.001200	0.395739
0.001300	-3.947740
0.001400	-2.982520
0.001500	-4.912960
0.001600	-5.395570
0.001700	-1.052090
0.001800	-2.017310
0.001900	-8.291220
0.002000	0.395739
0.002100	0.878348
0.002200	-6.360790
0.002300	-1.052090
0.002400	-2.982520
0.002500	-2.982520
0.002600	-4.430350
0.002700	-9.739050
0.002800	-7.326000
0.002900	-3.947740
0.003000	0.878348
0.003100	2.808780
0.003200	3.774000
0.003300	-0.086870
0.003400	-2.982520
0.003500	5.221830
0.003600	3.774000
0.003700	-0.086870
0.003800	-1.052090
0.003900	-2.982520
0.004000	-1.052090
0.004100	0.878348
0.004200	-0.086870
0.004300	4.739220
0.004400	3.774000
0.004500	8.117480
0.004600	9.565310
0.004700	1.843570
0.004800	4.256610
0.004900	5.221830
0.005000	2.808780
0.005100	3.291390
0.005200	-3.465130
0.005300	0.878348
0.005400	3.774000
0.005500	-0.086870
0.005600	2.326180
0.005700	2.808780
0.005800	2.326180
0.005900	1.843570
0.006000	4.739220
0.006100	5.704440
0.006200	9.565310
0.006300	9.082700
0.006400	12.461000
0.006500	9.565310
0.006600	9.565310
0.006700	7.634870
0.006800	10.047900
0.006900	11.495700
0.007000	12.461000
0.007100	8.600090
0.007200	10.530500
0.007300	6.669660
0.007400	6.669660
0.007500	8.600090
0.007600	11.013100
0.007700	14.391400
0.007800	12.461000
0.007900	8.117480
0.008000	12.461000
0.008100	10.530500
0.008200	11.495700
0.008300	11.013100
0.008400	8.600090
0.008500	6.669660
0.008600	9.082700
0.008700	14.391400
0.008800	13.426200
0.008900	10.530500
0.009000	12.461000
0.009100	16.804399
0.009200	11.495700
0.009300	16.321800
0.009400	11.495700
0.009500	10.530500
0.009600	14.874000
0.009700	17.287100
0.009800	13.426200
0.009900	13.426200
0.010000	16.804399
0.010100	18.734900
0.010200	21.147900
0.010300	24.043600
0.010400	11.978400
0.010500	10.047900
0.010600	8.600090
0.010700	17.287100
0.010800	22.113100
0.010900	19.700100
0.011000	23.078400
0.011100	21.630501
0.011200	11.495700
0.011300	8.600090
0.011400	8.600090
0.011500	3.291390
0.011600	8.117480
0.011700	9.565310
0.011800	12.461000
0.011900	13.426200
0.012000	17.287100
0.012100	15.356600
0.012200	10.047900
0.012300	11.013100
0.012400	10.047900
0.012500	10.047900
0.012600	10.530500
0.012700	13.426200
0.012800	15.839200
0.012900	14.391400
0.013000	12.943600
0.013100	18.252300
0.013200	18.252300
0.013300	16.321800
0.013400	12.943600
0.013500	7.152270
0.013600	0.878348
0.013700	-2.017310
0.013800	-5.878180
0.013900	-4.912960
0.014000	-2.017310
0.014100	-2.499910
0.014200	-2.499910
0.014300	0.395739
0.014400	-0.086870
0.014500	-2.017310
0.014600	0.878348
0.014700	-6.843400
0.014800	-1.052090
0.014900	0.878348
0.015000	0.395739
0.015100	-2.499910
0.015200	2.808780
0.015300	10.530500
0.015400	8.600090
0.015500	5.221830
0.015600	-0.086870
0.015700	4.256610
0.015800	6.669660
0.015900	1.843570
0.016000	2.326180
0.016100	7.634870
0.016200	8.117480
0.016300	8.117480
0.016400	10.530500
0.016500	6.187050
0.016600	5.221830
0.016700	-2.017310
0.016800	-8.291220
0.016900	-9.739050
0.017000	-6.843400
0.017100	-2.982520
0.017200	-2.017310
0.017300	0.878348
0.017400	7.152270
0.017500	12.943600
0.017600	11.495700
0.017700	12.461000
0.017800	5.704440
0.017900	-4.912960
0.018000	-7.326000
0.018100	-10.704300
0.018200	-20.356400
0.018300	-10.704300
0.018400	-5.878180
0.018500	1.843570
0.018600	12.461000
0.018700	1.360960
0.018800	-6.843400
0.018900	-6.843400
0.019000	-5.878180
0.019100	-4.430350
0.019200	-3.947740
0.019300	-6.843400
0.019400	-4.912960
0.019500	1.360960
0.019600	4.739220
0.019700	5.221830
0.019800	3.291390
0.019900	1.843570
0.020000	8.600090
0.020100	-2.982520
0.020200	-2.017310
0.020300	-6.843400
0.020400	-8.291220
0.020500	-0.086870
0.020600	16.321800
0.020700	22.113100
0.020800	16.321800
0.020900	9.082700
0.021000	19.700100
0.021100	36.108799
0.021200	8.600090
0.021300	-14.565100
0.021400	-5.878180
0.021500	10.530500
0.021600	9.082700
0.021700	2.808780
0.021800	0.395739
0.021900	10.047900
0.022000	13.426200
0.022100	29.834900
0.022200	49.621899
0.022300	46.243599
0.022400	39.969700
0.022500	40.452301
0.022600	35.626202
0.022700	31.765301
0.022800	38.521900
0.022900	36.591400
0.023000	31.765301
0.023100	23.078400
0.023200	24.526199
0.023300	28.869699
0.023400	29.834900
0.023500	24.043600
0.023600	20.665300
0.023700	13.426200
0.023800	11.013100
0.023900	17.287100
0.024000	21.147900
0.024100	16.321800
0.024200	18.252300
0.024300	26.939199
0.024400	25.008801
0.024500	23.561001
0.024600	25.491400
0.024700	54.930599
0.024800	86.782799
0.024900	67.478401
0.025000	53.000099
0.025100	74.234901
0.025200	74.234901
0.025300	54.930599
0.025400	53.965302
0.025500	60.721901
0.025600	55.413200
0.025700	27.904499
0.025800	34.660999
0.025900	80.026199
0.026000	54.447899
0.026100	40.452301
0.026200	49.139198
0.026300	49.621899
0.026400	44.313202
0.026500	60.721901
0.026600	94.504501
0.026700	132.630997
0.026800	129.251999
0.026900	130.218002
0.027000	66.513199
0.027100	-49.313000
0.027200	-29.043400
0.027300	45.761002
0.027400	16.321800
0.027500	-1.534700
0.027600	31.765301
0.027700	-14.082500
0.027800	-47.865200
0.027900	-68.617302
0.028000	-73.443398
0.028100	-102.400002
0.028200	-139.561005
0.028300	-103.848000
0.028400	-54.139099
0.028500	-107.225998
0.028600	-149.695999
0.028700	-103.364998
0.028800	-49.313000
0.028900	-23.252100
0.029000	-19.391199
0.029100	-48.347801
0.029200	-57.034698
0.029300	-25.665100
0.029400	6.669660
0.029500	8.117480
0.029600	7.634870
0.029700	0.878348
0.029800	-15.047700
0.029900	-16.495600
0.030000	-13.599900
0.030100	-16.495600
0.030200	-19.391199
0.030300	-15.530400
0.030400	-7.808610
0.030500	10.530500
0.030600	31.765301
0.030700	-23.734699
0.030800	-50.278198
0.030900	-4.912960
0.031000	0.878348
0.031100	-18.426001
0.031200	-47.382599
0.031300	-45.452099
0.031400	-1.534700
0.031500	21.147900
0.031600	-7.326000
0.031700	-31.456499
0.031800	-20.356400
0.031900	-28.078199
0.032000	-39.660801
0.032100	-38.695599
0.032200	-76.821701
0.032300	-109.156998
0.032400	-107.225998
0.032500	-72.478203
0.032600	-16.495600
0.032700	-15.530400
0.032800	-30.973801
0.032900	-21.804300
0.033000	0.878348
0.033100	-3.465130
0.033200	-13.599900
0.033300	-30.008600
0.033400	-44.969501
0.033500	-17.460800
0.033600	-6.843400
0.033700	-28.078199
0.033800	-21.804300
0.033900	-37.730400
0.034000	-68.617302
0.034100	-36.765202
0.034200	-18.908600
0.034300	-39.660801
0.034400	-21.804300
0.034500	2.326180
0.034600	-23.252100
0.034700	-45.452099
0.034800	-43.521702
0.034900	-45.452099
0.035000	-59.930401
0.035100	-53.173901
0.035200	-30.008600
0.035300	-39.660801
0.035400	-61.860802
0.035500	-53.173901
0.035600	-48.830399
0.035700	-52.691299
0.035800	-70.547798
0.035900	-75.373901
0.036000	-65.721703
0.036100	-62.826000
0.036200	-63.308601
0.036300	-85.026100
0.036400	-90.817398
0.036500	-60.895599
0.036600	-50.760799
0.036700	-52.691299
0.036800	-42.556499
0.036900	-29.525999
0.037000	-49.313000
0.037100	-71.513000
0.037200	-57.999901
0.037300	-52.691299
0.037400	-76.339104
0.037500	-113.983002
0.037600	-128.942993
0.037700	-90.334801
0.037800	-67.652100
0.037900	-86.956497
0.038000	-71.513000
0.038100	-50.760799
0.038200	-43.521702
0.038300	-56.069500
0.038400	-56.552101
0.038500	-68.617302
0.038600	-85.026100
0.038700	-81.165199
0.038800	-75.373901
0.038900	-65.721703
0.039000	-60.412998
0.039100	-96.608704
0.039200	-56.069500
0.039300	-0.086870
0.039400	1.360960
0.039500	15.356600
0.039600	19.700100
0.039700	19.217501
0.039800	34.660999
0.039900	26.456600
0.040000	-0.086870
0.040100	20.182699
0.040200	41.900101
0.040300	45.278400
0.040400	45.278400
0.040500	34.178398
0.040600	12.461000
0.040700	23.561001
0.040800	46.243599
0.040900	43.830502
0.041000	23.078400
0.041100	15.839200
0.041200	25.491400
0.041300	34.178398
0.041400	32.730499
0.041500	25.008801
0.041600	31.765301
0.041700	33.695801
0.041800	37.074001
0.041900	46.243599
0.042000	39.969700
0.042100	32.730499
0.042200	32.730499
0.042300	37.556599
0.042400	39.487099
0.042500	28.387100
0.042600	14.874000
0.042700	18.252300
0.042800	31.282700
0.042900	36.108799
0.043000	28.387100
0.043100	26.456600
0.043200	25.974001
0.043300	43.347900
0.043400	52.034901
0.043500	55.895802
0.043600	49.139198
0.043700	49.621899
0.043800	58.791401
0.043900	88.230598
0.044000	123.460999
0.044100	131.182999
0.044200	136.009003
0.044300	142.764999
0.044400	139.869995
0.044500	136.009003
0.044600	129.251999
0.044700	105.605003
0.044800	97.882797
0.044900	108.983002
0.045000	131.182999
0.045100	139.386993
0.045200	126.357002
0.045300	136.973999
0.045400	150.005005
0.045500	153.382996
0.045600	157.244003
0.045700	153.382996
0.045800	173.651993
0.045900	187.647995
0.046000	178.477997
0.046100	190.061005
0.046200	211.296005
0.046300	226.738998
0.046400	240.251999
0.046500	255.695999
0.046600	253.764999
0.046700	262.451996
0.046800	281.756989
0.046900	291.408997
0.047000	292.373993
0.047100	282.721985
0.047200	275.000000
0.047300	264.382996
0.047400	286.583008
0.047500	302.509003
0.047600	321.330994
0.047700	318.434998
0.047800	298.648010
0.047900	272.105011
0.048000	292.373993
0.048100	337.256989
0.048200	358.009003
0.048300	337.739014
0.048400	317.470001
0.048500	338.704987
0.048600	385.035004
0.048700	362.834991
0.048800	298.165009
0.048900	282.721985
0.049000	324.226013
0.049100	363.799988
0.049200	367.661011
0.049300	348.356995
0.049400	333.878998
0.049500	338.704987
0.049600	358.009003
0.049700	365.730988
0.049800	341.600006
0.049900	321.330994
0.050000	334.843994
0.050100	362.834991
0.050200	386.966003
0.050300	381.657013
0.050400	368.144012
0.050500	372.005005
0.050600	380.209015
0.050700	392.273987
0.050800	398.548004
0.050900	404.338989
0.051000	402.408997
0.051100	408.200012
0.051200	408.200012
0.051300	404.821991
0.051400	402.891998
0.051500	396.618011
0.051600	401.925995
0.051700	394.204987
0.051800	388.895996
0.051900	394.204987
0.052000	394.204987
0.052100	394.687012
0.052200	395.653015
0.052300	395.653015
0.052400	393.721985
0.052500	392.273987
0.052600	380.209015
0.052700	370.557007
0.052800	365.247986
0.052900	368.144012
0.053000	374.417999
0.053100	367.661011
0.053200	338.704987
0.053300	323.260986
0.053400	323.260986
0.053500	338.704987
0.053600	343.048004
0.053700	333.878998
0.053800	317.951996
0.053900	311.678986
0.054000	302.992004
0.054100	300.096008
0.054200	305.886993
0.054300	300.096008
0.054400	284.652008
0.054500	275.000000
0.054600	263.417999
0.054700	244.113007
0.054800	233.977997
0.054900	249.421997
0.055000	267.278992
0.055100	221.431000
0.055200	186.199997
0.055300	193.921997
0.055400	204.539001
0.055500	195.852005
0.055600	190.544006
0.055700	187.164993
0.055800	176.548004
0.055900	170.757004
0.056000	165.447998
0.056100	159.656998
0.056200	160.139008
0.056300	164.964996
0.056400	150.487000
0.056500	140.835007
0.056600	135.526001
0.056700	141.317993
0.056800	142.283005
0.056900	144.695999
0.057000	145.177994
0.057100	146.143997
0.057200	143.248001
0.057300	133.595993
0.057400	123.944000
0.057500	121.047997
0.057600	124.426003
0.057700	130.218002
0.057800	126.357002
0.057900	115.257004
0.058000	107.052002
0.058100	103.674004
0.058200	107.052002
0.058300	108.500000
0.058400	102.225998
0.058500	103.191002
0.058600	90.643600
0.058700	94.504501
0.058800	99.330597
0.058900	99.330597
0.059000	108.983002
0.059100	117.669998
0.059200	114.774002
0.059300	113.325996
0.059400	112.844002
0.059500	118.635002
0.059600	122.977997
0.059700	123.944000
0.059800	121.530998
0.059900	119.599998
0.060000	122.496002
0.060100	119.117996
0.060200	116.705002
0.060300	119.599998
0.060400	114.774002
0.060500	114.774002
0.060600	117.186996
0.060700	116.705002
0.060800	120.083000
0.060900	121.530998
0.061000	121.530998
0.061100	127.805000
0.061200	133.113007
0.061300	130.218002
0.061400	126.357002
0.061500	122.496002
0.061600	124.426003
0.061700	125.874001
0.061800	117.186996
0.061900	111.396004
0.062000	101.261002
0.062100	108.983002
0.062200	118.152000
0.062300	121.530998
0.062400	116.705002
0.062500	124.426003
0.062600	126.357002
0.062700	123.460999
0.062800	129.251999
0.062900	124.426003
0.063000	127.805000
0.063100	128.287003
0.063200	127.805000
0.063300	126.357002
0.063400	124.426003
0.063500	127.321999
0.063600	136.009003
0.063700	137.938995
0.063800	131.182999
0.063900	139.869995
0.064000	142.764999
0.064100	137.938995
0.064200	136.973999
0.064300	136.490997
0.064400	132.147995
0.064500	131.182999
0.064600	135.044006
0.064700	135.526001
0.064800	134.078003
0.064900	130.218002
0.065000	129.735001
0.065100	132.147995
0.065200	128.770004
0.065300	125.390999
0.065400	124.426003
0.065500	118.635002
0.065600	117.669998
0.065700	115.738998
0.065800	108.983002
0.065900	110.431000
0.066000	114.774002
0.066100	109.947998
0.066200	107.052002
0.066300	102.225998
0.066400	105.122002
0.066500	108.017998
0.066600	110.913002
0.066700	109.947998
0.066800	111.396004
0.066900	108.983002
0.067000	103.674004
0.067100	105.122002
0.067200	108.983002
0.067300	102.225998
0.067400	102.225998
0.067500	92.091400
0.067600	90.643600
0.067700	93.539299
0.067800	86.782799
0.067900	82.921898
0.068000	86.782799
0.068100	94.021896
0.068200	91.608803
0.068300	94.504501
0.068400	99.813202
0.068500	95.469704
0.068600	91.608803
0.068700	86.782799
0.068800	91.608803
0.068900	93.539299
0.069000	92.574097
0.069100	93.539299
0.069200	94.504501
0.069300	88.230598
0.069400	90.643600
0.069500	90.161003
0.069600	82.921898
0.069700	85.817497
0.069800	85.817497
0.069900	87.265404
0.070000	83.887100
0.070100	80.991402
0.070200	80.026199
0.070300	78.095802
0.070400	78.578400
0.070500	78.578400
0.070600	82.439301
0.070700	87.748001
0.070800	89.678398
0.070900	86.782799
0.071000	83.887100
0.071100	82.921898
0.071200	87.265404
0.071300	80.026199
0.071400	80.026199
0.071500	78.095802
0.071600	79.060997
0.071700	76.648003
0.071800	78.095802
0.071900	85.817497
0.072000	85.334900
0.072100	84.852303
0.072200	77.613197
0.072300	76.648003
0.072400	77.130600
0.072500	75.682701
0.072600	78.095802
0.072700	82.921898
0.072800	82.921898
0.072900	84.369698
0.073000	80.991402
0.073100	77.130600
0.073200	79.060997
0.073300	80.026199
0.073400	80.508797
0.073500	76.165398
0.073600	74.234901
0.073700	74.234901
0.073800	76.648003
0.073900	77.130600
0.074000	76.165398
0.074100	74.234901
0.074200	64.582703
0.074300	67.960999
0.074400	74.234901
0.074500	74.234901
0.074600	74.234901
0.074700	74.234901
0.074800	66.513199
0.074900	74.234901
0.075000	74.234901
0.075100	66.995796
0.075200	67.960999
0.075300	62.652302
0.075400	57.826199
0.075500	62.652302
0.075600	62.169701
0.075700	61.204498
0.075800	61.204498
0.075900	61.204498
0.076000	57.826199
0.076100	63.134899
0.076200	54.930599
0.076300	53.000099
0.076400	54.930599
0.076500	64.100098
0.076600	67.478401
0.076700	62.652302
0.076800	55.895802
0.076900	51.552299
0.077000	59.756599
0.077100	58.791401
0.077200	55.895802
0.077300	59.756599
0.077400	58.308800
0.077500	51.069698
0.077600	46.243599
0.077700	47.208801
0.077800	52.517502
0.077900	53.000099
0.078000	49.139198
0.078100	46.243599
0.078200	53.000099
0.078300	52.034901
0.078400	48.174000
0.078500	45.278400
0.078600	46.243599
0.078700	47.208801
0.078800	43.347900
0.078900	41.417500
0.079000	45.278400
0.079100	41.417500
0.079200	41.417500
0.079300	48.656601
0.079400	48.656601
0.079500	43.347900
0.079600	43.347900
0.079700	40.452301
0.079800	39.969700
0.079900	42.382702
0.080000	36.591400
0.080100	35.626202
0.080200	39.487099
0.080300	35.626202
0.080400	33.695801
0.080500	37.556599
0.080600	32.730499
0.080700	33.695801
0.080800	40.452301
0.080900	39.487099
0.081000	37.556599
0.081100	31.765301
0.081200	33.695801
0.081300	38.039200
0.081400	34.178398
0.081500	26.456600
0.081600	29.352301
0.081700	29.834900
0.081800	27.421801
0.081900	33.695801
0.082000	32.730499
0.082100	30.800100
0.082200	34.660999
0.082300	34.178398
0.082400	33.695801
0.082500	34.660999
0.082600	26.939199
0.082700	24.043600
0.082800	26.939199
0.082900	27.421801
0.083000	23.078400
0.083100	17.769699
0.083200	24.043600
0.083300	29.834900
0.083400	25.491400
0.083500	24.043600
0.083600	25.008801
0.083700	19.217501
0.083800	18.734900
0.083900	24.043600
0.084000	26.939199
0.084100	28.869699
0.084200	24.526199
0.084300	22.113100
0.084400	25.974001
0.084500	24.043600
0.084600	17.287100
0.084700	22.113100
0.084800	21.147900
0.084900	21.147900
0.085000	21.147900
0.085100	16.321800
0.085200	17.287100
0.085300	20.665300
0.085400	17.769699
0.085500	16.321800
0.085600	16.321800
0.085700	17.287100
0.085800	18.734900
0.085900	22.113100
0.086000	14.874000
0.086100	15.839200
0.086200	15.356600
0.086300	12.461000
0.086400	14.391400
0.086500	19.217501
0.086600	21.630501
0.086700	16.804399
0.086800	17.287100
0.086900	21.147900
0.087000	15.356600
0.087100	13.426200
0.087200	15.839200
0.087300	14.391400
0.087400	16.321800
0.087500	17.769699
0.087600	14.391400
0.087700	16.804399
0.087800	12.461000
0.087900	11.495700
0.088000	15.356600
0.088100	8.600090
0.088200	6.669660
0.088300	10.047900
0.088400	5.704440
0.088500	3.774000
0.088600	2.808780
0.088700	1.843570
0.088800	5.704440
0.088900	1.843570
0.089000	6.669660
0.089100	12.461000
0.089200	6.669660
0.089300	2.808780
0.089400	3.291390
0.089500	5.704440
0.089600	6.669660
0.089700	7.152270
0.089800	0.878348
0.089900	5.704440
0.090000	9.565310
0.090100	4.256610
0.090200	7.634870
0.090300	11.978400
0.090400	0.878348
0.090500	-0.086870
0.090600	-1.052090
0.090700	0.395739
0.090800	2.808780
0.090900	3.291390
0.091000	-2.499910
0.091100	-5.878180
0.091200	-2.017310
0.091300	-0.086870
0.091400	-0.086870
0.091500	-1.534700
0.091600	2.808780
0.091700	8.600090
0.091800	0.878348
0.091900	2.808780
0.092000	5.704440
0.092100	5.704440
0.092200	0.878348
0.092300	5.221830
0.092400	6.669660
0.092500	10.530500
0.092600	4.739220
0.092700	0.395739
0.092800	2.808780
0.092900	2.808780
0.093000	-1.052090
0.093100	-1.534700
0.093200	-1.052090
0.093300	-2.982520
0.093400	-0.086870
0.093500	2.326180
0.093600	0.878348
0.093700	3.291390
0.093800	7.634870
0.093900	3.291390
0.094000	4.739220
0.094100	3.774000
0.094200	0.878348
0.094300	3.774000
0.094400	7.634870
0.094500	6.669660
0.094600	3.774000
0.094700	3.774000
0.094800	0.878348
0.094900	-2.017310
0.095000	2.808780
0.095100	-3.947740
0.095200	-0.569479
0.095300	-0.569479
0.095400	3.291390
0.095500	4.739220
0.095600	2.326180
0.095700	1.843570
0.095800	1.843570
0.095900	-1.052090
0.096000	0.395739
0.096100	1.843570
0.096200	-1.052090
0.096300	2.808780
0.096400	-2.017310
0.096500	0.395739
0.096600	-2.982520
0.096700	-2.017310
0.096800	0.878348
0.096900	-0.086870
0.097000	-1.052090
0.097100	-0.569479
0.097200	4.739220
0.097300	2.808780
0.097400	-6.360790
0.097500	2.808780
0.097600	5.704440
0.097700	2.326180
0.097800	-0.086870
0.097900	-6.843400
0.098000	-7.808610
0.098100	-6.843400
0.098200	-11.669500
0.098300	-7.326000
0.098400	-2.017310
0.098500	-0.086870
0.098600	-2.017310
0.098700	-1.052090
0.098800	-5.395570
0.098900	0.878348
0.099000	0.878348
0.099100	-0.569479
0.099200	-2.017310
0.099300	-3.947740
0.099400	-2.982520
0.099500	0.395739
0.099600	0.878348
0.099700	-2.499910
0.099800	1.843570
0.099900	-1.052090
0.100000	-4.912960
0.100100	-0.086870
0.100200	4.256610
0.100300	-0.569479
0.100400	-1.052090
0.100500	-1.052090
0.100600	-1.052090
0.100700	5.704440
0.100800	0.878348
0.100900	-5.395570
0.101000	-3.947740
0.101100	3.291390
0.101200	-0.086870
0.101300	-0.086870
0.101400	-2.982520
0.101500	-6.843400
0.101600	3.291390
0.101700	9.082700
0.101800	6.669660
0.101900	9.565310
0.102000	3.774000
0.102100	-0.086870
0.102200	-1.052090
0.102300	-2.982520
0.102400	-0.569479
0.102500	-2.982520
0.102600	-2.017310
0.102700	0.878348
0.102800	0.878348
0.102900	3.774000
0.103000	3.291390
0.103100	-10.704300
0.103200	-5.878180
0.103300	-1.534700
0.103400	1.360960
0.103500	-6.360790
0.103600	-6.360790
0.103700	-7.808610
0.103800	-8.773830
0.103900	-0.086870
0.104000	-2.017310
0.104100	-11.186900
0.104200	-8.773830
0.104300	-5.878180
0.104400	-8.773830
0.104500	-5.395570
0.104600	-0.086870
0.104700	-4.430350
0.104800	0.878348
0.104900	0.878348
0.105000	-4.912960
0.105100	-4.912960
0.105200	-7.326000
0.105300	-8.773830
0.105400	-2.982520
0.105500	-2.982520
0.105600	-4.430350
0.105700	-9.739050
0.105800	-7.808610
0.105900	-5.395570
0.106000	-9.739050
0.106100	-14.565100
0.106200	-8.773830
0.106300	-9.739050
0.106400	-16.495600
0.106500	-15.530400
0.106600	-14.565100
0.106700	-13.599900
0.106800	-14.565100
0.106900	-21.321699
0.107000	-30.491199
0.107100	-44.969501
0.107200	-52.208599
0.107300	-51.243401
0.107400	-54.139099
0.107500	-60.895599
0.107600	-54.139099
0.107700	-41.591202
0.107800	-38.213001
0.107900	-32.904301
0.108000	-26.630400
0.108100	-28.078199
0.108200	-27.113001
0.108300	-22.286900
0.108400	-25.182501
0.108500	-18.426001
0.108600	-22.286900
0.108700	-20.356400
0.108800	-17.460800
0.108900	-15.530400
0.109000	-16.013000
0.109100	-13.599900
0.109200	-8.291220
0.109300	-9.739050
0.109400	-8.773830
0.109500	-8.773830
0.109600	-11.669500
0.109700	-4.430350
0.109800	-9.739050
0.109900	-12.634700
0.110000	-14.082500
0.110100	-10.704300
0.110200	-10.704300
0.110300	-13.599900
0.110400	-14.565100
0.110500	-13.599900
0.110600	-11.669500
0.110700	-6.843400
0.110800	-2.499910
0.110900	-4.430350
0.111000	-7.326000
0.111100	-4.912960
0.111200	-9.739050
0.111300	-10.221700
0.111400	-6.360790
0.111500	-10.704300
0.111600	-7.808610
0.111700	-2.017310
0.111800	-6.360790
0.111900	-6.843400
0.112000	-3.947740
0.112100	-10.704300
0.112200	-6.843400
0.112300	-0.569479
0.112400	-6.843400
0.112500	-11.669500
0.112600	-4.912960
0.112700	-6.843400
0.112800	-7.808610
0.112900	-7.326000
0.113000	-5.878180
0.113100	-6.360790
0.113200	-15.530400
0.113300	-12.634700
0.113400	-7.808610
0.113500	-9.739050
0.113600	-9.739050
0.113700	-2.499910
0.113800	-5.878180
0.113900	-10.704300
0.114000	-4.912960
0.114100	-7.808610
0.114200	-6.843400
0.114300	-3.947740
0.114400	-7.808610
0.114500	-8.773830
0.114600	1.360960
0.114700	-7.808610
0.114800	-12.152100
0.114900	-5.395570
0.115000	-8.773830
0.115100	-13.117300
0.115200	-10.704300
0.115300	-12.634700
0.115400	-7.808610
0.115500	-12.152100
0.115600	-14.565100
0.115700	-10.704300
0.115800	-9.739050
0.115900	-12.152100
0.116000	-13.599900
0.116100	-13.599900
0.116200	-17.943399
0.116300	-14.565100
0.116400	-7.808610
0.116500	-7.808610
0.116600	-6.843400
0.116700	-6.843400
0.116800	-11.669500
0.116900	-9.256440
0.117000	-12.152100
0.117100	-12.634700
0.117200	-12.634700
0.117300	-13.599900
0.117400	-12.634700
0.117500	-14.565100
0.117600	-9.256440
0.117700	-6.843400
0.117800	-7.808610
0.117900	-12.634700
0.118000	-14.082500
0.118100	-12.634700
0.118200	-13.117300
0.118300	-10.704300
0.118400	-6.843400
0.118500	-9.739050
0.118600	-5.878180
0.118700	-4.912960
0.118800	-7.808610
0.118900	-2.017310
0.119000	0.878348
0.119100	-2.017310
0.119200	-6.843400
0.119300	-9.256440
0.119400	-5.878180
0.119500	-6.843400
0.119600	-7.326000
0.119700	-8.773830
0.119800	-7.808610
0.119900	-9.256440
0.120000	-9.739050
0.120100	-5.395570
0.120200	-6.843400
0.120300	-8.291220
0.120400	-6.360790
0.120500	-8.773830
0.120600	-12.152100
0.120700	-8.291220
0.120800	-12.152100
0.120900	-6.843400
0.121000	-5.878180
0.121100	-10.221700
0.121200	-6.843400
0.121300	-4.912960
0.121400	-7.808610
0.121500	-4.430350
0.121600	-9.739050
0.121700	-16.013000
0.121800	-13.599900
0.121900	-7.326000
0.122000	-6.843400
0.122100	-5.878180
0.122200	-3.465130
0.122300	-1.052090
0.122400	-6.360790
0.122500	-5.878180
0.122600	-0.569479
0.122700	-4.430350
0.122800	-7.808610
0.122900	-1.052090
0.123000	-3.465130
0.123100	-5.395570
0.123200	2.808780
0.123300	0.878348
0.123400	-1.052090
0.123500	0.878348
0.123600	-2.017310
0.123700	-3.947740
0.123800	-3.947740
0.123900	-4.912960
0.124000	-4.430350
0.124100	-1.052090
0.124200	-5.878180
0.124300	-2.982520
0.124400	-0.086870
0.124500	-2.017310
0.124600	1.360960
0.124700	1.843570
0.124800	-2.499910
0.124900	-4.430350
0.125000	-0.569479
0.125100	2.808780
0.125200	-1.052090
0.125300	1.360960
0.125400	-3.947740
0.125500	-6.843400
0.125600	1.843570
0.125700	-2.017310
0.125800	-2.982520
0.125900	-2.499910
0.126000	-5.878180
0.126100	1.360960
0.126200	2.808780
0.126300	-2.017310
0.126400	-0.569479
0.126500	2.808780
0.126600	1.360960
0.126700	3.291390
0.126800	4.256610
0.126900	5.704440
0.127000	9.082700
0.127100	1.843570
0.127200	1.843570
0.127300	3.774000
0.127400	3.774000
0.127500	-1.534700
0.127600	-1.052090
0.127700	-1.052090
0.127800	-0.086870
0.127900	1.360960
0.128000	-2.982520
0.128100	-3.947740
0.128200	-4.912960
0.128300	-8.773830
0.128400	1.360960
0.128500	-2.017310
0.128600	-2.982520
0.128700	-0.086870
0.128800	-1.052090
0.128900	-2.499910
0.129000	0.878348
0.129100	2.326180
0.129200	-2.017310
0.129300	0.878348
0.129400	-0.086870
0.129500	-1.534700
0.129600	0.878348
0.129700	0.395739
0.129800	-0.569479
0.129900	2.326180
0.130000	-1.052090
0.130100	-1.052090
0.130200	-3.947740
0.130300	-9.739050
0.130400	-7.326000
0.130500	0.878348
0.130600	3.774000
0.130700	-1.052090
0.130800	2.808780
0.130900	5.704440
0.131000	0.878348
0.131100	-4.912960
0.131200	-0.086870
0.131300	-2.017310
0.131400	-2.017310
0.131500	-1.534700
0.131600	-2.017310
0.131700	-1.534700
0.131800	1.360960
0.131900	2.808780
0.132000	-2.017310
0.132100	-8.291220
0.132200	-6.843400
0.132300	-1.052090
0.132400	0.878348
0.132500	-2.017310
0.132600	-1.052090
0.132700	-3.947740
0.132800	-1.052090
0.132900	-0.086870
0.133000	-2.982520
0.133100	0.878348
0.133200	1.843570
0.133300	4.256610
0.133400	6.669660
0.133500	-5.878180
0.133600	-3.947740
0.133700	-1.534700
0.133800	-7.808610
0.133900	-5.878180
0.134000	-2.499910
0.134100	-10.704300
0.134200	-4.430350
0.134300	-5.395570
0.134400	-6.843400
0.134500	-2.499910
0.134600	-0.569479
0.134700	-1.534700
0.134800	1.843570
0.134900	-3.947740
0.135000	-5.878180
0.135100	1.843570
0.135200	3.774000
0.135300	-0.086870
0.135400	-0.569479
0.135500	0.878348
0.135600	-0.569479
0.135700	-0.086870
0.135800	0.878348
0.135900	-0.569479
0.136000	-2.982520
0.136100	-5.878180
0.136200	2.326180
0.136300	3.774000
0.136400	-3.465130
0.136500	-5.878180
0.136600	-1.534700
0.136700	1.843570
0.136800	2.808780
0.136900	0.395739
0.137000	-4.912960
0.137100	-1.534700
0.137200	4.739220
0.137300	1.843570
0.137400	0.878348
0.137500	1.843570
0.137600	-3.465130
0.137700	-0.569479
0.137800	-1.052090
0.137900	-4.912960
0.138000	-4.912960
0.138100	-4.430350
0.138200	-1.052090
0.138300	-1.534700
0.138400	2.808780
0.138500	2.808780
0.138600	5.704440
0.138700	4.739220
0.138800	1.360960
0.138900	1.843570
0.139000	-0.086870
0.139100	-1.052090
0.139200	0.878348
0.139300	-3.465130
0.139400	0.878348
0.139500	0.395739
0.139600	-6.843400
0.139700	-0.086870
0.139800	3.774000
0.139900	-3.947740
0.140000	-3.947740
0.140100	2.808780
0.140200	3.291390
0.140300	-3.947740
0.140400	-2.017310
0.140500	-0.569479
0.140600	2.326180
0.140700	-1.052090
0.140800	3.291390
0.140900	0.878348
0.141000	-3.947740
0.141100	-0.569479
0.141200	1.843570
0.141300	2.326180
0.141400	3.774000
0.141500	-1.052090
0.141600	-1.534700
0.141700	-1.534700
0.141800	-4.912960
0.141900	-2.982520
0.142000	-7.808610
0.142100	-2.499910
0.142200	0.878348
0.142300	9.082700
0.142400	-5.878180
0.142500	-2.982520
0.142600	-0.086870
0.142700	3.774000
0.142800	-2.017310
0.142900	-3.947740
0.143000	-2.982520
0.143100	-1.052090
0.143200	1.843570
0.143300	-1.052090
0.143400	0.878348
0.143500	2.808780
0.143600	-0.569479
0.143700	-3.947740
0.143800	-3.947740
0.143900	-4.430350
0.144000	-2.017310
0.144100	-3.465130
0.144200	-2.982520
0.144300	-1.534700
0.144400	-1.052090
0.144500	-1.052090
0.144600	-0.086870
0.144700	5.221830
0.144800	3.291390
0.144900	3.774000
0.145000	-0.569479
0.145100	-1.534700
0.145200	2.808780
0.145300	3.774000
0.145400	-0.569479
0.145500	-4.912960
0.145600	-2.982520
0.145700	-1.052090
0.145800	0.878348
0.145900	-2.499910
0.146000	-3.947740
0.146100	-0.086870
0.146200	-4.912960
0.146300	-1.052090
0.146400	0.878348
0.146500	-2.982520
0.146600	-5.878180
0.146700	-2.017310
0.146800	-1.534700
0.146900	-1.052090
0.147000	2.808780
0.147100	0.878348
0.147200	0.878348
0.147300	0.878348
0.147400	-4.912960
0.147500	-4.912960
0.147600	-2.017310
0.147700	-3.947740
0.147800	1.360960
0.147900	-1.052090
0.148000	-4.912960
0.148100	1.360960
0.148200	0.878348
0.148300	0.878348
0.148400	5.221830
0.148500	6.669660
0.148600	2.808780
0.148700	1.843570
0.148800	0.878348
0.148900	0.878348
0.149000	3.291390
0.149100	1.843570
0.149200	-5.878180
0.149300	-1.052090
0.149400	-2.499910
0.149500	-1.052090
0.149600	-1.052090
0.149700	-2.499910
0.149800	4.739220
0.149900	3.774000
0.150000	-2.017310
0.150100	-1.052090
0.150200	6.187050
0.150300	2.808780
0.150400	-1.052090
0.150500	5.221830
0.150600	3.774000
0.150700	3.774000
0.150800	5.221830
0.150900	1.360960
0.151000	-0.086870
0.151100	0.878348
0.151200	-0.086870
0.151300	2.808780
0.151400	-0.086870
0.151500	0.878348
0.151600	0.395739
0.151700	0.395739
0.151800	0.878348
0.151900	0.878348
0.152000	2.326180
0.152100	-0.086870
0.152200	-3.947740
0.152300	0.878348
0.152400	-1.052090
0.152500	2.808780
0.152600	-1.052090
0.152700	-0.569479
0.152800	5.704440
0.152900	5.704440
0.153000	3.774000
0.153100	1.843570
0.153200	-1.052090
0.153300	-0.569479
0.153400	5.221830
0.153500	3.291390
0.153600	0.878348
0.153700	3.774000
0.153800	0.878348
0.153900	-2.499910
0.154000	-4.430350
0.154100	1.843570
0.154200	0.878348
0.154300	0.878348
0.154400	-1.052090
0.154500	-2.017310
0.154600	-0.086870
0.154700	4.739220
0.154800	1.843570
0.154900	3.774000
0.155000	3.774000
0.155100	0.395739
0.155200	2.808780
0.155300	2.808780
0.155400	0.878348
0.155500	-2.499910
0.155600	1.843570
0.155700	4.739220
0.155800	3.291390
0.155900	1.360960
0.156000	-0.086870
0.156100	-1.052090
0.156200	-6.360790
0.156300	-3.465130
0.156400	7.634870
0.156500	2.808780
0.156600	0.878348
0.156700	1.843570
0.156800	2.808780
0.156900	2.808780
0.157000	1.360960
0.157100	-2.017310
0.157200	5.704440
0.157300	5.704440
0.157400	1.360960
0.157500	2.808780
0.157600	-2.017310
0.157700	-1.052090
0.157800	0.395739
0.157900	0.878348
0.158000	-2.499910
0.158100	-1.052090
0.158200	-1.534700
0.158300	-4.430350
0.158400	-3.947740
0.158500	-4.430350
0.158600	-3.947740
0.158700	-1.052090
0.158800	-1.052090
0.158900	1.360960
0.159000	-0.569479
0.159100	3.774000
0.159200	2.808780
0.159300	0.878348
0.159400	-4.912960
0.159500	-0.086870
0.159600	1.843570
0.159700	-2.017310
0.159800	-4.912960
0.159900	-2.499910
0.160000	-5.395570
0.160100	-5.878180
0.160200	0.878348
0.160300	-1.534700
0.160400	-2.982520
0.160500	1.360960
0.160600	-4.912960
0.160700	-0.086870
0.160800	-1.052090
0.160900	-2.017310
0.161000	0.395739
0.161100	-2.017310
0.161200	-1.534700
0.161300	1.843570
0.161400	3.774000
0.161500	-2.017310
0.161600	2.808780
0.161700	7.634870
0.161800	2.808780
0.161900	3.291390
0.162000	3.291390
0.162100	0.878348
0.162200	-0.569479
0.162300	-2.982520
0.162400	-0.086870
0.162500	0.878348
0.162600	-2.017310
0.162700	-4.912960
0.162800	-0.086870
0.162900	-1.052090
0.163000	-1.052090
0.163100	-2.017310
0.163200	1.843570
0.163300	0.878348
0.163400	1.843570
0.163500	-1.052090
0.163600	-0.569479
0.163700	1.843570
0.163800	-1.052090
0.163900	2.808780
0.164000	0.878348
0.164100	0.878348
0.164200	2.326180
0.164300	-1.534700
0.164400	-4.430350
0.164500	-0.086870
0.164600	-1.534700
0.164700	-2.017310
0.164800	0.878348
0.164900	-0.086870
0.165000	3.291390
0.165100	4.739220
0.165200	-0.569479
0.165300	2.326180
0.165400	4.739220
0.165500	-1.052090
0.165600	0.878348
0.165700	2.326180
0.165800	2.326180
0.165900	1.843570
0.166000	1.843570
0.166100	-2.499910
0.166200	1.843570
0.166300	4.739220
0.166400	-0.569479
0.166500	0.395739
0.166600	-1.052090
0.166700	-4.912960
0.166800	0.395739
0.166900	-1.534700
0.167000	-2.982520
0.167100	2.808780
0.167200	7.634870
0.167300	-0.086870
0.167400	5.221830
0.167500	-1.052090
0.167600	0.878348
0.167700	0.395739
0.167800	-3.465130
0.167900	-1.052090
0.168000	-2.982520
0.168100	-1.052090
0.168200	-2.017310
0.168300	-0.569479
0.168400	-2.017310
0.168500	-3.465130
0.168600	5.221830
0.168700	0.395739
0.168800	-2.499910
0.168900	-0.086870
0.169000	0.878348
0.169100	1.843570
0.169200	6.187050
0.169300	3.774000
0.169400	-2.017310
0.169500	-2.017310
0.169600	-8.773830
0.169700	-4.912960
0.169800	-1.052090
0.169900	-0.086870
0.170000	3.291390
0.170100	0.878348
0.170200	-5.878180
0.170300	-2.017310
0.170400	-0.086870
0.170500	-1.052090
0.170600	4.256610
0.170700	-2.017310
0.170800	-6.360790
0.170900	-3.465130
0.171000	-2.982520
0.171100	-6.360790
0.171200	-3.947740
0.171300	-1.534700
0.171400	-1.052090
0.171500	-2.017310
0.171600	-8.291220
0.171700	-7.808610
0.171800	-2.017310
0.171900	0.395739
0.172000	-1.052090
0.172100	-6.843400
0.172200	-5.878180
0.172300	-2.982520
0.172400	2.326180
0.172500	-0.086870
0.172600	0.878348
0.172700	4.739220
0.172800	3.774000
0.172900	0.878348
0.173000	-0.086870
0.173100	-6.360790
0.173200	-2.982520
0.173300	-0.569479
0.173400	-2.499910
0.173500	0.878348
0.173600	1.360960
0.173700	1.843570
0.173800	-0.569479
0.173900	6.187050
0.174000	-0.086870
0.174100	-2.982520
0.174200	0.878348
0.174300	-1.052090
0.174400	0.878348
0.174500	4.739220
0.174600	-1.052090
0.174700	-2.982520
0.174800	0.878348
0.174900	-3.465130
0.175000	-2.017310
0.175100	-2.017310
0.175200	0.395739
0.175300	1.360960
0.175400	-0.569479
0.175500	2.808780
0.175600	2.808780
0.175700	-0.569479
0.175800	-2.982520
0.175900	-2.982520
0.176000	-7.808610
0.176100	-6.843400
0.176200	2.326180
0.176300	-2.499910
0.176400	-4.430350
0.176500	-2.017310
0.176600	-2.982520
0.176700	0.878348
0.176800	6.669660
0.176900	-2.017310
0.177000	-1.534700
0.177100	6.669660
0.177200	3.291390
0.177300	2.808780
0.177400	6.669660
0.177500	0.878348
0.177600	1.843570
0.177700	4.739220
0.177800	-0.569479
0.177900	-2.017310
0.178000	2.326180
0.178100	-2.499910
0.178200	-4.912960
0.178300	-2.017310
0.178400	4.739220
0.178500	3.774000
0.178600	-2.982520
0.178700	-4.912960
0.178800	0.878348
0.178900	0.878348
0.179000	-1.534700
0.179100	-2.982520
0.179200	-6.360790
0.179300	2.326180
0.179400	6.669660
0.179500	-1.534700
0.179600	-0.569479
0.179700	2.808780
0.179800	1.843570
0.179900	-1.052090
0.180000	-2.017310
0.180100	1.843570
0.180200	4.739220
0.180300	0.878348
0.180400	-3.465130
0.180500	-0.569479
0.180600	-1.052090
0.180700	2.326180
0.180800	3.774000
0.180900	-2.017310
0.181000	-3.947740
0.181100	-4.912960
0.181200	-1.052090
0.181300	0.878348
0.181400	1.360960
0.181500	3.774000
0.181600	-0.569479
0.181700	1.843570
0.181800	-0.086870
0.181900	-0.086870
0.182000	-1.052090
0.182100	-6.843400
0.182200	-2.017310
0.182300	-2.017310
0.182400	-6.360790
0.182500	-6.843400
0.182600	-5.878180
0.182700	-2.982520
0.182800	0.878348
0.182900	4.739220
0.183000	0.395739
0.183100	0.878348
0.183200	-2.499910
0.183300	-2.017310
0.183400	0.878348
0.183500	-4.430350
0.183600	-4.912960
0.183700	1.843570
0.183800	-3.947740
0.183900	-5.878180
0.184000	-5.878180
0.184100	-3.947740
0.184200	-4.912960
0.184300	1.360960
0.184400	-6.843400
0.184500	-5.878180
0.184600	4.256610
0.184700	0.395739
0.184800	-0.569479
0.184900	-0.086870
0.185000	-1.052090
0.185100	-4.430350
0.185200	-1.052090
0.185300	-3.465130
0.185400	-4.912960
0.185500	-2.499910
0.185600	0.878348
0.185700	4.739220
0.185800	-1.052090
0.185900	-2.499910
0.186000	1.843570
0.186100	0.878348
0.186200	-2.982520
0.186300	4.739220
0.186400	2.808780
0.186500	-0.086870
0.186600	0.395739
0.186700	-2.982520
0.186800	-4.912960
0.186900	-0.086870
0.187000	-5.878180
0.187100	-6.843400
0.187200	-4.912960
0.187300	-2.499910
0.187400	3.774000
0.187500	0.878348
0.187600	-5.395570
0.187700	-1.534700
0.187800	-1.052090
0.187900	-6.843400
0.188000	-8.291220
0.188100	-0.086870
0.188200	-2.499910
0.188300	0.878348
0.188400	1.843570
0.188500	-1.052090
0.188600	0.878348
0.188700	0.395739
0.188800	-2.499910
0.188900	-1.052090
0.189000	-1.052090
0.189100	-2.982520
0.189200	-1.052090
0.189300	2.808780
0.189400	8.600090
0.189500	-1.534700
0.189600	-2.499910
0.189700	-0.569479
0.189800	1.843570
0.189900	-0.086870
0.190000	-4.430350
0.190100	-0.086870
0.190200	1.843570
0.190300	-0.086870
0.190400	-1.052090
0.190500	-3.465130
0.190600	3.291390
0.190700	1.843570
0.190800	0.878348
0.190900	-0.569479
0.191000	-1.052090
0.191100	-6.843400
0.191200	-1.052090
0.191300	1.843570
0.191400	-1.052090
0.191500	-2.982520
0.191600	-0.569479
0.191700	-3.947740
0.191800	-6.360790
0.191900	-2.499910
0.192000	-0.569479
0.192100	-3.947740
0.192200	-4.430350
0.192300	1.843570
0.192400	2.326180
0.192500	0.878348
0.192600	-3.947740
0.192700	-2.017310
0.192800	0.878348
0.192900	-4.912960
0.193000	-4.430350
0.193100	-0.086870
0.193200	-3.465130
0.193300	-6.843400
0.193400	-4.912960
0.193500	-2.017310
0.193600	-1.052090
0.193700	-4.912960
0.193800	-2.982520
0.193900	4.739220
0.194000	3.774000
0.194100	-1.534700
0.194200	0.878348
0.194300	3.291390
0.194400	-0.086870
0.194500	3.291390
0.194600	-2.017310
0.194700	-2.982520
0.194800	1.360960
0.194900	-1.534700
0.195000	-3.947740
0.195100	-0.086870
0.195200	-4.912960
0.195300	-4.430350
0.195400	-1.534700
0.195500	-1.052090
0.195600	3.291390
0.195700	0.878348
0.195800	-5.395570
0.195900	-3.947740
0.196000	-2.982520
0.196100	-0.569479
0.196200	2.808780
0.196300	-3.465130
0.196400	-2.499910
0.196500	0.878348
0.196600	-0.569479
0.196700	0.878348
0.196800	4.256610
0.196900	2.326180
0.197000	-2.499910
0.197100	-2.017310
0.197200	-6.843400
0.197300	-5.395570
0.197400	-1.052090
0.197500	-1.052090
0.197600	-0.569479
0.197700	1.843570
0.197800	4.739220
0.197900	-3.947740
0.198000	-1.052090
0.198100	-0.569479
0.198200	-0.569479
0.198300	-3.947740
0.198400	-3.947740
0.198500	-1.052090
0.198600	2.808780
0.198700	-0.569479
0.198800	-2.017310
0.198900	6.669660
0.199000	4.739220
0.199100	4.739220
0.199200	1.843570
0.199300	1.360960
0.199400	-1.052090
0.199500	-6.843400
0.199600	-1.534700
0.199700	-0.086870
0.199800	-2.017310
0.199900	-2.982520
0.200000	0.395739
0.200100	-2.017310
0.200200	-2.017310
0.200300	1.843570
0.200400	8.117480
0.200500	-2.982520
0.200600	-2.982520
0.200700	-3.465130
0.200800	-2.017310
0.200900	1.843570
0.201000	5.704440
0.201100	0.878348
0.201200	7.152270
0.201300	5.704440
0.201400	-1.052090
0.201500	-7.326000
0.201600	2.326180
0.201700	7.152270
0.201800	-0.569479
0.201900	-5.395570
0.202000	-2.017310
0.202100	2.808780
0.202200	-4.430350
0.202300	-4.912960
0.202400	2.808780
0.202500	-2.017310
0.202600	0.878348
0.202700	-0.086870
0.202800	-2.017310
0.202900	0.878348
0.203000	3.291390
0.203100	2.808780
0.203200	0.878348
0.203300	-4.430350
0.203400	-2.982520
0.203500	0.878348
0.203600	1.843570
0.203700	2.808780
0.203800	-2.017310
0.203900	-3.947740
0.204000	-5.878180
0.204100	1.360960
0.204200	0.878348
0.204300	-2.982520
0.204400	-2.017310
0.204500	0.878348
0.204600	-2.017310
0.204700	-2.017310
0.204800	-2.499910
0.204900	-3.947740
0.205000	-3.947740
0.205100	-8.773830
0.205200	-4.430350
0.205300	-1.052090
0.205400	-2.982520
0.205500	-4.912960
0.205600	2.808780
0.205700	1.360960
0.205800	0.878348
0.205900	-2.017310
0.206000	-2.017310
0.206100	-2.982520
0.206200	-2.017310
0.206300	-3.947740
0.206400	-1.052090
0.206500	0.878348
0.206600	0.878348
0.206700	3.291390
0.206800	8.600090
0.206900	1.843570
0.207000	0.878348
0.207100	2.808780
0.207200	2.808780
0.207300	2.326180
0.207400	2.808780
0.207500	1.843570
0.207600	-0.086870
0.207700	2.808780
0.207800	-0.086870
0.207900	0.878348
0.208000	-1.052090
0.208100	-3.947740
0.208200	-2.499910
0.208300	0.878348
0.208400	-2.499910
0.208500	-1.534700
0.208600	2.808780
0.208700	0.878348
0.208800	2.326180
0.208900	1.843570
0.209000	3.774000
0.209100	-0.086870
0.209200	-2.017310
0.209300	-2.982520
0.209400	-2.982520
0.209500	0.878348
0.209600	-2.017310
0.209700	-1.534700
0.209800	1.843570
0.209900	-2.982520
0.210000	-1.052090
0.210100	4.739220
0.210200	2.808780
0.210300	-5.395570
0.210400	-3.465130
0.210500	-0.086870
0.210600	-2.982520
0.210700	1.843570
0.210800	-4.912960
0.210900	1.360960
0.211000	2.808780
0.211100	-2.017310
0.211200	-2.017310
0.211300	-1.052090
0.211400	-3.465130
0.211500	-3.947740
0.211600	-3.947740
0.211700	-6.360790
0.211800	-2.982520
0.211900	-2.017310
0.212000	-4.912960
0.212100	-1.052090
0.212200	1.360960
0.212300	-2.982520
0.212400	-3.947740
0.212500	-2.982520
0.212600	-5.878180
0.212700	1.843570
0.212800	-0.086870
0.212900	0.878348
0.213000	2.808780
0.213100	2.808780
0.213200	0.878348
0.213300	3.774000
0.213400	-2.017310
0.213500	-0.086870
0.213600	-2.017310
0.213700	-1.052090
0.213800	0.878348
0.213900	2.808780
0.214000	0.878348
0.214100	-0.086870
0.214200	0.395739
0.214300	-2.982520
0.214400	-1.534700
0.214500	4.739220
0.214600	2.808780
0.214700	4.256610
0.214800	2.808780
0.214900	2.808780
0.215000	0.878348
0.215100	-5.878180
0.215200	-6.843400
0.215300	-4.430350
0.215400	-0.569479
0.215500	-2.017310
0.215600	1.843570
0.215700	-1.534700
0.215800	-6.843400
0.215900	-1.052090
0.216000	-0.569479
0.216100	-1.052090
0.216200	1.360960
0.216300	-1.052090
0.216400	-1.534700
0.216500	1.843570
0.216600	0.878348
0.216700	-6.360790
0.216800	-3.947740
0.216900	-6.360790
0.217000	-6.843400
0.217100	-0.569479
0.217200	2.808780
0.217300	-0.086870
0.217400	-5.395570
0.217500	-3.947740
0.217600	-5.878180
0.217700	-3.947740
0.217800	-4.912960
0.217900	-4.912960
0.218000	-3.465130
0.218100	-2.017310
0.218200	0.878348
0.218300	0.878348
0.218400	-3.465130
0.218500	-2.499910
0.218600	-6.843400
0.218700	-4.912960
0.218800	-2.982520
0.218900	2.808780
0.219000	0.395739
0.219100	-2.017310
0.219200	-4.912960
0.219300	-6.360790
0.219400	-5.395570
0.219500	-5.878180
0.219600	-2.017310
0.219700	3.774000
0.219800	-2.982520
0.219900	0.878348
0.220000	1.843570
0.220100	-0.086870
0.220200	0.878348
0.220300	-0.569479
0.220400	-4.430350
0.220500	0.878348
0.220600	-2.017310
0.220700	-1.052090
0.220800	1.360960
0.220900	-5.878180
0.221000	-6.843400
0.221100	4.739220
0.221200	-1.534700
0.221300	0.395739
0.221400	5.704440
0.221500	-1.052090
0.221600	0.395739
0.221700	1.360960
0.221800	-4.430350
0.221900	-4.430350
0.222000	-0.569479
0.222100	-0.086870
0.222200	-5.878180
0.222300	-4.430350
0.222400	2.326180
0.222500	1.843570
0.222600	0.878348
0.222700	-3.947740
0.222800	-2.017310
0.222900	1.843570
0.223000	-1.052090
0.223100	-1.052090
0.223200	1.843570
0.223300	-0.569479
0.223400	0.878348
0.223500	-0.569479
0.223600	-0.086870
0.223700	-0.086870
0.223800	-5.878180
0.223900	-8.773830
0.224000	-1.052090
0.224100	-1.534700
0.224200	-6.843400
0.224300	-9.739050
0.224400	-0.569479
0.224500	-2.982520
0.224600	-1.052090
0.224700	-2.017310
0.224800	0.878348
0.224900	2.808780
0.225000	-0.569479
0.225100	1.360960
0.225200	4.256610
0.225300	-2.017310
0.225400	2.808780
0.225500	3.774000
0.225600	-0.086870
0.225700	3.774000
0.225800	2.326180
0.225900	-1.052090
0.226000	-1.534700
0.226100	0.878348
0.226200	0.878348
0.226300	5.221830
0.226400	1.360960
0.226500	-2.499910
0.226600	-0.569479
0.226700	-2.982520
0.226800	-2.017310
0.226900	-0.569479
0.227000	-0.569479
0.227100	-5.878180
0.227200	-2.017310
0.227300	6.187050
0.227400	2.808780
0.227500	1.843570
0.227600	2.808780
0.227700	-2.017310
0.227800	-4.912960
0.227900	-6.843400
0.228000	-6.360790
0.228100	-1.052090
0.228200	-5.878180
0.228300	-5.878180
0.228400	0.878348
0.228500	-1.052090
0.228600	-2.017310
0.228700	-0.569479
0.228800	-1.534700
0.228900	-1.534700
0.229000	0.878348
0.229100	-3.465130
0.229200	-2.499910
0.229300	0.878348
0.229400	3.774000
0.229500	1.843570
0.229600	0.878348
0.229700	-2.499910
0.229800	-2.499910
0.229900	0.878348
0.230000	-3.947740
0.230100	-7.326000
0.230200	-3.465130
0.230300	-1.052090
0.230400	0.878348
0.230500	-2.982520
0.230600	-3.947740
0.230700	0.878348
0.230800	-1.052090
0.230900	0.395739
0.231000	4.739220
0.231100	0.878348
0.231200	1.843570
0.231300	2.808780
0.231400	1.843570
0.231500	3.774000
0.231600	1.843570
0.231700	-0.569479
0.231800	-2.017310
0.231900	-1.052090
0.232000	-0.569479
0.232100	-0.086870
0.232200	2.808780
0.232300	0.395739
0.232400	1.843570
0.232500	1.360960
0.232600	-1.052090
0.232700	-2.499910
0.232800	2.808780
0.232900	-1.052090
0.233000	-1.052090
0.233100	0.878348
0.233200	-2.499910
0.233300	-1.052090
0.233400	0.878348
0.233500	1.843570
0.233600	4.739220
0.233700	-1.052090
0.233800	-2.017310
0.233900	3.291390
0.234000	2.808780
0.234100	1.360960
0.234200	-0.569479
0.234300	-3.465130
0.234400	-3.947740
0.234500	-4.430350
0.234600	-4.430350
0.234700	-4.912960
0.234800	3.291390
0.234900	0.878348
0.235000	-6.843400
0.235100	-1.052090
0.235200	2.808780
0.235300	0.878348
0.235400	1.360960
0.235500	0.878348
0.235600	-4.912960
0.235700	-0.086870
0.235800	-2.017310
0.235900	-2.982520
0.236000	-0.569479
0.236100	-1.052090
0.236200	-2.017310
0.236300	-7.808610
0.236400	-2.982520
0.236500	-4.912960
0.236600	-0.086870
0.236700	-4.430350
0.236800	-2.982520
0.236900	-2.017310
0.237000	-2.982520
0.237100	5.704440
0.237200	-2.017310
0.237300	-5.878180
0.237400	-2.499910
0.237500	-4.912960
0.237600	-5.395570
0.237700	-3.947740
0.237800	-6.843400
0.237900	-6.843400
0.238000	-4.912960
0.238100	-6.360790
0.238200	3.291390
0.238300	-2.017310
0.238400	-7.808610
0.238500	-6.843400
0.238600	-1.052090
0.238700	-2.982520
0.238800	-1.534700
0.238900	2.808780
0.239000	-0.086870
0.239100	0.878348
0.239200	-2.017310
0.239300	-2.982520
0.239400	2.808780
0.239500	7.152270
0.239600	4.739220
0.239700	-0.086870
0.239800	-0.569479
0.239900	0.878348
0.240000	1.360960
0.240100	-3.947740
0.240200	1.843570
0.240300	2.808780
0.240400	-1.052090
0.240500	0.878348
0.240600	2.808780
0.240700	2.808780
0.240800	2.808780
0.240900	-4.912960
0.241000	-6.360790
0.241100	-1.052090
0.241200	5.704440
0.241300	0.878348
0.241400	0.878348
0.241500	-2.017310
0.241600	-6.843400
0.241700	-2.499910
0.241800	-2.017310
0.241900	0.878348
0.242000	-2.499910
0.242100	-2.982520
0.242200	-6.843400
0.242300	-2.982520
0.242400	-2.982520
0.242500	-2.982520
0.242600	2.326180
0.242700	3.291390
0.242800	-4.430350
0.242900	1.360960
0.243000	-2.982520
0.243100	-6.360790
0.243200	-2.982520
0.243300	-7.326000
0.243400	-5.878180
0.243500	-0.086870
0.243600	-2.982520
0.243700	-1.052090
0.243800	-0.569479
0.243900	-3.947740
0.244000	-4.912960
0.244100	-0.086870
0.244200	-1.052090
0.244300	1.360960
0.244400	0.878348
0.244500	-5.395570
0.244600	-7.808610
0.244700	-2.499910
0.244800	-2.499910
0.244900	0.878348
0.245000	6.187050
0.245100	-2.982520
0.245200	-2.017310
0.245300	-1.052090
0.245400	3.291390
0.245500	4.256610
0.245600	1.843570
0.245700	-1.534700
0.245800	-0.086870
0.245900	1.843570
0.246000	-0.086870
0.246100	4.256610
0.246200	3.291390
0.246300	-0.086870
0.246400	-2.982520
0.246500	-3.465130
0.246600	-0.569479
0.246700	-0.569479
0.246800	-4.912960
0.246900	-2.017310
0.247000	3.774000
0.247100	2.808780
0.247200	-2.982520
0.247300	0.878348
0.247400	-0.086870
0.247500	-1.534700
0.247600	1.843570
0.247700	10.530500
0.247800	0.878348
0.247900	0.878348
0.248000	-2.982520
0.248100	-2.017310
0.248200	4.739220
0.248300	4.739220
0.248400	3.774000
0.248500	2.808780
0.248600	-1.052090
0.248700	-0.569479
0.248800	0.878348
0.248900	0.878348
0.249000	3.291390
0.249100	-4.430350
0.249200	-2.017310
0.249300	-3.947740
0.249400	7.152270
0.249500	-0.086870
0.249600	6.669660
0.249700	1.843570
0.249800	3.774000
0.249900	7.634870
0.250000	1.360960
0.250100	-6.843400
0.250200	-0.086870
0.250300	0.878348
0.250400	-2.017310
0.250500	-1.534700
0.250600	-1.052090
0.250700	2.326180
0.250800	4.739220
0.250900	-3.947740
0.251000	-6.843400
0.251100	-2.017310
0.251200	0.878348
0.251300	-0.086870
0.251400	-2.017310
0.251500	-2.017310
0.251600	2.326180
0.251700	0.878348
0.251800	-2.982520
0.251900	-4.912960
0.252000	-3.947740
0.252100	0.878348
0.252200	3.291390
0.252300	3.774000
0.252400	-6.843400
0.252500	-2.499910
0.252600	-2.017310
0.252700	-3.947740
0.252800	-0.086870
0.252900	-0.569479
0.253000	-1.052090
0.253100	0.878348
0.253200	-5.878180
0.253300	-3.947740
0.253400	1.360960
0.253500	0.878348
0.253600	0.878348
0.253700	12.461000
0.253800	0.878348
0.253900	-2.499910
0.254000	0.878348
0.254100	1.360960
0.254200	0.878348
0.254300	-1.052090
0.254400	-3.947740
0.254500	-4.430350
0.254600	1.360960
0.254700	-4.912960
0.254800	-0.086870
0.254900	0.395739
0.255000	-5.395570
0.255100	-8.773830
0.255200	-2.982520
0.255300	-2.982520
0.255400	1.360960
0.255500	0.878348
0.255600	-0.086870
0.255700	3.774000
0.255800	0.878348
0.255900	-1.052090
0.256000	0.878348
0.256100	2.808780
0.256200	10.047900
0.256300	1.843570
0.256400	-2.982520
0.256500	-4.912960
0.256600	0.878348
0.256700	2.326180
0.256800	-1.052090
0.256900	0.395739
0.257000	-1.052090
0.257100	-0.086870
0.257200	3.774000
0.257300	-0.569479
0.257400	-3.947740
0.257500	-1.052090
0.257600	-1.052090
0.257700	-0.569479
0.257800	-3.947740
0.257900	-6.843400
0.258000	-0.086870
0.258100	3.774000
0.258200	1.843570
0.258300	0.878348
0.258400	0.878348
0.258500	-2.017310
0.258600	-5.878180
0.258700	0.395739
0.258800	-4.912960
0.258900	-6.360790
0.259000	-3.947740
0.259100	-2.017310
0.259200	-5.395570
0.259300	-4.430350
0.259400	-4.912960
0.259500	-2.017310
0.259600	0.878348
0.259700	-2.017310
0.259800	-2.017310
0.259900	-0.569479
0.260000	-2.982520
0.260100	-2.982520
0.260200	0.878348
0.260300	0.395739
0.260400	-2.017310
0.260500	-1.052090
0.260600	-4.912960
0.260700	-1.534700
0.260800	-3.465130
0.260900	-4.912960
0.261000	1.360960
0.261100	-0.086870
0.261200	-8.291220
0.261300	-6.843400
0.261400	-2.017310
0.261500	-4.912960
0.261600	-0.086870
0.261700	1.843570
0.261800	-0.086870
0.261900	-2.982520
0.262000	-1.052090
0.262100	-3.465130
0.262200	-1.534700
0.262300	0.878348
0.262400	3.774000
0.262500	5.704440
0.262600	2.808780
0.262700	-1.534700
0.262800	-1.052090
0.262900	2.326180
0.263000	2.808780
0.263100	3.291390
0.263200	-1.052090
0.263300	-5.878180
0.263400	-0.569479
0.263500	-2.982520
0.263600	-2.982520
0.263700	3.774000
0.263800	-2.982520
0.263900	-5.878180
0.264000	-1.534700
0.264100	0.878348
0.264200	-2.017310
0.264300	0.395739
0.264400	-2.499910
0.264500	-4.430350
0.264600	0.878348
0.264700	-0.569479
0.264800	-0.086870
0.264900	-1.052090
0.265000	-3.465130
0.265100	-2.982520
0.265200	-4.430350
0.265300	-3.465130
0.265400	-2.982520
0.265500	-1.052090
0.265600	-2.982520
0.265700	-1.052090
0.265800	-4.912960
0.265900	-3.947740
0.266000	-0.086870
0.266100	2.808780
0.266200	-2.017310
0.266300	-2.017310
0.266400	-2.982520
0.266500	-3.465130
0.266600	-2.499910
0.266700	-0.086870
0.266800	-4.912960
0.266900	-6.843400
0.267000	-2.982520
0.267100	-0.569479
0.267200	-1.052090
0.267300	-2.017310
0.267400	-2.017310
0.267500	-0.086870
0.267600	-1.052090
0.267700	-6.360790
0.267800	-3.947740
0.267900	1.360960
0.268000	-1.052090
0.268100	0.878348
0.268200	0.878348
0.268300	-3.947740
0.268400	-2.982520
0.268500	-5.878180
0.268600	-2.499910
0.268700	2.808780
0.268800	3.774000
0.268900	-0.086870
0.269000	-2.982520
0.269100	-6.843400
0.269200	-2.017310
0.269300	5.704440
0.269400	0.878348
0.269500	-3.947740
0.269600	-4.430350
0.269700	-4.912960
0.269800	-2.017310
0.269900	2.326180
0.270000	-0.569479
0.270100	1.843570
0.270200	0.878348
0.270300	-4.912960
0.270400	-0.569479
0.270500	3.291390
0.270600	-0.569479
0.270700	-0.086870
0.270800	-2.017310
0.270900	-2.499910
0.271000	2.326180
0.271100	-0.086870
0.271200	-3.947740
0.271300	3.291390
0.271400	1.843570
0.271500	-1.052090
0.271600	1.360960
0.271700	1.843570
0.271800	0.878348
0.271900	-0.569479
0.272000	-2.982520
0.272100	0.878348
0.272200	-1.052090
0.272300	-3.947740
0.272400	-1.534700
0.272500	1.843570
0.272600	-4.430350
0.272700	-4.430350
0.272800	-2.017310
0.272900	-4.430350
0.273000	-3.947740
0.273100	0.395739
0.273200	-1.052090
0.273300	0.878348
0.273400	1.843570
0.273500	-1.052090
0.273600	0.878348
0.273700	0.878348
0.273800	1.360960
0.273900	1.843570
0.274000	-2.982520
0.274100	-5.878180
0.274200	-4.430350
0.274300	1.843570
0.274400	0.395739
0.274500	-0.086870
0.274600	0.395739
0.274700	-1.052090
0.274800	-1.052090
0.274900	2.808780
0.275000	1.843570
0.275100	0.878348
0.275200	-4.430350
0.275300	-5.395570
0.275400	0.395739
0.275500	1.843570
0.275600	2.808780
0.275700	5.704440
0.275800	1.360960
0.275900	-1.052090
0.276000	3.291390
0.276100	2.326180
0.276200	-0.086870
0.276300	0.395739
0.276400	-4.912960
0.276500	-5.878180
0.276600	-0.086870
0.276700	-1.052090
0.276800	-1.052090
0.276900	-1.052090
0.277000	-3.465130
0.277100	-0.569479
0.277200	-1.052090
0.277300	0.395739
0.277400	-0.569479
0.277500	-3.465130
0.277600	-1.052090
0.277700	-3.947740
0.277800	0.878348
0.277900	-1.052090
0.278000	-4.912960
0.278100	-0.086870
0.278200	-2.499910
0.278300	-6.360790
0.278400	-2.017310
0.278500	0.878348
0.278600	-3.465130
0.278700	-4.912960
0.278800	-3.947740
0.278900	2.808780
0.279000	2.808780
0.279100	-0.569479
0.279200	-2.982520
0.279300	-6.843400
0.279400	-6.360790
0.279500	-2.017310
0.279600	-2.499910
0.279700	-6.360790
0.279800	-2.017310
0.279900	-3.947740
0.280000	-2.982520
0.280100	-0.086870
0.280200	-2.499910
0.280300	-5.395570
0.280400	-4.912960
0.280500	-4.430350
0.280600	0.878348
0.280700	0.878348
0.280800	-2.982520
0.280900	-3.947740
0.281000	-3.465130
0.281100	-2.499910
0.281200	-2.982520
0.281300	-3.465130
0.281400	-4.912960
0.281500	-2.499910
0.281600	-3.465130
0.281700	-4.912960
0.281800	0.878348
0.281900	1.360960
0.282000	-6.843400
0.282100	-4.912960
0.282200	-1.534700
0.282300	0.878348
0.282400	-0.086870
0.282500	-6.843400
0.282600	-10.704300
0.282700	0.395739
0.282800	0.878348
0.282900	-3.947740
0.283000	-3.465130
0.283100	-4.912960
0.283200	-4.912960
0.283300	-5.878180
0.283400	-5.878180
0.283500	-4.430350
0.283600	-4.912960
0.283700	-6.360790
0.283800	-2.499910
0.283900	0.878348
0.284000	-2.982520
0.284100	-6.360790
0.284200	-2.017310
0.284300	-1.534700
0.284400	0.878348
0.284500	0.395739
0.284600	-5.878180
0.284700	-3.947740
0.284800	-0.086870
0.284900	-2.017310
0.285000	0.395739
0.285100	-1.052090
0.285200	-3.465130
0.285300	0.878348
0.285400	-2.017310
0.285500	-1.052090
0.285600	2.808780
0.285700	-1.052090
0.285800	-1.052090
0.285900	-0.086870
0.286000	-0.569479
0.286100	4.739220
0.286200	-0.086870
0.286300	-8.291220
0.286400	-8.773830
0.286500	-1.534700
0.286600	-4.430350
0.286700	-2.499910
0.286800	2.808780
0.286900	-0.086870
0.287000	-1.052090
0.287100	0.878348
0.287200	0.878348
0.287300	0.878348
0.287400	-2.017310
0.287500	-4.912960
0.287600	-1.052090
0.287700	-1.052090
0.287800	-3.947740
0.287900	-3.947740
0.288000	1.843570
0.288100	-3.947740
0.288200	-1.052090
0.288300	4.739220
0.288400	-0.086870
0.288500	-0.569479
0.288600	-1.052090
0.288700	-2.982520
0.288800	-4.912960
0.288900	-2.017310
0.289000	-5.878180
0.289100	-7.326000
0.289200	-4.912960
0.289300	-4.430350
0.289400	0.395739
0.289500	0.878348
0.289600	-3.947740
0.289700	-3.947740
0.289800	2.808780
0.289900	-1.052090
0.290000	-2.982520
0.290100	3.291390
0.290200	-1.052090
0.290300	-2.982520
0.290400	4.256610
0.290500	4.739220
0.290600	-4.912960
0.290700	-5.878180
0.290800	-3.947740
0.290900	-6.360790
0.291000	-2.499910
0.291100	-0.086870
0.291200	-0.086870
0.291300	0.395739
0.291400	-2.499910
0.291500	-0.086870
0.291600	0.395739
0.291700	-8.291220
0.291800	-2.017310
0.291900	3.291390
0.292000	-2.017310
0.292100	-3.947740
0.292200	0.395739
0.292300	-2.982520
0.292400	-1.534700
0.292500	0.878348
0.292600	-2.017310
0.292700	2.326180
0.292800	6.669660
0.292900	-0.569479
0.293000	-3.465130
0.293100	-2.017310
0.293200	-3.465130
0.293300	-2.017310
0.293400	-6.360790
0.293500	-1.534700
0.293600	-1.052090
0.293700	-3.947740
0.293800	-2.017310
0.293900	-3.947740
0.294000	-6.843400
0.294100	-5.878180
0.294200	-4.430350
0.294300	-4.430350
0.294400	-2.017310
0.294500	-0.569479
0.294600	-4.912960
0.294700	-5.878180
0.294800	-3.465130
0.294900	0.878348
0.295000	0.878348
0.295100	-1.534700
0.295200	-2.017310
0.295300	-1.052090
0.295400	-3.947740
0.295500	-0.569479
0.295600	-4.912960
0.295700	-5.878180
0.295800	-0.086870
0.295900	-2.017310
0.296000	-8.291220
0.296100	-4.912960
0.296200	-5.878180
0.296300	-4.912960
0.296400	-3.947740
0.296500	-7.808610
0.296600	-3.947740
0.296700	0.878348
0.296800	-2.017310
0.296900	-2.017310
0.297000	-0.086870
0.297100	-4.912960
0.297200	-3.465130
0.297300	-4.430350
0.297400	-4.430350
0.297500	3.774000
0.297600	2.326180
0.297700	-2.982520
0.297800	-0.086870
0.297900	1.843570
0.298000	-0.569479
0.298100	0.395739
0.298200	-3.465130
0.298300	-5.878180
0.298400	-0.569479
0.298500	0.878348
0.298600	-2.017310
0.298700	0.878348
0.298800	-2.017310
0.298900	-5.878180
0.299000	-1.534700
0.299100	-0.569479
0.299200	-0.086870
0.299300	-0.569479
0.299400	-2.017310
0.299500	0.878348
0.299600	0.395739
0.299700	-7.326000
0.299800	-6.843400
0.299900	-2.017310
