-0.050000	1.610280
-0.049900	6.783870
-0.049800	3.550380
-0.049700	-2.916610
-0.049600	-0.976515
-0.049500	-2.269910
-0.049400	2.903680
-0.049300	-2.916610
-0.049200	-8.090200
-0.049100	3.550380
-0.049000	4.197080
-0.048900	-0.976515
-0.048800	-6.796810
-0.048700	-4.210010
-0.048600	-0.976515
-0.048500	-2.269910
-0.048400	-2.269910
-0.048300	-2.916610
-0.048200	-2.916610
-0.048100	2.903680
-0.048000	6.137170
-0.047900	2.256980
-0.047800	-2.269910
-0.047700	-0.329816
-0.047600	6.137170
-0.047500	5.490470
-0.047400	-2.916610
-0.047300	-1.623210
-0.047200	0.963582
-0.047100	3.550380
-0.047000	0.316883
-0.046900	1.610280
-0.046800	-1.623210
-0.046700	-1.623210
-0.046600	0.316883
-0.046500	1.610280
-0.046400	-2.916610
-0.046300	-4.210010
-0.046200	-2.269910
-0.046100	0.316883
-0.046000	-0.976515
-0.045900	2.256980
-0.045800	1.610280
-0.045700	0.963582
-0.045600	-0.976515
-0.045500	0.316883
-0.045400	-6.150110
-0.045300	0.316883
-0.045200	4.197080
-0.045100	4.197080
-0.045000	2.256980
-0.044900	0.963582
-0.044800	-2.916610
-0.044700	-2.269910
-0.044600	-0.976515
-0.044500	0.963582
-0.044400	-0.976515
-0.044300	-2.269910
-0.044200	0.963582
-0.044100	0.963582
-0.044000	-0.329816
-0.043900	2.903680
-0.043800	2.903680
-0.043700	-0.976515
-0.043600	0.316883
-0.043500	0.316883
-0.043400	-0.329816
-0.043300	-2.916610
-0.043200	-3.563310
-0.043100	-0.976515
-0.043000	-0.976515
-0.042900	-1.623210
-0.042800	-2.916610
-0.042700	-1.623210
-0.042600	0.316883
-0.042500	-0.329816
-0.042400	-0.976515
-0.042300	-7.443510
-0.042200	-2.916610
-0.042100	-2.269910
-0.042000	0.316883
-0.041900	0.963582
-0.041800	2.256980
-0.041700	-0.976515
-0.041600	-2.269910
-0.041500	-4.210010
-0.041400	-0.329816
-0.041300	6.783870
-0.041200	6.783870
-0.041100	4.197080
-0.041000	-0.329816
-0.040900	-4.210010
-0.040800	-6.150110
-0.040700	-1.623210
-0.040600	-0.976515
-0.040500	1.610280
-0.040400	7.430570
-0.040300	1.610280
-0.040200	-2.916610
-0.040100	-1.623210
-0.040000	2.903680
-0.039900	-1.623210
-0.039800	-4.210010
-0.039700	-0.976515
-0.039600	-0.329816
-0.039500	-3.563310
-0.039400	-0.976515
-0.039300	4.843780
-0.039200	5.490470
-0.039100	4.197080
-0.039000	0.316883
-0.038900	-2.916610
-0.038800	-2.269910
-0.038700	0.963582
-0.038600	6.783870
-0.038500	-3.563310
-0.038400	-7.443510
-0.038300	-2.269910
-0.038200	6.137170
-0.038100	0.316883
-0.038000	-2.269910
-0.037900	-0.976515
-0.037800	4.197080
-0.037700	-1.623210
-0.037600	-2.916610
-0.037500	-0.976515
-0.037400	0.963582
-0.037300	-0.329816
-0.037200	0.963582
-0.037100	2.256980
-0.037000	-5.503410
-0.036900	-8.090200
-0.036800	-4.210010
-0.036700	-0.329816
-0.036600	-1.623210
-0.036500	2.256980
-0.036400	8.077270
-0.036300	4.843780
-0.036200	0.316883
-0.036100	2.903680
-0.036000	2.903680
-0.035900	2.256980
-0.035800	-2.269910
-0.035700	-1.623210
-0.035600	-2.269910
-0.035500	-0.329816
-0.035400	2.256980
-0.035300	3.550380
-0.035200	0.316883
-0.035100	-0.329816
-0.035000	4.197080
-0.034900	4.197080
-0.034800	-3.563310
-0.034700	0.963582
-0.034600	2.256980
-0.034500	5.490470
-0.034400	3.550380
-0.034300	-0.329816
-0.034200	-3.563310
-0.034100	0.963582
-0.034000	4.197080
-0.033900	3.550380
-0.033800	1.610280
-0.033700	-0.976515
-0.033600	-2.916610
-0.033500	-0.329816
-0.033400	1.610280
-0.033300	0.963582
-0.033200	0.963582
-0.033100	0.963582
-0.033000	-1.623210
-0.032900	-2.916610
-0.032800	0.963582
-0.032700	2.256980
-0.032600	2.903680
-0.032500	1.610280
-0.032400	4.197080
-0.032300	0.963582
-0.032200	0.963582
-0.032100	2.256980
-0.032000	0.963582
-0.031900	5.490470
-0.031800	3.550380
-0.031700	-4.856710
-0.031600	-5.503410
-0.031500	2.256980
-0.031400	2.256980
-0.031300	0.316883
-0.031200	0.316883
-0.031100	-4.210010
-0.031000	-4.856710
-0.030900	-3.563310
-0.030800	-2.916610
-0.030700	0.316883
-0.030600	-0.976515
-0.030500	-3.563310
-0.030400	-6.150110
-0.030300	-1.623210
-0.030200	-4.210010
-0.030100	-0.976515
-0.030000	2.256980
-0.029900	0.963582
-0.029800	-1.623210
-0.029700	-4.856710
-0.029600	-4.856710
-0.029500	-2.916610
-0.029400	-2.916610
-0.029300	0.316883
-0.029200	3.550380
-0.029100	1.610280
-0.029000	-4.856710
-0.028900	-5.503410
-0.028800	-2.269910
-0.028700	-1.623210
-0.028600	5.490470
-0.028500	7.430570
-0.028400	4.197080
-0.028300	4.197080
-0.028200	4.843780
-0.028100	4.843780
-0.028000	0.316883
-0.027900	2.903680
-0.027800	0.316883
-0.027700	-6.796810
-0.027600	-7.443510
-0.027500	-2.269910
-0.027400	0.963582
-0.027300	-0.329816
-0.027200	2.903680
-0.027100	3.550380
-0.027000	4.843780
-0.026900	4.197080
-0.026800	1.610280
-0.026700	0.963582
-0.026600	-0.329816
-0.026500	-0.976515
-0.026400	-0.329816
-0.026300	-0.976515
-0.026200	-2.269910
-0.026100	4.197080
-0.026000	0.316883
-0.025900	-1.623210
-0.025800	0.316883
-0.025700	-1.623210
-0.025600	-6.796810
-0.025500	-0.976515
-0.025400	5.490470
-0.025300	1.610280
-0.025200	-0.329816
-0.025100	0.316883
-0.025000	0.316883
-0.024900	0.963582
-0.024800	-1.623210
-0.024700	-0.329816
-0.024600	-2.916610
-0.024500	-6.796810
-0.024400	0.963582
-0.024300	8.077270
-0.024200	6.783870
-0.024100	-1.623210
-0.024000	-0.976515
-0.023900	4.197080
-0.023800	-2.269910
-0.023700	-6.150110
-0.023600	-2.269910
-0.023500	4.197080
-0.023400	1.610280
-0.023300	-0.976515
-0.023200	1.610280
-0.023100	2.256980
-0.023000	2.256980
-0.022900	0.316883
-0.022800	-0.329816
-0.022700	-1.623210
-0.022600	3.550380
-0.022500	-1.623210
-0.022400	-1.623210
-0.022300	-0.329816
-0.022200	-0.976515
-0.022100	-1.623210
-0.022000	-3.563310
-0.021900	2.903680
-0.021800	0.316883
-0.021700	1.610280
-0.021600	2.256980
-0.021500	3.550380
-0.021400	0.316883
-0.021300	-1.623210
-0.021200	-1.623210
-0.021100	-4.856710
-0.021000	0.316883
-0.020900	0.316883
-0.020800	1.610280
-0.020700	2.256980
-0.020600	-0.976515
-0.020500	2.256980
-0.020400	-0.976515
-0.020300	-1.623210
-0.020200	2.903680
-0.020100	1.610280
-0.020000	-4.210010
-0.019900	-4.856710
-0.019800	-4.856710
-0.019700	1.610280
-0.019600	3.550380
-0.019500	-2.269910
-0.019400	-4.856710
-0.019300	-2.269910
-0.019200	-1.623210
-0.019100	2.256980
-0.019000	-2.269910
-0.018900	0.963582
-0.018800	2.256980
-0.018700	-4.210010
-0.018600	0.316883
-0.018500	3.550380
-0.018400	1.610280
-0.018300	4.197080
-0.018200	2.903680
-0.018100	4.197080
-0.018000	0.316883
-0.017900	1.610280
-0.017800	2.903680
-0.017700	1.610280
-0.017600	-0.976515
-0.017500	-0.976515
-0.017400	2.256980
-0.017300	1.610280
-0.017200	0.963582
-0.017100	-2.269910
-0.017000	2.903680
-0.016900	1.610280
-0.016800	-0.976515
-0.016700	-0.976515
-0.016600	0.963582
-0.016500	2.903680
-0.016400	-0.976515
-0.016300	-6.150110
-0.016200	-1.623210
-0.016100	0.316883
-0.016000	0.963582
-0.015900	3.550380
-0.015800	4.197080
-0.015700	2.256980
-0.015600	0.963582
-0.015500	-1.623210
-0.015400	-0.976515
-0.015300	0.963582
-0.015200	0.963582
-0.015100	-0.329816
-0.015000	-2.269910
-0.014900	0.316883
-0.014800	2.256980
-0.014700	0.963582
-0.014600	-6.150110
-0.014500	-4.210010
-0.014400	-0.976515
-0.014300	-1.623210
-0.014200	-4.210010
-0.014100	-4.210010
-0.014000	-4.210010
-0.013900	-2.269910
-0.013800	-0.329816
-0.013700	-4.856710
-0.013600	-4.210010
-0.013500	-2.269910
-0.013400	-1.623210
-0.013300	0.316883
-0.013200	0.316883
-0.013100	-0.329816
-0.013000	0.963582
-0.012900	1.610280
-0.012800	1.610280
-0.012700	-0.329816
-0.012600	2.256980
-0.012500	1.610280
-0.012400	0.316883
-0.012300	-1.623210
-0.012200	-4.856710
-0.012100	3.550380
-0.012000	2.256980
-0.011900	0.316883
-0.011800	0.316883
-0.011700	-1.623210
-0.011600	-4.210010
-0.011500	-3.563310
-0.011400	-0.329816
-0.011300	-2.916610
-0.011200	-4.210010
-0.011100	-4.856710
-0.011000	-1.623210
-0.010900	0.316883
-0.010800	-0.976515
-0.010700	1.610280
-0.010600	8.077270
-0.010500	4.197080
-0.010400	-0.329816
-0.010300	2.256980
-0.010200	2.903680
-0.010100	-6.796810
-0.010000	-6.150110
-0.009900	1.610280
-0.009800	3.550380
-0.009700	-0.329816
-0.009600	-0.976515
-0.009500	-2.269910
-0.009400	-2.269910
-0.009300	-4.856710
-0.009200	-3.563310
-0.009100	-0.976515
-0.009000	-0.329816
-0.008900	-0.329816
-0.008800	0.963582
-0.008700	2.903680
-0.008600	0.963582
-0.008500	1.610280
-0.008400	0.963582
-0.008300	0.963582
-0.008200	2.256980
-0.008100	-0.976515
-0.008000	0.963582
-0.007900	-0.976515
-0.007800	-0.976515
-0.007700	-2.269910
-0.007600	-0.976515
-0.007500	-7.443510
-0.007400	-2.269910
-0.007300	2.256980
-0.007200	1.610280
-0.007100	1.610280
-0.007000	2.256980
-0.006900	4.197080
-0.006800	5.490470
-0.006700	-1.623210
-0.006600	-1.623210
-0.006500	0.963582
-0.006400	2.256980
-0.006300	2.903680
-0.006200	4.197080
-0.006100	4.197080
-0.006000	0.963582
-0.005900	-0.976515
-0.005800	-0.976515
-0.005700	-1.623210
-0.005600	-1.623210
-0.005500	-0.329816
-0.005400	0.963582
-0.005300	-3.563310
-0.005200	-6.796810
-0.005100	-3.563310
-0.005000	-2.269910
-0.004900	-0.329816
-0.004800	2.903680
-0.004700	2.903680
-0.004600	-1.623210
-0.004500	-4.856710
-0.004400	0.963582
-0.004300	2.903680
-0.004200	2.256980
-0.004100	2.903680
-0.004000	1.610280
-0.003900	2.256980
-0.003800	0.316883
-0.003700	-5.503410
-0.003600	2.903680
-0.003500	4.197080
-0.003400	2.256980
-0.003300	0.963582
-0.003200	2.256980
-0.003100	3.550380
-0.003000	2.903680
-0.002900	5.490470
-0.002800	8.077270
-0.002700	0.963582
-0.002600	-2.269910
-0.002500	-0.329816
-0.002400	-1.623210
-0.002300	0.316883
-0.002200	0.316883
-0.002100	3.550380
-0.002000	0.316883
-0.001900	-0.329816
-0.001800	-0.329816
-0.001700	-0.976515
-0.001600	0.963582
-0.001500	0.316883
-0.001400	-0.976515
-0.001300	-0.976515
-0.001200	2.256980
-0.001100	-1.623210
-0.001000	-2.269910
-0.000900	0.316883
-0.000800	0.963582
-0.000700	3.550380
-0.000600	2.256980
-0.000500	-0.976515
-0.000400	-0.329816
-0.000300	-0.329816
-0.000200	-0.329816
-0.000100	5.490470
0.000000	3.550380
0.000100	2.256980
0.000200	1.610280
0.000300	-1.623210
0.000400	-4.210010
0.000500	-3.563310
0.000600	-0.976515
0.000700	-3.563310
0.000800	-4.856710
0.000900	-4.856710
0.001000	0.963582
0.001100	2.903680
0.001200	-0.976515
0.001300	1.610280
0.001400	-0.329816
0.001500	0.963582
0.001600	-0.329816
0.001700	-4.210010
0.001800	-4.210010
0.001900	-0.976515
0.002000	-0.329816
0.002100	2.256980
0.002200	2.256980
0.002300	-0.329816
0.002400	-2.916610
0.002500	2.903680
0.002600	6.783870
0.002700	4.197080
0.002800	4.197080
0.002900	8.077270
0.003000	4.197080
0.003100	0.963582
0.003200	5.490470
0.003300	0.963582
0.003400	4.197080
0.003500	6.137170
0.003600	9.370670
0.003700	5.490470
0.003800	4.197080
0.003900	4.843780
0.004000	4.197080
0.004100	3.550380
0.004200	0.316883
0.004300	-0.329816
0.004400	-3.563310
0.004500	0.316883
0.004600	6.783870
0.004700	8.723970
0.004800	3.550380
0.004900	1.610280
0.005000	2.903680
0.005100	6.783870
0.005200	6.783870
0.005300	2.903680
0.005400	0.963582
0.005500	1.610280
0.005600	3.550380
0.005700	-0.329816
0.005800	1.610280
0.005900	4.197080
0.006000	3.550380
0.006100	4.843780
0.006200	4.843780
0.006300	6.783870
0.006400	7.430570
0.006500	8.723970
0.006600	3.550380
0.006700	-2.916610
0.006800	-0.976515
0.006900	6.783870
0.007000	3.550380
0.007100	2.903680
0.007200	4.843780
0.007300	3.550380
0.007400	4.843780
0.007500	1.610280
0.007600	4.197080
0.007700	5.490470
0.007800	5.490470
0.007900	4.197080
0.008000	2.903680
0.008100	2.903680
0.008200	0.316883
0.008300	0.316883
0.008400	8.077270
0.008500	2.256980
0.008600	5.490470
0.008700	3.550380
0.008800	10.017400
0.008900	10.664100
0.009000	6.783870
0.009100	2.256980
0.009200	2.903680
0.009300	4.197080
0.009400	8.723970
0.009500	11.957500
0.009600	7.430570
0.009700	2.256980
0.009800	4.197080
0.009900	5.490470
0.010000	6.783870
0.010100	11.310800
0.010200	6.137170
0.010300	0.963582
0.010400	2.256980
0.010500	6.137170
0.010600	8.723970
0.010700	7.430570
0.010800	8.077270
0.010900	10.664100
0.011000	7.430570
0.011100	5.490470
0.011200	3.550380
0.011300	0.316883
0.011400	2.903680
0.011500	7.430570
0.011600	6.783870
0.011700	0.316883
0.011800	2.256980
0.011900	4.197080
0.012000	2.903680
0.012100	-1.623210
0.012200	6.783870
0.012300	11.957500
0.012400	5.490470
0.012500	-0.976515
0.012600	8.723970
0.012700	9.370670
0.012800	8.723970
0.012900	10.664100
0.013000	2.903680
0.013100	5.490470
0.013200	11.310800
0.013300	11.957500
0.013400	6.137170
0.013500	4.843780
0.013600	4.197080
0.013700	6.783870
0.013800	8.077270
0.013900	9.370670
0.014000	6.137170
0.014100	11.310800
0.014200	7.430570
0.014300	3.550380
0.014400	6.783870
0.014500	12.604200
0.014600	11.957500
0.014700	9.370670
0.014800	6.137170
0.014900	10.664100
0.015000	15.191000
0.015100	13.250900
0.015200	13.897600
0.015300	14.544300
0.015400	11.957500
0.015500	11.310800
0.015600	13.897600
0.015700	13.250900
0.015800	8.723970
0.015900	6.137170
0.016000	8.077270
0.016100	13.250900
0.016200	21.011299
0.016300	16.484400
0.016400	18.424500
0.016500	19.071199
0.016600	19.071199
0.016700	19.071199
0.016800	17.777800
0.016900	17.777800
0.017000	21.011299
0.017100	17.777800
0.017200	19.717899
0.017300	20.364599
0.017400	16.484400
0.017500	18.424500
0.017600	21.657900
0.017700	24.891399
0.017800	27.478201
0.017900	24.891399
0.018000	25.538099
0.018100	26.831499
0.018200	28.124901
0.018300	26.184799
0.018400	28.124901
0.018500	29.418301
0.018600	28.771601
0.018700	28.771601
0.018800	26.831499
0.018900	24.891399
0.019000	23.598000
0.019100	21.657900
0.019200	26.184799
0.019300	31.358400
0.019400	25.538099
0.019500	14.544300
0.019600	16.484400
0.019700	20.364599
0.019800	11.957500
0.019900	5.490470
0.020000	4.197080
0.020100	8.723970
0.020200	1.610280
0.020300	-4.856710
0.020400	2.903680
0.020500	8.723970
0.020600	8.723970
0.020700	8.723970
0.020800	20.364599
0.020900	29.418301
0.021000	27.478201
0.021100	18.424500
0.021200	16.484400
0.021300	11.957500
0.021400	0.316883
0.021500	-17.790701
0.021600	-46.892101
0.021700	-69.526604
0.021800	-85.694099
0.021900	-144.544006
0.022000	-220.854004
0.022100	-272.589996
0.022200	-312.039001
0.022300	-348.253998
0.022400	-387.056000
0.022500	-418.096985
0.022600	-439.437988
0.022700	-456.898987
0.022800	-465.306000
0.022900	-492.467987
0.023000	-549.377014
0.023100	-600.466003
0.023200	-633.447998
0.023300	-652.848999
0.023400	-670.956970
0.023500	-692.943970
0.023600	-724.632996
0.023700	-729.159973
0.023800	-679.364014
0.023900	-615.341003
0.024000	-545.497009
0.024100	-515.101990
0.024200	-557.138000
0.024300	-605.640015
0.024400	-595.940002
0.024500	-605.640015
0.024600	-667.075989
0.024700	-712.344971
0.024800	-731.745972
0.024900	-777.015015
0.025000	-803.530029
0.025100	-830.690979
0.025200	-934.163025
0.025300	-1078.380005
0.025400	-1152.750000
0.025500	-1183.140015
0.025600	-1232.939941
0.025700	-1298.250000
0.025800	-1384.910034
0.025900	-1441.180054
0.026000	-1396.550049
0.026100	-1297.609985
0.026200	-1271.089966
0.026300	-1304.079956
0.026400	-1318.300049
0.026500	-1337.060059
0.026600	-1371.329956
0.026700	-1337.060059
0.026800	-1357.099976
0.026900	-1461.219971
0.027000	-1477.390015
0.027100	-1404.959961
0.027200	-1426.300049
0.027300	-1520.719971
0.027400	-1582.800049
0.027500	-1630.660034
0.027600	-1644.239990
0.027700	-1576.339966
0.027800	-1520.069946
0.027900	-1534.949951
0.028000	-1561.459961
0.028100	-1524.599976
0.028200	-1435.349976
0.028300	-1348.050049
0.028400	-1296.959961
0.028500	-1306.020020
0.028600	-1346.760010
0.028700	-1347.400024
0.028800	-1317.010010
0.028900	-1303.430054
0.029000	-1328.000000
0.029100	-1331.239990
0.029200	-1335.119995
0.029300	-1401.729980
0.029400	-1500.670044
0.029500	-1569.219971
0.029600	-1629.359985
0.029700	-1693.390015
0.029800	-1747.709961
0.029900	-1781.339966
0.030000	-1791.689941
0.030100	-1781.339966
0.030200	-1761.290039
0.030300	-1737.359985
0.030400	-1743.180054
0.030500	-1767.109985
0.030600	-1776.170044
0.030700	-1768.400024
0.030800	-1786.510010
0.030900	-1831.130005
0.031000	-1858.939941
0.031100	-1882.869995
0.031200	-1919.729980
0.031300	-1951.420044
0.031400	-1960.469971
0.031500	-1960.469971
0.031600	-1965.650024
0.031700	-1962.410034
0.031800	-1949.479980
0.031900	-1952.709961
0.032000	-1962.410034
0.032100	-1970.170044
0.032200	-1988.930054
0.032300	-2003.160034
0.032400	-2018.030029
0.032500	-2054.889893
0.032600	-2085.929932
0.032700	-2108.570068
0.032800	-2129.909912
0.032900	-2156.419922
0.033000	-2182.290039
0.033100	-2207.510010
0.033200	-2228.850098
0.033300	-2250.840088
0.033400	-2275.419922
0.033500	-2293.520020
0.033600	-2302.580078
0.033700	-2317.449951
0.033800	-2336.209961
0.033900	-2339.439941
0.034000	-2338.149902
0.034100	-2340.729980
0.034200	-2327.149902
0.034300	-2291.580078
0.034400	-2261.189941
0.034500	-2242.439941
0.034600	-2226.270020
0.034700	-2202.989990
0.034800	-2192.639893
0.034900	-2181.000000
0.035000	-2163.540039
0.035100	-2148.659912
0.035200	-2138.320068
0.035300	-2140.260010
0.035400	-2150.600098
0.035500	-2151.899902
0.035600	-2140.260010
0.035700	-2140.260010
0.035800	-2157.070068
0.035900	-2158.360107
0.036000	-2131.850098
0.036100	-2096.929932
0.036200	-2087.229980
0.036300	-2096.929932
0.036400	-2099.510010
0.036500	-2097.570068
0.036600	-2098.219971
0.036700	-2089.810059
0.036800	-2069.120117
0.036900	-2049.719971
0.037000	-2051.659912
0.037100	-2062.649902
0.037200	-2038.729980
0.037300	-2012.209961
0.037400	-2012.209961
0.037500	-1998.630005
0.037600	-1958.530029
0.037700	-1937.189941
0.037800	-1924.260010
0.037900	-1887.400024
0.038000	-1864.119995
0.038100	-1864.760010
0.038200	-1856.359985
0.038300	-1824.020020
0.038400	-1800.089966
0.038500	-1799.449951
0.038600	-1800.089966
0.038700	-1771.640015
0.038800	-1751.589966
0.038900	-1746.420044
0.039000	-1728.310059
0.039100	-1715.380005
0.039200	-1705.030029
0.039300	-1691.449951
0.039400	-1690.800049
0.039500	-1684.979980
0.039600	-1672.050049
0.039700	-1672.050049
0.039800	-1674.630005
0.039900	-1668.170044
0.040000	-1666.869995
0.040100	-1670.109985
0.040200	-1677.869995
0.040300	-1680.449951
0.040400	-1681.099976
0.040500	-1675.930054
0.040600	-1669.459961
0.040700	-1661.050049
0.040800	-1657.170044
0.040900	-1652.650024
0.041000	-1639.709961
0.041100	-1628.719971
0.041200	-1624.839966
0.041300	-1623.540039
0.041400	-1617.719971
0.041500	-1609.959961
0.041600	-1608.670044
0.041700	-1613.839966
0.041800	-1614.489990
0.041900	-1613.199951
0.042000	-1607.380005
0.042100	-1605.439941
0.042200	-1604.790039
0.042300	-1596.380005
0.042400	-1596.380005
0.042500	-1590.560059
0.042600	-1573.750000
0.042700	-1561.459961
0.042800	-1557.579956
0.042900	-1566.630005
0.043000	-1565.339966
0.043100	-1551.109985
0.043200	-1552.410034
0.043300	-1565.339966
0.043400	-1562.750000
0.043500	-1549.819946
0.043600	-1533.010010
0.043700	-1528.479980
0.043800	-1543.349976
0.043900	-1562.750000
0.044000	-1577.630005
0.044100	-1595.739990
0.044200	-1640.359985
0.044300	-1675.280029
0.044400	-1668.170044
0.044500	-1648.119995
0.044600	-1670.750000
0.044700	-1730.250000
0.044800	-1772.930054
0.044900	-1791.040039
0.045000	-1824.020020
0.045100	-1848.599976
0.045200	-1860.880005
0.045300	-1869.939941
0.045400	-1883.520020
0.045500	-1893.859985
0.045600	-1905.510010
0.045700	-1915.849976
0.045800	-1911.329956
0.045900	-1913.270020
0.046000	-1914.560059
0.046100	-1897.739990
0.046200	-1882.219971
0.046300	-1882.869995
0.046400	-1880.930054
0.046500	-1879.640015
0.046600	-1887.400024
0.046700	-1902.270020
0.046800	-1904.859985
0.046900	-1915.849976
0.047000	-1930.729980
0.047100	-1933.959961
0.047200	-1939.130005
0.047300	-1947.540039
0.047400	-1957.239990
0.047500	-1962.410034
0.047600	-1969.530029
0.047700	-1984.400024
0.047800	-1988.930054
0.047900	-1994.750000
0.048000	-2008.329956
0.048100	-2016.089966
0.048200	-2018.680054
0.048300	-2029.670044
0.048400	-2032.900024
0.048500	-2036.140015
0.048600	-2041.959961
0.048700	-2043.900024
0.048800	-2032.900024
0.048900	-2000.569946
0.049000	-1963.060059
0.049100	-1946.250000
0.049200	-1926.199951
0.049300	-1899.680054
0.049400	-1878.339966
0.049500	-1859.589966
0.049600	-1849.890015
0.049700	-1840.189941
0.049800	-1825.959961
0.049900	-1820.140015
0.050000	-1820.790039
0.050100	-1826.609985
0.050200	-1827.250000
0.050300	-1833.069946
0.050400	-1833.069946
0.050500	-1832.430054
0.050600	-1835.010010
0.050700	-1834.369995
0.050800	-1821.430054
0.050900	-1790.390015
0.051000	-1783.280029
0.051100	-1796.859985
0.051200	-1793.630005
0.051300	-1778.750000
0.051400	-1762.579956
0.051500	-1764.520020
0.051600	-1774.229980
0.051700	-1783.280029
0.051800	-1783.280029
0.051900	-1787.160034
0.052000	-1800.739990
0.052100	-1811.729980
0.052200	-1804.619995
0.052300	-1796.859985
0.052400	-1794.270020
0.052500	-1791.040039
0.052600	-1783.280029
0.052700	-1776.810059
0.052800	-1774.229980
0.052900	-1772.290039
0.053000	-1772.290039
0.053100	-1779.400024
0.053200	-1786.510010
0.053300	-1793.630005
0.053400	-1800.739990
0.053500	-1803.969971
0.053600	-1809.150024
0.053700	-1811.729980
0.053800	-1816.260010
0.053900	-1820.790039
0.054000	-1814.319946
0.054100	-1805.910034
0.054200	-1801.390015
0.054300	-1800.739990
0.054400	-1799.449951
0.054500	-1802.030029
0.054600	-1808.500000
0.054700	-1824.020020
0.054800	-1835.010010
0.054900	-1846.010010
0.055000	-1859.589966
0.055100	-1876.400024
0.055200	-1884.160034
0.055300	-1884.810059
0.055400	-1894.510010
0.055500	-1897.099976
0.055600	-1886.099976
0.055700	-1870.579956
0.055800	-1873.170044
0.055900	-1874.459961
0.056000	-1869.290039
0.056100	-1868.640015
0.056200	-1875.109985
0.056300	-1891.280029
0.056400	-1899.680054
0.056500	-1908.739990
0.056600	-1920.380005
0.056700	-1919.729980
0.056800	-1917.790039
0.056900	-1921.030029
0.057000	-1919.729980
0.057100	-1920.380005
0.057200	-1922.969971
0.057300	-1921.670044
0.057400	-1922.969971
0.057500	-1924.260010
0.057600	-1929.430054
0.057700	-1930.079956
0.057800	-1930.079956
0.057900	-1934.609985
0.058000	-1941.069946
0.058100	-1937.189941
0.058200	-1930.729980
0.058300	-1933.959961
0.058400	-1929.430054
0.058500	-1917.790039
0.058600	-1902.920044
0.058700	-1897.739990
0.058800	-1893.219971
0.058900	-1888.040039
0.059000	-1886.750000
0.059100	-1886.750000
0.059200	-1875.109985
0.059300	-1857.650024
0.059400	-1837.599976
0.059500	-1819.489990
0.059600	-1795.569946
0.059700	-1771.640015
0.059800	-1760.640015
0.059900	-1753.530029
0.060000	-1746.420044
0.060100	-1737.359985
0.060200	-1732.839966
0.060300	-1734.130005
0.060400	-1727.660034
0.060500	-1718.609985
0.060600	-1703.089966
0.060700	-1679.160034
0.060800	-1662.349976
0.060900	-1644.239990
0.061000	-1632.599976
0.061100	-1609.959961
0.061200	-1597.030029
0.061300	-1589.920044
0.061400	-1582.160034
0.061500	-1583.449951
0.061600	-1589.920044
0.061700	-1594.439941
0.061800	-1600.910034
0.061900	-1608.020020
0.062000	-1615.780029
0.062100	-1620.959961
0.062200	-1624.839966
0.062300	-1624.189941
0.062400	-1620.310059
0.062500	-1624.189941
0.062600	-1626.130005
0.062700	-1619.660034
0.062800	-1619.660034
0.062900	-1631.949951
0.063000	-1639.709961
0.063100	-1628.719971
0.063200	-1620.959961
0.063300	-1618.369995
0.063400	-1609.959961
0.063500	-1594.439941
0.063600	-1587.329956
0.063700	-1580.219971
0.063800	-1573.750000
0.063900	-1564.689941
0.064000	-1561.459961
0.064100	-1549.170044
0.064200	-1538.829956
0.064300	-1534.300049
0.064400	-1536.239990
0.064500	-1525.250000
0.064600	-1516.189941
0.064700	-1507.790039
0.064800	-1493.560059
0.064900	-1481.270020
0.065000	-1480.619995
0.065100	-1488.380005
0.065200	-1493.560059
0.065300	-1496.790039
0.065400	-1509.079956
0.065500	-1517.489990
0.065600	-1525.250000
0.065700	-1523.949951
0.065800	-1509.079956
0.065900	-1496.790039
0.066000	-1479.329956
0.066100	-1469.630005
0.066200	-1468.979980
0.066300	-1474.800049
0.066400	-1470.920044
0.066500	-1468.339966
0.066600	-1467.689941
0.066700	-1464.459961
0.066800	-1457.339966
0.066900	-1442.469971
0.067000	-1425.650024
0.067100	-1404.310059
0.067200	-1383.619995
0.067300	-1362.280029
0.067400	-1343.520020
0.067500	-1316.359985
0.067600	-1304.079956
0.067700	-1292.430054
0.067800	-1282.089966
0.067900	-1278.849976
0.068000	-1275.619995
0.068100	-1267.859985
0.068200	-1274.969971
0.068300	-1277.560059
0.068400	-1272.390015
0.068500	-1269.800049
0.068600	-1271.089966
0.068700	-1270.449951
0.068800	-1268.510010
0.068900	-1266.569946
0.069000	-1268.510010
0.069100	-1279.500000
0.069200	-1288.550049
0.069300	-1296.959961
0.069400	-1313.780029
0.069500	-1319.599976
0.069600	-1318.949951
0.069700	-1321.540039
0.069800	-1328.650024
0.069900	-1333.819946
0.070000	-1342.229980
0.070100	-1348.699951
0.070200	-1342.229980
0.070300	-1337.060059
0.070400	-1337.060059
0.070500	-1342.880005
0.070600	-1341.579956
0.070700	-1342.880005
0.070800	-1341.579956
0.070900	-1336.410034
0.071000	-1333.180054
0.071100	-1329.300049
0.071200	-1329.939941
0.071300	-1328.650024
0.071400	-1317.660034
0.071500	-1310.540039
0.071600	-1311.839966
0.071700	-1305.369995
0.071800	-1291.140015
0.071900	-1273.680054
0.072000	-1266.569946
0.072100	-1256.869995
0.072200	-1246.520020
0.072300	-1231.000000
0.072400	-1222.589966
0.072500	-1219.359985
0.072600	-1221.939941
0.072700	-1220.000000
0.072800	-1215.479980
0.072900	-1209.660034
0.073000	-1201.250000
0.073100	-1181.199951
0.073200	-1164.390015
0.073300	-1160.510010
0.073400	-1157.920044
0.073500	-1148.219971
0.073600	-1135.930054
0.073700	-1136.579956
0.073800	-1134.640015
0.073900	-1125.589966
0.074000	-1113.300049
0.074100	-1109.420044
0.074200	-1102.300049
0.074300	-1080.319946
0.074400	-1064.150024
0.074500	-1059.619995
0.074600	-1060.920044
0.074700	-1053.160034
0.074800	-1053.800049
0.074900	-1058.329956
0.075000	-1051.219971
0.075100	-1035.050049
0.075200	-1027.290039
0.075300	-1021.469971
0.075400	-1015.650024
0.075500	-1008.530029
0.075600	-1006.590027
0.075700	-1008.530029
0.075800	-998.833008
0.075900	-978.784973
0.076000	-967.145020
0.076100	-951.624023
0.076200	-938.043030
0.076300	-929.635986
0.076400	-928.343018
0.076500	-923.169006
0.076600	-909.588989
0.076700	-899.888000
0.076800	-893.421021
0.076900	-879.193970
0.077000	-839.744995
0.077100	-813.877014
0.077200	-816.463989
0.077300	-826.810974
0.077400	-826.810974
0.077500	-833.278015
0.077600	-846.859009
0.077700	-848.799011
0.077800	-842.331970
0.077900	-842.979004
0.078000	-834.572021
0.078100	-819.051025
0.078200	-806.763000
0.078300	-804.822998
0.078400	-807.409973
0.078500	-811.289978
0.078600	-816.463989
0.078700	-827.458008
0.078800	-841.684998
0.078900	-843.625000
0.079000	-837.158020
0.079100	-841.039001
0.079200	-841.039001
0.079300	-837.804993
0.079400	-836.512024
0.079500	-841.039001
0.079600	-844.919006
0.079700	-847.505981
0.079800	-848.151978
0.079900	-852.679016
0.080000	-853.325989
0.080100	-849.445984
0.080200	-857.853027
0.080300	-872.080017
0.080400	-877.254028
0.080500	-875.960022
0.080600	-883.073975
0.080700	-893.421021
0.080800	-888.893982
0.080900	-883.073975
0.081000	-893.421021
0.081100	-902.474976
0.081200	-901.182007
0.081300	-901.182007
0.081400	-902.474976
0.081500	-909.588989
0.081600	-917.995972
0.081700	-919.935974
0.081800	-923.169006
0.081900	-934.163025
0.082000	-935.456970
0.082100	-932.223022
0.082200	-933.515991
0.082300	-943.864014
0.082400	-943.216980
0.082500	-944.510010
0.082600	-943.216980
0.082700	-945.804016
0.082800	-946.450012
0.082900	-952.270996
0.083000	-952.270996
0.083100	-956.151001
0.083200	-952.916992
0.083300	-953.564026
0.083400	-960.677979
0.083500	-956.797974
0.083600	-951.624023
0.083700	-953.564026
0.083800	-959.383972
0.083900	-961.325012
0.084000	-962.617981
0.084100	-961.325012
0.084200	-961.325012
0.084300	-954.210999
0.084400	-946.450012
0.084500	-941.924011
0.084600	-934.809998
0.084700	-927.695984
0.084800	-930.929993
0.084900	-936.103027
0.085000	-938.043030
0.085100	-928.989990
0.085200	-925.109009
0.085300	-922.523010
0.085400	-920.581970
0.085500	-914.762024
0.085600	-908.942017
0.085700	-904.414978
0.085800	-888.893982
0.085900	-885.013977
0.086000	-887.601013
0.086100	-885.661011
0.086200	-867.552979
0.086300	-853.325989
0.086400	-842.979004
0.086500	-826.164001
0.086600	-806.117004
0.086700	-788.008972
0.086800	-780.249023
0.086900	-786.068970
0.087000	-783.481995
0.087100	-770.547974
0.087200	-757.614014
0.087300	-751.794006
0.087400	-747.267029
0.087500	-743.387024
0.087600	-732.393005
0.087700	-726.572998
0.087800	-722.046021
0.087900	-722.046021
0.088000	-718.166016
0.088100	-713.638977
0.088200	-729.806030
0.088300	-760.200989
0.088400	-789.302979
0.088500	-801.590027
0.088600	-811.937012
0.088700	-835.864990
0.088800	-864.320007
0.088900	-877.254028
0.089000	-870.140015
0.089100	-864.966003
0.089200	-868.846985
0.089300	-874.020020
0.089400	-890.833984
0.089500	-895.361023
0.089600	-874.020020
0.089700	-842.979004
0.089800	-830.690979
0.089900	-827.458008
0.090000	-806.117004
0.090100	-777.661987
0.090200	-774.429016
0.090300	-780.895996
0.090400	-762.140991
0.090500	-734.333008
0.090600	-727.218994
0.090700	-722.692993
0.090800	-705.877991
0.090900	-703.937988
0.091000	-714.286011
0.091100	-712.992004
0.091200	-710.405029
0.091300	-714.932007
0.091400	-717.518982
0.091500	-723.986023
0.091600	-723.338989
0.091700	-715.578979
0.091800	-718.812012
0.091900	-720.752991
0.092000	-727.218994
0.092100	-733.039978
0.092200	-734.333008
0.092300	-742.093994
0.092400	-746.619995
0.092500	-755.028015
0.092600	-756.968018
0.092700	-753.734009
0.092800	-753.734009
0.092900	-747.267029
0.093000	-738.213013
0.093100	-739.507019
0.093200	-736.919983
0.093300	-728.513000
0.093400	-715.578979
0.093500	-710.405029
0.093600	-714.286011
0.093700	-713.638977
0.093800	-704.585022
0.093900	-702.645020
0.094000	-697.471008
0.094100	-694.237976
0.094200	-691.651001
0.094300	-685.184021
0.094400	-675.484009
0.094500	-674.836975
0.094600	-668.369995
0.094700	-656.083008
0.094800	-652.848999
0.094900	-649.616028
0.095000	-636.682007
0.095100	-632.155029
0.095200	-628.275024
0.095300	-620.513977
0.095400	-612.106995
0.095500	-609.520020
0.095600	-599.172974
0.095700	-590.765991
0.095800	-583.005981
0.095900	-576.539001
0.096000	-568.778015
0.096100	-562.310974
0.096200	-554.551025
0.096300	-545.497009
0.096400	-536.442993
0.096500	-528.036011
0.096600	-515.101990
0.096700	-502.815002
0.096800	-496.347992
0.096900	-487.941010
0.097000	-475.653992
0.097100	-467.893005
0.097200	-462.072998
0.097300	-453.019012
0.097400	-439.437988
0.097500	-423.917999
0.097600	-417.450989
0.097700	-408.397003
0.097800	-397.403015
0.097900	-381.881989
0.098000	-372.828003
0.098100	-367.007996
0.098200	-356.661011
0.098300	-350.841003
0.098400	-343.079987
0.098500	-330.792999
0.098600	-326.912994
0.098700	-327.559998
0.098800	-315.919006
0.098900	-298.458008
0.099000	-291.990997
0.099100	-285.523987
0.099200	-275.824005
0.099300	-268.062988
0.099400	-258.363007
0.099500	-244.781998
0.099600	-236.375000
0.099700	-238.962006
0.099800	-234.434998
0.099900	-224.733994
0.100000	-209.860001
0.100100	-201.453003
0.100200	-200.807007
0.100300	-186.578995
0.100400	-176.231995
0.100500	-165.884995
0.100600	-163.945007
0.100700	-153.597000
0.100800	-144.544006
0.100900	-135.490005
0.101000	-134.843002
0.101100	-127.730003
0.101200	-117.382004
0.101300	-108.329002
0.101400	-103.802002
0.101500	-102.508003
0.101600	-97.981400
0.101700	-89.574303
0.101800	-78.580399
0.101900	-71.466698
0.102000	-65.646400
0.102100	-60.472801
0.102200	-59.179401
0.102300	-52.712399
0.102400	-42.365299
0.102500	-40.425201
0.102600	-35.898300
0.102700	-27.491199
0.102800	-23.611000
0.102900	-25.551100
0.103000	-21.670900
0.103100	-17.790701
0.103200	-8.090200
0.103300	0.963582
0.103400	11.957500
0.103500	17.777800
0.103600	22.951300
0.103700	33.945202
0.103800	36.532001
0.103900	41.058899
0.104000	49.466000
0.104100	52.052799
0.104200	51.406101
0.104300	54.639599
0.104400	65.633499
0.104500	75.980698
0.104600	77.920799
0.104700	88.914597
0.104800	103.789001
0.104900	111.549004
0.105000	113.488998
0.105100	116.723000
0.105200	122.542999
0.105300	125.776001
0.105400	124.483002
0.105500	116.075996
0.105600	112.195999
0.105700	112.195999
0.105800	106.375999
0.105900	109.609001
0.106000	112.195999
0.106100	112.843002
0.106200	112.843002
0.106300	119.956001
0.106400	124.483002
0.106500	121.250000
0.106600	123.835999
0.106700	131.597000
0.106800	129.656998
0.106900	126.422997
0.107000	126.422997
0.107100	121.896004
0.107200	115.429001
0.107300	114.136002
0.107400	110.255997
0.107500	104.434998
0.107600	99.261803
0.107700	92.148102
0.107800	88.267899
0.107900	84.387802
0.108000	83.094398
0.108100	87.621201
0.108200	90.854698
0.108300	85.034500
0.108400	83.741096
0.108500	89.561302
0.108600	88.914597
0.108700	86.327797
0.108800	84.387802
0.108900	89.561302
0.109000	88.914597
0.109100	90.208000
0.109200	95.381599
0.109300	94.088203
0.109400	94.734901
0.109500	92.148102
0.109600	85.681198
0.109700	89.561302
0.109800	97.968399
0.109900	96.675003
0.110000	98.615097
0.110100	99.908501
0.110200	99.261803
0.110300	103.789001
0.110400	106.375999
0.110500	109.609001
0.110600	114.782997
0.110700	122.542999
0.110800	118.015999
0.110900	114.136002
0.111000	114.782997
0.111100	118.015999
0.111200	118.663002
0.111300	119.308998
0.111400	114.136002
0.111500	108.961998
0.111600	108.961998
0.111700	110.902000
0.111800	105.082001
0.111900	99.261803
0.112000	98.615097
0.112100	99.261803
0.112200	97.321701
0.112300	96.675003
0.112400	93.441498
0.112500	88.914597
0.112600	89.561302
0.112700	88.914597
0.112800	92.148102
0.112900	97.321701
0.113000	94.088203
0.113100	94.734901
0.113200	88.914597
0.113300	89.561302
0.113400	90.854698
0.113500	91.501404
0.113600	91.501404
0.113700	92.794800
0.113800	95.381599
0.113900	95.381599
0.114000	95.381599
0.114100	102.495003
0.114200	102.495003
0.114300	97.968399
0.114400	95.381599
0.114500	93.441498
0.114600	96.675003
0.114700	93.441498
0.114800	90.208000
0.114900	89.561302
0.115000	94.088203
0.115100	95.381599
0.115200	92.148102
0.115300	94.088203
0.115400	96.028297
0.115500	98.615097
0.115600	99.908501
0.115700	100.555000
0.115800	98.615097
0.115900	96.675003
0.116000	101.202003
0.116100	98.615097
0.116200	101.202003
0.116300	106.375999
0.116400	108.961998
0.116500	105.728996
0.116600	101.848999
0.116700	103.789001
0.116800	103.789001
0.116900	107.022003
0.117000	109.609001
0.117100	103.141998
0.117200	99.908501
0.117300	106.375999
0.117400	109.609001
0.117500	107.668999
0.117600	108.961998
0.117700	110.255997
0.117800	108.961998
0.117900	107.668999
0.118000	110.902000
0.118100	108.961998
0.118200	112.843002
0.118300	110.902000
0.118400	112.195999
0.118500	116.075996
0.118600	118.015999
0.118700	114.136002
0.118800	112.195999
0.118900	110.255997
0.119000	114.782997
0.119100	117.369003
0.119200	113.488998
0.119300	112.843002
0.119400	116.723000
0.119500	108.316002
0.119600	114.782997
0.119700	123.835999
0.119800	120.602997
0.119900	115.429001
0.120000	113.488998
0.120100	117.369003
0.120200	118.663002
0.120300	116.723000
0.120400	111.549004
0.120500	112.195999
0.120600	115.429001
0.120700	121.896004
0.120800	123.835999
0.120900	121.250000
0.121000	116.723000
0.121100	119.308998
0.121200	123.835999
0.121300	128.363007
0.121400	129.009995
0.121500	129.009995
0.121600	133.537003
0.121700	149.057999
0.121800	193.033005
0.121900	192.386002
0.122000	129.656998
0.122100	105.082001
0.122200	148.410995
0.122300	149.703995
0.122400	76.627403
0.122500	72.747200
0.122600	127.070000
0.122700	104.434998
0.122800	44.292400
0.122900	63.693401
0.123000	103.789001
0.123100	81.154297
0.123200	61.106602
0.123300	90.208000
0.123400	109.609001
0.123500	89.561302
0.123600	99.261803
0.123700	120.602997
0.123800	118.015999
0.123900	99.908501
0.124000	101.848999
0.124100	108.961998
0.124200	104.434998
0.124300	99.261803
0.124400	113.488998
0.124500	122.542999
0.124600	112.195999
0.124700	114.136002
0.124800	124.483002
0.124900	126.422997
0.125000	121.250000
0.125100	115.429001
0.125200	112.843002
0.125300	96.675003
0.125400	92.794800
0.125500	100.555000
0.125600	109.609001
0.125700	97.968399
0.125800	90.208000
0.125900	92.148102
0.126000	89.561302
0.126100	85.034500
0.126200	86.974503
0.126300	92.148102
0.126400	89.561302
0.126500	90.208000
0.126600	96.675003
0.126700	105.728996
0.126800	108.961998
0.126900	105.082001
0.127000	111.549004
0.127100	116.075996
0.127200	118.015999
0.127300	116.723000
0.127400	117.369003
0.127500	111.549004
0.127600	103.789001
0.127700	98.615097
0.127800	97.968399
0.127900	96.675003
0.128000	86.974503
0.128100	77.274101
0.128200	86.974503
0.128300	88.267899
0.128400	88.914597
0.128500	99.908501
0.128600	108.316002
0.128700	102.495003
0.128800	93.441498
0.128900	96.028297
0.129000	106.375999
0.129100	98.615097
0.129200	86.327797
0.129300	92.148102
0.129400	103.141998
0.129500	101.848999
0.129600	102.495003
0.129700	103.141998
0.129800	107.022003
0.129900	107.668999
0.130000	97.321701
0.130100	98.615097
0.130200	100.555000
0.130300	101.848999
0.130400	105.082001
0.130500	105.082001
0.130600	105.728996
0.130700	104.434998
0.130800	108.316002
0.130900	110.255997
0.131000	106.375999
0.131100	108.316002
0.131200	108.316002
0.131300	106.375999
0.131400	112.843002
0.131500	116.723000
0.131600	116.075996
0.131700	114.136002
0.131800	114.136002
0.131900	116.075996
0.132000	116.075996
0.132100	120.602997
0.132200	121.896004
0.132300	119.308998
0.132400	110.902000
0.132500	103.141998
0.132600	118.663002
0.132700	124.483002
0.132800	110.902000
0.132900	116.723000
0.133000	103.141998
0.133100	79.214203
0.133200	107.668999
0.133300	127.717003
0.133400	112.195999
0.133500	102.495003
0.133600	115.429001
0.133700	129.656998
0.133800	134.830002
0.133900	123.835999
0.134000	116.723000
0.134100	123.190002
0.134200	133.537003
0.134300	127.070000
0.134400	119.956001
0.134500	123.190002
0.134600	122.542999
0.134700	129.656998
0.134800	134.830002
0.134900	140.651001
0.135000	143.884003
0.135100	140.651001
0.135200	135.477005
0.135300	137.417007
0.135400	137.417007
0.135500	134.830002
0.135600	136.123993
0.135700	140.651001
0.135800	141.944000
0.135900	138.710007
0.136000	143.237000
0.136100	141.944000
0.136200	144.531006
0.136300	142.591003
0.136400	141.296997
0.136500	134.830002
0.136600	141.296997
0.136700	141.296997
0.136800	140.651001
0.136900	143.884003
0.137000	141.944000
0.137100	138.063995
0.137200	139.356995
0.137300	135.477005
0.137400	134.184006
0.137500	138.063995
0.137600	140.651001
0.137700	139.356995
0.137800	131.597000
0.137900	136.770004
0.138000	140.651001
0.138100	141.296997
0.138200	138.063995
0.138300	141.944000
0.138400	140.003998
0.138500	142.591003
0.138600	138.710007
0.138700	138.710007
0.138800	139.356995
0.138900	136.770004
0.139000	138.710007
0.139100	140.651001
0.139200	140.003998
0.139300	145.177002
0.139400	149.057999
0.139500	147.764008
0.139600	145.824005
0.139700	150.350998
0.139800	146.470993
0.139900	143.237000
0.140000	144.531006
0.140100	148.410995
0.140200	152.938004
0.140300	148.410995
0.140400	141.296997
0.140500	151.643997
0.140600	149.703995
0.140700	142.591003
0.140800	143.237000
0.140900	148.410995
0.141000	144.531006
0.141100	145.177002
0.141200	149.057999
0.141300	149.703995
0.141400	138.063995
0.141500	135.477005
0.141600	132.889999
0.141700	142.591003
0.141800	161.345001
0.141900	162.638000
0.142000	143.884003
0.142100	140.651001
0.142200	154.231003
0.142300	147.117996
0.142400	138.063995
0.142500	143.237000
0.142600	141.944000
0.142700	138.063995
0.142800	134.184006
0.142900	135.477005
0.143000	136.123993
0.143100	134.184006
0.143200	135.477005
0.143300	139.356995
0.143400	136.123993
0.143500	131.597000
0.143600	130.302994
0.143700	129.009995
0.143800	132.242996
0.143900	123.190002
0.144000	122.542999
0.144100	128.363007
0.144200	132.242996
0.144300	138.710007
0.144400	139.356995
0.144500	138.063995
0.144600	130.302994
0.144700	127.717003
0.144800	129.009995
0.144900	122.542999
0.145000	121.250000
0.145100	124.483002
0.145200	125.129997
0.145300	123.190002
0.145400	116.075996
0.145500	119.308998
0.145600	116.723000
0.145700	117.369003
0.145800	116.723000
0.145900	113.488998
0.146000	112.843002
0.146100	119.308998
0.146200	117.369003
0.146300	112.843002
0.146400	110.902000
0.146500	113.488998
0.146600	115.429001
0.146700	104.434998
0.146800	98.615097
0.146900	98.615097
0.147000	101.202003
0.147100	101.848999
0.147200	101.848999
0.147300	102.495003
0.147400	105.728996
0.147500	105.082001
0.147600	101.202003
0.147700	99.261803
0.147800	97.968399
0.147900	93.441498
0.148000	91.501404
0.148100	95.381599
0.148200	91.501404
0.148300	94.088203
0.148400	96.028297
0.148500	97.968399
0.148600	87.621201
0.148700	76.627403
0.148800	78.567497
0.148900	77.274101
0.149000	75.980698
0.149100	73.393898
0.149200	70.160400
0.149300	64.986801
0.149400	70.160400
0.149500	70.160400
0.149600	72.747200
0.149700	75.980698
0.149800	70.160400
0.149900	64.340103
0.150000	64.986801
0.150100	63.046700
0.150200	62.400002
0.150300	55.286301
0.150400	53.346199
0.150500	55.286301
0.150600	55.286301
0.150700	53.992901
0.150800	56.579700
0.150900	57.226398
0.151000	53.346199
0.151100	54.639599
0.151200	50.759399
0.151300	47.525902
0.151400	53.992901
0.151500	59.166500
0.151600	59.813202
0.151700	59.813202
0.151800	57.873100
0.151900	57.226398
0.152000	55.286301
0.152100	58.519798
0.152200	60.459900
0.152300	55.932999
0.152400	49.466000
0.152500	52.052799
0.152600	50.112701
0.152700	52.699501
0.152800	54.639599
0.152900	56.579700
0.153000	58.519798
0.153100	57.873100
0.153200	50.759399
0.153300	50.112701
0.153400	54.639599
0.153500	57.226398
0.153600	56.579700
0.153700	52.699501
0.153800	45.585800
0.153900	53.992901
0.154000	57.226398
0.154100	57.226398
0.154200	57.873100
0.154300	63.046700
0.154400	63.693401
0.154500	55.286301
0.154600	56.579700
0.154700	58.519798
0.154800	60.459900
0.154900	62.400002
0.155000	68.220299
0.155100	66.926903
0.155200	59.166500
0.155300	57.226398
0.155400	61.106602
0.155500	72.100502
0.155600	67.573601
0.155700	57.873100
0.155800	51.406101
0.155900	52.699501
0.156000	55.286301
0.156100	58.519798
0.156200	54.639599
0.156300	63.046700
0.156400	67.573601
0.156500	66.280197
0.156600	65.633499
0.156700	65.633499
0.156800	68.866997
0.156900	69.513702
0.157000	75.334000
0.157100	75.980698
0.157200	74.040604
0.157300	68.866997
0.157400	68.866997
0.157500	69.513702
0.157600	71.453796
0.157700	71.453796
0.157800	79.214203
0.157900	79.860901
0.158000	77.274101
0.158100	75.980698
0.158200	73.393898
0.158300	70.160400
0.158400	72.100502
0.158500	77.920799
0.158600	78.567497
0.158700	74.687302
0.158800	71.453796
0.158900	72.100502
0.159000	72.747200
0.159100	65.633499
0.159200	68.220299
0.159300	81.154297
0.159400	77.274101
0.159500	68.866997
0.159600	66.280197
0.159700	70.807098
0.159800	68.220299
0.159900	67.573601
0.160000	65.633499
0.160100	65.633499
0.160200	63.693401
0.160300	61.106602
0.160400	61.106602
0.160500	61.753300
0.160600	59.166500
0.160700	59.813202
0.160800	63.046700
0.160900	64.340103
0.161000	64.986801
0.161100	55.286301
0.161200	54.639599
0.161300	55.932999
0.161400	57.226398
0.161500	50.759399
0.161600	51.406101
0.161700	55.286301
0.161800	50.759399
0.161900	45.585800
0.162000	48.819302
0.162100	54.639599
0.162200	46.879200
0.162300	43.645699
0.162400	44.292400
0.162500	37.178699
0.162600	29.418301
0.162700	33.945202
0.162800	37.825401
0.162900	37.825401
0.163000	35.885300
0.163100	35.238602
0.163200	35.885300
0.163300	38.472099
0.163400	35.238602
0.163500	35.885300
0.163600	39.765499
0.163700	37.178699
0.163800	32.651798
0.163900	31.358400
0.164000	28.771601
0.164100	26.831499
0.164200	24.244699
0.164300	19.717899
0.164400	26.831499
0.164500	23.598000
0.164600	18.424500
0.164700	14.544300
0.164800	15.837700
0.164900	18.424500
0.165000	17.777800
0.165100	11.957500
0.165200	17.131100
0.165300	13.250900
0.165400	13.897600
0.165500	13.250900
0.165600	13.897600
0.165700	4.843780
0.165800	4.197080
0.165900	2.903680
0.166000	2.256980
0.166100	2.256980
0.166200	0.316883
0.166300	-0.976515
0.166400	0.316883
0.166500	-4.210010
0.166600	-6.796810
0.166700	-8.736900
0.166800	-8.090200
0.166900	-5.503410
0.167000	-1.623210
0.167100	-10.677000
0.167200	-15.850600
0.167300	-10.030300
0.167400	-11.323700
0.167500	-17.790701
0.167600	-23.611000
0.167700	-14.557200
0.167800	-13.910500
0.167900	-15.203900
0.168000	-17.143999
0.168100	-22.317600
0.168200	-22.964300
0.168300	-19.084101
0.168400	-24.257700
0.168500	-28.784599
0.168600	-27.491199
0.168700	-31.371401
0.168800	-29.431299
0.168900	-28.137899
0.169000	-34.604900
0.169100	-33.958199
0.169200	-30.724701
0.169300	-26.844500
0.169400	-30.077999
0.169500	-33.311501
0.169600	-35.251598
0.169700	-28.784599
0.169800	-29.431299
0.169900	-34.604900
0.170000	-42.365299
0.170100	-41.071899
0.170200	-40.425201
0.170300	-39.131802
0.170400	-42.365299
0.170500	-48.185501
0.170600	-48.832199
0.170700	-44.952000
0.170800	-47.538799
0.170900	-56.592602
0.171000	-59.826099
0.171100	-51.418999
0.171200	-46.892101
0.171300	-44.305302
0.171400	-45.598701
0.171500	-48.185501
0.171600	-51.418999
0.171700	-44.305302
0.171800	-41.718601
0.171900	-40.425201
0.172000	-43.012001
0.172100	-44.305302
0.172200	-44.305302
0.172300	-48.832199
0.172400	-50.125599
0.172500	-53.359100
0.172600	-55.299198
0.172700	-55.299198
0.172800	-50.772301
0.172900	-50.125599
0.173000	-50.772301
0.173100	-49.478901
0.173200	-48.832199
0.173300	-55.299198
0.173400	-54.005798
0.173500	-61.119499
0.173600	-61.766201
0.173700	-56.592602
0.173800	-52.712399
0.173900	-55.945900
0.174000	-58.532700
0.174100	-57.886002
0.174200	-58.532700
0.174300	-55.945900
0.174400	-57.886002
0.174500	-61.119499
0.174600	-59.826099
0.174700	-55.299198
0.174800	-63.059601
0.174900	-65.646400
0.175000	-57.886002
0.175100	-52.712399
0.175200	-56.592602
0.175300	-61.766201
0.175400	-62.412899
0.175500	-64.352997
0.175600	-64.999702
0.175700	-69.526604
0.175800	-74.700203
0.175900	-69.526604
0.176000	-64.999702
0.176100	-67.586502
0.176200	-74.053497
0.176300	-70.173302
0.176400	-75.346901
0.176500	-74.700203
0.176600	-72.760101
0.176700	-70.173302
0.176800	-73.406799
0.176900	-84.400703
0.177000	-86.987503
0.177100	-85.694099
0.177200	-81.167198
0.177300	-77.287003
0.177400	-80.520500
0.177500	-81.813904
0.177600	-79.227097
0.177700	-81.813904
0.177800	-85.694099
0.177900	-83.107300
0.178000	-77.287003
0.178100	-78.580399
0.178200	-83.753998
0.178300	-81.813904
0.178400	-80.520500
0.178500	-79.873802
0.178600	-85.047401
0.178700	-80.520500
0.178800	-80.520500
0.178900	-86.987503
0.179000	-89.574303
0.179100	-85.694099
0.179200	-86.987503
0.179300	-86.340797
0.179400	-89.574303
0.179500	-94.101196
0.179600	-87.634201
0.179700	-94.747902
0.179800	-96.688004
0.179900	-99.921501
0.180000	-101.214996
0.180100	-93.454498
0.180200	-97.981400
0.180300	-103.802002
0.180400	-106.388000
0.180500	-107.681999
0.180600	-116.088997
0.180700	-115.442001
0.180800	-117.382004
0.180900	-119.321999
0.181000	-119.321999
0.181100	-121.908997
0.181200	-131.610001
0.181300	-131.610001
0.181400	-125.789001
0.181500	-127.083000
0.181600	-125.789001
0.181700	-132.255997
0.181800	-137.429993
0.181900	-136.136993
0.182000	-134.197006
0.182100	-136.136993
0.182200	-134.843002
0.182300	-140.016998
0.182400	-138.076996
0.182500	-138.076996
0.182600	-140.016998
0.182700	-136.783005
0.182800	-137.429993
0.182900	-137.429993
0.183000	-136.136993
0.183100	-136.136993
0.183200	-138.076996
0.183300	-136.783005
0.183400	-129.022995
0.183500	-130.315994
0.183600	-130.315994
0.183700	-125.789001
0.183800	-126.435997
0.183900	-127.730003
0.184000	-132.903000
0.184100	-134.197006
0.184200	-134.843002
0.184300	-138.723007
0.184400	-143.897003
0.184500	-143.897003
0.184600	-149.070999
0.184700	-149.070999
0.184800	-144.544006
0.184900	-142.604004
0.185000	-147.776993
0.185100	-150.363998
0.185200	-147.130005
0.185300	-140.016998
0.185400	-144.544006
0.185500	-151.011002
0.185600	-146.483994
0.185700	-142.604004
0.185800	-141.957001
0.185900	-147.130005
0.186000	-146.483994
0.186100	-146.483994
0.186200	-150.363998
0.186300	-149.716995
0.186400	-144.544006
0.186500	-147.776993
0.186600	-152.304001
0.186700	-150.363998
0.186800	-149.070999
0.186900	-149.070999
0.187000	-147.776993
0.187100	-147.776993
0.187200	-152.304001
0.187300	-149.070999
0.187400	-148.423996
0.187500	-151.011002
0.187600	-151.011002
0.187700	-148.423996
0.187800	-148.423996
0.187900	-151.656998
0.188000	-148.423996
0.188100	-147.776993
0.188200	-147.130005
0.188300	-147.776993
0.188400	-147.776993
0.188500	-146.483994
0.188600	-143.897003
0.188700	-144.544006
0.188800	-143.897003
0.188900	-138.076996
0.189000	-136.136993
0.189100	-136.136993
0.189200	-134.197006
0.189300	-136.783005
0.189400	-138.076996
0.189500	-133.550003
0.189600	-134.843002
0.189700	-136.783005
0.189800	-138.723007
0.189900	-139.369995
0.190000	-136.136993
0.190100	-136.136993
0.190200	-135.490005
0.190300	-134.197006
0.190400	-136.136993
0.190500	-136.136993
0.190600	-137.429993
0.190700	-130.315994
0.190800	-129.669998
0.190900	-134.197006
0.191000	-132.255997
0.191100	-131.610001
0.191200	-130.315994
0.191300	-129.022995
0.191400	-133.550003
0.191500	-130.962997
0.191600	-125.789001
0.191700	-125.789001
0.191800	-129.022995
0.191900	-127.730003
0.192000	-126.435997
0.192100	-127.083000
0.192200	-126.435997
0.192300	-126.435997
0.192400	-127.730003
0.192500	-127.083000
0.192600	-127.730003
0.192700	-123.848999
0.192800	-118.676003
0.192900	-119.321999
0.193000	-118.028999
0.193100	-117.382004
0.193200	-118.676003
0.193300	-118.028999
0.193400	-117.382004
0.193500	-118.028999
0.193600	-113.501999
0.193700	-116.736000
0.193800	-123.203003
0.193900	-117.382004
0.194000	-111.561996
0.194100	-116.736000
0.194200	-117.382004
0.194300	-110.268997
0.194400	-107.681999
0.194500	-114.149002
0.194600	-112.855003
0.194700	-106.388000
0.194800	-106.388000
0.194900	-107.035004
0.195000	-109.622002
0.195100	-105.741997
0.195200	-104.447998
0.195300	-108.329002
0.195400	-106.388000
0.195500	-102.508003
0.195600	-101.862000
0.195700	-105.095001
0.195800	-110.268997
0.195900	-103.802002
0.196000	-96.041298
0.196100	-98.628098
0.196200	-105.741997
0.196300	-100.568001
0.196400	-94.747902
0.196500	-101.862000
0.196600	-100.568001
0.196700	-97.981400
0.196800	-97.334702
0.196900	-96.688004
0.197000	-91.514397
0.197100	-94.747902
0.197200	-99.274803
0.197300	-99.921501
0.197400	-96.041298
0.197500	-92.161102
0.197600	-89.574303
0.197700	-90.867699
0.197800	-87.634201
0.197900	-88.280899
0.198000	-95.394600
0.198100	-92.807800
0.198200	-92.161102
0.198300	-88.927597
0.198400	-86.340797
0.198500	-95.394600
0.198600	-97.334702
0.198700	-88.927597
0.198800	-80.520500
0.198900	-86.987503
0.199000	-91.514397
0.199100	-86.987503
0.199200	-81.167198
0.199300	-88.280899
0.199400	-90.867699
0.199500	-86.340797
0.199600	-80.520500
0.199700	-82.460602
0.199800	-85.047401
0.199900	-87.634201
0.200000	-83.753998
0.200100	-77.933701
0.200200	-75.993599
0.200300	-78.580399
0.200400	-79.227097
0.200500	-75.346901
0.200600	-74.053497
0.200700	-79.873802
0.200800	-77.287003
0.200900	-72.760101
0.201000	-72.760101
0.201100	-74.700203
0.201200	-75.993599
0.201300	-73.406799
0.201400	-74.700203
0.201500	-75.993599
0.201600	-72.760101
0.201700	-66.293098
0.201800	-70.820000
0.201900	-72.760101
0.202000	-70.820000
0.202100	-66.939796
0.202200	-67.586502
0.202300	-70.173302
0.202400	-68.879898
0.202500	-64.352997
0.202600	-62.412899
0.202700	-68.879898
0.202800	-66.939796
0.202900	-66.293098
0.203000	-64.352997
0.203100	-63.706299
0.203200	-57.239300
0.203300	-55.299198
0.203400	-57.239300
0.203500	-60.472801
0.203600	-55.299198
0.203700	-53.359100
0.203800	-56.592602
0.203900	-59.179401
0.204000	-54.005798
0.204100	-48.832199
0.204200	-48.832199
0.204300	-48.832199
0.204400	-46.245399
0.204500	-48.832199
0.204600	-50.125599
0.204700	-51.418999
0.204800	-46.892101
0.204900	-44.952000
0.205000	-52.712399
0.205100	-50.125599
0.205200	-46.892101
0.205300	-43.012001
0.205400	-47.538799
0.205500	-48.185501
0.205600	-46.245399
0.205700	-44.952000
0.205800	-41.718601
0.205900	-41.071899
0.206000	-44.952000
0.206100	-48.832199
0.206200	-44.305302
0.206300	-37.191700
0.206400	-39.778500
0.206500	-44.952000
0.206600	-44.305302
0.206700	-39.778500
0.206800	-35.251598
0.206900	-41.071899
0.207000	-37.191700
0.207100	-32.664799
0.207200	-33.311501
0.207300	-34.604900
0.207400	-30.077999
0.207500	-28.137899
0.207600	-26.844500
0.207700	-24.904400
0.207800	-21.024200
0.207900	-25.551100
0.208000	-31.371401
0.208100	-22.317600
0.208200	-15.203900
0.208300	-19.730801
0.208400	-29.431299
0.208500	-19.084101
0.208600	-13.263800
0.208700	-14.557200
0.208800	-19.084101
0.208900	-15.850600
0.209000	-10.030300
0.209100	-15.850600
0.209200	-24.257700
0.209300	-15.850600
0.209400	-9.383600
0.209500	-13.910500
0.209600	-22.964300
0.209700	-17.143999
0.209800	-9.383600
0.209900	-11.323700
0.210000	-11.323700
0.210100	-7.443510
0.210200	-4.856710
0.210300	-12.617100
0.210400	-16.497299
0.210500	-4.856710
0.210600	-2.269910
0.210700	-11.323700
0.210800	-11.323700
0.210900	5.490470
0.211000	4.843780
0.211100	-4.856710
0.211200	-6.150110
0.211300	1.610280
0.211400	-2.269910
0.211500	-16.497299
0.211600	-9.383600
0.211700	18.424500
0.211800	14.544300
0.211900	-8.090200
0.212000	-11.323700
0.212100	-0.329816
0.212200	2.256980
0.212300	-2.269910
0.212400	-0.329816
0.212500	8.723970
0.212600	0.963582
0.212700	-6.150110
0.212800	5.490470
0.212900	14.544300
0.213000	0.963582
0.213100	-4.210010
0.213200	10.664100
0.213300	14.544300
0.213400	0.963582
0.213500	-2.916610
0.213600	13.250900
0.213700	15.191000
0.213800	-0.976515
0.213900	-6.150110
0.214000	11.310800
0.214100	13.250900
0.214200	-8.090200
0.214300	0.316883
0.214400	28.124901
0.214500	22.304600
0.214600	0.316883
0.214700	12.604200
0.214800	36.532001
0.214900	19.717899
0.215000	-0.976515
0.215100	10.664100
0.215200	28.771601
0.215300	24.244699
0.215400	4.197080
0.215500	17.777800
0.215600	32.005100
0.215700	21.657900
0.215800	8.077270
0.215900	24.244699
0.216000	32.651798
0.216100	11.957500
0.216200	8.077270
0.216300	30.065001
0.216400	32.651798
0.216500	10.664100
0.216600	8.077270
0.216700	31.358400
0.216800	26.184799
0.216900	5.490470
0.217000	13.897600
0.217100	35.885300
0.217200	26.184799
0.217300	12.604200
0.217400	23.598000
0.217500	42.352299
0.217600	35.238602
0.217700	14.544300
0.217800	21.011299
0.217900	39.118801
0.218000	22.951300
0.218100	4.197080
0.218200	19.717899
0.218300	37.178699
0.218400	16.484400
0.218500	3.550380
0.218600	27.478201
0.218700	40.412201
0.218800	20.364599
0.218900	9.370670
0.219000	35.885300
0.219100	37.825401
0.219200	10.664100
0.219300	5.490470
0.219400	30.065001
0.219500	26.184799
0.219600	3.550380
0.219700	11.957500
0.219800	37.178699
0.219900	27.478201
0.220000	3.550380
0.220100	17.777800
0.220200	33.945202
0.220300	18.424500
0.220400	2.903680
0.220500	18.424500
0.220600	34.591900
0.220700	11.310800
0.220800	2.256980
0.220900	19.717899
0.221000	30.065001
0.221100	12.604200
0.221200	2.903680
0.221300	19.717899
0.221400	24.244699
0.221500	3.550380
0.221600	0.316883
0.221700	26.831499
0.221800	24.891399
0.221900	-4.210010
0.222000	1.610280
0.222100	22.304600
0.222200	15.837700
0.222300	-3.563310
0.222400	0.963582
0.222500	20.364599
0.222600	11.957500
0.222700	-10.030300
0.222800	0.963582
0.222900	13.897600
0.223000	4.197080
0.223100	-8.090200
0.223200	-5.503410
0.223300	2.256980
0.223400	-10.030300
0.223500	-19.730801
0.223600	-11.323700
0.223700	-0.329816
0.223800	-10.677000
0.223900	-20.377501
0.224000	-10.677000
0.224100	-3.563310
0.224200	-13.910500
0.224300	-25.551100
0.224400	-15.203900
0.224500	-11.323700
0.224600	-28.784599
0.224700	-28.137899
0.224800	-21.670900
0.224900	-24.904400
0.225000	-33.311501
0.225100	-32.018101
0.225200	-25.551100
0.225300	-30.724701
0.225400	-41.071899
0.225500	-35.251598
0.225600	-24.904400
0.225700	-30.077999
0.225800	-46.245399
0.225900	-44.305302
0.226000	-39.778500
0.226100	-41.071899
0.226200	-50.772301
0.226300	-44.952000
0.226400	-45.598701
0.226500	-50.125599
0.226600	-54.652500
0.226700	-49.478901
0.226800	-47.538799
0.226900	-56.592602
0.227000	-62.412899
0.227100	-52.065701
0.227200	-55.945900
0.227300	-65.646400
0.227400	-54.652500
0.227500	-42.365299
0.227600	-54.005798
0.227700	-68.879898
0.227800	-61.119499
0.227900	-57.886002
0.228000	-73.406799
0.228100	-73.406799
0.228200	-59.179401
0.228300	-61.119499
0.228400	-74.053497
0.228500	-70.820000
0.228600	-68.233200
0.228700	-76.640297
0.228800	-81.167198
0.228900	-68.879898
0.229000	-68.879898
0.229100	-86.340797
0.229200	-84.400703
0.229300	-73.406799
0.229400	-77.287003
0.229500	-90.867699
0.229600	-83.107300
0.229700	-76.640297
0.229800	-86.987503
0.229900	-92.161102
0.230000	-81.813904
0.230100	-79.873802
0.230200	-95.394600
0.230300	-92.161102
0.230400	-82.460602
0.230500	-93.454498
0.230600	-108.974998
0.230700	-104.447998
0.230800	-90.221001
0.230900	-103.154999
0.231000	-111.561996
0.231100	-103.802002
0.231200	-101.862000
0.231300	-115.442001
0.231400	-117.382004
0.231500	-102.508003
0.231600	-102.508003
0.231700	-120.615997
0.231800	-118.676003
0.231900	-109.622002
0.232000	-117.382004
0.232100	-128.376007
0.232200	-119.969002
0.232300	-115.442001
0.232400	-125.789001
0.232500	-127.083000
0.232600	-114.149002
0.232700	-117.382004
0.232800	-134.197006
0.232900	-133.550003
0.233000	-121.263000
0.233100	-131.610001
0.233200	-149.716995
0.233300	-139.369995
0.233400	-130.962997
0.233500	-144.544006
0.233600	-149.716995
0.233700	-138.723007
0.233800	-132.255997
0.233900	-147.776993
0.234000	-151.656998
0.234100	-143.250000
0.234200	-147.130005
0.234300	-160.063995
0.234400	-159.417999
0.234500	-150.363998
0.234600	-154.891006
0.234700	-161.358002
0.234800	-156.184006
0.234900	-153.597000
0.235000	-166.531006
0.235100	-164.591003
0.235200	-156.830994
0.235300	-162.651001
0.235400	-175.585007
0.235500	-172.352005
0.235600	-163.945007
0.235700	-174.292007
0.235800	-178.819000
0.235900	-178.819000
0.236000	-171.057999
0.236100	-177.524994
0.236200	-182.699005
0.236300	-176.878998
0.236400	-178.171997
0.236500	-186.578995
0.236600	-176.231995
0.236700	-171.705002
0.236800	-178.819000
0.236900	-179.464996
0.237000	-179.464996
0.237100	-181.406006
0.237200	-193.692993
0.237300	-189.813004
0.237400	-183.992004
0.237500	-185.285995
0.237600	-191.106003
0.237700	-187.225998
0.237800	-183.345993
0.237900	-187.873001
0.238000	-193.046005
0.238100	-188.518997
0.238200	-189.813004
0.238300	-195.632996
0.238400	-200.807007
0.238500	-201.453003
0.238600	-205.979996
0.238700	-205.979996
0.238800	-196.925995
0.238900	-192.399002
0.239000	-194.985992
0.239100	-198.865997
0.239200	-199.513000
0.239300	-201.453003
0.239400	-204.686996
0.239500	-202.746994
0.239600	-206.626999
0.239700	-209.214005
0.239800	-209.214005
0.239900	-208.567001
0.240000	-205.979996
0.240100	-207.919998
0.240200	-218.266998
0.240300	-210.507004
0.240400	-208.567001
0.240500	-207.272995
0.240600	-212.447006
0.240700	-212.447006
0.240800	-211.154007
0.240900	-216.973999
0.241000	-216.326996
0.241100	-211.800003
0.241200	-218.266998
0.241300	-216.326996
0.241400	-210.507004
0.241500	-212.447006
0.241600	-216.973999
0.241700	-214.386993
0.241800	-216.326996
0.241900	-212.447006
0.242000	-213.740005
0.242100	-218.266998
0.242200	-215.681000
0.242300	-214.386993
0.242400	-213.740005
0.242500	-215.681000
0.242600	-221.501007
0.242700	-225.380997
0.242800	-217.621002
0.242900	-217.621002
0.243000	-219.561005
0.243100	-218.914001
0.243200	-213.740005
0.243300	-215.033997
0.243400	-215.033997
0.243500	-211.800003
0.243600	-211.154007
0.243700	-215.033997
0.243800	-211.800003
0.243900	-208.567001
0.244000	-217.621002
0.244100	-218.914001
0.244200	-220.854004
0.244300	-222.794006
0.244400	-220.207001
0.244500	-218.914001
0.244600	-225.380997
0.244700	-220.854004
0.244800	-218.266998
0.244900	-215.681000
0.245000	-218.914001
0.245100	-216.973999
0.245200	-218.266998
0.245300	-218.266998
0.245400	-216.973999
0.245500	-216.973999
0.245600	-221.501007
0.245700	-218.266998
0.245800	-218.266998
0.245900	-221.501007
0.246000	-220.207001
0.246100	-215.033997
0.246200	-218.266998
0.246300	-224.087997
0.246400	-222.147995
0.246500	-215.681000
0.246600	-220.854004
0.246700	-222.147995
0.246800	-221.501007
0.246900	-219.561005
0.247000	-216.326996
0.247100	-219.561005
0.247200	-226.028000
0.247300	-225.380997
0.247400	-220.207001
0.247500	-223.440994
0.247600	-227.320999
0.247700	-226.673996
0.247800	-225.380997
0.247900	-222.147995
0.248000	-220.854004
0.248100	-219.561005
0.248200	-221.501007
0.248300	-225.380997
0.248400	-225.380997
0.248500	-233.787994
0.248600	-236.375000
0.248700	-229.908005
0.248800	-224.087997
0.248900	-222.147995
0.249000	-228.615005
0.249100	-222.794006
0.249200	-217.621002
0.249300	-216.973999
0.249400	-218.914001
0.249500	-222.794006
0.249600	-222.147995
0.249700	-220.207001
0.249800	-222.794006
0.249900	-218.266998
0.250000	-220.854004
0.250100	-220.854004
0.250200	-223.440994
0.250300	-220.854004
0.250400	-218.914001
0.250500	-222.794006
0.250600	-226.673996
0.250700	-221.501007
0.250800	-216.973999
0.250900	-220.207001
0.251000	-222.794006
0.251100	-224.733994
0.251200	-218.914001
0.251300	-215.033997
0.251400	-216.973999
0.251500	-216.973999
0.251600	-222.147995
0.251700	-222.147995
0.251800	-218.914001
0.251900	-213.740005
0.252000	-219.561005
0.252100	-225.380997
0.252200	-222.147995
0.252300	-218.914001
0.252400	-218.914001
0.252500	-215.681000
0.252600	-213.093994
0.252700	-210.507004
0.252800	-209.860001
0.252900	-209.860001
0.253000	-207.919998
0.253100	-204.039993
0.253200	-205.332993
0.253300	-209.214005
0.253400	-206.626999
0.253500	-202.746994
0.253600	-202.746994
0.253700	-209.214005
0.253800	-205.332993
0.253900	-205.979996
0.254000	-198.220001
0.254100	-190.459000
0.254200	-190.459000
0.254300	-194.339996
0.254400	-198.865997
0.254500	-188.518997
0.254600	-181.406006
0.254700	-183.992004
0.254800	-185.285995
0.254900	-183.345993
0.255000	-181.406006
0.255100	-182.052002
0.255200	-176.878998
0.255300	-170.412003
0.255400	-175.585007
0.255500	-171.705002
0.255600	-170.412003
0.255700	-172.352005
0.255800	-172.352005
0.255900	-169.117996
0.256000	-169.117996
0.256100	-165.238007
0.256200	-170.412003
0.256300	-166.531006
0.256400	-167.177994
0.256500	-166.531006
0.256600	-167.824997
0.256700	-165.238007
0.256800	-167.824997
0.256900	-165.238007
0.257000	-169.117996
0.257100	-167.824997
0.257200	-167.824997
0.257300	-167.177994
0.257400	-172.352005
0.257500	-178.171997
0.257600	-170.412003
0.257700	-169.764999
0.257800	-175.585007
0.257900	-170.412003
0.258000	-163.298004
0.258100	-162.651001
0.258200	-167.177994
0.258300	-170.412003
0.258400	-162.651001
0.258500	-162.651001
0.258600	-163.298004
0.258700	-160.063995
0.258800	-158.770996
0.258900	-156.830994
0.259000	-152.304001
0.259100	-152.951004
0.259200	-147.776993
0.259300	-140.016998
0.259400	-135.490005
0.259500	-132.903000
0.259600	-133.550003
0.259700	-132.903000
0.259800	-128.376007
0.259900	-131.610001
0.260000	-127.730003
0.260100	-126.435997
0.260200	-122.556000
0.260300	-116.088997
0.260400	-119.321999
0.260500	-115.442001
0.260600	-111.561996
0.260700	-113.501999
0.260800	-110.915001
0.260900	-106.388000
0.261000	-83.107300
0.261100	-70.820000
0.261200	-76.640297
0.261300	-79.873802
0.261400	-81.813904
0.261500	-81.167198
0.261600	-70.820000
0.261700	-59.826099
0.261800	-56.592602
0.261900	-61.119499
0.262000	-71.466698
0.262100	-72.113403
0.262200	-70.173302
0.262300	-67.586502
0.262400	-64.999702
0.262500	-59.179401
0.262600	-56.592602
0.262700	-54.005798
0.262800	-52.065701
0.262900	-54.652500
0.263000	-59.179401
0.263100	-58.532700
0.263200	-55.945900
0.263300	-57.239300
0.263400	-61.119499
0.263500	-57.239300
0.263600	-55.945900
0.263700	-54.652500
0.263800	-54.652500
0.263900	-49.478901
0.264000	-47.538799
0.264100	-52.065701
0.264200	-50.772301
0.264300	-44.952000
0.264400	-38.485100
0.264500	-44.305302
0.264600	-43.658600
0.264700	-43.012001
0.264800	-43.012001
0.264900	-42.365299
0.265000	-37.191700
0.265100	-34.604900
0.265200	-39.131802
0.265300	-35.251598
0.265400	-30.077999
0.265500	-32.018101
0.265600	-37.838402
0.265700	-32.664799
0.265800	-29.431299
0.265900	-28.784599
0.266000	-22.317600
0.266100	-22.964300
0.266200	-30.077999
0.266300	-32.018101
0.266400	-26.844500
0.266500	-22.964300
0.266600	-18.437401
0.266700	-17.143999
0.266800	-13.910500
0.266900	-16.497299
0.267000	-17.790701
0.267100	-10.677000
0.267200	-8.090200
0.267300	-6.796810
0.267400	-4.210010
0.267500	2.903680
0.267600	5.490470
0.267700	0.963582
0.267800	-4.856710
0.267900	-6.150110
0.268000	-0.329816
0.268100	-0.976515
0.268200	-0.329816
0.268300	1.610280
0.268400	1.610280
0.268500	7.430570
0.268600	10.664100
0.268700	10.017400
0.268800	6.137170
0.268900	5.490470
0.269000	9.370670
0.269100	15.191000
0.269200	17.777800
0.269300	13.250900
0.269400	10.664100
0.269500	9.370670
0.269600	10.664100
0.269700	14.544300
0.269800	19.717899
0.269900	22.304600
0.270000	21.657900
0.270100	23.598000
0.270200	34.591900
0.270300	28.771601
0.270400	19.717899
0.270500	17.777800
0.270600	27.478201
0.270700	28.771601
0.270800	27.478201
0.270900	29.418301
0.271000	33.945202
0.271100	33.945202
0.271200	32.005100
0.271300	33.298500
0.271400	33.298500
0.271500	33.945202
0.271600	32.651798
0.271700	35.238602
0.271800	34.591900
0.271900	41.705601
0.272000	50.112701
0.272100	51.406101
0.272200	44.939098
0.272300	48.172600
0.272400	48.819302
0.272500	52.052799
0.272600	46.232498
0.272700	42.999001
0.272800	49.466000
0.272900	56.579700
0.273000	52.052799
0.273100	46.879200
0.273200	56.579700
0.273300	61.753300
0.273400	60.459900
0.273500	59.166500
0.273600	59.813202
0.273700	65.633499
0.273800	61.753300
0.273900	58.519798
0.274000	64.340103
0.274100	71.453796
0.274200	70.160400
0.274300	66.926903
0.274400	65.633499
0.274500	64.986801
0.274600	66.926903
0.274700	67.573601
0.274800	68.866997
0.274900	73.393898
0.275000	74.687302
0.275100	67.573601
0.275200	72.100502
0.275300	71.453796
0.275400	70.160400
0.275500	72.100502
0.275600	74.040604
0.275700	76.627403
0.275800	76.627403
0.275900	75.980698
0.276000	83.094398
0.276100	83.741096
0.276200	83.741096
0.276300	81.154297
0.276400	79.214203
0.276500	81.154297
0.276600	82.447701
0.276700	88.267899
0.276800	86.974503
0.276900	83.094398
0.277000	81.801003
0.277100	85.034500
0.277200	86.327797
0.277300	86.974503
0.277400	92.148102
0.277500	95.381599
0.277600	98.615097
0.277700	96.028297
0.277800	94.088203
0.277900	88.914597
0.278000	99.261803
0.278100	103.789001
0.278200	103.789001
0.278300	99.261803
0.278400	99.261803
0.278500	104.434998
0.278600	105.728996
0.278700	106.375999
0.278800	104.434998
0.278900	107.022003
0.279000	107.022003
0.279100	112.195999
0.279200	107.668999
0.279300	107.022003
0.279400	107.022003
0.279500	110.902000
0.279600	110.902000
0.279700	105.728996
0.279800	103.789001
0.279900	114.136002
0.280000	116.723000
0.280100	119.956001
0.280200	112.843002
0.280300	114.136002
0.280400	110.902000
0.280500	114.782997
0.280600	114.136002
0.280700	116.723000
0.280800	115.429001
0.280900	114.136002
0.281000	113.488998
0.281100	112.843002
0.281200	113.488998
0.281300	110.255997
0.281400	112.843002
0.281500	117.369003
0.281600	116.075996
0.281700	110.255997
0.281800	116.723000
0.281900	116.723000
0.282000	118.015999
0.282100	113.488998
0.282200	114.782997
0.282300	116.075996
0.282400	110.902000
0.282500	112.843002
0.282600	121.250000
0.282700	122.542999
0.282800	118.663002
0.282900	118.663002
0.283000	114.136002
0.283100	119.308998
0.283200	119.308998
0.283300	118.663002
0.283400	112.195999
0.283500	111.549004
0.283600	114.782997
0.283700	116.723000
0.283800	116.075996
0.283900	118.663002
0.284000	119.308998
0.284100	118.663002
0.284200	120.602997
0.284300	121.250000
0.284400	118.663002
0.284500	120.602997
0.284600	121.896004
0.284700	115.429001
0.284800	119.308998
0.284900	119.956001
0.285000	119.956001
0.285100	122.542999
0.285200	118.663002
0.285300	115.429001
0.285400	118.663002
0.285500	129.009995
0.285600	124.483002
0.285700	124.483002
0.285800	129.009995
0.285900	125.129997
0.286000	120.602997
0.286100	118.015999
0.286200	123.835999
0.286300	129.656998
0.286400	123.190002
0.286500	119.308998
0.286600	123.190002
0.286700	125.776001
0.286800	121.896004
0.286900	121.896004
0.287000	119.308998
0.287100	123.835999
0.287200	122.542999
0.287300	116.723000
0.287400	121.250000
0.287500	121.896004
0.287600	124.483002
0.287700	121.250000
0.287800	119.308998
0.287900	121.896004
0.288000	119.308998
0.288100	116.723000
0.288200	121.250000
0.288300	119.308998
0.288400	116.723000
0.288500	116.075996
0.288600	110.255997
0.288700	112.195999
0.288800	119.956001
0.288900	115.429001
0.289000	105.728996
0.289100	106.375999
0.289200	115.429001
0.289300	116.075996
0.289400	116.075996
0.289500	113.488998
0.289600	110.255997
0.289700	109.609001
0.289800	112.843002
0.289900	119.956001
0.290000	148.410995
0.290100	176.865997
0.290200	152.938004
0.290300	104.434998
0.290400	104.434998
0.290500	118.015999
0.290600	85.034500
0.290700	54.639599
0.290800	79.214203
0.290900	92.794800
0.291000	61.106602
0.291100	53.346199
0.291200	83.094398
0.291300	75.334000
0.291400	50.759399
0.291500	54.639599
0.291600	72.747200
0.291700	70.160400
0.291800	68.866997
0.291900	91.501404
0.292000	109.609001
0.292100	103.789001
0.292200	108.961998
0.292300	110.255997
0.292400	108.316002
0.292500	104.434998
0.292600	103.789001
0.292700	98.615097
0.292800	90.208000
0.292900	81.154297
0.293000	85.681198
0.293100	93.441498
0.293200	98.615097
0.293300	106.375999
0.293400	110.255997
0.293500	112.195999
0.293600	112.195999
0.293700	106.375999
0.293800	114.782997
0.293900	116.075996
0.294000	109.609001
0.294100	105.082001
0.294200	107.668999
0.294300	105.082001
0.294400	101.202003
0.294500	103.141998
0.294600	97.968399
0.294700	96.675003
0.294800	102.495003
0.294900	100.555000
0.295000	97.321701
0.295100	96.675003
0.295200	94.734901
0.295300	95.381599
0.295400	90.208000
0.295500	98.615097
0.295600	99.261803
0.295700	94.734901
0.295800	90.854698
0.295900	89.561302
0.296000	89.561302
0.296100	98.615097
0.296200	97.321701
0.296300	92.794800
0.296400	101.202003
0.296500	107.668999
0.296600	103.141998
0.296700	103.789001
0.296800	104.434998
0.296900	106.375999
0.297000	101.202003
0.297100	98.615097
0.297200	101.202003
0.297300	97.968399
0.297400	92.148102
0.297500	92.148102
0.297600	92.794800
0.297700	93.441498
0.297800	102.495003
0.297900	96.675003
0.298000	91.501404
0.298100	88.267899
0.298200	90.208000
0.298300	91.501404
0.298400	95.381599
0.298500	88.914597
0.298600	92.148102
0.298700	88.914597
0.298800	93.441498
0.298900	96.028297
0.299000	93.441498
0.299100	90.854698
0.299200	94.734901
0.299300	92.794800
0.299400	83.094398
0.299500	81.801003
0.299600	86.327797
0.299700	86.327797
0.299800	85.681198
0.299900	77.920799
