-0.050000	-113.264000
-0.049900	-35.352402
-0.049800	3.603410
-0.049700	-15.874500
-0.049600	-64.569298
-0.049500	-35.352402
-0.049400	3.603410
-0.049300	42.559200
-0.049200	23.081301
-0.049100	-35.352402
-0.049000	-35.352402
-0.048900	-74.308197
-0.048800	-113.264000
-0.048700	3.603410
-0.048600	42.559200
-0.048500	-6.135540
-0.048400	-35.352402
-0.048300	-15.874500
-0.048200	-35.352402
-0.048100	-35.352402
-0.048000	3.603410
-0.047900	42.559200
-0.047800	-54.830299
-0.047700	-113.264000
-0.047600	42.559200
-0.047500	81.515099
-0.047400	81.515099
-0.047300	13.342400
-0.047200	-35.352402
-0.047100	42.559200
-0.047000	100.992996
-0.046900	100.992996
-0.046800	100.992996
-0.046700	100.992996
-0.046600	159.427002
-0.046500	159.427002
-0.046400	237.337997
-0.046300	159.427002
-0.046200	120.471001
-0.046100	81.515099
-0.046000	120.471001
-0.045900	139.949005
-0.045800	42.559200
-0.045700	-15.874500
-0.045600	159.427002
-0.045500	139.949005
-0.045400	3.603410
-0.045300	-113.264000
-0.045200	-93.786201
-0.045100	-35.352402
-0.045000	23.081301
-0.044900	81.515099
-0.044800	23.081301
-0.044700	-35.352402
-0.044600	-74.308197
-0.044500	-152.220001
-0.044400	-35.352402
-0.044300	-15.874500
-0.044200	-152.220001
-0.044100	-210.654007
-0.044000	3.603410
-0.043900	-35.352402
-0.043800	-152.220001
-0.043700	-152.220001
-0.043600	23.081301
-0.043500	-35.352402
-0.043400	-113.264000
-0.043300	-54.830299
-0.043200	62.037201
-0.043100	23.081301
-0.043000	-132.742004
-0.042900	-269.087006
-0.042800	-113.264000
-0.042700	42.559200
-0.042600	81.515099
-0.042500	23.081301
-0.042400	-15.874500
-0.042300	42.559200
-0.042200	100.992996
-0.042100	120.471001
-0.042000	100.992996
-0.041900	71.776100
-0.041800	100.992996
-0.041700	81.515099
-0.041600	120.471001
-0.041500	81.515099
-0.041400	23.081301
-0.041300	120.471001
-0.041200	198.382996
-0.041100	120.471001
-0.041000	42.559200
-0.040900	81.515099
-0.040800	23.081301
-0.040700	-45.091400
-0.040600	3.603410
-0.040500	-35.352402
-0.040400	-152.220001
-0.040300	-54.830299
-0.040200	-15.874500
-0.040100	-15.874500
-0.040000	-35.352402
-0.039900	23.081301
-0.039800	42.559200
-0.039700	23.081301
-0.039600	-35.352402
-0.039500	-15.874500
-0.039400	3.603410
-0.039300	3.603410
-0.039200	3.603410
-0.039100	3.603410
-0.039000	42.559200
-0.038900	42.559200
-0.038800	-74.308197
-0.038700	-191.175995
-0.038600	-84.047203
-0.038500	-35.352402
-0.038400	-74.308197
-0.038300	-74.308197
-0.038200	-84.047203
-0.038100	-35.352402
-0.038000	-35.352402
-0.037900	-113.264000
-0.037800	3.603410
-0.037700	100.992996
-0.037600	23.081301
-0.037500	-35.352402
-0.037400	42.559200
-0.037300	120.471001
-0.037200	42.559200
-0.037100	42.559200
-0.037000	120.471001
-0.036900	237.337997
-0.036800	159.427002
-0.036700	42.559200
-0.036600	-35.352402
-0.036500	42.559200
-0.036400	120.471001
-0.036300	42.559200
-0.036200	-152.220001
-0.036100	-54.830299
-0.036000	-35.352402
-0.035900	81.515099
-0.035800	3.603410
-0.035700	-74.308197
-0.035600	-152.220001
-0.035500	-93.786201
-0.035400	-15.874500
-0.035300	42.559200
-0.035200	110.732002
-0.035100	120.471001
-0.035000	-15.874500
-0.034900	-132.742004
-0.034800	-113.264000
-0.034700	-152.220001
-0.034600	-152.220001
-0.034500	-35.352402
-0.034400	-35.352402
-0.034300	-74.308197
-0.034200	-54.830299
-0.034100	62.037201
-0.034000	81.515099
-0.033900	81.515099
-0.033800	81.515099
-0.033700	159.427002
-0.033600	42.559200
-0.033500	42.559200
-0.033400	139.949005
-0.033300	120.471001
-0.033200	42.559200
-0.033100	159.427002
-0.033000	198.382996
-0.032900	159.427002
-0.032800	120.471001
-0.032700	120.471001
-0.032600	81.515099
-0.032500	120.471001
-0.032400	178.904999
-0.032300	139.949005
-0.032200	81.515099
-0.032100	-84.047203
-0.032000	-93.786201
-0.031900	-74.308197
-0.031800	-113.264000
-0.031700	81.515099
-0.031600	120.471001
-0.031500	-15.874500
-0.031400	-74.308197
-0.031300	3.603410
-0.031200	13.342400
-0.031100	3.603410
-0.031000	-113.264000
-0.030900	-132.742004
-0.030800	3.603410
-0.030700	-152.220001
-0.030600	-152.220001
-0.030500	-35.352402
-0.030400	3.603410
-0.030300	-74.308197
-0.030200	-113.264000
-0.030100	-35.352402
-0.030000	-35.352402
-0.029900	3.603410
-0.029800	-35.352402
-0.029700	-35.352402
-0.029600	-35.352402
-0.029500	-54.830299
-0.029400	-35.352402
-0.029300	3.603410
-0.029200	3.603410
-0.029100	100.992996
-0.029000	120.471001
-0.028900	-15.874500
-0.028800	81.515099
-0.028700	3.603410
-0.028600	23.081301
-0.028500	100.992996
-0.028400	3.603410
-0.028300	-15.874500
-0.028200	-35.352402
-0.028100	-113.264000
-0.028000	-54.830299
-0.027900	100.992996
-0.027800	23.081301
-0.027700	3.603410
-0.027600	100.992996
-0.027500	-35.352402
-0.027400	-152.220001
-0.027300	-64.569298
-0.027200	-84.047203
-0.027100	-45.091400
-0.027000	-132.742004
-0.026900	-113.264000
-0.026800	-152.220001
-0.026700	-74.308197
-0.026600	-113.264000
-0.026500	-15.874500
-0.026400	-74.308197
-0.026300	-74.308197
-0.026200	-74.308197
-0.026100	42.559200
-0.026000	120.471001
-0.025900	32.820301
-0.025800	-54.830299
-0.025700	3.603410
-0.025600	62.037201
-0.025500	3.603410
-0.025400	-54.830299
-0.025300	81.515099
-0.025200	139.949005
-0.025100	42.559200
-0.025000	-25.613501
-0.024900	3.603410
-0.024800	23.081301
-0.024700	3.603410
-0.024600	-35.352402
-0.024500	100.992996
-0.024400	178.904999
-0.024300	178.904999
-0.024200	120.471001
-0.024100	81.515099
-0.024000	120.471001
-0.023900	100.992996
-0.023800	-113.264000
-0.023700	-132.742004
-0.023600	-45.091400
-0.023500	42.559200
-0.023400	42.559200
-0.023300	-35.352402
-0.023200	-54.830299
-0.023100	-74.308197
-0.023000	-113.264000
-0.022900	-191.175995
-0.022800	-191.175995
-0.022700	-74.308197
-0.022600	-15.874500
-0.022500	42.559200
-0.022400	-15.874500
-0.022300	-35.352402
-0.022200	-45.091400
-0.022100	-74.308197
-0.022000	-35.352402
-0.021900	-35.352402
-0.021800	-35.352402
-0.021700	-35.352402
-0.021600	-74.308197
-0.021500	-35.352402
-0.021400	3.603410
-0.021300	-6.135540
-0.021200	42.559200
-0.021100	-35.352402
-0.021000	42.559200
-0.020900	139.949005
-0.020800	120.471001
-0.020700	42.559200
-0.020600	81.515099
-0.020500	3.603410
-0.020400	-35.352402
-0.020300	-35.352402
-0.020200	3.603410
-0.020100	81.515099
-0.020000	81.515099
-0.019900	237.337997
-0.019800	159.427002
-0.019700	3.603410
-0.019600	-113.264000
-0.019500	3.603410
-0.019400	42.559200
-0.019300	42.559200
-0.019200	81.515099
-0.019100	149.688004
-0.019000	42.559200
-0.018900	-113.264000
-0.018800	-54.830299
-0.018700	3.603410
-0.018600	-35.352402
-0.018500	23.081301
-0.018400	42.559200
-0.018300	23.081301
-0.018200	-35.352402
-0.018100	3.603410
-0.018000	-54.830299
-0.017900	-74.308197
-0.017800	3.603410
-0.017700	-35.352402
-0.017600	-15.874500
-0.017500	-54.830299
-0.017400	-113.264000
-0.017300	3.603410
-0.017200	-74.308197
-0.017100	-54.830299
-0.017000	-74.308197
-0.016900	3.603410
-0.016800	23.081301
-0.016700	-54.830299
-0.016600	-132.742004
-0.016500	-93.786201
-0.016400	-35.352402
-0.016300	-84.047203
-0.016200	-15.874500
-0.016100	120.471001
-0.016000	42.559200
-0.015900	-74.308197
-0.015800	-15.874500
-0.015700	237.337997
-0.015600	100.992996
-0.015500	100.992996
-0.015400	81.515099
-0.015300	120.471001
-0.015200	178.904999
-0.015100	120.471001
-0.015000	23.081301
-0.014900	110.732002
-0.014800	42.559200
-0.014700	81.515099
-0.014600	139.949005
-0.014500	100.992996
-0.014400	42.559200
-0.014300	120.471001
-0.014200	81.515099
-0.014100	42.559200
-0.014000	3.603410
-0.013900	120.471001
-0.013800	42.559200
-0.013700	42.559200
-0.013600	3.603410
-0.013500	-35.352402
-0.013400	3.603410
-0.013300	-54.830299
-0.013200	-74.308197
-0.013100	-54.830299
-0.013000	23.081301
-0.012900	3.603410
-0.012800	-113.264000
-0.012700	-191.175995
-0.012600	-152.220001
-0.012500	-113.264000
-0.012400	-191.175995
-0.012300	-191.175995
-0.012200	-93.786201
-0.012100	-35.352402
-0.012000	100.992996
-0.011900	42.559200
-0.011800	-113.264000
-0.011700	-54.830299
-0.011600	-113.264000
-0.011500	3.603410
-0.011400	-35.352402
-0.011300	-54.830299
-0.011200	71.776100
-0.011100	-35.352402
-0.011000	-113.264000
-0.010900	-74.308197
-0.010800	-35.352402
-0.010700	23.081301
-0.010600	120.471001
-0.010500	23.081301
-0.010400	-15.874500
-0.010300	3.603410
-0.010200	23.081301
-0.010100	-113.264000
-0.010000	-74.308197
-0.009900	42.559200
-0.009800	81.515099
-0.009700	-35.352402
-0.009600	-54.830299
-0.009500	-54.830299
-0.009400	3.603410
-0.009300	100.992996
-0.009200	120.471001
-0.009100	23.081301
-0.009000	3.603410
-0.008900	-74.308197
-0.008800	-113.264000
-0.008700	-35.352402
-0.008600	-113.264000
-0.008500	-191.175995
-0.008400	-113.264000
-0.008300	-74.308197
-0.008200	3.603410
-0.008100	-45.091400
-0.008000	-132.742004
-0.007900	-35.352402
-0.007800	-54.830299
-0.007700	-74.308197
-0.007600	-74.308197
-0.007500	-15.874500
-0.007400	-35.352402
-0.007300	-74.308197
-0.007200	-74.308197
-0.007100	-74.308197
-0.007000	3.603410
-0.006900	-15.874500
-0.006800	3.603410
-0.006700	-54.830299
-0.006600	-113.264000
-0.006500	-230.132004
-0.006400	-191.175995
-0.006300	-74.308197
-0.006200	-54.830299
-0.006100	-132.742004
-0.006000	-54.830299
-0.005900	-35.352402
-0.005800	-35.352402
-0.005700	120.471001
-0.005600	120.471001
-0.005500	42.559200
-0.005400	198.382996
-0.005300	159.427002
-0.005200	159.427002
-0.005100	237.337997
-0.005000	159.427002
-0.004900	120.471001
-0.004800	81.515099
-0.004700	81.515099
-0.004600	-35.352402
-0.004500	-74.308197
-0.004400	-35.352402
-0.004300	-15.874500
-0.004200	-54.830299
-0.004100	23.081301
-0.004000	42.559200
-0.003900	-35.352402
-0.003800	-113.264000
-0.003700	3.603410
-0.003600	-113.264000
-0.003500	-74.308197
-0.003400	-6.135540
-0.003300	42.559200
-0.003200	-74.308197
-0.003100	-132.742004
-0.003000	-171.697998
-0.002900	-74.308197
-0.002800	-54.830299
-0.002700	-113.264000
-0.002600	-152.220001
-0.002500	-171.697998
-0.002400	-132.742004
-0.002300	-113.264000
-0.002200	-123.002998
-0.002100	-54.830299
-0.002000	3.603410
-0.001900	23.081301
-0.001800	81.515099
-0.001700	3.603410
-0.001600	42.559200
-0.001500	139.949005
-0.001400	100.992996
-0.001300	159.427002
-0.001200	120.471001
-0.001100	81.515099
-0.001000	42.559200
-0.000900	120.471001
-0.000800	198.382996
-0.000700	237.337997
-0.000600	81.515099
-0.000500	-74.308197
-0.000400	-132.742004
-0.000300	-113.264000
-0.000200	-113.264000
-0.000100	42.559200
0.000000	-35.352402
0.000100	-210.654007
0.000200	-152.220001
0.000300	3.603410
0.000400	-35.352402
0.000500	-74.308197
0.000600	-74.308197
0.000700	-35.352402
0.000800	3.603410
0.000900	100.992996
0.001000	159.427002
0.001100	23.081301
0.001200	3.603410
0.001300	42.559200
0.001400	23.081301
0.001500	23.081301
0.001600	42.559200
0.001700	3.603410
0.001800	-35.352402
0.001900	-74.308197
0.002000	-113.264000
0.002100	-35.352402
0.002200	-35.352402
0.002300	23.081301
0.002400	3.603410
0.002500	23.081301
0.002600	3.603410
0.002700	-15.874500
0.002800	-74.308197
0.002900	-45.091400
0.003000	3.603410
0.003100	-113.264000
0.003200	-191.175995
0.003300	-35.352402
0.003400	81.515099
0.003500	42.559200
0.003600	-152.220001
0.003700	-308.042999
0.003800	-171.697998
0.003900	120.471001
0.004000	100.992996
0.004100	-152.220001
0.004200	-210.654007
0.004300	-152.220001
0.004400	42.559200
0.004500	120.471001
0.004600	-171.697998
0.004700	-152.220001
0.004800	42.559200
0.004900	-84.047203
0.005000	-113.264000
0.005100	-74.308197
0.005200	-54.830299
0.005300	42.559200
0.005400	-84.047203
0.005500	-35.352402
0.005600	81.515099
0.005700	81.515099
0.005800	-74.308197
0.005900	-385.954987
0.006000	-308.042999
0.006100	-64.569298
0.006200	-35.352402
0.006300	3.603410
0.006400	-35.352402
0.006500	42.559200
0.006600	81.515099
0.006700	-15.874500
0.006800	23.081301
0.006900	42.559200
0.007000	-35.352402
0.007100	-230.132004
0.007200	-113.264000
0.007300	-15.874500
0.007400	-230.132004
0.007500	-288.565002
0.007600	-74.308197
0.007700	139.949005
0.007800	159.427002
0.007900	42.559200
0.008000	-15.874500
0.008100	-35.352402
0.008200	42.559200
0.008300	-113.264000
0.008400	-210.654007
0.008500	-74.308197
0.008600	237.337997
0.008700	256.816010
0.008800	120.471001
0.008900	-35.352402
0.009000	81.515099
0.009100	159.427002
0.009200	-74.308197
0.009300	-269.087006
0.009400	-54.830299
0.009500	42.559200
0.009600	13.342400
0.009700	-35.352402
0.009800	-15.874500
0.009900	42.559200
0.010000	120.471001
0.010100	159.427002
0.010200	81.515099
0.010300	-35.352402
0.010400	42.559200
0.010500	120.471001
0.010600	178.904999
0.010700	198.382996
0.010800	81.515099
0.010900	42.559200
0.011000	42.559200
0.011100	-74.308197
0.011200	-132.742004
0.011300	-191.175995
0.011400	-269.087006
0.011500	-269.087006
0.011600	-288.565002
0.011700	-269.087006
0.011800	-191.175995
0.011900	-200.914993
0.012000	-317.782013
0.012100	-191.175995
0.012200	-171.697998
0.012300	-269.087006
0.012400	-74.308197
0.012500	120.471001
0.012600	120.471001
0.012700	198.382996
0.012800	198.382996
0.012900	100.992996
0.013000	-35.352402
0.013100	-113.264000
0.013200	3.603410
0.013300	23.081301
0.013400	-74.308197
0.013500	-269.087006
0.013600	-346.998993
0.013700	-308.042999
0.013800	-483.343994
0.013900	-736.557007
0.014000	-619.690002
0.014100	-502.821991
0.014200	-366.476990
0.014300	-74.308197
0.014400	159.427002
0.014500	471.072998
0.014600	977.499023
0.014700	1250.189941
0.014800	1659.229980
0.014900	1990.349976
0.015000	1990.349976
0.015100	2009.829956
0.015200	2019.569946
0.015300	2302.000000
0.015400	2282.520020
0.015500	1776.089966
0.015600	1522.880005
0.015700	1289.150024
0.015800	1191.760010
0.015900	1016.450012
0.016000	587.940979
0.016100	237.337997
0.016200	-385.954987
0.016300	-892.380981
0.016400	-1087.160034
0.016500	-1359.849976
0.016600	-1554.630005
0.016700	-1856.540039
0.016800	-2070.790039
0.016900	-2022.099976
0.017000	-1749.410034
0.017100	-1437.760010
0.017200	-1242.979980
0.017300	-1242.979980
0.017400	-1320.890015
0.017500	-1204.030029
0.017600	-892.380981
0.017700	-658.645996
0.017800	-541.778015
0.017900	-483.343994
0.018000	-308.042999
0.018100	23.081301
0.018200	237.337997
0.018300	42.559200
0.018400	-269.087006
0.018500	-600.211975
0.018600	-814.468994
0.018700	-892.380981
0.018800	-853.424988
0.018900	-833.947021
0.019000	-541.778015
0.019100	-502.821991
0.019200	-424.911011
0.019300	-308.042999
0.019400	-269.087006
0.019500	-230.132004
0.019600	-424.911011
0.019700	-619.690002
0.019800	-736.557007
0.019900	-580.734009
0.020000	-366.476990
0.020100	-346.998993
0.020200	-463.867004
0.020300	-736.557007
0.020400	-1028.729980
0.020500	-1204.030029
0.020600	-1087.160034
0.020700	-1204.030029
0.020800	-1418.280029
0.020900	-1223.510010
0.021000	-1048.199951
0.021100	-970.291992
0.021200	-717.078979
0.021300	-619.690002
0.021400	-502.821991
0.021500	-152.220001
0.021600	198.382996
0.021700	354.205994
0.021800	432.118011
0.021900	412.640015
0.022000	432.118011
0.022100	587.940979
0.022200	821.676025
0.022300	919.065002
0.022400	782.719971
0.022500	704.807983
0.022600	743.763977
0.022700	1006.719971
0.022800	1230.709961
0.022900	1367.060059
0.023000	1522.880005
0.023100	1639.750000
0.023200	1444.969971
0.023300	1211.229980
0.023400	1172.280029
0.023500	1152.800049
0.023600	1172.280029
0.023700	1035.930054
0.023800	841.153992
0.023900	510.028992
0.024000	120.471001
0.024100	-230.132004
0.024200	-346.998993
0.024300	-502.821991
0.024400	-697.601013
0.024500	-697.601013
0.024600	-736.557007
0.024700	-658.645996
0.024800	-580.734009
0.024900	-580.734009
0.025000	-541.778015
0.025100	-308.042999
0.025200	-132.742004
0.025300	3.603410
0.025400	315.250000
0.025500	354.205994
0.025600	471.072998
0.025700	626.896973
0.025800	704.807983
0.025900	821.676025
0.026000	1045.670044
0.026100	1230.709961
0.026200	1172.280029
0.026300	782.719971
0.026400	490.550995
0.026500	539.245972
0.026600	704.807983
0.026700	587.940979
0.026800	315.250000
0.026900	159.427002
0.027000	100.992996
0.027100	-152.220001
0.027200	-230.132004
0.027300	-522.299988
0.027400	-746.296021
0.027500	-736.557007
0.027600	-678.124023
0.027700	-697.601013
0.027800	-775.513000
0.027900	-853.424988
0.028000	-814.468994
0.028100	-619.690002
0.028200	-590.473022
0.028300	-346.998993
0.028400	-502.821991
0.028500	-736.557007
0.028600	-736.557007
0.028700	-756.034973
0.028800	-756.034973
0.028900	-502.821991
0.029000	-385.954987
0.029100	-580.734009
0.029200	-658.645996
0.029300	-269.087006
0.029400	-230.132004
0.029500	-502.821991
0.029600	-541.778015
0.029700	-580.734009
0.029800	-541.778015
0.029900	-454.127991
0.030000	-570.994995
0.030100	-658.645996
0.030200	-658.645996
0.030300	-463.867004
0.030400	-249.608994
0.030500	-269.087006
0.030600	-230.132004
0.030700	-230.132004
0.030800	-210.654007
0.030900	-327.520996
0.031000	-210.654007
0.031100	81.515099
0.031200	237.337997
0.031300	159.427002
0.031400	81.515099
0.031500	276.294006
0.031600	393.161987
0.031700	305.510986
0.031800	393.161987
0.031900	432.118011
0.032000	490.550995
0.032100	626.896973
0.032200	587.940979
0.032300	646.375000
0.032400	782.719971
0.032500	743.763977
0.032600	704.807983
0.032700	578.202026
0.032800	471.072998
0.032900	626.896973
0.033000	782.719971
0.033100	743.763977
0.033200	451.595001
0.033300	558.723999
0.033400	548.984985
0.033500	412.640015
0.033600	315.250000
0.033700	237.337997
0.033800	100.992996
0.033900	-249.608994
0.034000	-405.433014
0.034100	-541.778015
0.034200	-697.601013
0.034300	-736.557007
0.034400	-794.991028
0.034500	-697.601013
0.034600	-502.821991
0.034700	-483.343994
0.034800	-522.299988
0.034900	-463.867004
0.035000	-463.867004
0.035100	-269.087006
0.035200	120.471001
0.035300	178.904999
0.035400	198.382996
0.035500	42.559200
0.035600	42.559200
0.035700	256.816010
0.035800	276.294006
0.035900	188.643997
0.036000	237.337997
0.036100	266.554993
0.036200	334.727997
0.036300	276.294006
0.036400	3.603410
0.036500	-288.565002
0.036600	-249.608994
0.036700	-327.520996
0.036800	-756.034973
0.036900	-892.380981
0.037000	-970.291992
0.037100	-1048.199951
0.037200	-824.208008
0.037300	-931.335999
0.037400	-892.380981
0.037500	-931.335999
0.037600	-1009.250000
0.037700	-746.296021
0.037800	-502.821991
0.037900	-541.778015
0.038000	-717.078979
0.038100	-658.645996
0.038200	-405.433014
0.038300	-308.042999
0.038400	-191.175995
0.038500	-191.175995
0.038600	-424.911011
0.038700	-288.565002
0.038800	-269.087006
0.038900	-152.220001
0.039000	-152.220001
0.039100	-308.042999
0.039200	-308.042999
0.039300	-308.042999
0.039400	-230.132004
0.039500	315.250000
0.039600	714.546997
0.039700	587.940979
0.039800	704.807983
0.039900	860.632019
0.040000	977.499023
0.040100	1152.800049
0.040200	880.109985
0.040300	743.763977
0.040400	743.763977
0.040500	724.286011
0.040600	665.851990
0.040700	665.851990
0.040800	548.984985
0.040900	354.205994
0.041000	139.949005
0.041100	81.515099
0.041200	42.559200
0.041300	81.515099
0.041400	159.427002
0.041500	149.688004
0.041600	32.820301
0.041700	-230.132004
0.041800	-191.175995
0.041900	-113.264000
0.042000	120.471001
0.042100	354.205994
0.042200	276.294006
0.042300	393.161987
0.042400	461.334015
0.042500	354.205994
0.042600	471.072998
0.042700	568.463013
0.042800	334.727997
0.042900	32.820301
0.043000	-15.874500
0.043100	-152.220001
0.043200	-152.220001
0.043300	-54.830299
0.043400	-444.389008
0.043500	-814.468994
0.043600	-697.601013
0.043700	-551.517029
0.043800	-385.954987
0.043900	-541.778015
0.044000	-697.601013
0.044100	-658.645996
0.044200	-424.911011
0.044300	-463.867004
0.044400	-346.998993
0.044500	-200.914993
0.044600	-230.132004
0.044700	-230.132004
0.044800	-191.175995
0.044900	-35.352402
0.045000	237.337997
0.045100	432.118011
0.045200	393.161987
0.045300	23.081301
0.045400	-308.042999
0.045500	120.471001
0.045600	490.550995
0.045700	305.510986
0.045800	198.382996
0.045900	42.559200
0.046000	-54.830299
0.046100	81.515099
0.046200	237.337997
0.046300	-113.264000
0.046400	-317.782013
0.046500	-473.605011
0.046600	-463.867004
0.046700	-385.954987
0.046800	-541.778015
0.046900	-678.124023
0.047000	-580.734009
0.047100	-736.557007
0.047200	-580.734009
0.047300	-639.168030
0.047400	-697.601013
0.047500	-658.645996
0.047600	-970.291992
0.047700	-970.291992
0.047800	-541.778015
0.047900	-346.998993
0.048000	-269.087006
0.048100	-35.352402
0.048200	159.427002
0.048300	237.337997
0.048400	373.683990
0.048500	626.896973
0.048600	821.676025
0.048700	607.419006
0.048800	743.763977
0.048900	704.807983
0.049000	587.940979
0.049100	451.595001
0.049200	471.072998
0.049300	471.072998
0.049400	354.205994
0.049500	237.337997
0.049600	178.904999
0.049700	159.427002
0.049800	-54.830299
0.049900	-269.087006
0.050000	-230.132004
0.050100	-269.087006
0.050200	-444.389008
0.050300	-424.911011
0.050400	-308.042999
0.050500	-220.393005
0.050600	-132.742004
0.050700	-6.135540
0.050800	120.471001
0.050900	159.427002
0.051000	42.559200
0.051100	-152.220001
0.051200	-230.132004
0.051300	-171.697998
0.051400	-191.175995
0.051500	-346.998993
0.051600	-308.042999
0.051700	-230.132004
0.051800	-230.132004
0.051900	-74.308197
0.052000	3.603410
0.052100	42.559200
0.052200	100.992996
0.052300	120.471001
0.052400	139.949005
0.052500	198.382996
0.052600	393.161987
0.052700	354.205994
0.052800	276.294006
0.052900	412.640015
0.053000	315.250000
0.053100	120.471001
0.053200	-74.308197
0.053300	-152.220001
0.053400	-210.654007
0.053500	-346.998993
0.053600	-346.998993
0.053700	-502.821991
0.053800	-678.124023
0.053900	-814.468994
0.054000	-765.773987
0.054100	-678.124023
0.054200	-775.513000
0.054300	-794.991028
0.054400	-580.734009
0.054500	-366.476990
0.054600	-346.998993
0.054700	-346.998993
0.054800	-171.697998
0.054900	120.471001
0.055000	227.598999
0.055100	237.337997
0.055200	276.294006
0.055300	315.250000
0.055400	412.640015
0.055500	432.118011
0.055600	519.768005
0.055700	510.028992
0.055800	432.118011
0.055900	315.250000
0.056000	295.772003
0.056100	412.640015
0.056200	315.250000
0.056300	198.382996
0.056400	354.205994
0.056500	461.334015
0.056600	256.816010
0.056700	-35.352402
0.056800	-113.264000
0.056900	-35.352402
0.057000	100.992996
0.057100	42.559200
0.057200	-15.874500
0.057300	-35.352402
0.057400	23.081301
0.057500	3.603410
0.057600	-54.830299
0.057700	-132.742004
0.057800	-171.697998
0.057900	-74.308197
0.058000	-152.220001
0.058100	-269.087006
0.058200	-210.654007
0.058300	-230.132004
0.058400	-191.175995
0.058500	-6.135540
0.058600	3.603410
0.058700	-113.264000
0.058800	-113.264000
0.058900	42.559200
0.059000	227.598999
0.059100	100.992996
0.059200	-123.002998
0.059300	-64.569298
0.059400	-35.352402
0.059500	-74.308197
0.059600	-74.308197
0.059700	-210.654007
0.059800	-346.998993
0.059900	-385.954987
0.060000	-385.954987
0.060100	-366.476990
0.060200	-502.821991
0.060300	-502.821991
0.060400	-424.911011
0.060500	-541.778015
0.060600	-502.821991
0.060700	-502.821991
0.060800	-463.867004
0.060900	-405.433014
0.061000	-308.042999
0.061100	-327.520996
0.061200	-249.608994
0.061300	-93.786201
0.061400	-35.352402
0.061500	42.559200
0.061600	42.559200
0.061700	198.382996
0.061800	276.294006
0.061900	276.294006
0.062000	237.337997
0.062100	237.337997
0.062200	247.076996
0.062300	198.382996
0.062400	217.860001
0.062500	237.337997
0.062600	198.382996
0.062700	266.554993
0.062800	256.816010
0.062900	256.816010
0.063000	81.515099
0.063100	23.081301
0.063200	42.559200
0.063300	42.559200
0.063400	-35.352402
0.063500	-191.175995
0.063600	-269.087006
0.063700	-269.087006
0.063800	-210.654007
0.063900	-269.087006
0.064000	-346.998993
0.064100	-346.998993
0.064200	-424.911011
0.064300	-385.954987
0.064400	-249.608994
0.064500	-308.042999
0.064600	-346.998993
0.064700	-346.998993
0.064800	-152.220001
0.064900	-74.308197
0.065000	-35.352402
0.065100	23.081301
0.065200	237.337997
0.065300	295.772003
0.065400	490.550995
0.065500	626.896973
0.065600	646.375000
0.065700	626.896973
0.065800	646.375000
0.065900	587.940979
0.066000	568.463013
0.066100	490.550995
0.066200	334.727997
0.066300	237.337997
0.066400	42.559200
0.066500	3.603410
0.066600	3.603410
0.066700	-152.220001
0.066800	-230.132004
0.066900	-269.087006
0.067000	-366.476990
0.067100	-463.867004
0.067200	-580.734009
0.067300	-600.211975
0.067400	-385.954987
0.067500	-385.954987
0.067600	-424.911011
0.067700	-502.821991
0.067800	-385.954987
0.067900	-191.175995
0.068000	-132.742004
0.068100	-191.175995
0.068200	-132.742004
0.068300	42.559200
0.068400	81.515099
0.068500	-15.874500
0.068600	-35.352402
0.068700	120.471001
0.068800	237.337997
0.068900	120.471001
0.069000	42.559200
0.069100	237.337997
0.069200	256.816010
0.069300	178.904999
0.069400	198.382996
0.069500	256.816010
0.069600	120.471001
0.069700	-6.135540
0.069800	-54.830299
0.069900	13.342400
0.070000	42.559200
0.070100	42.559200
0.070200	-35.352402
0.070300	-191.175995
0.070400	-210.654007
0.070500	-269.087006
0.070600	-308.042999
0.070700	-191.175995
0.070800	-269.087006
0.070900	-385.954987
0.071000	-346.998993
0.071100	-269.087006
0.071200	-346.998993
0.071300	-385.954987
0.071400	-444.389008
0.071500	-346.998993
0.071600	-191.175995
0.071700	-35.352402
0.071800	100.992996
0.071900	120.471001
0.072000	120.471001
0.072100	139.949005
0.072200	-74.308197
0.072300	-74.308197
0.072400	23.081301
0.072500	159.427002
0.072600	120.471001
0.072700	3.603410
0.072800	-74.308197
0.072900	-15.874500
0.073000	-54.830299
0.073100	-74.308197
0.073200	23.081301
0.073300	-35.352402
0.073400	-132.742004
0.073500	-35.352402
0.073600	-35.352402
0.073700	-191.175995
0.073800	-210.654007
0.073900	-64.569298
0.074000	-132.742004
0.074100	-210.654007
0.074200	-152.220001
0.074300	-74.308197
0.074400	-230.132004
0.074500	-385.954987
0.074600	-346.998993
0.074700	-269.087006
0.074800	-191.175995
0.074900	-113.264000
0.075000	81.515099
0.075100	42.559200
0.075200	120.471001
0.075300	178.904999
0.075400	178.904999
0.075500	120.471001
0.075600	91.253998
0.075700	120.471001
0.075800	198.382996
0.075900	81.515099
0.076000	-35.352402
0.076100	3.603410
0.076200	120.471001
0.076300	159.427002
0.076400	81.515099
0.076500	-54.830299
0.076600	-152.220001
0.076700	-152.220001
0.076800	-123.002998
0.076900	-152.220001
0.077000	-93.786201
0.077100	-35.352402
0.077200	-84.047203
0.077300	-171.697998
0.077400	-35.352402
0.077500	81.515099
0.077600	42.559200
0.077700	81.515099
0.077800	120.471001
0.077900	198.382996
0.078000	276.294006
0.078100	178.904999
0.078200	198.382996
0.078300	237.337997
0.078400	159.427002
0.078500	159.427002
0.078600	159.427002
0.078700	237.337997
0.078800	198.382996
0.078900	159.427002
0.079000	256.816010
0.079100	237.337997
0.079200	159.427002
0.079300	120.471001
0.079400	81.515099
0.079500	-74.308197
0.079600	-15.874500
0.079700	3.603410
0.079800	-35.352402
0.079900	-15.874500
0.080000	3.603410
0.080100	-35.352402
0.080200	-132.742004
0.080300	-113.264000
0.080400	-113.264000
0.080500	-45.091400
0.080600	-45.091400
0.080700	-35.352402
0.080800	-113.264000
0.080900	-74.308197
0.081000	-93.786201
0.081100	-113.264000
0.081200	-152.220001
0.081300	3.603410
0.081400	120.471001
0.081500	62.037201
0.081600	-35.352402
0.081700	42.559200
0.081800	120.471001
0.081900	120.471001
0.082000	159.427002
0.082100	198.382996
0.082200	159.427002
0.082300	256.816010
0.082400	295.772003
0.082500	120.471001
0.082600	-54.830299
0.082700	-35.352402
0.082800	23.081301
0.082900	-35.352402
0.083000	23.081301
0.083100	-15.874500
0.083200	-6.135540
0.083300	32.820301
0.083400	-113.264000
0.083500	-210.654007
0.083600	-269.087006
0.083700	-230.132004
0.083800	-269.087006
0.083900	-191.175995
0.084000	-191.175995
0.084100	-210.654007
0.084200	-171.697998
0.084300	-113.264000
0.084400	-74.308197
0.084500	-132.742004
0.084600	-74.308197
0.084700	3.603410
0.084800	81.515099
0.084900	-35.352402
0.085000	-35.352402
0.085100	-113.264000
0.085200	-132.742004
0.085300	-74.308197
0.085400	-93.786201
0.085500	-113.264000
0.085600	-35.352402
0.085700	-74.308197
0.085800	-152.220001
0.085900	-113.264000
0.086000	-35.352402
0.086100	23.081301
0.086200	-35.352402
0.086300	-152.220001
0.086400	-269.087006
0.086500	-191.175995
0.086600	-74.308197
0.086700	71.776100
0.086800	42.559200
0.086900	-123.002998
0.087000	-35.352402
0.087100	-113.264000
0.087200	-84.047203
0.087300	-132.742004
0.087400	-132.742004
0.087500	-113.264000
0.087600	-152.220001
0.087700	-191.175995
0.087800	-152.220001
0.087900	-113.264000
0.088000	-74.308197
0.088100	-113.264000
0.088200	-152.220001
0.088300	-191.175995
0.088400	-191.175995
0.088500	-171.697998
0.088600	-35.352402
0.088700	3.603410
0.088800	-35.352402
0.088900	-113.264000
0.089000	-74.308197
0.089100	-113.264000
0.089200	-113.264000
0.089300	3.603410
0.089400	42.559200
0.089500	23.081301
0.089600	-54.830299
0.089700	81.515099
0.089800	237.337997
0.089900	178.904999
0.090000	120.471001
0.090100	42.559200
0.090200	100.992996
0.090300	159.427002
0.090400	139.949005
0.090500	81.515099
0.090600	23.081301
0.090700	23.081301
0.090800	3.603410
0.090900	-74.308197
0.091000	23.081301
0.091100	-35.352402
0.091200	42.559200
0.091300	42.559200
0.091400	-54.830299
0.091500	-35.352402
0.091600	120.471001
0.091700	-35.352402
0.091800	-54.830299
0.091900	3.603410
0.092000	23.081301
0.092100	-6.135540
0.092200	23.081301
0.092300	42.559200
0.092400	120.471001
0.092500	178.904999
0.092600	276.294006
0.092700	237.337997
0.092800	256.816010
0.092900	237.337997
0.093000	120.471001
0.093100	3.603410
0.093200	42.559200
0.093300	42.559200
0.093400	81.515099
0.093500	159.427002
0.093600	81.515099
0.093700	42.559200
0.093800	3.603410
0.093900	3.603410
0.094000	-35.352402
0.094100	3.603410
0.094200	42.559200
0.094300	3.603410
0.094400	-113.264000
0.094500	-35.352402
0.094600	3.603410
0.094700	-35.352402
0.094800	-132.742004
0.094900	-132.742004
0.095000	-35.352402
0.095100	-54.830299
0.095200	23.081301
0.095300	42.559200
0.095400	3.603410
0.095500	3.603410
0.095600	42.559200
0.095700	159.427002
0.095800	120.471001
0.095900	120.471001
0.096000	159.427002
0.096100	120.471001
0.096200	23.081301
0.096300	-15.874500
0.096400	-152.220001
0.096500	-113.264000
0.096600	-35.352402
0.096700	23.081301
0.096800	-113.264000
0.096900	-269.087006
0.097000	-191.175995
0.097100	-54.830299
0.097200	-84.047203
0.097300	3.603410
0.097400	-35.352402
0.097500	-113.264000
0.097600	-74.308197
0.097700	-15.874500
0.097800	42.559200
0.097900	42.559200
0.098000	-35.352402
0.098100	-152.220001
0.098200	-74.308197
0.098300	3.603410
0.098400	3.603410
0.098500	-35.352402
0.098600	-15.874500
0.098700	-113.264000
0.098800	-113.264000
0.098900	-74.308197
0.099000	-54.830299
0.099100	-113.264000
0.099200	-113.264000
0.099300	3.603410
0.099400	100.992996
0.099500	3.603410
0.099600	23.081301
0.099700	81.515099
0.099800	-15.874500
0.099900	-113.264000
0.100000	-152.220001
0.100100	-54.830299
0.100200	-35.352402
0.100300	-45.091400
0.100400	42.559200
0.100500	159.427002
0.100600	198.382996
0.100700	100.992996
0.100800	100.992996
0.100900	198.382996
0.101000	237.337997
0.101100	100.992996
0.101200	120.471001
0.101300	81.515099
0.101400	42.559200
0.101500	23.081301
0.101600	-64.569298
0.101700	-84.047203
0.101800	-93.786201
0.101900	-152.220001
0.102000	-74.308197
0.102100	-74.308197
0.102200	-15.874500
0.102300	3.603410
0.102400	-113.264000
0.102500	-152.220001
0.102600	-132.742004
0.102700	23.081301
0.102800	42.559200
0.102900	81.515099
0.103000	42.559200
0.103100	256.816010
0.103200	120.471001
0.103300	3.603410
0.103400	42.559200
0.103500	3.603410
0.103600	3.603410
0.103700	3.603410
0.103800	-15.874500
0.103900	198.382996
0.104000	237.337997
0.104100	178.904999
0.104200	81.515099
0.104300	159.427002
0.104400	81.515099
0.104500	62.037201
0.104600	110.732002
0.104700	81.515099
0.104800	3.603410
0.104900	-74.308197
0.105000	-35.352402
0.105100	-132.742004
0.105200	-35.352402
0.105300	3.603410
0.105400	3.603410
0.105500	-35.352402
0.105600	-152.220001
0.105700	-152.220001
0.105800	-74.308197
0.105900	-113.264000
0.106000	-152.220001
0.106100	-113.264000
0.106200	-152.220001
0.106300	-74.308197
0.106400	3.603410
0.106500	139.949005
0.106600	305.510986
0.106700	139.949005
0.106800	42.559200
0.106900	100.992996
0.107000	23.081301
0.107100	3.603410
0.107200	100.992996
0.107300	100.992996
0.107400	42.559200
0.107500	-35.352402
0.107600	-152.220001
0.107700	-113.264000
0.107800	42.559200
0.107900	23.081301
0.108000	-74.308197
0.108100	-113.264000
0.108200	-45.091400
0.108300	-54.830299
0.108400	-132.742004
0.108500	-269.087006
0.108600	-288.565002
0.108700	-191.175995
0.108800	-132.742004
0.108900	-308.042999
0.109000	-171.697998
0.109100	-113.264000
0.109200	-230.132004
0.109300	-191.175995
0.109400	-132.742004
0.109500	-113.264000
0.109600	-152.220001
0.109700	-74.308197
0.109800	3.603410
0.109900	-35.352402
0.110000	3.603410
0.110100	110.732002
0.110200	100.992996
0.110300	100.992996
0.110400	139.949005
0.110500	178.904999
0.110600	120.471001
0.110700	23.081301
0.110800	-113.264000
0.110900	42.559200
0.111000	42.559200
0.111100	-15.874500
0.111200	-15.874500
0.111300	-15.874500
0.111400	-113.264000
0.111500	-35.352402
0.111600	23.081301
0.111700	-35.352402
0.111800	-74.308197
0.111900	-113.264000
0.112000	-54.830299
0.112100	-113.264000
0.112200	-152.220001
0.112300	-54.830299
0.112400	-35.352402
0.112500	120.471001
0.112600	42.559200
0.112700	-84.047203
0.112800	-93.786201
0.112900	-35.352402
0.113000	3.603410
0.113100	23.081301
0.113200	3.603410
0.113300	81.515099
0.113400	139.949005
0.113500	178.904999
0.113600	256.816010
0.113700	237.337997
0.113800	169.166000
0.113900	120.471001
0.114000	159.427002
0.114100	100.992996
0.114200	178.904999
0.114300	120.471001
0.114400	81.515099
0.114500	-74.308197
0.114600	-54.830299
0.114700	-15.874500
0.114800	-54.830299
0.114900	-113.264000
0.115000	-54.830299
0.115100	-35.352402
0.115200	-74.308197
0.115300	-74.308197
0.115400	-35.352402
0.115500	-54.830299
0.115600	-113.264000
0.115700	-191.175995
0.115800	-113.264000
0.115900	42.559200
0.116000	42.559200
0.116100	-35.352402
0.116200	-15.874500
0.116300	42.559200
0.116400	120.471001
0.116500	237.337997
0.116600	217.860001
0.116700	100.992996
0.116800	81.515099
0.116900	120.471001
0.117000	-113.264000
0.117100	-171.697998
0.117200	-152.220001
0.117300	-132.742004
0.117400	-35.352402
0.117500	3.603410
0.117600	-113.264000
0.117700	-152.220001
0.117800	-152.220001
0.117900	-54.830299
0.118000	-132.742004
0.118100	-230.132004
0.118200	-142.481003
0.118300	-132.742004
0.118400	-191.175995
0.118500	-191.175995
0.118600	-93.786201
0.118700	-54.830299
0.118800	-74.308197
0.118900	-152.220001
0.119000	-132.742004
0.119100	-113.264000
0.119200	-210.654007
0.119300	-191.175995
0.119400	-132.742004
0.119500	-152.220001
0.119600	-152.220001
0.119700	-35.352402
0.119800	3.603410
0.119900	42.559200
0.120000	3.603410
0.120100	-35.352402
0.120200	-35.352402
0.120300	81.515099
0.120400	42.559200
0.120500	42.559200
0.120600	-35.352402
0.120700	3.603410
0.120800	42.559200
0.120900	23.081301
0.121000	-74.308197
0.121100	3.603410
0.121200	-54.830299
0.121300	-113.264000
0.121400	-132.742004
0.121500	-74.308197
0.121600	-35.352402
0.121700	-54.830299
0.121800	-35.352402
0.121900	-35.352402
0.122000	-35.352402
0.122100	-74.308197
0.122200	-54.830299
0.122300	-74.308197
0.122400	-152.220001
0.122500	-113.264000
0.122600	42.559200
0.122700	-74.308197
0.122800	-132.742004
0.122900	-35.352402
0.123000	-35.352402
0.123100	62.037201
0.123200	159.427002
0.123300	237.337997
0.123400	198.382996
0.123500	237.337997
0.123600	198.382996
0.123700	81.515099
0.123800	100.992996
0.123900	120.471001
0.124000	120.471001
0.124100	81.515099
0.124200	-35.352402
0.124300	23.081301
0.124400	100.992996
0.124500	81.515099
0.124600	3.603410
0.124700	-35.352402
0.124800	-15.874500
0.124900	-35.352402
0.125000	-74.308197
0.125100	-15.874500
0.125200	42.559200
0.125300	3.603410
0.125400	-15.874500
0.125500	-35.352402
0.125600	42.559200
0.125700	42.559200
0.125800	81.515099
0.125900	100.992996
0.126000	-15.874500
0.126100	42.559200
0.126200	139.949005
0.126300	120.471001
0.126400	139.949005
0.126500	42.559200
0.126600	139.949005
0.126700	237.337997
0.126800	198.382996
0.126900	81.515099
0.127000	-15.874500
0.127100	-54.830299
0.127200	-152.220001
0.127300	-35.352402
0.127400	32.820301
0.127500	-74.308197
0.127600	-132.742004
0.127700	-113.264000
0.127800	-35.352402
0.127900	-35.352402
0.128000	-74.308197
0.128100	100.992996
0.128200	23.081301
0.128300	-35.352402
0.128400	42.559200
0.128500	-15.874500
0.128600	-132.742004
0.128700	-113.264000
0.128800	-35.352402
0.128900	3.603410
0.129000	120.471001
0.129100	100.992996
0.129200	42.559200
0.129300	23.081301
0.129400	3.603410
0.129500	23.081301
0.129600	-54.830299
0.129700	-35.352402
0.129800	-15.874500
0.129900	-93.786201
0.130000	-152.220001
0.130100	3.603410
0.130200	-54.830299
0.130300	-35.352402
0.130400	-132.742004
0.130500	-152.220001
0.130600	-210.654007
0.130700	-74.308197
0.130800	-113.264000
0.130900	-54.830299
0.131000	-113.264000
0.131100	42.559200
0.131200	-35.352402
0.131300	-54.830299
0.131400	-35.352402
0.131500	-45.091400
0.131600	42.559200
0.131700	139.949005
0.131800	120.471001
0.131900	188.643997
0.132000	62.037201
0.132100	3.603410
0.132200	139.949005
0.132300	198.382996
0.132400	159.427002
0.132500	42.559200
0.132600	-35.352402
0.132700	-35.352402
0.132800	120.471001
0.132900	3.603410
0.133000	3.603410
0.133100	-35.352402
0.133200	120.471001
0.133300	100.992996
0.133400	-15.874500
0.133500	-191.175995
0.133600	-191.175995
0.133700	-93.786201
0.133800	-113.264000
0.133900	-35.352402
0.134000	-74.308197
0.134100	-74.308197
0.134200	-93.786201
0.134300	-74.308197
0.134400	-171.697998
0.134500	-171.697998
0.134600	3.603410
0.134700	-35.352402
0.134800	-191.175995
0.134900	-74.308197
0.135000	-35.352402
0.135100	3.603410
0.135200	-74.308197
0.135300	3.603410
0.135400	81.515099
0.135500	42.559200
0.135600	81.515099
0.135700	159.427002
0.135800	-35.352402
0.135900	-74.308197
0.136000	-35.352402
0.136100	-74.308197
0.136200	-132.742004
0.136300	-54.830299
0.136400	42.559200
0.136500	-93.786201
0.136600	-152.220001
0.136700	-93.786201
0.136800	-74.308197
0.136900	-152.220001
0.137000	-15.874500
0.137100	-74.308197
0.137200	-74.308197
0.137300	-113.264000
0.137400	-113.264000
0.137500	-54.830299
0.137600	-35.352402
0.137700	13.342400
0.137800	-35.352402
0.137900	42.559200
0.138000	-35.352402
0.138100	-113.264000
0.138200	100.992996
0.138300	100.992996
0.138400	100.992996
0.138500	159.427002
0.138600	159.427002
0.138700	159.427002
0.138800	120.471001
0.138900	120.471001
0.139000	120.471001
0.139100	139.949005
0.139200	237.337997
0.139300	159.427002
0.139400	-74.308197
0.139500	-74.308197
0.139600	23.081301
0.139700	23.081301
0.139800	-74.308197
0.139900	-74.308197
0.140000	3.603410
0.140100	3.603410
0.140200	-35.352402
0.140300	-35.352402
0.140400	-15.874500
0.140500	3.603410
0.140600	23.081301
0.140700	-35.352402
0.140800	3.603410
0.140900	-15.874500
0.141000	-35.352402
0.141100	-54.830299
0.141200	-35.352402
0.141300	-6.135540
0.141400	32.820301
0.141500	120.471001
0.141600	42.559200
0.141700	159.427002
0.141800	276.294006
0.141900	237.337997
0.142000	120.471001
0.142100	100.992996
0.142200	120.471001
0.142300	159.427002
0.142400	159.427002
0.142500	42.559200
0.142600	3.603410
0.142700	42.559200
0.142800	42.559200
0.142900	-74.308197
0.143000	-6.135540
0.143100	-35.352402
0.143200	23.081301
0.143300	-74.308197
0.143400	-35.352402
0.143500	-54.830299
0.143600	-74.308197
0.143700	-35.352402
0.143800	-74.308197
0.143900	-93.786201
0.144000	-35.352402
0.144100	-45.091400
0.144200	-6.135540
0.144300	-35.352402
0.144400	-74.308197
0.144500	81.515099
0.144600	276.294006
0.144700	237.337997
0.144800	110.732002
0.144900	81.515099
0.145000	3.603410
0.145100	42.559200
0.145200	120.471001
0.145300	42.559200
0.145400	-35.352402
0.145500	-74.308197
0.145600	-74.308197
0.145700	-132.742004
0.145800	42.559200
0.145900	23.081301
0.146000	-35.352402
0.146100	-191.175995
0.146200	-152.220001
0.146300	-113.264000
0.146400	-45.091400
0.146500	-35.352402
0.146600	-35.352402
0.146700	-74.308197
0.146800	23.081301
0.146900	42.559200
0.147000	23.081301
0.147100	3.603410
0.147200	3.603410
0.147300	81.515099
0.147400	42.559200
0.147500	-15.874500
0.147600	-35.352402
0.147700	81.515099
0.147800	42.559200
0.147900	100.992996
0.148000	120.471001
0.148100	178.904999
0.148200	198.382996
0.148300	237.337997
0.148400	276.294006
0.148500	276.294006
0.148600	276.294006
0.148700	159.427002
0.148800	120.471001
0.148900	42.559200
0.149000	62.037201
0.149100	42.559200
0.149200	3.603410
0.149300	-54.830299
0.149400	-35.352402
0.149500	42.559200
0.149600	42.559200
0.149700	23.081301
0.149800	-15.874500
0.149900	-35.352402
0.150000	23.081301
0.150100	42.559200
0.150200	3.603410
0.150300	3.603410
0.150400	-35.352402
0.150500	-35.352402
0.150600	-35.352402
0.150700	91.253998
0.150800	62.037201
0.150900	-35.352402
0.151000	-35.352402
0.151100	42.559200
0.151200	120.471001
0.151300	149.688004
0.151400	42.559200
0.151500	42.559200
0.151600	42.559200
0.151700	23.081301
0.151800	120.471001
0.151900	237.337997
0.152000	120.471001
0.152100	3.603410
0.152200	3.603410
0.152300	3.603410
0.152400	-132.742004
0.152500	-191.175995
0.152600	-152.220001
0.152700	-54.830299
0.152800	3.603410
0.152900	-113.264000
0.153000	-54.830299
0.153100	-74.308197
0.153200	-35.352402
0.153300	-74.308197
0.153400	42.559200
0.153500	-35.352402
0.153600	-113.264000
0.153700	-35.352402
0.153800	81.515099
0.153900	3.603410
0.154000	-6.135540
0.154100	-15.874500
0.154200	3.603410
0.154300	23.081301
0.154400	-35.352402
0.154500	-74.308197
0.154600	-15.874500
0.154700	42.559200
0.154800	81.515099
0.154900	-132.742004
0.155000	42.559200
0.155100	13.342400
0.155200	23.081301
0.155300	42.559200
0.155400	-93.786201
0.155500	-74.308197
0.155600	23.081301
0.155700	-35.352402
0.155800	-113.264000
0.155900	-54.830299
0.156000	-15.874500
0.156100	-35.352402
0.156200	-171.697998
0.156300	-230.132004
0.156400	-113.264000
0.156500	-74.308197
0.156600	-152.220001
0.156700	-171.697998
0.156800	-93.786201
0.156900	-152.220001
0.157000	-132.742004
0.157100	-113.264000
0.157200	-74.308197
0.157300	3.603410
0.157400	23.081301
0.157500	-35.352402
0.157600	3.603410
0.157700	3.603410
0.157800	42.559200
0.157900	-15.874500
0.158000	-64.569298
0.158100	3.603410
0.158200	42.559200
0.158300	42.559200
0.158400	23.081301
0.158500	198.382996
0.158600	81.515099
0.158700	-35.352402
0.158800	3.603410
0.158900	23.081301
0.159000	-35.352402
0.159100	-45.091400
0.159200	-35.352402
0.159300	3.603410
0.159400	-113.264000
0.159500	-113.264000
0.159600	-35.352402
0.159700	-74.308197
0.159800	-152.220001
0.159900	-191.175995
0.160000	-113.264000
0.160100	-35.352402
0.160200	23.081301
0.160300	-74.308197
0.160400	-35.352402
0.160500	3.603410
0.160600	120.471001
0.160700	159.427002
0.160800	42.559200
0.160900	100.992996
0.161000	42.559200
0.161100	81.515099
0.161200	120.471001
0.161300	120.471001
0.161400	120.471001
0.161500	81.515099
0.161600	-15.874500
0.161700	-74.308197
0.161800	-74.308197
0.161900	-35.352402
0.162000	42.559200
0.162100	3.603410
0.162200	-35.352402
0.162300	3.603410
0.162400	-35.352402
0.162500	-35.352402
0.162600	-35.352402
0.162700	-74.308197
0.162800	-113.264000
0.162900	-35.352402
0.163000	-35.352402
0.163100	3.603410
0.163200	-15.874500
0.163300	42.559200
0.163400	198.382996
0.163500	120.471001
0.163600	-6.135540
0.163700	81.515099
0.163800	91.253998
0.163900	91.253998
0.164000	42.559200
0.164100	159.427002
0.164200	159.427002
0.164300	110.732002
0.164400	120.471001
0.164500	3.603410
0.164600	-54.830299
0.164700	120.471001
0.164800	42.559200
0.164900	-35.352402
0.165000	-74.308197
0.165100	23.081301
0.165200	3.603410
0.165300	100.992996
0.165400	-132.742004
0.165500	-152.220001
0.165600	-113.264000
0.165700	-35.352402
0.165800	-35.352402
0.165900	13.342400
0.166000	23.081301
0.166100	-15.874500
0.166200	-161.959000
0.166300	-35.352402
0.166400	42.559200
0.166500	42.559200
0.166600	23.081301
0.166700	42.559200
0.166800	42.559200
0.166900	42.559200
0.167000	42.559200
0.167100	23.081301
0.167200	139.949005
0.167300	198.382996
0.167400	159.427002
0.167500	3.603410
0.167600	42.559200
0.167700	139.949005
0.167800	100.992996
0.167900	42.559200
0.168000	42.559200
0.168100	120.471001
0.168200	62.037201
0.168300	-15.874500
0.168400	-54.830299
0.168500	3.603410
0.168600	3.603410
0.168700	-74.308197
0.168800	-15.874500
0.168900	-84.047203
0.169000	-132.742004
0.169100	-113.264000
0.169200	81.515099
0.169300	100.992996
0.169400	-54.830299
0.169500	-191.175995
0.169600	-54.830299
0.169700	139.949005
0.169800	3.603410
0.169900	-152.220001
0.170000	-123.002998
0.170100	-113.264000
0.170200	-35.352402
0.170300	-35.352402
0.170400	-35.352402
0.170500	42.559200
0.170600	42.559200
0.170700	-15.874500
0.170800	23.081301
0.170900	32.820301
0.171000	42.559200
0.171100	256.816010
0.171200	198.382996
0.171300	42.559200
0.171400	-35.352402
0.171500	120.471001
0.171600	159.427002
0.171700	139.949005
0.171800	120.471001
0.171900	100.992996
0.172000	3.603410
0.172100	-35.352402
0.172200	120.471001
0.172300	42.559200
0.172400	-74.308197
0.172500	-74.308197
0.172600	-35.352402
0.172700	-74.308197
0.172800	-35.352402
0.172900	-35.352402
0.173000	-54.830299
0.173100	3.603410
0.173200	42.559200
0.173300	3.603410
0.173400	-35.352402
0.173500	81.515099
0.173600	130.210007
0.173700	100.992996
0.173800	42.559200
0.173900	32.820301
0.174000	42.559200
0.174100	62.037201
0.174200	3.603410
0.174300	42.559200
0.174400	139.949005
0.174500	198.382996
0.174600	139.949005
0.174700	120.471001
0.174800	120.471001
0.174900	3.603410
0.175000	198.382996
0.175100	237.337997
0.175200	110.732002
0.175300	120.471001
0.175400	198.382996
0.175500	120.471001
0.175600	23.081301
0.175700	23.081301
0.175800	-35.352402
0.175900	-113.264000
0.176000	-132.742004
0.176100	-15.874500
0.176200	-113.264000
0.176300	-35.352402
0.176400	-54.830299
0.176500	-54.830299
0.176600	-113.264000
0.176700	-74.308197
0.176800	-35.352402
0.176900	-191.175995
0.177000	-132.742004
0.177100	120.471001
0.177200	120.471001
0.177300	-113.264000
0.177400	-35.352402
0.177500	42.559200
0.177600	3.603410
0.177700	-35.352402
0.177800	23.081301
0.177900	23.081301
0.178000	3.603410
0.178100	42.559200
0.178200	100.992996
0.178300	3.603410
0.178400	120.471001
0.178500	120.471001
0.178600	198.382996
0.178700	120.471001
0.178800	81.515099
0.178900	3.603410
0.179000	-74.308197
0.179100	-113.264000
0.179200	-152.220001
0.179300	-93.786201
0.179400	-74.308197
0.179500	-113.264000
0.179600	-132.742004
0.179700	-152.220001
0.179800	-113.264000
0.179900	-74.308197
0.180000	3.603410
0.180100	-113.264000
0.180200	-152.220001
0.180300	-113.264000
0.180400	-113.264000
0.180500	-113.264000
0.180600	-113.264000
0.180700	-171.697998
0.180800	-210.654007
0.180900	-15.874500
0.181000	100.992996
0.181100	3.603410
0.181200	42.559200
0.181300	169.166000
0.181400	81.515099
0.181500	42.559200
0.181600	81.515099
0.181700	13.342400
0.181800	23.081301
0.181900	-74.308197
0.182000	-191.175995
0.182100	23.081301
0.182200	-15.874500
0.182300	-152.220001
0.182400	-152.220001
0.182500	-113.264000
0.182600	-35.352402
0.182700	-15.874500
0.182800	-74.308197
0.182900	-74.308197
0.183000	-230.132004
0.183100	-152.220001
0.183200	-74.308197
0.183300	-74.308197
0.183400	-171.697998
0.183500	-35.352402
0.183600	3.603410
0.183700	3.603410
0.183800	-35.352402
0.183900	-35.352402
0.184000	42.559200
0.184100	110.732002
0.184200	139.949005
0.184300	198.382996
0.184400	276.294006
0.184500	237.337997
0.184600	81.515099
0.184700	-74.308197
0.184800	-45.091400
0.184900	-35.352402
0.185000	81.515099
0.185100	-54.830299
0.185200	-35.352402
0.185300	-35.352402
0.185400	-15.874500
0.185500	3.603410
0.185600	42.559200
0.185700	42.559200
0.185800	-35.352402
0.185900	-54.830299
0.186000	42.559200
0.186100	42.559200
0.186200	100.992996
0.186300	198.382996
0.186400	120.471001
0.186500	81.515099
0.186600	81.515099
0.186700	178.904999
0.186800	100.992996
0.186900	-123.002998
0.187000	42.559200
0.187100	120.471001
0.187200	23.081301
0.187300	-35.352402
0.187400	42.559200
0.187500	3.603410
0.187600	-15.874500
0.187700	42.559200
0.187800	-35.352402
0.187900	-152.220001
0.188000	-74.308197
0.188100	13.342400
0.188200	-35.352402
0.188300	-74.308197
0.188400	-74.308197
0.188500	-113.264000
0.188600	-35.352402
0.188700	42.559200
0.188800	23.081301
0.188900	-35.352402
0.189000	23.081301
0.189100	-35.352402
0.189200	23.081301
0.189300	42.559200
0.189400	42.559200
0.189500	-74.308197
0.189600	-35.352402
0.189700	-74.308197
0.189800	42.559200
0.189900	139.949005
0.190000	256.816010
0.190100	120.471001
0.190200	-15.874500
0.190300	120.471001
0.190400	139.949005
0.190500	-35.352402
0.190600	-15.874500
0.190700	23.081301
0.190800	-74.308197
0.190900	-54.830299
0.191000	32.820301
0.191100	42.559200
0.191200	3.603410
0.191300	-74.308197
0.191400	-54.830299
0.191500	81.515099
0.191600	3.603410
0.191700	-54.830299
0.191800	23.081301
0.191900	-15.874500
0.192000	-15.874500
0.192100	-35.352402
0.192200	-35.352402
0.192300	-35.352402
0.192400	3.603410
0.192500	32.820301
0.192600	-15.874500
0.192700	42.559200
0.192800	81.515099
0.192900	120.471001
0.193000	276.294006
0.193100	159.427002
0.193200	120.471001
0.193300	100.992996
0.193400	237.337997
0.193500	42.559200
0.193600	-113.264000
0.193700	23.081301
0.193800	120.471001
0.193900	-15.874500
0.194000	-35.352402
0.194100	81.515099
0.194200	42.559200
0.194300	3.603410
0.194400	-35.352402
0.194500	-35.352402
0.194600	-35.352402
0.194700	3.603410
0.194800	42.559200
0.194900	3.603410
0.195000	3.603410
0.195100	-35.352402
0.195200	3.603410
0.195300	-113.264000
0.195400	-84.047203
0.195500	100.992996
0.195600	120.471001
0.195700	120.471001
0.195800	159.427002
0.195900	42.559200
0.196000	42.559200
0.196100	100.992996
0.196200	13.342400
0.196300	-54.830299
0.196400	42.559200
0.196500	42.559200
0.196600	23.081301
0.196700	-74.308197
0.196800	-35.352402
0.196900	81.515099
0.197000	-64.569298
0.197100	-35.352402
0.197200	3.603410
0.197300	3.603410
0.197400	3.603410
0.197500	-132.742004
0.197600	-113.264000
0.197700	3.603410
0.197800	-54.830299
0.197900	-35.352402
0.198000	-54.830299
0.198100	42.559200
0.198200	-35.352402
0.198300	-74.308197
0.198400	-35.352402
0.198500	42.559200
0.198600	42.559200
0.198700	81.515099
0.198800	3.603410
0.198900	13.342400
0.199000	-210.654007
0.199100	-132.742004
0.199200	-93.786201
0.199300	-54.830299
0.199400	81.515099
0.199500	3.603410
0.199600	-74.308197
0.199700	-113.264000
0.199800	-74.308197
0.199900	-113.264000
0.200000	-191.175995
0.200100	-93.786201
0.200200	-35.352402
0.200300	-113.264000
0.200400	-15.874500
0.200500	42.559200
0.200600	-35.352402
0.200700	-152.220001
0.200800	-171.697998
0.200900	-113.264000
0.201000	-35.352402
0.201100	-35.352402
0.201200	-15.874500
0.201300	-35.352402
0.201400	-35.352402
0.201500	42.559200
0.201600	81.515099
0.201700	100.992996
0.201800	42.559200
0.201900	-113.264000
0.202000	23.081301
0.202100	100.992996
0.202200	42.559200
0.202300	120.471001
0.202400	139.949005
0.202500	42.559200
0.202600	-35.352402
0.202700	42.559200
0.202800	81.515099
0.202900	-35.352402
0.203000	23.081301
0.203100	81.515099
0.203200	3.603410
0.203300	-123.002998
0.203400	-152.220001
0.203500	-74.308197
0.203600	-35.352402
0.203700	-132.742004
0.203800	-191.175995
0.203900	-45.091400
0.204000	23.081301
0.204100	-35.352402
0.204200	-35.352402
0.204300	42.559200
0.204400	42.559200
0.204500	23.081301
0.204600	-35.352402
0.204700	-15.874500
0.204800	81.515099
0.204900	-35.352402
0.205000	42.559200
0.205100	237.337997
0.205200	139.949005
0.205300	42.559200
0.205400	110.732002
0.205500	178.904999
0.205600	-15.874500
0.205700	-113.264000
0.205800	-54.830299
0.205900	3.603410
0.206000	-35.352402
0.206100	-152.220001
0.206200	-152.220001
0.206300	-35.352402
0.206400	-35.352402
0.206500	-54.830299
0.206600	-54.830299
0.206700	-35.352402
0.206800	3.603410
0.206900	3.603410
0.207000	23.081301
0.207100	3.603410
0.207200	3.603410
0.207300	81.515099
0.207400	120.471001
0.207500	159.427002
0.207600	81.515099
0.207700	13.342400
0.207800	-113.264000
0.207900	-152.220001
0.208000	-74.308197
0.208100	3.603410
0.208200	3.603410
0.208300	81.515099
0.208400	42.559200
0.208500	100.992996
0.208600	62.037201
0.208700	-113.264000
0.208800	-74.308197
0.208900	23.081301
0.209000	100.992996
0.209100	81.515099
0.209200	159.427002
0.209300	120.471001
0.209400	120.471001
0.209500	120.471001
0.209600	139.949005
0.209700	295.772003
0.209800	315.250000
0.209900	237.337997
0.210000	100.992996
0.210100	120.471001
0.210200	23.081301
0.210300	-54.830299
0.210400	-35.352402
0.210500	3.603410
0.210600	-35.352402
0.210700	-132.742004
0.210800	-113.264000
0.210900	-35.352402
0.211000	-113.264000
0.211100	-74.308197
0.211200	-74.308197
0.211300	-93.786201
0.211400	3.603410
0.211500	3.603410
0.211600	42.559200
0.211700	23.081301
0.211800	42.559200
0.211900	198.382996
0.212000	198.382996
0.212100	23.081301
0.212200	81.515099
0.212300	120.471001
0.212400	81.515099
0.212500	100.992996
0.212600	120.471001
0.212700	42.559200
0.212800	-54.830299
0.212900	-35.352402
0.213000	-35.352402
0.213100	-35.352402
0.213200	-74.308197
0.213300	-35.352402
0.213400	62.037201
0.213500	42.559200
0.213600	23.081301
0.213700	-113.264000
0.213800	-35.352402
0.213900	-35.352402
0.214000	-152.220001
0.214100	-113.264000
0.214200	-15.874500
0.214300	42.559200
0.214400	-54.830299
0.214500	-113.264000
0.214600	3.603410
0.214700	3.603410
0.214800	-54.830299
0.214900	-54.830299
0.215000	-15.874500
0.215100	-74.308197
0.215200	-15.874500
0.215300	62.037201
0.215400	3.603410
0.215500	42.559200
0.215600	120.471001
0.215700	139.949005
0.215800	42.559200
0.215900	42.559200
0.216000	-35.352402
0.216100	-113.264000
0.216200	-35.352402
0.216300	42.559200
0.216400	-74.308197
0.216500	-191.175995
0.216600	-191.175995
0.216700	-54.830299
0.216800	-35.352402
0.216900	-54.830299
0.217000	-113.264000
0.217100	-113.264000
0.217200	-132.742004
0.217300	-132.742004
0.217400	-54.830299
0.217500	42.559200
0.217600	42.559200
0.217700	-74.308197
0.217800	-113.264000
0.217900	-191.175995
0.218000	-54.830299
0.218100	81.515099
0.218200	42.559200
0.218300	-35.352402
0.218400	3.603410
0.218500	139.949005
0.218600	198.382996
0.218700	120.471001
0.218800	100.992996
0.218900	159.427002
0.219000	139.949005
0.219100	42.559200
0.219200	178.904999
0.219300	217.860001
0.219400	120.471001
0.219500	42.559200
0.219600	32.820301
0.219700	-15.874500
0.219800	-35.352402
0.219900	-74.308197
0.220000	-35.352402
0.220100	-132.742004
0.220200	-74.308197
0.220300	-54.830299
0.220400	-84.047203
0.220500	-35.352402
0.220600	-54.830299
0.220700	-54.830299
0.220800	-74.308197
0.220900	-152.220001
0.221000	-132.742004
0.221100	-93.786201
0.221200	81.515099
0.221300	-54.830299
0.221400	-210.654007
0.221500	-210.654007
0.221600	-74.308197
0.221700	42.559200
0.221800	3.603410
0.221900	-6.135540
0.222000	-35.352402
0.222100	-15.874500
0.222200	-123.002998
0.222300	-84.047203
0.222400	81.515099
0.222500	120.471001
0.222600	100.992996
0.222700	159.427002
0.222800	100.992996
0.222900	198.382996
0.223000	120.471001
0.223100	81.515099
0.223200	3.603410
0.223300	13.342400
0.223400	23.081301
0.223500	-45.091400
0.223600	-54.830299
0.223700	-35.352402
0.223800	81.515099
0.223900	3.603410
0.224000	-191.175995
0.224100	-152.220001
0.224200	-35.352402
0.224300	3.603410
0.224400	-15.874500
0.224500	-54.830299
0.224600	-113.264000
0.224700	-15.874500
0.224800	42.559200
0.224900	-191.175995
0.225000	-113.264000
0.225100	81.515099
0.225200	32.820301
0.225300	-191.175995
0.225400	-230.132004
0.225500	-54.830299
0.225600	81.515099
0.225700	42.559200
0.225800	-35.352402
0.225900	42.559200
0.226000	159.427002
0.226100	159.427002
0.226200	3.603410
0.226300	-35.352402
0.226400	-35.352402
0.226500	3.603410
0.226600	42.559200
0.226700	-35.352402
0.226800	-54.830299
0.226900	-35.352402
0.227000	42.559200
0.227100	-74.308197
0.227200	-152.220001
0.227300	-152.220001
0.227400	-74.308197
0.227500	-132.742004
0.227600	-152.220001
0.227700	-35.352402
0.227800	120.471001
0.227900	3.603410
0.228000	-74.308197
0.228100	-152.220001
0.228200	-54.830299
0.228300	42.559200
0.228400	100.992996
0.228500	-6.135540
0.228600	-35.352402
0.228700	100.992996
0.228800	295.772003
0.228900	81.515099
0.229000	100.992996
0.229100	100.992996
0.229200	23.081301
0.229300	-93.786201
0.229400	3.603410
0.229500	23.081301
0.229600	32.820301
0.229700	3.603410
0.229800	23.081301
0.229900	81.515099
0.230000	-15.874500
0.230100	-35.352402
0.230200	3.603410
0.230300	-74.308197
0.230400	-54.830299
0.230500	42.559200
0.230600	23.081301
0.230700	3.603410
0.230800	-35.352402
0.230900	-45.091400
0.231000	-35.352402
0.231100	-113.264000
0.231200	-113.264000
0.231300	-35.352402
0.231400	-54.830299
0.231500	-74.308197
0.231600	-35.352402
0.231700	3.603410
0.231800	159.427002
0.231900	178.904999
0.232000	120.471001
0.232100	100.992996
0.232200	159.427002
0.232300	256.816010
0.232400	159.427002
0.232500	42.559200
0.232600	42.559200
0.232700	23.081301
0.232800	3.603410
0.232900	-113.264000
0.233000	-35.352402
0.233100	32.820301
0.233200	-35.352402
0.233300	-113.264000
0.233400	-74.308197
0.233500	-54.830299
0.233600	-142.481003
0.233700	-54.830299
0.233800	3.603410
0.233900	-35.352402
0.234000	23.081301
0.234100	3.603410
0.234200	-35.352402
0.234300	3.603410
0.234400	-6.135540
0.234500	81.515099
0.234600	3.603410
0.234700	-64.569298
0.234800	23.081301
0.234900	110.732002
0.235000	159.427002
0.235100	198.382996
0.235200	159.427002
0.235300	42.559200
0.235400	71.776100
0.235500	3.603410
0.235600	-35.352402
0.235700	-35.352402
0.235800	-113.264000
0.235900	-93.786201
0.236000	-54.830299
0.236100	42.559200
0.236200	-35.352402
0.236300	-74.308197
0.236400	-74.308197
0.236500	-35.352402
0.236600	-54.830299
0.236700	-152.220001
0.236800	-191.175995
0.236900	-93.786201
0.237000	-113.264000
0.237100	-113.264000
0.237200	-74.308197
0.237300	42.559200
0.237400	81.515099
0.237500	42.559200
0.237600	42.559200
0.237700	81.515099
0.237800	120.471001
0.237900	198.382996
0.238000	149.688004
0.238100	81.515099
0.238200	42.559200
0.238300	42.559200
0.238400	-15.874500
0.238500	23.081301
0.238600	42.559200
0.238700	-74.308197
0.238800	-191.175995
0.238900	-132.742004
0.239000	-54.830299
0.239100	-113.264000
0.239200	-35.352402
0.239300	-35.352402
0.239400	-74.308197
0.239500	-113.264000
0.239600	-132.742004
0.239700	-113.264000
0.239800	42.559200
0.239900	42.559200
0.240000	42.559200
0.240100	3.603410
0.240200	23.081301
0.240300	81.515099
0.240400	81.515099
0.240500	81.515099
0.240600	81.515099
0.240700	120.471001
0.240800	120.471001
0.240900	-35.352402
0.241000	-35.352402
0.241100	149.688004
0.241200	100.992996
0.241300	-191.175995
0.241400	-74.308197
0.241500	-74.308197
0.241600	-74.308197
0.241700	23.081301
0.241800	100.992996
0.241900	-35.352402
0.242000	-35.352402
0.242100	-35.352402
0.242200	-35.352402
0.242300	-113.264000
0.242400	-132.742004
0.242500	-54.830299
0.242600	-35.352402
0.242700	-35.352402
0.242800	-54.830299
0.242900	-74.308197
0.243000	23.081301
0.243100	120.471001
0.243200	42.559200
0.243300	-123.002998
0.243400	-113.264000
0.243500	81.515099
0.243600	198.382996
0.243700	120.471001
0.243800	3.603410
0.243900	-35.352402
0.244000	42.559200
0.244100	-74.308197
0.244200	-171.697998
0.244300	-113.264000
0.244400	3.603410
0.244500	-35.352402
0.244600	-132.742004
0.244700	-74.308197
0.244800	-54.830299
0.244900	-74.308197
0.245000	-74.308197
0.245100	-15.874500
0.245200	-54.830299
0.245300	-35.352402
0.245400	-74.308197
0.245500	-54.830299
0.245600	-35.352402
0.245700	-152.220001
0.245800	-161.959000
0.245900	-74.308197
0.246000	23.081301
0.246100	-74.308197
0.246200	-74.308197
0.246300	-35.352402
0.246400	-35.352402
0.246500	91.253998
0.246600	120.471001
0.246700	23.081301
0.246800	42.559200
0.246900	42.559200
0.247000	-74.308197
0.247100	-113.264000
0.247200	-74.308197
0.247300	-35.352402
0.247400	-93.786201
0.247500	-74.308197
0.247600	-113.264000
0.247700	-15.874500
0.247800	42.559200
0.247900	3.603410
0.248000	23.081301
0.248100	-35.352402
0.248200	-54.830299
0.248300	-191.175995
0.248400	-113.264000
0.248500	-35.352402
0.248600	-74.308197
0.248700	-93.786201
0.248800	23.081301
0.248900	81.515099
0.249000	81.515099
0.249100	-132.742004
0.249200	-210.654007
0.249300	-74.308197
0.249400	71.776100
0.249500	3.603410
0.249600	-35.352402
0.249700	42.559200
0.249800	139.949005
0.249900	-15.874500
0.250000	-113.264000
0.250100	-15.874500
0.250200	-6.135540
0.250300	-152.220001
0.250400	-191.175995
0.250500	-74.308197
0.250600	-35.352402
0.250700	-35.352402
0.250800	-93.786201
0.250900	-54.830299
0.251000	-54.830299
0.251100	-54.830299
0.251200	-35.352402
0.251300	-35.352402
0.251400	-74.308197
0.251500	-191.175995
0.251600	-230.132004
0.251700	-132.742004
0.251800	-35.352402
0.251900	-35.352402
0.252000	-93.786201
0.252100	-113.264000
0.252200	42.559200
0.252300	42.559200
0.252400	81.515099
0.252500	42.559200
0.252600	42.559200
0.252700	120.471001
0.252800	81.515099
0.252900	-113.264000
0.253000	-74.308197
0.253100	-35.352402
0.253200	-54.830299
0.253300	-113.264000
0.253400	-35.352402
0.253500	-35.352402
0.253600	-74.308197
0.253700	-132.742004
0.253800	-191.175995
0.253900	-152.220001
0.254000	-74.308197
0.254100	-45.091400
0.254200	-171.697998
0.254300	-132.742004
0.254400	3.603410
0.254500	-74.308197
0.254600	-132.742004
0.254700	-35.352402
0.254800	42.559200
0.254900	42.559200
0.255000	81.515099
0.255100	81.515099
0.255200	42.559200
0.255300	-35.352402
0.255400	-35.352402
0.255500	42.559200
0.255600	23.081301
0.255700	-35.352402
0.255800	-74.308197
0.255900	-35.352402
0.256000	13.342400
0.256100	-35.352402
0.256200	-132.742004
0.256300	-113.264000
0.256400	-132.742004
0.256500	-191.175995
0.256600	-132.742004
0.256700	-113.264000
0.256800	-113.264000
0.256900	-113.264000
0.257000	-45.091400
0.257100	23.081301
0.257200	3.603410
0.257300	-74.308197
0.257400	-74.308197
0.257500	-35.352402
0.257600	42.559200
0.257700	100.992996
0.257800	42.559200
0.257900	81.515099
0.258000	42.559200
0.258100	91.253998
0.258200	42.559200
0.258300	42.559200
0.258400	81.515099
0.258500	81.515099
0.258600	-74.308197
0.258700	-74.308197
0.258800	-74.308197
0.258900	-113.264000
0.259000	-35.352402
0.259100	-93.786201
0.259200	-54.830299
0.259300	-113.264000
0.259400	-35.352402
0.259500	-113.264000
0.259600	-123.002998
0.259700	-35.352402
0.259800	-54.830299
0.259900	-191.175995
0.260000	-230.132004
0.260100	-35.352402
0.260200	42.559200
0.260300	42.559200
0.260400	-35.352402
0.260500	-35.352402
0.260600	42.559200
0.260700	3.603410
0.260800	-6.135540
0.260900	-6.135540
0.261000	42.559200
0.261100	159.427002
0.261200	159.427002
0.261300	42.559200
0.261400	3.603410
0.261500	23.081301
0.261600	23.081301
0.261700	3.603410
0.261800	-35.352402
0.261900	-35.352402
0.262000	3.603410
0.262100	110.732002
0.262200	-35.352402
0.262300	-74.308197
0.262400	-35.352402
0.262500	-35.352402
0.262600	-152.220001
0.262700	-152.220001
0.262800	-132.742004
0.262900	-35.352402
0.263000	-35.352402
0.263100	-152.220001
0.263200	-210.654007
0.263300	-74.308197
0.263400	-6.135540
0.263500	3.603410
0.263600	-35.352402
0.263700	42.559200
0.263800	3.603410
0.263900	42.559200
0.264000	23.081301
0.264100	23.081301
0.264200	100.992996
0.264300	42.559200
0.264400	3.603410
0.264500	-35.352402
0.264600	42.559200
0.264700	13.342400
0.264800	-35.352402
0.264900	-113.264000
0.265000	-84.047203
0.265100	-35.352402
0.265200	-54.830299
0.265300	-152.220001
0.265400	3.603410
0.265500	42.559200
0.265600	3.603410
0.265700	-113.264000
0.265800	-113.264000
0.265900	13.342400
0.266000	42.559200
0.266100	42.559200
0.266200	-113.264000
0.266300	-74.308197
0.266400	42.559200
0.266500	3.603410
0.266600	23.081301
0.266700	23.081301
0.266800	23.081301
0.266900	42.559200
0.267000	120.471001
0.267100	32.820301
0.267200	42.559200
0.267300	120.471001
0.267400	42.559200
0.267500	81.515099
0.267600	120.471001
0.267700	3.603410
0.267800	-74.308197
0.267900	23.081301
0.268000	3.603410
0.268100	-35.352402
0.268200	-35.352402
0.268300	-54.830299
0.268400	-35.352402
0.268500	42.559200
0.268600	23.081301
0.268700	-35.352402
0.268800	-132.742004
0.268900	-113.264000
0.269000	23.081301
0.269100	3.603410
0.269200	3.603410
0.269300	-74.308197
0.269400	-191.175995
0.269500	-74.308197
0.269600	-6.135540
0.269700	100.992996
0.269800	42.559200
0.269900	-15.874500
0.270000	42.559200
0.270100	81.515099
0.270200	81.515099
0.270300	3.603410
0.270400	-35.352402
0.270500	-113.264000
0.270600	-113.264000
0.270700	-74.308197
0.270800	-113.264000
0.270900	-74.308197
0.271000	-6.135540
0.271100	-74.308197
0.271200	-191.175995
0.271300	-171.697998
0.271400	-152.220001
0.271500	-35.352402
0.271600	-74.308197
0.271700	-74.308197
0.271800	23.081301
0.271900	-54.830299
0.272000	-15.874500
0.272100	-35.352402
0.272200	3.603410
0.272300	120.471001
0.272400	198.382996
0.272500	81.515099
0.272600	120.471001
0.272700	100.992996
0.272800	42.559200
0.272900	23.081301
0.273000	-54.830299
0.273100	-161.959000
0.273200	-6.135540
0.273300	81.515099
0.273400	81.515099
0.273500	-35.352402
0.273600	-113.264000
0.273700	-191.175995
0.273800	-191.175995
0.273900	-113.264000
0.274000	-113.264000
0.274100	-113.264000
0.274200	-54.830299
0.274300	-35.352402
0.274400	81.515099
0.274500	3.603410
0.274600	-74.308197
0.274700	-74.308197
0.274800	-35.352402
0.274900	-113.264000
0.275000	-6.135540
0.275100	-15.874500
0.275200	81.515099
0.275300	100.992996
0.275400	81.515099
0.275500	23.081301
0.275600	120.471001
0.275700	81.515099
0.275800	3.603410
0.275900	32.820301
0.276000	42.559200
0.276100	-54.830299
0.276200	3.603410
0.276300	-35.352402
0.276400	-113.264000
0.276500	-74.308197
0.276600	3.603410
0.276700	23.081301
0.276800	-152.220001
0.276900	-132.742004
0.277000	-45.091400
0.277100	-74.308197
0.277200	-123.002998
0.277300	-132.742004
0.277400	-113.264000
0.277500	-152.220001
0.277600	-113.264000
0.277700	-74.308197
0.277800	-74.308197
0.277900	-35.352402
0.278000	3.603410
0.278100	-113.264000
0.278200	-132.742004
0.278300	42.559200
0.278400	81.515099
0.278500	81.515099
0.278600	-15.874500
0.278700	42.559200
0.278800	42.559200
0.278900	-152.220001
0.279000	-113.264000
0.279100	-15.874500
0.279200	3.603410
0.279300	-35.352402
0.279400	-74.308197
0.279500	-54.830299
0.279600	-35.352402
0.279700	23.081301
0.279800	-15.874500
0.279900	-35.352402
0.280000	-35.352402
0.280100	-152.220001
0.280200	-113.264000
0.280300	-113.264000
0.280400	-171.697998
0.280500	-132.742004
0.280600	-74.308197
0.280700	-54.830299
0.280800	-35.352402
0.280900	-35.352402
0.281000	-54.830299
0.281100	-113.264000
0.281200	3.603410
0.281300	81.515099
0.281400	81.515099
0.281500	3.603410
0.281600	-74.308197
0.281700	-152.220001
0.281800	3.603410
0.281900	198.382996
0.282000	120.471001
0.282100	42.559200
0.282200	100.992996
0.282300	81.515099
0.282400	-35.352402
0.282500	42.559200
0.282600	3.603410
0.282700	-74.308197
0.282800	-6.135540
0.282900	-113.264000
0.283000	-35.352402
0.283100	-35.352402
0.283200	-93.786201
0.283300	-113.264000
0.283400	-74.308197
0.283500	42.559200
0.283600	42.559200
0.283700	-35.352402
0.283800	-113.264000
0.283900	-113.264000
0.284000	-35.352402
0.284100	42.559200
0.284200	42.559200
0.284300	-35.352402
0.284400	42.559200
0.284500	42.559200
0.284600	42.559200
0.284700	71.776100
0.284800	120.471001
0.284900	120.471001
0.285000	100.992996
0.285100	42.559200
0.285200	120.471001
0.285300	159.427002
0.285400	159.427002
0.285500	198.382996
0.285600	139.949005
0.285700	42.559200
0.285800	23.081301
0.285900	81.515099
0.286000	-35.352402
0.286100	-35.352402
0.286200	-35.352402
0.286300	-54.830299
0.286400	-113.264000
0.286500	81.515099
0.286600	100.992996
0.286700	-74.308197
0.286800	-35.352402
0.286900	-113.264000
0.287000	-35.352402
0.287100	-35.352402
0.287200	23.081301
0.287300	3.603410
0.287400	-35.352402
0.287500	-54.830299
0.287600	-113.264000
0.287700	-35.352402
0.287800	42.559200
0.287900	3.603410
0.288000	23.081301
0.288100	-35.352402
0.288200	42.559200
0.288300	81.515099
0.288400	100.992996
0.288500	198.382996
0.288600	120.471001
0.288700	42.559200
0.288800	23.081301
0.288900	-132.742004
0.289000	3.603410
0.289100	42.559200
0.289200	3.603410
0.289300	-35.352402
0.289400	-35.352402
0.289500	42.559200
0.289600	42.559200
0.289700	3.603410
0.289800	3.603410
0.289900	-35.352402
0.290000	-35.352402
0.290100	42.559200
0.290200	42.559200
0.290300	81.515099
0.290400	-132.742004
0.290500	-152.220001
0.290600	-74.308197
0.290700	-35.352402
0.290800	-35.352402
0.290900	81.515099
0.291000	100.992996
0.291100	81.515099
0.291200	42.559200
0.291300	81.515099
0.291400	42.559200
0.291500	-35.352402
0.291600	42.559200
0.291700	120.471001
0.291800	42.559200
0.291900	42.559200
0.292000	3.603410
0.292100	-35.352402
0.292200	-74.308197
0.292300	-35.352402
0.292400	-74.308197
0.292500	-74.308197
0.292600	-132.742004
0.292700	-132.742004
0.292800	-54.830299
0.292900	-45.091400
0.293000	32.820301
0.293100	3.603410
0.293200	-113.264000
0.293300	-35.352402
0.293400	-45.091400
0.293500	-45.091400
0.293600	-35.352402
0.293700	-54.830299
0.293800	-35.352402
0.293900	-74.308197
0.294000	-74.308197
0.294100	-35.352402
0.294200	-6.135540
0.294300	42.559200
0.294400	42.559200
0.294500	3.603410
0.294600	42.559200
0.294700	42.559200
0.294800	3.603410
0.294900	42.559200
0.295000	120.471001
0.295100	139.949005
0.295200	3.603410
0.295300	32.820301
0.295400	120.471001
0.295500	42.559200
0.295600	-132.742004
0.295700	-113.264000
0.295800	-15.874500
0.295900	3.603410
0.296000	-35.352402
0.296100	-132.742004
0.296200	-113.264000
0.296300	42.559200
0.296400	42.559200
0.296500	-74.308197
0.296600	-6.135540
0.296700	-35.352402
0.296800	-200.914993
0.296900	-132.742004
0.297000	-113.264000
0.297100	-35.352402
0.297200	3.603410
0.297300	-35.352402
0.297400	3.603410
0.297500	100.992996
0.297600	198.382996
0.297700	120.471001
0.297800	159.427002
0.297900	120.471001
0.298000	139.949005
0.298100	81.515099
0.298200	-6.135540
0.298300	-35.352402
0.298400	-35.352402
0.298500	-35.352402
0.298600	-74.308197
0.298700	-35.352402
0.298800	-35.352402
0.298900	-35.352402
0.299000	-74.308197
0.299100	-152.220001
0.299200	-113.264000
0.299300	-35.352402
0.299400	-35.352402
0.299500	-191.175995
0.299600	-230.132004
0.299700	-123.002998
0.299800	-54.830299
0.299900	-74.308197
