-0.050000	1.884040
-0.049900	-0.041725
-0.049800	0.921155
-0.049700	-1.004600
-0.049600	-1.004600
-0.049500	-0.041725
-0.049400	2.365480
-0.049300	-0.523165
-0.049200	2.846920
-0.049100	1.402600
-0.049000	-1.004600
-0.048900	1.884040
-0.048800	6.698440
-0.048700	3.328360
-0.048600	-0.041725
-0.048500	-1.004600
-0.048400	-1.486040
-0.048300	1.884040
-0.048200	2.846920
-0.048100	-0.041725
-0.048000	2.846920
-0.047900	2.846920
-0.047800	-1.967480
-0.047700	-4.374680
-0.047600	-3.893240
-0.047500	-2.930360
-0.047400	5.735560
-0.047300	6.698440
-0.047200	-0.041725
-0.047100	-1.004600
-0.047000	-0.041725
-0.046900	-2.930360
-0.046800	-0.041725
-0.046700	0.921155
-0.046600	2.846920
-0.046500	3.809800
-0.046400	-1.004600
-0.046300	-3.893240
-0.046200	-1.004600
-0.046100	-0.041725
-0.046000	-1.004600
-0.045900	-1.004600
-0.045800	1.884040
-0.045700	3.328360
-0.045600	5.735560
-0.045500	2.365480
-0.045400	-4.856120
-0.045300	-4.856120
-0.045200	-2.930360
-0.045100	-1.967480
-0.045000	-0.523165
-0.044900	0.921155
-0.044800	-1.004600
-0.044700	-1.004600
-0.044600	3.809800
-0.044500	3.809800
-0.044400	0.921155
-0.044300	-0.041725
-0.044200	-1.004600
-0.044100	-2.448920
-0.044000	1.884040
-0.043900	8.624200
-0.043800	1.884040
-0.043700	-4.856120
-0.043600	-1.004600
-0.043500	2.846920
-0.043400	5.735560
-0.043300	3.328360
-0.043200	-1.004600
-0.043100	-0.041725
-0.043000	4.772680
-0.042900	1.884040
-0.042800	-0.041725
-0.042700	-2.448920
-0.042600	-0.041725
-0.042500	0.921155
-0.042400	-4.856120
-0.042300	-2.930360
-0.042200	2.846920
-0.042100	-1.967480
-0.042000	-2.930360
-0.041900	-2.448920
-0.041800	-4.856120
-0.041700	-2.930360
-0.041600	-0.523165
-0.041500	-1.004600
-0.041400	1.884040
-0.041300	-2.930360
-0.041200	-4.856120
-0.041100	-1.967480
-0.041000	0.439715
-0.040900	1.884040
-0.040800	0.921155
-0.040700	-2.930360
-0.040600	-2.930360
-0.040500	-3.893240
-0.040400	-2.930360
-0.040300	-2.930360
-0.040200	-5.819000
-0.040100	-4.374680
-0.040000	-0.041725
-0.039900	1.884040
-0.039800	-1.967480
-0.039700	-4.374680
-0.039600	-2.930360
-0.039500	1.884040
-0.039400	2.846920
-0.039300	4.291240
-0.039200	0.921155
-0.039100	-1.004600
-0.039000	1.884040
-0.038900	-0.041725
-0.038800	-4.856120
-0.038700	-2.930360
-0.038600	-2.448920
-0.038500	-2.448920
-0.038400	3.809800
-0.038300	1.402600
-0.038200	-2.448920
-0.038100	2.846920
-0.038000	5.254120
-0.037900	0.921155
-0.037800	-4.856120
-0.037700	-4.374680
-0.037600	-1.967480
-0.037500	-0.041725
-0.037400	-1.967480
-0.037300	-1.967480
-0.037200	-2.448920
-0.037100	-1.004600
-0.037000	-1.967480
-0.036900	0.921155
-0.036800	-1.004600
-0.036700	-3.893240
-0.036600	0.921155
-0.036500	3.809800
-0.036400	2.846920
-0.036300	5.254120
-0.036200	7.179880
-0.036100	2.846920
-0.036000	1.884040
-0.035900	2.846920
-0.035800	0.921155
-0.035700	1.402600
-0.035600	0.921155
-0.035500	-0.523165
-0.035400	2.846920
-0.035300	8.624200
-0.035200	4.291240
-0.035100	-4.856120
-0.035000	0.921155
-0.034900	3.328360
-0.034800	-1.004600
-0.034700	-1.004600
-0.034600	1.884040
-0.034500	2.846920
-0.034400	0.921155
-0.034300	3.809800
-0.034200	2.846920
-0.034100	2.846920
-0.034000	-0.041725
-0.033900	-2.930360
-0.033800	-0.523165
-0.033700	1.402600
-0.033600	-0.041725
-0.033500	-3.893240
-0.033400	-4.856120
-0.033300	-1.967480
-0.033200	0.921155
-0.033100	-3.893240
-0.033000	-4.856120
-0.032900	-0.523165
-0.032800	0.921155
-0.032700	-1.967480
-0.032600	-2.930360
-0.032500	1.884040
-0.032400	0.921155
-0.032300	-1.967480
-0.032200	-1.967480
-0.032100	-1.967480
-0.032000	-1.967480
-0.031900	-0.523165
-0.031800	-2.930360
-0.031700	-1.004600
-0.031600	-1.004600
-0.031500	-0.041725
-0.031400	-2.448920
-0.031300	-1.967480
-0.031200	-1.004600
-0.031100	-1.967480
-0.031000	-0.041725
-0.030900	-1.967480
-0.030800	-0.523165
-0.030700	0.921155
-0.030600	0.921155
-0.030500	3.809800
-0.030400	1.402600
-0.030300	-1.004600
-0.030200	-2.930360
-0.030100	2.846920
-0.030000	7.661320
-0.029900	3.809800
-0.029800	-0.523165
-0.029700	1.402600
-0.029600	2.846920
-0.029500	1.402600
-0.029400	1.884040
-0.029300	3.809800
-0.029200	1.884040
-0.029100	1.884040
-0.029000	2.846920
-0.028900	-1.004600
-0.028800	-3.893240
-0.028700	-2.448920
-0.028600	0.921155
-0.028500	-2.448920
-0.028400	-4.856120
-0.028300	-0.041725
-0.028200	1.884040
-0.028100	-0.041725
-0.028000	-3.893240
-0.027900	-2.930360
-0.027800	-0.041725
-0.027700	-0.041725
-0.027600	-1.004600
-0.027500	-2.930360
-0.027400	-1.967480
-0.027300	-1.486040
-0.027200	-2.930360
-0.027100	0.921155
-0.027000	1.884040
-0.026900	2.846920
-0.026800	-1.967480
-0.026700	-3.893240
-0.026600	1.402600
-0.026500	-0.523165
-0.026400	-4.856120
-0.026300	-2.930360
-0.026200	-1.004600
-0.026100	0.921155
-0.026000	4.772680
-0.025900	-0.523165
-0.025800	-3.893240
-0.025700	-1.004600
-0.025600	0.921155
-0.025500	2.846920
-0.025400	1.884040
-0.025300	1.402600
-0.025200	-0.041725
-0.025100	0.921155
-0.025000	-1.004600
-0.024900	-3.893240
-0.024800	-1.967480
-0.024700	-0.041725
-0.024600	1.884040
-0.024500	1.884040
-0.024400	0.921155
-0.024300	3.328360
-0.024200	3.809800
-0.024100	-1.004600
-0.024000	-6.300440
-0.023900	-3.893240
-0.023800	-1.967480
-0.023700	0.439715
-0.023600	0.921155
-0.023500	-2.930360
-0.023400	-2.448920
-0.023300	2.846920
-0.023200	3.809800
-0.023100	3.328360
-0.023000	-0.041725
-0.022900	-4.856120
-0.022800	-4.856120
-0.022700	-3.893240
-0.022600	-3.411800
-0.022500	0.921155
-0.022400	2.846920
-0.022300	1.884040
-0.022200	-1.004600
-0.022100	-1.004600
-0.022000	4.291240
-0.021900	12.957200
-0.021800	18.253000
-0.021700	20.178801
-0.021600	14.401500
-0.021500	15.364400
-0.021400	12.475700
-0.021300	2.846920
-0.021200	1.884040
-0.021100	2.846920
-0.021000	2.846920
-0.020900	2.846920
-0.020800	6.698440
-0.020700	5.735560
-0.020600	1.402600
-0.020500	-1.004600
-0.020400	-1.004600
-0.020300	-1.004600
-0.020200	-4.856120
-0.020100	-2.930360
-0.020000	-0.523165
-0.019900	-2.930360
-0.019800	-2.930360
-0.019700	4.772680
-0.019600	9.587080
-0.019500	9.587080
-0.019400	6.698440
-0.019300	1.884040
-0.019200	1.402600
-0.019100	4.772680
-0.019000	11.512800
-0.018900	11.994300
-0.018800	5.735560
-0.018700	-0.041725
-0.018600	4.291240
-0.018500	5.254120
-0.018400	1.402600
-0.018300	-0.041725
-0.018200	2.846920
-0.018100	-2.930360
-0.018000	-4.856120
-0.017900	-4.856120
-0.017800	-4.374680
-0.017700	-1.967480
-0.017600	-1.004600
-0.017500	-4.856120
-0.017400	-4.374680
-0.017300	-1.004600
-0.017200	-1.004600
-0.017100	-0.041725
-0.017000	5.735560
-0.016900	-0.041725
-0.016800	-0.041725
-0.016700	4.772680
-0.016600	2.846920
-0.016500	-1.967480
-0.016400	-1.004600
-0.016300	-0.041725
-0.016200	-0.041725
-0.016100	0.921155
-0.016000	-1.967480
-0.015900	-1.004600
-0.015800	4.772680
-0.015700	4.772680
-0.015600	-1.004600
-0.015500	-2.930360
-0.015400	1.402600
-0.015300	-1.004600
-0.015200	-3.411800
-0.015100	-4.856120
-0.015000	-3.893240
-0.014900	-4.374680
-0.014800	-2.930360
-0.014700	-5.819000
-0.014600	-3.893240
-0.014500	-0.523165
-0.014400	-4.856120
-0.014300	-8.707640
-0.014200	-4.856120
-0.014100	-1.004600
-0.014000	-1.004600
-0.013900	-1.004600
-0.013800	-2.930360
-0.013700	-5.819000
-0.013600	-3.893240
-0.013500	-0.041725
-0.013400	-4.856120
-0.013300	-5.819000
-0.013200	-4.374680
-0.013100	-1.486040
-0.013000	-5.819000
-0.012900	-6.781880
-0.012800	-3.411800
-0.012700	-1.004600
-0.012600	-2.930360
-0.012500	-1.004600
-0.012400	-2.930360
-0.012300	-1.004600
-0.012200	4.772680
-0.012100	4.772680
-0.012000	-2.930360
-0.011900	-2.930360
-0.011800	-2.930360
-0.011700	-0.041725
-0.011600	-4.856120
-0.011500	-7.744760
-0.011400	-3.893240
-0.011300	-2.930360
-0.011200	-3.893240
-0.011100	-1.967480
-0.011000	-6.781880
-0.010900	-8.707640
-0.010800	-3.893240
-0.010700	-0.041725
-0.010600	-1.004600
-0.010500	-1.004600
-0.010400	-1.004600
-0.010300	-0.041725
-0.010200	-1.967480
-0.010100	0.921155
-0.010000	-4.856120
-0.009900	-6.781880
-0.009800	-2.930360
-0.009700	-1.004600
-0.009600	-1.004600
-0.009500	1.884040
-0.009400	3.328360
-0.009300	-3.411800
-0.009200	-6.300440
-0.009100	-6.781880
-0.009000	-2.930360
-0.008900	-2.930360
-0.008800	-1.967480
-0.008700	-2.448920
-0.008600	-2.930360
-0.008500	-2.930360
-0.008400	0.921155
-0.008300	-1.004600
-0.008200	2.846920
-0.008100	2.846920
-0.008000	-1.967480
-0.007900	-4.374680
-0.007800	-1.004600
-0.007700	-2.448920
-0.007600	-4.856120
-0.007500	-4.856120
-0.007400	-2.448920
-0.007300	-1.004600
-0.007200	-4.856120
-0.007100	-6.300440
-0.007000	-4.856120
-0.006900	-4.856120
-0.006800	-4.856120
-0.006700	-1.004600
-0.006600	-1.004600
-0.006500	-3.893240
-0.006400	-5.819000
-0.006300	-4.856120
-0.006200	-4.856120
-0.006100	-1.004600
-0.006000	-4.856120
-0.005900	-9.670520
-0.005800	-6.781880
-0.005700	-4.856120
-0.005600	-2.448920
-0.005500	-1.967480
-0.005400	-1.004600
-0.005300	-4.856120
-0.005200	-4.856120
-0.005100	-3.893240
-0.005000	-7.744760
-0.004900	-6.781880
-0.004800	-5.819000
-0.004700	-2.448920
-0.004600	-2.930360
-0.004500	-6.300440
-0.004400	-6.781880
-0.004300	-6.781880
-0.004200	-2.930360
-0.004100	-0.041725
-0.004000	-0.041725
-0.003900	-0.041725
-0.003800	-6.781880
-0.003700	-11.596300
-0.003600	-6.781880
-0.003500	-5.819000
-0.003400	-3.893240
-0.003300	-1.967480
-0.003200	-1.967480
-0.003100	-3.893240
-0.003000	-5.819000
-0.002900	-3.893240
-0.002800	-3.411800
-0.002700	-6.781880
-0.002600	-7.744760
-0.002500	-8.226200
-0.002400	-4.856120
-0.002300	-3.893240
-0.002200	-4.856120
-0.002100	-3.893240
-0.002000	-4.856120
-0.001900	-4.856120
-0.001800	-7.744760
-0.001700	-5.819000
-0.001600	-3.411800
-0.001500	-1.967480
-0.001400	-2.930360
-0.001300	-6.781880
-0.001200	-4.856120
-0.001100	-2.930360
-0.001000	-2.930360
-0.000900	-6.781880
-0.000800	-9.670520
-0.000700	-6.781880
-0.000600	-6.300440
-0.000500	-4.856120
-0.000400	-6.781880
-0.000300	-9.189080
-0.000200	-4.374680
-0.000100	-0.041725
0.000000	-0.041725
0.000100	-1.486040
0.000200	-2.930360
0.000300	-1.967480
0.000400	-1.967480
0.000500	-3.411800
0.000600	-0.041725
0.000700	-1.004600
0.000800	-4.856120
0.000900	-8.707640
0.001000	3.809800
0.001100	28.844700
0.001200	39.917801
0.001300	31.733299
0.001400	10.550000
0.001500	19.215900
0.001600	41.362099
0.001700	9.105640
0.001800	-20.262199
0.001900	-13.522000
0.002000	8.624200
0.002100	7.661320
0.002200	5.735560
0.002300	-3.893240
0.002400	-8.707640
0.002500	-0.523165
0.002600	-2.448920
0.002700	-4.856120
0.002800	2.846920
0.002900	3.809800
0.003000	-8.707640
0.003100	-10.152000
0.003200	-2.448920
0.003300	-15.447800
0.003400	-17.373600
0.003500	-7.744760
0.003600	-6.300440
0.003700	-1.004600
0.003800	-4.856120
0.003900	-35.668301
0.004000	-31.816799
0.004100	4.291240
0.004200	-3.411800
0.004300	-11.114800
0.004400	-4.856120
0.004500	-1.967480
0.004600	0.921155
0.004700	-6.781880
0.004800	-9.670520
0.004900	-2.930360
0.005000	-0.041725
0.005100	-1.004600
0.005200	-5.819000
0.005300	-2.930360
0.005400	2.846920
0.005500	-2.930360
0.005600	-10.633400
0.005700	-3.893240
0.005800	9.105640
0.005900	12.475700
0.006000	9.587080
0.006100	3.809800
0.006200	-4.856120
0.006300	-12.559200
0.006400	-10.152000
0.006500	1.884040
0.006600	10.550000
0.006700	6.698440
0.006800	8.624200
0.006900	5.735560
0.007000	-2.930360
0.007100	-2.930360
0.007200	5.735560
0.007300	10.550000
0.007400	12.475700
0.007500	11.512800
0.007600	8.624200
0.007700	4.772680
0.007800	2.846920
0.007900	4.772680
0.008000	8.624200
0.008100	9.587080
0.008200	18.253000
0.008300	10.550000
0.008400	-5.337560
0.008500	-1.004600
0.008600	2.846920
0.008700	6.698440
0.008800	5.254120
0.008900	2.846920
0.009000	10.550000
0.009100	14.401500
0.009200	9.587080
0.009300	0.921155
0.009400	2.846920
0.009500	3.809800
0.009600	2.846920
0.009700	8.624200
0.009800	10.550000
0.009900	8.624200
0.010000	2.846920
0.010100	-2.930360
0.010200	0.921155
0.010300	-1.004600
0.010400	-2.930360
0.010500	1.884040
0.010600	-1.967480
0.010700	-4.374680
0.010800	-0.041725
0.010900	8.142760
0.011000	7.661320
0.011100	7.661320
0.011200	9.587080
0.011300	1.884040
0.011400	-14.484900
0.011500	-3.893240
0.011600	7.661320
0.011700	-7.744760
0.011800	-6.781880
0.011900	-1.004600
0.012000	-8.707640
0.012100	-14.484900
0.012200	-22.188000
0.012300	-20.262199
0.012400	-27.965200
0.012500	-37.594002
0.012600	-41.445599
0.012700	-53.963001
0.012800	-61.666000
0.012900	-63.591801
0.013000	-54.444401
0.013100	-45.778500
0.013200	-32.298199
0.013300	-39.038399
0.013400	-51.555801
0.013500	-43.371300
0.013600	-16.410700
0.013700	16.808701
0.013800	42.325001
0.013900	42.325001
0.014000	36.547699
0.014100	27.881800
0.014200	0.921155
0.014300	-42.408401
0.014400	-67.443298
0.014500	-77.072098
0.014600	-75.627800
0.014700	-66.480400
0.014800	-44.815601
0.014900	-22.188000
0.015000	-33.742500
0.015100	-45.297100
0.015200	-20.262199
0.015300	15.364400
0.015400	30.770399
0.015500	26.437500
0.015600	20.178801
0.015700	18.253000
0.015800	4.291240
0.015900	-21.706499
0.016000	-30.853901
0.016100	-30.372400
0.016200	-33.742500
0.016300	-37.112598
0.016400	-30.372400
0.016500	-26.039499
0.016600	-50.111500
0.016700	-61.666000
0.016800	-40.964100
0.016900	-9.670520
0.017000	16.327200
0.017100	7.661320
0.017200	-11.596300
0.017300	-20.262199
0.017400	-28.928101
0.017500	-39.519798
0.017600	-45.297100
0.017700	-42.408401
0.017800	-40.964100
0.017900	-34.223999
0.018000	-18.336399
0.018100	-6.781880
0.018200	-18.336399
0.018300	-27.002399
0.018400	-22.188000
0.018500	-33.742500
0.018600	-53.963001
0.018700	-66.961899
0.018800	-73.220596
0.018900	-66.480400
0.019000	-53.000099
0.019100	-56.851601
0.019200	-69.369102
0.019300	-72.257698
0.019400	-78.035004
0.019500	-76.590698
0.019600	-56.851601
0.019700	-42.408401
0.019800	-31.335300
0.019900	-11.114800
0.020000	3.809800
0.020100	-4.856120
0.020200	-23.150801
0.020300	-41.445599
0.020400	-55.888802
0.020500	-56.370201
0.020600	-49.148602
0.020700	-43.371300
0.020800	-51.555801
0.020900	-2.930360
0.021000	97.690598
0.021100	-19.299299
0.021200	-120.402000
0.021300	-43.371300
0.021400	20.178801
0.021500	-18.336399
0.021600	-156.509995
0.021700	-255.686005
0.021800	-215.727005
0.021900	-195.505997
0.022000	-183.951996
0.022100	-195.505997
0.022200	-249.427994
0.022300	-271.092010
0.022400	-272.536987
0.022500	-272.536987
0.022600	-271.574005
0.022700	-266.759003
0.022800	-260.501007
0.022900	-246.539001
0.023000	-209.949997
0.023100	-185.878006
0.023200	-189.248001
0.023300	-189.248001
0.023400	-174.322998
0.023500	-159.397995
0.023600	-165.175995
0.023700	-177.212006
0.023800	-191.654999
0.023900	-205.617004
0.024000	-201.283997
0.024100	-187.322006
0.024200	-187.802994
0.024300	-203.690994
0.024400	-211.875000
0.024500	-208.505005
0.024600	-191.654999
0.024700	-229.207001
0.024800	-286.980011
0.024900	-293.720001
0.025000	-297.571991
0.025100	-308.644989
0.025200	-323.569000
0.025300	-339.937988
0.025400	-349.566986
0.025500	-359.196014
0.025600	-391.933990
0.025700	-431.411987
0.025800	-466.075989
0.025900	-510.850006
0.026000	-556.585999
0.026100	-596.064026
0.026200	-597.508972
0.026300	-574.880981
0.026400	-564.289001
0.026500	-569.104004
0.026600	-571.030029
0.026700	-582.583984
0.026800	-567.177979
0.026900	-535.403015
0.027000	-526.737000
0.027100	-522.403992
0.027200	-519.997009
0.027300	-535.883972
0.027400	-530.588989
0.027500	-522.403992
0.027600	-517.107971
0.027700	-497.368988
0.027800	-507.479004
0.027900	-498.813995
0.028000	-473.778992
0.028100	-467.039001
0.028200	-445.855011
0.028300	-404.933014
0.028400	-324.532013
0.028500	-87.663803
0.028600	82.284500
0.028700	42.806400
0.028800	6.698440
0.028900	2.846920
0.029000	-36.149700
0.029100	-78.035004
0.029200	-99.218399
0.029300	-111.736000
0.029400	-115.586998
0.029500	-108.847000
0.029600	-114.142998
0.029700	-129.067993
0.029800	-158.917007
0.029900	-174.322998
0.030000	-196.468994
0.030100	-226.319000
0.030200	-224.393005
0.030300	-221.503998
0.030400	-221.503998
0.030500	-216.207993
0.030600	-225.837006
0.030700	-238.354996
0.030800	-247.501999
0.030900	-260.501007
0.031000	-273.500000
0.031100	-275.907013
0.031200	-267.721985
0.031300	-267.721985
0.031400	-265.796997
0.031500	-262.907990
0.031600	-272.536987
0.031700	-283.127991
0.031800	-284.091003
0.031900	-268.684998
0.032000	-265.796997
0.032100	-270.610992
0.032200	-266.759003
0.032300	-262.907990
0.032400	-254.242004
0.032500	-249.427994
0.032600	-242.205994
0.032700	-227.281006
0.032800	-221.503998
0.032900	-222.466995
0.033000	-214.764008
0.033100	-206.098007
0.033200	-216.690002
0.033300	-231.132996
0.033400	-225.837006
0.033500	-209.949997
0.033600	-204.171997
0.033700	-206.098007
0.033800	-226.319000
0.033900	-238.835999
0.034000	-235.947006
0.034100	-239.317001
0.034200	-247.983002
0.034300	-257.131012
0.034400	-267.721985
0.034500	-271.092010
0.034600	-282.165985
0.034700	-297.571991
0.034800	-298.535004
0.034900	-283.127991
0.035000	-271.574005
0.035100	-262.907990
0.035200	-259.056000
0.035300	-254.242004
0.035400	-262.907990
0.035500	-274.463013
0.035600	-276.388000
0.035700	-274.463013
0.035800	-261.945007
0.035900	-242.686996
0.036000	-235.947006
0.036100	-239.798996
0.036200	-236.910004
0.036300	-234.022003
0.036400	-228.244003
0.036500	-224.393005
0.036600	-220.541000
0.036700	-211.875000
0.036800	-201.283997
0.036900	-195.505997
0.037000	-191.173004
0.037100	-181.063004
0.037200	-170.470993
0.037300	-155.065002
0.037400	-143.511002
0.037500	-141.585007
0.037600	-141.585007
0.037700	-130.992996
0.037800	-120.402000
0.037900	-110.291000
0.038000	-88.626701
0.038100	-78.035004
0.038200	-78.035004
0.038300	-70.332001
0.038400	-62.147499
0.038500	-55.888802
0.038600	-48.667198
0.038700	-47.222801
0.038800	-45.297100
0.038900	-42.889900
0.039000	-41.445599
0.039100	-36.631199
0.039200	-35.668301
0.039300	-32.779598
0.039400	-34.705399
0.039500	-29.891001
0.039600	-24.113701
0.039700	-27.002399
0.039800	-27.965200
0.039900	-27.965200
0.040000	-29.891001
0.040100	-27.965200
0.040200	-24.595200
0.040300	-22.188000
0.040400	-25.076599
0.040500	-33.742500
0.040600	-30.853901
0.040700	-27.002399
0.040800	-34.705399
0.040900	-26.039499
0.041000	-20.262199
0.041100	-31.335300
0.041200	-38.556900
0.041300	-29.409599
0.041400	-21.706499
0.041500	-21.225100
0.041600	-20.743601
0.041700	-20.262199
0.041800	-24.113701
0.041900	-27.965200
0.042000	-26.039499
0.042100	-20.262199
0.042200	-12.559200
0.042300	-12.559200
0.042400	-12.559200
0.042500	-12.559200
0.042600	-19.299299
0.042700	-25.076599
0.042800	-25.076599
0.042900	-18.336399
0.043000	-15.447800
0.043100	-21.225100
0.043200	-16.410700
0.043300	-14.484900
0.043400	-18.336399
0.043500	-25.558001
0.043600	-21.225100
0.043700	-16.410700
0.043800	-14.003500
0.043900	-14.484900
0.044000	-16.410700
0.044100	-13.522000
0.044200	-10.633400
0.044300	-12.559200
0.044400	-4.856120
0.044500	-5.819000
0.044600	-10.633400
0.044700	-12.559200
0.044800	-16.410700
0.044900	-14.966400
0.045000	-11.596300
0.045100	-11.114800
0.045200	-9.670520
0.045300	-6.781880
0.045400	-8.707640
0.045500	-19.299299
0.045600	-20.743601
0.045700	-16.410700
0.045800	-18.336399
0.045900	-14.484900
0.046000	-7.744760
0.046100	-9.670520
0.046200	-9.670520
0.046300	-4.856120
0.046400	-15.447800
0.046500	-25.558001
0.046600	-30.853901
0.046700	-28.446699
0.046800	-26.039499
0.046900	-29.891001
0.047000	-32.298199
0.047100	-38.556900
0.047200	-37.594002
0.047300	-27.965200
0.047400	-27.965200
0.047500	-37.594002
0.047600	-37.594002
0.047700	-33.742500
0.047800	-29.891001
0.047900	-30.853901
0.048000	-30.853901
0.048100	-27.002399
0.048200	-30.853901
0.048300	-43.371300
0.048400	-59.740299
0.048500	-96.329697
0.048600	-99.218399
0.048700	-37.594002
0.048800	-35.668301
0.048900	-67.924797
0.049000	-72.257698
0.049100	-68.406197
0.049200	-66.480400
0.049300	-56.370201
0.049400	-60.703201
0.049500	-65.999001
0.049600	-60.703201
0.049700	-57.814499
0.049800	-49.148602
0.049900	-51.074402
0.050000	-57.814499
0.050100	-52.037201
0.050200	-49.630001
0.050300	-52.518700
0.050400	-53.000099
0.050500	-63.591801
0.050600	-70.332001
0.050700	-64.554703
0.050800	-65.517601
0.050900	-70.332001
0.051000	-69.850502
0.051100	-72.257698
0.051200	-78.035004
0.051300	-74.664902
0.051400	-74.183502
0.051500	-69.850502
0.051600	-65.517601
0.051700	-62.628899
0.051800	-59.740299
0.051900	-61.666000
0.052000	-65.517601
0.052100	-65.999001
0.052200	-62.628899
0.052300	-66.480400
0.052400	-67.443298
0.052500	-64.554703
0.052600	-62.628899
0.052700	-66.480400
0.052800	-66.480400
0.052900	-66.480400
0.053000	-62.628899
0.053100	-61.666000
0.053200	-62.628899
0.053300	-60.703201
0.053400	-60.221699
0.053500	-60.221699
0.053600	-58.777401
0.053700	-58.777401
0.053800	-58.777401
0.053900	-58.296001
0.054000	-53.000099
0.054100	-49.630001
0.054200	-52.518700
0.054300	-50.111500
0.054400	-50.111500
0.054500	-48.667198
0.054600	-45.297100
0.054700	-42.408401
0.054800	-56.370201
0.054900	-99.218399
0.055000	-52.518700
0.055100	-1.004600
0.055200	-40.482700
0.055300	-66.480400
0.055400	-57.814499
0.055500	-51.074402
0.055600	-52.037201
0.055700	-49.148602
0.055800	-48.185699
0.055900	-54.444401
0.056000	-55.888802
0.056100	-56.370201
0.056200	-56.851601
0.056300	-54.925900
0.056400	-51.074402
0.056500	-50.111500
0.056600	-49.148602
0.056700	-51.074402
0.056800	-53.000099
0.056900	-56.851601
0.057000	-62.628899
0.057100	-61.666000
0.057200	-58.777401
0.057300	-60.221699
0.057400	-58.777401
0.057500	-52.037201
0.057600	-47.222801
0.057700	-50.111500
0.057800	-51.074402
0.057900	-56.370201
0.058000	-55.888802
0.058100	-52.037201
0.058200	-50.111500
0.058300	-46.259998
0.058400	-44.815601
0.058500	-43.371300
0.058600	-45.778500
0.058700	-53.481602
0.058800	-56.370201
0.058900	-58.296001
0.059000	-62.628899
0.059100	-66.480400
0.059200	-65.999001
0.059300	-66.961899
0.059400	-68.406197
0.059500	-69.369102
0.059600	-66.480400
0.059700	-58.777401
0.059800	-57.814499
0.059900	-58.777401
0.060000	-58.777401
0.060100	-58.777401
0.060200	-60.703201
0.060300	-64.554703
0.060400	-61.666000
0.060500	-61.666000
0.060600	-70.332001
0.060700	-75.146400
0.060800	-76.109200
0.060900	-75.627800
0.061000	-72.257698
0.061100	-71.776299
0.061200	-71.776299
0.061300	-72.257698
0.061400	-71.294800
0.061500	-73.220596
0.061600	-75.627800
0.061700	-78.035004
0.061800	-72.257698
0.061900	-56.851601
0.062000	-53.000099
0.062100	-64.073196
0.062200	-71.776299
0.062300	-74.183502
0.062400	-68.406197
0.062500	-68.406197
0.062600	-73.220596
0.062700	-76.109200
0.062800	-82.849403
0.062900	-81.886497
0.063000	-74.183502
0.063100	-73.702003
0.063200	-77.072098
0.063300	-75.146400
0.063400	-72.257698
0.063500	-73.220596
0.063600	-72.257698
0.063700	-69.369102
0.063800	-67.443298
0.063900	-70.332001
0.064000	-72.257698
0.064100	-71.776299
0.064200	-65.999001
0.064300	-60.703201
0.064400	-58.777401
0.064500	-62.628899
0.064600	-64.554703
0.064700	-64.554703
0.064800	-68.406197
0.064900	-68.406197
0.065000	-69.369102
0.065100	-69.369102
0.065200	-68.406197
0.065300	-65.517601
0.065400	-63.591801
0.065500	-59.740299
0.065600	-56.851601
0.065700	-60.703201
0.065800	-63.591801
0.065900	-60.703201
0.066000	-57.814499
0.066100	-59.740299
0.066200	-56.851601
0.066300	-54.925900
0.066400	-59.258801
0.066500	-58.777401
0.066600	-58.777401
0.066700	-58.296001
0.066800	-57.814499
0.066900	-54.444401
0.067000	-51.074402
0.067100	-54.925900
0.067200	-50.592899
0.067300	-44.815601
0.067400	-53.000099
0.067500	-55.888802
0.067600	-50.111500
0.067700	-47.222801
0.067800	-44.334202
0.067900	-46.259998
0.068000	-47.222801
0.068100	-43.371300
0.068200	-47.222801
0.068300	-54.925900
0.068400	-55.888802
0.068500	-54.444401
0.068600	-53.963001
0.068700	-53.000099
0.068800	-53.000099
0.068900	-53.963001
0.069000	-50.111500
0.069100	-46.259998
0.069200	-52.037201
0.069300	-52.518700
0.069400	-49.148602
0.069500	-52.037201
0.069600	-58.777401
0.069700	-58.777401
0.069800	-56.851601
0.069900	-56.851601
0.070000	-58.777401
0.070100	-63.110401
0.070200	-61.666000
0.070300	-57.814499
0.070400	-58.777401
0.070500	-62.628899
0.070600	-62.147499
0.070700	-60.703201
0.070800	-65.517601
0.070900	-67.443298
0.071000	-66.480400
0.071100	-66.961899
0.071200	-65.517601
0.071300	-65.517601
0.071400	-65.036102
0.071500	-60.703201
0.071600	-56.851601
0.071700	-57.814499
0.071800	-65.517601
0.071900	-61.184601
0.072000	-59.740299
0.072100	-65.517601
0.072200	-65.036102
0.072300	-62.628899
0.072400	-64.554703
0.072500	-68.406197
0.072600	-71.294800
0.072700	-71.294800
0.072800	-65.036102
0.072900	-64.073196
0.073000	-60.703201
0.073100	-58.777401
0.073200	-63.591801
0.073300	-69.850502
0.073400	-63.591801
0.073500	-58.777401
0.073600	-64.073196
0.073700	-65.517601
0.073800	-62.147499
0.073900	-57.814499
0.074000	-53.000099
0.074100	-53.000099
0.074200	-55.888802
0.074300	-56.851601
0.074400	-56.851601
0.074500	-58.777401
0.074600	-57.814499
0.074700	-56.851601
0.074800	-58.777401
0.074900	-62.628899
0.075000	-62.628899
0.075100	-56.851601
0.075200	-55.888802
0.075300	-56.851601
0.075400	-58.777401
0.075500	-55.888802
0.075600	-54.925900
0.075700	-54.444401
0.075800	-51.074402
0.075900	-51.074402
0.076000	-52.518700
0.076100	-54.925900
0.076200	-53.963001
0.076300	-54.925900
0.076400	-51.074402
0.076500	-46.259998
0.076600	-50.111500
0.076700	-52.518700
0.076800	-47.222801
0.076900	-46.741402
0.077000	-45.297100
0.077100	-44.815601
0.077200	-41.926998
0.077300	-37.594002
0.077400	-39.519798
0.077500	-39.519798
0.077600	-38.556900
0.077700	-42.889900
0.077800	-42.889900
0.077900	-41.445599
0.078000	-41.445599
0.078100	-44.334202
0.078200	-40.482700
0.078300	-40.001202
0.078400	-43.852798
0.078500	-44.815601
0.078600	-46.259998
0.078700	-42.408401
0.078800	-34.705399
0.078900	-33.742500
0.079000	-36.631199
0.079100	-39.519798
0.079200	-42.408401
0.079300	-43.371300
0.079400	-41.445599
0.079500	-39.519798
0.079600	-38.556900
0.079700	-37.594002
0.079800	-37.594002
0.079900	-37.594002
0.080000	-39.519798
0.080100	-35.668301
0.080200	-33.261101
0.080300	-33.742500
0.080400	-35.668301
0.080500	-35.668301
0.080600	-37.594002
0.080700	-44.334202
0.080800	-46.259998
0.080900	-43.371300
0.081000	-38.556900
0.081100	-39.038399
0.081200	-39.519798
0.081300	-38.556900
0.081400	-37.112598
0.081500	-35.668301
0.081600	-38.075500
0.081700	-40.964100
0.081800	-39.519798
0.081900	-35.668301
0.082000	-36.631199
0.082100	-35.668301
0.082200	-34.705399
0.082300	-35.668301
0.082400	-38.556900
0.082500	-39.519798
0.082600	-41.445599
0.082700	-35.668301
0.082800	-34.705399
0.082900	-35.668301
0.083000	-32.779598
0.083100	-31.816799
0.083200	-38.556900
0.083300	-40.964100
0.083400	-33.742500
0.083500	-29.891001
0.083600	-35.668301
0.083700	-35.668301
0.083800	-31.816799
0.083900	-36.149700
0.084000	-39.519798
0.084100	-36.631199
0.084200	-30.853901
0.084300	-30.372400
0.084400	-35.186798
0.084500	-35.668301
0.084600	-29.891001
0.084700	-30.853901
0.084800	-35.668301
0.084900	-34.223999
0.085000	-31.816799
0.085100	-31.816799
0.085200	-31.816799
0.085300	-31.816799
0.085400	-29.891001
0.085500	-27.965200
0.085600	-29.891001
0.085700	-31.816799
0.085800	-29.409599
0.085900	-27.965200
0.086000	-30.853901
0.086100	-32.779598
0.086200	-32.779598
0.086300	-34.705399
0.086400	-34.705399
0.086500	-31.816799
0.086600	-34.223999
0.086700	-30.853901
0.086800	-29.891001
0.086900	-30.853901
0.087000	-27.002399
0.087100	-27.002399
0.087200	-34.705399
0.087300	-37.112598
0.087400	-31.816799
0.087500	-27.002399
0.087600	-22.669399
0.087700	-22.188000
0.087800	-28.446699
0.087900	-28.446699
0.088000	-27.002399
0.088100	-25.558001
0.088200	-28.446699
0.088300	-33.742500
0.088400	-29.891001
0.088500	-24.113701
0.088600	-25.076599
0.088700	-27.965200
0.088800	-27.002399
0.088900	-25.076599
0.089000	-25.076599
0.089100	-23.632299
0.089200	-26.520901
0.089300	-25.076599
0.089400	-21.225100
0.089500	-25.558001
0.089600	-25.558001
0.089700	-23.150801
0.089800	-26.039499
0.089900	-24.113701
0.090000	-20.262199
0.090100	-19.299299
0.090200	-22.188000
0.090300	-22.669399
0.090400	-20.262199
0.090500	-21.706499
0.090600	-23.150801
0.090700	-24.113701
0.090800	-22.188000
0.090900	-20.743601
0.091000	-19.780800
0.091100	-18.336399
0.091200	-18.817900
0.091300	-16.410700
0.091400	-17.855000
0.091500	-17.373600
0.091600	-16.410700
0.091700	-14.484900
0.091800	-12.559200
0.091900	-12.559200
0.092000	-12.077700
0.092100	-12.077700
0.092200	-13.522000
0.092300	-19.780800
0.092400	-20.262199
0.092500	-11.596300
0.092600	-10.633400
0.092700	-16.410700
0.092800	-17.855000
0.092900	-14.966400
0.093000	-14.484900
0.093100	-14.484900
0.093200	-12.077700
0.093300	-12.559200
0.093400	-14.484900
0.093500	-14.003500
0.093600	-13.522000
0.093700	-12.559200
0.093800	-9.670520
0.093900	-9.670520
0.094000	-11.596300
0.094100	-11.596300
0.094200	-9.670520
0.094300	-12.559200
0.094400	-14.484900
0.094500	-12.559200
0.094600	-11.596300
0.094700	-13.040600
0.094800	-12.559200
0.094900	-14.003500
0.095000	-12.559200
0.095100	-7.744760
0.095200	-7.744760
0.095300	-8.707640
0.095400	-6.300440
0.095500	-6.781880
0.095600	-14.484900
0.095700	-15.447800
0.095800	-12.559200
0.095900	-8.707640
0.096000	-8.707640
0.096100	-10.633400
0.096200	-11.596300
0.096300	-9.670520
0.096400	-8.707640
0.096500	-11.596300
0.096600	-10.633400
0.096700	-6.781880
0.096800	-4.374680
0.096900	-1.004600
0.097000	-3.893240
0.097100	-4.856120
0.097200	-8.707640
0.097300	-8.707640
0.097400	-2.930360
0.097500	-0.041725
0.097600	-1.004600
0.097700	-3.893240
0.097800	-1.004600
0.097900	0.921155
0.098000	2.846920
0.098100	6.698440
0.098200	4.772680
0.098300	2.365480
0.098400	2.846920
0.098500	-0.041725
0.098600	-7.744760
0.098700	-6.781880
0.098800	-2.930360
0.098900	-6.300440
0.099000	-5.337560
0.099100	-4.856120
0.099200	-6.781880
0.099300	-5.819000
0.099400	-5.819000
0.099500	-6.781880
0.099600	-2.930360
0.099700	-0.041725
0.099800	-4.856120
0.099900	-7.263320
0.100000	-6.300440
0.100100	-1.967480
0.100200	-4.856120
0.100300	-5.819000
0.100400	0.439715
0.100500	0.921155
0.100600	-1.004600
0.100700	-2.930360
0.100800	-1.967480
0.100900	0.921155
0.101000	-2.448920
0.101100	-2.930360
0.101200	2.846920
0.101300	4.772680
0.101400	2.846920
0.101500	-1.967480
0.101600	-2.930360
0.101700	-1.004600
0.101800	-0.041725
0.101900	-0.523165
0.102000	-1.967480
0.102100	-1.967480
0.102200	-1.967480
0.102300	-0.041725
0.102400	0.921155
0.102500	1.884040
0.102600	0.921155
0.102700	1.402600
0.102800	-0.523165
0.102900	-0.523165
0.103000	-0.041725
0.103100	-0.041725
0.103200	-1.967480
0.103300	-1.967480
0.103400	-1.967480
0.103500	-4.856120
0.103600	-4.856120
0.103700	2.846920
0.103800	3.809800
0.103900	6.698440
0.104000	10.550000
0.104100	10.550000
0.104200	7.661320
0.104300	2.846920
0.104400	-1.004600
0.104500	-2.930360
0.104600	-2.930360
0.104700	-1.004600
0.104800	0.921155
0.104900	3.809800
0.105000	0.921155
0.105100	-0.041725
0.105200	-0.041725
0.105300	2.846920
0.105400	2.846920
0.105500	2.846920
0.105600	3.809800
0.105700	0.921155
0.105800	0.921155
0.105900	2.846920
0.106000	2.846920
0.106100	1.402600
0.106200	2.846920
0.106300	-0.041725
0.106400	-1.967480
0.106500	0.921155
0.106600	0.921155
0.106700	1.884040
0.106800	4.291240
0.106900	4.291240
0.107000	2.846920
0.107100	0.921155
0.107200	2.846920
0.107300	4.772680
0.107400	1.402600
0.107500	-1.004600
0.107600	0.921155
0.107700	7.661320
0.107800	6.698440
0.107900	-1.004600
0.108000	-3.411800
0.108100	2.846920
0.108200	2.846920
0.108300	1.884040
0.108400	1.402600
0.108500	0.921155
0.108600	4.772680
0.108700	5.735560
0.108800	0.921155
0.108900	2.846920
0.109000	8.624200
0.109100	10.550000
0.109200	12.957200
0.109300	10.550000
0.109400	5.735560
0.109500	0.921155
0.109600	2.846920
0.109700	1.402600
0.109800	-0.041725
0.109900	3.809800
0.110000	6.217000
0.110100	6.217000
0.110200	4.772680
0.110300	-1.004600
0.110400	-2.930360
0.110500	-0.041725
0.110600	2.846920
0.110700	2.846920
0.110800	-0.523165
0.110900	-4.374680
0.111000	-2.930360
0.111100	-1.967480
0.111200	-1.004600
0.111300	1.884040
0.111400	2.846920
0.111500	3.328360
0.111600	2.846920
0.111700	4.772680
0.111800	2.846920
0.111900	-0.523165
0.112000	0.921155
0.112100	3.809800
0.112200	0.439715
0.112300	1.884040
0.112400	2.846920
0.112500	1.884040
0.112600	-3.893240
0.112700	-8.707640
0.112800	-1.967480
0.112900	2.846920
0.113000	-0.041725
0.113100	-0.523165
0.113200	-0.041725
0.113300	0.921155
0.113400	-1.004600
0.113500	-4.856120
0.113600	-3.893240
0.113700	-1.967480
0.113800	-1.967480
0.113900	1.884040
0.114000	2.846920
0.114100	2.846920
0.114200	0.921155
0.114300	1.884040
0.114400	-0.041725
0.114500	-4.856120
0.114600	-2.930360
0.114700	2.846920
0.114800	1.884040
0.114900	1.884040
0.115000	6.698440
0.115100	7.661320
0.115200	2.846920
0.115300	1.884040
0.115400	3.809800
0.115500	1.884040
0.115600	1.884040
0.115700	6.698440
0.115800	8.624200
0.115900	8.624200
0.116000	11.512800
0.116100	10.550000
0.116200	8.624200
0.116300	8.624200
0.116400	9.587080
0.116500	8.624200
0.116600	6.698440
0.116700	12.475700
0.116800	18.253000
0.116900	15.364400
0.117000	13.920000
0.117100	10.550000
0.117200	6.698440
0.117300	4.772680
0.117400	6.698440
0.117500	7.179880
0.117600	5.735560
0.117700	2.846920
0.117800	-0.041725
0.117900	2.846920
0.118000	7.661320
0.118100	5.735560
0.118200	-0.041725
0.118300	0.439715
0.118400	1.402600
0.118500	0.921155
0.118600	2.846920
0.118700	-0.041725
0.118800	-2.930360
0.118900	0.921155
0.119000	-1.004600
0.119100	-2.930360
0.119200	-0.523165
0.119300	0.921155
0.119400	4.772680
0.119500	9.105640
0.119600	8.624200
0.119700	4.772680
0.119800	4.772680
0.119900	4.291240
0.120000	1.884040
0.120100	4.772680
0.120200	6.217000
0.120300	3.809800
0.120400	4.772680
0.120500	4.772680
0.120600	4.772680
0.120700	1.884040
0.120800	4.772680
0.120900	5.735560
0.121000	2.846920
0.121100	0.921155
0.121200	-0.041725
0.121300	2.846920
0.121400	6.698440
0.121500	2.846920
0.121600	-4.374680
0.121700	-5.819000
0.121800	-4.856120
0.121900	-4.856120
0.122000	-2.448920
0.122100	-4.374680
0.122200	-4.374680
0.122300	2.846920
0.122400	-0.523165
0.122500	-5.819000
0.122600	-4.856120
0.122700	-1.004600
0.122800	-1.004600
0.122900	-4.856120
0.123000	-2.930360
0.123100	-1.004600
0.123200	0.921155
0.123300	4.772680
0.123400	7.179880
0.123500	5.735560
0.123600	5.735560
0.123700	10.550000
0.123800	8.624200
0.123900	1.884040
0.124000	-0.523165
0.124100	-2.930360
0.124200	-1.004600
0.124300	-4.856120
0.124400	-3.893240
0.124500	-0.523165
0.124600	-0.041725
0.124700	0.921155
0.124800	-0.041725
0.124900	0.921155
0.125000	-2.448920
0.125100	-1.967480
0.125200	3.328360
0.125300	2.846920
0.125400	0.921155
0.125500	1.884040
0.125600	-0.523165
0.125700	-1.004600
0.125800	-1.967480
0.125900	-2.930360
0.126000	-0.041725
0.126100	-0.523165
0.126200	-3.893240
0.126300	-6.781880
0.126400	-6.781880
0.126500	-5.819000
0.126600	-7.744760
0.126700	-7.744760
0.126800	-7.744760
0.126900	-3.893240
0.127000	-3.411800
0.127100	-5.819000
0.127200	-4.856120
0.127300	-4.856120
0.127400	-6.781880
0.127500	-4.374680
0.127600	-1.004600
0.127700	0.921155
0.127800	0.439715
0.127900	-1.004600
0.128000	0.921155
0.128100	0.439715
0.128200	-1.967480
0.128300	-1.004600
0.128400	-1.967480
0.128500	-3.893240
0.128600	-2.930360
0.128700	-1.004600
0.128800	-3.411800
0.128900	-3.893240
0.129000	-1.004600
0.129100	-2.930360
0.129200	-4.856120
0.129300	-2.930360
0.129400	-1.486040
0.129500	-2.448920
0.129600	-4.856120
0.129700	-5.819000
0.129800	-1.967480
0.129900	0.921155
0.130000	1.402600
0.130100	-0.041725
0.130200	-2.448920
0.130300	-6.781880
0.130400	-3.893240
0.130500	0.921155
0.130600	0.921155
0.130700	-5.337560
0.130800	-3.893240
0.130900	-3.893240
0.131000	-0.523165
0.131100	-1.004600
0.131200	-4.856120
0.131300	-4.856120
0.131400	1.884040
0.131500	3.328360
0.131600	2.365480
0.131700	0.921155
0.131800	-3.893240
0.131900	-2.448920
0.132000	2.846920
0.132100	-1.004600
0.132200	-4.856120
0.132300	-1.004600
0.132400	-1.004600
0.132500	-0.041725
0.132600	2.846920
0.132700	0.921155
0.132800	0.921155
0.132900	2.846920
0.133000	4.772680
0.133100	0.921155
0.133200	-2.930360
0.133300	-1.004600
0.133400	-0.041725
0.133500	-1.004600
0.133600	-3.893240
0.133700	-1.004600
0.133800	-0.523165
0.133900	-4.856120
0.134000	-7.263320
0.134100	-4.856120
0.134200	-1.004600
0.134300	0.921155
0.134400	4.772680
0.134500	8.624200
0.134600	4.772680
0.134700	-1.967480
0.134800	-2.448920
0.134900	0.439715
0.135000	-2.930360
0.135100	-3.893240
0.135200	-2.930360
0.135300	-2.930360
0.135400	-2.448920
0.135500	2.846920
0.135600	5.735560
0.135700	4.772680
0.135800	0.921155
0.135900	-2.930360
0.136000	-4.856120
0.136100	-3.893240
0.136200	0.921155
0.136300	0.921155
0.136400	-2.930360
0.136500	-2.448920
0.136600	1.884040
0.136700	-0.041725
0.136800	-1.004600
0.136900	-2.930360
0.137000	-4.856120
0.137100	-4.856120
0.137200	-2.930360
0.137300	2.846920
0.137400	1.402600
0.137500	-5.819000
0.137600	-2.930360
0.137700	2.846920
0.137800	0.921155
0.137900	-1.004600
0.138000	2.846920
0.138100	-1.004600
0.138200	-5.819000
0.138300	-3.893240
0.138400	1.884040
0.138500	0.439715
0.138600	0.921155
0.138700	-0.523165
0.138800	-0.041725
0.138900	2.846920
0.139000	-1.004600
0.139100	-2.930360
0.139200	-3.893240
0.139300	0.921155
0.139400	-0.041725
0.139500	-1.004600
0.139600	0.921155
0.139700	3.809800
0.139800	1.884040
0.139900	-0.041725
0.140000	0.921155
0.140100	2.846920
0.140200	3.328360
0.140300	3.809800
0.140400	2.846920
0.140500	-2.930360
0.140600	-7.744760
0.140700	-8.226200
0.140800	-5.819000
0.140900	-0.523165
0.141000	2.846920
0.141100	2.846920
0.141200	1.884040
0.141300	-0.523165
0.141400	-1.004600
0.141500	-2.930360
0.141600	-3.893240
0.141700	-1.004600
0.141800	-1.967480
0.141900	-2.930360
0.142000	-1.967480
0.142100	-0.041725
0.142200	-0.041725
0.142300	-1.004600
0.142400	-1.004600
0.142500	-1.004600
0.142600	-1.004600
0.142700	1.402600
0.142800	4.772680
0.142900	1.402600
0.143000	-1.004600
0.143100	-4.856120
0.143200	-4.856120
0.143300	-1.004600
0.143400	2.846920
0.143500	1.402600
0.143600	-0.523165
0.143700	-1.967480
0.143800	-1.004600
0.143900	-3.893240
0.144000	-1.004600
0.144100	-0.041725
0.144200	-1.004600
0.144300	-4.374680
0.144400	-6.781880
0.144500	-6.781880
0.144600	-4.856120
0.144700	-4.856120
0.144800	-2.930360
0.144900	-2.930360
0.145000	-3.893240
0.145100	-0.041725
0.145200	0.921155
0.145300	-2.930360
0.145400	-2.448920
0.145500	-0.041725
0.145600	0.921155
0.145700	2.846920
0.145800	1.402600
0.145900	-2.930360
0.146000	-2.448920
0.146100	-1.967480
0.146200	-2.930360
0.146300	-0.041725
0.146400	2.846920
0.146500	0.921155
0.146600	-2.930360
0.146700	-3.893240
0.146800	-0.523165
0.146900	-0.523165
0.147000	-1.004600
0.147100	0.921155
0.147200	0.921155
0.147300	-0.523165
0.147400	-0.523165
0.147500	-1.004600
0.147600	-2.930360
0.147700	2.846920
0.147800	6.698440
0.147900	2.846920
0.148000	-5.819000
0.148100	-1.486040
0.148200	4.772680
0.148300	-0.041725
0.148400	-3.411800
0.148500	-1.004600
0.148600	-0.523165
0.148700	2.846920
0.148800	0.921155
0.148900	3.809800
0.149000	3.809800
0.149100	1.884040
0.149200	-3.411800
0.149300	1.402600
0.149400	0.439715
0.149500	-4.856120
0.149600	-3.893240
0.149700	-1.967480
0.149800	-2.930360
0.149900	-1.004600
0.150000	-1.004600
0.150100	-2.930360
0.150200	0.921155
0.150300	2.846920
0.150400	1.884040
0.150500	-0.041725
0.150600	3.328360
0.150700	2.846920
0.150800	0.921155
0.150900	0.921155
0.151000	2.365480
0.151100	-1.004600
0.151200	-3.893240
0.151300	0.921155
0.151400	2.846920
0.151500	0.921155
0.151600	0.921155
0.151700	1.884040
0.151800	0.921155
0.151900	2.846920
0.152000	0.921155
0.152100	-1.004600
0.152200	-1.004600
0.152300	-0.041725
0.152400	-1.967480
0.152500	1.884040
0.152600	2.846920
0.152700	-2.930360
0.152800	-2.448920
0.152900	-0.041725
0.153000	4.772680
0.153100	7.179880
0.153200	4.772680
0.153300	0.921155
0.153400	1.884040
0.153500	2.846920
0.153600	0.921155
0.153700	-1.004600
0.153800	2.846920
0.153900	6.698440
0.154000	0.921155
0.154100	-4.856120
0.154200	-1.004600
0.154300	3.809800
0.154400	-2.930360
0.154500	-1.004600
0.154600	3.328360
0.154700	4.291240
0.154800	1.884040
0.154900	-0.523165
0.155000	-4.856120
0.155100	0.921155
0.155200	1.884040
0.155300	-0.041725
0.155400	1.402600
0.155500	-0.041725
0.155600	-4.856120
0.155700	-1.967480
0.155800	1.402600
0.155900	-0.523165
0.156000	-1.967480
0.156100	0.921155
0.156200	-0.523165
0.156300	-2.930360
0.156400	-4.856120
0.156500	-2.930360
0.156600	2.846920
0.156700	2.846920
0.156800	0.921155
0.156900	1.402600
0.157000	6.698440
0.157100	2.846920
0.157200	-0.041725
0.157300	3.809800
0.157400	1.884040
0.157500	2.846920
0.157600	0.921155
0.157700	-1.004600
0.157800	-2.930360
0.157900	2.846920
0.158000	1.402600
0.158100	-3.893240
0.158200	-1.967480
0.158300	-1.967480
0.158400	-2.448920
0.158500	-1.004600
0.158600	-1.967480
0.158700	-2.930360
0.158800	-1.967480
0.158900	-0.523165
0.159000	-2.448920
0.159100	-2.930360
0.159200	-1.004600
0.159300	0.921155
0.159400	2.846920
0.159500	-1.004600
0.159600	-1.486040
0.159700	1.884040
0.159800	1.402600
0.159900	-2.930360
0.160000	-1.004600
0.160100	-2.930360
0.160200	-4.856120
0.160300	-1.004600
0.160400	2.846920
0.160500	-1.004600
0.160600	-4.374680
0.160700	-1.004600
0.160800	2.846920
0.160900	2.846920
0.161000	4.772680
0.161100	2.846920
0.161200	0.439715
0.161300	-0.041725
0.161400	0.921155
0.161500	-0.041725
0.161600	3.809800
0.161700	1.884040
0.161800	-1.004600
0.161900	-2.448920
0.162000	-3.893240
0.162100	-2.930360
0.162200	1.402600
0.162300	-1.967480
0.162400	-4.856120
0.162500	3.328360
0.162600	6.698440
0.162700	1.402600
0.162800	0.439715
0.162900	-0.041725
0.163000	-2.930360
0.163100	-1.486040
0.163200	-0.041725
0.163300	-2.448920
0.163400	2.846920
0.163500	8.142760
0.163600	5.254120
0.163700	-1.004600
0.163800	-1.967480
0.163900	-0.523165
0.164000	-0.041725
0.164100	2.846920
0.164200	1.884040
0.164300	1.884040
0.164400	2.846920
0.164500	3.328360
0.164600	2.846920
0.164700	0.921155
0.164800	2.846920
0.164900	-0.041725
0.165000	-2.930360
0.165100	0.439715
0.165200	-2.930360
0.165300	-1.967480
0.165400	-1.004600
0.165500	-0.523165
0.165600	-0.523165
0.165700	-1.004600
0.165800	-3.893240
0.165900	-2.930360
0.166000	-4.856120
0.166100	1.402600
0.166200	2.846920
0.166300	-2.930360
0.166400	-2.930360
0.166500	0.921155
0.166600	0.921155
0.166700	2.846920
0.166800	-0.041725
0.166900	-3.893240
0.167000	-2.930360
0.167100	-1.004600
0.167200	-0.523165
0.167300	-1.004600
0.167400	-0.523165
0.167500	-0.041725
0.167600	-2.930360
0.167700	-1.004600
0.167800	-1.004600
0.167900	-1.967480
0.168000	-1.004600
0.168100	-1.004600
0.168200	-1.967480
0.168300	-3.893240
0.168400	-1.967480
0.168500	-0.041725
0.168600	-3.893240
0.168700	-6.781880
0.168800	-2.930360
0.168900	-1.967480
0.169000	-4.856120
0.169100	-3.893240
0.169200	-0.523165
0.169300	-2.930360
0.169400	-3.893240
0.169500	-2.448920
0.169600	-4.374680
0.169700	-3.893240
0.169800	-0.041725
0.169900	1.884040
0.170000	-1.004600
0.170100	-0.523165
0.170200	-1.004600
0.170300	-2.930360
0.170400	-2.930360
0.170500	-2.930360
0.170600	-1.004600
0.170700	-3.411800
0.170800	-0.523165
0.170900	-1.967480
0.171000	-4.856120
0.171100	-1.967480
0.171200	-0.523165
0.171300	-4.374680
0.171400	0.921155
0.171500	4.772680
0.171600	1.884040
0.171700	-1.967480
0.171800	1.884040
0.171900	4.291240
0.172000	2.846920
0.172100	-2.930360
0.172200	-0.041725
0.172300	0.921155
0.172400	-1.967480
0.172500	0.439715
0.172600	4.772680
0.172700	-0.523165
0.172800	-1.004600
0.172900	1.884040
0.173000	0.921155
0.173100	-3.893240
0.173200	-4.856120
0.173300	-2.930360
0.173400	0.921155
0.173500	1.402600
0.173600	2.846920
0.173700	0.921155
0.173800	-0.041725
0.173900	1.884040
0.174000	4.772680
0.174100	4.772680
0.174200	2.846920
0.174300	0.921155
0.174400	-1.004600
0.174500	0.921155
0.174600	-0.041725
0.174700	0.921155
0.174800	1.884040
0.174900	2.365480
0.175000	0.921155
0.175100	-1.004600
0.175200	-6.781880
0.175300	-4.856120
0.175400	-4.856120
0.175500	-4.856120
0.175600	-2.930360
0.175700	-1.486040
0.175800	-0.041725
0.175900	2.846920
0.176000	-0.041725
0.176100	3.809800
0.176200	1.402600
0.176300	-1.004600
0.176400	-2.930360
0.176500	-0.041725
0.176600	-0.523165
0.176700	0.921155
0.176800	2.846920
0.176900	-1.967480
0.177000	0.921155
0.177100	4.772680
0.177200	-0.041725
0.177300	-3.893240
0.177400	-2.930360
0.177500	-1.004600
0.177600	-1.004600
0.177700	1.402600
0.177800	2.846920
0.177900	2.846920
0.178000	-1.004600
0.178100	0.921155
0.178200	2.846920
0.178300	-0.041725
0.178400	0.921155
0.178500	2.365480
0.178600	2.846920
0.178700	-0.041725
0.178800	-2.930360
0.178900	0.439715
0.179000	0.921155
0.179100	1.402600
0.179200	0.921155
0.179300	-0.523165
0.179400	-1.004600
0.179500	2.846920
0.179600	0.921155
0.179700	-4.374680
0.179800	-2.930360
0.179900	-1.967480
0.180000	-1.004600
0.180100	-0.041725
0.180200	1.884040
0.180300	4.772680
0.180400	2.846920
0.180500	0.921155
0.180600	2.365480
0.180700	-0.523165
0.180800	0.921155
0.180900	4.772680
0.181000	3.809800
0.181100	1.884040
0.181200	-1.486040
0.181300	-4.856120
0.181400	-1.004600
0.181500	-0.041725
0.181600	-3.893240
0.181700	-4.856120
0.181800	2.846920
0.181900	0.921155
0.182000	-4.856120
0.182100	-4.856120
0.182200	-4.856120
0.182300	0.439715
0.182400	1.884040
0.182500	-0.523165
0.182600	-1.004600
0.182700	-1.004600
0.182800	-1.004600
0.182900	-2.930360
0.183000	-1.004600
0.183100	-0.041725
0.183200	-3.893240
0.183300	-4.856120
0.183400	-3.893240
0.183500	-2.930360
0.183600	-0.523165
0.183700	-0.041725
0.183800	-5.819000
0.183900	-4.856120
0.184000	-0.523165
0.184100	-0.041725
0.184200	-4.856120
0.184300	-5.819000
0.184400	-2.930360
0.184500	0.921155
0.184600	1.884040
0.184700	0.921155
0.184800	-0.041725
0.184900	1.884040
0.185000	3.809800
0.185100	0.921155
0.185200	-3.893240
0.185300	-2.930360
0.185400	1.884040
0.185500	1.884040
0.185600	-0.041725
0.185700	-2.448920
0.185800	-2.448920
0.185900	-1.004600
0.186000	2.846920
0.186100	2.846920
0.186200	0.921155
0.186300	-1.004600
0.186400	0.921155
0.186500	-2.448920
0.186600	-4.856120
0.186700	-1.967480
0.186800	-1.967480
0.186900	-0.523165
0.187000	0.439715
0.187100	2.365480
0.187200	2.846920
0.187300	-1.004600
0.187400	-4.856120
0.187500	-4.856120
0.187600	-1.967480
0.187700	0.921155
0.187800	-1.004600
0.187900	1.884040
0.188000	4.772680
0.188100	1.884040
0.188200	-0.523165
0.188300	-4.856120
0.188400	-2.930360
0.188500	0.921155
0.188600	-1.004600
0.188700	-4.856120
0.188800	-1.004600
0.188900	-1.967480
0.189000	-3.893240
0.189100	0.921155
0.189200	4.772680
0.189300	0.921155
0.189400	-2.930360
0.189500	-1.967480
0.189600	0.921155
0.189700	-2.930360
0.189800	-3.893240
0.189900	-4.856120
0.190000	-3.893240
0.190100	-1.004600
0.190200	-3.893240
0.190300	-1.967480
0.190400	-0.041725
0.190500	2.846920
0.190600	1.884040
0.190700	-0.041725
0.190800	-1.004600
0.190900	1.884040
0.191000	1.402600
0.191100	-4.374680
0.191200	-0.041725
0.191300	0.921155
0.191400	-0.041725
0.191500	-4.856120
0.191600	-2.930360
0.191700	1.884040
0.191800	5.735560
0.191900	3.809800
0.192000	-2.930360
0.192100	-2.448920
0.192200	-1.004600
0.192300	0.921155
0.192400	-0.523165
0.192500	2.365480
0.192600	3.328360
0.192700	1.402600
0.192800	-1.004600
0.192900	-0.041725
0.193000	-3.893240
0.193100	-3.893240
0.193200	-1.004600
0.193300	-1.967480
0.193400	-0.041725
0.193500	1.402600
0.193600	-3.893240
0.193700	-4.856120
0.193800	0.921155
0.193900	0.921155
0.194000	-1.967480
0.194100	0.921155
0.194200	-0.041725
0.194300	-2.448920
0.194400	-2.930360
0.194500	-2.930360
0.194600	-0.041725
0.194700	-0.523165
0.194800	0.921155
0.194900	-2.448920
0.195000	-4.374680
0.195100	-2.930360
0.195200	-0.041725
0.195300	-0.041725
0.195400	-3.893240
0.195500	-5.819000
0.195600	-4.856120
0.195700	-0.041725
0.195800	0.921155
0.195900	0.921155
0.196000	-0.041725
0.196100	-0.041725
0.196200	2.846920
0.196300	0.921155
0.196400	-1.967480
0.196500	0.921155
0.196600	2.846920
0.196700	2.846920
0.196800	-0.523165
0.196900	-4.374680
0.197000	-4.856120
0.197100	0.921155
0.197200	1.884040
0.197300	-3.893240
0.197400	-4.374680
0.197500	2.846920
0.197600	4.772680
0.197700	2.846920
0.197800	-1.967480
0.197900	-0.523165
0.198000	1.402600
0.198100	-3.411800
0.198200	-0.041725
0.198300	4.291240
0.198400	2.846920
0.198500	0.921155
0.198600	-0.041725
0.198700	-2.448920
0.198800	-1.004600
0.198900	-2.930360
0.199000	-6.300440
0.199100	-4.856120
0.199200	-0.041725
0.199300	2.846920
0.199400	3.809800
0.199500	2.365480
0.199600	-0.041725
0.199700	-1.004600
0.199800	-1.004600
0.199900	-1.967480
0.200000	1.884040
0.200100	3.328360
0.200200	2.846920
0.200300	-0.523165
0.200400	-1.004600
0.200500	0.921155
0.200600	4.772680
0.200700	1.884040
0.200800	-1.004600
0.200900	0.439715
0.201000	2.846920
0.201100	0.921155
0.201200	-4.374680
0.201300	-2.930360
0.201400	2.846920
0.201500	2.846920
0.201600	-2.930360
0.201700	-3.893240
0.201800	-2.930360
0.201900	-0.041725
0.202000	-1.004600
0.202100	-1.004600
0.202200	2.365480
0.202300	2.846920
0.202400	2.846920
0.202500	2.846920
0.202600	0.439715
0.202700	-1.967480
0.202800	1.402600
0.202900	4.772680
0.203000	2.846920
0.203100	0.439715
0.203200	-2.930360
0.203300	-4.856120
0.203400	-0.041725
0.203500	0.921155
0.203600	-1.004600
0.203700	0.921155
0.203800	-1.004600
0.203900	-4.856120
0.204000	-4.374680
0.204100	0.921155
0.204200	3.328360
0.204300	2.846920
0.204400	2.846920
0.204500	-1.004600
0.204600	-0.041725
0.204700	2.846920
0.204800	4.772680
0.204900	1.884040
0.205000	-1.004600
0.205100	-1.967480
0.205200	-0.523165
0.205300	1.884040
0.205400	1.402600
0.205500	-0.041725
0.205600	-2.930360
0.205700	-2.930360
0.205800	-3.893240
0.205900	2.846920
0.206000	7.661320
0.206100	5.735560
0.206200	0.921155
0.206300	0.921155
0.206400	0.921155
0.206500	-0.523165
0.206600	-1.004600
0.206700	1.884040
0.206800	-1.967480
0.206900	-2.930360
0.207000	0.921155
0.207100	3.809800
0.207200	2.846920
0.207300	1.884040
0.207400	-1.004600
0.207500	-3.411800
0.207600	0.921155
0.207700	-3.893240
0.207800	-4.856120
0.207900	-3.893240
0.208000	-0.041725
0.208100	1.884040
0.208200	-2.448920
0.208300	-4.856120
0.208400	-2.930360
0.208500	2.846920
0.208600	1.884040
0.208700	1.884040
0.208800	0.921155
0.208900	2.846920
0.209000	-2.930360
0.209100	-6.300440
0.209200	-4.856120
0.209300	0.921155
0.209400	5.254120
0.209500	3.809800
0.209600	-0.523165
0.209700	-0.041725
0.209800	-0.041725
0.209900	1.402600
0.210000	1.884040
0.210100	-2.448920
0.210200	-0.041725
0.210300	-2.448920
0.210400	-2.448920
0.210500	-0.041725
0.210600	2.846920
0.210700	-1.004600
0.210800	-1.004600
0.210900	0.439715
0.211000	-0.523165
0.211100	-0.523165
0.211200	-2.930360
0.211300	-0.041725
0.211400	3.328360
0.211500	2.846920
0.211600	-0.523165
0.211700	-1.004600
0.211800	-0.523165
0.211900	-2.930360
0.212000	-3.893240
0.212100	-1.004600
0.212200	0.921155
0.212300	2.846920
0.212400	2.846920
0.212500	2.365480
0.212600	0.921155
0.212700	-0.041725
0.212800	-0.041725
0.212900	-2.930360
0.213000	-4.856120
0.213100	-2.930360
0.213200	1.884040
0.213300	4.772680
0.213400	-1.004600
0.213500	-1.967480
0.213600	1.402600
0.213700	3.809800
0.213800	2.365480
0.213900	-2.448920
0.214000	-0.041725
0.214100	-1.004600
0.214200	-2.930360
0.214300	-3.893240
0.214400	-2.930360
0.214500	-1.004600
0.214600	-1.004600
0.214700	-0.041725
0.214800	0.921155
0.214900	1.884040
0.215000	2.846920
0.215100	1.402600
0.215200	-2.930360
0.215300	-2.448920
0.215400	0.921155
0.215500	0.921155
0.215600	0.921155
0.215700	2.846920
0.215800	2.846920
0.215900	-0.041725
0.216000	-2.930360
0.216100	-2.930360
0.216200	-1.004600
0.216300	3.809800
0.216400	1.884040
0.216500	-1.004600
0.216600	-2.930360
0.216700	-6.781880
0.216800	-6.300440
0.216900	-4.856120
0.217000	-2.448920
0.217100	-0.041725
0.217200	1.884040
0.217300	-0.041725
0.217400	-1.967480
0.217500	-2.448920
0.217600	-0.041725
0.217700	-1.004600
0.217800	2.846920
0.217900	3.809800
0.218000	-1.967480
0.218100	-5.819000
0.218200	-4.856120
0.218300	2.846920
0.218400	2.846920
0.218500	-3.411800
0.218600	-3.893240
0.218700	-2.930360
0.218800	-1.004600
0.218900	-1.004600
0.219000	-3.893240
0.219100	0.921155
0.219200	2.846920
0.219300	2.846920
0.219400	2.846920
0.219500	2.846920
0.219600	1.402600
0.219700	-2.448920
0.219800	0.921155
0.219900	2.846920
0.220000	2.846920
0.220100	2.846920
0.220200	-0.041725
0.220300	-0.041725
0.220400	1.884040
0.220500	3.809800
0.220600	-1.004600
0.220700	-3.893240
0.220800	-2.448920
0.220900	2.846920
0.221000	1.884040
0.221100	-0.523165
0.221200	-0.041725
0.221300	0.921155
0.221400	-2.448920
0.221500	-5.337560
0.221600	-3.893240
0.221700	-0.041725
0.221800	1.402600
0.221900	2.846920
0.222000	1.884040
0.222100	-0.041725
0.222200	-1.004600
0.222300	-3.893240
0.222400	-5.819000
0.222500	-4.856120
0.222600	2.846920
0.222700	1.884040
0.222800	-1.004600
0.222900	-1.004600
0.223000	1.884040
0.223100	0.921155
0.223200	-3.893240
0.223300	-0.041725
0.223400	1.402600
0.223500	0.921155
0.223600	2.846920
0.223700	0.921155
0.223800	2.846920
0.223900	4.772680
0.224000	3.809800
0.224100	0.921155
0.224200	1.884040
0.224300	3.809800
0.224400	5.735560
0.224500	2.846920
0.224600	-0.041725
0.224700	0.921155
0.224800	1.402600
0.224900	-0.523165
0.225000	-0.041725
0.225100	1.884040
0.225200	4.772680
0.225300	0.921155
0.225400	-1.004600
0.225500	2.846920
0.225600	1.884040
0.225700	0.921155
0.225800	1.884040
0.225900	0.921155
0.226000	-2.930360
0.226100	-4.856120
0.226200	-2.930360
0.226300	-3.893240
0.226400	-1.004600
0.226500	-0.041725
0.226600	-1.004600
0.226700	-2.448920
0.226800	-3.893240
0.226900	-0.041725
0.227000	3.809800
0.227100	3.809800
0.227200	4.291240
0.227300	6.217000
0.227400	3.809800
0.227500	3.809800
0.227600	4.772680
0.227700	4.772680
0.227800	0.921155
0.227900	-1.004600
0.228000	1.884040
0.228100	1.884040
0.228200	1.884040
0.228300	2.846920
0.228400	3.809800
0.228500	0.921155
0.228600	-1.967480
0.228700	0.921155
0.228800	0.921155
0.228900	0.921155
0.229000	1.884040
0.229100	-0.041725
0.229200	0.921155
0.229300	-0.041725
0.229400	0.439715
0.229500	3.809800
0.229600	1.884040
0.229700	-0.523165
0.229800	2.846920
0.229900	2.846920
0.230000	3.809800
0.230100	6.698440
0.230200	3.809800
0.230300	-1.004600
0.230400	-3.893240
0.230500	-1.004600
0.230600	-1.004600
0.230700	-2.448920
0.230800	-1.004600
0.230900	1.884040
0.231000	-1.004600
0.231100	-2.930360
0.231200	-3.411800
0.231300	-1.004600
0.231400	-1.004600
0.231500	-0.523165
0.231600	-1.004600
0.231700	-2.930360
0.231800	-2.930360
0.231900	-1.004600
0.232000	-2.930360
0.232100	-0.041725
0.232200	1.884040
0.232300	0.921155
0.232400	-0.041725
0.232500	-1.486040
0.232600	-0.041725
0.232700	-1.004600
0.232800	2.846920
0.232900	4.772680
0.233000	-0.041725
0.233100	-0.523165
0.233200	1.884040
0.233300	0.921155
0.233400	-1.004600
0.233500	2.365480
0.233600	1.884040
0.233700	2.846920
0.233800	2.846920
0.233900	2.846920
0.234000	4.772680
0.234100	0.921155
0.234200	-1.004600
0.234300	4.772680
0.234400	2.846920
0.234500	1.884040
0.234600	1.884040
0.234700	4.291240
0.234800	4.772680
0.234900	2.846920
0.235000	1.884040
0.235100	1.884040
0.235200	-1.004600
0.235300	0.439715
0.235400	3.809800
0.235500	4.291240
0.235600	-0.041725
0.235700	2.365480
0.235800	4.772680
0.235900	4.291240
0.236000	4.772680
0.236100	1.402600
0.236200	-3.893240
0.236300	2.846920
0.236400	2.846920
0.236500	2.846920
0.236600	7.661320
0.236700	3.809800
0.236800	2.846920
0.236900	4.772680
0.237000	4.772680
0.237100	0.921155
0.237200	-3.893240
0.237300	-3.893240
0.237400	2.846920
0.237500	2.846920
0.237600	-0.041725
0.237700	2.846920
0.237800	3.809800
0.237900	-2.930360
0.238000	-2.930360
0.238100	2.846920
0.238200	2.846920
0.238300	-1.004600
0.238400	-3.893240
0.238500	-3.893240
0.238600	-0.041725
0.238700	-0.523165
0.238800	0.921155
0.238900	2.846920
0.239000	1.402600
0.239100	-1.967480
0.239200	3.809800
0.239300	4.772680
0.239400	-0.041725
0.239500	-2.448920
0.239600	2.846920
0.239700	2.846920
0.239800	-2.448920
0.239900	-2.930360
0.240000	0.921155
0.240100	1.402600
0.240200	-2.930360
0.240300	-2.930360
0.240400	0.921155
0.240500	-0.523165
0.240600	0.921155
0.240700	0.921155
0.240800	0.921155
0.240900	-0.041725
0.241000	-1.004600
0.241100	-2.448920
0.241200	-0.041725
0.241300	-1.967480
0.241400	-2.930360
0.241500	-1.004600
0.241600	0.921155
0.241700	1.884040
0.241800	3.328360
0.241900	2.846920
0.242000	-1.967480
0.242100	-2.448920
0.242200	0.921155
0.242300	1.402600
0.242400	1.402600
0.242500	0.921155
0.242600	2.846920
0.242700	2.846920
0.242800	3.809800
0.242900	2.846920
0.243000	3.809800
0.243100	4.291240
0.243200	6.698440
0.243300	3.809800
0.243400	1.884040
0.243500	-0.041725
0.243600	-1.967480
0.243700	-3.411800
0.243800	-1.004600
0.243900	0.439715
0.244000	0.921155
0.244100	-1.004600
0.244200	2.846920
0.244300	2.846920
0.244400	-2.448920
0.244500	-4.856120
0.244600	-0.041725
0.244700	0.921155
0.244800	0.921155
0.244900	4.291240
0.245000	4.772680
0.245100	1.402600
0.245200	-0.041725
0.245300	4.291240
0.245400	1.884040
0.245500	-0.041725
0.245600	-2.930360
0.245700	-0.523165
0.245800	4.772680
0.245900	1.402600
0.246000	-1.967480
0.246100	-3.893240
0.246200	-0.041725
0.246300	1.402600
0.246400	-1.004600
0.246500	-0.041725
0.246600	1.884040
0.246700	1.884040
0.246800	-2.930360
0.246900	-1.004600
0.247000	-1.967480
0.247100	-2.930360
0.247200	-5.819000
0.247300	-3.893240
0.247400	3.809800
0.247500	-0.041725
0.247600	-1.004600
0.247700	0.921155
0.247800	-2.930360
0.247900	-4.856120
0.248000	-1.004600
0.248100	0.439715
0.248200	-0.041725
0.248300	0.921155
0.248400	-1.004600
0.248500	-0.041725
0.248600	2.846920
0.248700	3.328360
0.248800	0.921155
0.248900	-1.004600
0.249000	-0.041725
0.249100	-1.004600
0.249200	-4.856120
0.249300	-2.930360
0.249400	-3.893240
0.249500	-2.930360
0.249600	1.884040
0.249700	1.884040
0.249800	-1.004600
0.249900	-4.856120
0.250000	-3.893240
0.250100	-0.041725
0.250200	-0.041725
0.250300	1.884040
0.250400	3.809800
0.250500	1.884040
0.250600	0.439715
0.250700	-3.893240
0.250800	-2.930360
0.250900	-1.004600
0.251000	2.365480
0.251100	-1.486040
0.251200	-0.523165
0.251300	1.884040
0.251400	2.846920
0.251500	2.846920
0.251600	1.884040
0.251700	1.884040
0.251800	5.735560
0.251900	3.809800
0.252000	1.884040
0.252100	-1.967480
0.252200	0.921155
0.252300	2.846920
0.252400	-0.041725
0.252500	0.921155
0.252600	2.846920
0.252700	1.884040
0.252800	2.846920
0.252900	-0.041725
0.253000	0.921155
0.253100	-0.041725
0.253200	-1.967480
0.253300	1.884040
0.253400	2.846920
0.253500	0.921155
0.253600	1.884040
0.253700	2.846920
0.253800	-1.004600
0.253900	-0.041725
0.254000	-0.041725
0.254100	-0.041725
0.254200	-1.967480
0.254300	-4.856120
0.254400	0.921155
0.254500	3.809800
0.254600	4.772680
0.254700	2.846920
0.254800	-1.004600
0.254900	-3.893240
0.255000	1.402600
0.255100	4.291240
0.255200	-1.004600
0.255300	-1.004600
0.255400	6.217000
0.255500	3.809800
0.255600	-1.967480
0.255700	-1.004600
0.255800	-0.041725
0.255900	2.846920
0.256000	3.809800
0.256100	-0.523165
0.256200	1.884040
0.256300	3.328360
0.256400	-1.004600
0.256500	-1.967480
0.256600	-1.004600
0.256700	-2.448920
0.256800	-0.041725
0.256900	1.884040
0.257000	1.884040
0.257100	-1.004600
0.257200	0.921155
0.257300	1.402600
0.257400	2.846920
0.257500	1.884040
0.257600	-1.004600
0.257700	-0.041725
0.257800	-0.041725
0.257900	-2.930360
0.258000	-2.930360
0.258100	-1.004600
0.258200	2.846920
0.258300	-0.041725
0.258400	-4.856120
0.258500	-0.523165
0.258600	-1.004600
0.258700	-2.930360
0.258800	-3.893240
0.258900	-2.448920
0.259000	-1.967480
0.259100	1.402600
0.259200	-0.041725
0.259300	-2.930360
0.259400	2.365480
0.259500	1.884040
0.259600	-3.411800
0.259700	-2.930360
0.259800	-2.930360
0.259900	-5.819000
0.260000	-3.893240
0.260100	1.884040
0.260200	2.846920
0.260300	2.846920
0.260400	3.328360
0.260500	4.772680
0.260600	2.846920
0.260700	0.921155
0.260800	1.402600
0.260900	0.921155
0.261000	-1.004600
0.261100	6.698440
0.261200	5.735560
0.261300	0.439715
0.261400	-2.930360
0.261500	1.884040
0.261600	0.439715
0.261700	0.921155
0.261800	2.846920
0.261900	-0.523165
0.262000	0.439715
0.262100	1.884040
0.262200	2.846920
0.262300	4.772680
0.262400	4.772680
0.262500	-1.967480
0.262600	-3.893240
0.262700	0.439715
0.262800	3.809800
0.262900	3.809800
0.263000	3.809800
0.263100	5.735560
0.263200	7.179880
0.263300	2.846920
0.263400	-1.004600
0.263500	2.846920
0.263600	1.884040
0.263700	-1.004600
0.263800	-1.004600
0.263900	2.846920
0.264000	3.328360
0.264100	1.402600
0.264200	-1.004600
0.264300	0.921155
0.264400	2.365480
0.264500	-2.930360
0.264600	-1.967480
0.264700	2.846920
0.264800	3.809800
0.264900	-0.041725
0.265000	-2.930360
0.265100	-0.041725
0.265200	-1.004600
0.265300	-4.856120
0.265400	-1.004600
0.265500	1.884040
0.265600	0.921155
0.265700	0.439715
0.265800	-1.967480
0.265900	0.921155
0.266000	0.921155
0.266100	4.291240
0.266200	4.772680
0.266300	0.921155
0.266400	5.735560
0.266500	10.550000
0.266600	4.291240
0.266700	-2.930360
0.266800	-2.448920
0.266900	1.884040
0.267000	2.846920
0.267100	2.846920
0.267200	4.772680
0.267300	3.809800
0.267400	2.846920
0.267500	-0.041725
0.267600	-4.374680
0.267700	-0.041725
0.267800	0.921155
0.267900	-0.041725
0.268000	0.439715
0.268100	2.846920
0.268200	0.921155
0.268300	-1.967480
0.268400	-1.004600
0.268500	0.439715
0.268600	1.884040
0.268700	2.846920
0.268800	3.809800
0.268900	2.846920
0.269000	1.884040
0.269100	2.846920
0.269200	0.921155
0.269300	-1.004600
0.269400	-1.004600
0.269500	1.402600
0.269600	0.921155
0.269700	0.921155
0.269800	2.846920
0.269900	1.884040
0.270000	2.846920
0.270100	2.846920
0.270200	3.328360
0.270300	0.921155
0.270400	-1.004600
0.270500	-4.856120
0.270600	-4.374680
0.270700	0.921155
0.270800	2.365480
0.270900	2.846920
0.271000	2.846920
0.271100	2.846920
0.271200	2.846920
0.271300	-2.930360
0.271400	-4.374680
0.271500	-2.930360
0.271600	-1.004600
0.271700	1.884040
0.271800	2.846920
0.271900	2.846920
0.272000	2.846920
0.272100	-2.930360
0.272200	-1.967480
0.272300	-1.004600
0.272400	-1.004600
0.272500	3.809800
0.272600	4.772680
0.272700	2.846920
0.272800	3.809800
0.272900	1.884040
0.273000	-1.486040
0.273100	-1.004600
0.273200	0.921155
0.273300	0.921155
0.273400	-0.041725
0.273500	2.846920
0.273600	6.698440
0.273700	7.661320
0.273800	7.661320
0.273900	5.735560
0.274000	3.809800
0.274100	2.846920
0.274200	-1.004600
0.274300	-4.856120
0.274400	-1.004600
0.274500	0.921155
0.274600	3.809800
0.274700	0.921155
0.274800	-4.856120
0.274900	-1.004600
0.275000	1.884040
0.275100	-2.930360
0.275200	-1.004600
0.275300	1.884040
0.275400	1.402600
0.275500	0.921155
0.275600	-3.893240
0.275700	-4.374680
0.275800	-2.930360
0.275900	0.921155
0.276000	-0.041725
0.276100	3.328360
0.276200	3.809800
0.276300	0.921155
0.276400	-0.041725
0.276500	1.402600
0.276600	2.846920
0.276700	-0.041725
0.276800	1.402600
0.276900	1.884040
0.277000	-0.041725
0.277100	-4.856120
0.277200	0.921155
0.277300	4.772680
0.277400	1.884040
0.277500	-2.930360
0.277600	-1.004600
0.277700	1.402600
0.277800	0.921155
0.277900	3.809800
0.278000	2.846920
0.278100	0.921155
0.278200	0.439715
0.278300	-1.967480
0.278400	1.884040
0.278500	5.735560
0.278600	2.846920
0.278700	-1.967480
0.278800	-1.004600
0.278900	2.846920
0.279000	3.328360
0.279100	-1.967480
0.279200	-1.004600
0.279300	0.921155
0.279400	-1.004600
0.279500	-2.930360
0.279600	0.439715
0.279700	4.772680
0.279800	5.735560
0.279900	6.698440
0.280000	7.661320
0.280100	5.735560
0.280200	1.402600
0.280300	-1.004600
0.280400	-1.967480
0.280500	-1.004600
0.280600	0.921155
0.280700	2.846920
0.280800	3.809800
0.280900	5.254120
0.281000	4.772680
0.281100	2.846920
0.281200	-1.004600
0.281300	1.884040
0.281400	3.809800
0.281500	0.921155
0.281600	3.328360
0.281700	4.772680
0.281800	1.884040
0.281900	-3.893240
0.282000	-5.819000
0.282100	-4.856120
0.282200	-0.041725
0.282300	-0.041725
0.282400	-1.004600
0.282500	-3.893240
0.282600	0.921155
0.282700	4.291240
0.282800	-0.041725
0.282900	-4.856120
0.283000	-1.486040
0.283100	-0.041725
0.283200	1.884040
0.283300	3.809800
0.283400	3.328360
0.283500	-1.004600
0.283600	-2.448920
0.283700	-0.041725
0.283800	-1.967480
0.283900	-2.930360
0.284000	0.921155
0.284100	3.809800
0.284200	2.846920
0.284300	-0.041725
0.284400	1.402600
0.284500	5.735560
0.284600	2.846920
0.284700	0.921155
0.284800	0.439715
0.284900	0.921155
0.285000	0.439715
0.285100	3.328360
0.285200	3.809800
0.285300	4.772680
0.285400	2.846920
0.285500	0.921155
0.285600	0.921155
0.285700	1.884040
0.285800	-0.523165
0.285900	-2.448920
0.286000	0.921155
0.286100	0.439715
0.286200	1.884040
0.286300	2.846920
0.286400	-0.041725
0.286500	0.921155
0.286600	2.846920
0.286700	1.884040
0.286800	-1.004600
0.286900	-1.967480
0.287000	-1.004600
0.287100	-3.893240
0.287200	-1.004600
0.287300	-1.004600
0.287400	-3.411800
0.287500	-3.893240
0.287600	-0.041725
0.287700	1.884040
0.287800	-1.004600
0.287900	-2.930360
0.288000	1.884040
0.288100	2.846920
0.288200	-2.930360
0.288300	-4.856120
0.288400	-4.856120
0.288500	-4.374680
0.288600	-1.004600
0.288700	4.291240
0.288800	7.661320
0.288900	2.846920
0.289000	-3.893240
0.289100	-1.004600
0.289200	8.142760
0.289300	6.698440
0.289400	1.884040
0.289500	-1.967480
0.289600	1.884040
0.289700	0.921155
0.289800	-4.374680
0.289900	-2.930360
0.290000	-3.893240
0.290100	-4.374680
0.290200	-4.856120
0.290300	-2.930360
0.290400	2.846920
0.290500	1.884040
0.290600	0.921155
0.290700	-0.041725
0.290800	3.809800
0.290900	2.846920
0.291000	-3.893240
0.291100	-1.004600
0.291200	0.439715
0.291300	-0.041725
0.291400	0.921155
0.291500	4.772680
0.291600	3.809800
0.291700	5.735560
0.291800	5.735560
0.291900	2.846920
0.292000	3.328360
0.292100	5.254120
0.292200	3.809800
0.292300	1.884040
0.292400	2.846920
0.292500	2.846920
0.292600	0.439715
0.292700	-0.523165
0.292800	-0.523165
0.292900	2.846920
0.293000	2.846920
0.293100	-0.041725
0.293200	-2.448920
0.293300	-4.856120
0.293400	1.884040
0.293500	5.254120
0.293600	3.809800
0.293700	1.884040
0.293800	0.921155
0.293900	-0.523165
0.294000	-2.448920
0.294100	-0.523165
0.294200	-1.967480
0.294300	-2.930360
0.294400	1.884040
0.294500	1.884040
0.294600	-2.930360
0.294700	-2.930360
0.294800	2.846920
0.294900	4.772680
0.295000	-1.004600
0.295100	0.921155
0.295200	0.921155
0.295300	1.884040
0.295400	-1.004600
0.295500	-1.004600
0.295600	1.884040
0.295700	2.846920
0.295800	-0.041725
0.295900	-2.930360
0.296000	-1.967480
0.296100	-3.893240
0.296200	-6.300440
0.296300	-2.930360
0.296400	2.846920
0.296500	1.884040
0.296600	-0.523165
0.296700	0.921155
0.296800	-0.523165
0.296900	-3.893240
0.297000	1.884040
0.297100	2.846920
0.297200	-0.523165
0.297300	-2.448920
0.297400	-4.856120
0.297500	-2.930360
0.297600	1.884040
0.297700	0.921155
0.297800	-1.967480
0.297900	-2.448920
0.298000	-1.967480
0.298100	-1.486040
0.298200	-4.856120
0.298300	-5.819000
0.298400	-5.819000
0.298500	-0.041725
0.298600	1.402600
0.298700	-3.893240
0.298800	-5.819000
0.298900	-2.930360
0.299000	-0.041725
0.299100	-1.004600
0.299200	-3.893240
0.299300	-2.448920
0.299400	-1.004600
0.299500	-1.967480
0.299600	0.921155
0.299700	2.846920
0.299800	2.846920
0.299900	1.884040
