-0.050000	0.836567
-0.049900	-1.093970
-0.049800	0.836567
-0.049700	4.697650
-0.049600	2.767110
-0.049500	3.249740
-0.049400	2.767110
-0.049300	-1.093970
-0.049200	-7.850860
-0.049100	-1.093970
-0.049000	0.836567
-0.048900	2.767110
-0.048800	5.662920
-0.048700	-0.611338
-0.048600	-0.128703
-0.048500	2.767110
-0.048400	-0.128703
-0.048300	-1.093970
-0.048200	0.836567
-0.048100	2.767110
-0.048000	-4.955050
-0.047900	2.767110
-0.047800	4.697650
-0.047700	-1.093970
-0.047600	-4.955050
-0.047500	2.767110
-0.047400	2.767110
-0.047300	-1.093970
-0.047200	-4.472420
-0.047100	-1.093970
-0.047000	4.697650
-0.046900	0.836567
-0.046800	-1.093970
-0.046700	0.836567
-0.046600	4.697650
-0.046500	2.767110
-0.046400	3.732380
-0.046300	2.767110
-0.046200	2.767110
-0.046100	-0.128703
-0.046000	-1.093970
-0.045900	-4.955050
-0.045800	-3.024510
-0.045700	0.836567
-0.045600	-4.472420
-0.045500	-1.093970
-0.045400	0.836567
-0.045300	-0.128703
-0.045200	3.732380
-0.045100	2.767110
-0.045000	-3.989780
-0.044900	-1.093970
-0.044800	-1.093970
-0.044700	-3.024510
-0.044600	0.836567
-0.044500	2.767110
-0.044400	-0.128703
-0.044300	-1.093970
-0.044200	2.767110
-0.044100	2.767110
-0.044000	-3.989780
-0.043900	-3.024510
-0.043800	-3.024510
-0.043700	-1.093970
-0.043600	2.767110
-0.043500	2.767110
-0.043400	-1.093970
-0.043300	3.732380
-0.043200	1.801840
-0.043100	-4.955050
-0.043000	-1.093970
-0.042900	2.767110
-0.042800	-0.128703
-0.042700	-1.093970
-0.042600	-1.093970
-0.042500	2.767110
-0.042400	2.767110
-0.042300	-1.093970
-0.042200	-1.093970
-0.042100	3.732380
-0.042000	2.767110
-0.041900	-3.024510
-0.041800	0.836567
-0.041700	6.628190
-0.041600	2.767110
-0.041500	1.319200
-0.041400	3.732380
-0.041300	-0.128703
-0.041200	-2.059240
-0.041100	0.836567
-0.041000	4.697650
-0.040900	-0.128703
-0.040800	-0.128703
-0.040700	-1.093970
-0.040600	2.767110
-0.040500	4.697650
-0.040400	-3.989780
-0.040300	-3.989780
-0.040200	-0.128703
-0.040100	2.767110
-0.040000	2.767110
-0.039900	0.353932
-0.039800	-1.093970
-0.039700	-0.128703
-0.039600	4.697650
-0.039500	2.767110
-0.039400	-1.093970
-0.039300	2.767110
-0.039200	-1.093970
-0.039100	-1.093970
-0.039000	3.249740
-0.038900	6.628190
-0.038800	0.353932
-0.038700	-3.024510
-0.038600	2.767110
-0.038500	0.836567
-0.038400	-2.541880
-0.038300	-4.955050
-0.038200	-1.093970
-0.038100	0.836567
-0.038000	-0.128703
-0.037900	-1.093970
-0.037800	0.836567
-0.037700	3.732380
-0.037600	-3.989780
-0.037500	-3.989780
-0.037400	-2.059240
-0.037300	-4.955050
-0.037200	-1.093970
-0.037100	6.628190
-0.037000	6.628190
-0.036900	-1.093970
-0.036800	-0.128703
-0.036700	2.767110
-0.036600	-0.128703
-0.036500	-0.611338
-0.036400	3.732380
-0.036300	3.732380
-0.036200	0.836567
-0.036100	-1.093970
-0.036000	0.836567
-0.035900	6.628190
-0.035800	4.697650
-0.035700	-3.024510
-0.035600	-1.093970
-0.035500	0.836567
-0.035400	4.697650
-0.035300	2.767110
-0.035200	4.697650
-0.035100	0.836567
-0.035000	0.836567
-0.034900	4.697650
-0.034800	2.767110
-0.034700	-0.128703
-0.034600	-3.024510
-0.034500	-6.885590
-0.034400	-1.093970
-0.034300	0.836567
-0.034200	-0.611338
-0.034100	-3.989780
-0.034000	-0.128703
-0.033900	3.732380
-0.033800	-0.611338
-0.033700	-4.955050
-0.033600	-1.093970
-0.033500	-1.093970
-0.033400	0.836567
-0.033300	2.767110
-0.033200	-1.093970
-0.033100	-1.093970
-0.033000	-2.059240
-0.032900	-4.955050
-0.032800	0.836567
-0.032700	2.767110
-0.032600	2.767110
-0.032500	-0.128703
-0.032400	0.836567
-0.032300	-1.093970
-0.032200	4.697650
-0.032100	5.662920
-0.032000	0.836567
-0.031900	1.801840
-0.031800	-1.093970
-0.031700	-1.093970
-0.031600	-1.093970
-0.031500	6.628190
-0.031400	4.697650
-0.031300	-3.024510
-0.031200	-0.128703
-0.031100	0.836567
-0.031000	-1.093970
-0.030900	-1.093970
-0.030800	-1.093970
-0.030700	-3.024510
-0.030600	-0.128703
-0.030500	-3.507150
-0.030400	2.767110
-0.030300	6.628190
-0.030200	0.836567
-0.030100	-1.093970
-0.030000	2.767110
-0.029900	0.836567
-0.029800	2.767110
-0.029700	2.767110
-0.029600	4.697650
-0.029500	0.836567
-0.029400	1.801840
-0.029300	2.767110
-0.029200	-0.128703
-0.029100	-1.093970
-0.029000	-1.093970
-0.028900	-3.024510
-0.028800	-0.128703
-0.028700	-1.093970
-0.028600	-1.093970
-0.028500	-1.093970
-0.028400	-1.093970
-0.028300	-3.024510
-0.028200	1.801840
-0.028100	2.767110
-0.028000	-1.093970
-0.027900	0.836567
-0.027800	0.836567
-0.027700	0.836567
-0.027600	2.767110
-0.027500	-1.093970
-0.027400	2.767110
-0.027300	3.732380
-0.027200	2.767110
-0.027100	-3.507150
-0.027000	-1.093970
-0.026900	1.801840
-0.026800	4.697650
-0.026700	2.767110
-0.026600	2.767110
-0.026500	-1.093970
-0.026400	2.767110
-0.026300	-6.402960
-0.026200	-4.955050
-0.026100	4.697650
-0.026000	0.836567
-0.025900	-3.989780
-0.025800	-1.093970
-0.025700	-3.024510
-0.025600	-4.955050
-0.025500	0.836567
-0.025400	2.767110
-0.025300	-1.093970
-0.025200	-1.093970
-0.025100	-1.093970
-0.025000	2.767110
-0.024900	0.836567
-0.024800	2.767110
-0.024700	-3.024510
-0.024600	-1.093970
-0.024500	6.628190
-0.024400	3.732380
-0.024300	-3.024510
-0.024200	-4.955050
-0.024100	2.767110
-0.024000	5.662920
-0.023900	3.732380
-0.023800	-0.128703
-0.023700	1.319200
-0.023600	-1.093970
-0.023500	-1.093970
-0.023400	-7.850860
-0.023300	-0.611338
-0.023200	-2.059240
-0.023100	-4.955050
-0.023000	2.767110
-0.022900	6.628190
-0.022800	4.697650
-0.022700	-1.093970
-0.022600	-4.955050
-0.022500	-2.541880
-0.022400	0.353932
-0.022300	-3.024510
-0.022200	-3.024510
-0.022100	3.732380
-0.022000	4.697650
-0.021900	-0.128703
-0.021800	2.767110
-0.021700	0.836567
-0.021600	2.767110
-0.021500	4.697650
-0.021400	0.836567
-0.021300	-2.541880
-0.021200	-3.024510
-0.021100	2.767110
-0.021000	-1.093970
-0.020900	-4.955050
-0.020800	-2.059240
-0.020700	-1.093970
-0.020600	-3.024510
-0.020500	-0.128703
-0.020400	-1.093970
-0.020300	0.836567
-0.020200	0.836567
-0.020100	-3.024510
-0.020000	-0.128703
-0.019900	3.732380
-0.019800	-3.024510
-0.019700	-6.402960
-0.019600	-1.093970
-0.019500	2.767110
-0.019400	2.767110
-0.019300	-0.128703
-0.019200	-1.093970
-0.019100	-0.128703
-0.019000	-1.093970
-0.018900	2.767110
-0.018800	6.628190
-0.018700	0.836567
-0.018600	-3.024510
-0.018500	4.697650
-0.018400	5.180280
-0.018300	-0.128703
-0.018200	-1.093970
-0.018100	-1.093970
-0.018000	-7.850860
-0.017900	-7.850860
-0.017800	-3.024510
-0.017700	0.836567
-0.017600	0.836567
-0.017500	-1.093970
-0.017400	-3.024510
-0.017300	0.836567
-0.017200	-4.955050
-0.017100	-1.093970
-0.017000	-3.989780
-0.016900	-3.989780
-0.016800	-3.024510
-0.016700	-1.093970
-0.016600	3.249740
-0.016500	-0.128703
-0.016400	-0.128703
-0.016300	0.836567
-0.016200	3.732380
-0.016100	6.628190
-0.016000	3.249740
-0.015900	-1.093970
-0.015800	-1.093970
-0.015700	0.836567
-0.015600	-1.093970
-0.015500	-1.093970
-0.015400	-3.024510
-0.015300	-6.885590
-0.015200	-6.885590
-0.015100	-2.059240
-0.015000	0.836567
-0.014900	3.249740
-0.014800	2.767110
-0.014700	-4.472420
-0.014600	-2.059240
-0.014500	0.836567
-0.014400	-1.093970
-0.014300	-1.093970
-0.014200	-1.093970
-0.014100	-1.093970
-0.014000	-4.955050
-0.013900	-4.955050
-0.013800	-3.024510
-0.013700	-1.093970
-0.013600	0.836567
-0.013500	-4.955050
-0.013400	-3.989780
-0.013300	3.249740
-0.013200	-0.128703
-0.013100	-0.128703
-0.013000	3.732380
-0.012900	2.767110
-0.012800	4.697650
-0.012700	-0.128703
-0.012600	2.767110
-0.012500	3.732380
-0.012400	0.836567
-0.012300	-4.955050
-0.012200	-4.955050
-0.012100	2.767110
-0.012000	2.767110
-0.011900	-1.093970
-0.011800	-3.024510
-0.011700	0.836567
-0.011600	0.836567
-0.011500	-3.024510
-0.011400	-3.024510
-0.011300	-2.059240
-0.011200	-1.093970
-0.011100	-8.816130
-0.011000	-6.885590
-0.010900	-1.093970
-0.010800	-2.059240
-0.010700	-4.472420
-0.010600	2.767110
-0.010500	3.732380
-0.010400	0.353932
-0.010300	0.836567
-0.010200	0.836567
-0.010100	0.836567
-0.010000	-0.128703
-0.009900	-3.024510
-0.009800	-1.093970
-0.009700	-2.059240
-0.009600	-6.885590
-0.009500	-3.024510
-0.009400	0.836567
-0.009300	-0.128703
-0.009200	-5.920320
-0.009100	-1.093970
-0.009000	2.767110
-0.008900	-2.059240
-0.008800	-1.093970
-0.008700	3.732380
-0.008600	0.836567
-0.008500	-4.955050
-0.008400	-4.955050
-0.008300	-0.611338
-0.008200	2.767110
-0.008100	0.836567
-0.008000	-2.059240
-0.007900	-8.333500
-0.007800	-1.093970
-0.007700	-0.611338
-0.007600	0.836567
-0.007500	0.836567
-0.007400	-0.128703
-0.007300	-3.989780
-0.007200	2.767110
-0.007100	-1.093970
-0.007000	-8.816130
-0.006900	-7.850860
-0.006800	-3.024510
-0.006700	-1.093970
-0.006600	-1.093970
-0.006500	-2.541880
-0.006400	-3.024510
-0.006300	2.767110
-0.006200	-0.128703
-0.006100	-3.024510
-0.006000	-1.093970
-0.005900	-0.128703
-0.005800	-2.059240
-0.005700	-2.059240
-0.005600	-2.059240
-0.005500	-0.128703
-0.005400	2.767110
-0.005300	-2.059240
-0.005200	-1.093970
-0.005100	-1.093970
-0.005000	-1.093970
-0.004900	-0.611338
-0.004800	-2.541880
-0.004700	-2.059240
-0.004600	-2.541880
-0.004500	-1.093970
-0.004400	-3.024510
-0.004300	-5.920320
-0.004200	-6.885590
-0.004100	-3.024510
-0.004000	-1.093970
-0.003900	2.767110
-0.003800	0.836567
-0.003700	-6.885590
-0.003600	-2.059240
-0.003500	-4.955050
-0.003400	-6.885590
-0.003300	-4.955050
-0.003200	-4.955050
-0.003100	-1.093970
-0.003000	2.767110
-0.002900	-2.059240
-0.002800	-4.955050
-0.002700	2.767110
-0.002600	2.767110
-0.002500	-1.093970
-0.002400	-4.955050
-0.002300	-3.024510
-0.002200	-7.850860
-0.002100	-4.955050
-0.002000	-1.093970
-0.001900	-3.024510
-0.001800	-6.885590
-0.001700	-0.128703
-0.001600	2.767110
-0.001500	-4.955050
-0.001400	-4.955050
-0.001300	-1.093970
-0.001200	-1.093970
-0.001100	-6.885590
-0.001000	-8.333500
-0.000900	-1.093970
-0.000800	-1.093970
-0.000700	-8.816130
-0.000600	-6.885590
-0.000500	-1.093970
-0.000400	-0.128703
-0.000300	-3.989780
-0.000200	-1.093970
-0.000100	-4.955050
0.000000	-4.955050
0.000100	0.836567
0.000200	-3.989780
0.000300	0.836567
0.000400	2.767110
0.000500	-3.024510
0.000600	-8.816130
0.000700	-1.093970
0.000800	-1.093970
0.000900	-3.024510
0.001000	-2.059240
0.001100	0.836567
0.001200	0.836567
0.001300	2.767110
0.001400	2.767110
0.001500	-3.024510
0.001600	-8.816130
0.001700	-1.093970
0.001800	3.732380
0.001900	-7.850860
0.002000	-2.059240
0.002100	6.628190
0.002200	-4.955050
0.002300	-3.024510
0.002400	-3.024510
0.002500	-3.024510
0.002600	-2.059240
0.002700	-7.368230
0.002800	0.836567
0.002900	-3.024510
0.003000	-10.746700
0.003100	-1.093970
0.003200	-0.128703
0.003300	-1.093970
0.003400	-6.885590
0.003500	-3.024510
0.003600	-1.093970
0.003700	-4.955050
0.003800	-6.885590
0.003900	-7.850860
0.004000	-8.816130
0.004100	-4.955050
0.004200	-6.885590
0.004300	0.836567
0.004400	0.836567
0.004500	-10.746700
0.004600	-3.024510
0.004700	2.767110
0.004800	-2.059240
0.004900	-4.955050
0.005000	-3.024510
0.005100	-6.885590
0.005200	-4.955050
0.005300	-0.128703
0.005400	-4.955050
0.005500	-8.816130
0.005600	-4.955050
0.005700	-4.955050
0.005800	-7.368230
0.005900	-2.059240
0.006000	-3.024510
0.006100	-4.955050
0.006200	2.767110
0.006300	-1.093970
0.006400	-14.607800
0.006500	-8.816130
0.006600	0.836567
0.006700	-1.093970
0.006800	-7.850860
0.006900	-6.885590
0.007000	-10.264000
0.007100	-12.677200
0.007200	-3.989780
0.007300	-1.093970
0.007400	-6.885590
0.007500	-1.093970
0.007600	-5.920320
0.007700	-8.816130
0.007800	-3.024510
0.007900	-8.816130
0.008000	-15.573000
0.008100	-1.093970
0.008200	-1.093970
0.008300	-3.024510
0.008400	2.767110
0.008500	-6.885590
0.008600	-8.816130
0.008700	-3.024510
0.008800	-1.093970
0.008900	-5.920320
0.009000	-4.955050
0.009100	-8.816130
0.009200	-4.955050
0.009300	-4.955050
0.009400	-1.093970
0.009500	-11.711900
0.009600	-8.816130
0.009700	-0.128703
0.009800	-3.024510
0.009900	-4.955050
0.010000	-3.024510
0.010100	-8.816130
0.010200	-8.816130
0.010300	-8.816130
0.010400	-7.850860
0.010500	-7.850860
0.010600	-4.955050
0.010700	-4.955050
0.010800	-8.816130
0.010900	1.801840
0.011000	0.836567
0.011100	-3.024510
0.011200	-2.059240
0.011300	-4.955050
0.011400	-4.472420
0.011500	-3.024510
0.011600	-3.024510
0.011700	-1.093970
0.011800	-1.093970
0.011900	-1.093970
0.012000	-4.955050
0.012100	2.767110
0.012200	6.628190
0.012300	-1.093970
0.012400	4.697650
0.012500	12.419800
0.012600	8.558730
0.012700	8.558730
0.012800	10.489300
0.012900	8.558730
0.013000	0.836567
0.013100	10.489300
0.013200	9.041360
0.013300	-1.093970
0.013400	2.767110
0.013500	4.697650
0.013600	9.524000
0.013700	6.628190
0.013800	8.558730
0.013900	7.593460
0.014000	0.836567
0.014100	-3.024510
0.014200	0.836567
0.014300	-4.472420
0.014400	-8.816130
0.014500	-12.677200
0.014600	-12.677200
0.014700	3.249740
0.014800	4.697650
0.014900	-3.024510
0.015000	-1.093970
0.015100	-0.128703
0.015200	-0.611338
0.015300	2.767110
0.015400	3.732380
0.015500	-4.955050
0.015600	2.767110
0.015700	4.697650
0.015800	-4.955050
0.015900	-8.816130
0.016000	-6.402960
0.016100	-10.746700
0.016200	-7.850860
0.016300	0.836567
0.016400	1.319200
0.016500	8.558730
0.016600	6.628190
0.016700	3.732380
0.016800	2.767110
0.016900	1.801840
0.017000	10.489300
0.017100	11.454500
0.017200	8.558730
0.017300	6.628190
0.017400	4.697650
0.017500	-4.955050
0.017600	-7.850860
0.017700	-7.850860
0.017800	-4.955050
0.017900	-5.920320
0.018000	-6.885590
0.018100	-1.093970
0.018200	-3.989780
0.018300	-8.816130
0.018400	-14.607800
0.018500	-9.781400
0.018600	-2.059240
0.018700	-6.885590
0.018800	-4.955050
0.018900	-12.194600
0.019000	-8.816130
0.019100	-9.781400
0.019200	-8.333500
0.019300	0.836567
0.019400	-0.611338
0.019500	8.558730
0.019600	3.732380
0.019700	-3.024510
0.019800	6.628190
0.019900	-3.024510
0.020000	-4.955050
0.020100	0.836567
0.020200	0.836567
0.020300	4.697650
0.020400	6.628190
0.020500	-1.093970
0.020600	-17.503599
0.020700	-18.468800
0.020800	-16.538300
0.020900	-16.538300
0.021000	-12.677200
0.021100	-0.128703
0.021200	-6.402960
0.021300	-14.607800
0.021400	-4.955050
0.021500	6.628190
0.021600	0.836567
0.021700	-1.093970
0.021800	-3.024510
0.021900	-10.746700
0.022000	-6.885590
0.022100	-4.955050
0.022200	-10.746700
0.022300	-2.059240
0.022400	10.489300
0.022500	10.489300
0.022600	-0.128703
0.022700	-4.955050
0.022800	-8.816130
0.022900	-19.434099
0.023000	-15.573000
0.023100	-0.611338
0.023200	2.767110
0.023300	4.697650
0.023400	4.697650
0.023500	-3.024510
0.023600	-6.885590
0.023700	-9.781400
0.023800	-14.607800
0.023900	-10.746700
0.024000	-6.885590
0.024100	-12.677200
0.024200	-12.677200
0.024300	-18.468800
0.024400	-27.638901
0.024500	-20.399401
0.024600	-7.850860
0.024700	-3.024510
0.024800	-10.746700
0.024900	-8.333500
0.025000	-12.677200
0.025100	-14.607800
0.025200	-8.816130
0.025300	-1.093970
0.025400	0.836567
0.025500	-1.093970
0.025600	-8.816130
0.025700	-12.677200
0.025800	-12.677200
0.025900	-6.885590
0.026000	-4.955050
0.026100	-2.541880
0.026200	7.593460
0.026300	7.110820
0.026400	8.558730
0.026500	18.211399
0.026600	18.694099
0.026700	11.454500
0.026800	6.628190
0.026900	6.628190
0.027000	0.836567
0.027100	-8.816130
0.027200	-3.024510
0.027300	-0.128703
0.027400	-3.024510
0.027500	8.558730
0.027600	11.454500
0.027700	-1.093970
0.027800	-1.576610
0.027900	3.732380
0.028000	-1.093970
0.028100	6.628190
0.028200	18.211399
0.028300	10.489300
0.028400	5.662920
0.028500	20.142000
0.028600	27.864100
0.028700	22.072500
0.028800	29.794701
0.028900	30.759899
0.029000	33.655701
0.029100	24.003000
0.029200	21.107201
0.029300	14.350300
0.029400	15.315600
0.029500	10.489300
0.029600	18.211399
0.029700	23.037800
0.029800	20.142000
0.029900	14.350300
0.030000	12.419800
0.030100	6.628190
0.030200	18.211399
0.030300	23.037800
0.030400	25.933599
0.030500	28.829399
0.030600	24.003000
0.030700	24.003000
0.030800	22.072500
0.030900	24.003000
0.031000	27.864100
0.031100	24.003000
0.031200	22.072500
0.031300	18.211399
0.031400	12.902400
0.031500	13.385100
0.031600	10.489300
0.031700	14.350300
0.031800	20.142000
0.031900	16.280899
0.032000	21.107201
0.032100	22.072500
0.032200	14.350300
0.032300	20.142000
0.032400	22.072500
0.032500	22.072500
0.032600	24.003000
0.032700	24.003000
0.032800	18.211399
0.032900	14.350300
0.033000	14.833000
0.033100	11.937200
0.033200	22.072500
0.033300	26.898899
0.033400	24.003000
0.033500	22.072500
0.033600	22.072500
0.033700	23.037800
0.033800	24.003000
0.033900	22.072500
0.034000	20.142000
0.034100	23.037800
0.034200	23.037800
0.034300	14.350300
0.034400	8.558730
0.034500	12.419800
0.034600	15.315600
0.034700	20.142000
0.034800	18.211399
0.034900	25.933599
0.035000	25.933599
0.035100	18.211399
0.035200	18.211399
0.035300	16.280899
0.035400	10.971900
0.035500	18.211399
0.035600	23.037800
0.035700	12.419800
0.035800	12.902400
0.035900	18.211399
0.036000	12.419800
0.036100	14.350300
0.036200	20.142000
0.036300	16.280899
0.036400	18.694099
0.036500	27.381500
0.036600	23.037800
0.036700	18.211399
0.036800	14.350300
0.036900	14.350300
0.037000	14.350300
0.037100	10.489300
0.037200	14.350300
0.037300	19.176701
0.037400	24.003000
0.037500	22.072500
0.037600	22.072500
0.037700	16.280899
0.037800	10.489300
0.037900	15.315600
0.038000	19.176701
0.038100	22.072500
0.038200	19.176701
0.038300	12.419800
0.038400	23.037800
0.038500	24.003000
0.038600	16.280899
0.038700	19.176701
0.038800	25.933599
0.038900	24.003000
0.039000	18.211399
0.039100	20.142000
0.039200	25.933599
0.039300	24.003000
0.039400	25.933599
0.039500	25.933599
0.039600	24.003000
0.039700	27.864100
0.039800	25.933599
0.039900	12.419800
0.040000	2.767110
0.040100	10.489300
0.040200	27.864100
0.040300	14.350300
0.040400	22.072500
0.040500	31.725201
0.040600	29.794701
0.040700	27.864100
0.040800	27.864100
0.040900	42.343201
0.041000	56.822201
0.041100	49.100101
0.041200	39.447399
0.041300	45.238998
0.041400	39.447399
0.041500	25.933599
0.041600	35.586300
0.041700	30.759899
0.041800	33.655701
0.041900	43.308399
0.042000	35.586300
0.042100	27.864100
0.042200	24.003000
0.042300	34.620998
0.042400	45.238998
0.042500	45.238998
0.042600	39.930000
0.042700	38.482101
0.042800	35.586300
0.042900	49.100101
0.043000	51.030602
0.043100	44.756401
0.043200	54.891701
0.043300	63.096500
0.043400	62.613800
0.043500	52.961102
0.043600	43.308399
0.043700	43.308399
0.043800	49.100101
0.043900	51.030602
0.044000	51.995899
0.044100	52.961102
0.044200	47.169498
0.044300	39.447399
0.044400	43.308399
0.044500	49.100101
0.044600	51.030602
0.044700	49.582699
0.044800	56.822201
0.044900	51.030602
0.045000	49.582699
0.045100	49.100101
0.045200	43.308399
0.045300	43.308399
0.045400	52.961102
0.045500	51.030602
0.045600	47.169498
0.045700	50.065300
0.045800	41.377899
0.045900	37.516800
0.046000	41.377899
0.046100	39.447399
0.046200	38.482101
0.046300	37.516800
0.046400	39.447399
0.046500	43.308399
0.046600	37.516800
0.046700	35.586300
0.046800	37.516800
0.046900	35.586300
0.047000	35.586300
0.047100	29.794701
0.047200	24.003000
0.047300	27.864100
0.047400	33.655701
0.047500	33.655701
0.047600	35.586300
0.047700	41.377899
0.047800	35.586300
0.047900	34.620998
0.048000	37.999500
0.048100	31.725201
0.048200	27.864100
0.048300	34.620998
0.048400	37.516800
0.048500	33.655701
0.048600	33.655701
0.048700	29.794701
0.048800	27.864100
0.048900	23.520399
0.049000	26.898899
0.049100	24.003000
0.049200	18.211399
0.049300	19.176701
0.049400	20.142000
0.049500	11.454500
0.049600	15.315600
0.049700	22.072500
0.049800	18.211399
0.049900	24.003000
0.050000	31.725201
0.050100	22.072500
0.050200	14.350300
0.050300	19.176701
0.050400	11.454500
0.050500	12.419800
0.050600	20.142000
0.050700	20.142000
0.050800	18.211399
0.050900	18.211399
0.051000	19.176701
0.051100	18.211399
0.051200	12.419800
0.051300	10.489300
0.051400	16.280899
0.051500	19.176701
0.051600	22.072500
0.051700	22.072500
0.051800	14.350300
0.051900	15.315600
0.052000	18.211399
0.052100	16.280899
0.052200	21.107201
0.052300	22.555099
0.052400	12.419800
0.052500	14.350300
0.052600	18.211399
0.052700	18.211399
0.052800	14.350300
0.052900	12.419800
0.053000	21.107201
0.053100	22.072500
0.053200	18.211399
0.053300	20.142000
0.053400	22.072500
0.053500	16.280899
0.053600	25.933599
0.053700	28.829399
0.053800	20.142000
0.053900	22.072500
0.054000	22.072500
0.054100	20.142000
0.054200	20.142000
0.054300	19.176701
0.054400	24.003000
0.054500	25.933599
0.054600	29.794701
0.054700	31.725201
0.054800	26.898899
0.054900	22.072500
0.055000	22.072500
0.055100	18.211399
0.055200	27.381500
0.055300	29.794701
0.055400	20.142000
0.055500	25.933599
0.055600	33.655701
0.055700	25.933599
0.055800	20.142000
0.055900	23.037800
0.056000	19.176701
0.056100	20.142000
0.056200	25.933599
0.056300	22.072500
0.056400	18.211399
0.056500	14.350300
0.056600	7.593460
0.056700	7.593460
0.056800	8.558730
0.056900	16.280899
0.057000	19.176701
0.057100	10.489300
0.057200	12.419800
0.057300	10.489300
0.057400	5.662920
0.057500	13.385100
0.057600	14.350300
0.057700	11.937200
0.057800	14.350300
0.057900	12.419800
0.058000	11.454500
0.058100	10.489300
0.058200	6.628190
0.058300	10.489300
0.058400	12.419800
0.058500	14.350300
0.058600	16.280899
0.058700	14.350300
0.058800	14.350300
0.058900	12.419800
0.059000	12.419800
0.059100	15.315600
0.059200	11.454500
0.059300	14.350300
0.059400	18.211399
0.059500	14.350300
0.059600	16.280899
0.059700	18.211399
0.059800	18.211399
0.059900	20.142000
0.060000	20.142000
0.060100	23.037800
0.060200	21.107201
0.060300	11.454500
0.060400	22.072500
0.060500	20.142000
0.060600	12.902400
0.060700	18.211399
0.060800	18.211399
0.060900	18.211399
0.061000	14.350300
0.061100	12.902400
0.061200	14.350300
0.061300	14.350300
0.061400	18.211399
0.061500	21.107201
0.061600	18.211399
0.061700	22.072500
0.061800	24.003000
0.061900	15.315600
0.062000	10.489300
0.062100	19.176701
0.062200	14.350300
0.062300	13.385100
0.062400	16.280899
0.062500	18.211399
0.062600	19.176701
0.062700	20.142000
0.062800	22.072500
0.062900	19.176701
0.063000	12.902400
0.063100	14.350300
0.063200	18.211399
0.063300	18.211399
0.063400	18.211399
0.063500	18.211399
0.063600	12.419800
0.063700	16.280899
0.063800	20.142000
0.063900	16.280899
0.064000	16.280899
0.064100	19.176701
0.064200	18.211399
0.064300	18.211399
0.064400	22.072500
0.064500	18.211399
0.064600	14.833000
0.064700	16.280899
0.064800	8.558730
0.064900	15.315600
0.065000	14.350300
0.065100	12.419800
0.065200	14.350300
0.065300	15.315600
0.065400	8.558730
0.065500	6.628190
0.065600	10.489300
0.065700	20.142000
0.065800	20.142000
0.065900	18.211399
0.066000	14.350300
0.066100	14.350300
0.066200	13.385100
0.066300	12.419800
0.066400	14.350300
0.066500	10.489300
0.066600	12.419800
0.066700	12.419800
0.066800	6.628190
0.066900	10.489300
0.067000	9.524000
0.067100	3.732380
0.067200	6.628190
0.067300	10.489300
0.067400	10.489300
0.067500	10.489300
0.067600	14.350300
0.067700	10.489300
0.067800	7.593460
0.067900	12.419800
0.068000	6.628190
0.068100	10.489300
0.068200	14.350300
0.068300	10.489300
0.068400	8.558730
0.068500	9.041360
0.068600	6.628190
0.068700	2.767110
0.068800	11.454500
0.068900	14.350300
0.069000	6.628190
0.069100	9.524000
0.069200	7.593460
0.069300	8.558730
0.069400	10.489300
0.069500	8.558730
0.069600	10.489300
0.069700	12.419800
0.069800	9.524000
0.069900	10.489300
0.070000	4.697650
0.070100	7.593460
0.070200	14.350300
0.070300	8.558730
0.070400	13.385100
0.070500	12.419800
0.070600	4.697650
0.070700	9.041360
0.070800	10.489300
0.070900	9.041360
0.071000	8.558730
0.071100	10.489300
0.071200	15.315600
0.071300	14.350300
0.071400	14.350300
0.071500	12.419800
0.071600	11.937200
0.071700	15.315600
0.071800	15.315600
0.071900	12.419800
0.072000	8.558730
0.072100	10.489300
0.072200	6.628190
0.072300	18.211399
0.072400	20.142000
0.072500	16.280899
0.072600	13.867700
0.072700	19.176701
0.072800	18.211399
0.072900	16.280899
0.073000	11.454500
0.073100	11.454500
0.073200	10.489300
0.073300	10.971900
0.073400	10.489300
0.073500	18.211399
0.073600	15.315600
0.073700	14.350300
0.073800	14.350300
0.073900	12.419800
0.074000	14.350300
0.074100	18.211399
0.074200	10.489300
0.074300	12.419800
0.074400	18.211399
0.074500	14.350300
0.074600	12.419800
0.074700	14.350300
0.074800	14.350300
0.074900	10.971900
0.075000	14.350300
0.075100	18.211399
0.075200	16.280899
0.075300	20.142000
0.075400	15.315600
0.075500	18.211399
0.075600	13.385100
0.075700	13.385100
0.075800	16.280899
0.075900	18.211399
0.076000	14.350300
0.076100	16.280899
0.076200	14.350300
0.076300	10.971900
0.076400	15.315600
0.076500	18.211399
0.076600	18.211399
0.076700	12.419800
0.076800	11.454500
0.076900	18.211399
0.077000	18.211399
0.077100	12.419800
0.077200	14.350300
0.077300	18.211399
0.077400	12.902400
0.077500	16.280899
0.077600	19.176701
0.077700	15.315600
0.077800	18.211399
0.077900	21.107201
0.078000	16.280899
0.078100	20.142000
0.078200	22.072500
0.078300	14.350300
0.078400	14.350300
0.078500	20.142000
0.078600	22.072500
0.078700	14.833000
0.078800	20.142000
0.078900	22.072500
0.079000	20.142000
0.079100	20.142000
0.079200	23.037800
0.079300	20.142000
0.079400	18.211399
0.079500	24.003000
0.079600	24.003000
0.079700	18.211399
0.079800	25.933599
0.079900	26.898899
0.080000	22.072500
0.080100	22.555099
0.080200	23.037800
0.080300	24.003000
0.080400	24.003000
0.080500	18.211399
0.080600	18.211399
0.080700	24.003000
0.080800	21.107201
0.080900	22.072500
0.081000	20.142000
0.081100	23.037800
0.081200	24.003000
0.081300	22.072500
0.081400	20.142000
0.081500	24.003000
0.081600	23.520399
0.081700	25.933599
0.081800	25.933599
0.081900	25.933599
0.082000	22.072500
0.082100	18.211399
0.082200	20.142000
0.082300	20.142000
0.082400	18.211399
0.082500	14.350300
0.082600	18.211399
0.082700	19.176701
0.082800	12.419800
0.082900	15.315600
0.083000	14.350300
0.083100	18.211399
0.083200	22.072500
0.083300	14.350300
0.083400	16.763500
0.083500	18.211399
0.083600	14.350300
0.083700	9.524000
0.083800	15.315600
0.083900	20.142000
0.084000	15.315600
0.084100	18.211399
0.084200	14.350300
0.084300	14.350300
0.084400	18.211399
0.084500	21.107201
0.084600	22.072500
0.084700	12.419800
0.084800	14.350300
0.084900	18.211399
0.085000	8.558730
0.085100	10.489300
0.085200	14.350300
0.085300	12.419800
0.085400	14.350300
0.085500	20.142000
0.085600	16.280899
0.085700	16.763500
0.085800	20.142000
0.085900	12.419800
0.086000	10.489300
0.086100	15.315600
0.086200	12.419800
0.086300	10.489300
0.086400	16.280899
0.086500	16.280899
0.086600	18.211399
0.086700	12.419800
0.086800	15.315600
0.086900	10.489300
0.087000	10.489300
0.087100	18.211399
0.087200	14.350300
0.087300	10.489300
0.087400	18.211399
0.087500	16.280899
0.087600	14.350300
0.087700	20.142000
0.087800	14.350300
0.087900	16.280899
0.088000	16.280899
0.088100	9.041360
0.088200	12.419800
0.088300	12.419800
0.088400	9.524000
0.088500	13.385100
0.088600	10.971900
0.088700	14.350300
0.088800	10.489300
0.088900	12.419800
0.089000	10.489300
0.089100	12.419800
0.089200	20.142000
0.089300	19.176701
0.089400	15.315600
0.089500	16.280899
0.089600	10.489300
0.089700	14.350300
0.089800	20.624599
0.089900	18.211399
0.090000	14.350300
0.090100	20.142000
0.090200	22.072500
0.090300	18.211399
0.090400	24.003000
0.090500	22.072500
0.090600	18.211399
0.090700	22.072500
0.090800	19.176701
0.090900	19.176701
0.091000	22.072500
0.091100	20.142000
0.091200	16.280899
0.091300	22.072500
0.091400	24.003000
0.091500	25.933599
0.091600	24.003000
0.091700	25.933599
0.091800	29.794701
0.091900	26.898899
0.092000	20.142000
0.092100	20.142000
0.092200	22.072500
0.092300	22.072500
0.092400	25.933599
0.092500	24.003000
0.092600	24.003000
0.092700	25.933599
0.092800	24.003000
0.092900	24.003000
0.093000	26.898899
0.093100	27.864100
0.093200	24.968300
0.093300	20.142000
0.093400	18.211399
0.093500	20.142000
0.093600	22.072500
0.093700	25.933599
0.093800	23.037800
0.093900	19.176701
0.094000	23.037800
0.094100	24.003000
0.094200	20.142000
0.094300	20.142000
0.094400	21.107201
0.094500	22.072500
0.094600	26.416201
0.094700	19.176701
0.094800	24.003000
0.094900	27.864100
0.095000	23.037800
0.095100	24.003000
0.095200	27.864100
0.095300	26.898899
0.095400	22.072500
0.095500	19.176701
0.095600	24.003000
0.095700	20.142000
0.095800	18.694099
0.095900	29.794701
0.096000	24.003000
0.096100	20.142000
0.096200	24.003000
0.096300	25.933599
0.096400	22.072500
0.096500	25.933599
0.096600	25.933599
0.096700	27.864100
0.096800	24.968300
0.096900	26.898899
0.097000	24.003000
0.097100	22.072500
0.097200	24.003000
0.097300	27.864100
0.097400	24.003000
0.097500	20.142000
0.097600	24.003000
0.097700	25.933599
0.097800	22.072500
0.097900	25.933599
0.098000	25.933599
0.098100	21.107201
0.098200	22.072500
0.098300	25.933599
0.098400	27.864100
0.098500	22.072500
0.098600	25.933599
0.098700	26.898899
0.098800	18.211399
0.098900	24.003000
0.099000	29.794701
0.099100	25.933599
0.099200	22.072500
0.099300	24.003000
0.099400	24.003000
0.099500	18.211399
0.099600	23.037800
0.099700	25.933599
0.099800	24.003000
0.099900	18.211399
0.100000	20.142000
0.100100	21.107201
0.100200	23.037800
0.100300	24.003000
0.100400	22.555099
0.100500	25.933599
0.100600	24.003000
0.100700	20.624599
0.100800	18.211399
0.100900	14.350300
0.101000	21.107201
0.101100	22.555099
0.101200	18.694099
0.101300	23.037800
0.101400	21.107201
0.101500	18.211399
0.101600	20.142000
0.101700	18.211399
0.101800	22.072500
0.101900	20.142000
0.102000	15.315600
0.102100	21.107201
0.102200	27.864100
0.102300	20.142000
0.102400	18.211399
0.102500	19.659300
0.102600	19.176701
0.102700	23.520399
0.102800	18.211399
0.102900	18.211399
0.103000	14.350300
0.103100	22.072500
0.103200	23.037800
0.103300	16.280899
0.103400	22.072500
0.103500	25.933599
0.103600	16.763500
0.103700	16.280899
0.103800	20.142000
0.103900	15.315600
0.104000	20.142000
0.104100	25.933599
0.104200	20.142000
0.104300	18.211399
0.104400	18.211399
0.104500	20.142000
0.104600	22.072500
0.104700	24.003000
0.104800	23.520399
0.104900	27.864100
0.105000	26.416201
0.105100	20.142000
0.105200	25.933599
0.105300	24.003000
0.105400	24.003000
0.105500	20.142000
0.105600	20.142000
0.105700	24.003000
0.105800	20.142000
0.105900	14.350300
0.106000	22.072500
0.106100	19.176701
0.106200	18.211399
0.106300	30.277300
0.106400	25.933599
0.106500	22.072500
0.106600	29.794701
0.106700	25.933599
0.106800	18.211399
0.106900	21.107201
0.107000	22.072500
0.107100	20.142000
0.107200	23.037800
0.107300	27.864100
0.107400	23.037800
0.107500	24.003000
0.107600	23.520399
0.107700	19.176701
0.107800	21.107201
0.107900	20.142000
0.108000	19.176701
0.108100	24.003000
0.108200	19.176701
0.108300	16.280899
0.108400	23.037800
0.108500	24.003000
0.108600	18.211399
0.108700	15.315600
0.108800	18.211399
0.108900	19.176701
0.109000	15.315600
0.109100	22.072500
0.109200	18.211399
0.109300	17.246201
0.109400	23.037800
0.109500	22.072500
0.109600	15.315600
0.109700	16.280899
0.109800	19.176701
0.109900	14.350300
0.110000	18.211399
0.110100	16.280899
0.110200	16.280899
0.110300	20.142000
0.110400	20.142000
0.110500	18.211399
0.110600	18.211399
0.110700	20.142000
0.110800	18.211399
0.110900	14.350300
0.111000	10.489300
0.111100	14.350300
0.111200	16.280899
0.111300	15.315600
0.111400	15.315600
0.111500	16.280899
0.111600	18.211399
0.111700	15.315600
0.111800	19.176701
0.111900	16.280899
0.112000	15.315600
0.112100	20.142000
0.112200	14.350300
0.112300	14.350300
0.112400	18.211399
0.112500	18.211399
0.112600	20.142000
0.112700	12.419800
0.112800	10.489300
0.112900	12.902400
0.113000	14.350300
0.113100	8.558730
0.113200	10.489300
0.113300	14.350300
0.113400	11.454500
0.113500	16.280899
0.113600	18.211399
0.113700	7.593460
0.113800	11.454500
0.113900	12.419800
0.114000	5.180280
0.114100	11.454500
0.114200	14.350300
0.114300	11.454500
0.114400	10.489300
0.114500	2.767110
0.114600	0.836567
0.114700	3.732380
0.114800	10.489300
0.114900	10.489300
0.115000	6.628190
0.115100	12.419800
0.115200	12.419800
0.115300	4.697650
0.115400	10.489300
0.115500	16.280899
0.115600	10.489300
0.115700	10.489300
0.115800	14.350300
0.115900	6.628190
0.116000	12.419800
0.116100	16.280899
0.116200	6.628190
0.116300	7.110820
0.116400	16.280899
0.116500	10.489300
0.116600	7.110820
0.116700	8.558730
0.116800	6.628190
0.116900	6.628190
0.117000	12.419800
0.117100	18.211399
0.117200	6.628190
0.117300	7.593460
0.117400	6.628190
0.117500	4.697650
0.117600	7.593460
0.117700	6.628190
0.117800	4.697650
0.117900	12.419800
0.118000	14.350300
0.118100	4.697650
0.118200	6.628190
0.118300	11.454500
0.118400	8.558730
0.118500	0.836567
0.118600	4.697650
0.118700	10.489300
0.118800	0.836567
0.118900	6.628190
0.119000	14.833000
0.119100	10.489300
0.119200	10.489300
0.119300	12.902400
0.119400	10.489300
0.119500	6.628190
0.119600	11.454500
0.119700	6.628190
0.119800	7.593460
0.119900	10.489300
0.120000	10.489300
0.120100	5.662920
0.120200	8.558730
0.120300	11.454500
0.120400	6.628190
0.120500	0.836567
0.120600	6.628190
0.120700	11.454500
0.120800	8.558730
0.120900	4.697650
0.121000	10.489300
0.121100	6.628190
0.121200	8.558730
0.121300	11.454500
0.121400	4.697650
0.121500	6.628190
0.121600	12.419800
0.121700	6.628190
0.121800	5.662920
0.121900	6.628190
0.122000	6.628190
0.122100	5.180280
0.122200	0.836567
0.122300	6.628190
0.122400	7.593460
0.122500	6.628190
0.122600	7.593460
0.122700	10.489300
0.122800	6.628190
0.122900	-1.093970
0.123000	10.489300
0.123100	6.628190
0.123200	-1.093970
0.123300	5.180280
0.123400	10.489300
0.123500	5.662920
0.123600	10.489300
0.123700	10.489300
0.123800	4.215010
0.123900	10.489300
0.124000	4.697650
0.124100	1.801840
0.124200	7.110820
0.124300	8.558730
0.124400	-1.093970
0.124500	-1.093970
0.124600	2.767110
0.124700	2.767110
0.124800	-1.093970
0.124900	6.628190
0.125000	4.697650
0.125100	2.767110
0.125200	6.628190
0.125300	2.767110
0.125400	-0.128703
0.125500	-0.128703
0.125600	3.732380
0.125700	8.558730
0.125800	4.697650
0.125900	1.801840
0.126000	2.767110
0.126100	-3.024510
0.126200	-1.093970
0.126300	4.697650
0.126400	-0.611338
0.126500	0.836567
0.126600	5.662920
0.126700	3.732380
0.126800	-1.093970
0.126900	-1.093970
0.127000	-2.541880
0.127100	-3.024510
0.127200	2.767110
0.127300	3.732380
0.127400	-5.920320
0.127500	-3.024510
0.127600	-3.989780
0.127700	-2.541880
0.127800	-2.059240
0.127900	-6.885590
0.128000	-8.816130
0.128100	-3.989780
0.128200	-1.093970
0.128300	-1.093970
0.128400	0.836567
0.128500	-0.128703
0.128600	-3.989780
0.128700	-3.024510
0.128800	2.767110
0.128900	-3.024510
0.129000	-3.024510
0.129100	-4.955050
0.129200	-4.955050
0.129300	-3.024510
0.129400	-0.128703
0.129500	-6.885590
0.129600	-1.093970
0.129700	3.732380
0.129800	-3.024510
0.129900	-1.093970
0.130000	2.767110
0.130100	-1.093970
0.130200	-3.989780
0.130300	-3.024510
0.130400	-1.093970
0.130500	-1.093970
0.130600	2.767110
0.130700	3.732380
0.130800	-3.024510
0.130900	-8.816130
0.131000	-1.093970
0.131100	-1.093970
0.131200	-1.093970
0.131300	2.767110
0.131400	-1.093970
0.131500	-4.955050
0.131600	0.836567
0.131700	-1.093970
0.131800	-9.781400
0.131900	0.836567
0.132000	4.697650
0.132100	-1.093970
0.132200	-3.024510
0.132300	2.767110
0.132400	-1.093970
0.132500	-3.989780
0.132600	-1.093970
0.132700	0.836567
0.132800	5.180280
0.132900	2.767110
0.133000	3.732380
0.133100	2.767110
0.133200	0.353932
0.133300	-1.093970
0.133400	0.836567
0.133500	-1.093970
0.133600	-2.059240
0.133700	0.836567
0.133800	-1.093970
0.133900	-2.059240
0.134000	-1.093970
0.134100	2.767110
0.134200	-0.128703
0.134300	-2.059240
0.134400	-3.024510
0.134500	-0.611338
0.134600	-1.093970
0.134700	1.801840
0.134800	-1.093970
0.134900	-2.541880
0.135000	-1.093970
0.135100	-3.024510
0.135200	-3.989780
0.135300	-0.128703
0.135400	-1.093970
0.135500	2.767110
0.135600	-3.024510
0.135700	-6.885590
0.135800	2.767110
0.135900	-3.024510
0.136000	-1.093970
0.136100	4.697650
0.136200	-1.093970
0.136300	-3.989780
0.136400	-2.541880
0.136500	-1.093970
0.136600	-1.093970
0.136700	-3.024510
0.136800	-1.093970
0.136900	-0.128703
0.137000	-1.093970
0.137100	-2.059240
0.137200	2.767110
0.137300	3.732380
0.137400	-3.989780
0.137500	-3.024510
0.137600	-3.024510
0.137700	-1.093970
0.137800	2.767110
0.137900	-3.024510
0.138000	-3.024510
0.138100	1.801840
0.138200	2.767110
0.138300	-1.093970
0.138400	-3.024510
0.138500	-3.024510
0.138600	-1.093970
0.138700	-3.024510
0.138800	2.767110
0.138900	-0.128703
0.139000	-3.024510
0.139100	0.836567
0.139200	2.767110
0.139300	-3.989780
0.139400	0.836567
0.139500	2.767110
0.139600	-3.989780
0.139700	-1.093970
0.139800	3.732380
0.139900	-3.024510
0.140000	-3.024510
0.140100	3.732380
0.140200	-2.059240
0.140300	-3.024510
0.140400	2.767110
0.140500	-1.093970
0.140600	0.836567
0.140700	-3.024510
0.140800	-0.128703
0.140900	-5.920320
0.141000	-4.955050
0.141100	0.836567
0.141200	-3.024510
0.141300	-2.059240
0.141400	-0.128703
0.141500	-7.850860
0.141600	-4.955050
0.141700	0.836567
0.141800	-2.541880
0.141900	-3.989780
0.142000	-2.541880
0.142100	-8.816130
0.142200	-8.816130
0.142300	-2.059240
0.142400	-8.816130
0.142500	-8.816130
0.142600	3.249740
0.142700	4.697650
0.142800	-2.059240
0.142900	2.767110
0.143000	4.697650
0.143100	-8.816130
0.143200	-1.093970
0.143300	0.836567
0.143400	-8.816130
0.143500	-3.024510
0.143600	0.836567
0.143700	-3.024510
0.143800	-4.955050
0.143900	-1.093970
0.144000	-3.024510
0.144100	-8.816130
0.144200	-1.093970
0.144300	4.697650
0.144400	-1.093970
0.144500	-1.576610
0.144600	-1.093970
0.144700	-3.989780
0.144800	0.836567
0.144900	1.319200
0.145000	-3.024510
0.145100	-0.128703
0.145200	2.767110
0.145300	-6.885590
0.145400	-1.093970
0.145500	4.697650
0.145600	-3.024510
0.145700	-3.024510
0.145800	2.767110
0.145900	-3.024510
0.146000	2.767110
0.146100	2.767110
0.146200	-2.059240
0.146300	2.767110
0.146400	1.319200
0.146500	-1.093970
0.146600	-1.093970
0.146700	4.697650
0.146800	6.628190
0.146900	0.836567
0.147000	-0.128703
0.147100	2.767110
0.147200	1.801840
0.147300	6.628190
0.147400	8.558730
0.147500	0.836567
0.147600	-2.059240
0.147700	6.628190
0.147800	2.767110
0.147900	-3.507150
0.148000	2.767110
0.148100	-1.093970
0.148200	-3.024510
0.148300	-0.128703
0.148400	-1.093970
0.148500	-1.093970
0.148600	1.319200
0.148700	-1.093970
0.148800	-3.024510
0.148900	-4.955050
0.149000	2.767110
0.149100	-1.093970
0.149200	-0.611338
0.149300	6.628190
0.149400	-0.128703
0.149500	-2.541880
0.149600	5.662920
0.149700	2.767110
0.149800	0.836567
0.149900	2.767110
0.150000	-3.024510
0.150100	-0.128703
0.150200	-0.128703
0.150300	0.353932
0.150400	3.732380
0.150500	-0.128703
0.150600	0.836567
0.150700	-1.093970
0.150800	2.767110
0.150900	0.836567
0.151000	-3.024510
0.151100	-0.128703
0.151200	-1.576610
0.151300	-1.093970
0.151400	-3.024510
0.151500	-0.128703
0.151600	0.836567
0.151700	-1.093970
0.151800	-0.128703
0.151900	-1.093970
0.152000	-1.093970
0.152100	2.767110
0.152200	-1.093970
0.152300	-4.955050
0.152400	-3.024510
0.152500	-4.955050
0.152600	-8.816130
0.152700	-4.955050
0.152800	-1.093970
0.152900	-0.611338
0.153000	-4.472420
0.153100	-2.059240
0.153200	-6.885590
0.153300	-6.885590
0.153400	2.767110
0.153500	-2.541880
0.153600	-4.955050
0.153700	3.732380
0.153800	-3.024510
0.153900	-6.885590
0.154000	0.836567
0.154100	-1.093970
0.154200	-4.955050
0.154300	-2.059240
0.154400	-1.093970
0.154500	-3.024510
0.154600	-4.955050
0.154700	-3.024510
0.154800	-4.955050
0.154900	0.836567
0.155000	-1.093970
0.155100	-0.128703
0.155200	-0.611338
0.155300	-3.989780
0.155400	-3.024510
0.155500	-4.472420
0.155600	-7.850860
0.155700	0.836567
0.155800	-2.059240
0.155900	-3.989780
0.156000	-0.128703
0.156100	-4.955050
0.156200	-7.850860
0.156300	-4.472420
0.156400	-1.093970
0.156500	0.836567
0.156600	0.836567
0.156700	2.767110
0.156800	-5.920320
0.156900	-3.024510
0.157000	2.767110
0.157100	-2.059240
0.157200	-1.093970
0.157300	5.180280
0.157400	-1.093970
0.157500	0.836567
0.157600	-3.024510
0.157700	-2.059240
0.157800	-0.128703
0.157900	-1.093970
0.158000	-3.024510
0.158100	0.836567
0.158200	-2.541880
0.158300	-3.024510
0.158400	0.836567
0.158500	-0.128703
0.158600	3.732380
0.158700	0.836567
0.158800	-1.093970
0.158900	-1.093970
0.159000	-1.093970
0.159100	0.836567
0.159200	-2.059240
0.159300	-3.024510
0.159400	-2.059240
0.159500	-1.093970
0.159600	0.836567
0.159700	-1.093970
0.159800	0.836567
0.159900	0.836567
0.160000	-3.024510
0.160100	4.697650
0.160200	3.732380
0.160300	-1.093970
0.160400	2.767110
0.160500	2.767110
0.160600	2.767110
0.160700	2.767110
0.160800	0.836567
0.160900	-2.059240
0.161000	6.628190
0.161100	3.732380
0.161200	-3.024510
0.161300	6.628190
0.161400	3.249740
0.161500	-3.989780
0.161600	0.836567
0.161700	-1.093970
0.161800	-3.507150
0.161900	0.836567
0.162000	-1.093970
0.162100	-3.024510
0.162200	0.836567
0.162300	4.697650
0.162400	-3.024510
0.162500	-3.989780
0.162600	8.558730
0.162700	6.628190
0.162800	-1.093970
0.162900	-3.024510
0.163000	2.767110
0.163100	-4.955050
0.163200	-6.885590
0.163300	-3.024510
0.163400	-3.024510
0.163500	-3.024510
0.163600	4.697650
0.163700	1.801840
0.163800	-1.093970
0.163900	0.836567
0.164000	-1.093970
0.164100	0.836567
0.164200	0.836567
0.164300	-7.850860
0.164400	-3.024510
0.164500	3.732380
0.164600	-1.093970
0.164700	-3.989780
0.164800	-1.093970
0.164900	-1.093970
0.165000	-3.024510
0.165100	0.836567
0.165200	3.732380
0.165300	-1.093970
0.165400	-0.128703
0.165500	-1.093970
0.165600	-5.920320
0.165700	-1.093970
0.165800	-0.128703
0.165900	-2.059240
0.166000	-1.093970
0.166100	-4.955050
0.166200	-2.059240
0.166300	-3.024510
0.166400	-3.989780
0.166500	-4.955050
0.166600	-1.093970
0.166700	-0.128703
0.166800	2.767110
0.166900	-4.955050
0.167000	-2.059240
0.167100	-0.128703
0.167200	-3.989780
0.167300	-4.955050
0.167400	2.767110
0.167500	-3.024510
0.167600	-6.402960
0.167700	-3.024510
0.167800	-1.093970
0.167900	-0.128703
0.168000	7.593460
0.168100	0.836567
0.168200	-0.128703
0.168300	-0.128703
0.168400	-1.093970
0.168500	-2.059240
0.168600	-0.128703
0.168700	-1.093970
0.168800	-7.850860
0.168900	0.836567
0.169000	2.767110
0.169100	-6.885590
0.169200	-1.093970
0.169300	-0.128703
0.169400	-4.955050
0.169500	-1.093970
0.169600	6.628190
0.169700	-0.128703
0.169800	-1.093970
0.169900	3.732380
0.170000	-3.024510
0.170100	-1.093970
0.170200	3.249740
0.170300	-1.093970
0.170400	-7.850860
0.170500	-2.541880
0.170600	0.836567
0.170700	-4.955050
0.170800	-8.816130
0.170900	2.767110
0.171000	-0.611338
0.171100	-0.128703
0.171200	2.767110
0.171300	-1.093970
0.171400	2.767110
0.171500	9.041360
0.171600	1.801840
0.171700	-3.024510
0.171800	2.767110
0.171900	0.836567
0.172000	0.836567
0.172100	4.697650
0.172200	-1.093970
0.172300	-3.024510
0.172400	2.767110
0.172500	2.767110
0.172600	-1.093970
0.172700	0.836567
0.172800	7.593460
0.172900	-1.093970
0.173000	-0.128703
0.173100	4.697650
0.173200	-1.093970
0.173300	2.767110
0.173400	4.697650
0.173500	-2.059240
0.173600	2.767110
0.173700	4.697650
0.173800	-2.059240
0.173900	0.836567
0.174000	2.767110
0.174100	-1.093970
0.174200	-0.128703
0.174300	-0.128703
0.174400	-0.128703
0.174500	2.767110
0.174600	-1.093970
0.174700	0.836567
0.174800	-3.989780
0.174900	-4.955050
0.175000	-0.128703
0.175100	4.697650
0.175200	0.836567
0.175300	2.767110
0.175400	-1.093970
0.175500	-1.093970
0.175600	0.836567
0.175700	2.767110
0.175800	0.836567
0.175900	-3.024510
0.176000	1.801840
0.176100	4.697650
0.176200	-0.128703
0.176300	-5.920320
0.176400	0.836567
0.176500	2.767110
0.176600	2.767110
0.176700	-1.093970
0.176800	-1.093970
0.176900	6.628190
0.177000	-0.128703
0.177100	-2.541880
0.177200	-1.093970
0.177300	2.767110
0.177400	-0.128703
0.177500	0.836567
0.177600	4.697650
0.177700	0.836567
0.177800	-3.024510
0.177900	0.836567
0.178000	-1.093970
0.178100	-3.024510
0.178200	-2.059240
0.178300	-2.059240
0.178400	-0.128703
0.178500	2.767110
0.178600	-1.093970
0.178700	-6.885590
0.178800	-1.093970
0.178900	6.628190
0.179000	1.801840
0.179100	-3.024510
0.179200	-2.059240
0.179300	-2.059240
0.179400	2.767110
0.179500	0.836567
0.179600	-0.611338
0.179700	5.662920
0.179800	-1.093970
0.179900	0.836567
0.180000	0.836567
0.180100	-4.955050
0.180200	-3.024510
0.180300	3.732380
0.180400	-2.059240
0.180500	-1.093970
0.180600	-1.093970
0.180700	-1.093970
0.180800	4.697650
0.180900	0.836567
0.181000	0.836567
0.181100	2.767110
0.181200	2.767110
0.181300	0.836567
0.181400	-0.128703
0.181500	-1.093970
0.181600	2.767110
0.181700	3.732380
0.181800	-0.128703
0.181900	-3.024510
0.182000	0.836567
0.182100	1.801840
0.182200	1.801840
0.182300	3.732380
0.182400	6.628190
0.182500	3.732380
0.182600	-1.093970
0.182700	2.767110
0.182800	6.628190
0.182900	-3.024510
0.183000	-3.024510
0.183100	2.767110
0.183200	-2.541880
0.183300	0.836567
0.183400	-1.093970
0.183500	-1.093970
0.183600	-3.024510
0.183700	-4.472420
0.183800	-0.128703
0.183900	4.697650
0.184000	4.697650
0.184100	7.110820
0.184200	2.767110
0.184300	-1.093970
0.184400	10.489300
0.184500	7.593460
0.184600	2.767110
0.184700	-3.024510
0.184800	-2.059240
0.184900	-2.059240
0.185000	-1.093970
0.185100	2.767110
0.185200	6.628190
0.185300	2.767110
0.185400	2.767110
0.185500	2.767110
0.185600	-3.024510
0.185700	2.767110
0.185800	-1.093970
0.185900	-1.093970
0.186000	2.767110
0.186100	0.353932
0.186200	0.836567
0.186300	3.732380
0.186400	-1.093970
0.186500	-1.093970
0.186600	5.662920
0.186700	4.697650
0.186800	0.836567
0.186900	4.697650
0.187000	5.662920
0.187100	-1.093970
0.187200	4.697650
0.187300	4.697650
0.187400	-1.093970
0.187500	4.697650
0.187600	-0.128703
0.187700	-3.024510
0.187800	0.836567
0.187900	4.697650
0.188000	6.628190
0.188100	8.558730
0.188200	3.249740
0.188300	4.697650
0.188400	3.732380
0.188500	-1.093970
0.188600	2.767110
0.188700	3.249740
0.188800	2.767110
0.188900	2.767110
0.189000	7.593460
0.189100	3.732380
0.189200	0.836567
0.189300	2.767110
0.189400	-1.093970
0.189500	-1.093970
0.189600	-1.093970
0.189700	-4.955050
0.189800	0.836567
0.189900	3.732380
0.190000	-1.093970
0.190100	1.801840
0.190200	2.767110
0.190300	2.767110
0.190400	3.732380
0.190500	8.558730
0.190600	6.628190
0.190700	0.836567
0.190800	2.767110
0.190900	-3.024510
0.191000	-6.885590
0.191100	2.767110
0.191200	0.836567
0.191300	-0.128703
0.191400	-2.059240
0.191500	2.767110
0.191600	2.767110
0.191700	-1.093970
0.191800	2.767110
0.191900	-1.093970
0.192000	-0.611338
0.192100	1.801840
0.192200	-2.059240
0.192300	-4.955050
0.192400	2.767110
0.192500	4.697650
0.192600	2.767110
0.192700	3.732380
0.192800	6.628190
0.192900	3.249740
0.193000	2.767110
0.193100	4.697650
0.193200	-3.989780
0.193300	-1.093970
0.193400	-0.128703
0.193500	-3.024510
0.193600	-3.024510
0.193700	6.628190
0.193800	-1.093970
0.193900	-1.093970
0.194000	4.697650
0.194100	4.697650
0.194200	2.767110
0.194300	-0.611338
0.194400	-3.024510
0.194500	-3.024510
0.194600	-0.128703
0.194700	7.593460
0.194800	-1.093970
0.194900	0.836567
0.195000	0.836567
0.195100	-1.093970
0.195200	3.732380
0.195300	0.836567
0.195400	-1.093970
0.195500	4.697650
0.195600	-0.611338
0.195700	-1.093970
0.195800	2.767110
0.195900	0.836567
0.196000	-3.024510
0.196100	-0.128703
0.196200	-2.059240
0.196300	3.732380
0.196400	6.628190
0.196500	8.558730
0.196600	6.628190
0.196700	-1.093970
0.196800	4.697650
0.196900	0.836567
0.197000	-3.024510
0.197100	0.836567
0.197200	1.801840
0.197300	-0.128703
0.197400	5.180280
0.197500	2.767110
0.197600	-1.093970
0.197700	2.767110
0.197800	3.249740
0.197900	2.767110
0.198000	3.732380
0.198100	0.836567
0.198200	2.767110
0.198300	0.836567
0.198400	-1.576610
0.198500	-1.093970
0.198600	-3.024510
0.198700	4.697650
0.198800	1.319200
0.198900	3.732380
0.199000	6.628190
0.199100	0.836567
0.199200	2.767110
0.199300	6.628190
0.199400	3.732380
0.199500	2.767110
0.199600	0.836567
0.199700	0.836567
0.199800	3.249740
0.199900	5.662920
0.200000	0.836567
0.200100	-1.093970
0.200200	6.628190
0.200300	0.836567
0.200400	-1.093970
0.200500	-1.093970
0.200600	4.697650
0.200700	3.249740
0.200800	-5.920320
0.200900	3.732380
0.201000	7.593460
0.201100	4.697650
0.201200	6.628190
0.201300	4.697650
0.201400	4.697650
0.201500	6.628190
0.201600	5.662920
0.201700	-0.128703
0.201800	0.836567
0.201900	2.767110
0.202000	2.767110
0.202100	2.767110
0.202200	2.767110
0.202300	0.836567
0.202400	0.836567
0.202500	2.767110
0.202600	2.767110
0.202700	3.732380
0.202800	-1.093970
0.202900	2.767110
0.203000	2.767110
0.203100	-1.093970
0.203200	2.767110
0.203300	6.628190
0.203400	0.836567
0.203500	-2.541880
0.203600	0.836567
0.203700	-3.024510
0.203800	-0.128703
0.203900	0.836567
0.204000	-3.024510
0.204100	-0.611338
0.204200	7.593460
0.204300	-1.093970
0.204400	-3.024510
0.204500	-1.093970
0.204600	-2.059240
0.204700	-3.989780
0.204800	-1.093970
0.204900	-1.093970
0.205000	-4.955050
0.205100	4.697650
0.205200	4.697650
0.205300	-1.093970
0.205400	0.836567
0.205500	0.836567
0.205600	-1.093970
0.205700	2.767110
0.205800	7.110820
0.205900	3.732380
0.206000	4.697650
0.206100	10.489300
0.206200	4.697650
0.206300	-3.024510
0.206400	-2.059240
0.206500	-4.955050
0.206600	-6.885590
0.206700	1.801840
0.206800	6.628190
0.206900	4.697650
0.207000	-0.128703
0.207100	2.767110
0.207200	-3.989780
0.207300	-3.989780
0.207400	4.697650
0.207500	-3.989780
0.207600	-4.955050
0.207700	6.628190
0.207800	3.732380
0.207900	4.697650
0.208000	4.697650
0.208100	2.767110
0.208200	2.767110
0.208300	7.593460
0.208400	-0.128703
0.208500	-1.093970
0.208600	5.662920
0.208700	8.558730
0.208800	0.836567
0.208900	6.628190
0.209000	9.524000
0.209100	-1.093970
0.209200	3.732380
0.209300	8.558730
0.209400	-3.024510
0.209500	-6.885590
0.209600	3.732380
0.209700	4.697650
0.209800	3.732380
0.209900	3.732380
0.210000	-1.093970
0.210100	0.836567
0.210200	6.628190
0.210300	0.836567
0.210400	2.767110
0.210500	2.767110
0.210600	2.767110
0.210700	3.732380
0.210800	6.628190
0.210900	-1.093970
0.211000	-1.093970
0.211100	6.628190
0.211200	6.628190
0.211300	0.836567
0.211400	4.697650
0.211500	6.628190
0.211600	2.767110
0.211700	4.697650
0.211800	8.558730
0.211900	-1.093970
0.212000	2.767110
0.212100	7.593460
0.212200	2.767110
0.212300	0.836567
0.212400	2.767110
0.212500	6.628190
0.212600	4.697650
0.212700	7.593460
0.212800	6.628190
0.212900	-0.128703
0.213000	4.697650
0.213100	5.662920
0.213200	-2.541880
0.213300	0.836567
0.213400	4.697650
0.213500	3.732380
0.213600	-1.093970
0.213700	2.767110
0.213800	3.732380
0.213900	2.767110
0.214000	4.697650
0.214100	0.836567
0.214200	-1.093970
0.214300	-1.093970
0.214400	-1.093970
0.214500	-3.024510
0.214600	-3.989780
0.214700	-3.024510
0.214800	-1.093970
0.214900	4.697650
0.215000	0.836567
0.215100	-1.093970
0.215200	0.836567
0.215300	-0.128703
0.215400	0.836567
0.215500	4.697650
0.215600	-1.576610
0.215700	3.732380
0.215800	2.767110
0.215900	1.319200
0.216000	4.697650
0.216100	2.767110
0.216200	1.801840
0.216300	6.628190
0.216400	2.767110
0.216500	-1.093970
0.216600	2.767110
0.216700	4.697650
0.216800	2.767110
0.216900	4.697650
0.217000	2.767110
0.217100	-1.093970
0.217200	-0.128703
0.217300	1.319200
0.217400	-3.024510
0.217500	4.697650
0.217600	5.662920
0.217700	-1.093970
0.217800	-1.093970
0.217900	3.732380
0.218000	-3.024510
0.218100	-1.093970
0.218200	4.697650
0.218300	0.836567
0.218400	1.801840
0.218500	1.801840
0.218600	4.697650
0.218700	4.697650
0.218800	2.767110
0.218900	-1.093970
0.219000	2.767110
0.219100	0.836567
0.219200	-3.989780
0.219300	-1.093970
0.219400	0.836567
0.219500	6.628190
0.219600	3.732380
0.219700	4.697650
0.219800	2.767110
0.219900	6.628190
0.220000	0.836567
0.220100	0.836567
0.220200	-0.128703
0.220300	-4.955050
0.220400	0.836567
0.220500	-1.093970
0.220600	-3.024510
0.220700	2.767110
0.220800	3.732380
0.220900	-1.093970
0.221000	6.628190
0.221100	1.801840
0.221200	-4.955050
0.221300	7.593460
0.221400	10.489300
0.221500	2.767110
0.221600	6.628190
0.221700	4.697650
0.221800	0.836567
0.221900	2.767110
0.222000	-1.093970
0.222100	2.767110
0.222200	5.180280
0.222300	4.697650
0.222400	5.180280
0.222500	2.767110
0.222600	6.628190
0.222700	3.732380
0.222800	-3.989780
0.222900	0.836567
0.223000	2.767110
0.223100	2.767110
0.223200	4.697650
0.223300	3.732380
0.223400	-1.093970
0.223500	6.628190
0.223600	4.697650
0.223700	-0.128703
0.223800	2.767110
0.223900	2.767110
0.224000	0.836567
0.224100	5.180280
0.224200	6.628190
0.224300	0.836567
0.224400	4.697650
0.224500	7.593460
0.224600	2.767110
0.224700	-1.093970
0.224800	4.697650
0.224900	6.628190
0.225000	-1.093970
0.225100	2.767110
0.225200	1.319200
0.225300	-3.024510
0.225400	-1.093970
0.225500	-1.093970
0.225600	2.767110
0.225700	2.767110
0.225800	4.697650
0.225900	6.628190
0.226000	-0.128703
0.226100	-4.472420
0.226200	2.767110
0.226300	-3.507150
0.226400	2.767110
0.226500	4.697650
0.226600	-1.093970
0.226700	0.836567
0.226800	2.767110
0.226900	2.767110
0.227000	2.767110
0.227100	-1.093970
0.227200	0.836567
0.227300	2.767110
0.227400	-1.093970
0.227500	0.836567
0.227600	-0.128703
0.227700	-0.128703
0.227800	-1.093970
0.227900	-3.989780
0.228000	2.767110
0.228100	2.767110
0.228200	2.767110
0.228300	2.767110
0.228400	6.628190
0.228500	2.767110
0.228600	0.836567
0.228700	-1.093970
0.228800	0.836567
0.228900	2.767110
0.229000	-0.128703
0.229100	0.836567
0.229200	2.767110
0.229300	0.836567
0.229400	-3.024510
0.229500	-8.333500
0.229600	-1.093970
0.229700	2.767110
0.229800	2.767110
0.229900	-1.093970
0.230000	4.697650
0.230100	-0.128703
0.230200	-0.128703
0.230300	6.628190
0.230400	-1.093970
0.230500	-0.611338
0.230600	4.697650
0.230700	3.732380
0.230800	-3.024510
0.230900	-3.989780
0.231000	-1.093970
0.231100	-4.472420
0.231200	0.836567
0.231300	0.836567
0.231400	-1.093970
0.231500	0.836567
0.231600	0.836567
0.231700	0.836567
0.231800	-1.093970
0.231900	-1.093970
0.232000	-3.024510
0.232100	0.836567
0.232200	2.767110
0.232300	-1.093970
0.232400	3.732380
0.232500	2.767110
0.232600	-0.128703
0.232700	-2.541880
0.232800	0.836567
0.232900	-1.093970
0.233000	2.767110
0.233100	1.801840
0.233200	0.836567
0.233300	2.767110
0.233400	3.732380
0.233500	3.732380
0.233600	-1.093970
0.233700	-1.093970
0.233800	5.180280
0.233900	2.767110
0.234000	0.836567
0.234100	2.767110
0.234200	-2.541880
0.234300	-3.024510
0.234400	-1.093970
0.234500	-2.541880
0.234600	-1.093970
0.234700	0.836567
0.234800	-2.059240
0.234900	-1.093970
0.235000	3.732380
0.235100	0.836567
0.235200	5.662920
0.235300	4.697650
0.235400	0.836567
0.235500	4.697650
0.235600	7.593460
0.235700	-0.128703
0.235800	-0.128703
0.235900	3.732380
0.236000	-1.093970
0.236100	0.836567
0.236200	-0.128703
0.236300	3.732380
0.236400	6.628190
0.236500	4.697650
0.236600	1.319200
0.236700	4.697650
0.236800	10.489300
0.236900	4.697650
0.237000	2.767110
0.237100	2.767110
0.237200	-0.611338
0.237300	3.249740
0.237400	6.628190
0.237500	4.697650
0.237600	8.558730
0.237700	5.180280
0.237800	0.836567
0.237900	6.628190
0.238000	2.767110
0.238100	2.767110
0.238200	4.697650
0.238300	-4.955050
0.238400	-3.989780
0.238500	0.836567
0.238600	0.836567
0.238700	4.697650
0.238800	6.628190
0.238900	0.836567
0.239000	-0.128703
0.239100	2.767110
0.239200	-3.024510
0.239300	-0.128703
0.239400	6.628190
0.239500	-1.093970
0.239600	-0.128703
0.239700	3.732380
0.239800	-2.059240
0.239900	-3.024510
0.240000	2.767110
0.240100	0.836567
0.240200	0.836567
0.240300	0.836567
0.240400	3.732380
0.240500	2.767110
0.240600	-3.024510
0.240700	2.767110
0.240800	-0.128703
0.240900	2.767110
0.241000	6.628190
0.241100	0.353932
0.241200	-1.093970
0.241300	-0.128703
0.241400	-4.955050
0.241500	-1.093970
0.241600	4.697650
0.241700	0.836567
0.241800	2.767110
0.241900	-0.128703
0.242000	-6.885590
0.242100	-1.093970
0.242200	4.697650
0.242300	-1.093970
0.242400	0.836567
0.242500	3.732380
0.242600	-0.128703
0.242700	-2.059240
0.242800	7.593460
0.242900	7.593460
0.243000	-1.093970
0.243100	-1.093970
0.243200	3.732380
0.243300	-1.093970
0.243400	-1.093970
0.243500	6.628190
0.243600	-1.093970
0.243700	-1.093970
0.243800	3.732380
0.243900	-1.093970
0.244000	-0.128703
0.244100	2.767110
0.244200	6.628190
0.244300	5.180280
0.244400	-3.989780
0.244500	-0.128703
0.244600	2.767110
0.244700	3.732380
0.244800	-1.093970
0.244900	-1.093970
0.245000	-1.093970
0.245100	-1.093970
0.245200	-1.093970
0.245300	-0.611338
0.245400	2.767110
0.245500	2.767110
0.245600	0.836567
0.245700	5.662920
0.245800	6.628190
0.245900	0.836567
0.246000	2.767110
0.246100	5.662920
0.246200	-1.093970
0.246300	2.767110
0.246400	6.628190
0.246500	5.180280
0.246600	6.628190
0.246700	10.489300
0.246800	0.836567
0.246900	-4.955050
0.247000	-0.128703
0.247100	-2.541880
0.247200	-4.955050
0.247300	2.767110
0.247400	-1.093970
0.247500	-2.059240
0.247600	4.697650
0.247700	3.732380
0.247800	0.836567
0.247900	6.628190
0.248000	3.732380
0.248100	-4.472420
0.248200	0.836567
0.248300	-1.093970
0.248400	-1.093970
0.248500	2.767110
0.248600	2.767110
0.248700	-1.093970
0.248800	-1.093970
0.248900	7.593460
0.249000	-0.128703
0.249100	2.767110
0.249200	2.767110
0.249300	-6.402960
0.249400	0.836567
0.249500	2.767110
0.249600	-4.955050
0.249700	-1.093970
0.249800	2.767110
0.249900	2.767110
0.250000	6.628190
0.250100	6.628190
0.250200	-1.093970
0.250300	2.767110
0.250400	6.628190
0.250500	6.628190
0.250600	6.628190
0.250700	0.836567
0.250800	2.767110
0.250900	3.732380
0.251000	3.732380
0.251100	2.767110
0.251200	-0.611338
0.251300	2.767110
0.251400	3.732380
0.251500	2.767110
0.251600	7.110820
0.251700	2.767110
0.251800	-3.989780
0.251900	2.767110
0.252000	7.593460
0.252100	-1.093970
0.252200	0.836567
0.252300	4.697650
0.252400	-4.955050
0.252500	-2.541880
0.252600	2.767110
0.252700	4.697650
0.252800	-3.024510
0.252900	-0.128703
0.253000	0.836567
0.253100	2.767110
0.253200	6.628190
0.253300	-2.059240
0.253400	-2.059240
0.253500	-0.128703
0.253600	2.767110
0.253700	3.732380
0.253800	0.836567
0.253900	-6.885590
0.254000	-1.093970
0.254100	-1.093970
0.254200	-4.472420
0.254300	-1.093970
0.254400	0.836567
0.254500	6.628190
0.254600	8.558730
0.254700	6.628190
0.254800	4.697650
0.254900	-7.850860
0.255000	-1.093970
0.255100	2.767110
0.255200	-1.093970
0.255300	3.732380
0.255400	2.767110
0.255500	0.836567
0.255600	0.836567
0.255700	-3.024510
0.255800	0.836567
0.255900	-1.093970
0.256000	-1.093970
0.256100	3.732380
0.256200	-1.093970
0.256300	-2.541880
0.256400	-0.128703
0.256500	-1.093970
0.256600	2.767110
0.256700	0.836567
0.256800	0.836567
0.256900	-3.989780
0.257000	3.249740
0.257100	0.836567
0.257200	-4.955050
0.257300	4.697650
0.257400	4.697650
0.257500	-3.024510
0.257600	-0.611338
0.257700	0.836567
0.257800	-1.093970
0.257900	0.836567
0.258000	3.732380
0.258100	-2.059240
0.258200	2.767110
0.258300	6.628190
0.258400	0.836567
0.258500	0.836567
0.258600	0.836567
0.258700	-0.128703
0.258800	-0.128703
0.258900	-0.128703
0.259000	-1.093970
0.259100	2.767110
0.259200	-0.611338
0.259300	-3.024510
0.259400	0.836567
0.259500	-1.093970
0.259600	1.801840
0.259700	4.697650
0.259800	7.593460
0.259900	4.697650
0.260000	4.697650
0.260100	4.215010
0.260200	3.732380
0.260300	4.697650
0.260400	2.767110
0.260500	4.697650
0.260600	4.697650
0.260700	4.697650
0.260800	4.697650
0.260900	-1.093970
0.261000	0.836567
0.261100	2.767110
0.261200	3.732380
0.261300	4.697650
0.261400	2.767110
0.261500	3.732380
0.261600	-1.093970
0.261700	2.767110
0.261800	6.628190
0.261900	0.836567
0.262000	-2.059240
0.262100	6.628190
0.262200	3.732380
0.262300	-2.059240
0.262400	7.593460
0.262500	7.593460
0.262600	-5.920320
0.262700	-4.955050
0.262800	6.628190
0.262900	6.628190
0.263000	3.732380
0.263100	4.697650
0.263200	5.180280
0.263300	2.767110
0.263400	6.628190
0.263500	2.767110
0.263600	2.767110
0.263700	3.732380
0.263800	2.767110
0.263900	4.697650
0.264000	4.697650
0.264100	-3.024510
0.264200	-0.128703
0.264300	6.628190
0.264400	-2.059240
0.264500	-7.850860
0.264600	2.767110
0.264700	0.836567
0.264800	-1.093970
0.264900	6.628190
0.265000	2.767110
0.265100	-3.024510
0.265200	2.767110
0.265300	0.836567
0.265400	0.836567
0.265500	2.767110
0.265600	0.836567
0.265700	0.836567
0.265800	-3.989780
0.265900	0.836567
0.266000	3.732380
0.266100	-3.989780
0.266200	3.732380
0.266300	-1.093970
0.266400	0.836567
0.266500	2.767110
0.266600	4.697650
0.266700	0.836567
0.266800	-0.128703
0.266900	3.732380
0.267000	0.836567
0.267100	4.697650
0.267200	6.628190
0.267300	-4.955050
0.267400	-1.093970
0.267500	6.628190
0.267600	0.836567
0.267700	-0.128703
0.267800	3.732380
0.267900	-0.128703
0.268000	0.836567
0.268100	-0.128703
0.268200	-1.093970
0.268300	-1.093970
0.268400	-1.093970
0.268500	0.836567
0.268600	2.767110
0.268700	2.767110
0.268800	-0.611338
0.268900	0.836567
0.269000	-1.093970
0.269100	-1.093970
0.269200	-1.093970
0.269300	-2.059240
0.269400	6.628190
0.269500	4.697650
0.269600	2.767110
0.269700	2.767110
0.269800	1.801840
0.269900	-1.093970
0.270000	2.767110
0.270100	3.732380
0.270200	0.836567
0.270300	3.732380
0.270400	4.697650
0.270500	-0.128703
0.270600	3.249740
0.270700	3.732380
0.270800	1.801840
0.270900	-1.093970
0.271000	4.697650
0.271100	-0.128703
0.271200	2.767110
0.271300	7.593460
0.271400	2.767110
0.271500	-2.059240
0.271600	2.767110
0.271700	-3.989780
0.271800	4.697650
0.271900	10.489300
0.272000	3.732380
0.272100	-2.059240
0.272200	5.180280
0.272300	3.732380
0.272400	3.249740
0.272500	7.593460
0.272600	3.732380
0.272700	-2.541880
0.272800	4.697650
0.272900	0.836567
0.273000	2.767110
0.273100	6.628190
0.273200	5.662920
0.273300	0.836567
0.273400	2.767110
0.273500	4.697650
0.273600	-0.128703
0.273700	3.732380
0.273800	2.767110
0.273900	-3.989780
0.274000	0.836567
0.274100	8.558730
0.274200	3.249740
0.274300	-0.128703
0.274400	6.628190
0.274500	6.628190
0.274600	2.767110
0.274700	0.836567
0.274800	2.767110
0.274900	-1.093970
0.275000	2.767110
0.275100	-1.093970
0.275200	-3.989780
0.275300	-0.128703
0.275400	2.767110
0.275500	10.489300
0.275600	5.662920
0.275700	0.836567
0.275800	5.180280
0.275900	4.697650
0.276000	-0.128703
0.276100	0.836567
0.276200	-1.093970
0.276300	2.767110
0.276400	5.662920
0.276500	4.697650
0.276600	2.767110
0.276700	6.628190
0.276800	10.489300
0.276900	4.697650
0.277000	4.697650
0.277100	0.836567
0.277200	-3.024510
0.277300	6.628190
0.277400	8.558730
0.277500	-0.128703
0.277600	0.836567
0.277700	0.836567
0.277800	-4.472420
0.277900	-0.128703
0.278000	-1.093970
0.278100	-2.059240
0.278200	4.697650
0.278300	2.767110
0.278400	0.836567
0.278500	2.767110
0.278600	0.836567
0.278700	-0.128703
0.278800	2.767110
0.278900	2.767110
0.279000	0.353932
0.279100	4.697650
0.279200	4.697650
0.279300	0.836567
0.279400	-1.093970
0.279500	2.767110
0.279600	2.767110
0.279700	2.767110
0.279800	4.697650
0.279900	3.732380
0.280000	0.836567
0.280100	4.697650
0.280200	0.836567
0.280300	2.767110
0.280400	0.836567
0.280500	6.628190
0.280600	6.628190
0.280700	0.836567
0.280800	4.697650
0.280900	0.836567
0.281000	-2.059240
0.281100	2.767110
0.281200	3.732380
0.281300	-3.024510
0.281400	0.836567
0.281500	6.628190
0.281600	1.801840
0.281700	-1.093970
0.281800	3.732380
0.281900	-4.955050
0.282000	-1.093970
0.282100	2.767110
0.282200	-0.128703
0.282300	2.767110
0.282400	2.767110
0.282500	-1.093970
0.282600	2.767110
0.282700	8.558730
0.282800	6.628190
0.282900	2.767110
0.283000	1.801840
0.283100	-1.093970
0.283200	-0.128703
0.283300	2.767110
0.283400	2.767110
0.283500	4.215010
0.283600	4.697650
0.283700	1.801840
0.283800	0.836567
0.283900	2.767110
0.284000	6.628190
0.284100	4.697650
0.284200	2.767110
0.284300	-0.128703
0.284400	6.628190
0.284500	2.767110
0.284600	-2.059240
0.284700	1.319200
0.284800	2.767110
0.284900	-3.024510
0.285000	2.767110
0.285100	3.732380
0.285200	-1.093970
0.285300	2.767110
0.285400	-0.128703
0.285500	-1.093970
0.285600	3.249740
0.285700	10.489300
0.285800	0.836567
0.285900	3.732380
0.286000	10.489300
0.286100	-0.128703
0.286200	4.697650
0.286300	2.767110
0.286400	2.767110
0.286500	8.558730
0.286600	4.697650
0.286700	3.732380
0.286800	3.732380
0.286900	7.593460
0.287000	2.767110
0.287100	-1.093970
0.287200	4.697650
0.287300	4.697650
0.287400	-0.128703
0.287500	4.697650
0.287600	6.628190
0.287700	2.767110
0.287800	3.732380
0.287900	1.801840
0.288000	-1.093970
0.288100	4.697650
0.288200	3.732380
0.288300	2.767110
0.288400	6.628190
0.288500	4.697650
0.288600	-3.024510
0.288700	-8.333500
0.288800	0.836567
0.288900	4.697650
0.289000	2.767110
0.289100	3.732380
0.289200	-1.093970
0.289300	-1.093970
0.289400	5.180280
0.289500	6.628190
0.289600	-2.059240
0.289700	-0.128703
0.289800	-1.093970
0.289900	-1.093970
0.290000	3.732380
0.290100	3.732380
0.290200	-1.093970
0.290300	0.836567
0.290400	5.180280
0.290500	2.767110
0.290600	0.836567
0.290700	-0.128703
0.290800	2.767110
0.290900	-1.093970
0.291000	3.732380
0.291100	4.697650
0.291200	2.767110
0.291300	0.836567
0.291400	-0.611338
0.291500	-1.093970
0.291600	2.767110
0.291700	-1.093970
0.291800	0.836567
0.291900	-1.093970
0.292000	-3.989780
0.292100	2.767110
0.292200	2.767110
0.292300	3.732380
0.292400	0.836567
0.292500	-2.059240
0.292600	-3.989780
0.292700	-3.024510
0.292800	3.732380
0.292900	2.767110
0.293000	3.249740
0.293100	3.732380
0.293200	0.836567
0.293300	6.628190
0.293400	0.836567
0.293500	-4.955050
0.293600	3.732380
0.293700	5.662920
0.293800	0.353932
0.293900	4.697650
0.294000	6.628190
0.294100	-3.989780
0.294200	-3.024510
0.294300	6.628190
0.294400	0.836567
0.294500	6.628190
0.294600	3.249740
0.294700	-4.472420
0.294800	-4.472420
0.294900	5.662920
0.295000	-3.024510
0.295100	-4.955050
0.295200	3.732380
0.295300	-1.093970
0.295400	1.801840
0.295500	4.697650
0.295600	2.767110
0.295700	6.628190
0.295800	5.662920
0.295900	-0.128703
0.296000	2.767110
0.296100	4.697650
0.296200	0.353932
0.296300	0.836567
0.296400	1.319200
0.296500	2.767110
0.296600	2.767110
0.296700	3.249740
0.296800	2.767110
0.296900	-3.989780
0.297000	0.836567
0.297100	2.767110
0.297200	-3.024510
0.297300	0.836567
0.297400	2.767110
0.297500	-1.093970
0.297600	2.767110
0.297700	-1.093970
0.297800	-1.093970
0.297900	2.767110
0.298000	6.628190
0.298100	3.732380
0.298200	4.697650
0.298300	7.593460
0.298400	5.180280
0.298500	0.836567
0.298600	0.836567
0.298700	4.697650
0.298800	-3.024510
0.298900	0.836567
0.299000	4.697650
0.299100	-3.024510
0.299200	2.767110
0.299300	7.593460
0.299400	0.836567
0.299500	2.767110
0.299600	-0.611338
0.299700	-0.128703
0.299800	4.697650
0.299900	-0.128703
