-0.050000	-41.539799
-0.049900	85.423599
-0.049800	17.058701
-0.049700	-61.072701
-0.049600	17.058701
-0.049500	95.190002
-0.049400	95.190002
-0.049300	-2.474160
-0.049200	-22.007000
-0.049100	75.657204
-0.049000	7.292260
-0.048900	75.657204
-0.048800	17.058701
-0.048700	95.190002
-0.048600	17.058701
-0.048500	-2.474160
-0.048400	-22.007000
-0.048300	17.058701
-0.048200	-41.539799
-0.048100	-22.007000
-0.048000	75.657204
-0.047900	75.657204
-0.047800	56.124298
-0.047700	17.058701
-0.047600	17.058701
-0.047500	-2.474160
-0.047400	17.058701
-0.047300	75.657204
-0.047200	-22.007000
-0.047100	-61.072701
-0.047000	56.124298
-0.046900	95.190002
-0.046800	173.320999
-0.046700	153.789001
-0.046600	95.190002
-0.046500	-22.007000
-0.046400	-41.539799
-0.046300	134.255997
-0.046200	56.124298
-0.046100	-100.138000
-0.046000	-70.839104
-0.045900	-31.773399
-0.045800	-31.773399
-0.045700	-22.007000
-0.045600	-178.270004
-0.045500	-70.839104
-0.045400	17.058701
-0.045300	17.058701
-0.045200	7.292260
-0.045100	-2.474160
-0.045000	-22.007000
-0.044900	17.058701
-0.044800	75.657204
-0.044700	95.190002
-0.044600	-2.474160
-0.044500	-61.072701
-0.044400	-2.474160
-0.044300	-61.072701
-0.044200	-22.007000
-0.044100	-22.007000
-0.044000	-41.539799
-0.043900	-2.474160
-0.043800	56.124298
-0.043700	-2.474160
-0.043600	56.124298
-0.043500	17.058701
-0.043400	7.292260
-0.043300	65.890800
-0.043200	-61.072701
-0.043100	-2.474160
-0.043000	7.292260
-0.042900	17.058701
-0.042800	-22.007000
-0.042700	-100.138000
-0.042600	17.058701
-0.042500	95.190002
-0.042400	17.058701
-0.042300	-12.240600
-0.042200	65.890800
-0.042100	17.058701
-0.042000	56.124298
-0.041900	-2.474160
-0.041800	-139.203995
-0.041700	-61.072701
-0.041600	-22.007000
-0.041500	56.124298
-0.041400	95.190002
-0.041300	56.124298
-0.041200	56.124298
-0.041100	95.190002
-0.041000	-2.474160
-0.040900	-22.007000
-0.040800	-31.773399
-0.040700	-22.007000
-0.040600	56.124298
-0.040500	56.124298
-0.040400	56.124298
-0.040300	-2.474160
-0.040200	-2.474160
-0.040100	17.058701
-0.040000	-22.007000
-0.039900	-80.605499
-0.039800	17.058701
-0.039700	56.124298
-0.039600	17.058701
-0.039500	-2.474160
-0.039400	95.190002
-0.039300	17.058701
-0.039200	17.058701
-0.039100	95.190002
-0.039000	-2.474160
-0.038900	-119.670998
-0.038800	36.591499
-0.038700	85.423599
-0.038600	75.657204
-0.038500	75.657204
-0.038400	56.124298
-0.038300	17.058701
-0.038200	17.058701
-0.038100	36.591499
-0.038000	-2.474160
-0.037900	17.058701
-0.037800	17.058701
-0.037700	17.058701
-0.037600	134.255997
-0.037500	95.190002
-0.037400	-22.007000
-0.037300	-2.474160
-0.037200	114.723000
-0.037100	17.058701
-0.037000	-80.605499
-0.036900	17.058701
-0.036800	95.190002
-0.036700	-12.240600
-0.036600	-41.539799
-0.036500	17.058701
-0.036400	95.190002
-0.036300	-2.474160
-0.036200	-61.072701
-0.036100	-41.539799
-0.036000	-41.539799
-0.035900	-22.007000
-0.035800	-61.072701
-0.035700	-61.072701
-0.035600	-80.605499
-0.035500	-61.072701
-0.035400	-22.007000
-0.035300	-22.007000
-0.035200	95.190002
-0.035100	17.058701
-0.035000	-61.072701
-0.034900	-22.007000
-0.034800	-2.474160
-0.034700	-139.203995
-0.034600	-80.605499
-0.034500	17.058701
-0.034400	-22.007000
-0.034300	-22.007000
-0.034200	-22.007000
-0.034100	56.124298
-0.034000	95.190002
-0.033900	17.058701
-0.033800	-61.072701
-0.033700	-22.007000
-0.033600	56.124298
-0.033500	75.657204
-0.033400	95.190002
-0.033300	17.058701
-0.033200	7.292260
-0.033100	17.058701
-0.033000	-2.474160
-0.032900	-61.072701
-0.032800	-61.072701
-0.032700	-41.539799
-0.032600	-61.072701
-0.032500	17.058701
-0.032400	95.190002
-0.032300	-22.007000
-0.032200	-22.007000
-0.032100	17.058701
-0.032000	-22.007000
-0.031900	-2.474160
-0.031800	75.657204
-0.031700	124.488998
-0.031600	56.124298
-0.031500	-22.007000
-0.031400	-2.474160
-0.031300	-80.605499
-0.031200	17.058701
-0.031100	17.058701
-0.031000	17.058701
-0.030900	17.058701
-0.030800	56.124298
-0.030700	17.058701
-0.030600	-2.474160
-0.030500	7.292260
-0.030400	17.058701
-0.030300	-22.007000
-0.030200	56.124298
-0.030100	-41.539799
-0.030000	-61.072701
-0.029900	-12.240600
-0.029800	56.124298
-0.029700	85.423599
-0.029600	-61.072701
-0.029500	-61.072701
-0.029400	85.423599
-0.029300	17.058701
-0.029200	-22.007000
-0.029100	-61.072701
-0.029000	75.657204
-0.028900	7.292260
-0.028800	-61.072701
-0.028700	-61.072701
-0.028600	-41.539799
-0.028500	17.058701
-0.028400	75.657204
-0.028300	-2.474160
-0.028200	-12.240600
-0.028100	17.058701
-0.028000	17.058701
-0.027900	-22.007000
-0.027800	-139.203995
-0.027700	-100.138000
-0.027600	-61.072701
-0.027500	-80.605499
-0.027400	-41.539799
-0.027300	95.190002
-0.027200	-139.203995
-0.027100	-178.270004
-0.027000	17.058701
-0.026900	17.058701
-0.026800	17.058701
-0.026700	17.058701
-0.026600	-61.072701
-0.026500	-2.474160
-0.026400	95.190002
-0.026300	17.058701
-0.026200	-61.072701
-0.026100	-61.072701
-0.026000	17.058701
-0.025900	-22.007000
-0.025800	95.190002
-0.025700	95.190002
-0.025600	-61.072701
-0.025500	-70.839104
-0.025400	-41.539799
-0.025300	-31.773399
-0.025200	17.058701
-0.025100	-22.007000
-0.025000	17.058701
-0.024900	95.190002
-0.024800	75.657204
-0.024700	17.058701
-0.024600	-61.072701
-0.024500	95.190002
-0.024400	56.124298
-0.024300	-2.474160
-0.024200	17.058701
-0.024100	-61.072701
-0.024000	-22.007000
-0.023900	46.357899
-0.023800	-22.007000
-0.023700	-22.007000
-0.023600	56.124298
-0.023500	56.124298
-0.023400	-61.072701
-0.023300	-61.072701
-0.023200	56.124298
-0.023100	46.357899
-0.023000	17.058701
-0.022900	56.124298
-0.022800	17.058701
-0.022700	-22.007000
-0.022600	-100.138000
-0.022500	-61.072701
-0.022400	-61.072701
-0.022300	-41.539799
-0.022200	134.255997
-0.022100	7.292260
-0.022000	17.058701
-0.021900	75.657204
-0.021800	17.058701
-0.021700	-100.138000
-0.021600	-295.467010
-0.021500	-295.467010
-0.021400	-158.737000
-0.021300	-100.138000
-0.021200	-61.072701
-0.021100	17.058701
-0.021000	114.723000
-0.020900	134.255997
-0.020800	124.488998
-0.020700	56.124298
-0.020600	134.255997
-0.020500	104.956001
-0.020400	114.723000
-0.020300	95.190002
-0.020200	17.058701
-0.020100	-100.138000
-0.020000	-41.539799
-0.019900	17.058701
-0.019800	-22.007000
-0.019700	95.190002
-0.019600	173.320999
-0.019500	56.124298
-0.019400	-61.072701
-0.019300	17.058701
-0.019200	-2.474160
-0.019100	-61.072701
-0.019000	-100.138000
-0.018900	-70.839104
-0.018800	-61.072701
-0.018700	-61.072701
-0.018600	-2.474160
-0.018500	56.124298
-0.018400	95.190002
-0.018300	-22.007000
-0.018200	-2.474160
-0.018100	56.124298
-0.018000	-22.007000
-0.017900	-80.605499
-0.017800	-22.007000
-0.017700	-2.474160
-0.017600	-61.072701
-0.017500	-22.007000
-0.017400	56.124298
-0.017300	114.723000
-0.017200	-61.072701
-0.017100	-90.371902
-0.017000	75.657204
-0.016900	-61.072701
-0.016800	-90.371902
-0.016700	17.058701
-0.016600	7.292260
-0.016500	17.058701
-0.016400	-22.007000
-0.016300	-109.904999
-0.016200	-22.007000
-0.016100	17.058701
-0.016000	134.255997
-0.015900	95.190002
-0.015800	-61.072701
-0.015700	56.124298
-0.015600	153.789001
-0.015500	17.058701
-0.015400	95.190002
-0.015300	241.686005
-0.015200	-22.007000
-0.015100	-139.203995
-0.015000	17.058701
-0.014900	75.657204
-0.014800	95.190002
-0.014700	17.058701
-0.014600	-80.605499
-0.014500	-22.007000
-0.014400	-2.474160
-0.014300	-22.007000
-0.014200	-22.007000
-0.014100	17.058701
-0.014000	75.657204
-0.013900	95.190002
-0.013800	-31.773399
-0.013700	-61.072701
-0.013600	36.591499
-0.013500	7.292260
-0.013400	17.058701
-0.013300	-22.007000
-0.013200	-139.203995
-0.013100	-80.605499
-0.013000	-61.072701
-0.012900	-61.072701
-0.012800	56.124298
-0.012700	95.190002
-0.012600	-61.072701
-0.012500	-61.072701
-0.012400	-12.240600
-0.012300	75.657204
-0.012200	-2.474160
-0.012100	17.058701
-0.012000	17.058701
-0.011900	-41.539799
-0.011800	-61.072701
-0.011700	-22.007000
-0.011600	56.124298
-0.011500	95.190002
-0.011400	-61.072701
-0.011300	-61.072701
-0.011200	-139.203995
-0.011100	-22.007000
-0.011000	-100.138000
-0.010900	-119.670998
-0.010800	-22.007000
-0.010700	17.058701
-0.010600	-2.474160
-0.010500	-41.539799
-0.010400	56.124298
-0.010300	-22.007000
-0.010200	-12.240600
-0.010100	46.357899
-0.010000	-100.138000
-0.009900	-22.007000
-0.009800	75.657204
-0.009700	134.255997
-0.009600	-41.539799
-0.009500	-22.007000
-0.009400	114.723000
-0.009300	17.058701
-0.009200	17.058701
-0.009100	95.190002
-0.009000	-61.072701
-0.008900	-31.773399
-0.008800	75.657204
-0.008700	56.124298
-0.008600	95.190002
-0.008500	75.657204
-0.008400	-100.138000
-0.008300	-2.474160
-0.008200	212.386993
-0.008100	36.591499
-0.008000	-61.072701
-0.007900	56.124298
-0.007800	46.357899
-0.007700	75.657204
-0.007600	56.124298
-0.007500	-22.007000
-0.007400	-139.203995
-0.007300	-61.072701
-0.007200	-22.007000
-0.007100	17.058701
-0.007000	-41.539799
-0.006900	-61.072701
-0.006800	17.058701
-0.006700	75.657204
-0.006600	75.657204
-0.006500	153.789001
-0.006400	17.058701
-0.006300	-61.072701
-0.006200	17.058701
-0.006100	-61.072701
-0.006000	95.190002
-0.005900	95.190002
-0.005800	75.657204
-0.005700	134.255997
-0.005600	17.058701
-0.005500	-139.203995
-0.005400	46.357899
-0.005300	134.255997
-0.005200	36.591499
-0.005100	65.890800
-0.005000	95.190002
-0.004900	36.591499
-0.004800	95.190002
-0.004700	-31.773399
-0.004600	-109.904999
-0.004500	-22.007000
-0.004400	-22.007000
-0.004300	56.124298
-0.004200	173.320999
-0.004100	-22.007000
-0.004000	-80.605499
-0.003900	-22.007000
-0.003800	-31.773399
-0.003700	-22.007000
-0.003600	95.190002
-0.003500	56.124298
-0.003400	17.058701
-0.003300	95.190002
-0.003200	173.320999
-0.003100	75.657204
-0.003000	-61.072701
-0.002900	17.058701
-0.002800	95.190002
-0.002700	95.190002
-0.002600	-22.007000
-0.002500	-41.539799
-0.002400	-41.539799
-0.002300	17.058701
-0.002200	75.657204
-0.002100	17.058701
-0.002000	17.058701
-0.001900	95.190002
-0.001800	-22.007000
-0.001700	-41.539799
-0.001600	36.591499
-0.001500	56.124298
-0.001400	-61.072701
-0.001300	-61.072701
-0.001200	-61.072701
-0.001100	-41.539799
-0.001000	17.058701
-0.000900	17.058701
-0.000800	-2.474160
-0.000700	-31.773399
-0.000600	17.058701
-0.000500	95.190002
-0.000400	134.255997
-0.000300	65.890800
-0.000200	-61.072701
-0.000100	-61.072701
0.000000	17.058701
0.000100	-61.072701
0.000200	-61.072701
0.000300	134.255997
0.000400	75.657204
0.000500	17.058701
0.000600	75.657204
0.000700	134.255997
0.000800	-12.240600
0.000900	85.423599
0.001000	17.058701
0.001100	-217.335007
0.001200	-22.007000
0.001300	329.584015
0.001400	114.723000
0.001500	173.320999
0.001600	17.058701
0.001700	-61.072701
0.001800	251.453003
0.001900	95.190002
0.002000	-22.007000
0.002100	-61.072701
0.002200	134.255997
0.002300	56.124298
0.002400	-148.970001
0.002500	75.657204
0.002600	270.985992
0.002700	290.518005
0.002800	329.584015
0.002900	231.919998
0.003000	251.453003
0.003100	270.985992
0.003200	173.320999
0.003300	251.453003
0.003400	290.518005
0.003500	173.320999
0.003600	173.320999
0.003700	251.453003
0.003800	212.386993
0.003900	251.453003
0.004000	251.453003
0.004100	173.320999
0.004200	95.190002
0.004300	-22.007000
0.004400	56.124298
0.004500	75.657204
0.004600	7.292260
0.004700	36.591499
0.004800	-31.773399
0.004900	95.190002
0.005000	173.320999
0.005100	134.255997
0.005200	56.124298
0.005300	85.423599
0.005400	212.386993
0.005500	134.255997
0.005600	153.789001
0.005700	251.453003
0.005800	231.919998
0.005900	290.518005
0.006000	251.453003
0.006100	241.686005
0.006200	251.453003
0.006300	251.453003
0.006400	251.453003
0.006500	173.320999
0.006600	114.723000
0.006700	17.058701
0.006800	56.124298
0.006900	7.292260
0.007000	114.723000
0.007100	95.190002
0.007200	7.292260
0.007300	75.657204
0.007400	192.854004
0.007500	173.320999
0.007600	251.453003
0.007700	134.255997
0.007800	95.190002
0.007900	134.255997
0.008000	134.255997
0.008100	95.190002
0.008200	251.453003
0.008300	17.058701
0.008400	95.190002
0.008500	134.255997
0.008600	124.488998
0.008700	270.985992
0.008800	124.488998
0.008900	173.320999
0.009000	153.789001
0.009100	75.657204
0.009200	310.050995
0.009300	212.386993
0.009400	95.190002
0.009500	251.453003
0.009600	407.714996
0.009700	446.781006
0.009800	407.714996
0.009900	251.453003
0.010000	163.554993
0.010100	300.285004
0.010200	290.518005
0.010300	212.386993
0.010400	173.320999
0.010500	95.190002
0.010600	-31.773399
0.010700	17.058701
0.010800	-22.007000
0.010900	-217.335007
0.011000	-295.467010
0.011100	-158.737000
0.011200	-197.802994
0.011300	-227.102005
0.011400	-412.664001
0.011500	-666.591003
0.011600	-529.861023
0.011700	-568.926025
0.011800	-578.692993
0.011900	-686.122986
0.012000	-686.122986
0.012100	-842.385986
0.012200	-803.320007
0.012300	-647.057983
0.012400	-940.049988
0.012500	-1311.170044
0.012600	-1076.780029
0.012700	-920.517029
0.012800	-920.517029
0.012900	-764.255005
0.013000	-315.000000
0.013100	-529.861023
0.013200	-764.255005
0.013300	-686.122986
0.013400	-647.057983
0.013500	-1096.310059
0.013600	-1096.310059
0.013700	-373.597992
0.013800	17.058701
0.013900	134.255997
0.014000	-295.467010
0.014100	-334.532013
0.014200	134.255997
0.014300	134.255997
0.014400	153.789001
0.014500	173.320999
0.014600	95.190002
0.014700	-217.335007
0.014800	-461.496002
0.014900	-412.664001
0.015000	-295.467010
0.015100	-139.203995
0.015200	-139.203995
0.015300	-158.737000
0.015400	241.686005
0.015500	583.510986
0.015600	583.510986
0.015700	407.714996
0.015800	485.846985
0.015900	563.978027
0.016000	554.211975
0.016100	329.584015
0.016200	593.276978
0.016300	954.635010
0.016400	915.568970
0.016500	954.635010
0.016600	1228.089966
0.016700	1267.160034
0.016800	1384.359985
0.016900	1452.719971
0.017000	1403.890015
0.017100	1169.500000
0.017200	837.437988
0.017300	759.306030
0.017400	466.313995
0.017500	173.320999
0.017600	17.058701
0.017700	-61.072701
0.017800	-334.532013
0.017900	-393.131012
0.018000	-139.203995
0.018100	-158.737000
0.018200	-41.539799
0.018300	290.518005
0.018400	290.518005
0.018500	-41.539799
0.018600	-490.795013
0.018700	-920.517029
0.018800	-1291.640015
0.018900	-1350.239990
0.019000	-1389.310059
0.019100	-1467.439941
0.019200	-1350.239990
0.019300	-1467.439941
0.019400	-1360.010010
0.019500	-1076.780029
0.019600	-861.919006
0.019700	-940.049988
0.019800	-920.517029
0.019900	-529.861023
0.020000	17.058701
0.020100	329.584015
0.020200	798.372009
0.020300	1189.030029
0.020400	1228.089966
0.020500	1013.229980
0.020600	1013.229980
0.020700	1052.300049
0.020800	798.372009
0.020900	397.949005
0.021000	427.247986
0.021100	173.320999
0.021200	-80.605499
0.021300	56.124298
0.021400	-31.773399
0.021500	-461.496002
0.021600	-695.890015
0.021700	-529.861023
0.021800	-451.729004
0.021900	-412.664001
0.022000	-80.605499
0.022100	-22.007000
0.022200	-22.007000
0.022300	388.183014
0.022400	603.044006
0.022500	329.584015
0.022600	329.584015
0.022700	485.846985
0.022800	505.380005
0.022900	681.174988
0.023000	759.306030
0.023100	798.372009
0.023200	954.635010
0.023300	856.971008
0.023400	622.577026
0.023500	642.109009
0.023600	524.911987
0.023700	-315.000000
0.023800	-881.452026
0.023900	-881.452026
0.024000	-998.648987
0.024100	-1018.179993
0.024200	-1018.179993
0.024300	-920.517029
0.024400	-1076.780029
0.024500	-979.116028
0.024600	-607.992004
0.024700	-334.532013
0.024800	-100.138000
0.024900	212.386993
0.025000	212.386993
0.025100	75.657204
0.025200	290.518005
0.025300	720.241028
0.025400	759.306030
0.025500	749.539978
0.025600	954.635010
0.025700	993.700012
0.025800	563.978027
0.025900	114.723000
0.026000	-139.203995
0.026100	-490.795013
0.026200	-500.561005
0.026300	-744.721985
0.026400	-734.955994
0.026500	-510.328003
0.026600	-734.955994
0.026700	-940.049988
0.026800	-1115.849976
0.026900	-920.517029
0.027000	-373.597992
0.027100	-227.102005
0.027200	-315.000000
0.027300	-217.335007
0.027400	-178.270004
0.027500	-100.138000
0.027600	202.621002
0.027700	329.584015
0.027800	310.050995
0.027900	329.584015
0.028000	290.518005
0.028100	75.657204
0.028200	-139.203995
0.028300	-373.597992
0.028400	-236.867996
0.028500	-412.664001
0.028600	-451.729004
0.028700	-236.867996
0.028800	-295.467010
0.028900	-295.467010
0.029000	-373.597992
0.029100	-412.664001
0.029200	-100.138000
0.029300	17.058701
0.029400	212.386993
0.029500	407.714996
0.029600	544.445007
0.029700	544.445007
0.029800	446.781006
0.029900	642.109009
0.030000	759.306030
0.030100	720.241028
0.030200	681.174988
0.030300	681.174988
0.030400	837.437988
0.030500	798.372009
0.030600	632.343018
0.030700	407.714996
0.030800	290.518005
0.030900	202.621002
0.031000	17.058701
0.031100	-100.138000
0.031200	-295.467010
0.031300	-354.065002
0.031400	-188.035995
0.031500	-100.138000
0.031600	-334.532013
0.031700	-295.467010
0.031800	95.190002
0.031900	17.058701
0.032000	-334.532013
0.032100	-451.729004
0.032200	-471.261993
0.032300	-686.122986
0.032400	-734.955994
0.032500	-783.788025
0.032600	-764.255005
0.032700	-686.122986
0.032800	-539.627014
0.032900	-178.270004
0.033000	-61.072701
0.033100	173.320999
0.033200	554.211975
0.033300	632.343018
0.033400	476.079987
0.033500	388.183014
0.033600	290.518005
0.033700	329.584015
0.033800	192.854004
0.033900	-61.072701
0.034000	17.058701
0.034100	-2.474160
0.034200	-158.737000
0.034300	-256.401001
0.034400	-178.270004
0.034500	-295.467010
0.034600	-490.795013
0.034700	-373.597992
0.034800	-500.561005
0.034900	-822.853027
0.035000	-607.992004
0.035100	-217.335007
0.035200	-158.737000
0.035300	-256.401001
0.035400	-178.270004
0.035500	134.255997
0.035600	17.058701
0.035700	-100.138000
0.035800	251.453003
0.035900	310.050995
0.036000	17.058701
0.036100	202.621002
0.036200	241.686005
0.036300	-197.802994
0.036400	-295.467010
0.036500	-217.335007
0.036600	-22.007000
0.036700	17.058701
0.036800	-80.605499
0.036900	-217.335007
0.037000	-295.467010
0.037100	-139.203995
0.037200	-22.007000
0.037300	-139.203995
0.037400	56.124298
0.037500	153.789001
0.037600	134.255997
0.037700	-119.670998
0.037800	75.657204
0.037900	163.554993
0.038000	-197.802994
0.038100	-217.335007
0.038200	36.591499
0.038300	-139.203995
0.038400	-100.138000
0.038500	-2.474160
0.038600	114.723000
0.038700	290.518005
0.038800	388.183014
0.038900	388.183014
0.039000	173.320999
0.039100	56.124298
0.039200	329.584015
0.039300	368.649994
0.039400	329.584015
0.039500	329.584015
0.039600	95.190002
0.039700	95.190002
0.039800	153.789001
0.039900	-61.072701
0.040000	-80.605499
0.040100	75.657204
0.040200	-41.539799
0.040300	-197.802994
0.040400	-227.102005
0.040500	-295.467010
0.040600	-402.897003
0.040700	-217.335007
0.040800	-549.393982
0.040900	-666.591003
0.041000	-295.467010
0.041100	-315.000000
0.041200	-481.028992
0.041300	-471.261993
0.041400	-217.335007
0.041500	-61.072701
0.041600	-236.867996
0.041700	-236.867996
0.041800	-109.904999
0.041900	-61.072701
0.042000	17.058701
0.042100	75.657204
0.042200	17.058701
0.042300	-139.203995
0.042400	-139.203995
0.042500	17.058701
0.042600	56.124298
0.042700	-61.072701
0.042800	75.657204
0.042900	95.190002
0.043000	95.190002
0.043100	280.752014
0.043200	251.453003
0.043300	192.854004
0.043400	270.985992
0.043500	251.453003
0.043600	319.817993
0.043700	544.445007
0.043800	485.846985
0.043900	485.846985
0.044000	466.313995
0.044100	485.846985
0.044200	642.109009
0.044300	563.978027
0.044400	329.584015
0.044500	251.453003
0.044600	270.985992
0.044700	192.854004
0.044800	173.320999
0.044900	56.124298
0.045000	-2.474160
0.045100	-12.240600
0.045200	-61.072701
0.045300	-158.737000
0.045400	-100.138000
0.045500	17.058701
0.045600	-22.007000
0.045700	-109.904999
0.045800	17.058701
0.045900	251.453003
0.046000	192.854004
0.046100	192.854004
0.046200	212.386993
0.046300	173.320999
0.046400	212.386993
0.046500	251.453003
0.046600	173.320999
0.046700	95.190002
0.046800	134.255997
0.046900	-41.539799
0.047000	-139.203995
0.047100	-41.539799
0.047200	-22.007000
0.047300	-61.072701
0.047400	-119.670998
0.047500	-217.335007
0.047600	-178.270004
0.047700	-168.503006
0.047800	-178.270004
0.047900	-61.072701
0.048000	-217.335007
0.048100	-373.597992
0.048200	-246.634995
0.048300	-80.605499
0.048400	-100.138000
0.048500	-100.138000
0.048600	-139.203995
0.048700	-61.072701
0.048800	75.657204
0.048900	56.124298
0.049000	134.255997
0.049100	231.919998
0.049200	329.584015
0.049300	231.919998
0.049400	75.657204
0.049500	7.292260
0.049600	-61.072701
0.049700	-100.138000
0.049800	-139.203995
0.049900	-100.138000
0.050000	-80.605499
0.050100	-61.072701
0.050200	17.058701
0.050300	85.423599
0.050400	163.554993
0.050500	-2.474160
0.050600	-158.737000
0.050700	17.058701
0.050800	270.985992
0.050900	290.518005
0.051000	437.015015
0.051100	388.183014
0.051200	329.584015
0.051300	310.050995
0.051400	319.817993
0.051500	329.584015
0.051600	329.584015
0.051700	310.050995
0.051800	251.453003
0.051900	153.789001
0.052000	114.723000
0.052100	-2.474160
0.052200	-80.605499
0.052300	-119.670998
0.052400	17.058701
0.052500	-178.270004
0.052600	-266.166992
0.052700	-412.664001
0.052800	-451.729004
0.052900	-295.467010
0.053000	-217.335007
0.053100	-256.401001
0.053200	-217.335007
0.053300	-22.007000
0.053400	17.058701
0.053500	-22.007000
0.053600	-61.072701
0.053700	56.124298
0.053800	85.423599
0.053900	17.058701
0.054000	173.320999
0.054100	192.854004
0.054200	56.124298
0.054300	-22.007000
0.054400	-41.539799
0.054500	-100.138000
0.054600	-178.270004
0.054700	-168.503006
0.054800	-139.203995
0.054900	-295.467010
0.055000	-295.467010
0.055100	-334.532013
0.055200	-217.335007
0.055300	-217.335007
0.055400	-295.467010
0.055500	-295.467010
0.055600	-178.270004
0.055700	-80.605499
0.055800	7.292260
0.055900	-22.007000
0.056000	95.190002
0.056100	251.453003
0.056200	270.985992
0.056300	251.453003
0.056400	212.386993
0.056500	319.817993
0.056600	319.817993
0.056700	95.190002
0.056800	173.320999
0.056900	251.453003
0.057000	251.453003
0.057100	231.919998
0.057200	95.190002
0.057300	124.488998
0.057400	310.050995
0.057500	290.518005
0.057600	173.320999
0.057700	212.386993
0.057800	212.386993
0.057900	173.320999
0.058000	173.320999
0.058100	222.153000
0.058200	153.789001
0.058300	134.255997
0.058400	134.255997
0.058500	173.320999
0.058600	134.255997
0.058700	134.255997
0.058800	134.255997
0.058900	95.190002
0.059000	173.320999
0.059100	17.058701
0.059200	-41.539799
0.059300	-80.605499
0.059400	-22.007000
0.059500	-197.802994
0.059600	-334.532013
0.059700	-256.401001
0.059800	-236.867996
0.059900	-295.467010
0.060000	-236.867996
0.060100	-334.532013
0.060200	-393.131012
0.060300	-412.664001
0.060400	-373.597992
0.060500	-344.299011
0.060600	-334.532013
0.060700	-188.035995
0.060800	-178.270004
0.060900	-236.867996
0.061000	-217.335007
0.061100	-31.773399
0.061200	-41.539799
0.061300	-22.007000
0.061400	153.789001
0.061500	173.320999
0.061600	95.190002
0.061700	153.789001
0.061800	173.320999
0.061900	163.554993
0.062000	173.320999
0.062100	173.320999
0.062200	134.255997
0.062300	17.058701
0.062400	-22.007000
0.062500	173.320999
0.062600	173.320999
0.062700	95.190002
0.062800	134.255997
0.062900	310.050995
0.063000	134.255997
0.063100	75.657204
0.063200	173.320999
0.063300	173.320999
0.063400	95.190002
0.063500	153.789001
0.063600	231.919998
0.063700	251.453003
0.063800	134.255997
0.063900	153.789001
0.064000	95.190002
0.064100	56.124298
0.064200	134.255997
0.064300	153.789001
0.064400	56.124298
0.064500	95.190002
0.064600	114.723000
0.064700	173.320999
0.064800	153.789001
0.064900	-2.474160
0.065000	95.190002
0.065100	-22.007000
0.065200	-100.138000
0.065300	-61.072701
0.065400	17.058701
0.065500	95.190002
0.065600	-61.072701
0.065700	-80.605499
0.065800	-61.072701
0.065900	-61.072701
0.066000	-61.072701
0.066100	-158.737000
0.066200	-178.270004
0.066300	-100.138000
0.066400	-61.072701
0.066500	-139.203995
0.066600	-100.138000
0.066700	-100.138000
0.066800	-139.203995
0.066900	-139.203995
0.067000	-90.371902
0.067100	-139.203995
0.067200	-139.203995
0.067300	-139.203995
0.067400	-158.737000
0.067500	-61.072701
0.067600	17.058701
0.067700	36.591499
0.067800	-61.072701
0.067900	-61.072701
0.068000	-61.072701
0.068100	36.591499
0.068200	-2.474160
0.068300	-61.072701
0.068400	-100.138000
0.068500	-22.007000
0.068600	17.058701
0.068700	-22.007000
0.068800	-2.474160
0.068900	75.657204
0.069000	17.058701
0.069100	17.058701
0.069200	251.453003
0.069300	231.919998
0.069400	212.386993
0.069500	231.919998
0.069600	212.386993
0.069700	241.686005
0.069800	251.453003
0.069900	251.453003
0.070000	319.817993
0.070100	231.919998
0.070200	202.621002
0.070300	212.386993
0.070400	310.050995
0.070500	270.985992
0.070600	134.255997
0.070700	134.255997
0.070800	134.255997
0.070900	85.423599
0.071000	17.058701
0.071100	-22.007000
0.071200	56.124298
0.071300	-61.072701
0.071400	17.058701
0.071500	-61.072701
0.071600	85.423599
0.071700	114.723000
0.071800	-31.773399
0.071900	17.058701
0.072000	134.255997
0.072100	95.190002
0.072200	95.190002
0.072300	173.320999
0.072400	212.386993
0.072500	163.554993
0.072600	95.190002
0.072700	173.320999
0.072800	212.386993
0.072900	75.657204
0.073000	56.124298
0.073100	95.190002
0.073200	56.124298
0.073300	95.190002
0.073400	56.124298
0.073500	7.292260
0.073600	-2.474160
0.073700	56.124298
0.073800	-80.605499
0.073900	-61.072701
0.074000	-41.539799
0.074100	-61.072701
0.074200	17.058701
0.074300	-41.539799
0.074400	-80.605499
0.074500	-158.737000
0.074600	-119.670998
0.074700	-61.072701
0.074800	-100.138000
0.074900	-178.270004
0.075000	-90.371902
0.075100	-61.072701
0.075200	-2.474160
0.075300	-22.007000
0.075400	-22.007000
0.075500	56.124298
0.075600	95.190002
0.075700	192.854004
0.075800	173.320999
0.075900	134.255997
0.076000	114.723000
0.076100	95.190002
0.076200	56.124298
0.076300	56.124298
0.076400	17.058701
0.076500	-80.605499
0.076600	-100.138000
0.076700	-100.138000
0.076800	-217.335007
0.076900	-236.867996
0.077000	-178.270004
0.077100	-100.138000
0.077200	-139.203995
0.077300	-61.072701
0.077400	17.058701
0.077500	-22.007000
0.077600	-80.605499
0.077700	-22.007000
0.077800	-22.007000
0.077900	-61.072701
0.078000	95.190002
0.078100	212.386993
0.078200	75.657204
0.078300	95.190002
0.078400	173.320999
0.078500	251.453003
0.078600	173.320999
0.078700	251.453003
0.078800	95.190002
0.078900	-2.474160
0.079000	134.255997
0.079100	192.854004
0.079200	-70.839104
0.079300	-139.203995
0.079400	17.058701
0.079500	-22.007000
0.079600	-158.737000
0.079700	-109.904999
0.079800	-158.737000
0.079900	-139.203995
0.080000	-217.335007
0.080100	-236.867996
0.080200	-178.270004
0.080300	-80.605499
0.080400	-158.737000
0.080500	-178.270004
0.080600	-217.335007
0.080700	-139.203995
0.080800	-158.737000
0.080900	-22.007000
0.081000	-41.539799
0.081100	-61.072701
0.081200	-2.474160
0.081300	-61.072701
0.081400	-61.072701
0.081500	-31.773399
0.081600	-80.605499
0.081700	-2.474160
0.081800	17.058701
0.081900	-22.007000
0.082000	-61.072701
0.082100	75.657204
0.082200	-22.007000
0.082300	-61.072701
0.082400	-22.007000
0.082500	17.058701
0.082600	95.190002
0.082700	17.058701
0.082800	17.058701
0.082900	-22.007000
0.083000	-22.007000
0.083100	17.058701
0.083200	17.058701
0.083300	114.723000
0.083400	173.320999
0.083500	17.058701
0.083600	-2.474160
0.083700	134.255997
0.083800	173.320999
0.083900	134.255997
0.084000	17.058701
0.084100	17.058701
0.084200	56.124298
0.084300	56.124298
0.084400	17.058701
0.084500	-2.474160
0.084600	17.058701
0.084700	17.058701
0.084800	17.058701
0.084900	-22.007000
0.085000	-22.007000
0.085100	75.657204
0.085200	-22.007000
0.085300	-41.539799
0.085400	-61.072701
0.085500	-61.072701
0.085600	-22.007000
0.085700	-2.474160
0.085800	17.058701
0.085900	-2.474160
0.086000	75.657204
0.086100	17.058701
0.086200	85.423599
0.086300	17.058701
0.086400	56.124298
0.086500	-31.773399
0.086600	17.058701
0.086700	17.058701
0.086800	-61.072701
0.086900	-80.605499
0.087000	-41.539799
0.087100	-100.138000
0.087200	-178.270004
0.087300	-158.737000
0.087400	-22.007000
0.087500	17.058701
0.087600	17.058701
0.087700	-61.072701
0.087800	-139.203995
0.087900	-80.605499
0.088000	17.058701
0.088100	36.591499
0.088200	-178.270004
0.088300	-61.072701
0.088400	95.190002
0.088500	95.190002
0.088600	75.657204
0.088700	75.657204
0.088800	-22.007000
0.088900	-2.474160
0.089000	-31.773399
0.089100	-119.670998
0.089200	-158.737000
0.089300	-22.007000
0.089400	95.190002
0.089500	56.124298
0.089600	134.255997
0.089700	104.956001
0.089800	-31.773399
0.089900	75.657204
0.090000	114.723000
0.090100	65.890800
0.090200	-61.072701
0.090300	134.255997
0.090400	241.686005
0.090500	114.723000
0.090600	-22.007000
0.090700	85.423599
0.090800	75.657204
0.090900	95.190002
0.091000	75.657204
0.091100	-61.072701
0.091200	-22.007000
0.091300	56.124298
0.091400	75.657204
0.091500	17.058701
0.091600	95.190002
0.091700	173.320999
0.091800	114.723000
0.091900	95.190002
0.092000	-22.007000
0.092100	56.124298
0.092200	17.058701
0.092300	7.292260
0.092400	56.124298
0.092500	95.190002
0.092600	-22.007000
0.092700	-2.474160
0.092800	-22.007000
0.092900	-61.072701
0.093000	17.058701
0.093100	-22.007000
0.093200	95.190002
0.093300	173.320999
0.093400	17.058701
0.093500	-139.203995
0.093600	-80.605499
0.093700	-2.474160
0.093800	56.124298
0.093900	36.591499
0.094000	-12.240600
0.094100	-22.007000
0.094200	95.190002
0.094300	114.723000
0.094400	-61.072701
0.094500	-70.839104
0.094600	95.190002
0.094700	56.124298
0.094800	-12.240600
0.094900	-22.007000
0.095000	-2.474160
0.095100	-22.007000
0.095200	17.058701
0.095300	-2.474160
0.095400	-80.605499
0.095500	-61.072701
0.095600	-22.007000
0.095700	-139.203995
0.095800	-227.102005
0.095900	-178.270004
0.096000	-80.605499
0.096100	-61.072701
0.096200	-61.072701
0.096300	-2.474160
0.096400	-70.839104
0.096500	-41.539799
0.096600	-2.474160
0.096700	56.124298
0.096800	-2.474160
0.096900	-22.007000
0.097000	-61.072701
0.097100	17.058701
0.097200	-22.007000
0.097300	-80.605499
0.097400	-22.007000
0.097500	-2.474160
0.097600	-80.605499
0.097700	17.058701
0.097800	17.058701
0.097900	75.657204
0.098000	114.723000
0.098100	153.789001
0.098200	17.058701
0.098300	-178.270004
0.098400	-61.072701
0.098500	-22.007000
0.098600	56.124298
0.098700	56.124298
0.098800	7.292260
0.098900	-22.007000
0.099000	-22.007000
0.099100	56.124298
0.099200	-2.474160
0.099300	17.058701
0.099400	134.255997
0.099500	56.124298
0.099600	-2.474160
0.099700	17.058701
0.099800	104.956001
0.099900	95.190002
0.100000	104.956001
0.100100	17.058701
0.100200	17.058701
0.100300	-22.007000
0.100400	134.255997
0.100500	95.190002
0.100600	-41.539799
0.100700	-22.007000
0.100800	17.058701
0.100900	75.657204
0.101000	75.657204
0.101100	-31.773399
0.101200	-22.007000
0.101300	-61.072701
0.101400	-61.072701
0.101500	-12.240600
0.101600	17.058701
0.101700	75.657204
0.101800	36.591499
0.101900	56.124298
0.102000	56.124298
0.102100	-61.072701
0.102200	-61.072701
0.102300	-22.007000
0.102400	-70.839104
0.102500	-61.072701
0.102600	-22.007000
0.102700	-109.904999
0.102800	-100.138000
0.102900	-61.072701
0.103000	-188.035995
0.103100	-217.335007
0.103200	-80.605499
0.103300	-100.138000
0.103400	-31.773399
0.103500	36.591499
0.103600	-100.138000
0.103700	-139.203995
0.103800	-70.839104
0.103900	75.657204
0.104000	-61.072701
0.104100	-217.335007
0.104200	-217.335007
0.104300	-158.737000
0.104400	-80.605499
0.104500	-100.138000
0.104600	-61.072701
0.104700	-100.138000
0.104800	-109.904999
0.104900	-188.035995
0.105000	-31.773399
0.105100	-22.007000
0.105200	-139.203995
0.105300	-295.467010
0.105400	-178.270004
0.105500	-61.072701
0.105600	-22.007000
0.105700	-100.138000
0.105800	-61.072701
0.105900	56.124298
0.106000	75.657204
0.106100	-61.072701
0.106200	-41.539799
0.106300	-2.474160
0.106400	56.124298
0.106500	-22.007000
0.106600	75.657204
0.106700	-22.007000
0.106800	-80.605499
0.106900	-100.138000
0.107000	56.124298
0.107100	-2.474160
0.107200	-61.072701
0.107300	-2.474160
0.107400	-2.474160
0.107500	-41.539799
0.107600	-2.474160
0.107700	-22.007000
0.107800	-22.007000
0.107900	-61.072701
0.108000	17.058701
0.108100	75.657204
0.108200	-61.072701
0.108300	-100.138000
0.108400	75.657204
0.108500	95.190002
0.108600	95.190002
0.108700	114.723000
0.108800	17.058701
0.108900	-61.072701
0.109000	7.292260
0.109100	95.190002
0.109200	95.190002
0.109300	95.190002
0.109400	56.124298
0.109500	153.789001
0.109600	134.255997
0.109700	-22.007000
0.109800	-22.007000
0.109900	134.255997
0.110000	75.657204
0.110100	17.058701
0.110200	17.058701
0.110300	65.890800
0.110400	17.058701
0.110500	95.190002
0.110600	56.124298
0.110700	75.657204
0.110800	95.190002
0.110900	17.058701
0.111000	-22.007000
0.111100	124.488998
0.111200	134.255997
0.111300	95.190002
0.111400	17.058701
0.111500	-2.474160
0.111600	17.058701
0.111700	17.058701
0.111800	-41.539799
0.111900	-61.072701
0.112000	-61.072701
0.112100	85.423599
0.112200	56.124298
0.112300	75.657204
0.112400	17.058701
0.112500	85.423599
0.112600	75.657204
0.112700	17.058701
0.112800	-61.072701
0.112900	-2.474160
0.113000	-2.474160
0.113100	-41.539799
0.113200	-2.474160
0.113300	95.190002
0.113400	95.190002
0.113500	17.058701
0.113600	56.124298
0.113700	241.686005
0.113800	173.320999
0.113900	-41.539799
0.114000	7.292260
0.114100	153.789001
0.114200	173.320999
0.114300	173.320999
0.114400	212.386993
0.114500	95.190002
0.114600	56.124298
0.114700	56.124298
0.114800	75.657204
0.114900	95.190002
0.115000	134.255997
0.115100	-31.773399
0.115200	17.058701
0.115300	-22.007000
0.115400	-61.072701
0.115500	17.058701
0.115600	17.058701
0.115700	95.190002
0.115800	95.190002
0.115900	-61.072701
0.116000	17.058701
0.116100	114.723000
0.116200	17.058701
0.116300	-22.007000
0.116400	104.956001
0.116500	95.190002
0.116600	7.292260
0.116700	-61.072701
0.116800	17.058701
0.116900	114.723000
0.117000	56.124298
0.117100	-2.474160
0.117200	17.058701
0.117300	75.657204
0.117400	56.124298
0.117500	-61.072701
0.117600	-12.240600
0.117700	75.657204
0.117800	-2.474160
0.117900	-119.670998
0.118000	-119.670998
0.118100	95.190002
0.118200	-61.072701
0.118300	-80.605499
0.118400	-22.007000
0.118500	95.190002
0.118600	-61.072701
0.118700	-61.072701
0.118800	75.657204
0.118900	-22.007000
0.119000	-80.605499
0.119100	-61.072701
0.119200	-61.072701
0.119300	-2.474160
0.119400	-80.605499
0.119500	-90.371902
0.119600	-22.007000
0.119700	-41.539799
0.119800	-61.072701
0.119900	-61.072701
0.120000	17.058701
0.120100	75.657204
0.120200	-41.539799
0.120300	-80.605499
0.120400	95.190002
0.120500	95.190002
0.120600	-2.474160
0.120700	85.423599
0.120800	17.058701
0.120900	75.657204
0.121000	17.058701
0.121100	7.292260
0.121200	17.058701
0.121300	134.255997
0.121400	75.657204
0.121500	95.190002
0.121600	134.255997
0.121700	-41.539799
0.121800	-61.072701
0.121900	17.058701
0.122000	-22.007000
0.122100	-2.474160
0.122200	-41.539799
0.122300	-22.007000
0.122400	17.058701
0.122500	75.657204
0.122600	65.890800
0.122700	163.554993
0.122800	17.058701
0.122900	-70.839104
0.123000	75.657204
0.123100	134.255997
0.123200	17.058701
0.123300	17.058701
0.123400	202.621002
0.123500	95.190002
0.123600	-61.072701
0.123700	85.423599
0.123800	192.854004
0.123900	173.320999
0.124000	56.124298
0.124100	-12.240600
0.124200	85.423599
0.124300	114.723000
0.124400	56.124298
0.124500	46.357899
0.124600	95.190002
0.124700	-2.474160
0.124800	85.423599
0.124900	173.320999
0.125000	134.255997
0.125100	17.058701
0.125200	17.058701
0.125300	17.058701
0.125400	95.190002
0.125500	-2.474160
0.125600	17.058701
0.125700	173.320999
0.125800	163.554993
0.125900	56.124298
0.126000	17.058701
0.126100	95.190002
0.126200	134.255997
0.126300	75.657204
0.126400	56.124298
0.126500	95.190002
0.126600	134.255997
0.126700	56.124298
0.126800	17.058701
0.126900	-41.539799
0.127000	-22.007000
0.127100	17.058701
0.127200	95.190002
0.127300	-22.007000
0.127400	-80.605499
0.127500	-61.072701
0.127600	-2.474160
0.127700	-61.072701
0.127800	-61.072701
0.127900	-41.539799
0.128000	-100.138000
0.128100	-158.737000
0.128200	-80.605499
0.128300	-61.072701
0.128400	17.058701
0.128500	-22.007000
0.128600	-217.335007
0.128700	-168.503006
0.128800	-80.605499
0.128900	-80.605499
0.129000	-61.072701
0.129100	7.292260
0.129200	7.292260
0.129300	17.058701
0.129400	17.058701
0.129500	17.058701
0.129600	-61.072701
0.129700	-80.605499
0.129800	-80.605499
0.129900	-139.203995
0.130000	-139.203995
0.130100	-61.072701
0.130200	-61.072701
0.130300	-61.072701
0.130400	-22.007000
0.130500	17.058701
0.130600	-41.539799
0.130700	75.657204
0.130800	75.657204
0.130900	-100.138000
0.131000	-139.203995
0.131100	-2.474160
0.131200	-31.773399
0.131300	-51.306198
0.131400	-61.072701
0.131500	17.058701
0.131600	124.488998
0.131700	-139.203995
0.131800	-100.138000
0.131900	95.190002
0.132000	75.657204
0.132100	-217.335007
0.132200	-80.605499
0.132300	75.657204
0.132400	-61.072701
0.132500	-100.138000
0.132600	-61.072701
0.132700	17.058701
0.132800	-61.072701
0.132900	-178.270004
0.133000	-22.007000
0.133100	-139.203995
0.133200	-178.270004
0.133300	-100.138000
0.133400	-61.072701
0.133500	-61.072701
0.133600	-22.007000
0.133700	-61.072701
0.133800	-22.007000
0.133900	36.591499
0.134000	56.124298
0.134100	-22.007000
0.134200	17.058701
0.134300	56.124298
0.134400	17.058701
0.134500	-61.072701
0.134600	-22.007000
0.134700	95.190002
0.134800	173.320999
0.134900	17.058701
0.135000	17.058701
0.135100	251.453003
0.135200	95.190002
0.135300	-22.007000
0.135400	56.124298
0.135500	95.190002
0.135600	95.190002
0.135700	56.124298
0.135800	114.723000
0.135900	17.058701
0.136000	56.124298
0.136100	17.058701
0.136200	17.058701
0.136300	153.789001
0.136400	134.255997
0.136500	46.357899
0.136600	-139.203995
0.136700	-22.007000
0.136800	95.190002
0.136900	104.956001
0.137000	95.190002
0.137100	95.190002
0.137200	-22.007000
0.137300	-41.539799
0.137400	75.657204
0.137500	75.657204
0.137600	17.058701
0.137700	56.124298
0.137800	56.124298
0.137900	75.657204
0.138000	56.124298
0.138100	153.789001
0.138200	173.320999
0.138300	134.255997
0.138400	114.723000
0.138500	173.320999
0.138600	95.190002
0.138700	173.320999
0.138800	17.058701
0.138900	56.124298
0.139000	192.854004
0.139100	75.657204
0.139200	-22.007000
0.139300	-22.007000
0.139400	-61.072701
0.139500	-100.138000
0.139600	56.124298
0.139700	75.657204
0.139800	56.124298
0.139900	-22.007000
0.140000	-22.007000
0.140100	-22.007000
0.140200	-2.474160
0.140300	-22.007000
0.140400	56.124298
0.140500	17.058701
0.140600	56.124298
0.140700	17.058701
0.140800	56.124298
0.140900	17.058701
0.141000	17.058701
0.141100	-22.007000
0.141200	17.058701
0.141300	192.854004
0.141400	56.124298
0.141500	17.058701
0.141600	7.292260
0.141700	17.058701
0.141800	7.292260
0.141900	-80.605499
0.142000	-80.605499
0.142100	-22.007000
0.142200	-51.306198
0.142300	-80.605499
0.142400	-2.474160
0.142500	7.292260
0.142600	-139.203995
0.142700	-139.203995
0.142800	-80.605499
0.142900	17.058701
0.143000	95.190002
0.143100	56.124298
0.143200	-22.007000
0.143300	17.058701
0.143400	-100.138000
0.143500	-100.138000
0.143600	-61.072701
0.143700	-109.904999
0.143800	-70.839104
0.143900	17.058701
0.144000	173.320999
0.144100	95.190002
0.144200	-61.072701
0.144300	-61.072701
0.144400	-2.474160
0.144500	-12.240600
0.144600	75.657204
0.144700	-100.138000
0.144800	-61.072701
0.144900	95.190002
0.145000	95.190002
0.145100	56.124298
0.145200	-22.007000
0.145300	-80.605499
0.145400	-2.474160
0.145500	-61.072701
0.145600	-61.072701
0.145700	-2.474160
0.145800	-22.007000
0.145900	-31.773399
0.146000	134.255997
0.146100	134.255997
0.146200	75.657204
0.146300	-22.007000
0.146400	56.124298
0.146500	95.190002
0.146600	17.058701
0.146700	-41.539799
0.146800	56.124298
0.146900	17.058701
0.147000	65.890800
0.147100	153.789001
0.147200	95.190002
0.147300	75.657204
0.147400	163.554993
0.147500	17.058701
0.147600	-22.007000
0.147700	75.657204
0.147800	17.058701
0.147900	-41.539799
0.148000	134.255997
0.148100	-2.474160
0.148200	-80.605499
0.148300	-41.539799
0.148400	65.890800
0.148500	17.058701
0.148600	-2.474160
0.148700	-22.007000
0.148800	36.591499
0.148900	36.591499
0.149000	7.292260
0.149100	-61.072701
0.149200	36.591499
0.149300	56.124298
0.149400	-61.072701
0.149500	-61.072701
0.149600	17.058701
0.149700	-22.007000
0.149800	-61.072701
0.149900	-22.007000
0.150000	-22.007000
0.150100	-22.007000
0.150200	7.292260
0.150300	17.058701
0.150400	17.058701
0.150500	75.657204
0.150600	-22.007000
0.150700	-61.072701
0.150800	-61.072701
0.150900	-22.007000
0.151000	-2.474160
0.151100	-22.007000
0.151200	56.124298
0.151300	17.058701
0.151400	-41.539799
0.151500	-61.072701
0.151600	17.058701
0.151700	17.058701
0.151800	-61.072701
0.151900	-61.072701
0.152000	-61.072701
0.152100	17.058701
0.152200	-2.474160
0.152300	-100.138000
0.152400	-61.072701
0.152500	75.657204
0.152600	-41.539799
0.152700	-61.072701
0.152800	-61.072701
0.152900	17.058701
0.153000	17.058701
0.153100	-80.605499
0.153200	17.058701
0.153300	-70.839104
0.153400	-139.203995
0.153500	-22.007000
0.153600	17.058701
0.153700	17.058701
0.153800	-61.072701
0.153900	-61.072701
0.154000	-22.007000
0.154100	17.058701
0.154200	17.058701
0.154300	56.124298
0.154400	-41.539799
0.154500	-61.072701
0.154600	-22.007000
0.154700	46.357899
0.154800	-100.138000
0.154900	-61.072701
0.155000	-61.072701
0.155100	-61.072701
0.155200	-61.072701
0.155300	-22.007000
0.155400	36.591499
0.155500	85.423599
0.155600	17.058701
0.155700	56.124298
0.155800	56.124298
0.155900	36.591499
0.156000	-80.605499
0.156100	-61.072701
0.156200	-41.539799
0.156300	114.723000
0.156400	-80.605499
0.156500	-61.072701
0.156600	75.657204
0.156700	114.723000
0.156800	-2.474160
0.156900	-22.007000
0.157000	17.058701
0.157100	17.058701
0.157200	36.591499
0.157300	-12.240600
0.157400	17.058701
0.157500	75.657204
0.157600	95.190002
0.157700	134.255997
0.157800	75.657204
0.157900	17.058701
0.158000	-22.007000
0.158100	-139.203995
0.158200	-61.072701
0.158300	17.058701
0.158400	56.124298
0.158500	17.058701
0.158600	36.591499
0.158700	-22.007000
0.158800	-22.007000
0.158900	-22.007000
0.159000	17.058701
0.159100	95.190002
0.159200	75.657204
0.159300	153.789001
0.159400	144.022003
0.159500	17.058701
0.159600	-61.072701
0.159700	-2.474160
0.159800	95.190002
0.159900	-22.007000
0.160000	-2.474160
0.160100	153.789001
0.160200	75.657204
0.160300	56.124298
0.160400	56.124298
0.160500	56.124298
0.160600	17.058701
0.160700	95.190002
0.160800	46.357899
0.160900	17.058701
0.161000	95.190002
0.161100	95.190002
0.161200	-61.072701
0.161300	-70.839104
0.161400	-31.773399
0.161500	85.423599
0.161600	173.320999
0.161700	212.386993
0.161800	17.058701
0.161900	-61.072701
0.162000	95.190002
0.162100	173.320999
0.162200	17.058701
0.162300	75.657204
0.162400	95.190002
0.162500	95.190002
0.162600	95.190002
0.162700	56.124298
0.162800	17.058701
0.162900	75.657204
0.163000	17.058701
0.163100	-2.474160
0.163200	95.190002
0.163300	95.190002
0.163400	17.058701
0.163500	56.124298
0.163600	-70.839104
0.163700	-61.072701
0.163800	-22.007000
0.163900	46.357899
0.164000	-61.072701
0.164100	-100.138000
0.164200	17.058701
0.164300	7.292260
0.164400	-61.072701
0.164500	17.058701
0.164600	95.190002
0.164700	17.058701
0.164800	-61.072701
0.164900	-61.072701
0.165000	-41.539799
0.165100	-22.007000
0.165200	-22.007000
0.165300	75.657204
0.165400	-2.474160
0.165500	-22.007000
0.165600	56.124298
0.165700	56.124298
0.165800	56.124298
0.165900	17.058701
0.166000	17.058701
0.166100	-109.904999
0.166200	-90.371902
0.166300	-31.773399
0.166400	85.423599
0.166500	75.657204
0.166600	-2.474160
0.166700	-139.203995
0.166800	-22.007000
0.166900	-61.072701
0.167000	-80.605499
0.167100	-100.138000
0.167200	-61.072701
0.167300	-2.474160
0.167400	-61.072701
0.167500	-61.072701
0.167600	17.058701
0.167700	-22.007000
0.167800	56.124298
0.167900	17.058701
0.168000	-139.203995
0.168100	-119.670998
0.168200	17.058701
0.168300	75.657204
0.168400	-22.007000
0.168500	56.124298
0.168600	134.255997
0.168700	95.190002
0.168800	124.488998
0.168900	95.190002
0.169000	17.058701
0.169100	-2.474160
0.169200	-61.072701
0.169300	17.058701
0.169400	-2.474160
0.169500	-2.474160
0.169600	75.657204
0.169700	65.890800
0.169800	95.190002
0.169900	17.058701
0.170000	-2.474160
0.170100	-2.474160
0.170200	17.058701
0.170300	75.657204
0.170400	46.357899
0.170500	17.058701
0.170600	7.292260
0.170700	17.058701
0.170800	-2.474160
0.170900	95.190002
0.171000	17.058701
0.171100	95.190002
0.171200	75.657204
0.171300	75.657204
0.171400	95.190002
0.171500	56.124298
0.171600	56.124298
0.171700	56.124298
0.171800	-2.474160
0.171900	17.058701
0.172000	-22.007000
0.172100	17.058701
0.172200	95.190002
0.172300	75.657204
0.172400	-22.007000
0.172500	75.657204
0.172600	95.190002
0.172700	17.058701
0.172800	-2.474160
0.172900	-12.240600
0.173000	-61.072701
0.173100	-22.007000
0.173200	95.190002
0.173300	-2.474160
0.173400	-2.474160
0.173500	134.255997
0.173600	75.657204
0.173700	17.058701
0.173800	-22.007000
0.173900	95.190002
0.174000	56.124298
0.174100	-22.007000
0.174200	85.423599
0.174300	95.190002
0.174400	56.124298
0.174500	75.657204
0.174600	75.657204
0.174700	17.058701
0.174800	153.789001
0.174900	-12.240600
0.175000	-31.773399
0.175100	-41.539799
0.175200	56.124298
0.175300	153.789001
0.175400	75.657204
0.175500	-61.072701
0.175600	56.124298
0.175700	65.890800
0.175800	17.058701
0.175900	75.657204
0.176000	75.657204
0.176100	95.190002
0.176200	-61.072701
0.176300	-61.072701
0.176400	95.190002
0.176500	-61.072701
0.176600	-41.539799
0.176700	163.554993
0.176800	-2.474160
0.176900	-22.007000
0.177000	95.190002
0.177100	17.058701
0.177200	-41.539799
0.177300	-2.474160
0.177400	95.190002
0.177500	134.255997
0.177600	-22.007000
0.177700	-22.007000
0.177800	17.058701
0.177900	-31.773399
0.178000	-2.474160
0.178100	-22.007000
0.178200	56.124298
0.178300	17.058701
0.178400	-61.072701
0.178500	-100.138000
0.178600	-22.007000
0.178700	-2.474160
0.178800	-61.072701
0.178900	-100.138000
0.179000	-2.474160
0.179100	75.657204
0.179200	7.292260
0.179300	17.058701
0.179400	153.789001
0.179500	173.320999
0.179600	95.190002
0.179700	-100.138000
0.179800	-100.138000
0.179900	36.591499
0.180000	-22.007000
0.180100	-41.539799
0.180200	7.292260
0.180300	56.124298
0.180400	17.058701
0.180500	17.058701
0.180600	-2.474160
0.180700	-61.072701
0.180800	-31.773399
0.180900	95.190002
0.181000	17.058701
0.181100	75.657204
0.181200	-41.539799
0.181300	-80.605499
0.181400	17.058701
0.181500	17.058701
0.181600	56.124298
0.181700	114.723000
0.181800	56.124298
0.181900	-139.203995
0.182000	-139.203995
0.182100	17.058701
0.182200	-41.539799
0.182300	17.058701
0.182400	7.292260
0.182500	-41.539799
0.182600	-41.539799
0.182700	95.190002
0.182800	56.124298
0.182900	56.124298
0.183000	17.058701
0.183100	-22.007000
0.183200	17.058701
0.183300	56.124298
0.183400	-61.072701
0.183500	17.058701
0.183600	95.190002
0.183700	-61.072701
0.183800	-22.007000
0.183900	17.058701
0.184000	17.058701
0.184100	-80.605499
0.184200	-61.072701
0.184300	17.058701
0.184400	-22.007000
0.184500	-61.072701
0.184600	17.058701
0.184700	56.124298
0.184800	-41.539799
0.184900	17.058701
0.185000	56.124298
0.185100	-22.007000
0.185200	-100.138000
0.185300	-2.474160
0.185400	7.292260
0.185500	7.292260
0.185600	95.190002
0.185700	17.058701
0.185800	-22.007000
0.185900	17.058701
0.186000	56.124298
0.186100	85.423599
0.186200	56.124298
0.186300	17.058701
0.186400	75.657204
0.186500	17.058701
0.186600	-31.773399
0.186700	17.058701
0.186800	-61.072701
0.186900	-80.605499
0.187000	-61.072701
0.187100	-51.306198
0.187200	17.058701
0.187300	95.190002
0.187400	134.255997
0.187500	-22.007000
0.187600	17.058701
0.187700	173.320999
0.187800	192.854004
0.187900	-2.474160
0.188000	-100.138000
0.188100	75.657204
0.188200	85.423599
0.188300	-22.007000
0.188400	-2.474160
0.188500	75.657204
0.188600	56.124298
0.188700	153.789001
0.188800	56.124298
0.188900	-22.007000
0.189000	75.657204
0.189100	75.657204
0.189200	56.124298
0.189300	-22.007000
0.189400	-70.839104
0.189500	-61.072701
0.189600	17.058701
0.189700	95.190002
0.189800	-2.474160
0.189900	-2.474160
0.190000	75.657204
0.190100	56.124298
0.190200	95.190002
0.190300	95.190002
0.190400	95.190002
0.190500	134.255997
0.190600	-22.007000
0.190700	-61.072701
0.190800	17.058701
0.190900	95.190002
0.191000	-2.474160
0.191100	-22.007000
0.191200	75.657204
0.191300	173.320999
0.191400	17.058701
0.191500	-100.138000
0.191600	7.292260
0.191700	-41.539799
0.191800	46.357899
0.191900	75.657204
0.192000	17.058701
0.192100	65.890800
0.192200	56.124298
0.192300	56.124298
0.192400	-61.072701
0.192500	-80.605499
0.192600	-61.072701
0.192700	56.124298
0.192800	-41.539799
0.192900	17.058701
0.193000	95.190002
0.193100	56.124298
0.193200	56.124298
0.193300	17.058701
0.193400	17.058701
0.193500	75.657204
0.193600	75.657204
0.193700	-2.474160
0.193800	-61.072701
0.193900	-41.539799
0.194000	-2.474160
0.194100	95.190002
0.194200	-2.474160
0.194300	17.058701
0.194400	95.190002
0.194500	95.190002
0.194600	36.591499
0.194700	95.190002
0.194800	17.058701
0.194900	36.591499
0.195000	17.058701
0.195100	-22.007000
0.195200	75.657204
0.195300	95.190002
0.195400	-22.007000
0.195500	-61.072701
0.195600	56.124298
0.195700	134.255997
0.195800	-41.539799
0.195900	-2.474160
0.196000	-61.072701
0.196100	56.124298
0.196200	124.488998
0.196300	17.058701
0.196400	-22.007000
0.196500	-61.072701
0.196600	56.124298
0.196700	56.124298
0.196800	17.058701
0.196900	17.058701
0.197000	56.124298
0.197100	95.190002
0.197200	17.058701
0.197300	-2.474160
0.197400	95.190002
0.197500	114.723000
0.197600	17.058701
0.197700	-31.773399
0.197800	56.124298
0.197900	95.190002
0.198000	95.190002
0.198100	56.124298
0.198200	95.190002
0.198300	95.190002
0.198400	-61.072701
0.198500	-22.007000
0.198600	-100.138000
0.198700	-61.072701
0.198800	95.190002
0.198900	75.657204
0.199000	-22.007000
0.199100	-61.072701
0.199200	134.255997
0.199300	163.554993
0.199400	95.190002
0.199500	7.292260
0.199600	17.058701
0.199700	17.058701
0.199800	17.058701
0.199900	75.657204
0.200000	-2.474160
0.200100	17.058701
0.200200	95.190002
0.200300	-61.072701
0.200400	-31.773399
0.200500	-61.072701
0.200600	-2.474160
0.200700	17.058701
0.200800	56.124298
0.200900	17.058701
0.201000	-22.007000
0.201100	95.190002
0.201200	56.124298
0.201300	-22.007000
0.201400	95.190002
0.201500	95.190002
0.201600	56.124298
0.201700	56.124298
0.201800	-22.007000
0.201900	17.058701
0.202000	17.058701
0.202100	46.357899
0.202200	-61.072701
0.202300	-80.605499
0.202400	-80.605499
0.202500	-31.773399
0.202600	-2.474160
0.202700	17.058701
0.202800	17.058701
0.202900	-61.072701
0.203000	-61.072701
0.203100	17.058701
0.203200	-2.474160
0.203300	7.292260
0.203400	-31.773399
0.203500	7.292260
0.203600	56.124298
0.203700	104.956001
0.203800	95.190002
0.203900	17.058701
0.204000	17.058701
0.204100	-2.474160
0.204200	-22.007000
0.204300	17.058701
0.204400	95.190002
0.204500	95.190002
0.204600	153.789001
0.204700	173.320999
0.204800	75.657204
0.204900	-41.539799
0.205000	-22.007000
0.205100	-22.007000
0.205200	-22.007000
0.205300	-22.007000
0.205400	-139.203995
0.205500	-22.007000
0.205600	173.320999
0.205700	56.124298
0.205800	17.058701
0.205900	-2.474160
0.206000	-61.072701
0.206100	-22.007000
0.206200	-100.138000
0.206300	-61.072701
0.206400	17.058701
0.206500	46.357899
0.206600	7.292260
0.206700	-22.007000
0.206800	-22.007000
0.206900	153.789001
0.207000	95.190002
0.207100	17.058701
0.207200	75.657204
0.207300	173.320999
0.207400	-61.072701
0.207500	-61.072701
0.207600	173.320999
0.207700	95.190002
0.207800	95.190002
0.207900	134.255997
0.208000	-22.007000
0.208100	-2.474160
0.208200	134.255997
0.208300	17.058701
0.208400	75.657204
0.208500	17.058701
0.208600	-80.605499
0.208700	-61.072701
0.208800	-31.773399
0.208900	95.190002
0.209000	-22.007000
0.209100	-61.072701
0.209200	17.058701
0.209300	17.058701
0.209400	-41.539799
0.209500	-61.072701
0.209600	17.058701
0.209700	17.058701
0.209800	153.789001
0.209900	114.723000
0.210000	75.657204
0.210100	17.058701
0.210200	36.591499
0.210300	56.124298
0.210400	75.657204
0.210500	17.058701
0.210600	17.058701
0.210700	-2.474160
0.210800	-2.474160
0.210900	-61.072701
0.211000	56.124298
0.211100	56.124298
0.211200	17.058701
0.211300	7.292260
0.211400	-2.474160
0.211500	17.058701
0.211600	-41.539799
0.211700	-61.072701
0.211800	-2.474160
0.211900	17.058701
0.212000	85.423599
0.212100	7.292260
0.212200	17.058701
0.212300	-22.007000
0.212400	75.657204
0.212500	-2.474160
0.212600	-41.539799
0.212700	-61.072701
0.212800	95.190002
0.212900	75.657204
0.213000	56.124298
0.213100	-22.007000
0.213200	56.124298
0.213300	17.058701
0.213400	-22.007000
0.213500	56.124298
0.213600	95.190002
0.213700	17.058701
0.213800	-2.474160
0.213900	-22.007000
0.214000	-61.072701
0.214100	-22.007000
0.214200	-2.474160
0.214300	56.124298
0.214400	56.124298
0.214500	-41.539799
0.214600	7.292260
0.214700	95.190002
0.214800	17.058701
0.214900	-2.474160
0.215000	134.255997
0.215100	114.723000
0.215200	36.591499
0.215300	17.058701
0.215400	-100.138000
0.215500	-80.605499
0.215600	-61.072701
0.215700	-41.539799
0.215800	-22.007000
0.215900	17.058701
0.216000	17.058701
0.216100	95.190002
0.216200	-31.773399
0.216300	-70.839104
0.216400	56.124298
0.216500	56.124298
0.216600	85.423599
0.216700	17.058701
0.216800	17.058701
0.216900	17.058701
0.217000	17.058701
0.217100	95.190002
0.217200	85.423599
0.217300	56.124298
0.217400	75.657204
0.217500	56.124298
0.217600	-22.007000
0.217700	17.058701
0.217800	-2.474160
0.217900	-61.072701
0.218000	17.058701
0.218100	-2.474160
0.218200	17.058701
0.218300	36.591499
0.218400	36.591499
0.218500	56.124298
0.218600	-41.539799
0.218700	7.292260
0.218800	17.058701
0.218900	-2.474160
0.219000	-2.474160
0.219100	-22.007000
0.219200	56.124298
0.219300	17.058701
0.219400	-2.474160
0.219500	7.292260
0.219600	-2.474160
0.219700	-31.773399
0.219800	-2.474160
0.219900	-70.839104
0.220000	-119.670998
0.220100	17.058701
0.220200	95.190002
0.220300	75.657204
0.220400	7.292260
0.220500	-61.072701
0.220600	46.357899
0.220700	17.058701
0.220800	17.058701
0.220900	95.190002
0.221000	17.058701
0.221100	75.657204
0.221200	-41.539799
0.221300	134.255997
0.221400	36.591499
0.221500	-119.670998
0.221600	-100.138000
0.221700	17.058701
0.221800	-2.474160
0.221900	75.657204
0.222000	163.554993
0.222100	56.124298
0.222200	95.190002
0.222300	56.124298
0.222400	17.058701
0.222500	46.357899
0.222600	95.190002
0.222700	56.124298
0.222800	95.190002
0.222900	-22.007000
0.223000	-22.007000
0.223100	56.124298
0.223200	17.058701
0.223300	56.124298
0.223400	56.124298
0.223500	17.058701
0.223600	-22.007000
0.223700	56.124298
0.223800	17.058701
0.223900	-80.605499
0.224000	-22.007000
0.224100	56.124298
0.224200	17.058701
0.224300	17.058701
0.224400	-22.007000
0.224500	-61.072701
0.224600	-61.072701
0.224700	-61.072701
0.224800	-61.072701
0.224900	7.292260
0.225000	-41.539799
0.225100	-61.072701
0.225200	-22.007000
0.225300	17.058701
0.225400	17.058701
0.225500	17.058701
0.225600	17.058701
0.225700	-61.072701
0.225800	75.657204
0.225900	173.320999
0.226000	36.591499
0.226100	-41.539799
0.226200	75.657204
0.226300	-2.474160
0.226400	17.058701
0.226500	-22.007000
0.226600	-22.007000
0.226700	-22.007000
0.226800	134.255997
0.226900	95.190002
0.227000	36.591499
0.227100	75.657204
0.227200	-22.007000
0.227300	-80.605499
0.227400	-22.007000
0.227500	-22.007000
0.227600	-2.474160
0.227700	17.058701
0.227800	17.058701
0.227900	-61.072701
0.228000	-61.072701
0.228100	17.058701
0.228200	26.825100
0.228300	-31.773399
0.228400	17.058701
0.228500	-2.474160
0.228600	56.124298
0.228700	95.190002
0.228800	17.058701
0.228900	-12.240600
0.229000	36.591499
0.229100	17.058701
0.229200	95.190002
0.229300	7.292260
0.229400	-2.474160
0.229500	-2.474160
0.229600	-12.240600
0.229700	-61.072701
0.229800	-2.474160
0.229900	-2.474160
0.230000	-100.138000
0.230100	-61.072701
0.230200	75.657204
0.230300	56.124298
0.230400	17.058701
0.230500	17.058701
0.230600	56.124298
0.230700	56.124298
0.230800	173.320999
0.230900	17.058701
0.231000	-61.072701
0.231100	17.058701
0.231200	95.190002
0.231300	17.058701
0.231400	17.058701
0.231500	95.190002
0.231600	173.320999
0.231700	17.058701
0.231800	-61.072701
0.231900	-2.474160
0.232000	56.124298
0.232100	75.657204
0.232200	75.657204
0.232300	134.255997
0.232400	-22.007000
0.232500	95.190002
0.232600	95.190002
0.232700	-80.605499
0.232800	-90.371902
0.232900	17.058701
0.233000	56.124298
0.233100	75.657204
0.233200	-12.240600
0.233300	17.058701
0.233400	114.723000
0.233500	7.292260
0.233600	17.058701
0.233700	17.058701
0.233800	134.255997
0.233900	134.255997
0.234000	17.058701
0.234100	7.292260
0.234200	65.890800
0.234300	-22.007000
0.234400	-61.072701
0.234500	-2.474160
0.234600	17.058701
0.234700	-31.773399
0.234800	-22.007000
0.234900	7.292260
0.235000	95.190002
0.235100	95.190002
0.235200	153.789001
0.235300	134.255997
0.235400	17.058701
0.235500	17.058701
0.235600	153.789001
0.235700	95.190002
0.235800	17.058701
0.235900	-22.007000
0.236000	-22.007000
0.236100	17.058701
0.236200	-61.072701
0.236300	-2.474160
0.236400	56.124298
0.236500	95.190002
0.236600	17.058701
0.236700	-2.474160
0.236800	-2.474160
0.236900	-22.007000
0.237000	-2.474160
0.237100	-22.007000
0.237200	75.657204
0.237300	56.124298
0.237400	-100.138000
0.237500	-41.539799
0.237600	-22.007000
0.237700	-2.474160
0.237800	-61.072701
0.237900	17.058701
0.238000	95.190002
0.238100	124.488998
0.238200	-41.539799
0.238300	-119.670998
0.238400	-139.203995
0.238500	56.124298
0.238600	134.255997
0.238700	-22.007000
0.238800	-61.072701
0.238900	-2.474160
0.239000	95.190002
0.239100	56.124298
0.239200	17.058701
0.239300	-61.072701
0.239400	-2.474160
0.239500	173.320999
0.239600	134.255997
0.239700	75.657204
0.239800	-22.007000
0.239900	17.058701
0.240000	65.890800
0.240100	17.058701
0.240200	46.357899
0.240300	75.657204
0.240400	-61.072701
0.240500	-119.670998
0.240600	56.124298
0.240700	75.657204
0.240800	56.124298
0.240900	56.124298
0.241000	17.058701
0.241100	-61.072701
0.241200	17.058701
0.241300	-2.474160
0.241400	-12.240600
0.241500	17.058701
0.241600	17.058701
0.241700	-41.539799
0.241800	-61.072701
0.241900	17.058701
0.242000	-41.539799
0.242100	17.058701
0.242200	17.058701
0.242300	-61.072701
0.242400	-109.904999
0.242500	-22.007000
0.242600	-22.007000
0.242700	56.124298
0.242800	56.124298
0.242900	17.058701
0.243000	17.058701
0.243100	-139.203995
0.243200	-100.138000
0.243300	56.124298
0.243400	17.058701
0.243500	-22.007000
0.243600	17.058701
0.243700	75.657204
0.243800	-61.072701
0.243900	-61.072701
0.244000	-61.072701
0.244100	7.292260
0.244200	17.058701
0.244300	56.124298
0.244400	153.789001
0.244500	17.058701
0.244600	-22.007000
0.244700	17.058701
0.244800	7.292260
0.244900	-12.240600
0.245000	-61.072701
0.245100	-41.539799
0.245200	17.058701
0.245300	17.058701
0.245400	7.292260
0.245500	17.058701
0.245600	17.058701
0.245700	-2.474160
0.245800	-61.072701
0.245900	-22.007000
0.246000	17.058701
0.246100	56.124298
0.246200	-22.007000
0.246300	-80.605499
0.246400	-61.072701
0.246500	-61.072701
0.246600	17.058701
0.246700	17.058701
0.246800	85.423599
0.246900	-61.072701
0.247000	17.058701
0.247100	65.890800
0.247200	17.058701
0.247300	-61.072701
0.247400	-2.474160
0.247500	56.124298
0.247600	134.255997
0.247700	85.423599
0.247800	17.058701
0.247900	17.058701
0.248000	36.591499
0.248100	17.058701
0.248200	17.058701
0.248300	17.058701
0.248400	36.591499
0.248500	95.190002
0.248600	7.292260
0.248700	17.058701
0.248800	-22.007000
0.248900	-31.773399
0.249000	-61.072701
0.249100	95.190002
0.249200	56.124298
0.249300	-139.203995
0.249400	75.657204
0.249500	134.255997
0.249600	56.124298
0.249700	-22.007000
0.249800	-61.072701
0.249900	153.789001
0.250000	85.423599
0.250100	-31.773399
0.250200	-22.007000
0.250300	56.124298
0.250400	-41.539799
0.250500	-61.072701
0.250600	-22.007000
0.250700	95.190002
0.250800	75.657204
0.250900	17.058701
0.251000	-61.072701
0.251100	-100.138000
0.251200	-61.072701
0.251300	17.058701
0.251400	36.591499
0.251500	-41.539799
0.251600	-2.474160
0.251700	17.058701
0.251800	17.058701
0.251900	-100.138000
0.252000	-41.539799
0.252100	36.591499
0.252200	75.657204
0.252300	-61.072701
0.252400	-41.539799
0.252500	-61.072701
0.252600	17.058701
0.252700	75.657204
0.252800	17.058701
0.252900	-2.474160
0.253000	-2.474160
0.253100	114.723000
0.253200	17.058701
0.253300	-61.072701
0.253400	-61.072701
0.253500	-61.072701
0.253600	85.423599
0.253700	134.255997
0.253800	95.190002
0.253900	-22.007000
0.254000	-80.605499
0.254100	-61.072701
0.254200	-22.007000
0.254300	17.058701
0.254400	134.255997
0.254500	-41.539799
0.254600	-61.072701
0.254700	17.058701
0.254800	153.789001
0.254900	17.058701
0.255000	-22.007000
0.255100	95.190002
0.255200	114.723000
0.255300	56.124298
0.255400	-22.007000
0.255500	-31.773399
0.255600	17.058701
0.255700	56.124298
0.255800	134.255997
0.255900	-2.474160
0.256000	-22.007000
0.256100	56.124298
0.256200	56.124298
0.256300	-31.773399
0.256400	-41.539799
0.256500	17.058701
0.256600	114.723000
0.256700	114.723000
0.256800	75.657204
0.256900	75.657204
0.257000	95.190002
0.257100	95.190002
0.257200	-22.007000
0.257300	-61.072701
0.257400	17.058701
0.257500	56.124298
0.257600	95.190002
0.257700	-2.474160
0.257800	17.058701
0.257900	-2.474160
0.258000	-2.474160
0.258100	17.058701
0.258200	56.124298
0.258300	95.190002
0.258400	-22.007000
0.258500	17.058701
0.258600	-51.306198
0.258700	-61.072701
0.258800	-41.539799
0.258900	-22.007000
0.259000	17.058701
0.259100	56.124298
0.259200	75.657204
0.259300	17.058701
0.259400	56.124298
0.259500	75.657204
0.259600	95.190002
0.259700	-22.007000
0.259800	-22.007000
0.259900	-2.474160
0.260000	-22.007000
0.260100	17.058701
0.260200	17.058701
0.260300	-61.072701
0.260400	-61.072701
0.260500	95.190002
0.260600	-22.007000
0.260700	-100.138000
0.260800	17.058701
0.260900	153.789001
0.261000	17.058701
0.261100	-61.072701
0.261200	17.058701
0.261300	114.723000
0.261400	17.058701
0.261500	56.124298
0.261600	173.320999
0.261700	-22.007000
0.261800	-61.072701
0.261900	17.058701
0.262000	36.591499
0.262100	-22.007000
0.262200	-22.007000
0.262300	-22.007000
0.262400	17.058701
0.262500	-22.007000
0.262600	17.058701
0.262700	-61.072701
0.262800	17.058701
0.262900	-61.072701
0.263000	-61.072701
0.263100	-100.138000
0.263200	-100.138000
0.263300	-2.474160
0.263400	17.058701
0.263500	-61.072701
0.263600	-119.670998
0.263700	17.058701
0.263800	-22.007000
0.263900	-100.138000
0.264000	-22.007000
0.264100	-22.007000
0.264200	-2.474160
0.264300	17.058701
0.264400	17.058701
0.264500	-2.474160
0.264600	46.357899
0.264700	-22.007000
0.264800	-61.072701
0.264900	-61.072701
0.265000	-22.007000
0.265100	-100.138000
0.265200	-70.839104
0.265300	-22.007000
0.265400	-22.007000
0.265500	7.292260
0.265600	-61.072701
0.265700	-80.605499
0.265800	-22.007000
0.265900	56.124298
0.266000	-119.670998
0.266100	-100.138000
0.266200	17.058701
0.266300	-22.007000
0.266400	56.124298
0.266500	95.190002
0.266600	173.320999
0.266700	-41.539799
0.266800	-61.072701
0.266900	17.058701
0.267000	-22.007000
0.267100	-61.072701
0.267200	-2.474160
0.267300	-2.474160
0.267400	-22.007000
0.267500	17.058701
0.267600	95.190002
0.267700	56.124298
0.267800	17.058701
0.267900	17.058701
0.268000	-80.605499
0.268100	7.292260
0.268200	95.190002
0.268300	56.124298
0.268400	7.292260
0.268500	-61.072701
0.268600	-22.007000
0.268700	173.320999
0.268800	17.058701
0.268900	-61.072701
0.269000	-70.839104
0.269100	17.058701
0.269200	-22.007000
0.269300	-100.138000
0.269400	17.058701
0.269500	56.124298
0.269600	-22.007000
0.269700	-22.007000
0.269800	85.423599
0.269900	17.058701
0.270000	-2.474160
0.270100	75.657204
0.270200	-61.072701
0.270300	-178.270004
0.270400	-61.072701
0.270500	-22.007000
0.270600	56.124298
0.270700	-41.539799
0.270800	-22.007000
0.270900	95.190002
0.271000	-61.072701
0.271100	-61.072701
0.271200	56.124298
0.271300	-22.007000
0.271400	-61.072701
0.271500	17.058701
0.271600	17.058701
0.271700	56.124298
0.271800	-22.007000
0.271900	-22.007000
0.272000	17.058701
0.272100	-22.007000
0.272200	-22.007000
0.272300	-61.072701
0.272400	-22.007000
0.272500	-2.474160
0.272600	-41.539799
0.272700	-2.474160
0.272800	-2.474160
0.272900	-61.072701
0.273000	-61.072701
0.273100	-80.605499
0.273200	-22.007000
0.273300	-2.474160
0.273400	-61.072701
0.273500	-22.007000
0.273600	-22.007000
0.273700	-100.138000
0.273800	-61.072701
0.273900	17.058701
0.274000	75.657204
0.274100	-80.605499
0.274200	7.292260
0.274300	124.488998
0.274400	95.190002
0.274500	-80.605499
0.274600	17.058701
0.274700	46.357899
0.274800	-100.138000
0.274900	-178.270004
0.275000	56.124298
0.275100	56.124298
0.275200	124.488998
0.275300	56.124298
0.275400	-61.072701
0.275500	-61.072701
0.275600	-2.474160
0.275700	17.058701
0.275800	-41.539799
0.275900	-100.138000
0.276000	-61.072701
0.276100	95.190002
0.276200	95.190002
0.276300	-61.072701
0.276400	-2.474160
0.276500	17.058701
0.276600	95.190002
0.276700	-61.072701
0.276800	-51.306198
0.276900	17.058701
0.277000	-41.539799
0.277100	17.058701
0.277200	-61.072701
0.277300	-70.839104
0.277400	17.058701
0.277500	56.124298
0.277600	17.058701
0.277700	-61.072701
0.277800	17.058701
0.277900	17.058701
0.278000	17.058701
0.278100	56.124298
0.278200	-61.072701
0.278300	-139.203995
0.278400	-2.474160
0.278500	-22.007000
0.278600	-22.007000
0.278700	95.190002
0.278800	153.789001
0.278900	56.124298
0.279000	17.058701
0.279100	-100.138000
0.279200	-61.072701
0.279300	17.058701
0.279400	75.657204
0.279500	95.190002
0.279600	95.190002
0.279700	-2.474160
0.279800	-22.007000
0.279900	-2.474160
0.280000	95.190002
0.280100	-2.474160
0.280200	17.058701
0.280300	56.124298
0.280400	17.058701
0.280500	7.292260
0.280600	-61.072701
0.280700	-22.007000
0.280800	56.124298
0.280900	95.190002
0.281000	17.058701
0.281100	-41.539799
0.281200	-22.007000
0.281300	-2.474160
0.281400	95.190002
0.281500	114.723000
0.281600	114.723000
0.281700	17.058701
0.281800	-22.007000
0.281900	104.956001
0.282000	-22.007000
0.282100	36.591499
0.282200	85.423599
0.282300	-61.072701
0.282400	-119.670998
0.282500	17.058701
0.282600	95.190002
0.282700	56.124298
0.282800	-22.007000
0.282900	-22.007000
0.283000	-61.072701
0.283100	-22.007000
0.283200	95.190002
0.283300	17.058701
0.283400	-41.539799
0.283500	-61.072701
0.283600	-2.474160
0.283700	17.058701
0.283800	-22.007000
0.283900	7.292260
0.284000	-2.474160
0.284100	95.190002
0.284200	46.357899
0.284300	17.058701
0.284400	56.124298
0.284500	-2.474160
0.284600	-2.474160
0.284700	95.190002
0.284800	95.190002
0.284900	17.058701
0.285000	17.058701
0.285100	134.255997
0.285200	134.255997
0.285300	173.320999
0.285400	-80.605499
0.285500	-100.138000
0.285600	56.124298
0.285700	212.386993
0.285800	95.190002
0.285900	-61.072701
0.286000	-22.007000
0.286100	173.320999
0.286200	75.657204
0.286300	-61.072701
0.286400	17.058701
0.286500	95.190002
0.286600	95.190002
0.286700	95.190002
0.286800	134.255997
0.286900	17.058701
0.287000	-139.203995
0.287100	-22.007000
0.287200	56.124298
0.287300	56.124298
0.287400	-22.007000
0.287500	17.058701
0.287600	17.058701
0.287700	17.058701
0.287800	95.190002
0.287900	-2.474160
0.288000	-70.839104
0.288100	-61.072701
0.288200	46.357899
0.288300	95.190002
0.288400	17.058701
0.288500	7.292260
0.288600	-22.007000
0.288700	-22.007000
0.288800	17.058701
0.288900	17.058701
0.289000	-22.007000
0.289100	-2.474160
0.289200	-41.539799
0.289300	17.058701
0.289400	95.190002
0.289500	95.190002
0.289600	202.621002
0.289700	56.124298
0.289800	-22.007000
0.289900	17.058701
0.290000	-22.007000
0.290100	-61.072701
0.290200	-12.240600
0.290300	36.591499
0.290400	75.657204
0.290500	134.255997
0.290600	-61.072701
0.290700	-61.072701
0.290800	75.657204
0.290900	-61.072701
0.291000	-2.474160
0.291100	17.058701
0.291200	7.292260
0.291300	-61.072701
0.291400	-100.138000
0.291500	-61.072701
0.291600	17.058701
0.291700	17.058701
0.291800	-22.007000
0.291900	-61.072701
0.292000	36.591499
0.292100	-2.474160
0.292200	75.657204
0.292300	17.058701
0.292400	95.190002
0.292500	65.890800
0.292600	56.124298
0.292700	-100.138000
0.292800	-61.072701
0.292900	-2.474160
0.293000	17.058701
0.293100	75.657204
0.293200	17.058701
0.293300	75.657204
0.293400	124.488998
0.293500	95.190002
0.293600	85.423599
0.293700	134.255997
0.293800	-61.072701
0.293900	-178.270004
0.294000	17.058701
0.294100	173.320999
0.294200	17.058701
0.294300	-22.007000
0.294400	95.190002
0.294500	75.657204
0.294600	95.190002
0.294700	153.789001
0.294800	75.657204
0.294900	95.190002
0.295000	95.190002
0.295100	17.058701
0.295200	17.058701
0.295300	-22.007000
0.295400	-22.007000
0.295500	-22.007000
0.295600	-2.474160
0.295700	-22.007000
0.295800	-2.474160
0.295900	56.124298
0.296000	17.058701
0.296100	-22.007000
0.296200	-61.072701
0.296300	17.058701
0.296400	-2.474160
0.296500	17.058701
0.296600	134.255997
0.296700	-61.072701
0.296800	-22.007000
0.296900	95.190002
0.297000	95.190002
0.297100	-22.007000
0.297200	7.292260
0.297300	-61.072701
0.297400	-80.605499
0.297500	-2.474160
0.297600	17.058701
0.297700	-2.474160
0.297800	36.591499
0.297900	-22.007000
0.298000	17.058701
0.298100	-22.007000
0.298200	-22.007000
0.298300	-41.539799
0.298400	-22.007000
0.298500	56.124298
0.298600	95.190002
0.298700	-22.007000
0.298800	-61.072701
0.298900	-22.007000
0.299000	56.124298
0.299100	56.124298
0.299200	-61.072701
0.299300	17.058701
0.299400	-41.539799
0.299500	-61.072701
0.299600	36.591499
0.299700	-2.474160
0.299800	-22.007000
0.299900	-100.138000
