-0.050000	0.959977
-0.049900	-2.050400
-0.049800	-0.043483
-0.049700	3.970360
-0.049600	-0.545213
-0.049500	-2.552130
-0.049400	-4.559050
-0.049300	-4.057320
-0.049200	-4.057320
-0.049100	-0.043483
-0.049000	1.963440
-0.048900	2.966900
-0.048800	-1.046940
-0.048700	-0.545213
-0.048600	-0.545213
-0.048500	-3.555590
-0.048400	-0.545213
-0.048300	0.458247
-0.048200	-0.545213
-0.048100	1.461710
-0.048000	2.465170
-0.047900	-2.552130
-0.047800	-6.565970
-0.047700	-3.053860
-0.047600	-1.548670
-0.047500	-5.562510
-0.047400	-6.064240
-0.047300	-3.555590
-0.047200	-3.555590
-0.047100	-1.548670
-0.047000	1.963440
-0.046900	1.461710
-0.046800	-1.548670
-0.046700	-0.545213
-0.046600	-1.046940
-0.046500	-4.559050
-0.046400	-7.569430
-0.046300	-8.572890
-0.046200	-1.548670
-0.046100	3.468630
-0.046000	-3.053860
-0.045900	-3.053860
-0.045800	0.458247
-0.045700	1.461710
-0.045600	-0.545213
-0.045500	-1.046940
-0.045400	4.973820
-0.045300	4.472090
-0.045200	2.465170
-0.045100	5.475550
-0.045000	-1.548670
-0.044900	-1.548670
-0.044800	-1.548670
-0.044700	-4.559050
-0.044600	-4.559050
-0.044500	-2.050400
-0.044400	-4.057320
-0.044300	-1.046940
-0.044200	-2.050400
-0.044100	-1.548670
-0.044000	-2.050400
-0.043900	-5.562510
-0.043800	-5.060780
-0.043700	-1.046940
-0.043600	-1.548670
-0.043500	-3.555590
-0.043400	-3.555590
-0.043300	-5.060780
-0.043200	-3.555590
-0.043100	-2.552130
-0.043000	-2.552130
-0.042900	-6.565970
-0.042800	-5.562510
-0.042700	-2.552130
-0.042600	-4.057320
-0.042500	-5.562510
-0.042400	-5.562510
-0.042300	-8.572890
-0.042200	-5.562510
-0.042100	-6.565970
-0.042000	-5.562510
-0.041900	-7.067700
-0.041800	-7.569430
-0.041700	-5.562510
-0.041600	-2.050400
-0.041500	-5.060780
-0.041400	-4.559050
-0.041300	-5.060780
-0.041200	-1.548670
-0.041100	-0.545213
-0.041000	-1.046940
-0.040900	-0.043483
-0.040800	-0.545213
-0.040700	-1.548670
-0.040600	-6.565970
-0.040500	-7.569430
-0.040400	0.458247
-0.040300	0.458247
-0.040200	0.458247
-0.040100	4.472090
-0.040000	4.472090
-0.039900	1.963440
-0.039800	3.970360
-0.039700	4.472090
-0.039600	0.458247
-0.039500	0.458247
-0.039400	-0.545213
-0.039300	-1.548670
-0.039200	-0.545213
-0.039100	1.461710
-0.039000	0.458247
-0.038900	-1.046940
-0.038800	-0.545213
-0.038700	4.472090
-0.038600	6.479010
-0.038500	4.472090
-0.038400	3.468630
-0.038300	1.461710
-0.038200	1.461710
-0.038100	0.959977
-0.038000	0.458247
-0.037900	0.458247
-0.037800	3.970360
-0.037700	0.959977
-0.037600	-1.548670
-0.037500	-1.548670
-0.037400	-2.050400
-0.037300	-1.046940
-0.037200	-0.545213
-0.037100	2.465170
-0.037000	4.472090
-0.036900	6.479010
-0.036800	6.479010
-0.036700	5.475550
-0.036600	4.472090
-0.036500	4.472090
-0.036400	-1.548670
-0.036300	1.461710
-0.036200	5.475550
-0.036100	4.973820
-0.036000	3.468630
-0.035900	4.472090
-0.035800	3.468630
-0.035700	4.472090
-0.035600	2.966900
-0.035500	4.973820
-0.035400	7.482470
-0.035300	1.461710
-0.035200	0.959977
-0.035100	4.472090
-0.035000	4.973820
-0.034900	2.966900
-0.034800	2.465170
-0.034700	4.472090
-0.034600	5.475550
-0.034500	4.472090
-0.034400	4.973820
-0.034300	5.475550
-0.034200	3.468630
-0.034100	-1.548670
-0.034000	-0.545213
-0.033900	1.963440
-0.033800	3.970360
-0.033700	5.475550
-0.033600	6.479010
-0.033500	3.468630
-0.033400	3.468630
-0.033300	3.970360
-0.033200	2.966900
-0.033100	3.468630
-0.033000	5.977280
-0.032900	3.970360
-0.032800	4.472090
-0.032700	5.475550
-0.032600	3.468630
-0.032500	1.461710
-0.032400	1.461710
-0.032300	2.966900
-0.032200	4.973820
-0.032100	4.472090
-0.032000	-0.043483
-0.031900	-2.050400
-0.031800	-6.565970
-0.031700	-4.057320
-0.031600	-2.552130
-0.031500	1.461710
-0.031400	4.472090
-0.031300	7.482470
-0.031200	4.973820
-0.031100	0.458247
-0.031000	-0.545213
-0.030900	-8.071160
-0.030800	-7.067700
-0.030700	-4.559050
-0.030600	-4.559050
-0.030500	-6.064240
-0.030400	-7.569430
-0.030300	-7.569430
-0.030200	-8.572890
-0.030100	-4.057320
-0.030000	-3.053860
-0.029900	-3.555590
-0.029800	-3.053860
-0.029700	0.458247
-0.029600	0.458247
-0.029500	-1.548670
-0.029400	-2.552130
-0.029300	-3.053860
-0.029200	-4.057320
-0.029100	-1.046940
-0.029000	2.465170
-0.028900	0.458247
-0.028800	-1.046940
-0.028700	0.959977
-0.028600	-0.545213
-0.028500	1.461710
-0.028400	2.966900
-0.028300	0.458247
-0.028200	-2.050400
-0.028100	-6.565970
-0.028000	-5.060780
-0.027900	-0.545213
-0.027800	-0.545213
-0.027700	0.458247
-0.027600	0.959977
-0.027500	-1.548670
-0.027400	-3.555590
-0.027300	-3.555590
-0.027200	-5.060780
-0.027100	-0.545213
-0.027000	-2.050400
-0.026900	-0.545213
-0.026800	-2.050400
-0.026700	-5.562510
-0.026600	-4.057320
-0.026500	0.458247
-0.026400	1.461710
-0.026300	1.461710
-0.026200	-1.046940
-0.026100	-2.050400
-0.026000	1.461710
-0.025900	1.461710
-0.025800	1.461710
-0.025700	1.963440
-0.025600	-2.050400
-0.025500	0.959977
-0.025400	0.458247
-0.025300	-3.053860
-0.025200	1.461710
-0.025100	4.472090
-0.025000	2.465170
-0.024900	3.468630
-0.024800	-2.050400
-0.024700	-6.565970
-0.024600	-5.562510
-0.024500	-2.552130
-0.024400	-0.043483
-0.024300	-0.545213
-0.024200	-2.552130
-0.024100	-2.552130
-0.024000	-4.559050
-0.023900	-5.562510
-0.023800	-5.562510
-0.023700	-4.057320
-0.023600	-6.565970
-0.023500	-6.565970
-0.023400	-0.043483
-0.023300	1.963440
-0.023200	-1.548670
-0.023100	-7.569430
-0.023000	-3.555590
-0.022900	-2.552130
-0.022800	-3.053860
-0.022700	-6.565970
-0.022600	-6.565970
-0.022500	-7.067700
-0.022400	-2.050400
-0.022300	-4.559050
-0.022200	-4.057320
-0.022100	-1.548670
-0.022000	-3.555590
-0.021900	-8.572890
-0.021800	-6.565970
-0.021700	-3.555590
-0.021600	-7.067700
-0.021500	-9.074620
-0.021400	-8.572890
-0.021300	-6.565970
-0.021200	-3.555590
-0.021100	-3.053860
-0.021000	-1.548670
-0.020900	-6.565970
-0.020800	-7.067700
-0.020700	-6.565970
-0.020600	-5.562510
-0.020500	-6.064240
-0.020400	-10.579800
-0.020300	-10.579800
-0.020200	-5.060780
-0.020100	-5.562510
-0.020000	-3.053860
-0.019900	-1.548670
-0.019800	-3.555590
-0.019700	-2.552130
-0.019600	1.461710
-0.019500	-1.046940
-0.019400	-5.060780
-0.019300	-5.562510
-0.019200	-2.552130
-0.019100	-0.545213
-0.019000	-1.046940
-0.018900	-5.562510
-0.018800	-4.057320
-0.018700	-2.552130
-0.018600	-0.043483
-0.018500	-6.565970
-0.018400	-6.565970
-0.018300	-6.064240
-0.018200	-1.548670
-0.018100	0.458247
-0.018000	-0.545213
-0.017900	-0.545213
-0.017800	2.465170
-0.017700	3.468630
-0.017600	2.465170
-0.017500	-0.545213
-0.017400	-5.562510
-0.017300	-3.555590
-0.017200	-1.548670
-0.017100	-1.548670
-0.017000	-2.552130
-0.016900	-0.043483
-0.016800	0.458247
-0.016700	-0.545213
-0.016600	-2.050400
-0.016500	-0.545213
-0.016400	2.465170
-0.016300	0.458247
-0.016200	-1.548670
-0.016100	-1.548670
-0.016000	1.461710
-0.015900	0.458247
-0.015800	-3.555590
-0.015700	-1.548670
-0.015600	-6.565970
-0.015500	-2.050400
-0.015400	4.973820
-0.015300	6.479010
-0.015200	1.461710
-0.015100	5.475550
-0.015000	7.482470
-0.014900	3.970360
-0.014800	0.959977
-0.014700	0.458247
-0.014600	-0.545213
-0.014500	-0.545213
-0.014400	3.970360
-0.014300	4.472090
-0.014200	1.461710
-0.014100	4.973820
-0.014000	5.475550
-0.013900	4.472090
-0.013800	0.959977
-0.013700	1.963440
-0.013600	4.472090
-0.013500	1.461710
-0.013400	1.963440
-0.013300	7.482470
-0.013200	6.980740
-0.013100	1.461710
-0.013000	-0.545213
-0.012900	-0.043483
-0.012800	3.468630
-0.012700	4.472090
-0.012600	1.461710
-0.012500	1.963440
-0.012400	0.959977
-0.012300	3.468630
-0.012200	1.963440
-0.012100	2.465170
-0.012000	1.461710
-0.011900	2.465170
-0.011800	6.479010
-0.011700	7.482470
-0.011600	5.475550
-0.011500	4.472090
-0.011400	4.472090
-0.011300	4.472090
-0.011200	2.966900
-0.011100	1.461710
-0.011000	1.461710
-0.010900	0.458247
-0.010800	6.479010
-0.010700	7.984200
-0.010600	5.475550
-0.010500	0.458247
-0.010400	-1.548670
-0.010300	2.465170
-0.010200	7.984200
-0.010100	2.966900
-0.010000	3.970360
-0.009900	6.479010
-0.009800	1.461710
-0.009700	-0.545213
-0.009600	0.458247
-0.009500	2.966900
-0.009400	0.458247
-0.009300	0.458247
-0.009200	-2.050400
-0.009100	-3.053860
-0.009000	-2.552130
-0.008900	-1.548670
-0.008800	-3.555590
-0.008700	-6.565970
-0.008600	-6.565970
-0.008500	-1.046940
-0.008400	-3.555590
-0.008300	-7.569430
-0.008200	-4.057320
-0.008100	-7.067700
-0.008000	-7.569430
-0.007900	-4.057320
-0.007800	-1.548670
-0.007700	-7.569430
-0.007600	-7.569430
-0.007500	-6.565970
-0.007400	-6.064240
-0.007300	-4.057320
-0.007200	-6.565970
-0.007100	-5.562510
-0.007000	-1.046940
-0.006900	-4.559050
-0.006800	-5.060780
-0.006700	-4.057320
-0.006600	0.458247
-0.006500	-3.053860
-0.006400	-3.053860
-0.006300	-5.060780
-0.006200	-8.071160
-0.006100	-9.576350
-0.006000	-7.067700
-0.005900	-4.057320
-0.005800	-7.569430
-0.005700	-5.562510
-0.005600	-7.067700
-0.005500	-9.576350
-0.005400	-10.078100
-0.005300	-5.562510
-0.005200	-1.046940
-0.005100	-1.046940
-0.005000	2.465170
-0.004900	5.475550
-0.004800	4.472090
-0.004700	4.472090
-0.004600	0.458247
-0.004500	-2.552130
-0.004400	-2.050400
-0.004300	-2.050400
-0.004200	-8.572890
-0.004100	-8.572890
-0.004000	-5.060780
-0.003900	-0.545213
-0.003800	-2.552130
-0.003700	-6.565970
-0.003600	-7.569430
-0.003500	-7.067700
-0.003400	-7.569430
-0.003300	-8.071160
-0.003200	-4.057320
-0.003100	-2.552130
-0.003000	-6.064240
-0.002900	-10.078100
-0.002800	-4.559050
-0.002700	-6.565970
-0.002600	-8.572890
-0.002500	-8.572890
-0.002400	-6.565970
-0.002300	-7.067700
-0.002200	-8.572890
-0.002100	-8.572890
-0.002000	-5.562510
-0.001900	-3.053860
-0.001800	-4.057320
-0.001700	-1.548670
-0.001600	0.458247
-0.001500	0.959977
-0.001400	-1.046940
-0.001300	-0.545213
-0.001200	3.970360
-0.001100	-0.043483
-0.001000	-2.552130
-0.000900	-0.545213
-0.000800	-3.053860
-0.000700	-4.057320
-0.000600	-6.565970
-0.000500	-2.552130
-0.000400	-3.053860
-0.000300	-5.562510
-0.000200	-2.552130
-0.000100	0.959977
0.000000	-1.548670
0.000100	-0.043483
0.000200	0.458247
0.000300	-1.046940
0.000400	-2.552130
0.000500	-3.555590
0.000600	-2.050400
0.000700	0.458247
0.000800	-0.043483
0.000900	-3.555590
0.001000	-3.555590
0.001100	-5.562510
0.001200	-3.555590
0.001300	2.465170
0.001400	2.465170
0.001500	-2.552130
0.001600	-2.552130
0.001700	0.458247
0.001800	-0.545213
0.001900	-2.552130
0.002000	-2.552130
0.002100	0.458247
0.002200	2.465170
0.002300	7.984200
0.002400	1.461710
0.002500	-4.057320
0.002600	2.465170
0.002700	9.991120
0.002800	4.973820
0.002900	0.458247
0.003000	1.461710
0.003100	5.475550
0.003200	0.959977
0.003300	-5.562510
0.003400	-2.552130
0.003500	-0.545213
0.003600	-1.046940
0.003700	0.458247
0.003800	-4.559050
0.003900	-10.579800
0.004000	-6.565970
0.004100	1.461710
0.004200	-0.545213
0.004300	-4.559050
0.004400	-6.565970
0.004500	0.458247
0.004600	3.970360
0.004700	-3.555590
0.004800	-5.562510
0.004900	-1.548670
0.005000	1.461710
0.005100	6.479010
0.005200	1.963440
0.005300	-4.057320
0.005400	-2.552130
0.005500	5.475550
0.005600	6.479010
0.005700	-0.043483
0.005800	-2.552130
0.005900	0.458247
0.006000	6.479010
0.006100	11.496300
0.006200	11.998000
0.006300	2.966900
0.006400	4.973820
0.006500	8.485930
0.006600	6.980740
0.006700	7.984200
0.006800	4.472090
0.006900	4.472090
0.007000	6.479010
0.007100	4.973820
0.007200	7.984200
0.007300	7.984200
0.007400	9.991120
0.007500	9.489390
0.007600	6.479010
0.007700	1.461710
0.007800	-3.053860
0.007900	-5.060780
0.008000	-4.057320
0.008100	-2.050400
0.008200	-7.569430
0.008300	-9.576350
0.008400	-8.572890
0.008500	-9.074620
0.008600	-10.579800
0.008700	-9.576350
0.008800	-6.565970
0.008900	-6.565970
0.009000	-2.552130
0.009100	-3.555590
0.009200	-9.576350
0.009300	-6.565970
0.009400	-1.548670
0.009500	-6.565970
0.009600	-8.572890
0.009700	-9.074620
0.009800	-12.085000
0.009900	-11.583300
0.010000	-10.579800
0.010100	-14.593700
0.010200	-7.569430
0.010300	0.458247
0.010400	-5.562510
0.010500	-8.572890
0.010600	-10.579800
0.010700	-13.590200
0.010800	-17.102301
0.010900	-16.600599
0.011000	-12.586700
0.011100	-15.095400
0.011200	-9.576350
0.011300	-5.060780
0.011400	-1.548670
0.011500	-9.576350
0.011600	-9.576350
0.011700	-8.572890
0.011800	-15.597100
0.011900	-19.611000
0.012000	-10.579800
0.012100	-5.562510
0.012200	-8.572890
0.012300	-14.091900
0.012400	-9.576350
0.012500	-8.071160
0.012600	-17.604000
0.012700	-22.621300
0.012800	-21.617901
0.012900	-17.604000
0.013000	-6.064240
0.013100	-5.562510
0.013200	-23.123100
0.013300	-26.635201
0.013400	-30.649000
0.013500	-33.659401
0.013600	-35.666302
0.013700	-46.202599
0.013800	-37.673199
0.013900	-24.628300
0.014000	-22.621300
0.014100	-25.631701
0.014200	-17.604000
0.014300	-3.555590
0.014400	-1.548670
0.014500	-5.562510
0.014600	3.468630
0.014700	12.499800
0.014800	15.510100
0.014900	11.496300
0.015000	6.980740
0.015100	0.458247
0.015200	-2.552130
0.015300	-7.067700
0.015400	-8.572890
0.015500	-13.590200
0.015600	-6.565970
0.015700	1.461710
0.015800	7.482470
0.015900	6.479010
0.016000	11.998000
0.016100	4.472090
0.016200	-7.569430
0.016300	-12.085000
0.016400	-16.098801
0.016500	-11.583300
0.016600	-2.050400
0.016700	3.468630
0.016800	12.499800
0.016900	12.499800
0.017000	7.482470
0.017100	11.496300
0.017200	14.506700
0.017300	7.984200
0.017400	4.472090
0.017500	10.994600
0.017600	8.987660
0.017700	1.461710
0.017800	-11.583300
0.017900	-18.105801
0.018000	-10.579800
0.018100	-11.081500
0.018200	-17.604000
0.018300	-12.586700
0.018400	-5.562510
0.018500	-6.064240
0.018600	-6.565970
0.018700	-0.043483
0.018800	10.994600
0.018900	20.025700
0.019000	17.517099
0.019100	15.008400
0.019200	16.011900
0.019300	16.011900
0.019400	9.991120
0.019500	6.479010
0.019600	10.994600
0.019700	14.506700
0.019800	15.008400
0.019900	21.530899
0.020000	20.025700
0.020100	14.506700
0.020200	21.530899
0.020300	23.537800
0.020400	18.520500
0.020500	8.987660
0.020600	7.482470
0.020700	13.001500
0.020800	11.998000
0.020900	-14.593700
0.021000	-96.877403
0.021100	-142.535004
0.021200	-84.835899
0.021300	-77.811600
0.021400	-134.005005
0.021500	-154.074997
0.021600	-84.835899
0.021700	31.565500
0.021800	60.665798
0.021900	35.077599
0.022000	9.991120
0.022100	-56.738998
0.022200	-119.455002
0.022300	-110.926003
0.022400	-96.877403
0.022500	-103.902000
0.022600	-89.853203
0.022700	-73.797798
0.022800	-75.804703
0.022900	-70.787399
0.023000	-55.233799
0.023100	-46.202599
0.023200	-37.673199
0.023300	-27.638599
0.023400	-34.662899
0.023500	-35.164600
0.023600	-18.607500
0.023700	7.482470
0.023800	-1.046940
0.023900	-34.662899
0.024000	-41.687099
0.024100	-34.161098
0.024200	-33.157700
0.024300	-41.687099
0.024400	-39.178398
0.024500	-23.624800
0.024600	4.472090
0.024700	-55.735500
0.024800	-123.971001
0.024900	-113.935997
0.025000	-101.894997
0.025100	-106.410004
0.025200	-95.873901
0.025300	-86.341003
0.025400	-86.842796
0.025500	-84.835899
0.025600	-84.835899
0.025700	-75.804703
0.025800	-72.794296
0.025900	-63.261501
0.026000	-57.742401
0.026100	-64.766701
0.026200	-66.773598
0.026300	-65.268402
0.026400	-67.275299
0.026500	-62.759701
0.026600	-58.745899
0.026700	-61.254501
0.026800	-56.738998
0.026900	-46.704399
0.027000	-48.209599
0.027100	-45.700901
0.027200	-31.150700
0.027300	-27.136900
0.027400	-31.150700
0.027500	-29.645599
0.027600	-29.143801
0.027700	-35.666302
0.027800	-35.666302
0.027900	-33.659401
0.028000	-39.178398
0.028100	-43.694000
0.028200	-38.676701
0.028300	-28.140400
0.028400	39.593201
0.028500	331.097992
0.028600	488.140015
0.028700	320.562012
0.028800	193.123001
0.028900	181.080994
0.029000	157.500000
0.029100	132.412994
0.029200	114.350998
0.029300	103.815002
0.029400	96.288696
0.029500	86.755798
0.029600	82.741997
0.029700	78.226402
0.029800	73.710800
0.029900	72.205597
0.030000	71.703903
0.030100	73.710800
0.030200	68.693497
0.030300	61.167599
0.030400	63.174500
0.030500	63.174500
0.030600	56.150299
0.030700	51.634701
0.030800	55.146801
0.030900	53.139900
0.031000	53.139900
0.031100	57.153702
0.031200	65.181396
0.031300	63.676201
0.031400	62.672798
0.031500	62.672798
0.031600	63.676201
0.031700	55.648499
0.031800	51.132999
0.031900	52.136398
0.032000	49.627800
0.032100	46.617401
0.032200	50.631199
0.032300	52.638199
0.032400	45.112202
0.032500	33.070702
0.032600	32.067200
0.032700	28.053400
0.032800	25.544701
0.032900	25.042999
0.033000	28.053400
0.033100	30.562000
0.033200	31.565500
0.033300	29.558599
0.033400	25.544701
0.033500	24.541300
0.033600	21.029200
0.033700	17.015301
0.033800	16.513599
0.033900	22.534401
0.034000	25.042999
0.034100	22.534401
0.034200	23.036100
0.034300	25.544701
0.034400	24.541300
0.034500	21.530899
0.034600	18.520500
0.034700	17.517099
0.034800	12.499800
0.034900	7.482470
0.035000	13.001500
0.035100	20.025700
0.035200	16.011900
0.035300	8.987660
0.035400	4.973820
0.035500	4.973820
0.035600	10.492800
0.035700	3.468630
0.035800	4.472090
0.035900	15.510100
0.036000	19.524000
0.036100	22.032600
0.036200	17.015301
0.036300	10.492800
0.036400	12.499800
0.036500	11.998000
0.036600	1.461710
0.036700	0.458247
0.036800	0.458247
0.036900	5.475550
0.037000	-0.043483
0.037100	-1.548670
0.037200	-2.552130
0.037300	-4.057320
0.037400	-11.583300
0.037500	-10.579800
0.037600	-9.576350
0.037700	-7.569430
0.037800	-0.545213
0.037900	2.465170
0.038000	-1.046940
0.038100	0.458247
0.038200	4.472090
0.038300	3.468630
0.038400	2.966900
0.038500	-0.545213
0.038600	-6.565970
0.038700	-2.552130
0.038800	1.461710
0.038900	-4.057320
0.039000	-1.046940
0.039100	3.970360
0.039200	-2.552130
0.039300	-9.576350
0.039400	-5.562510
0.039500	0.959977
0.039600	0.959977
0.039700	3.468630
0.039800	4.472090
0.039900	14.005000
0.040000	24.541300
0.040100	19.022301
0.040200	13.503200
0.040300	10.492800
0.040400	-0.545213
0.040500	-9.074620
0.040600	-5.562510
0.040700	3.468630
0.040800	3.970360
0.040900	1.461710
0.041000	0.959977
0.041100	5.475550
0.041200	13.503200
0.041300	8.987660
0.041400	6.479010
0.041500	5.475550
0.041600	8.485930
0.041700	13.503200
0.041800	16.011900
0.041900	17.517099
0.042000	16.011900
0.042100	15.510100
0.042200	12.499800
0.042300	10.492800
0.042400	11.496300
0.042500	11.496300
0.042600	10.492800
0.042700	17.015301
0.042800	18.520500
0.042900	16.513599
0.043000	11.496300
0.043100	10.492800
0.043200	12.499800
0.043300	12.499800
0.043400	8.485930
0.043500	10.492800
0.043600	13.503200
0.043700	6.479010
0.043800	6.479010
0.043900	12.499800
0.044000	16.513599
0.044100	13.503200
0.044200	4.472090
0.044300	3.970360
0.044400	10.492800
0.044500	22.534401
0.044600	17.015301
0.044700	-7.569430
0.044800	-7.067700
0.044900	3.970360
0.045000	-0.545213
0.045100	-8.572890
0.045200	-2.050400
0.045300	4.472090
0.045400	6.479010
0.045500	13.001500
0.045600	26.548201
0.045700	52.136398
0.045800	92.776604
0.045900	67.188301
0.046000	32.569000
0.046100	49.126099
0.046200	59.662399
0.046300	53.641602
0.046400	1.461710
0.046500	-78.313400
0.046600	-77.811600
0.046700	-36.167999
0.046800	-11.583300
0.046900	-5.562510
0.047000	-9.074620
0.047100	-6.565970
0.047200	8.485930
0.047300	6.479010
0.047400	-16.600599
0.047500	34.074200
0.047600	103.313004
0.047700	73.710800
0.047800	63.676201
0.047900	67.690102
0.048000	86.755798
0.048100	117.361000
0.048200	83.745399
0.048300	53.139900
0.048400	132.914993
0.048500	648.692993
0.048600	969.801025
0.048700	-465.147003
0.048800	-865.528015
0.048900	-229.835999
0.049000	-91.860100
0.049100	-43.694000
0.049200	116.358002
0.049300	-26.133400
0.049400	-165.613998
0.049500	-84.835899
0.049600	86.254097
0.049700	148.970001
0.049800	-56.738998
0.049900	-163.106003
0.050000	-51.721699
0.050100	15.510100
0.050200	0.458247
0.050300	-22.621300
0.050400	-54.732101
0.050500	-61.756302
0.050600	-37.673199
0.050700	-22.621300
0.050800	-19.611000
0.050900	-10.579800
0.051000	-4.057320
0.051100	-3.555590
0.051200	-3.555590
0.051300	7.984200
0.051400	21.530899
0.051500	30.562000
0.051600	23.537800
0.051700	-5.562510
0.051800	0.959977
0.051900	15.510100
0.052000	17.517099
0.052100	27.049900
0.052200	30.562000
0.052300	23.537800
0.052400	14.005000
0.052500	-2.552130
0.052600	0.458247
0.052700	22.534401
0.052800	9.489390
0.052900	-16.098801
0.053000	-9.576350
0.053100	0.458247
0.053200	0.959977
0.053300	5.475550
0.053400	8.485930
0.053500	12.499800
0.053600	32.569000
0.053700	63.676201
0.053800	77.222900
0.053900	81.738503
0.054000	94.783501
0.054100	96.288696
0.054200	90.267899
0.054300	92.776604
0.054400	87.759300
0.054500	76.721199
0.054600	75.216003
0.054700	55.648499
0.054800	-55.233799
0.054900	-5.562510
0.055000	158.001007
0.055100	-113.935997
0.055200	-283.019012
0.055300	-99.386002
0.055400	6.479010
0.055500	-3.555590
0.055600	37.586300
0.055700	80.735001
0.055800	66.686600
0.055900	47.119099
0.056000	42.603600
0.056100	39.091499
0.056200	29.056900
0.056300	26.548201
0.056400	22.534401
0.056500	-18.105801
0.056600	-86.341003
0.056700	-85.839302
0.056800	-37.673199
0.056900	-13.590200
0.057000	-12.586700
0.057100	-11.583300
0.057200	-16.600599
0.057300	-24.628300
0.057400	-24.628300
0.057500	-17.102301
0.057600	4.472090
0.057700	27.049900
0.057800	37.084499
0.057900	45.613899
0.058000	42.603600
0.058100	35.579300
0.058200	31.063801
0.058300	28.555099
0.058400	20.527399
0.058500	-28.642099
0.058600	-101.894997
0.058700	-93.365303
0.058800	-36.167999
0.058900	7.482470
0.059000	98.797302
0.059100	162.516998
0.059200	101.807999
0.059300	33.070702
0.059400	23.537800
0.059500	25.042999
0.059600	42.603600
0.059700	74.714302
0.059800	84.748901
0.059900	69.696999
0.060000	59.662399
0.060100	61.167599
0.060200	59.662399
0.060300	79.731598
0.060400	67.690102
0.060500	-41.185299
0.060600	-165.613998
0.060700	-145.042999
0.060800	-49.714802
0.060900	-10.078100
0.061000	-10.078100
0.061100	-18.607500
0.061200	-18.607500
0.061300	-11.583300
0.061400	-8.071160
0.061500	1.461710
0.061600	29.056900
0.061700	49.126099
0.061800	22.534401
0.061900	-84.835899
0.062000	-106.912003
0.062100	-25.129999
0.062200	18.018801
0.062300	16.513599
0.062400	-35.666302
0.062500	-109.921997
0.062600	-105.908997
0.062700	-66.271797
0.062800	-35.164600
0.062900	-8.071160
0.063000	-20.112700
0.063100	-40.683601
0.063200	-30.649000
0.063300	-9.576350
0.063400	-3.555590
0.063500	6.479010
0.063600	31.565500
0.063700	51.634701
0.063800	63.676201
0.063900	60.665798
0.064000	58.157200
0.064100	60.164101
0.064200	66.184898
0.064300	71.703903
0.064400	4.973820
0.064500	-93.866997
0.064600	-87.846199
0.064700	-41.687099
0.064800	-35.164600
0.064900	-39.680199
0.065000	-35.666302
0.065100	-28.140400
0.065200	-23.123100
0.065300	-19.109200
0.065400	-13.590200
0.065500	-6.565970
0.065600	5.475550
0.065700	7.482470
0.065800	-4.559050
0.065900	-13.590200
0.066000	-14.593700
0.066100	-6.565970
0.066200	4.973820
0.066300	15.510100
0.066400	16.513599
0.066500	12.499800
0.066600	28.555099
0.066700	54.645100
0.066800	69.696999
0.066900	71.703903
0.067000	71.703903
0.067100	62.672798
0.067200	53.641602
0.067300	44.108799
0.067400	41.600101
0.067500	40.596600
0.067600	41.600101
0.067700	42.603600
0.067800	38.589699
0.067900	32.569000
0.068000	-19.109200
0.068100	-131.998001
0.068200	-156.082001
0.068300	-75.804703
0.068400	-30.147301
0.068500	-25.631701
0.068600	-26.133400
0.068700	-24.628300
0.068800	-22.621300
0.068900	-15.095400
0.069000	-19.109200
0.069100	-15.597100
0.069200	-3.555590
0.069300	1.461710
0.069400	7.482470
0.069500	8.987660
0.069600	5.475550
0.069700	9.489390
0.069800	8.485930
0.069900	5.475550
0.070000	4.472090
0.070100	0.458247
0.070200	-5.562510
0.070300	-5.060780
0.070400	1.461710
0.070500	6.980740
0.070600	6.980740
0.070700	9.489390
0.070800	7.482470
0.070900	7.482470
0.071000	9.489390
0.071100	16.011900
0.071200	15.510100
0.071300	11.998000
0.071400	-1.548670
0.071500	-1.548670
0.071600	21.530899
0.071700	49.126099
0.071800	28.555099
0.071900	-10.579800
0.072000	-4.057320
0.072100	14.005000
0.072200	12.499800
0.072300	1.461710
0.072400	-1.046940
0.072500	-5.562510
0.072600	-15.095400
0.072700	-19.611000
0.072800	-11.583300
0.072900	-4.057320
0.073000	-6.565970
0.073100	-5.060780
0.073200	39.091499
0.073300	105.821999
0.073400	-24.628300
0.073500	-114.940002
0.073600	-34.662899
0.073700	6.980740
0.073800	-2.552130
0.073900	0.959977
0.074000	14.506700
0.074100	11.998000
0.074200	3.468630
0.074300	4.472090
0.074400	15.510100
0.074500	23.036100
0.074600	21.530899
0.074700	14.506700
0.074800	15.510100
0.074900	12.499800
0.075000	14.506700
0.075100	14.506700
0.075200	7.482470
0.075300	1.461710
0.075400	-3.555590
0.075500	-2.552130
0.075600	-8.071160
0.075700	-14.593700
0.075800	-13.590200
0.075900	-6.064240
0.076000	-2.552130
0.076100	-0.043483
0.076200	1.461710
0.076300	-2.552130
0.076400	-5.060780
0.076500	0.959977
0.076600	23.537800
0.076700	55.146801
0.076800	25.042999
0.076900	-22.119600
0.077000	-11.081500
0.077100	14.005000
0.077200	15.008400
0.077300	13.503200
0.077400	16.513599
0.077500	6.980740
0.077600	-6.064240
0.077700	-8.071160
0.077800	-2.552130
0.077900	6.479010
0.078000	7.482470
0.078100	0.959977
0.078200	-0.545213
0.078300	-2.552130
0.078400	-2.050400
0.078500	-3.555590
0.078600	-3.053860
0.078700	2.465170
0.078800	9.991120
0.078900	16.011900
0.079000	14.506700
0.079100	12.499800
0.079200	11.496300
0.079300	13.503200
0.079400	10.492800
0.079500	-0.545213
0.079600	-0.545213
0.079700	7.482470
0.079800	13.503200
0.079900	21.530899
0.080000	25.544701
0.080100	17.517099
0.080200	7.482470
0.080300	0.959977
0.080400	1.963440
0.080500	-0.545213
0.080600	-7.569430
0.080700	-8.572890
0.080800	-3.053860
0.080900	-0.043483
0.081000	6.479010
0.081100	10.492800
0.081200	8.485930
0.081300	4.472090
0.081400	-6.565970
0.081500	-8.572890
0.081600	4.973820
0.081700	14.506700
0.081800	20.025700
0.081900	25.042999
0.082000	36.582802
0.082100	34.074200
0.082200	28.053400
0.082300	19.524000
0.082400	22.534401
0.082500	25.544701
0.082600	38.088001
0.082700	50.631199
0.082800	28.555099
0.082900	-3.555590
0.083000	-2.552130
0.083100	3.468630
0.083200	-2.552130
0.083300	-18.607500
0.083400	-27.638599
0.083500	-16.600599
0.083600	-8.572890
0.083700	-10.078100
0.083800	-9.576350
0.083900	-6.565970
0.084000	4.973820
0.084100	14.005000
0.084200	20.025700
0.084300	17.015301
0.084400	17.015301
0.084500	21.530899
0.084600	23.537800
0.084700	22.534401
0.084800	17.517099
0.084900	20.025700
0.085000	20.025700
0.085100	20.025700
0.085200	20.025700
0.085300	13.001500
0.085400	0.458247
0.085500	-11.583300
0.085600	-8.572890
0.085700	-8.071160
0.085800	-8.572890
0.085900	-9.074620
0.086000	-0.043483
0.086100	0.959977
0.086200	-1.548670
0.086300	-3.555590
0.086400	-2.552130
0.086500	5.475550
0.086600	25.544701
0.086700	52.136398
0.086800	28.555099
0.086900	-8.071160
0.087000	-5.562510
0.087100	10.492800
0.087200	15.510100
0.087300	17.517099
0.087400	11.998000
0.087500	-2.552130
0.087600	0.959977
0.087700	11.496300
0.087800	11.998000
0.087900	3.468630
0.088000	1.461710
0.088100	0.959977
0.088200	0.959977
0.088300	-3.555590
0.088400	-7.569430
0.088500	-10.579800
0.088600	-6.565970
0.088700	-1.548670
0.088800	-4.559050
0.088900	-3.555590
0.089000	-1.548670
0.089100	-0.545213
0.089200	-2.050400
0.089300	1.963440
0.089400	-3.053860
0.089500	-4.559050
0.089600	3.970360
0.089700	9.489390
0.089800	11.998000
0.089900	10.994600
0.090000	9.991120
0.090100	12.499800
0.090200	16.513599
0.090300	18.520500
0.090400	18.520500
0.090500	17.015301
0.090600	14.506700
0.090700	15.008400
0.090800	9.991120
0.090900	-0.043483
0.091000	-2.552130
0.091100	-5.060780
0.091200	-8.071160
0.091300	-11.583300
0.091400	-15.095400
0.091500	-13.088500
0.091600	2.465170
0.091700	25.544701
0.091800	10.492800
0.091900	-18.607500
0.092000	-15.597100
0.092100	0.458247
0.092200	7.482470
0.092300	10.994600
0.092400	9.489390
0.092500	5.977280
0.092600	9.489390
0.092700	7.482470
0.092800	0.458247
0.092900	-0.545213
0.093000	-3.555590
0.093100	-16.098801
0.093200	-29.645599
0.093300	-35.164600
0.093400	-43.192299
0.093500	-50.216499
0.093600	-48.209599
0.093700	-45.700901
0.093800	-40.683601
0.093900	-26.635201
0.094000	-11.583300
0.094100	-2.050400
0.094200	7.482470
0.094300	9.991120
0.094400	8.485930
0.094500	7.482470
0.094600	9.489390
0.094700	15.008400
0.094800	17.517099
0.094900	13.503200
0.095000	9.489390
0.095100	10.492800
0.095200	7.482470
0.095300	7.984200
0.095400	0.458247
0.095500	-10.579800
0.095600	-11.081500
0.095700	-8.572890
0.095800	-8.572890
0.095900	-11.583300
0.096000	-11.583300
0.096100	-11.583300
0.096200	-12.085000
0.096300	-2.552130
0.096400	-1.548670
0.096500	1.461710
0.096600	6.479010
0.096700	4.973820
0.096800	9.991120
0.096900	18.520500
0.097000	21.530899
0.097100	18.520500
0.097200	17.015301
0.097300	22.032600
0.097400	18.018801
0.097500	14.005000
0.097600	27.551701
0.097700	55.648499
0.097800	67.690102
0.097900	66.184898
0.098000	64.679703
0.098100	63.174500
0.098200	62.672798
0.098300	54.645100
0.098400	4.973820
0.098500	-85.839302
0.098600	-94.870499
0.098700	-42.188801
0.098800	-18.607500
0.098900	-16.600599
0.099000	-12.586700
0.099100	-2.552130
0.099200	2.465170
0.099300	7.984200
0.099400	16.011900
0.099500	14.005000
0.099600	9.991120
0.099700	5.475550
0.099800	9.489390
0.099900	10.492800
0.100000	14.506700
0.100100	16.513599
0.100200	14.506700
0.100300	9.991120
0.100400	9.489390
0.100500	5.977280
0.100600	7.482470
0.100700	24.541300
0.100800	35.579300
0.100900	32.067200
0.101000	31.565500
0.101100	26.046499
0.101200	-34.662899
0.101300	-84.835899
0.101400	-51.219898
0.101500	-15.095400
0.101600	-5.562510
0.101700	-4.057320
0.101800	4.472090
0.101900	9.991120
0.102000	12.499800
0.102100	7.984200
0.102200	8.485930
0.102300	8.485930
0.102400	6.479010
0.102500	12.499800
0.102600	13.503200
0.102700	4.973820
0.102800	-3.555590
0.102900	1.461710
0.103000	4.472090
0.103100	4.472090
0.103200	-1.548670
0.103300	-6.565970
0.103400	-12.586700
0.103500	-10.579800
0.103600	7.482470
0.103700	37.586300
0.103800	52.136398
0.103900	53.139900
0.104000	55.648499
0.104100	43.606998
0.104200	-40.181900
0.104300	-103.902000
0.104400	-61.756302
0.104500	-9.074620
0.104600	4.472090
0.104700	7.482470
0.104800	8.485930
0.104900	4.472090
0.105000	2.465170
0.105100	8.987660
0.105200	12.499800
0.105300	13.503200
0.105400	9.991120
0.105500	7.482470
0.105600	5.977280
0.105700	-0.545213
0.105800	-8.071160
0.105900	-9.576350
0.106000	-7.569430
0.106100	-8.071160
0.106200	-9.576350
0.106300	-11.583300
0.106400	-9.576350
0.106500	-1.046940
0.106600	9.489390
0.106700	8.485930
0.106800	8.485930
0.106900	10.492800
0.107000	11.998000
0.107100	8.485930
0.107200	4.472090
0.107300	7.482470
0.107400	13.503200
0.107500	10.492800
0.107600	0.959977
0.107700	4.472090
0.107800	7.482470
0.107900	0.458247
0.108000	-7.569430
0.108100	-11.081500
0.108200	-10.579800
0.108300	-11.583300
0.108400	-16.600599
0.108500	-13.590200
0.108600	-0.545213
0.108700	19.022301
0.108800	35.077599
0.108900	48.122601
0.109000	55.146801
0.109100	53.641602
0.109200	55.146801
0.109300	54.645100
0.109400	-5.562510
0.109500	-89.853203
0.109600	-73.296097
0.109700	-13.088500
0.109800	0.458247
0.109900	2.465170
0.110000	2.966900
0.110100	-0.043483
0.110200	-1.046940
0.110300	-0.545213
0.110400	-0.545213
0.110500	1.461710
0.110600	1.461710
0.110700	-4.057320
0.110800	-11.583300
0.110900	-9.576350
0.111000	-8.071160
0.111100	-7.569430
0.111200	-8.572890
0.111300	-4.057320
0.111400	-1.548670
0.111500	-1.046940
0.111600	3.970360
0.111700	5.475550
0.111800	7.984200
0.111900	11.998000
0.112000	13.503200
0.112100	14.506700
0.112200	15.510100
0.112300	12.499800
0.112400	11.496300
0.112500	8.987660
0.112600	11.998000
0.112700	15.510100
0.112800	10.492800
0.112900	5.475550
0.113000	1.461710
0.113100	1.461710
0.113200	-2.552130
0.113300	-7.569430
0.113400	-8.071160
0.113500	-9.576350
0.113600	-11.583300
0.113700	-9.074620
0.113800	-8.572890
0.113900	-7.569430
0.114000	-2.552130
0.114100	6.980740
0.114200	8.485930
0.114300	7.482470
0.114400	8.485930
0.114500	12.499800
0.114600	23.537800
0.114700	40.596600
0.114800	48.624298
0.114900	52.638199
0.115000	47.620899
0.115100	45.613899
0.115200	47.119099
0.115300	49.126099
0.115400	47.620899
0.115500	44.108799
0.115600	36.582802
0.115700	29.558599
0.115800	26.548201
0.115900	31.565500
0.116000	40.094898
0.116100	43.606998
0.116200	40.596600
0.116300	41.600101
0.116400	45.112202
0.116500	47.620899
0.116600	47.119099
0.116700	48.624298
0.116800	47.119099
0.116900	42.603600
0.117000	40.596600
0.117100	39.593201
0.117200	36.582802
0.117300	34.575901
0.117400	31.565500
0.117500	28.555099
0.117600	23.537800
0.117700	21.530899
0.117800	14.005000
0.117900	7.984200
0.118000	5.475550
0.118100	-2.552130
0.118200	-13.590200
0.118300	-23.624800
0.118400	-31.652500
0.118500	-41.687099
0.118600	-48.711300
0.118700	-36.167999
0.118800	-21.617901
0.118900	-6.565970
0.119000	5.977280
0.119100	7.482470
0.119200	14.005000
0.119300	16.513599
0.119400	15.008400
0.119500	15.510100
0.119600	17.517099
0.119700	19.524000
0.119800	19.022301
0.119900	18.018801
0.120000	22.534401
0.120100	20.527399
0.120200	17.517099
0.120300	19.022301
0.120400	14.005000
0.120500	7.482470
0.120600	4.973820
0.120700	4.973820
0.120800	-1.548670
0.120900	-4.559050
0.121000	-5.562510
0.121100	-3.555590
0.121200	-3.053860
0.121300	-8.572890
0.121400	-16.098801
0.121500	-21.617901
0.121600	-25.129999
0.121700	-34.662899
0.121800	-37.171501
0.121900	-31.652500
0.122000	-22.621300
0.122100	-13.590200
0.122200	-6.565970
0.122300	1.461710
0.122400	1.461710
0.122500	0.458247
0.122600	4.472090
0.122700	6.479010
0.122800	6.980740
0.122900	7.984200
0.123000	7.482470
0.123100	4.472090
0.123200	5.475550
0.123300	3.970360
0.123400	1.963440
0.123500	5.475550
0.123600	7.482470
0.123700	5.475550
0.123800	-0.545213
0.123900	-8.572890
0.124000	-18.607500
0.124100	-32.655899
0.124200	-41.687099
0.124300	-34.161098
0.124400	-17.102301
0.124500	-1.548670
0.124600	9.489390
0.124700	12.499800
0.124800	11.998000
0.124900	12.499800
0.125000	10.492800
0.125100	13.001500
0.125200	15.510100
0.125300	20.025700
0.125400	22.534401
0.125500	20.527399
0.125600	20.527399
0.125700	14.005000
0.125800	10.492800
0.125900	8.987660
0.126000	2.465170
0.126100	-8.572890
0.126200	-25.631701
0.126300	-38.174999
0.126400	-29.143801
0.126500	-17.604000
0.126600	-8.572890
0.126700	0.458247
0.126800	5.475550
0.126900	8.987660
0.127000	8.485930
0.127100	8.485930
0.127200	8.987660
0.127300	17.015301
0.127400	26.046499
0.127500	25.544701
0.127600	24.541300
0.127700	26.548201
0.127800	25.544701
0.127900	14.506700
0.128000	1.461710
0.128100	-20.112700
0.128200	-38.174999
0.128300	-37.171501
0.128400	-31.652500
0.128500	-21.617901
0.128600	-8.572890
0.128700	-4.057320
0.128800	-2.050400
0.128900	-0.545213
0.129000	0.959977
0.129100	3.970360
0.129200	9.991120
0.129300	17.015301
0.129400	18.520500
0.129500	18.520500
0.129600	15.510100
0.129700	13.503200
0.129800	6.479010
0.129900	-12.085000
0.130000	-23.624800
0.130100	-16.600599
0.130200	-13.590200
0.130300	-11.081500
0.130400	-6.565970
0.130500	-4.057320
0.130600	-3.053860
0.130700	-2.552130
0.130800	-3.053860
0.130900	2.465170
0.131000	8.485930
0.131100	13.503200
0.131200	9.991120
0.131300	12.499800
0.131400	16.513599
0.131500	10.492800
0.131600	-6.064240
0.131700	-16.600599
0.131800	-16.600599
0.131900	-14.593700
0.132000	-9.576350
0.132100	-6.565970
0.132200	-6.565970
0.132300	-5.562510
0.132400	-1.046940
0.132500	4.472090
0.132600	12.499800
0.132700	11.998000
0.132800	13.503200
0.132900	10.492800
0.133000	7.984200
0.133100	5.475550
0.133200	-11.081500
0.133300	-24.628300
0.133400	-19.611000
0.133500	-20.614401
0.133600	-18.607500
0.133700	-9.074620
0.133800	-3.053860
0.133900	4.472090
0.134000	3.468630
0.134100	7.482470
0.134200	9.489390
0.134300	9.489390
0.134400	13.503200
0.134500	12.499800
0.134600	4.973820
0.134700	-9.576350
0.134800	-18.607500
0.134900	-17.102301
0.135000	-12.085000
0.135100	-9.576350
0.135200	-7.569430
0.135300	-2.552130
0.135400	-3.555590
0.135500	-0.545213
0.135600	4.472090
0.135700	10.492800
0.135800	14.005000
0.135900	17.517099
0.136000	13.001500
0.136100	1.963440
0.136200	-6.064240
0.136300	-11.583300
0.136400	-8.572890
0.136500	-8.071160
0.136600	-7.067700
0.136700	-2.552130
0.136800	1.461710
0.136900	5.475550
0.137000	10.492800
0.137100	15.510100
0.137200	15.510100
0.137300	16.011900
0.137400	12.499800
0.137500	6.479010
0.137600	-2.552130
0.137700	-4.057320
0.137800	-7.067700
0.137900	-7.067700
0.138000	-3.555590
0.138100	3.970360
0.138200	6.479010
0.138300	1.963440
0.138400	3.468630
0.138500	8.987660
0.138600	12.499800
0.138700	6.980740
0.138800	7.482470
0.138900	2.966900
0.139000	-1.046940
0.139100	-6.565970
0.139200	-6.565970
0.139300	-4.559050
0.139400	-4.057320
0.139500	-0.545213
0.139600	2.465170
0.139700	3.970360
0.139800	7.482470
0.139900	10.492800
0.140000	6.479010
0.140100	6.980740
0.140200	7.482470
0.140300	-0.043483
0.140400	-7.569430
0.140500	-13.088500
0.140600	-14.091900
0.140700	-5.562510
0.140800	-1.046940
0.140900	-0.545213
0.141000	-2.552130
0.141100	-1.548670
0.141200	5.475550
0.141300	5.475550
0.141400	-0.545213
0.141500	0.458247
0.141600	2.465170
0.141700	-2.552130
0.141800	-14.091900
0.141900	-14.091900
0.142000	-5.562510
0.142100	0.458247
0.142200	1.461710
0.142300	-0.043483
0.142400	-0.043483
0.142500	2.465170
0.142600	9.489390
0.142700	11.998000
0.142800	11.496300
0.142900	8.987660
0.143000	2.465170
0.143100	-3.053860
0.143200	-1.548670
0.143300	7.482470
0.143400	6.479010
0.143500	5.475550
0.143600	4.472090
0.143700	7.482470
0.143800	11.998000
0.143900	17.517099
0.144000	13.001500
0.144100	12.499800
0.144200	12.499800
0.144300	0.959977
0.144400	-7.569430
0.144500	-6.565970
0.144600	0.959977
0.144700	5.475550
0.144800	5.475550
0.144900	4.472090
0.145000	7.482470
0.145100	14.506700
0.145200	17.517099
0.145300	19.524000
0.145400	14.506700
0.145500	3.468630
0.145600	-1.548670
0.145700	-2.050400
0.145800	0.959977
0.145900	5.977280
0.146000	5.977280
0.146100	5.977280
0.146200	6.479010
0.146300	6.479010
0.146400	6.479010
0.146500	6.479010
0.146600	4.472090
0.146700	0.458247
0.146800	-2.050400
0.146900	-6.565970
0.147000	-3.555590
0.147100	-5.060780
0.147200	-7.067700
0.147300	-7.067700
0.147400	-3.053860
0.147500	3.468630
0.147600	5.475550
0.147700	4.973820
0.147800	3.468630
0.147900	0.458247
0.148000	-7.067700
0.148100	-9.576350
0.148200	-8.572890
0.148300	-6.565970
0.148400	-5.060780
0.148500	-2.552130
0.148600	-1.046940
0.148700	1.461710
0.148800	6.479010
0.148900	5.475550
0.149000	1.963440
0.149100	2.465170
0.149200	2.966900
0.149300	-2.552130
0.149400	-2.552130
0.149500	-2.552130
0.149600	-1.548670
0.149700	-3.555590
0.149800	-5.562510
0.149900	-0.043483
0.150000	7.482470
0.150100	4.973820
0.150200	1.461710
0.150300	-2.050400
0.150400	-7.569430
0.150500	-7.067700
0.150600	-6.064240
0.150700	-6.565970
0.150800	-3.555590
0.150900	-1.548670
0.151000	0.959977
0.151100	6.479010
0.151200	8.987660
0.151300	9.489390
0.151400	8.987660
0.151500	1.963440
0.151600	-1.548670
0.151700	-1.548670
0.151800	-2.552130
0.151900	-3.555590
0.152000	-2.552130
0.152100	-2.552130
0.152200	1.461710
0.152300	8.485930
0.152400	7.984200
0.152500	0.959977
0.152600	-0.545213
0.152700	-4.559050
0.152800	-6.064240
0.152900	-8.071160
0.153000	-6.565970
0.153100	-4.057320
0.153200	-2.552130
0.153300	-3.555590
0.153400	2.465170
0.153500	4.973820
0.153600	3.468630
0.153700	0.458247
0.153800	-1.548670
0.153900	-2.050400
0.154000	-3.053860
0.154100	-6.565970
0.154200	-3.053860
0.154300	-1.548670
0.154400	1.461710
0.154500	6.980740
0.154600	8.485930
0.154700	8.485930
0.154800	4.472090
0.154900	3.970360
0.155000	-1.548670
0.155100	-5.562510
0.155200	-3.555590
0.155300	2.465170
0.155400	2.966900
0.155500	2.465170
0.155600	7.482470
0.155700	9.991120
0.155800	12.499800
0.155900	9.489390
0.156000	7.482470
0.156100	4.472090
0.156200	1.963440
0.156300	-1.548670
0.156400	-6.064240
0.156500	-6.064240
0.156600	-4.057320
0.156700	-2.050400
0.156800	1.461710
0.156900	4.973820
0.157000	3.468630
0.157100	-0.545213
0.157200	-5.562510
0.157300	-4.057320
0.157400	-3.053860
0.157500	-4.057320
0.157600	-6.064240
0.157700	-1.548670
0.157800	0.458247
0.157900	4.472090
0.158000	2.465170
0.158100	-3.053860
0.158200	-2.050400
0.158300	-4.057320
0.158400	-5.562510
0.158500	-5.562510
0.158600	-6.565970
0.158700	-3.053860
0.158800	-1.548670
0.158900	-4.057320
0.159000	-0.545213
0.159100	6.479010
0.159200	6.479010
0.159300	-0.545213
0.159400	-0.545213
0.159500	-0.043483
0.159600	-4.057320
0.159700	-0.043483
0.159800	5.475550
0.159900	4.973820
0.160000	3.970360
0.160100	2.966900
0.160200	5.475550
0.160300	1.461710
0.160400	0.458247
0.160500	-3.053860
0.160600	-3.555590
0.160700	-2.050400
0.160800	-0.545213
0.160900	0.458247
0.161000	1.461710
0.161100	-2.552130
0.161200	-3.555590
0.161300	0.458247
0.161400	1.461710
0.161500	3.468630
0.161600	-0.545213
0.161700	-1.548670
0.161800	-0.545213
0.161900	0.458247
0.162000	-1.548670
0.162100	-2.552130
0.162200	-1.046940
0.162300	3.970360
0.162400	4.472090
0.162500	1.461710
0.162600	0.959977
0.162700	-1.548670
0.162800	-7.569430
0.162900	-2.552130
0.163000	-1.548670
0.163100	-0.545213
0.163200	-1.046940
0.163300	0.959977
0.163400	5.977280
0.163500	3.970360
0.163600	-0.545213
0.163700	-0.043483
0.163800	-0.545213
0.163900	-6.064240
0.164000	-8.572890
0.164100	-1.046940
0.164200	1.963440
0.164300	2.465170
0.164400	-0.545213
0.164500	0.458247
0.164600	-8.071160
0.164700	-15.597100
0.164800	-14.593700
0.164900	-11.583300
0.165000	-5.562510
0.165100	-3.555590
0.165200	-5.562510
0.165300	-1.548670
0.165400	6.479010
0.165500	7.482470
0.165600	6.479010
0.165700	4.973820
0.165800	5.475550
0.165900	6.479010
0.166000	6.479010
0.166100	1.963440
0.166200	1.461710
0.166300	7.482470
0.166400	4.472090
0.166500	3.970360
0.166600	5.475550
0.166700	5.475550
0.166800	5.475550
0.166900	1.461710
0.167000	-0.545213
0.167100	-0.545213
0.167200	-0.545213
0.167300	-0.043483
0.167400	-0.545213
0.167500	-1.548670
0.167600	-2.552130
0.167700	-1.548670
0.167800	-0.545213
0.167900	-0.043483
0.168000	2.465170
0.168100	2.465170
0.168200	1.461710
0.168300	-3.053860
0.168400	-3.555590
0.168500	0.458247
0.168600	-0.545213
0.168700	-1.548670
0.168800	-1.046940
0.168900	-0.545213
0.169000	2.966900
0.169100	0.458247
0.169200	-2.552130
0.169300	-2.552130
0.169400	-2.552130
0.169500	-0.545213
0.169600	3.970360
0.169700	9.489390
0.169800	7.482470
0.169900	9.489390
0.170000	7.482470
0.170100	8.485930
0.170200	7.482470
0.170300	7.482470
0.170400	5.475550
0.170500	5.475550
0.170600	6.479010
0.170700	3.468630
0.170800	-0.545213
0.170900	3.970360
0.171000	8.485930
0.171100	2.966900
0.171200	2.465170
0.171300	6.479010
0.171400	2.966900
0.171500	2.465170
0.171600	2.966900
0.171700	1.461710
0.171800	1.461710
0.171900	2.465170
0.172000	0.458247
0.172100	-4.559050
0.172200	-0.043483
0.172300	2.966900
0.172400	-0.043483
0.172500	0.458247
0.172600	0.458247
0.172700	-1.548670
0.172800	-1.046940
0.172900	-0.043483
0.173000	0.959977
0.173100	5.475550
0.173200	7.482470
0.173300	4.973820
0.173400	4.472090
0.173500	6.980740
0.173600	8.485930
0.173700	8.485930
0.173800	3.970360
0.173900	2.465170
0.174000	2.465170
0.174100	5.977280
0.174200	9.489390
0.174300	8.485930
0.174400	11.998000
0.174500	8.987660
0.174600	5.977280
0.174700	5.475550
0.174800	1.461710
0.174900	-0.545213
0.175000	-0.545213
0.175100	4.472090
0.175200	3.970360
0.175300	4.472090
0.175400	7.482470
0.175500	8.485930
0.175600	8.485930
0.175700	5.475550
0.175800	-1.046940
0.175900	-5.060780
0.176000	0.458247
0.176100	2.465170
0.176200	-0.545213
0.176300	-2.552130
0.176400	-0.545213
0.176500	4.472090
0.176600	2.465170
0.176700	1.461710
0.176800	1.461710
0.176900	-0.043483
0.177000	-3.555590
0.177100	-4.559050
0.177200	-6.565970
0.177300	-5.562510
0.177400	0.458247
0.177500	4.472090
0.177600	2.465170
0.177700	3.468630
0.177800	3.468630
0.177900	-2.552130
0.178000	-3.555590
0.178100	-1.548670
0.178200	-3.053860
0.178300	-2.552130
0.178400	-0.545213
0.178500	2.465170
0.178600	3.970360
0.178700	5.977280
0.178800	5.475550
0.178900	4.973820
0.179000	2.465170
0.179100	-0.545213
0.179200	-3.053860
0.179300	-0.545213
0.179400	0.458247
0.179500	-2.552130
0.179600	-4.057320
0.179700	3.970360
0.179800	10.492800
0.179900	2.465170
0.180000	-3.053860
0.180100	-3.555590
0.180200	-5.562510
0.180300	-2.050400
0.180400	0.458247
0.180500	-2.552130
0.180600	-8.572890
0.180700	-6.064240
0.180800	0.959977
0.180900	-0.545213
0.181000	-1.046940
0.181100	0.458247
0.181200	2.465170
0.181300	-1.548670
0.181400	-1.548670
0.181500	3.468630
0.181600	0.959977
0.181700	-2.552130
0.181800	0.458247
0.181900	4.973820
0.182000	4.472090
0.182100	4.973820
0.182200	2.966900
0.182300	1.963440
0.182400	-1.046940
0.182500	-4.057320
0.182600	-1.548670
0.182700	-0.545213
0.182800	-1.548670
0.182900	-0.545213
0.183000	-1.548670
0.183100	-2.050400
0.183200	-2.050400
0.183300	-1.046940
0.183400	-0.545213
0.183500	2.465170
0.183600	2.465170
0.183700	1.461710
0.183800	-0.545213
0.183900	-2.552130
0.184000	0.458247
0.184100	3.468630
0.184200	1.963440
0.184300	-1.548670
0.184400	-7.067700
0.184500	-4.057320
0.184600	-0.545213
0.184700	0.458247
0.184800	-0.545213
0.184900	0.458247
0.185000	-0.043483
0.185100	4.472090
0.185200	1.461710
0.185300	-3.053860
0.185400	-5.562510
0.185500	-1.548670
0.185600	-3.555590
0.185700	-7.569430
0.185800	-8.572890
0.185900	-7.569430
0.186000	-10.579800
0.186100	-7.067700
0.186200	0.959977
0.186300	-0.545213
0.186400	-3.555590
0.186500	-0.545213
0.186600	-1.548670
0.186700	-4.057320
0.186800	-1.046940
0.186900	0.959977
0.187000	1.461710
0.187100	0.458247
0.187200	5.475550
0.187300	8.485930
0.187400	5.977280
0.187500	7.482470
0.187600	9.489390
0.187700	6.479010
0.187800	2.465170
0.187900	2.966900
0.188000	5.977280
0.188100	4.973820
0.188200	4.472090
0.188300	1.963440
0.188400	-1.046940
0.188500	1.461710
0.188600	4.472090
0.188700	0.458247
0.188800	-2.050400
0.188900	0.959977
0.189000	7.482470
0.189100	4.472090
0.189200	-2.050400
0.189300	-2.050400
0.189400	-0.545213
0.189500	2.465170
0.189600	1.963440
0.189700	-1.548670
0.189800	-3.555590
0.189900	-4.559050
0.190000	-0.545213
0.190100	3.970360
0.190200	2.966900
0.190300	0.458247
0.190400	6.479010
0.190500	9.489390
0.190600	5.475550
0.190700	4.472090
0.190800	5.475550
0.190900	4.472090
0.191000	6.479010
0.191100	6.980740
0.191200	2.966900
0.191300	5.475550
0.191400	6.479010
0.191500	2.465170
0.191600	-1.046940
0.191700	-2.552130
0.191800	-0.043483
0.191900	-0.545213
0.192000	-2.552130
0.192100	-0.545213
0.192200	-1.548670
0.192300	4.973820
0.192400	6.479010
0.192500	0.458247
0.192600	-1.548670
0.192700	-2.050400
0.192800	0.458247
0.192900	-0.545213
0.193000	0.959977
0.193100	-1.548670
0.193200	-3.555590
0.193300	-3.555590
0.193400	-3.555590
0.193500	-0.545213
0.193600	6.479010
0.193700	7.482470
0.193800	3.468630
0.193900	-0.545213
0.194000	-1.548670
0.194100	-0.545213
0.194200	-2.552130
0.194300	-0.545213
0.194400	-0.043483
0.194500	-2.552130
0.194600	-3.555590
0.194700	-0.545213
0.194800	0.458247
0.194900	3.970360
0.195000	5.475550
0.195100	3.468630
0.195200	-1.046940
0.195300	-1.046940
0.195400	-0.043483
0.195500	-0.043483
0.195600	-2.552130
0.195700	-1.548670
0.195800	-0.545213
0.195900	-2.552130
0.196000	-4.057320
0.196100	5.475550
0.196200	5.977280
0.196300	2.465170
0.196400	3.468630
0.196500	2.465170
0.196600	0.458247
0.196700	3.970360
0.196800	5.475550
0.196900	5.977280
0.197000	4.472090
0.197100	4.472090
0.197200	3.468630
0.197300	5.977280
0.197400	3.970360
0.197500	-0.545213
0.197600	1.461710
0.197700	6.980740
0.197800	2.966900
0.197900	-0.043483
0.198000	4.472090
0.198100	3.468630
0.198200	6.479010
0.198300	9.489390
0.198400	8.485930
0.198500	3.468630
0.198600	0.458247
0.198700	-0.043483
0.198800	-1.046940
0.198900	0.458247
0.199000	0.959977
0.199100	0.959977
0.199200	1.461710
0.199300	-3.555590
0.199400	-5.060780
0.199500	-2.552130
0.199600	-1.548670
0.199700	-3.555590
0.199800	-1.548670
0.199900	-0.545213
0.200000	0.959977
0.200100	0.458247
0.200200	-2.552130
0.200300	-3.555590
0.200400	-4.559050
0.200500	-1.548670
0.200600	1.461710
0.200700	1.461710
0.200800	1.461710
0.200900	5.977280
0.201000	5.475550
0.201100	0.959977
0.201200	0.458247
0.201300	-0.545213
0.201400	-0.545213
0.201500	0.458247
0.201600	4.472090
0.201700	1.461710
0.201800	-1.548670
0.201900	1.461710
0.202000	2.465170
0.202100	1.461710
0.202200	0.458247
0.202300	1.461710
0.202400	-0.545213
0.202500	-2.050400
0.202600	2.465170
0.202700	2.966900
0.202800	2.465170
0.202900	5.475550
0.203000	3.468630
0.203100	2.465170
0.203200	-1.046940
0.203300	0.959977
0.203400	3.970360
0.203500	0.458247
0.203600	-5.060780
0.203700	-4.559050
0.203800	-2.552130
0.203900	-0.545213
0.204000	1.963440
0.204100	1.461710
0.204200	2.465170
0.204300	5.977280
0.204400	6.980740
0.204500	5.475550
0.204600	2.465170
0.204700	0.959977
0.204800	1.461710
0.204900	3.468630
0.205000	1.963440
0.205100	1.461710
0.205200	3.468630
0.205300	2.465170
0.205400	2.465170
0.205500	4.973820
0.205600	5.475550
0.205700	-0.545213
0.205800	-1.548670
0.205900	-0.545213
0.206000	6.980740
0.206100	8.485930
0.206200	8.485930
0.206300	6.479010
0.206400	5.475550
0.206500	0.959977
0.206600	0.458247
0.206700	-2.050400
0.206800	2.465170
0.206900	6.980740
0.207000	6.980740
0.207100	5.475550
0.207200	4.472090
0.207300	5.977280
0.207400	7.482470
0.207500	5.977280
0.207600	5.977280
0.207700	1.963440
0.207800	2.465170
0.207900	0.458247
0.208000	2.465170
0.208100	0.959977
0.208200	-2.552130
0.208300	-2.552130
0.208400	-3.555590
0.208500	-0.043483
0.208600	1.963440
0.208700	1.461710
0.208800	1.461710
0.208900	-0.545213
0.209000	0.959977
0.209100	2.465170
0.209200	2.966900
0.209300	-1.548670
0.209400	0.959977
0.209500	1.963440
0.209600	2.465170
0.209700	1.461710
0.209800	1.461710
0.209900	-0.043483
0.210000	3.970360
0.210100	5.977280
0.210200	2.465170
0.210300	1.461710
0.210400	5.977280
0.210500	4.472090
0.210600	-5.562510
0.210700	-2.050400
0.210800	0.458247
0.210900	2.465170
0.211000	1.461710
0.211100	0.959977
0.211200	5.977280
0.211300	3.970360
0.211400	2.465170
0.211500	6.479010
0.211600	4.973820
0.211700	1.461710
0.211800	-0.545213
0.211900	-1.046940
0.212000	0.458247
0.212100	3.970360
0.212200	0.458247
0.212300	2.465170
0.212400	0.458247
0.212500	-4.559050
0.212600	-2.552130
0.212700	-2.552130
0.212800	-2.552130
0.212900	-2.552130
0.213000	-3.053860
0.213100	-3.555590
0.213200	-2.050400
0.213300	-6.064240
0.213400	-2.552130
0.213500	1.461710
0.213600	-1.046940
0.213700	-2.050400
0.213800	4.472090
0.213900	4.472090
0.214000	0.458247
0.214100	5.977280
0.214200	8.485930
0.214300	7.482470
0.214400	6.980740
0.214500	8.987660
0.214600	6.479010
0.214700	0.458247
0.214800	1.461710
0.214900	5.475550
0.215000	7.482470
0.215100	5.475550
0.215200	6.479010
0.215300	3.468630
0.215400	2.465170
0.215500	0.959977
0.215600	2.465170
0.215700	6.479010
0.215800	1.461710
0.215900	0.458247
0.216000	0.458247
0.216100	2.465170
0.216200	0.458247
0.216300	-1.548670
0.216400	-0.545213
0.216500	-2.552130
0.216600	-3.555590
0.216700	-0.043483
0.216800	0.959977
0.216900	-1.548670
0.217000	0.458247
0.217100	-0.043483
0.217200	-1.548670
0.217300	-1.548670
0.217400	0.458247
0.217500	0.458247
0.217600	0.458247
0.217700	-1.046940
0.217800	-1.548670
0.217900	-3.053860
0.218000	-2.050400
0.218100	-0.043483
0.218200	1.461710
0.218300	3.970360
0.218400	3.468630
0.218500	2.465170
0.218600	2.465170
0.218700	4.973820
0.218800	1.963440
0.218900	1.461710
0.219000	5.475550
0.219100	-0.545213
0.219200	-4.057320
0.219300	-0.043483
0.219400	2.465170
0.219500	2.465170
0.219600	1.461710
0.219700	5.475550
0.219800	2.966900
0.219900	-0.043483
0.220000	-0.043483
0.220100	1.963440
0.220200	1.963440
0.220300	-0.043483
0.220400	-0.545213
0.220500	0.458247
0.220600	-5.060780
0.220700	-4.559050
0.220800	-2.050400
0.220900	3.970360
0.221000	-0.043483
0.221100	0.458247
0.221200	-0.043483
0.221300	-0.043483
0.221400	1.963440
0.221500	1.461710
0.221600	1.461710
0.221700	-1.548670
0.221800	-2.552130
0.221900	1.461710
0.222000	-0.043483
0.222100	0.458247
0.222200	-1.046940
0.222300	-0.545213
0.222400	0.458247
0.222500	-2.050400
0.222600	-3.555590
0.222700	-5.562510
0.222800	-2.050400
0.222900	-3.053860
0.223000	-1.548670
0.223100	1.461710
0.223200	3.970360
0.223300	-0.043483
0.223400	-0.545213
0.223500	4.472090
0.223600	10.492800
0.223700	7.482470
0.223800	2.966900
0.223900	7.984200
0.224000	8.485930
0.224100	8.485930
0.224200	8.987660
0.224300	12.499800
0.224400	7.482470
0.224500	5.475550
0.224600	1.963440
0.224700	2.465170
0.224800	4.472090
0.224900	7.984200
0.225000	9.489390
0.225100	8.485930
0.225200	6.479010
0.225300	7.482470
0.225400	6.479010
0.225500	2.966900
0.225600	2.465170
0.225700	4.472090
0.225800	3.970360
0.225900	1.963440
0.226000	4.472090
0.226100	6.479010
0.226200	6.479010
0.226300	2.966900
0.226400	2.465170
0.226500	1.461710
0.226600	2.966900
0.226700	3.468630
0.226800	-0.043483
0.226900	0.458247
0.227000	-1.548670
0.227100	-3.053860
0.227200	-1.548670
0.227300	-0.545213
0.227400	-2.552130
0.227500	-2.552130
0.227600	-4.559050
0.227700	-3.555590
0.227800	-4.559050
0.227900	-1.046940
0.228000	1.461710
0.228100	0.458247
0.228200	-0.545213
0.228300	-3.555590
0.228400	-2.050400
0.228500	-0.043483
0.228600	2.966900
0.228700	6.479010
0.228800	6.980740
0.228900	5.475550
0.229000	5.475550
0.229100	6.980740
0.229200	1.461710
0.229300	-1.548670
0.229400	3.970360
0.229500	2.465170
0.229600	0.458247
0.229700	2.465170
0.229800	7.482470
0.229900	5.475550
0.230000	1.461710
0.230100	1.963440
0.230200	2.465170
0.230300	-1.548670
0.230400	-2.552130
0.230500	-0.545213
0.230600	-0.545213
0.230700	3.970360
0.230800	5.475550
0.230900	4.472090
0.231000	4.472090
0.231100	6.479010
0.231200	5.475550
0.231300	0.959977
0.231400	-0.545213
0.231500	-0.545213
0.231600	0.959977
0.231700	4.472090
0.231800	3.468630
0.231900	5.475550
0.232000	4.472090
0.232100	-2.050400
0.232200	3.970360
0.232300	8.485930
0.232400	-0.545213
0.232500	-2.552130
0.232600	2.465170
0.232700	0.959977
0.232800	0.458247
0.232900	-0.545213
0.233000	-2.050400
0.233100	-4.559050
0.233200	-5.562510
0.233300	-0.545213
0.233400	-0.043483
0.233500	-2.552130
0.233600	-0.545213
0.233700	-2.050400
0.233800	-3.555590
0.233900	0.959977
0.234000	2.465170
0.234100	-3.053860
0.234200	-2.552130
0.234300	3.970360
0.234400	4.472090
0.234500	0.458247
0.234600	-0.545213
0.234700	-5.562510
0.234800	-4.057320
0.234900	-3.053860
0.235000	1.461710
0.235100	5.475550
0.235200	7.482470
0.235300	6.479010
0.235400	6.479010
0.235500	6.479010
0.235600	9.489390
0.235700	8.987660
0.235800	6.980740
0.235900	6.479010
0.236000	7.482470
0.236100	4.472090
0.236200	2.465170
0.236300	5.475550
0.236400	4.973820
0.236500	5.475550
0.236600	6.479010
0.236700	6.479010
0.236800	3.468630
0.236900	2.966900
0.237000	-0.545213
0.237100	-3.555590
0.237200	-1.548670
0.237300	0.458247
0.237400	-0.545213
0.237500	-3.053860
0.237600	-1.548670
0.237700	2.465170
0.237800	3.468630
0.237900	0.458247
0.238000	-2.552130
0.238100	-5.562510
0.238200	-1.046940
0.238300	0.458247
0.238400	-7.569430
0.238500	-4.057320
0.238600	0.458247
0.238700	0.458247
0.238800	2.465170
0.238900	4.973820
0.239000	3.970360
0.239100	2.465170
0.239200	4.472090
0.239300	7.482470
0.239400	5.977280
0.239500	4.973820
0.239600	3.468630
0.239700	5.475550
0.239800	5.977280
0.239900	3.970360
0.240000	-0.043483
0.240100	-0.545213
0.240200	4.973820
0.240300	5.977280
0.240400	1.461710
0.240500	-2.552130
0.240600	-1.046940
0.240700	-1.548670
0.240800	-2.552130
0.240900	-2.552130
0.241000	-2.050400
0.241100	0.959977
0.241200	2.966900
0.241300	5.475550
0.241400	5.977280
0.241500	-0.545213
0.241600	-8.572890
0.241700	-3.555590
0.241800	1.461710
0.241900	3.468630
0.242000	4.973820
0.242100	5.475550
0.242200	5.475550
0.242300	5.475550
0.242400	2.465170
0.242500	-0.545213
0.242600	0.458247
0.242700	-0.545213
0.242800	-1.548670
0.242900	2.465170
0.243000	1.461710
0.243100	1.461710
0.243200	0.959977
0.243300	1.461710
0.243400	4.973820
0.243500	6.980740
0.243600	1.461710
0.243700	-1.548670
0.243800	-3.053860
0.243900	-2.050400
0.244000	-2.552130
0.244100	-2.050400
0.244200	-2.552130
0.244300	-3.053860
0.244400	-1.548670
0.244500	2.966900
0.244600	5.475550
0.244700	1.461710
0.244800	-2.552130
0.244900	0.959977
0.245000	3.970360
0.245100	3.970360
0.245200	4.472090
0.245300	1.461710
0.245400	5.475550
0.245500	7.984200
0.245600	3.970360
0.245700	0.458247
0.245800	1.461710
0.245900	6.479010
0.246000	5.475550
0.246100	5.475550
0.246200	7.482470
0.246300	5.475550
0.246400	5.475550
0.246500	5.475550
0.246600	5.475550
0.246700	7.984200
0.246800	7.482470
0.246900	1.461710
0.247000	-1.046940
0.247100	-0.545213
0.247200	1.461710
0.247300	0.959977
0.247400	0.959977
0.247500	2.465170
0.247600	5.475550
0.247700	6.479010
0.247800	0.458247
0.247900	1.461710
0.248000	5.475550
0.248100	2.966900
0.248200	1.461710
0.248300	2.465170
0.248400	1.963440
0.248500	-0.545213
0.248600	1.963440
0.248700	-0.043483
0.248800	0.458247
0.248900	3.970360
0.249000	1.461710
0.249100	5.475550
0.249200	7.984200
0.249300	3.468630
0.249400	0.959977
0.249500	3.970360
0.249600	7.482470
0.249700	9.489390
0.249800	3.468630
0.249900	-1.046940
0.250000	2.966900
0.250100	4.973820
0.250200	2.465170
0.250300	-2.552130
0.250400	-2.050400
0.250500	0.458247
0.250600	2.465170
0.250700	2.465170
0.250800	2.465170
0.250900	-0.545213
0.251000	-1.548670
0.251100	-0.043483
0.251200	5.475550
0.251300	6.479010
0.251400	2.465170
0.251500	-2.050400
0.251600	-0.545213
0.251700	0.458247
0.251800	0.458247
0.251900	2.465170
0.252000	2.465170
0.252100	0.458247
0.252200	-0.043483
0.252300	0.959977
0.252400	4.472090
0.252500	5.475550
0.252600	2.465170
0.252700	-3.555590
0.252800	-4.559050
0.252900	0.458247
0.253000	4.472090
0.253100	7.984200
0.253200	5.475550
0.253300	-1.548670
0.253400	-1.046940
0.253500	2.465170
0.253600	0.959977
0.253700	-2.552130
0.253800	-1.046940
0.253900	-0.043483
0.254000	-0.043483
0.254100	-0.545213
0.254200	-0.545213
0.254300	1.963440
0.254400	-0.545213
0.254500	-3.555590
0.254600	0.458247
0.254700	5.475550
0.254800	5.475550
0.254900	0.458247
0.255000	-4.057320
0.255100	-3.053860
0.255200	-0.545213
0.255300	-1.046940
0.255400	-1.548670
0.255500	-0.043483
0.255600	-1.548670
0.255700	-7.569430
0.255800	-2.552130
0.255900	-2.050400
0.256000	-2.552130
0.256100	-5.562510
0.256200	-5.562510
0.256300	0.458247
0.256400	2.465170
0.256500	-0.043483
0.256600	-1.548670
0.256700	-2.050400
0.256800	-1.046940
0.256900	-1.046940
0.257000	6.479010
0.257100	9.991120
0.257200	7.482470
0.257300	6.980740
0.257400	11.496300
0.257500	15.008400
0.257600	13.503200
0.257700	8.485930
0.257800	4.472090
0.257900	6.479010
0.258000	8.485930
0.258100	4.472090
0.258200	6.479010
0.258300	1.461710
0.258400	0.458247
0.258500	4.472090
0.258600	6.479010
0.258700	8.485930
0.258800	9.489390
0.258900	4.472090
0.259000	4.472090
0.259100	3.468630
0.259200	1.461710
0.259300	2.966900
0.259400	10.492800
0.259500	7.482470
0.259600	-1.548670
0.259700	0.959977
0.259800	-1.046940
0.259900	-2.552130
0.260000	0.458247
0.260100	4.472090
0.260200	-1.548670
0.260300	-1.548670
0.260400	-0.043483
0.260500	1.963440
0.260600	5.977280
0.260700	1.461710
0.260800	0.458247
0.260900	0.458247
0.261000	0.458247
0.261100	0.959977
0.261200	9.489390
0.261300	10.492800
0.261400	5.977280
0.261500	0.458247
0.261600	1.461710
0.261700	2.966900
0.261800	7.984200
0.261900	7.482470
0.262000	2.966900
0.262100	-2.050400
0.262200	0.458247
0.262300	4.973820
0.262400	4.472090
0.262500	1.461710
0.262600	0.959977
0.262700	4.472090
0.262800	6.479010
0.262900	4.973820
0.263000	2.465170
0.263100	-1.548670
0.263200	-3.053860
0.263300	0.458247
0.263400	1.963440
0.263500	-2.050400
0.263600	-0.545213
0.263700	-1.548670
0.263800	-1.046940
0.263900	-0.043483
0.264000	1.461710
0.264100	4.472090
0.264200	-0.043483
0.264300	-2.552130
0.264400	0.959977
0.264500	4.472090
0.264600	3.970360
0.264700	1.461710
0.264800	0.959977
0.264900	-1.046940
0.265000	-1.548670
0.265100	-1.548670
0.265200	-1.548670
0.265300	-3.555590
0.265400	-2.050400
0.265500	2.465170
0.265600	3.970360
0.265700	6.479010
0.265800	10.492800
0.265900	8.485930
0.266000	4.472090
0.266100	-0.545213
0.266200	1.461710
0.266300	8.485930
0.266400	6.479010
0.266500	6.479010
0.266600	8.485930
0.266700	5.977280
0.266800	5.475550
0.266900	5.475550
0.267000	3.468630
0.267100	4.472090
0.267200	5.475550
0.267300	5.977280
0.267400	4.472090
0.267500	9.489390
0.267600	6.980740
0.267700	1.461710
0.267800	-0.545213
0.267900	0.458247
0.268000	5.475550
0.268100	1.963440
0.268200	-0.545213
0.268300	-0.545213
0.268400	-1.548670
0.268500	-4.559050
0.268600	-4.559050
0.268700	0.458247
0.268800	0.458247
0.268900	-3.555590
0.269000	-2.050400
0.269100	-3.555590
0.269200	-5.562510
0.269300	-0.545213
0.269400	1.963440
0.269500	0.458247
0.269600	-2.552130
0.269700	-3.555590
0.269800	-1.548670
0.269900	-2.552130
0.270000	1.461710
0.270100	2.465170
0.270200	1.963440
0.270300	0.458247
0.270400	-0.545213
0.270500	0.458247
0.270600	2.966900
0.270700	0.959977
0.270800	-0.043483
0.270900	-0.545213
0.271000	-0.545213
0.271100	0.458247
0.271200	0.458247
0.271300	-0.545213
0.271400	3.468630
0.271500	5.475550
0.271600	5.977280
0.271700	3.970360
0.271800	0.959977
0.271900	3.468630
0.272000	0.458247
0.272100	0.458247
0.272200	2.465170
0.272300	3.970360
0.272400	2.465170
0.272500	-0.545213
0.272600	-3.555590
0.272700	-2.552130
0.272800	-1.046940
0.272900	-2.552130
0.273000	-3.555590
0.273100	0.458247
0.273200	-0.043483
0.273300	-0.545213
0.273400	2.966900
0.273500	1.963440
0.273600	-0.545213
0.273700	-1.046940
0.273800	1.461710
0.273900	2.465170
0.274000	4.472090
0.274100	-1.046940
0.274200	-2.050400
0.274300	2.465170
0.274400	1.461710
0.274500	-5.562510
0.274600	-2.552130
0.274700	-2.050400
0.274800	-4.057320
0.274900	-0.545213
0.275000	3.468630
0.275100	1.461710
0.275200	1.461710
0.275300	7.482470
0.275400	8.987660
0.275500	0.959977
0.275600	1.461710
0.275700	5.475550
0.275800	4.472090
0.275900	4.472090
0.276000	6.980740
0.276100	2.465170
0.276200	1.963440
0.276300	0.458247
0.276400	-0.545213
0.276500	-3.053860
0.276600	-1.046940
0.276700	2.465170
0.276800	0.959977
0.276900	-0.545213
0.277000	-1.548670
0.277100	0.458247
0.277200	0.458247
0.277300	-0.545213
0.277400	2.465170
0.277500	-1.548670
0.277600	-5.060780
0.277700	-0.043483
0.277800	2.465170
0.277900	0.458247
0.278000	-0.545213
0.278100	-4.559050
0.278200	-0.545213
0.278300	4.472090
0.278400	2.465170
0.278500	-0.545213
0.278600	4.472090
0.278700	7.482470
0.278800	5.475550
0.278900	2.966900
0.279000	4.973820
0.279100	4.472090
0.279200	5.475550
0.279300	2.465170
0.279400	3.468630
0.279500	5.977280
0.279600	6.479010
0.279700	5.977280
0.279800	7.482470
0.279900	8.485930
0.280000	4.472090
0.280100	2.966900
0.280200	6.479010
0.280300	6.479010
0.280400	4.472090
0.280500	3.970360
0.280600	2.465170
0.280700	2.966900
0.280800	3.970360
0.280900	5.475550
0.281000	4.973820
0.281100	1.461710
0.281200	0.458247
0.281300	1.963440
0.281400	3.970360
0.281500	1.461710
0.281600	1.461710
0.281700	-1.548670
0.281800	-3.053860
0.281900	-1.548670
0.282000	-1.548670
0.282100	0.458247
0.282200	-1.046940
0.282300	-3.053860
0.282400	-1.548670
0.282500	-1.548670
0.282600	0.458247
0.282700	1.461710
0.282800	1.461710
0.282900	-1.548670
0.283000	-1.548670
0.283100	-1.548670
0.283200	0.458247
0.283300	2.465170
0.283400	1.461710
0.283500	-0.545213
0.283600	1.963440
0.283700	-0.545213
0.283800	-3.053860
0.283900	1.461710
0.284000	6.479010
0.284100	7.482470
0.284200	3.468630
0.284300	2.465170
0.284400	2.465170
0.284500	0.959977
0.284600	4.973820
0.284700	12.499800
0.284800	10.492800
0.284900	7.482470
0.285000	9.489390
0.285100	3.468630
0.285200	2.465170
0.285300	6.479010
0.285400	3.468630
0.285500	4.472090
0.285600	7.482470
0.285700	4.973820
0.285800	4.472090
0.285900	1.461710
0.286000	-0.545213
0.286100	-0.545213
0.286200	-0.545213
0.286300	3.468630
0.286400	3.468630
0.286500	-3.555590
0.286600	-1.548670
0.286700	7.482470
0.286800	7.482470
0.286900	-1.548670
0.287000	-2.552130
0.287100	-1.548670
0.287200	2.465170
0.287300	0.458247
0.287400	0.458247
0.287500	-0.545213
0.287600	-1.548670
0.287700	4.472090
0.287800	6.980740
0.287900	2.465170
0.288000	1.963440
0.288100	1.461710
0.288200	0.959977
0.288300	3.970360
0.288400	-1.548670
0.288500	-1.548670
0.288600	2.465170
0.288700	2.966900
0.288800	0.458247
0.288900	-4.057320
0.289000	-2.552130
0.289100	-0.043483
0.289200	4.472090
0.289300	4.472090
0.289400	-1.548670
0.289500	-1.548670
0.289600	4.472090
0.289700	2.465170
0.289800	-2.050400
0.289900	-0.545213
0.290000	2.465170
0.290100	4.973820
0.290200	1.963440
0.290300	0.458247
0.290400	-2.552130
0.290500	-3.555590
0.290600	-3.555590
0.290700	-1.548670
0.290800	-3.053860
0.290900	-3.555590
0.291000	-0.043483
0.291100	0.458247
0.291200	-0.545213
0.291300	0.959977
0.291400	6.980740
0.291500	12.499800
0.291600	5.475550
0.291700	-0.043483
0.291800	2.966900
0.291900	8.987660
0.292000	6.980740
0.292100	5.977280
0.292200	5.977280
0.292300	5.977280
0.292400	4.472090
0.292500	5.977280
0.292600	6.980740
0.292700	7.482470
0.292800	6.479010
0.292900	5.475550
0.293000	6.479010
0.293100	6.980740
0.293200	6.479010
0.293300	3.970360
0.293400	7.984200
0.293500	10.492800
0.293600	10.994600
0.293700	7.984200
0.293800	4.973820
0.293900	-0.043483
0.294000	0.959977
0.294100	-1.548670
0.294200	-3.053860
0.294300	-2.050400
0.294400	-5.562510
0.294500	-2.552130
0.294600	0.458247
0.294700	-0.043483
0.294800	-0.545213
0.294900	-0.545213
0.295000	-0.545213
0.295100	2.465170
0.295200	1.461710
0.295300	-0.545213
0.295400	-2.552130
0.295500	-3.555590
0.295600	-0.545213
0.295700	-1.548670
0.295800	-0.545213
0.295900	-1.548670
0.296000	0.458247
0.296100	1.461710
0.296200	1.461710
0.296300	1.461710
0.296400	5.475550
0.296500	2.465170
0.296600	0.458247
0.296700	-0.545213
0.296800	2.465170
0.296900	0.458247
0.297000	-5.060780
0.297100	-1.548670
0.297200	3.970360
0.297300	3.970360
0.297400	2.465170
0.297500	3.970360
0.297600	2.465170
0.297700	2.966900
0.297800	-0.545213
0.297900	-0.545213
0.298000	2.465170
0.298100	-0.043483
0.298200	-1.548670
0.298300	2.465170
0.298400	3.468630
0.298500	1.461710
0.298600	-1.046940
0.298700	-1.046940
0.298800	-0.043483
0.298900	1.461710
0.299000	-0.545213
0.299100	3.970360
0.299200	4.472090
0.299300	0.458247
0.299400	-0.545213
0.299500	1.963440
0.299600	6.479010
0.299700	5.475550
0.299800	2.465170
0.299900	1.461710
