-0.050000	-1.954900
-0.049900	-2.431700
-0.049800	1.382730
-0.049700	-1.478090
-0.049600	-9.583760
-0.049500	-7.676540
-0.049400	-4.815720
-0.049300	1.859540
-0.049200	-0.524484
-0.049100	2.336340
-0.049000	1.382730
-0.048900	-0.524484
-0.048800	4.720360
-0.048700	2.336340
-0.048600	2.336340
-0.048500	4.720360
-0.048400	-1.478090
-0.048300	-1.478090
-0.048200	4.243560
-0.048100	-2.431700
-0.048000	-0.524484
-0.047900	1.382730
-0.047800	-3.385310
-0.047700	0.905928
-0.047600	1.382730
-0.047500	1.382730
-0.047400	1.382730
-0.047300	-5.292520
-0.047200	-5.769330
-0.047100	-1.001290
-0.047000	1.382730
-0.046900	5.673970
-0.046800	3.289950
-0.046700	0.429124
-0.046600	1.859540
-0.046500	3.289950
-0.046400	9.011600
-0.046300	5.673970
-0.046200	-3.862110
-0.046100	4.243560
-0.046000	3.289950
-0.045900	-0.524484
-0.045800	-0.524484
-0.045700	-6.246130
-0.045600	-1.478090
-0.045500	-0.047680
-0.045400	0.429124
-0.045300	-0.047680
-0.045200	-0.524484
-0.045100	-1.478090
-0.045000	3.766750
-0.044900	1.382730
-0.044800	3.289950
-0.044700	4.243560
-0.044600	1.382730
-0.044500	2.336340
-0.044400	-0.524484
-0.044300	-1.954900
-0.044200	-3.862110
-0.044100	1.859540
-0.044000	6.150770
-0.043900	5.197160
-0.043800	2.813140
-0.043700	0.429124
-0.043600	-1.478090
-0.043500	-1.954900
-0.043400	-0.047680
-0.043300	0.429124
-0.043200	3.289950
-0.043100	-0.524484
-0.043000	2.336340
-0.042900	2.813140
-0.042800	-1.001290
-0.042700	-0.524484
-0.042600	2.336340
-0.042500	0.429124
-0.042400	-1.478090
-0.042300	-4.815720
-0.042200	-4.815720
-0.042100	1.382730
-0.042000	0.905928
-0.041900	1.382730
-0.041800	-1.001290
-0.041700	1.382730
-0.041600	-1.478090
-0.041500	-1.478090
-0.041400	-3.385310
-0.041300	-5.292520
-0.041200	-2.431700
-0.041100	0.429124
-0.041000	4.243560
-0.040900	-1.954900
-0.040800	-1.478090
-0.040700	0.905928
-0.040600	1.382730
-0.040500	2.336340
-0.040400	1.382730
-0.040300	-3.862110
-0.040200	2.336340
-0.040100	3.289950
-0.040000	0.429124
-0.039900	-2.431700
-0.039800	-2.908500
-0.039700	1.382730
-0.039600	0.429124
-0.039500	-1.001290
-0.039400	-2.908500
-0.039300	1.382730
-0.039200	8.057990
-0.039100	-3.385310
-0.039000	-4.815720
-0.038900	-1.954900
-0.038800	1.382730
-0.038700	0.429124
-0.038600	-1.478090
-0.038500	-4.338920
-0.038400	-1.954900
-0.038300	0.905928
-0.038200	-1.001290
-0.038100	0.905928
-0.038000	-0.047680
-0.037900	0.429124
-0.037800	-0.524484
-0.037700	-2.908500
-0.037600	-3.385310
-0.037500	3.766750
-0.037400	2.813140
-0.037300	-1.478090
-0.037200	-0.524484
-0.037100	1.859540
-0.037000	1.382730
-0.036900	0.429124
-0.036800	-1.001290
-0.036700	-4.815720
-0.036600	-0.524484
-0.036500	3.289950
-0.036400	-0.524484
-0.036300	-4.815720
-0.036200	-3.385310
-0.036100	-4.338920
-0.036000	-0.524484
-0.035900	3.289950
-0.035800	2.336340
-0.035700	-0.047680
-0.035600	-1.954900
-0.035500	-3.862110
-0.035400	2.336340
-0.035300	1.382730
-0.035200	-3.385310
-0.035100	-1.478090
-0.035000	-1.001290
-0.034900	-1.478090
-0.034800	1.382730
-0.034700	1.859540
-0.034600	1.859540
-0.034500	2.336340
-0.034400	4.243560
-0.034300	-4.338920
-0.034200	-6.246130
-0.034100	-1.954900
-0.034000	-1.001290
-0.033900	-4.338920
-0.033800	-2.431700
-0.033700	-5.769330
-0.033600	-4.815720
-0.033500	-0.524484
-0.033400	0.429124
-0.033300	-3.862110
-0.033200	-3.385310
-0.033100	0.429124
-0.033000	3.289950
-0.032900	1.382730
-0.032800	1.859540
-0.032700	5.197160
-0.032600	1.859540
-0.032500	-3.385310
-0.032400	-8.153350
-0.032300	-1.478090
-0.032200	1.382730
-0.032100	3.289950
-0.032000	2.336340
-0.031900	2.336340
-0.031800	0.429124
-0.031700	1.859540
-0.031600	-1.478090
-0.031500	2.336340
-0.031400	5.673970
-0.031300	2.813140
-0.031200	-0.524484
-0.031100	1.382730
-0.031000	3.289950
-0.030900	4.243560
-0.030800	3.766750
-0.030700	5.197160
-0.030600	3.289950
-0.030500	1.382730
-0.030400	3.289950
-0.030300	2.336340
-0.030200	3.289950
-0.030100	9.011600
-0.030000	1.382730
-0.029900	-0.524484
-0.029800	-0.524484
-0.029700	-1.478090
-0.029600	-0.524484
-0.029500	3.289950
-0.029400	-3.385310
-0.029300	-4.815720
-0.029200	1.382730
-0.029100	0.429124
-0.029000	0.429124
-0.028900	-5.769330
-0.028800	-5.292520
-0.028700	1.382730
-0.028600	5.197160
-0.028500	0.429124
-0.028400	-4.338920
-0.028300	-1.954900
-0.028200	-1.954900
-0.028100	-3.385310
-0.028000	-0.524484
-0.027900	3.289950
-0.027800	1.382730
-0.027700	3.289950
-0.027600	6.150770
-0.027500	6.150770
-0.027400	2.336340
-0.027300	-0.047680
-0.027200	2.336340
-0.027100	6.150770
-0.027000	1.382730
-0.026900	1.382730
-0.026800	2.336340
-0.026700	3.289950
-0.026600	-1.478090
-0.026500	-4.338920
-0.026400	-6.246130
-0.026300	-6.246130
-0.026200	1.382730
-0.026100	1.859540
-0.026000	0.429124
-0.025900	-0.047680
-0.025800	-1.478090
-0.025700	-1.478090
-0.025600	-3.385310
-0.025500	-3.385310
-0.025400	-1.478090
-0.025300	1.382730
-0.025200	1.382730
-0.025100	2.336340
-0.025000	2.813140
-0.024900	-1.478090
-0.024800	3.289950
-0.024700	1.382730
-0.024600	-0.524484
-0.024500	1.382730
-0.024400	1.382730
-0.024300	-1.478090
-0.024200	0.429124
-0.024100	-3.385310
-0.024000	-5.292520
-0.023900	-5.292520
-0.023800	-1.001290
-0.023700	2.813140
-0.023600	-1.001290
-0.023500	-1.954900
-0.023400	0.429124
-0.023300	1.382730
-0.023200	1.859540
-0.023100	-4.338920
-0.023000	1.382730
-0.022900	2.336340
-0.022800	0.429124
-0.022700	-1.478090
-0.022600	-5.292520
-0.022500	2.336340
-0.022400	6.627580
-0.022300	-0.047680
-0.022200	1.859540
-0.022100	3.289950
-0.022000	2.336340
-0.021900	1.382730
-0.021800	-3.385310
-0.021700	-1.478090
-0.021600	1.382730
-0.021500	1.382730
-0.021400	5.673970
-0.021300	-1.954900
-0.021200	-5.292520
-0.021100	0.429124
-0.021000	-0.524484
-0.020900	-8.630150
-0.020800	0.429124
-0.020700	1.382730
-0.020600	-0.524484
-0.020500	-1.954900
-0.020400	-5.292520
-0.020300	-4.338920
-0.020200	-3.862110
-0.020100	-1.954900
-0.020000	0.905928
-0.019900	2.336340
-0.019800	1.382730
-0.019700	-0.524484
-0.019600	-1.001290
-0.019500	-2.431700
-0.019400	-2.431700
-0.019300	0.429124
-0.019200	-0.524484
-0.019100	-1.478090
-0.019000	-3.385310
-0.018900	-7.199740
-0.018800	-0.524484
-0.018700	-0.524484
-0.018600	-1.478090
-0.018500	2.336340
-0.018400	-0.047680
-0.018300	-3.385310
-0.018200	0.429124
-0.018100	0.905928
-0.018000	1.382730
-0.017900	-0.524484
-0.017800	1.859540
-0.017700	-1.954900
-0.017600	-4.338920
-0.017500	3.766750
-0.017400	-4.338920
-0.017300	-6.246130
-0.017200	3.289950
-0.017100	9.011600
-0.017000	3.289950
-0.016900	-0.524484
-0.016800	1.382730
-0.016700	-1.001290
-0.016600	-7.199740
-0.016500	-4.338920
-0.016400	1.859540
-0.016300	-0.524484
-0.016200	2.336340
-0.016100	1.382730
-0.016000	-1.954900
-0.015900	0.429124
-0.015800	1.382730
-0.015700	-0.524484
-0.015600	1.382730
-0.015500	-0.524484
-0.015400	-6.246130
-0.015300	-1.478090
-0.015200	-2.431700
-0.015100	-6.246130
-0.015000	-1.478090
-0.014900	-1.001290
-0.014800	4.243560
-0.014700	3.766750
-0.014600	-2.431700
-0.014500	0.905928
-0.014400	5.197160
-0.014300	6.150770
-0.014200	1.859540
-0.014100	-1.478090
-0.014000	-5.292520
-0.013900	3.289950
-0.013800	-1.478090
-0.013700	-0.524484
-0.013600	-0.047680
-0.013500	1.382730
-0.013400	1.382730
-0.013300	3.289950
-0.013200	3.289950
-0.013100	9.965200
-0.013000	6.150770
-0.012900	3.289950
-0.012800	4.243560
-0.012700	1.382730
-0.012600	1.382730
-0.012500	1.382730
-0.012400	3.289950
-0.012300	2.336340
-0.012200	-5.292520
-0.012100	-1.954900
-0.012000	-2.431700
-0.011900	-0.524484
-0.011800	1.382730
-0.011700	4.243560
-0.011600	-0.047680
-0.011500	-1.478090
-0.011400	-0.524484
-0.011300	-2.431700
-0.011200	-0.524484
-0.011100	1.382730
-0.011000	1.859540
-0.010900	1.382730
-0.010800	1.382730
-0.010700	1.382730
-0.010600	-0.047680
-0.010500	1.382730
-0.010400	4.243560
-0.010300	1.859540
-0.010200	-6.246130
-0.010100	0.429124
-0.010000	-0.047680
-0.009900	-4.815720
-0.009800	1.382730
-0.009700	3.289950
-0.009600	3.766750
-0.009500	-3.385310
-0.009400	-4.338920
-0.009300	-6.246130
-0.009200	-0.524484
-0.009100	6.627580
-0.009000	9.011600
-0.008900	7.104380
-0.008800	1.382730
-0.008700	0.429124
-0.008600	4.243560
-0.008500	9.011600
-0.008400	0.429124
-0.008300	-1.478090
-0.008200	0.429124
-0.008100	-1.001290
-0.008000	1.859540
-0.007900	4.243560
-0.007800	2.336340
-0.007700	-0.524484
-0.007600	-1.478090
-0.007500	1.382730
-0.007400	3.289950
-0.007300	2.336340
-0.007200	1.382730
-0.007100	1.382730
-0.007000	0.905928
-0.006900	1.859540
-0.006800	4.243560
-0.006700	1.859540
-0.006600	-0.047680
-0.006500	-4.338920
-0.006400	-3.385310
-0.006300	-6.246130
-0.006200	-8.153350
-0.006100	1.382730
-0.006000	3.289950
-0.005900	1.382730
-0.005800	-1.478090
-0.005700	-1.478090
-0.005600	2.336340
-0.005500	-1.954900
-0.005400	3.766750
-0.005300	5.673970
-0.005200	4.243560
-0.005100	1.382730
-0.005000	-0.047680
-0.004900	1.382730
-0.004800	3.289950
-0.004700	3.766750
-0.004600	-2.431700
-0.004500	-4.338920
-0.004400	-4.338920
-0.004300	-2.431700
-0.004200	-6.246130
-0.004100	-3.385310
-0.004000	-0.524484
-0.003900	-1.478090
-0.003800	-1.478090
-0.003700	-2.431700
-0.003600	-0.524484
-0.003500	0.429124
-0.003400	-0.524484
-0.003300	-3.385310
-0.003200	3.766750
-0.003100	2.336340
-0.003000	-1.478090
-0.002900	-2.431700
-0.002800	-7.199740
-0.002700	-6.246130
-0.002600	-2.431700
-0.002500	-6.722940
-0.002400	-2.431700
-0.002300	-1.954900
-0.002200	-2.431700
-0.002100	-1.478090
-0.002000	-0.524484
-0.001900	5.673970
-0.001800	-2.431700
-0.001700	-0.524484
-0.001600	1.382730
-0.001500	-0.047680
-0.001400	-0.047680
-0.001300	-1.478090
-0.001200	-2.431700
-0.001100	-3.385310
-0.001000	0.429124
-0.000900	0.429124
-0.000800	2.336340
-0.000700	-0.524484
-0.000600	-0.524484
-0.000500	-0.524484
-0.000400	-1.954900
-0.000300	-7.676540
-0.000200	-6.722940
-0.000100	0.429124
0.000000	1.382730
0.000100	0.429124
0.000200	-0.047680
0.000300	-2.431700
0.000400	-3.385310
0.000500	-3.862110
0.000600	-0.524484
0.000700	-0.047680
0.000800	0.429124
0.000900	3.289950
0.001000	1.859540
0.001100	-3.385310
0.001200	-6.246130
0.001300	-4.815720
0.001400	-7.199740
0.001500	-3.385310
0.001600	-7.199740
0.001700	-8.153350
0.001800	-5.769330
0.001900	-6.246130
0.002000	-7.199740
0.002100	-4.338920
0.002200	-4.815720
0.002300	3.289950
0.002400	7.581180
0.002500	1.382730
0.002600	-5.292520
0.002700	-4.338920
0.002800	-1.478090
0.002900	-7.199740
0.003000	-8.153350
0.003100	-0.524484
0.003200	-5.292520
0.003300	-7.199740
0.003400	-3.385310
0.003500	0.429124
0.003600	-0.524484
0.003700	-2.431700
0.003800	-6.246130
0.003900	-5.769330
0.004000	-6.246130
0.004100	-0.047680
0.004200	2.336340
0.004300	0.429124
0.004400	-0.524484
0.004500	-4.338920
0.004600	-9.106960
0.004700	-3.862110
0.004800	-0.524484
0.004900	-1.478090
0.005000	2.336340
0.005100	-3.862110
0.005200	-6.246130
0.005300	-3.385310
0.005400	-8.153350
0.005500	-9.583760
0.005600	-2.431700
0.005700	-1.001290
0.005800	-6.246130
0.005900	-7.676540
0.006000	-2.908500
0.006100	-0.047680
0.006200	1.382730
0.006300	1.859540
0.006400	-1.954900
0.006500	-5.292520
0.006600	-0.524484
0.006700	-1.954900
0.006800	-3.862110
0.006900	-0.524484
0.007000	2.336340
0.007100	5.197160
0.007200	0.905928
0.007300	0.429124
0.007400	1.859540
0.007500	-0.524484
0.007600	-6.246130
0.007700	-9.106960
0.007800	-4.338920
0.007900	2.336340
0.008000	2.336340
0.008100	-0.524484
0.008200	-4.338920
0.008300	-7.676540
0.008400	-1.478090
0.008500	1.382730
0.008600	-3.385310
0.008700	-2.908500
0.008800	-2.431700
0.008900	2.336340
0.009000	6.150770
0.009100	-1.478090
0.009200	-8.153350
0.009300	-8.630150
0.009400	-3.385310
0.009500	-2.431700
0.009600	-1.001290
0.009700	-4.815720
0.009800	-7.199740
0.009900	0.429124
0.010000	3.289950
0.010100	1.382730
0.010200	-3.862110
0.010300	-1.001290
0.010400	-0.524484
0.010500	-3.862110
0.010600	0.429124
0.010700	1.382730
0.010800	1.382730
0.010900	-1.478090
0.011000	0.429124
0.011100	-1.954900
0.011200	-9.583760
0.011300	-7.199740
0.011400	-0.524484
0.011500	-4.338920
0.011600	0.905928
0.011700	-0.524484
0.011800	-0.047680
0.011900	3.766750
0.012000	3.289950
0.012100	9.965200
0.012200	6.150770
0.012300	-3.385310
0.012400	0.429124
0.012500	9.011600
0.012600	4.720360
0.012700	3.766750
0.012800	7.104380
0.012900	5.197160
0.013000	1.382730
0.013100	4.243560
0.013200	1.382730
0.013300	-3.385310
0.013400	-4.815720
0.013500	2.336340
0.013600	1.382730
0.013700	4.243560
0.013800	6.627580
0.013900	5.197160
0.014000	15.210000
0.014100	13.302800
0.014200	5.197160
0.014300	10.918800
0.014400	9.965200
0.014500	9.011600
0.014600	22.838900
0.014700	24.269300
0.014800	16.640499
0.014900	17.117300
0.015000	9.488400
0.015100	3.289950
0.015200	9.965200
0.015300	10.918800
0.015400	14.733200
0.015500	22.838900
0.015600	19.024500
0.015700	16.163700
0.015800	13.779600
0.015900	8.057990
0.016000	3.766750
0.016100	4.243560
0.016200	13.302800
0.016300	16.640499
0.016400	18.070900
0.016500	20.454901
0.016600	12.826000
0.016700	8.534790
0.016800	-1.478090
0.016900	-5.292520
0.017000	-0.524484
0.017100	2.813140
0.017200	5.197160
0.017300	8.057990
0.017400	2.336340
0.017500	-4.338920
0.017600	-10.060600
0.017700	-13.875000
0.017800	-16.735800
0.017900	-18.643000
0.018000	-13.875000
0.018100	-1.478090
0.018200	9.488400
0.018300	6.627580
0.018400	5.673970
0.018500	9.965200
0.018600	7.104380
0.018700	5.197160
0.018800	9.011600
0.018900	14.733200
0.019000	14.733200
0.019100	15.686900
0.019200	10.918800
0.019300	2.336340
0.019400	-7.676540
0.019500	-10.060600
0.019600	1.382730
0.019700	1.382730
0.019800	2.336340
0.019900	5.673970
0.020000	8.057990
0.020100	9.488400
0.020200	4.720360
0.020300	-0.524484
0.020400	-5.769330
0.020500	-1.478090
0.020600	5.197160
0.020700	10.918800
0.020800	14.733200
0.020900	16.640499
0.021000	23.792500
0.021100	9.488400
0.021200	6.150770
0.021300	18.547701
0.021400	33.805401
0.021500	40.480701
0.021600	37.143002
0.021700	25.222900
0.021800	19.501301
0.021900	9.965200
0.022000	8.057990
0.022100	12.826000
0.022200	15.686900
0.022300	22.362101
0.022400	28.560600
0.022500	18.070900
0.022600	11.872400
0.022700	17.594101
0.022800	20.454901
0.022900	28.083799
0.023000	29.037399
0.023100	22.838900
0.023200	21.408501
0.023300	24.269300
0.023400	17.117300
0.023500	12.826000
0.023600	14.256400
0.023700	15.686900
0.023800	20.931700
0.023900	20.454901
0.024000	14.733200
0.024100	14.733200
0.024200	10.918800
0.024300	7.581180
0.024400	10.442000
0.024500	12.826000
0.024600	9.011600
0.024700	-11.014200
0.024800	-23.887899
0.024900	-16.735800
0.025000	-13.875000
0.025100	-5.292520
0.025200	2.813140
0.025300	3.289950
0.025400	3.289950
0.025500	5.197160
0.025600	1.382730
0.025700	5.197160
0.025800	6.150770
0.025900	9.011600
0.026000	15.686900
0.026100	12.826000
0.026200	0.429124
0.026300	-6.246130
0.026400	-11.014200
0.026500	-7.676540
0.026600	-1.001290
0.026700	7.104380
0.026800	6.150770
0.026900	-4.338920
0.027000	-9.583760
0.027100	-8.153350
0.027200	-6.246130
0.027300	1.382730
0.027400	4.243560
0.027500	9.488400
0.027600	16.640499
0.027700	17.594101
0.027800	11.872400
0.027900	1.382730
0.028000	-0.524484
0.028100	5.197160
0.028200	6.150770
0.028300	9.011600
0.028400	14.733200
0.028500	44.295101
0.028600	74.810501
0.028700	58.122398
0.028800	25.222900
0.028900	24.269300
0.029000	31.898199
0.029100	24.269300
0.029200	21.408501
0.029300	18.547701
0.029400	12.826000
0.029500	13.779600
0.029600	13.779600
0.029700	12.826000
0.029800	12.826000
0.029900	3.289950
0.030000	-2.431700
0.030100	-6.246130
0.030200	-7.199740
0.030300	-1.478090
0.030400	2.336340
0.030500	8.057990
0.030600	10.918800
0.030700	7.581180
0.030800	10.918800
0.030900	13.302800
0.031000	3.289950
0.031100	-1.478090
0.031200	8.057990
0.031300	1.382730
0.031400	-5.769330
0.031500	-1.478090
0.031600	2.813140
0.031700	0.429124
0.031800	-6.246130
0.031900	-1.478090
0.032000	4.243560
0.032100	3.766750
0.032200	1.859540
0.032300	5.673970
0.032400	5.197160
0.032500	-5.769330
0.032600	-9.106960
0.032700	-1.478090
0.032800	2.336340
0.032900	1.859540
0.033000	5.197160
0.033100	6.627580
0.033200	5.673970
0.033300	-3.862110
0.033400	-3.862110
0.033500	1.859540
0.033600	3.289950
0.033700	-1.954900
0.033800	1.382730
0.033900	4.720360
0.034000	1.382730
0.034100	-0.524484
0.034200	2.336340
0.034300	8.534790
0.034400	11.395600
0.034500	12.826000
0.034600	12.826000
0.034700	1.859540
0.034800	-2.431700
0.034900	1.382730
0.035000	-3.385310
0.035100	-6.246130
0.035200	-5.769330
0.035300	-5.769330
0.035400	1.382730
0.035500	7.104380
0.035600	1.859540
0.035700	-4.338920
0.035800	-8.153350
0.035900	-8.153350
0.036000	3.289950
0.036100	4.243560
0.036200	-1.478090
0.036300	-3.862110
0.036400	-9.106960
0.036500	-3.862110
0.036600	0.429124
0.036700	6.150770
0.036800	11.395600
0.036900	9.011600
0.037000	2.336340
0.037100	10.918800
0.037200	1.382730
0.037300	4.243560
0.037400	16.640499
0.037500	20.454901
0.037600	19.024500
0.037700	20.931700
0.037800	21.408501
0.037900	19.501301
0.038000	16.640499
0.038100	12.826000
0.038200	9.965200
0.038300	7.104380
0.038400	2.336340
0.038500	3.289950
0.038600	5.197160
0.038700	4.720360
0.038800	6.627580
0.038900	6.150770
0.039000	10.918800
0.039100	8.057990
0.039200	-3.862110
0.039300	-0.047680
0.039400	-4.338920
0.039500	-6.246130
0.039600	-3.385310
0.039700	1.382730
0.039800	1.859540
0.039900	-0.047680
0.040000	-6.246130
0.040100	-11.967800
0.040200	-13.875000
0.040300	-11.014200
0.040400	-0.047680
0.040500	8.057990
0.040600	9.965200
0.040700	3.289950
0.040800	-4.338920
0.040900	-7.199740
0.041000	1.382730
0.041100	5.197160
0.041200	8.057990
0.041300	8.534790
0.041400	4.243560
0.041500	3.766750
0.041600	1.382730
0.041700	-5.292520
0.041800	1.382730
0.041900	0.429124
0.042000	-0.047680
0.042100	5.673970
0.042200	2.336340
0.042300	3.289950
0.042400	2.813140
0.042500	-0.047680
0.042600	7.104380
0.042700	14.733200
0.042800	15.210000
0.042900	6.627580
0.043000	0.429124
0.043100	5.673970
0.043200	3.766750
0.043300	0.429124
0.043400	1.382730
0.043500	4.243560
0.043600	8.057990
0.043700	13.779600
0.043800	-0.524484
0.043900	-8.153350
0.044000	-6.246130
0.044100	-6.246130
0.044200	-1.001290
0.044300	-2.431700
0.044400	-4.338920
0.044500	-10.060600
0.044600	-6.722940
0.044700	9.965200
0.044800	8.057990
0.044900	2.336340
0.045000	12.826000
0.045100	13.779600
0.045200	3.766750
0.045300	3.289950
0.045400	2.813140
0.045500	-0.524484
0.045600	-7.199740
0.045700	-21.980700
0.045800	-29.132700
0.045900	-9.106960
0.046000	-8.153350
0.046100	-21.027100
0.046200	-24.364700
0.046300	-14.828600
0.046400	22.362101
0.046500	45.248699
0.046600	38.573399
0.046700	16.640499
0.046800	7.104380
0.046900	12.826000
0.047000	14.733200
0.047100	9.011600
0.047200	5.673970
0.047300	2.336340
0.047400	-0.047680
0.047500	-21.503901
0.047600	-19.119801
0.047700	-0.047680
0.047800	-11.014200
0.047900	-18.643000
0.048000	-28.179100
0.048100	-35.807999
0.048200	-2.431700
0.048300	9.011600
0.048400	-32.947201
0.048500	-257.522003
0.048600	-277.071014
0.048700	261.717987
0.048800	284.127991
0.048900	54.307999
0.049000	36.189400
0.049100	-17.689400
0.049200	-64.416199
0.049300	44.295101
0.049400	90.068298
0.049500	31.898199
0.049600	-54.880100
0.049700	-48.204899
0.049800	73.856903
0.049900	87.207497
0.050000	25.222900
0.050100	-1.478090
0.050200	6.150770
0.050300	7.104380
0.050400	22.362101
0.050500	30.467800
0.050600	15.686900
0.050700	12.826000
0.050800	10.442000
0.050900	1.382730
0.051000	2.813140
0.051100	6.627580
0.051200	6.150770
0.051300	1.382730
0.051400	-5.292520
0.051500	-7.676540
0.051600	-4.815720
0.051700	0.429124
0.051800	-8.630150
0.051900	-11.967800
0.052000	-10.060600
0.052100	-7.676540
0.052200	-1.001290
0.052300	3.766750
0.052400	8.057990
0.052500	6.150770
0.052600	3.289950
0.052700	1.382730
0.052800	10.442000
0.052900	19.024500
0.053000	18.070900
0.053100	19.024500
0.053200	12.826000
0.053300	3.289950
0.053400	3.289950
0.053500	-3.862110
0.053600	-7.676540
0.053700	-0.524484
0.053800	-13.398200
0.053900	-26.748699
0.054000	-22.934299
0.054100	-22.934299
0.054200	-28.179100
0.054300	-19.596600
0.054400	-16.735800
0.054500	-11.967800
0.054600	-11.014200
0.054700	-7.199740
0.054800	-166.451996
0.054900	-637.534973
0.055000	-61.555401
0.055100	552.091003
0.055200	208.315994
0.055300	-31.516701
0.055400	36.189400
0.055500	36.666199
0.055600	-8.153350
0.055700	-11.491000
0.055800	2.336340
0.055900	7.104380
0.056000	5.197160
0.056100	3.766750
0.056200	9.011600
0.056300	9.965200
0.056400	10.442000
0.056500	22.838900
0.056600	41.911098
0.056700	34.758999
0.056800	16.640499
0.056900	12.826000
0.057000	10.918800
0.057100	9.011600
0.057200	11.395600
0.057300	9.965200
0.057400	11.872400
0.057500	13.779600
0.057600	12.826000
0.057700	7.104380
0.057800	-2.431700
0.057900	-8.153350
0.058000	-6.246130
0.058100	-6.246130
0.058200	1.382730
0.058300	14.733200
0.058400	16.640499
0.058500	36.666199
0.058600	55.738400
0.058700	34.758999
0.058800	6.627580
0.058900	-11.967800
0.059000	-56.787399
0.059100	-74.429100
0.059200	-29.132700
0.059300	2.336340
0.059400	-1.478090
0.059500	-6.246130
0.059600	-11.014200
0.059700	-26.271900
0.059800	-17.689400
0.059900	-1.954900
0.060000	-0.524484
0.060100	-3.385310
0.060200	-5.292520
0.060300	-21.503901
0.060400	-1.954900
0.060500	47.155899
0.060600	73.856903
0.060700	42.387901
0.060800	6.150770
0.060900	-3.385310
0.061000	2.813140
0.061100	6.150770
0.061200	7.104380
0.061300	4.243560
0.061400	-0.524484
0.061500	-2.908500
0.061600	-9.106960
0.061700	-12.444600
0.061800	9.488400
0.061900	67.181702
0.062000	73.856903
0.062100	16.640499
0.062200	-3.862110
0.062300	9.965200
0.062400	29.990999
0.062500	50.016701
0.062600	39.050201
0.062700	20.454901
0.062800	7.581180
0.062900	1.859540
0.063000	22.362101
0.063100	31.421400
0.063200	13.779600
0.063300	1.382730
0.063400	2.336340
0.063500	-1.478090
0.063600	-11.491000
0.063700	-11.014200
0.063800	-13.875000
0.063900	-13.875000
0.064000	-15.782200
0.064100	-15.305400
0.064200	-20.073400
0.064300	-22.457500
0.064400	10.918800
0.064500	39.527100
0.064600	26.176500
0.064700	12.826000
0.064800	12.826000
0.064900	8.534790
0.065000	7.104380
0.065100	7.581180
0.065200	7.104380
0.065300	7.104380
0.065400	4.243560
0.065500	-0.524484
0.065600	-5.292520
0.065700	-8.153350
0.065800	0.429124
0.065900	9.965200
0.066000	8.534790
0.066100	6.150770
0.066200	-0.524484
0.066300	-6.246130
0.066400	-5.292520
0.066500	-6.246130
0.066600	-6.246130
0.066700	-8.153350
0.066800	-12.444600
0.066900	-11.491000
0.067000	-11.491000
0.067100	-11.014200
0.067200	-2.431700
0.067300	3.289950
0.067400	-2.431700
0.067500	-3.385310
0.067600	-4.815720
0.067700	-12.921400
0.067800	-11.014200
0.067900	-0.524484
0.068000	18.547701
0.068100	56.215199
0.068200	55.738400
0.068300	21.408501
0.068400	9.011600
0.068500	5.197160
0.068600	2.813140
0.068700	4.243560
0.068800	5.197160
0.068900	6.150770
0.069000	8.057990
0.069100	7.104380
0.069200	5.197160
0.069300	-3.862110
0.069400	-7.676540
0.069500	-3.862110
0.069600	-0.047680
0.069700	-0.524484
0.069800	-3.862110
0.069900	-4.338920
0.070000	3.766750
0.070100	6.150770
0.070200	3.289950
0.070300	6.150770
0.070400	3.289950
0.070500	0.429124
0.070600	5.197160
0.070700	1.382730
0.070800	-1.954900
0.070900	-1.478090
0.071000	-0.524484
0.071100	1.382730
0.071200	-1.478090
0.071300	0.905928
0.071400	4.720360
0.071500	2.336340
0.071600	-7.199740
0.071700	-11.967800
0.071800	-4.338920
0.071900	5.197160
0.072000	4.243560
0.072100	-3.862110
0.072200	-3.385310
0.072300	4.243560
0.072400	6.627580
0.072500	4.243560
0.072600	9.488400
0.072700	12.826000
0.072800	6.150770
0.072900	-0.047680
0.073000	3.289950
0.073100	3.289950
0.073200	-27.225500
0.073300	-52.972900
0.073400	39.527100
0.073500	63.367298
0.073600	7.104380
0.073700	-4.338920
0.073800	3.766750
0.073900	0.429124
0.074000	-5.292520
0.074100	-2.431700
0.074200	1.382730
0.074300	-1.954900
0.074400	-1.478090
0.074500	-3.862110
0.074600	-7.676540
0.074700	-5.292520
0.074800	-1.478090
0.074900	-0.524484
0.075000	-2.431700
0.075100	-1.478090
0.075200	-1.478090
0.075300	2.336340
0.075400	2.336340
0.075500	8.534790
0.075600	6.627580
0.075700	1.382730
0.075800	2.813140
0.075900	3.289950
0.076000	3.289950
0.076100	-0.524484
0.076200	-1.478090
0.076300	3.766750
0.076400	7.104380
0.076500	1.382730
0.076600	-4.815720
0.076700	-13.875000
0.076800	2.336340
0.076900	13.779600
0.077000	2.336340
0.077100	-4.338920
0.077200	1.382730
0.077300	-2.431700
0.077400	0.429124
0.077500	9.011600
0.077600	10.918800
0.077700	2.336340
0.077800	-0.524484
0.077900	0.429124
0.078000	3.289950
0.078100	6.150770
0.078200	1.859540
0.078300	0.905928
0.078400	2.336340
0.078500	1.382730
0.078600	-0.524484
0.078700	-3.385310
0.078800	-2.431700
0.078900	-5.292520
0.079000	-9.583760
0.079100	-6.246130
0.079200	-3.862110
0.079300	-1.478090
0.079400	9.965200
0.079500	14.733200
0.079600	3.289950
0.079700	-1.478090
0.079800	-4.338920
0.079900	-8.153350
0.080000	-4.815720
0.080100	-1.001290
0.080200	5.197160
0.080300	2.813140
0.080400	-2.431700
0.080500	1.382730
0.080600	9.965200
0.080700	6.150770
0.080800	5.197160
0.080900	1.382730
0.081000	2.336340
0.081100	2.813140
0.081200	0.429124
0.081300	9.011600
0.081400	16.163700
0.081500	2.813140
0.081600	-0.524484
0.081700	2.336340
0.081800	-2.431700
0.081900	-6.722940
0.082000	-8.630150
0.082100	-7.676540
0.082200	-1.001290
0.082300	-1.478090
0.082400	-2.431700
0.082500	-2.431700
0.082600	-11.967800
0.082700	-16.259001
0.082800	-5.292520
0.082900	8.057990
0.083000	9.011600
0.083100	2.336340
0.083200	7.104380
0.083300	15.210000
0.083400	9.011600
0.083500	4.243560
0.083600	6.150770
0.083700	2.813140
0.083800	7.104380
0.083900	7.104380
0.084000	3.289950
0.084100	-1.478090
0.084200	-2.431700
0.084300	-1.001290
0.084400	0.905928
0.084500	-1.478090
0.084600	-0.524484
0.084700	-0.047680
0.084800	-6.246130
0.084900	-6.246130
0.085000	-1.954900
0.085100	-1.954900
0.085200	1.382730
0.085300	5.197160
0.085400	11.872400
0.085500	11.872400
0.085600	9.965200
0.085700	8.057990
0.085800	7.104380
0.085900	7.581180
0.086000	6.150770
0.086100	4.243560
0.086200	5.673970
0.086300	3.766750
0.086400	-1.478090
0.086500	-4.338920
0.086600	-11.014200
0.086700	-19.596600
0.086800	-0.047680
0.086900	13.302800
0.087000	-3.862110
0.087100	-9.106960
0.087200	-6.246130
0.087300	-4.338920
0.087400	2.336340
0.087500	2.336340
0.087600	-5.292520
0.087700	0.429124
0.087800	2.336340
0.087900	9.011600
0.088000	9.011600
0.088100	3.289950
0.088200	0.905928
0.088300	2.336340
0.088400	7.581180
0.088500	9.488400
0.088600	3.289950
0.088700	-0.524484
0.088800	-2.431700
0.088900	-7.199740
0.089000	-5.292520
0.089100	1.382730
0.089200	-1.954900
0.089300	-5.769330
0.089400	3.289950
0.089500	6.150770
0.089600	-3.862110
0.089700	-10.537400
0.089800	-13.875000
0.089900	-10.060600
0.090000	-8.153350
0.090100	-11.014200
0.090200	-11.014200
0.090300	-12.444600
0.090400	-16.259001
0.090500	-8.153350
0.090600	-6.246130
0.090700	-5.769330
0.090800	-1.001290
0.090900	0.429124
0.091000	-0.524484
0.091100	0.905928
0.091200	-1.001290
0.091300	5.197160
0.091400	12.826000
0.091500	2.336340
0.091600	-11.014200
0.091700	-13.875000
0.091800	-4.338920
0.091900	4.243560
0.092000	-6.246130
0.092100	-9.583760
0.092200	-5.292520
0.092300	-5.769330
0.092400	-6.722940
0.092500	-5.292520
0.092600	-6.246130
0.092700	-6.246130
0.092800	-2.431700
0.092900	1.382730
0.093000	1.859540
0.093100	10.918800
0.093200	21.408501
0.093300	17.594101
0.093400	14.733200
0.093500	19.978100
0.093600	17.117300
0.093700	13.302800
0.093800	12.826000
0.093900	9.011600
0.094000	5.197160
0.094100	2.336340
0.094200	-2.431700
0.094300	-4.338920
0.094400	-2.431700
0.094500	-0.524484
0.094600	-2.431700
0.094700	-3.862110
0.094800	-10.060600
0.094900	-5.769330
0.095000	0.429124
0.095100	-4.338920
0.095200	-1.001290
0.095300	-0.047680
0.095400	1.859540
0.095500	8.057990
0.095600	4.720360
0.095700	2.813140
0.095800	9.011600
0.095900	9.011600
0.096000	6.627580
0.096100	12.826000
0.096200	14.733200
0.096300	6.150770
0.096400	-0.047680
0.096500	1.382730
0.096600	9.488400
0.096700	11.395600
0.096800	6.150770
0.096900	4.243560
0.097000	1.382730
0.097100	-4.815720
0.097200	-8.153350
0.097300	-8.630150
0.097400	-2.431700
0.097500	4.243560
0.097600	-4.338920
0.097700	-19.119801
0.097800	-16.735800
0.097900	-9.106960
0.098000	-11.014200
0.098100	-15.782200
0.098200	-9.583760
0.098300	0.429124
0.098400	18.547701
0.098500	42.387901
0.098600	29.990999
0.098700	9.965200
0.098800	6.150770
0.098900	7.104380
0.099000	7.104380
0.099100	0.429124
0.099200	-6.246130
0.099300	-1.478090
0.099400	1.382730
0.099500	1.382730
0.099600	-2.431700
0.099700	-2.431700
0.099800	1.382730
0.099900	1.382730
0.100000	-3.385310
0.100100	-3.862110
0.100200	-2.431700
0.100300	-0.524484
0.100400	7.581180
0.100500	9.011600
0.100600	1.382730
0.100700	-1.001290
0.100800	-2.431700
0.100900	-3.385310
0.101000	3.766750
0.101100	4.720360
0.101200	23.792500
0.101300	31.898199
0.101400	13.779600
0.101500	2.336340
0.101600	-0.524484
0.101700	-0.524484
0.101800	4.243560
0.101900	3.289950
0.102000	-3.862110
0.102100	-1.478090
0.102200	-3.862110
0.102300	-1.954900
0.102400	-3.862110
0.102500	-3.385310
0.102600	-2.431700
0.102700	-3.862110
0.102800	-4.815720
0.102900	-4.815720
0.103000	-3.385310
0.103100	1.382730
0.103200	1.382730
0.103300	1.382730
0.103400	10.918800
0.103500	13.302800
0.103600	1.859540
0.103700	-10.060600
0.103800	-14.828600
0.103900	-9.583760
0.104000	-11.967800
0.104100	-6.246130
0.104200	29.037399
0.104300	39.527100
0.104400	16.640499
0.104500	1.382730
0.104600	-7.676540
0.104700	-12.921400
0.104800	-3.385310
0.104900	2.336340
0.105000	2.336340
0.105100	1.382730
0.105200	-1.478090
0.105300	-3.385310
0.105400	-4.815720
0.105500	-9.106960
0.105600	-6.246130
0.105700	0.429124
0.105800	1.859540
0.105900	5.197160
0.106000	3.766750
0.106100	2.336340
0.106200	5.197160
0.106300	2.813140
0.106400	-0.524484
0.106500	-3.862110
0.106600	-1.954900
0.106700	1.382730
0.106800	-6.246130
0.106900	-11.967800
0.107000	-6.246130
0.107100	-4.338920
0.107200	-5.292520
0.107300	-8.153350
0.107400	-6.246130
0.107500	-0.524484
0.107600	-0.524484
0.107700	-6.246130
0.107800	-2.431700
0.107900	3.289950
0.108000	1.859540
0.108100	9.011600
0.108200	15.210000
0.108300	11.872400
0.108400	12.826000
0.108500	6.627580
0.108600	-5.292520
0.108700	-11.014200
0.108800	-13.398200
0.108900	-11.967800
0.109000	-9.106960
0.109100	-14.828600
0.109200	-21.980700
0.109300	-17.689400
0.109400	12.826000
0.109500	39.527100
0.109600	19.501301
0.109700	-4.338920
0.109800	-8.630150
0.109900	-2.431700
0.110000	1.382730
0.110100	-0.524484
0.110200	-1.954900
0.110300	-0.047680
0.110400	-2.431700
0.110500	-6.246130
0.110600	-1.954900
0.110700	6.150770
0.110800	9.011600
0.110900	7.581180
0.111000	7.104380
0.111100	9.011600
0.111200	5.197160
0.111300	-1.478090
0.111400	-0.047680
0.111500	1.382730
0.111600	1.859540
0.111700	4.243560
0.111800	-3.385310
0.111900	-5.292520
0.112000	-1.001290
0.112100	-3.862110
0.112200	-1.478090
0.112300	-4.338920
0.112400	-7.199740
0.112500	-6.246130
0.112600	-3.385310
0.112700	-1.478090
0.112800	-2.431700
0.112900	-0.524484
0.113000	1.382730
0.113100	7.104380
0.113200	11.872400
0.113300	9.011600
0.113400	6.150770
0.113500	1.382730
0.113600	-3.385310
0.113700	0.905928
0.113800	1.382730
0.113900	4.243560
0.114000	2.336340
0.114100	-8.153350
0.114200	-10.060600
0.114300	-7.199740
0.114400	-8.153350
0.114500	-10.060600
0.114600	-16.735800
0.114700	-24.364700
0.114800	-22.934299
0.114900	-20.073400
0.115000	-12.444600
0.115100	-10.060600
0.115200	-13.875000
0.115300	-16.259001
0.115400	-12.921400
0.115500	-3.385310
0.115600	-1.478090
0.115700	-1.478090
0.115800	4.243560
0.115900	4.243560
0.116000	-5.292520
0.116100	-8.153350
0.116200	-8.153350
0.116300	-6.246130
0.116400	-6.246130
0.116500	-7.199740
0.116600	-4.815720
0.116700	-8.153350
0.116800	-7.676540
0.116900	-6.246130
0.117000	-10.060600
0.117100	-6.722940
0.117200	-9.583760
0.117300	-7.199740
0.117400	0.429124
0.117500	-1.954900
0.117600	-8.153350
0.117700	-8.630150
0.117800	-8.153350
0.117900	-5.292520
0.118000	1.382730
0.118100	9.488400
0.118200	16.640499
0.118300	16.640499
0.118400	13.779600
0.118500	16.640499
0.118600	17.117300
0.118700	10.918800
0.118800	-0.524484
0.118900	-5.292520
0.119000	-1.478090
0.119100	-4.338920
0.119200	-11.967800
0.119300	-12.921400
0.119400	-11.967800
0.119500	-12.444600
0.119600	-14.351800
0.119700	-9.106960
0.119800	-5.292520
0.119900	-3.385310
0.120000	-7.199740
0.120100	-8.153350
0.120200	-7.199740
0.120300	-13.398200
0.120400	-5.292520
0.120500	2.813140
0.120600	2.336340
0.120700	2.336340
0.120800	4.243560
0.120900	4.243560
0.121000	5.197160
0.121100	5.673970
0.121200	6.150770
0.121300	4.243560
0.121400	2.336340
0.121500	5.197160
0.121600	9.011600
0.121700	9.011600
0.121800	5.197160
0.121900	7.581180
0.122000	3.289950
0.122100	-4.338920
0.122200	-6.246130
0.122300	-5.292520
0.122400	-0.524484
0.122500	-1.478090
0.122600	-4.338920
0.122700	-6.246130
0.122800	-6.246130
0.122900	-3.862110
0.123000	-1.478090
0.123100	1.382730
0.123200	5.673970
0.123300	6.627580
0.123400	1.382730
0.123500	-1.954900
0.123600	-4.338920
0.123700	2.336340
0.123800	6.150770
0.123900	6.150770
0.124000	12.826000
0.124100	16.640499
0.124200	19.024500
0.124300	11.872400
0.124400	-5.292520
0.124500	-9.583760
0.124600	-8.153350
0.124700	-11.014200
0.124800	-7.199740
0.124900	-8.153350
0.125000	-12.921400
0.125100	-10.060600
0.125200	-6.246130
0.125300	-7.676540
0.125400	-8.153350
0.125500	-8.153350
0.125600	-7.199740
0.125700	-4.338920
0.125800	-1.954900
0.125900	-4.338920
0.126000	-0.047680
0.126100	5.197160
0.126200	13.779600
0.126300	17.594101
0.126400	11.395600
0.126500	9.011600
0.126600	3.766750
0.126700	-3.862110
0.126800	-5.292520
0.126900	-10.060600
0.127000	-11.967800
0.127100	-13.875000
0.127200	-11.014200
0.127300	-4.338920
0.127400	-9.106960
0.127500	-13.398200
0.127600	-6.722940
0.127700	-7.199740
0.127800	-4.338920
0.127900	-4.338920
0.128000	-3.385310
0.128100	8.057990
0.128200	15.686900
0.128300	20.454901
0.128400	18.547701
0.128500	9.965200
0.128600	6.150770
0.128700	2.336340
0.128800	-0.047680
0.128900	-0.524484
0.129000	1.382730
0.129100	-0.047680
0.129200	-5.292520
0.129300	-11.014200
0.129400	-9.106960
0.129500	-11.014200
0.129600	-10.060600
0.129700	-11.014200
0.129800	-1.954900
0.129900	5.197160
0.130000	11.395600
0.130100	9.011600
0.130200	6.150770
0.130300	5.673970
0.130400	-1.478090
0.130500	-0.524484
0.130600	1.382730
0.130700	-0.524484
0.130800	-1.001290
0.130900	-2.431700
0.131000	-6.246130
0.131100	-7.199740
0.131200	-9.583760
0.131300	-6.246130
0.131400	-2.431700
0.131500	-4.815720
0.131600	1.859540
0.131700	9.965200
0.131800	5.197160
0.131900	2.813140
0.132000	-0.524484
0.132100	3.766750
0.132200	1.382730
0.132300	-4.338920
0.132400	-0.524484
0.132500	-1.478090
0.132600	-7.676540
0.132700	-8.153350
0.132800	-3.385310
0.132900	-7.199740
0.133000	-11.014200
0.133100	1.382730
0.133200	10.918800
0.133300	9.011600
0.133400	8.534790
0.133500	7.104380
0.133600	3.289950
0.133700	-0.524484
0.133800	-0.524484
0.133900	-0.047680
0.134000	-0.524484
0.134100	-5.292520
0.134200	-6.246130
0.134300	-6.246130
0.134400	-8.630150
0.134500	-9.106960
0.134600	-3.385310
0.134700	8.057990
0.134800	5.197160
0.134900	7.581180
0.135000	9.488400
0.135100	0.429124
0.135200	-0.524484
0.135300	-2.908500
0.135400	0.429124
0.135500	7.104380
0.135600	2.336340
0.135700	-7.676540
0.135800	-11.967800
0.135900	-10.060600
0.136000	-8.153350
0.136100	-3.385310
0.136200	4.243560
0.136300	9.488400
0.136400	8.057990
0.136500	5.673970
0.136600	-0.047680
0.136700	-0.524484
0.136800	1.382730
0.136900	-0.047680
0.137000	-7.199740
0.137100	-11.967800
0.137200	-11.014200
0.137300	-12.921400
0.137400	-11.014200
0.137500	-8.153350
0.137600	-0.047680
0.137700	1.382730
0.137800	1.859540
0.137900	6.150770
0.138000	3.289950
0.138100	-1.001290
0.138200	-2.431700
0.138300	-3.862110
0.138400	-4.338920
0.138500	-8.153350
0.138600	-11.967800
0.138700	-6.246130
0.138800	-5.292520
0.138900	-2.431700
0.139000	5.197160
0.139100	2.336340
0.139200	0.429124
0.139300	7.104380
0.139400	4.243560
0.139500	-0.524484
0.139600	-1.954900
0.139700	-1.478090
0.139800	-2.908500
0.139900	-3.385310
0.140000	-7.199740
0.140100	-5.292520
0.140200	-0.047680
0.140300	-1.478090
0.140400	3.289950
0.140500	7.581180
0.140600	6.150770
0.140700	7.104380
0.140800	3.766750
0.140900	-1.478090
0.141000	-6.246130
0.141100	-3.385310
0.141200	-6.246130
0.141300	-5.292520
0.141400	-5.769330
0.141500	-4.338920
0.141600	-0.524484
0.141700	1.382730
0.141800	5.673970
0.141900	6.150770
0.142000	1.382730
0.142100	-1.954900
0.142200	1.382730
0.142300	2.336340
0.142400	0.429124
0.142500	-8.153350
0.142600	-9.106960
0.142700	-9.106960
0.142800	-8.153350
0.142900	-0.524484
0.143000	3.289950
0.143100	3.289950
0.143200	4.720360
0.143300	1.382730
0.143400	-0.524484
0.143500	-1.001290
0.143600	-5.292520
0.143700	-3.385310
0.143800	-5.769330
0.143900	-11.014200
0.144000	-5.292520
0.144100	-2.431700
0.144200	-2.431700
0.144300	7.104380
0.144400	9.965200
0.144500	1.382730
0.144600	-1.954900
0.144700	-5.769330
0.144800	-4.338920
0.144900	1.382730
0.145000	-5.769330
0.145100	-4.338920
0.145200	-0.047680
0.145300	-2.431700
0.145400	-3.385310
0.145500	1.382730
0.145600	3.289950
0.145700	1.859540
0.145800	-0.047680
0.145900	2.813140
0.146000	5.197160
0.146100	-1.478090
0.146200	-3.385310
0.146300	-1.478090
0.146400	-1.478090
0.146500	-6.246130
0.146600	-6.246130
0.146700	-6.246130
0.146800	2.336340
0.146900	4.243560
0.147000	3.289950
0.147100	2.336340
0.147200	-1.478090
0.147300	-6.246130
0.147400	-6.722940
0.147500	-7.199740
0.147600	-7.676540
0.147700	-5.292520
0.147800	-4.815720
0.147900	1.382730
0.148000	1.382730
0.148100	0.429124
0.148200	2.336340
0.148300	-0.524484
0.148400	-1.954900
0.148500	-4.815720
0.148600	-3.862110
0.148700	-6.246130
0.148800	-4.815720
0.148900	-2.431700
0.149000	-6.246130
0.149100	-9.106960
0.149200	-5.292520
0.149300	-2.431700
0.149400	-0.047680
0.149500	1.382730
0.149600	0.429124
0.149700	-2.431700
0.149800	-3.862110
0.149900	-4.338920
0.150000	-5.769330
0.150100	-0.047680
0.150200	-5.292520
0.150300	-1.954900
0.150400	1.382730
0.150500	5.673970
0.150600	5.197160
0.150700	0.905928
0.150800	-3.862110
0.150900	-1.954900
0.151000	4.720360
0.151100	1.382730
0.151200	-1.478090
0.151300	-6.246130
0.151400	-6.246130
0.151500	-0.524484
0.151600	0.429124
0.151700	-2.908500
0.151800	-2.431700
0.151900	0.429124
0.152000	1.859540
0.152100	0.429124
0.152200	-4.338920
0.152300	-5.292520
0.152400	-6.246130
0.152500	-2.431700
0.152600	2.336340
0.152700	2.336340
0.152800	1.382730
0.152900	1.382730
0.153000	2.336340
0.153100	0.429124
0.153200	-7.199740
0.153300	-6.722940
0.153400	-0.524484
0.153500	-0.524484
0.153600	-1.478090
0.153700	-4.338920
0.153800	-1.478090
0.153900	-3.385310
0.154000	-6.246130
0.154100	-4.338920
0.154200	-4.815720
0.154300	-1.478090
0.154400	0.429124
0.154500	-4.338920
0.154600	-9.106960
0.154700	-3.385310
0.154800	-2.431700
0.154900	-8.153350
0.155000	-2.431700
0.155100	1.859540
0.155200	1.382730
0.155300	2.336340
0.155400	1.382730
0.155500	-2.431700
0.155600	-1.478090
0.155700	-5.292520
0.155800	-6.246130
0.155900	-3.862110
0.156000	-0.047680
0.156100	3.289950
0.156200	2.813140
0.156300	1.382730
0.156400	3.289950
0.156500	2.336340
0.156600	1.382730
0.156700	-2.431700
0.156800	-2.908500
0.156900	-0.524484
0.157000	-4.338920
0.157100	-1.954900
0.157200	3.289950
0.157300	3.289950
0.157400	2.813140
0.157500	1.382730
0.157600	-0.524484
0.157700	-0.047680
0.157800	-3.862110
0.157900	-1.954900
0.158000	-1.001290
0.158100	-6.246130
0.158200	-4.815720
0.158300	-0.524484
0.158400	2.336340
0.158500	5.197160
0.158600	7.104380
0.158700	1.859540
0.158800	-0.047680
0.158900	-2.431700
0.159000	-1.478090
0.159100	-1.954900
0.159200	-7.676540
0.159300	-3.385310
0.159400	2.813140
0.159500	1.382730
0.159600	-6.246130
0.159700	-4.338920
0.159800	-2.431700
0.159900	-3.385310
0.160000	1.859540
0.160100	-6.246130
0.160200	-9.106960
0.160300	-5.292520
0.160400	-1.001290
0.160500	6.150770
0.160600	5.197160
0.160700	1.382730
0.160800	1.859540
0.160900	2.336340
0.161000	1.382730
0.161100	-1.478090
0.161200	-5.292520
0.161300	-0.524484
0.161400	-0.047680
0.161500	-0.524484
0.161600	3.289950
0.161700	-1.954900
0.161800	-5.292520
0.161900	1.382730
0.162000	-1.954900
0.162100	-8.153350
0.162200	-6.246130
0.162300	-5.769330
0.162400	-7.676540
0.162500	-3.385310
0.162600	2.336340
0.162700	1.382730
0.162800	1.859540
0.162900	2.336340
0.163000	1.859540
0.163100	3.289950
0.163200	1.382730
0.163300	1.382730
0.163400	1.859540
0.163500	0.429124
0.163600	2.336340
0.163700	1.859540
0.163800	0.429124
0.163900	-0.047680
0.164000	0.429124
0.164100	1.382730
0.164200	-0.524484
0.164300	-3.862110
0.164400	-2.431700
0.164500	-0.524484
0.164600	9.011600
0.164700	13.779600
0.164800	7.104380
0.164900	4.720360
0.165000	-4.338920
0.165100	-5.292520
0.165200	3.289950
0.165300	-3.862110
0.165400	-4.338920
0.165500	3.289950
0.165600	2.336340
0.165700	-4.338920
0.165800	-8.153350
0.165900	-5.769330
0.166000	-5.769330
0.166100	-1.478090
0.166200	0.429124
0.166300	-1.478090
0.166400	-5.292520
0.166500	-4.338920
0.166600	-1.478090
0.166700	-0.524484
0.166800	-0.047680
0.166900	3.766750
0.167000	4.243560
0.167100	1.382730
0.167200	-1.478090
0.167300	0.429124
0.167400	2.813140
0.167500	-3.862110
0.167600	-5.292520
0.167700	-4.338920
0.167800	-0.524484
0.167900	2.813140
0.168000	-0.524484
0.168100	-8.153350
0.168200	-7.199740
0.168300	-1.478090
0.168400	-0.524484
0.168500	1.382730
0.168600	-0.524484
0.168700	-1.478090
0.168800	-1.478090
0.168900	1.382730
0.169000	-1.954900
0.169100	-1.954900
0.169200	1.859540
0.169300	1.382730
0.169400	-1.954900
0.169500	-2.431700
0.169600	-5.292520
0.169700	-8.153350
0.169800	-4.338920
0.169900	-8.153350
0.170000	-7.199740
0.170100	-0.047680
0.170200	0.429124
0.170300	-0.524484
0.170400	5.197160
0.170500	2.336340
0.170600	-5.292520
0.170700	-5.292520
0.170800	-3.862110
0.170900	-3.862110
0.171000	-6.722940
0.171100	-6.246130
0.171200	-1.954900
0.171300	-6.246130
0.171400	-2.431700
0.171500	1.859540
0.171600	-0.524484
0.171700	-0.047680
0.171800	0.429124
0.171900	-5.292520
0.172000	-1.954900
0.172100	-5.292520
0.172200	-2.431700
0.172300	1.382730
0.172400	-2.431700
0.172500	0.429124
0.172600	1.859540
0.172700	2.336340
0.172800	2.813140
0.172900	2.336340
0.173000	-1.478090
0.173100	-1.954900
0.173200	-5.292520
0.173300	-0.524484
0.173400	-1.001290
0.173500	-2.431700
0.173600	5.197160
0.173700	-0.524484
0.173800	-4.338920
0.173900	3.289950
0.174000	7.581180
0.174100	2.336340
0.174200	1.382730
0.174300	2.336340
0.174400	-0.524484
0.174500	-3.385310
0.174600	-1.954900
0.174700	-0.524484
0.174800	1.382730
0.174900	3.289950
0.175000	3.289950
0.175100	1.382730
0.175200	-0.047680
0.175300	0.429124
0.175400	-0.047680
0.175500	-1.478090
0.175600	-6.246130
0.175700	-3.385310
0.175800	-1.478090
0.175900	-5.769330
0.176000	-1.001290
0.176100	5.673970
0.176200	4.243560
0.176300	0.429124
0.176400	-0.524484
0.176500	-4.338920
0.176600	-2.431700
0.176700	-1.001290
0.176800	0.429124
0.176900	6.150770
0.177000	6.150770
0.177100	1.382730
0.177200	2.813140
0.177300	2.336340
0.177400	3.289950
0.177500	-0.524484
0.177600	-3.385310
0.177700	-1.954900
0.177800	-5.292520
0.177900	-0.524484
0.178000	5.673970
0.178100	0.905928
0.178200	0.429124
0.178300	3.289950
0.178400	2.336340
0.178500	1.859540
0.178600	2.336340
0.178700	-0.047680
0.178800	-0.524484
0.178900	-5.292520
0.179000	-3.385310
0.179100	-4.338920
0.179200	-5.292520
0.179300	-4.338920
0.179400	-5.292520
0.179500	-7.676540
0.179600	-3.862110
0.179700	-4.338920
0.179800	-1.478090
0.179900	5.197160
0.180000	2.336340
0.180100	-4.338920
0.180200	-4.338920
0.180300	-2.431700
0.180400	-0.047680
0.180500	-0.047680
0.180600	3.289950
0.180700	1.859540
0.180800	-3.385310
0.180900	-6.246130
0.181000	-2.908500
0.181100	-4.815720
0.181200	-3.385310
0.181300	-0.047680
0.181400	2.336340
0.181500	-6.246130
0.181600	-4.815720
0.181700	2.336340
0.181800	-0.524484
0.181900	-0.524484
0.182000	0.429124
0.182100	2.336340
0.182200	3.766750
0.182300	1.859540
0.182400	5.673970
0.182500	5.673970
0.182600	0.429124
0.182700	-0.524484
0.182800	1.382730
0.182900	0.905928
0.183000	-0.524484
0.183100	-0.047680
0.183200	-2.431700
0.183300	-1.954900
0.183400	2.813140
0.183500	1.382730
0.183600	0.429124
0.183700	0.429124
0.183800	-4.338920
0.183900	-5.292520
0.184000	-4.338920
0.184100	-5.769330
0.184200	-7.676540
0.184300	-5.292520
0.184400	1.382730
0.184500	0.429124
0.184600	-0.047680
0.184700	-1.001290
0.184800	-1.478090
0.184900	-4.338920
0.185000	-5.292520
0.185100	-8.153350
0.185200	-4.815720
0.185300	5.197160
0.185400	1.859540
0.185500	-1.001290
0.185600	2.336340
0.185700	6.150770
0.185800	3.289950
0.185900	-0.047680
0.186000	-5.292520
0.186100	-0.524484
0.186200	2.813140
0.186300	2.813140
0.186400	1.382730
0.186500	-4.338920
0.186600	-4.815720
0.186700	-1.954900
0.186800	1.382730
0.186900	0.429124
0.187000	-6.246130
0.187100	-6.722940
0.187200	-1.478090
0.187300	2.336340
0.187400	-0.524484
0.187500	-2.431700
0.187600	-1.478090
0.187700	-2.431700
0.187800	-5.292520
0.187900	-3.385310
0.188000	-0.524484
0.188100	-1.478090
0.188200	-0.047680
0.188300	1.859540
0.188400	-3.385310
0.188500	-5.292520
0.188600	-0.047680
0.188700	3.766750
0.188800	5.197160
0.188900	1.859540
0.189000	-4.338920
0.189100	-5.292520
0.189200	0.905928
0.189300	-0.524484
0.189400	-1.001290
0.189500	2.336340
0.189600	-2.431700
0.189700	-2.431700
0.189800	-0.047680
0.189900	-0.524484
0.190000	-0.524484
0.190100	-5.292520
0.190200	-6.246130
0.190300	-1.954900
0.190400	1.382730
0.190500	-1.478090
0.190600	-8.153350
0.190700	-9.106960
0.190800	-0.524484
0.190900	6.150770
0.191000	1.382730
0.191100	1.382730
0.191200	0.429124
0.191300	-0.524484
0.191400	0.429124
0.191500	2.813140
0.191600	3.766750
0.191700	4.243560
0.191800	-2.431700
0.191900	-3.385310
0.192000	-0.524484
0.192100	-0.524484
0.192200	-2.431700
0.192300	-3.862110
0.192400	-1.954900
0.192500	0.429124
0.192600	1.382730
0.192700	-3.385310
0.192800	-1.478090
0.192900	1.382730
0.193000	-3.385310
0.193100	-3.385310
0.193200	-0.524484
0.193300	-2.431700
0.193400	-2.431700
0.193500	-0.524484
0.193600	-4.338920
0.193700	-8.630150
0.193800	-7.199740
0.193900	0.429124
0.194000	4.243560
0.194100	-0.047680
0.194200	-1.954900
0.194300	2.813140
0.194400	2.336340
0.194500	2.813140
0.194600	-1.478090
0.194700	-0.524484
0.194800	2.813140
0.194900	-2.908500
0.195000	-3.385310
0.195100	-0.047680
0.195200	0.905928
0.195300	-1.478090
0.195400	0.429124
0.195500	3.766750
0.195600	1.382730
0.195700	-4.338920
0.195800	-0.524484
0.195900	1.382730
0.196000	-3.862110
0.196100	-6.246130
0.196200	-3.385310
0.196300	-4.338920
0.196400	-0.524484
0.196500	1.382730
0.196600	-0.047680
0.196700	1.382730
0.196800	2.813140
0.196900	-1.954900
0.197000	-0.524484
0.197100	-0.047680
0.197200	-0.047680
0.197300	3.766750
0.197400	5.673970
0.197500	-0.524484
0.197600	-0.047680
0.197700	-0.524484
0.197800	-1.954900
0.197900	-1.478090
0.198000	-2.431700
0.198100	-0.047680
0.198200	-6.246130
0.198300	-6.246130
0.198400	1.382730
0.198500	-3.862110
0.198600	-4.815720
0.198700	2.336340
0.198800	-2.431700
0.198900	-7.199740
0.199000	-3.385310
0.199100	1.382730
0.199200	-1.478090
0.199300	1.382730
0.199400	6.150770
0.199500	2.336340
0.199600	-0.524484
0.199700	-3.385310
0.199800	-0.524484
0.199900	1.382730
0.200000	-2.431700
0.200100	-2.431700
0.200200	-1.954900
0.200300	1.382730
0.200400	0.429124
0.200500	-6.246130
0.200600	-8.153350
0.200700	-2.431700
0.200800	-4.338920
0.200900	-0.524484
0.201000	1.382730
0.201100	0.429124
0.201200	-2.431700
0.201300	-4.338920
0.201400	-0.524484
0.201500	-4.338920
0.201600	-7.676540
0.201700	1.859540
0.201800	4.720360
0.201900	-1.954900
0.202000	-0.524484
0.202100	-0.524484
0.202200	-0.524484
0.202300	3.289950
0.202400	-0.524484
0.202500	-3.862110
0.202600	-1.478090
0.202700	-3.385310
0.202800	-3.862110
0.202900	-1.478090
0.203000	-0.047680
0.203100	-0.524484
0.203200	-4.815720
0.203300	-1.001290
0.203400	2.336340
0.203500	-1.478090
0.203600	-6.246130
0.203700	-7.199740
0.203800	-6.722940
0.203900	-5.292520
0.204000	-7.676540
0.204100	-6.722940
0.204200	-2.431700
0.204300	-2.431700
0.204400	-6.722940
0.204500	-2.431700
0.204600	2.336340
0.204700	3.289950
0.204800	-1.478090
0.204900	-3.385310
0.205000	-5.292520
0.205100	-6.246130
0.205200	-3.385310
0.205300	-3.862110
0.205400	-5.769330
0.205500	-0.524484
0.205600	-1.478090
0.205700	-7.199740
0.205800	-0.047680
0.205900	2.813140
0.206000	-2.431700
0.206100	2.336340
0.206200	2.813140
0.206300	-4.338920
0.206400	-4.815720
0.206500	1.859540
0.206600	9.011600
0.206700	9.488400
0.206800	2.336340
0.206900	-0.047680
0.207000	3.289950
0.207100	2.336340
0.207200	-0.047680
0.207300	-0.524484
0.207400	1.859540
0.207500	-2.908500
0.207600	-7.676540
0.207700	-2.431700
0.207800	-7.676540
0.207900	-6.246130
0.208000	1.382730
0.208100	0.429124
0.208200	-1.954900
0.208300	0.905928
0.208400	3.289950
0.208500	5.673970
0.208600	-0.524484
0.208700	-1.954900
0.208800	-1.001290
0.208900	-4.338920
0.209000	-6.246130
0.209100	-7.199740
0.209200	-3.862110
0.209300	0.429124
0.209400	3.289950
0.209500	-1.954900
0.209600	-3.385310
0.209700	1.382730
0.209800	2.813140
0.209900	-7.199740
0.210000	-4.815720
0.210100	1.382730
0.210200	-6.246130
0.210300	-11.491000
0.210400	-9.106960
0.210500	-1.478090
0.210600	5.197160
0.210700	-0.524484
0.210800	-2.431700
0.210900	-1.478090
0.211000	-4.338920
0.211100	-3.385310
0.211200	1.382730
0.211300	0.429124
0.211400	-0.047680
0.211500	-1.478090
0.211600	-4.338920
0.211700	-1.001290
0.211800	-1.954900
0.211900	-3.385310
0.212000	-0.047680
0.212100	-0.524484
0.212200	-1.478090
0.212300	0.429124
0.212400	-7.199740
0.212500	1.382730
0.212600	10.918800
0.212700	2.336340
0.212800	-6.246130
0.212900	-5.769330
0.213000	-3.385310
0.213100	2.336340
0.213200	1.382730
0.213300	-3.862110
0.213400	-1.954900
0.213500	-1.001290
0.213600	-7.199740
0.213700	-7.199740
0.213800	-0.524484
0.213900	1.382730
0.214000	-2.431700
0.214100	-4.338920
0.214200	-2.431700
0.214300	-2.431700
0.214400	-1.478090
0.214500	-0.524484
0.214600	-1.478090
0.214700	-1.954900
0.214800	-3.385310
0.214900	-0.524484
0.215000	2.336340
0.215100	-3.862110
0.215200	-3.862110
0.215300	1.859540
0.215400	-0.524484
0.215500	-1.478090
0.215600	-1.478090
0.215700	-5.292520
0.215800	-0.524484
0.215900	3.289950
0.216000	2.813140
0.216100	0.429124
0.216200	-7.199740
0.216300	-5.769330
0.216400	-3.862110
0.216500	-2.431700
0.216600	-1.954900
0.216700	-6.246130
0.216800	-9.106960
0.216900	-6.246130
0.217000	-8.153350
0.217100	-3.385310
0.217200	-0.524484
0.217300	-1.478090
0.217400	-2.431700
0.217500	-4.815720
0.217600	-3.385310
0.217700	1.382730
0.217800	3.289950
0.217900	3.289950
0.218000	1.382730
0.218100	-3.862110
0.218200	-6.246130
0.218300	-1.954900
0.218400	-4.338920
0.218500	-4.338920
0.218600	-0.047680
0.218700	-4.815720
0.218800	-1.478090
0.218900	1.859540
0.219000	-2.431700
0.219100	-4.815720
0.219200	-6.246130
0.219300	-2.431700
0.219400	-6.722940
0.219500	-10.060600
0.219600	-7.199740
0.219700	-2.431700
0.219800	0.429124
0.219900	-0.524484
0.220000	-4.338920
0.220100	-0.524484
0.220200	0.905928
0.220300	-0.524484
0.220400	0.429124
0.220500	5.197160
0.220600	8.057990
0.220700	5.197160
0.220800	1.382730
0.220900	-1.478090
0.221000	-3.385310
0.221100	-2.431700
0.221200	0.905928
0.221300	0.429124
0.221400	-0.047680
0.221500	1.382730
0.221600	0.429124
0.221700	-1.478090
0.221800	-5.292520
0.221900	-0.524484
0.222000	3.289950
0.222100	-2.431700
0.222200	-5.292520
0.222300	0.429124
0.222400	-2.431700
0.222500	-5.292520
0.222600	-0.047680
0.222700	-1.478090
0.222800	-1.478090
0.222900	-3.862110
0.223000	-5.292520
0.223100	-1.478090
0.223200	3.289950
0.223300	2.336340
0.223400	-2.431700
0.223500	-4.338920
0.223600	0.429124
0.223700	-1.478090
0.223800	0.429124
0.223900	-0.524484
0.224000	-1.478090
0.224100	-2.431700
0.224200	2.813140
0.224300	2.336340
0.224400	-1.954900
0.224500	1.859540
0.224600	4.243560
0.224700	-0.047680
0.224800	-1.478090
0.224900	-1.478090
0.225000	-0.047680
0.225100	1.382730
0.225200	-0.524484
0.225300	-6.246130
0.225400	-6.246130
0.225500	0.429124
0.225600	-0.524484
0.225700	-2.431700
0.225800	1.382730
0.225900	2.336340
0.226000	-5.292520
0.226100	-4.338920
0.226200	1.382730
0.226300	0.429124
0.226400	4.243560
0.226500	-0.524484
0.226600	-4.338920
0.226700	3.766750
0.226800	7.104380
0.226900	1.382730
0.227000	-0.047680
0.227100	-2.431700
0.227200	-2.431700
0.227300	1.382730
0.227400	-0.524484
0.227500	-4.338920
0.227600	-5.292520
0.227700	-3.385310
0.227800	-6.246130
0.227900	-11.967800
0.228000	-5.292520
0.228100	1.859540
0.228200	1.382730
0.228300	1.382730
0.228400	0.429124
0.228500	-3.862110
0.228600	-4.338920
0.228700	0.905928
0.228800	1.382730
0.228900	3.289950
0.229000	5.673970
0.229100	2.336340
0.229200	1.382730
0.229300	3.766750
0.229400	1.382730
0.229500	1.859540
0.229600	-1.478090
0.229700	-6.246130
0.229800	-7.199740
0.229900	-7.199740
0.230000	-3.385310
0.230100	-4.338920
0.230200	1.382730
0.230300	4.243560
0.230400	0.905928
0.230500	-0.524484
0.230600	-0.524484
0.230700	1.382730
0.230800	-1.478090
0.230900	-3.385310
0.231000	1.382730
0.231100	-1.001290
0.231200	-2.431700
0.231300	3.289950
0.231400	-1.478090
0.231500	-3.385310
0.231600	1.382730
0.231700	1.382730
0.231800	6.150770
0.231900	6.627580
0.232000	4.243560
0.232100	-1.478090
0.232200	-3.385310
0.232300	-6.722940
0.232400	-5.292520
0.232500	-6.246130
0.232600	-0.524484
0.232700	2.336340
0.232800	-0.047680
0.232900	-2.431700
0.233000	-0.524484
0.233100	-0.047680
0.233200	3.289950
0.233300	5.197160
0.233400	-0.524484
0.233500	-0.524484
0.233600	0.429124
0.233700	-1.954900
0.233800	-0.524484
0.233900	-0.047680
0.234000	2.336340
0.234100	2.336340
0.234200	4.720360
0.234300	3.766750
0.234400	-0.047680
0.234500	1.859540
0.234600	-0.047680
0.234700	-0.524484
0.234800	-1.001290
0.234900	-0.524484
0.235000	-2.908500
0.235100	-0.047680
0.235200	0.429124
0.235300	-1.478090
0.235400	-1.478090
0.235500	-4.338920
0.235600	-2.431700
0.235700	-3.385310
0.235800	-4.815720
0.235900	-1.478090
0.236000	0.905928
0.236100	1.382730
0.236200	1.859540
0.236300	2.813140
0.236400	-5.292520
0.236500	-5.292520
0.236600	-6.246130
0.236700	-7.199740
0.236800	-3.385310
0.236900	-5.292520
0.237000	1.382730
0.237100	8.057990
0.237200	4.243560
0.237300	1.382730
0.237400	-1.478090
0.237500	-3.385310
0.237600	-3.385310
0.237700	-3.385310
0.237800	-3.385310
0.237900	-2.431700
0.238000	-3.385310
0.238100	-3.385310
0.238200	1.382730
0.238300	5.197160
0.238400	4.243560
0.238500	1.382730
0.238600	-3.862110
0.238700	-0.524484
0.238800	2.813140
0.238900	2.813140
0.239000	6.150770
0.239100	1.382730
0.239200	-5.769330
0.239300	-2.431700
0.239400	2.336340
0.239500	1.382730
0.239600	0.429124
0.239700	-4.338920
0.239800	-4.338920
0.239900	3.289950
0.240000	1.382730
0.240100	-1.954900
0.240200	-2.908500
0.240300	2.336340
0.240400	1.382730
0.240500	-5.292520
0.240600	-3.862110
0.240700	0.429124
0.240800	1.382730
0.240900	1.859540
0.241000	1.382730
0.241100	3.289950
0.241200	3.766750
0.241300	-0.524484
0.241400	-2.908500
0.241500	-5.769330
0.241600	-7.676540
0.241700	-1.954900
0.241800	-5.292520
0.241900	-5.292520
0.242000	2.813140
0.242100	-3.862110
0.242200	-5.769330
0.242300	-1.478090
0.242400	-0.047680
0.242500	-1.001290
0.242600	1.382730
0.242700	-0.047680
0.242800	-3.385310
0.242900	-2.908500
0.243000	6.150770
0.243100	4.243560
0.243200	1.859540
0.243300	1.382730
0.243400	-0.524484
0.243500	-1.478090
0.243600	-3.385310
0.243700	1.382730
0.243800	1.382730
0.243900	-5.292520
0.244000	-4.338920
0.244100	3.289950
0.244200	3.766750
0.244300	0.429124
0.244400	-0.524484
0.244500	1.382730
0.244600	0.905928
0.244700	-0.524484
0.244800	3.289950
0.244900	2.813140
0.245000	-0.524484
0.245100	4.243560
0.245200	12.826000
0.245300	10.918800
0.245400	3.766750
0.245500	0.429124
0.245600	7.581180
0.245700	3.289950
0.245800	-6.246130
0.245900	-4.338920
0.246000	-2.431700
0.246100	-0.524484
0.246200	7.581180
0.246300	6.150770
0.246400	3.289950
0.246500	5.197160
0.246600	2.336340
0.246700	3.289950
0.246800	4.243560
0.246900	-0.524484
0.247000	-0.524484
0.247100	-0.524484
0.247200	-1.478090
0.247300	-0.047680
0.247400	-1.478090
0.247500	-1.001290
0.247600	1.382730
0.247700	-0.524484
0.247800	-1.954900
0.247900	-1.954900
0.248000	1.382730
0.248100	-0.524484
0.248200	-3.862110
0.248300	-1.478090
0.248400	-0.524484
0.248500	1.382730
0.248600	1.859540
0.248700	2.813140
0.248800	-1.954900
0.248900	-3.862110
0.249000	-3.385310
0.249100	-5.292520
0.249200	-3.862110
0.249300	2.336340
0.249400	1.382730
0.249500	-1.954900
0.249600	-5.292520
0.249700	-1.478090
0.249800	-0.524484
0.249900	-4.815720
0.250000	-2.431700
0.250100	2.813140
0.250200	0.429124
0.250300	-1.001290
0.250400	1.382730
0.250500	0.429124
0.250600	-0.524484
0.250700	-1.478090
0.250800	0.429124
0.250900	1.382730
0.251000	-2.431700
0.251100	-4.338920
0.251200	0.905928
0.251300	-0.524484
0.251400	-4.338920
0.251500	-0.047680
0.251600	-5.769330
0.251700	-5.292520
0.251800	2.336340
0.251900	1.382730
0.252000	-0.524484
0.252100	2.813140
0.252200	1.382730
0.252300	5.197160
0.252400	1.382730
0.252500	-6.246130
0.252600	-7.199740
0.252700	-2.431700
0.252800	3.766750
0.252900	1.382730
0.253000	1.382730
0.253100	4.243560
0.253200	-0.524484
0.253300	-3.385310
0.253400	-2.431700
0.253500	1.382730
0.253600	1.382730
0.253700	-0.524484
0.253800	-0.524484
0.253900	-3.862110
0.254000	-3.862110
0.254100	4.243560
0.254200	2.336340
0.254300	-8.153350
0.254400	-8.153350
0.254500	-7.676540
0.254600	-7.199740
0.254700	-1.001290
0.254800	1.382730
0.254900	-1.478090
0.255000	1.382730
0.255100	2.336340
0.255200	1.859540
0.255300	3.289950
0.255400	0.905928
0.255500	-1.954900
0.255600	0.429124
0.255700	2.813140
0.255800	5.673970
0.255900	0.905928
0.256000	-6.246130
0.256100	-2.431700
0.256200	2.336340
0.256300	-1.954900
0.256400	2.336340
0.256500	1.382730
0.256600	-0.524484
0.256700	-0.524484
0.256800	-2.431700
0.256900	-2.431700
0.257000	2.336340
0.257100	4.243560
0.257200	1.382730
0.257300	-2.431700
0.257400	1.382730
0.257500	-1.954900
0.257600	-8.153350
0.257700	-3.385310
0.257800	0.429124
0.257900	-5.292520
0.258000	-2.431700
0.258100	-1.478090
0.258200	1.382730
0.258300	1.382730
0.258400	3.289950
0.258500	2.813140
0.258600	-0.524484
0.258700	-2.908500
0.258800	3.766750
0.258900	3.289950
0.259000	5.197160
0.259100	1.859540
0.259200	0.429124
0.259300	-1.478090
0.259400	1.382730
0.259500	2.336340
0.259600	1.382730
0.259700	3.766750
0.259800	-4.338920
0.259900	-5.769330
0.260000	1.382730
0.260100	1.382730
0.260200	1.382730
0.260300	-1.001290
0.260400	-2.431700
0.260500	-0.524484
0.260600	1.382730
0.260700	-3.385310
0.260800	-5.769330
0.260900	-3.385310
0.261000	1.382730
0.261100	-1.478090
0.261200	-6.246130
0.261300	-0.047680
0.261400	0.905928
0.261500	-0.524484
0.261600	1.382730
0.261700	-0.524484
0.261800	-0.047680
0.261900	3.289950
0.262000	-1.954900
0.262100	-0.524484
0.262200	-1.954900
0.262300	-4.338920
0.262400	2.336340
0.262500	2.336340
0.262600	-4.815720
0.262700	-1.478090
0.262800	-2.431700
0.262900	2.336340
0.263000	2.336340
0.263100	-0.047680
0.263200	-1.954900
0.263300	-5.769330
0.263400	-1.954900
0.263500	7.581180
0.263600	6.627580
0.263700	3.289950
0.263800	0.905928
0.263900	-0.524484
0.264000	3.766750
0.264100	2.813140
0.264200	1.382730
0.264300	0.429124
0.264400	-6.246130
0.264500	-5.769330
0.264600	-5.292520
0.264700	-1.954900
0.264800	0.905928
0.264900	-2.431700
0.265000	-5.769330
0.265100	0.429124
0.265200	-0.524484
0.265300	-2.431700
0.265400	1.382730
0.265500	2.336340
0.265600	0.905928
0.265700	-3.862110
0.265800	-6.246130
0.265900	1.382730
0.266000	1.382730
0.266100	-1.478090
0.266200	-1.001290
0.266300	1.859540
0.266400	1.382730
0.266500	-1.478090
0.266600	-1.478090
0.266700	-3.862110
0.266800	-1.478090
0.266900	2.813140
0.267000	-0.524484
0.267100	-5.769330
0.267200	-4.338920
0.267300	-0.524484
0.267400	3.766750
0.267500	0.429124
0.267600	-1.478090
0.267700	-1.478090
0.267800	-6.246130
0.267900	-2.431700
0.268000	-3.385310
0.268100	-4.338920
0.268200	-0.524484
0.268300	0.429124
0.268400	2.336340
0.268500	3.289950
0.268600	1.382730
0.268700	2.336340
0.268800	-1.478090
0.268900	-2.431700
0.269000	4.243560
0.269100	5.197160
0.269200	1.382730
0.269300	0.429124
0.269400	1.859540
0.269500	1.382730
0.269600	2.813140
0.269700	-1.478090
0.269800	-0.524484
0.269900	-1.478090
0.270000	-1.478090
0.270100	-3.862110
0.270200	-5.292520
0.270300	1.859540
0.270400	0.429124
0.270500	-6.246130
0.270600	-4.338920
0.270700	-2.431700
0.270800	-0.047680
0.270900	3.766750
0.271000	1.382730
0.271100	-5.292520
0.271200	-4.338920
0.271300	-3.385310
0.271400	-1.001290
0.271500	-6.246130
0.271600	-8.630150
0.271700	-4.338920
0.271800	-3.862110
0.271900	0.429124
0.272000	-5.292520
0.272100	-10.537400
0.272200	-4.338920
0.272300	1.382730
0.272400	-2.431700
0.272500	0.905928
0.272600	-0.047680
0.272700	-6.246130
0.272800	-3.385310
0.272900	-3.862110
0.273000	-5.292520
0.273100	0.905928
0.273200	1.382730
0.273300	-2.431700
0.273400	-1.954900
0.273500	1.382730
0.273600	-1.478090
0.273700	-5.769330
0.273800	-6.246130
0.273900	-0.524484
0.274000	-2.431700
0.274100	-4.338920
0.274200	-4.338920
0.274300	-1.478090
0.274400	2.336340
0.274500	0.429124
0.274600	-2.431700
0.274700	-5.292520
0.274800	-8.630150
0.274900	-6.246130
0.275000	1.382730
0.275100	1.382730
0.275200	0.905928
0.275300	1.382730
0.275400	2.336340
0.275500	5.197160
0.275600	1.859540
0.275700	0.429124
0.275800	5.197160
0.275900	2.336340
0.276000	-0.047680
0.276100	1.382730
0.276200	2.813140
0.276300	0.429124
0.276400	-5.292520
0.276500	0.429124
0.276600	3.289950
0.276700	2.813140
0.276800	0.905928
0.276900	-1.954900
0.277000	-4.338920
0.277100	-1.478090
0.277200	-1.478090
0.277300	1.382730
0.277400	0.429124
0.277500	-4.338920
0.277600	-2.431700
0.277700	-5.292520
0.277800	-4.338920
0.277900	-0.524484
0.278000	-0.524484
0.278100	-1.478090
0.278200	-2.431700
0.278300	-3.385310
0.278400	-1.478090
0.278500	1.859540
0.278600	1.382730
0.278700	4.243560
0.278800	3.289950
0.278900	-5.292520
0.279000	-6.246130
0.279100	-4.815720
0.279200	-5.769330
0.279300	-0.524484
0.279400	2.336340
0.279500	-2.908500
0.279600	-1.478090
0.279700	-0.524484
0.279800	-1.478090
0.279900	-1.478090
0.280000	-3.385310
0.280100	-3.385310
0.280200	-3.385310
0.280300	-5.769330
0.280400	-0.524484
0.280500	0.429124
0.280600	-2.431700
0.280700	-3.385310
0.280800	-4.338920
0.280900	-7.676540
0.281000	-6.246130
0.281100	-4.338920
0.281200	-0.524484
0.281300	0.429124
0.281400	0.905928
0.281500	1.382730
0.281600	-0.524484
0.281700	-1.478090
0.281800	-0.524484
0.281900	-1.478090
0.282000	-3.385310
0.282100	-4.815720
0.282200	-4.338920
0.282300	2.336340
0.282400	3.766750
0.282500	-1.001290
0.282600	-4.338920
0.282700	-5.292520
0.282800	-1.954900
0.282900	0.429124
0.283000	-2.908500
0.283100	-2.431700
0.283200	1.382730
0.283300	0.429124
0.283400	-4.338920
0.283500	-6.246130
0.283600	-3.862110
0.283700	1.382730
0.283800	1.382730
0.283900	-2.908500
0.284000	0.429124
0.284100	2.813140
0.284200	2.336340
0.284300	6.150770
0.284400	4.243560
0.284500	-1.954900
0.284600	0.429124
0.284700	-1.478090
0.284800	-7.199740
0.284900	-9.106960
0.285000	-4.815720
0.285100	-0.524484
0.285200	4.720360
0.285300	1.382730
0.285400	-1.001290
0.285500	1.382730
0.285600	0.429124
0.285700	-2.431700
0.285800	-3.385310
0.285900	-0.047680
0.286000	-0.524484
0.286100	-2.431700
0.286200	-1.478090
0.286300	0.429124
0.286400	-1.478090
0.286500	-0.524484
0.286600	-1.954900
0.286700	-1.954900
0.286800	-0.047680
0.286900	-1.954900
0.287000	-0.524484
0.287100	-1.954900
0.287200	-6.246130
0.287300	-0.524484
0.287400	1.382730
0.287500	-1.001290
0.287600	-3.385310
0.287700	-3.385310
0.287800	-0.524484
0.287900	-1.954900
0.288000	-1.954900
0.288100	5.197160
0.288200	7.104380
0.288300	-6.246130
0.288400	-4.338920
0.288500	0.429124
0.288600	-2.431700
0.288700	-1.478090
0.288800	-1.478090
0.288900	1.382730
0.289000	4.243560
0.289100	2.336340
0.289200	0.429124
0.289300	-2.431700
0.289400	-1.478090
0.289500	3.766750
0.289600	0.429124
0.289700	1.382730
0.289800	1.382730
0.289900	-2.908500
0.290000	-0.047680
0.290100	1.382730
0.290200	-1.001290
0.290300	-3.385310
0.290400	0.905928
0.290500	0.429124
0.290600	-2.908500
0.290700	-1.954900
0.290800	-6.722940
0.290900	-2.431700
0.291000	-0.047680
0.291100	1.382730
0.291200	0.429124
0.291300	0.429124
0.291400	1.382730
0.291500	1.382730
0.291600	-1.478090
0.291700	0.429124
0.291800	1.382730
0.291900	0.429124
0.292000	0.429124
0.292100	-3.385310
0.292200	1.382730
0.292300	1.382730
0.292400	-1.001290
0.292500	1.382730
0.292600	1.859540
0.292700	3.289950
0.292800	-2.431700
0.292900	-2.431700
0.293000	1.382730
0.293100	2.336340
0.293200	0.429124
0.293300	2.336340
0.293400	-3.385310
0.293500	-7.676540
0.293600	-0.047680
0.293700	2.336340
0.293800	2.813140
0.293900	0.429124
0.294000	1.382730
0.294100	4.243560
0.294200	-1.478090
0.294300	-2.431700
0.294400	1.382730
0.294500	2.813140
0.294600	2.336340
0.294700	-1.001290
0.294800	-1.954900
0.294900	2.336340
0.295000	6.627580
0.295100	1.382730
0.295200	0.429124
0.295300	-1.478090
0.295400	-3.385310
0.295500	0.429124
0.295600	-1.478090
0.295700	-0.524484
0.295800	0.905928
0.295900	0.429124
0.296000	0.429124
0.296100	0.905928
0.296200	5.197160
0.296300	8.057990
0.296400	0.429124
0.296500	-1.001290
0.296600	-2.431700
0.296700	-3.862110
0.296800	-3.862110
0.296900	-2.431700
0.297000	-0.524484
0.297100	-3.385310
0.297200	-6.246130
0.297300	-0.524484
0.297400	-1.478090
0.297500	-4.338920
0.297600	-1.478090
0.297700	-1.001290
0.297800	-5.769330
0.297900	-3.385310
0.298000	0.905928
0.298100	-0.047680
0.298200	-1.478090
0.298300	-2.431700
0.298400	-7.676540
0.298500	-8.153350
0.298600	-2.431700
0.298700	1.382730
0.298800	0.429124
0.298900	-1.478090
0.299000	1.382730
0.299100	-0.524484
0.299200	-4.815720
0.299300	-4.338920
0.299400	-0.047680
0.299500	0.429124
0.299600	-2.431700
0.299700	-2.908500
0.299800	-1.478090
0.299900	-1.001290
