-0.050000	3.036190
-0.049900	-1.906060
-0.049800	3.530410
-0.049700	3.036190
-0.049600	-2.894510
-0.049500	-0.917611
-0.049400	0.565064
-0.049300	-2.894510
-0.049200	2.541960
-0.049100	7.978440
-0.049000	4.024640
-0.048900	-2.894510
-0.048800	-2.894510
-0.048700	-3.882960
-0.048600	0.070839
-0.048500	0.565064
-0.048400	1.553510
-0.048300	0.070839
-0.048200	4.024640
-0.048100	6.989990
-0.048000	3.036190
-0.047900	1.059290
-0.047800	2.541960
-0.047700	1.059290
-0.047600	-1.906060
-0.047500	-3.882960
-0.047400	-2.894510
-0.047300	-2.894510
-0.047200	3.530410
-0.047100	3.036190
-0.047000	0.070839
-0.046900	3.036190
-0.046800	-3.882960
-0.046700	-6.354090
-0.046600	0.070839
-0.046500	6.001540
-0.046400	2.541960
-0.046300	1.059290
-0.046200	-0.917611
-0.046100	0.070839
-0.046000	-2.400290
-0.045900	-4.871410
-0.045800	-4.871410
-0.045700	-1.906060
-0.045600	1.059290
-0.045500	2.541960
-0.045400	3.036190
-0.045300	0.070839
-0.045200	-0.917611
-0.045100	-4.871410
-0.045000	-1.906060
-0.044900	1.059290
-0.044800	6.001540
-0.044700	1.059290
-0.044600	-3.388740
-0.044500	-0.917611
-0.044400	-1.906060
-0.044300	-2.894510
-0.044200	-1.411840
-0.044100	-1.411840
-0.044000	-1.411840
-0.043900	1.059290
-0.043800	4.024640
-0.043700	3.036190
-0.043600	0.565064
-0.043500	1.059290
-0.043400	0.070839
-0.043300	-2.894510
-0.043200	1.059290
-0.043100	1.059290
-0.043000	2.541960
-0.042900	-1.411840
-0.042800	-3.882960
-0.042700	0.070839
-0.042600	5.013090
-0.042500	1.059290
-0.042400	2.541960
-0.042300	2.541960
-0.042200	-4.871410
-0.042100	-1.906060
-0.042000	3.530410
-0.041900	1.059290
-0.041800	-0.917611
-0.041700	-1.906060
-0.041600	-0.917611
-0.041500	0.070839
-0.041400	-3.388740
-0.041300	-1.906060
-0.041200	3.036190
-0.041100	3.530410
-0.041000	-0.917611
-0.040900	-2.894510
-0.040800	-5.859860
-0.040700	-2.894510
-0.040600	1.059290
-0.040500	-2.894510
-0.040400	-1.906060
-0.040300	4.024640
-0.040200	6.001540
-0.040100	-0.917611
-0.040000	-2.894510
-0.039900	-2.894510
-0.039800	-2.894510
-0.039700	-1.411840
-0.039600	-1.411840
-0.039500	-1.906060
-0.039400	-2.894510
-0.039300	-1.906060
-0.039200	-2.894510
-0.039100	0.070839
-0.039000	1.553510
-0.038900	-0.917611
-0.038800	-2.894510
-0.038700	-5.365640
-0.038600	-3.882960
-0.038500	0.070839
-0.038400	-1.411840
-0.038300	1.059290
-0.038200	-0.917611
-0.038100	-0.917611
-0.038000	-0.917611
-0.037900	1.059290
-0.037800	-2.894510
-0.037700	-2.894510
-0.037600	1.059290
-0.037500	0.565064
-0.037400	-2.894510
-0.037300	-4.871410
-0.037200	-4.871410
-0.037100	-5.365640
-0.037000	3.530410
-0.036900	1.059290
-0.036800	-2.894510
-0.036700	-0.917611
-0.036600	3.036190
-0.036500	1.059290
-0.036400	4.024640
-0.036300	4.024640
-0.036200	-2.894510
-0.036100	-2.894510
-0.036000	0.070839
-0.035900	-2.894510
-0.035800	-5.859860
-0.035700	-1.411840
-0.035600	-0.917611
-0.035500	-4.871410
-0.035400	0.070839
-0.035300	4.024640
-0.035200	0.070839
-0.035100	2.541960
-0.035000	0.565064
-0.034900	-2.400290
-0.034800	-2.400290
-0.034700	4.024640
-0.034600	-1.906060
-0.034500	4.024640
-0.034400	6.495760
-0.034300	0.070839
-0.034200	-5.365640
-0.034100	-1.906060
-0.034000	3.036190
-0.033900	0.565064
-0.033800	2.047740
-0.033700	3.036190
-0.033600	-1.906060
-0.033500	-2.894510
-0.033400	-2.894510
-0.033300	0.070839
-0.033200	2.047740
-0.033100	-1.906060
-0.033000	-2.894510
-0.032900	-3.882960
-0.032800	3.036190
-0.032700	11.932200
-0.032600	3.530410
-0.032500	-2.894510
-0.032400	-1.906060
-0.032300	3.036190
-0.032200	3.036190
-0.032100	2.047740
-0.032000	-2.894510
-0.031900	-1.906060
-0.031800	3.036190
-0.031700	-0.917611
-0.031600	0.070839
-0.031500	0.070839
-0.031400	1.059290
-0.031300	-3.388740
-0.031200	-0.917611
-0.031100	1.059290
-0.031000	3.530410
-0.030900	0.070839
-0.030800	0.565064
-0.030700	5.013090
-0.030600	5.013090
-0.030500	3.036190
-0.030400	6.495760
-0.030300	8.966890
-0.030200	3.036190
-0.030100	3.530410
-0.030000	5.013090
-0.029900	-0.917611
-0.029800	-1.906060
-0.029700	-0.423386
-0.029600	-4.871410
-0.029500	-3.882960
-0.029400	4.024640
-0.029300	-0.917611
-0.029200	-3.882960
-0.029100	4.024640
-0.029000	1.553510
-0.028900	-2.894510
-0.028800	-5.859860
-0.028700	-3.882960
-0.028600	-1.411840
-0.028500	-2.894510
-0.028400	-4.871410
-0.028300	-5.365640
-0.028200	-1.906060
-0.028100	4.024640
-0.028000	0.070839
-0.027900	-1.411840
-0.027800	1.059290
-0.027700	3.036190
-0.027600	3.036190
-0.027500	0.070839
-0.027400	6.001540
-0.027300	5.013090
-0.027200	-0.917611
-0.027100	-5.365640
-0.027000	-0.917611
-0.026900	5.013090
-0.026800	4.024640
-0.026700	0.070839
-0.026600	1.059290
-0.026500	5.013090
-0.026400	-2.400290
-0.026300	-2.894510
-0.026200	5.013090
-0.026100	3.036190
-0.026000	-4.377190
-0.025900	0.565064
-0.025800	1.553510
-0.025700	-6.848310
-0.025600	-4.871410
-0.025500	0.070839
-0.025400	3.530410
-0.025300	1.553510
-0.025200	5.013090
-0.025100	3.036190
-0.025000	-1.411840
-0.024900	-3.882960
-0.024800	-0.917611
-0.024700	-1.906060
-0.024600	2.541960
-0.024500	-1.411840
-0.024400	-4.377190
-0.024300	-3.882960
-0.024200	-2.894510
-0.024100	-2.894510
-0.024000	1.059290
-0.023900	5.013090
-0.023800	0.070839
-0.023700	0.070839
-0.023600	1.059290
-0.023500	3.036190
-0.023400	1.059290
-0.023300	2.541960
-0.023200	3.036190
-0.023100	4.024640
-0.023000	3.530410
-0.022900	0.070839
-0.022800	-4.871410
-0.022700	-3.882960
-0.022600	1.059290
-0.022500	2.541960
-0.022400	3.036190
-0.022300	3.036190
-0.022200	5.013090
-0.022100	0.070839
-0.022000	-2.894510
-0.021900	-0.917611
-0.021800	0.070839
-0.021700	-1.906060
-0.021600	-5.859860
-0.021500	-7.836760
-0.021400	-4.871410
-0.021300	-3.388740
-0.021200	-2.894510
-0.021100	-0.917611
-0.021000	1.059290
-0.020900	-0.917611
-0.020800	-3.882960
-0.020700	-0.917611
-0.020600	-0.917611
-0.020500	-2.400290
-0.020400	0.070839
-0.020300	5.013090
-0.020200	0.565064
-0.020100	-4.377190
-0.020000	-2.894510
-0.019900	-0.917611
-0.019800	-1.411840
-0.019700	3.530410
-0.019600	3.036190
-0.019500	-3.882960
-0.019400	-0.917611
-0.019300	6.001540
-0.019200	2.047740
-0.019100	-3.882960
-0.019000	-0.917611
-0.018900	0.565064
-0.018800	-1.411840
-0.018700	-2.894510
-0.018600	-0.917611
-0.018500	1.059290
-0.018400	4.024640
-0.018300	0.070839
-0.018200	-3.882960
-0.018100	-2.894510
-0.018000	4.024640
-0.017900	5.013090
-0.017800	-1.906060
-0.017700	2.047740
-0.017600	4.518860
-0.017500	1.059290
-0.017400	-2.894510
-0.017300	-4.871410
-0.017200	-2.894510
-0.017100	2.541960
-0.017000	4.024640
-0.016900	-0.917611
-0.016800	-3.882960
-0.016700	-1.906060
-0.016600	0.070839
-0.016500	0.070839
-0.016400	-0.917611
-0.016300	0.565064
-0.016200	-0.917611
-0.016100	-2.400290
-0.016000	3.530410
-0.015900	6.001540
-0.015800	4.518860
-0.015700	6.001540
-0.015600	2.541960
-0.015500	-1.906060
-0.015400	1.553510
-0.015300	-0.917611
-0.015200	-8.825210
-0.015100	-5.859860
-0.015000	1.059290
-0.014900	3.530410
-0.014800	3.036190
-0.014700	10.943800
-0.014600	6.001540
-0.014500	4.518860
-0.014400	5.013090
-0.014300	1.059290
-0.014200	2.541960
-0.014100	4.024640
-0.014000	4.024640
-0.013900	3.036190
-0.013800	-0.917611
-0.013700	0.070839
-0.013600	3.036190
-0.013500	2.047740
-0.013400	5.013090
-0.013300	6.001540
-0.013200	3.036190
-0.013100	6.001540
-0.013000	2.047740
-0.012900	-4.871410
-0.012800	-2.894510
-0.012700	1.553510
-0.012600	3.036190
-0.012500	3.036190
-0.012400	-0.917611
-0.012300	-3.882960
-0.012200	-6.848310
-0.012100	-6.354090
-0.012000	-0.917611
-0.011900	-0.917611
-0.011800	-3.882960
-0.011700	-4.871410
-0.011600	-6.848310
-0.011500	-4.377190
-0.011400	-5.859860
-0.011300	-5.859860
-0.011200	-0.917611
-0.011100	-1.411840
-0.011000	-2.894510
-0.010900	5.013090
-0.010800	4.024640
-0.010700	-3.882960
-0.010600	-2.894510
-0.010500	-1.906060
-0.010400	-4.377190
-0.010300	3.036190
-0.010200	8.966890
-0.010100	8.966890
-0.010000	4.024640
-0.009900	2.047740
-0.009800	3.036190
-0.009700	-1.906060
-0.009600	-0.917611
-0.009500	-0.917611
-0.009400	1.553510
-0.009300	1.059290
-0.009200	2.047740
-0.009100	-0.917611
-0.009000	2.047740
-0.008900	5.013090
-0.008800	3.036190
-0.008700	5.013090
-0.008600	-0.423386
-0.008500	0.070839
-0.008400	4.024640
-0.008300	5.013090
-0.008200	4.024640
-0.008100	-3.882960
-0.008000	-2.894510
-0.007900	-2.894510
-0.007800	2.541960
-0.007700	4.024640
-0.007600	-1.411840
-0.007500	-5.859860
-0.007400	-1.906060
-0.007300	2.047740
-0.007200	-1.906060
-0.007100	-3.882960
-0.007000	-6.848310
-0.006900	-4.871410
-0.006800	-2.894510
-0.006700	1.059290
-0.006600	0.565064
-0.006500	-5.365640
-0.006400	5.013090
-0.006300	5.013090
-0.006200	0.070839
-0.006100	0.070839
-0.006000	0.070839
-0.005900	-5.859860
-0.005800	-2.894510
-0.005700	-2.894510
-0.005600	-4.871410
-0.005500	-5.365640
-0.005400	-2.894510
-0.005300	-3.882960
-0.005200	-3.882960
-0.005100	-1.411840
-0.005000	-4.871410
-0.004900	-7.836760
-0.004800	-3.882960
-0.004700	-0.917611
-0.004600	-1.906060
-0.004500	1.059290
-0.004400	1.553510
-0.004300	-0.917611
-0.004200	-1.906060
-0.004100	2.047740
-0.004000	4.024640
-0.003900	3.036190
-0.003800	6.001540
-0.003700	6.989990
-0.003600	3.036190
-0.003500	0.070839
-0.003400	-1.906060
-0.003300	-4.871410
-0.003200	-0.917611
-0.003100	5.013090
-0.003000	3.036190
-0.002900	-3.388740
-0.002800	-4.871410
-0.002700	3.036190
-0.002600	3.036190
-0.002500	1.059290
-0.002400	1.059290
-0.002300	3.036190
-0.002200	4.024640
-0.002100	6.989990
-0.002000	8.966890
-0.001900	6.001540
-0.001800	3.036190
-0.001700	3.036190
-0.001600	4.024640
-0.001500	1.059290
-0.001400	2.047740
-0.001300	3.036190
-0.001200	-2.894510
-0.001100	-3.388740
-0.001000	-1.906060
-0.000900	-1.906060
-0.000800	-2.894510
-0.000700	-2.894510
-0.000600	-2.894510
-0.000500	-0.917611
-0.000400	2.047740
-0.000300	0.070839
-0.000200	-7.836760
-0.000100	-7.836760
0.000000	-3.882960
0.000100	-4.871410
0.000200	-2.894510
0.000300	-2.894510
0.000400	-2.894510
0.000500	-4.871410
0.000600	-2.894510
0.000700	0.565064
0.000800	1.059290
0.000900	0.070839
0.001000	-0.917611
0.001100	-2.894510
0.001200	1.059290
0.001300	6.989990
0.001400	3.036190
0.001500	-1.906060
0.001600	2.047740
0.001700	6.001540
0.001800	3.036190
0.001900	0.070839
0.002000	-2.894510
0.002100	-1.906060
0.002200	-2.894510
0.002300	0.070839
0.002400	1.059290
0.002500	1.553510
0.002600	5.013090
0.002700	2.047740
0.002800	-2.894510
0.002900	4.024640
0.003000	2.047740
0.003100	-4.871410
0.003200	-3.882960
0.003300	0.070839
0.003400	5.013090
0.003500	3.036190
0.003600	-0.917611
0.003700	-2.894510
0.003800	-1.906060
0.003900	-0.917611
0.004000	5.013090
0.004100	4.024640
0.004200	-4.871410
0.004300	1.059290
0.004400	-0.917611
0.004500	-9.319440
0.004600	-2.894510
0.004700	2.047740
0.004800	0.070839
0.004900	0.070839
0.005000	-1.906060
0.005100	-1.906060
0.005200	-1.906060
0.005300	-2.894510
0.005400	-0.917611
0.005500	-3.882960
0.005600	-2.894510
0.005700	0.070839
0.005800	0.070839
0.005900	1.059290
0.006000	0.070839
0.006100	-0.917611
0.006200	3.036190
0.006300	-0.423386
0.006400	-0.917611
0.006500	-1.906060
0.006600	-1.906060
0.006700	0.070839
0.006800	3.036190
0.006900	3.036190
0.007000	5.013090
0.007100	3.036190
0.007200	3.036190
0.007300	2.047740
0.007400	-7.836760
0.007500	0.070839
0.007600	-2.894510
0.007700	-2.894510
0.007800	-5.365640
0.007900	-5.365640
0.008000	-2.894510
0.008100	-2.894510
0.008200	-3.882960
0.008300	2.047740
0.008400	5.013090
0.008500	-3.388740
0.008600	-8.825210
0.008700	-4.871410
0.008800	-4.871410
0.008900	-0.917611
0.009000	3.036190
0.009100	-2.894510
0.009200	-4.871410
0.009300	4.024640
0.009400	5.013090
0.009500	-1.411840
0.009600	-0.917611
0.009700	6.001540
0.009800	0.070839
0.009900	-8.825210
0.010000	-2.894510
0.010100	3.036190
0.010200	5.013090
0.010300	1.059290
0.010400	-0.917611
0.010500	-1.906060
0.010600	3.036190
0.010700	6.989990
0.010800	1.059290
0.010900	-5.365640
0.011000	-4.871410
0.011100	0.070839
0.011200	5.013090
0.011300	5.013090
0.011400	-0.917611
0.011500	6.001540
0.011600	4.024640
0.011700	-0.917611
0.011800	-2.894510
0.011900	-6.848310
0.012000	-4.871410
0.012100	2.047740
0.012200	-0.423386
0.012300	-9.813660
0.012400	-12.779000
0.012500	-10.802100
0.012600	-9.319440
0.012700	-7.836760
0.012800	-3.882960
0.012900	0.070839
0.013000	6.001540
0.013100	10.449600
0.013200	9.955340
0.013300	5.013090
0.013400	5.507310
0.013500	7.484210
0.013600	8.966890
0.013700	8.472660
0.013800	4.518860
0.013900	3.036190
0.014000	0.070839
0.014100	-0.917611
0.014200	3.530410
0.014300	1.059290
0.014400	-2.894510
0.014500	2.047740
0.014600	8.966890
0.014700	7.978440
0.014800	4.024640
0.014900	-6.848310
0.015000	-5.859860
0.015100	-3.882960
0.015200	3.036190
0.015300	3.036190
0.015400	-11.296300
0.015500	-21.675100
0.015600	-12.779000
0.015700	-7.836760
0.015800	-4.871410
0.015900	-6.848310
0.016000	3.036190
0.016100	19.345600
0.016200	23.793600
0.016300	22.311001
0.016400	18.851400
0.016500	4.024640
0.016600	1.059290
0.016700	6.989990
0.016800	5.013090
0.016900	10.449600
0.017000	13.909100
0.017100	0.070839
0.017200	-9.319440
0.017300	-7.836760
0.017400	-1.906060
0.017500	5.013090
0.017600	2.047740
0.017700	5.013090
0.017800	-1.906060
0.017900	-13.767500
0.018000	-15.744400
0.018100	-10.802100
0.018200	-5.859860
0.018300	-2.894510
0.018400	3.036190
0.018500	2.541960
0.018600	-6.848310
0.018700	-10.802100
0.018800	-5.859860
0.018900	-3.882960
0.019000	-0.917611
0.019100	4.024640
0.019200	4.518860
0.019300	11.932200
0.019400	10.449600
0.019500	3.036190
0.019600	-4.377190
0.019700	0.070839
0.019800	8.966890
0.019900	6.001540
0.020000	4.024640
0.020100	11.932200
0.020200	6.989990
0.020300	-7.836760
0.020400	-13.767500
0.020500	-14.755900
0.020600	-7.836760
0.020700	-0.917611
0.020800	4.518860
0.020900	6.989990
0.021000	6.001540
0.021100	2.541960
0.021200	-4.871410
0.021300	-18.709700
0.021400	-27.605801
0.021500	-21.675100
0.021600	-11.790600
0.021700	-8.825210
0.021800	-1.411840
0.021900	0.070839
0.022000	-1.411840
0.022100	-1.411840
0.022200	3.036190
0.022300	5.013090
0.022400	0.070839
0.022500	-2.894510
0.022600	-7.836760
0.022700	-8.825210
0.022800	-17.721300
0.022900	-21.180799
0.023000	-18.709700
0.023100	-13.767500
0.023200	-3.882960
0.023300	-2.894510
0.023400	3.036190
0.023500	9.955340
0.023600	10.943800
0.023700	10.943800
0.023800	3.036190
0.023900	-2.894510
0.024000	-10.802100
0.024100	-11.790600
0.024200	-5.365640
0.024300	-10.802100
0.024400	-22.663500
0.024500	-15.744400
0.024600	-4.871410
0.024700	-11.296300
0.024800	-18.709700
0.024900	-14.755900
0.025000	-2.894510
0.025100	-6.848310
0.025200	-14.755900
0.025300	-8.825210
0.025400	-5.859860
0.025500	-5.859860
0.025600	-5.859860
0.025700	-9.813660
0.025800	-12.779000
0.025900	-16.238600
0.026000	-12.779000
0.026100	-17.721300
0.026200	-9.813660
0.026300	5.013090
0.026400	-7.836760
0.026500	-10.802100
0.026600	10.943800
0.026700	11.932200
0.026800	-6.848310
0.026900	-7.836760
0.027000	-3.882960
0.027100	-0.917611
0.027200	6.989990
0.027300	11.932200
0.027400	13.909100
0.027500	-2.894510
0.027600	6.001540
0.027700	11.438000
0.027800	-4.871410
0.027900	-7.836760
0.028000	-0.917611
0.028100	-3.882960
0.028200	-7.836760
0.028300	4.024640
0.028400	3.530410
0.028500	16.874500
0.028600	20.828300
0.028700	-7.836760
0.028800	-23.157700
0.028900	-23.652000
0.029000	-12.779000
0.029100	-3.388740
0.029200	-1.906060
0.029300	-3.388740
0.029400	-5.859860
0.029500	-15.250100
0.029600	-18.709700
0.029700	-20.686600
0.029800	-22.663500
0.029900	-22.663500
0.030000	-23.157700
0.030100	-8.825210
0.030200	-1.906060
0.030300	-6.354090
0.030400	-3.388740
0.030500	-1.906060
0.030600	5.507310
0.030700	8.472660
0.030800	6.989990
0.030900	5.013090
0.031000	3.036190
0.031100	-1.906060
0.031200	-2.894510
0.031300	8.966890
0.031400	16.874500
0.031500	12.920700
0.031600	17.862900
0.031700	10.449600
0.031800	5.013090
0.031900	12.920700
0.032000	20.828300
0.032100	31.207001
0.032200	37.137699
0.032300	23.793600
0.032400	12.920700
0.032500	12.920700
0.032600	5.013090
0.032700	-2.894510
0.032800	5.013090
0.032900	11.932200
0.033000	14.897600
0.033100	12.920700
0.033200	2.047740
0.033300	-3.882960
0.033400	3.036190
0.033500	0.070839
0.033600	-9.813660
0.033700	-9.813660
0.033800	-0.917611
0.033900	0.070839
0.034000	-7.836760
0.034100	-9.813660
0.034200	-0.917611
0.034300	1.059290
0.034400	-3.882960
0.034500	-1.906060
0.034600	6.989990
0.034700	6.001540
0.034800	1.059290
0.034900	0.070839
0.035000	-2.894510
0.035100	1.059290
0.035200	5.013090
0.035300	-6.848310
0.035400	-9.319440
0.035500	-9.813660
0.035600	-10.802100
0.035700	-10.802100
0.035800	-4.871410
0.035900	2.047740
0.036000	7.978440
0.036100	1.059290
0.036200	-0.917611
0.036300	-2.894510
0.036400	-4.871410
0.036500	-3.882960
0.036600	-13.273200
0.036700	-8.825210
0.036800	-2.894510
0.036900	0.070839
0.037000	7.978440
0.037100	10.943800
0.037200	14.897600
0.037300	17.862900
0.037400	16.380301
0.037500	14.897600
0.037600	12.426500
0.037700	7.978440
0.037800	-1.411840
0.037900	5.013090
0.038000	12.920700
0.038100	-0.423386
0.038200	-14.755900
0.038300	-6.848310
0.038400	-0.917611
0.038500	1.059290
0.038600	10.943800
0.038700	8.472660
0.038800	-0.917611
0.038900	-3.882960
0.039000	-3.882960
0.039100	-4.871410
0.039200	-5.859860
0.039300	-10.802100
0.039400	-0.917611
0.039500	2.047740
0.039600	-2.894510
0.039700	-2.894510
0.039800	3.036190
0.039900	-5.859860
0.040000	-7.836760
0.040100	5.013090
0.040200	-6.848310
0.040300	-9.319440
0.040400	-7.342540
0.040500	-9.813660
0.040600	-2.894510
0.040700	2.047740
0.040800	0.070839
0.040900	0.070839
0.041000	-0.917611
0.041100	-3.882960
0.041200	1.059290
0.041300	2.047740
0.041400	6.989990
0.041500	-0.423386
0.041600	3.036190
0.041700	6.001540
0.041800	-4.871410
0.041900	-3.882960
0.042000	0.070839
0.042100	0.070839
0.042200	1.059290
0.042300	5.013090
0.042400	9.955340
0.042500	-4.871410
0.042600	-4.871410
0.042700	3.036190
0.042800	-0.917611
0.042900	-7.342540
0.043000	-5.365640
0.043100	-9.319440
0.043200	-2.894510
0.043300	8.472660
0.043400	6.989990
0.043500	1.059290
0.043600	0.070839
0.043700	3.036190
0.043800	-11.790600
0.043900	-12.779000
0.044000	0.070839
0.044100	8.966890
0.044200	4.024640
0.044300	0.070839
0.044400	-0.917611
0.044500	-0.917611
0.044600	3.036190
0.044700	8.966890
0.044800	0.070839
0.044900	-6.848310
0.045000	-0.917611
0.045100	6.001540
0.045200	4.024640
0.045300	1.059290
0.045400	-2.894510
0.045500	-6.848310
0.045600	-8.330990
0.045700	-4.871410
0.045800	-2.894510
0.045900	-3.882960
0.046000	-2.894510
0.046100	2.047740
0.046200	1.059290
0.046300	10.943800
0.046400	11.932200
0.046500	10.943800
0.046600	4.024640
0.046700	-0.917611
0.046800	4.518860
0.046900	0.070839
0.047000	-1.906060
0.047100	7.978440
0.047200	16.874500
0.047300	4.024640
0.047400	-0.917611
0.047500	-1.906060
0.047600	-1.411840
0.047700	6.495760
0.047800	10.943800
0.047900	3.036190
0.048000	-6.848310
0.048100	-10.802100
0.048200	-11.296300
0.048300	-5.859860
0.048400	4.024640
0.048500	-8.825210
0.048600	-30.571100
0.048700	12.920700
0.048800	28.241699
0.048900	3.036190
0.049000	-1.411840
0.049100	3.036190
0.049200	-0.917611
0.049300	-4.871410
0.049400	-0.917611
0.049500	9.955340
0.049600	2.047740
0.049700	-6.848310
0.049800	-4.871410
0.049900	-8.825210
0.050000	-9.813660
0.050100	-3.882960
0.050200	0.070839
0.050300	-2.894510
0.050400	-0.423386
0.050500	-2.894510
0.050600	-8.825210
0.050700	-11.790600
0.050800	-7.836760
0.050900	-0.917611
0.051000	-6.848310
0.051100	-9.813660
0.051200	-0.917611
0.051300	-9.813660
0.051400	-4.871410
0.051500	1.059290
0.051600	5.013090
0.051700	-1.906060
0.051800	3.036190
0.051900	5.013090
0.052000	-1.411840
0.052100	2.047740
0.052200	7.978440
0.052300	4.024640
0.052400	-2.894510
0.052500	0.070839
0.052600	6.989990
0.052700	5.013090
0.052800	0.565064
0.052900	-0.917611
0.053000	4.024640
0.053100	4.024640
0.053200	3.036190
0.053300	1.059290
0.053400	6.001540
0.053500	-0.423386
0.053600	-0.423386
0.053700	0.070839
0.053800	-2.894510
0.053900	-2.894510
0.054000	1.059290
0.054100	-3.882960
0.054200	-1.906060
0.054300	1.059290
0.054400	-0.917611
0.054500	-6.848310
0.054600	-11.296300
0.054700	-10.802100
0.054800	-5.859860
0.054900	-24.146200
0.055000	-13.767500
0.055100	16.380301
0.055200	10.943800
0.055300	-2.894510
0.055400	-6.848310
0.055500	-2.894510
0.055600	-7.342540
0.055700	-9.813660
0.055800	-3.882960
0.055900	2.047740
0.056000	1.059290
0.056100	-1.906060
0.056200	0.070839
0.056300	-5.859860
0.056400	-11.790600
0.056500	-6.848310
0.056600	-0.917611
0.056700	-2.894510
0.056800	-3.388740
0.056900	4.024640
0.057000	8.472660
0.057100	6.989990
0.057200	5.013090
0.057300	3.036190
0.057400	1.059290
0.057500	-1.411840
0.057600	1.059290
0.057700	8.966890
0.057800	5.013090
0.057900	5.013090
0.058000	6.989990
0.058100	6.989990
0.058200	6.989990
0.058300	3.036190
0.058400	1.059290
0.058500	-2.894510
0.058600	-5.859860
0.058700	-2.894510
0.058800	0.070839
0.058900	2.047740
0.059000	-2.400290
0.059100	-9.813660
0.059200	-5.859860
0.059300	-1.906060
0.059400	0.565064
0.059500	1.059290
0.059600	0.070839
0.059700	0.070839
0.059800	-2.894510
0.059900	2.541960
0.060000	6.495760
0.060100	3.530410
0.060200	-0.917611
0.060300	-0.917611
0.060400	-1.906060
0.060500	-5.365640
0.060600	-2.894510
0.060700	1.059290
0.060800	-4.871410
0.060900	-5.859860
0.061000	-0.917611
0.061100	-0.917611
0.061200	-3.882960
0.061300	-4.871410
0.061400	-0.917611
0.061500	-0.917611
0.061600	-2.894510
0.061700	-2.894510
0.061800	1.059290
0.061900	3.036190
0.062000	-0.917611
0.062100	-1.906060
0.062200	-5.859860
0.062300	-4.871410
0.062400	-1.906060
0.062500	-1.906060
0.062600	3.036190
0.062700	8.966890
0.062800	6.495760
0.062900	2.541960
0.063000	6.989990
0.063100	6.001540
0.063200	2.047740
0.063300	-3.882960
0.063400	-1.906060
0.063500	-5.365640
0.063600	-5.859860
0.063700	1.059290
0.063800	-0.917611
0.063900	-1.411840
0.064000	6.495760
0.064100	10.943800
0.064200	1.059290
0.064300	-0.917611
0.064400	6.001540
0.064500	4.024640
0.064600	-0.917611
0.064700	1.059290
0.064800	-0.917611
0.064900	-1.906060
0.065000	-2.894510
0.065100	1.059290
0.065200	5.013090
0.065300	3.036190
0.065400	3.036190
0.065500	-4.871410
0.065600	-9.319440
0.065700	-3.882960
0.065800	-1.906060
0.065900	-2.894510
0.066000	-0.917611
0.066100	-0.917611
0.066200	-5.365640
0.066300	-6.848310
0.066400	-0.917611
0.066500	-0.917611
0.066600	-4.871410
0.066700	0.565064
0.066800	0.070839
0.066900	-4.871410
0.067000	-1.906060
0.067100	2.047740
0.067200	0.070839
0.067300	0.070839
0.067400	3.036190
0.067500	0.565064
0.067600	2.047740
0.067700	2.047740
0.067800	-0.423386
0.067900	-3.388740
0.068000	1.059290
0.068100	5.013090
0.068200	0.565064
0.068300	2.047740
0.068400	4.024640
0.068500	1.059290
0.068600	7.484210
0.068700	10.449600
0.068800	5.507310
0.068900	2.047740
0.069000	-1.411840
0.069100	-2.894510
0.069200	-0.917611
0.069300	3.036190
0.069400	3.036190
0.069500	3.036190
0.069600	3.036190
0.069700	4.024640
0.069800	-0.917611
0.069900	5.013090
0.070000	6.989990
0.070100	4.024640
0.070200	-4.871410
0.070300	-2.894510
0.070400	4.518860
0.070500	3.036190
0.070600	-5.859860
0.070700	-4.871410
0.070800	0.070839
0.070900	-1.906060
0.071000	-2.894510
0.071100	0.070839
0.071200	4.024640
0.071300	2.047740
0.071400	5.013090
0.071500	2.047740
0.071600	2.047740
0.071700	4.024640
0.071800	4.024640
0.071900	3.036190
0.072000	1.059290
0.072100	5.013090
0.072200	5.013090
0.072300	-0.917611
0.072400	-2.894510
0.072500	-0.917611
0.072600	-1.906060
0.072700	-4.871410
0.072800	-2.894510
0.072900	-2.894510
0.073000	-2.894510
0.073100	0.070839
0.073200	1.059290
0.073300	-5.859860
0.073400	-1.906060
0.073500	-0.917611
0.073600	1.059290
0.073700	4.024640
0.073800	6.989990
0.073900	5.013090
0.074000	0.070839
0.074100	1.059290
0.074200	5.013090
0.074300	3.530410
0.074400	-2.400290
0.074500	-3.388740
0.074600	0.070839
0.074700	1.059290
0.074800	-0.917611
0.074900	-4.871410
0.075000	-2.894510
0.075100	-1.906060
0.075200	0.565064
0.075300	3.036190
0.075400	0.565064
0.075500	-7.342540
0.075600	-4.871410
0.075700	0.070839
0.075800	-0.423386
0.075900	3.036190
0.076000	7.978440
0.076100	9.955340
0.076200	8.966890
0.076300	7.978440
0.076400	4.024640
0.076500	0.070839
0.076600	-0.917611
0.076700	2.541960
0.076800	3.036190
0.076900	-6.848310
0.077000	-6.848310
0.077100	-6.848310
0.077200	-6.848310
0.077300	-2.894510
0.077400	4.024640
0.077500	5.013090
0.077600	3.036190
0.077700	1.059290
0.077800	-1.906060
0.077900	-4.871410
0.078000	-1.411840
0.078100	2.047740
0.078200	-0.917611
0.078300	6.989990
0.078400	14.897600
0.078500	10.449600
0.078600	3.036190
0.078700	1.059290
0.078800	-0.917611
0.078900	5.013090
0.079000	5.013090
0.079100	-1.906060
0.079200	-3.882960
0.079300	0.565064
0.079400	6.989990
0.079500	3.530410
0.079600	-4.871410
0.079700	-2.894510
0.079800	-4.871410
0.079900	-0.917611
0.080000	3.036190
0.080100	3.036190
0.080200	0.070839
0.080300	0.565064
0.080400	3.036190
0.080500	3.036190
0.080600	-1.906060
0.080700	-1.906060
0.080800	-0.917611
0.080900	-3.882960
0.081000	-2.894510
0.081100	5.013090
0.081200	5.013090
0.081300	4.518860
0.081400	3.530410
0.081500	2.541960
0.081600	0.565064
0.081700	-0.917611
0.081800	3.036190
0.081900	3.036190
0.082000	-3.882960
0.082100	-3.882960
0.082200	2.541960
0.082300	3.036190
0.082400	3.036190
0.082500	1.553510
0.082600	-1.906060
0.082700	0.070839
0.082800	-0.917611
0.082900	4.518860
0.083000	6.001540
0.083100	2.047740
0.083200	2.047740
0.083300	-1.411840
0.083400	-4.871410
0.083500	-2.894510
0.083600	-2.894510
0.083700	1.059290
0.083800	6.001540
0.083900	7.978440
0.084000	6.989990
0.084100	4.024640
0.084200	1.059290
0.084300	-0.917611
0.084400	2.541960
0.084500	2.047740
0.084600	0.070839
0.084700	-2.894510
0.084800	-2.894510
0.084900	1.059290
0.085000	7.978440
0.085100	5.013090
0.085200	4.024640
0.085300	5.013090
0.085400	4.024640
0.085500	1.059290
0.085600	3.036190
0.085700	7.978440
0.085800	5.013090
0.085900	6.495760
0.086000	7.484210
0.086100	1.059290
0.086200	-1.906060
0.086300	0.070839
0.086400	1.059290
0.086500	1.059290
0.086600	-1.906060
0.086700	-5.859860
0.086800	-8.825210
0.086900	-0.423386
0.087000	7.978440
0.087100	0.070839
0.087200	-7.836760
0.087300	0.070839
0.087400	-1.411840
0.087500	-3.882960
0.087600	-0.917611
0.087700	5.013090
0.087800	5.013090
0.087900	2.047740
0.088000	1.059290
0.088100	1.059290
0.088200	-2.894510
0.088300	1.059290
0.088400	4.024640
0.088500	5.013090
0.088600	5.013090
0.088700	3.036190
0.088800	-2.894510
0.088900	-2.400290
0.089000	3.036190
0.089100	-0.917611
0.089200	-3.882960
0.089300	3.036190
0.089400	6.001540
0.089500	1.059290
0.089600	1.059290
0.089700	6.001540
0.089800	3.036190
0.089900	0.070839
0.090000	0.070839
0.090100	2.047740
0.090200	4.024640
0.090300	9.461110
0.090400	10.943800
0.090500	8.472660
0.090600	3.530410
0.090700	5.013090
0.090800	6.001540
0.090900	3.036190
0.091000	4.024640
0.091100	6.989990
0.091200	1.059290
0.091300	-3.882960
0.091400	3.036190
0.091500	-0.423386
0.091600	-0.917611
0.091700	3.036190
0.091800	0.070839
0.091900	-3.882960
0.092000	1.059290
0.092100	1.059290
0.092200	-4.871410
0.092300	-2.894510
0.092400	0.070839
0.092500	0.070839
0.092600	5.013090
0.092700	5.507310
0.092800	3.530410
0.092900	-1.906060
0.093000	-3.388740
0.093100	1.059290
0.093200	4.024640
0.093300	0.565064
0.093400	0.070839
0.093500	-2.894510
0.093600	-0.917611
0.093700	6.989990
0.093800	5.013090
0.093900	-4.871410
0.094000	-2.894510
0.094100	5.013090
0.094200	0.565064
0.094300	-1.906060
0.094400	2.541960
0.094500	-2.400290
0.094600	-5.365640
0.094700	-2.894510
0.094800	0.070839
0.094900	-2.894510
0.095000	-2.894510
0.095100	4.024640
0.095200	6.001540
0.095300	-0.917611
0.095400	-5.365640
0.095500	-0.917611
0.095600	0.070839
0.095700	-2.894510
0.095800	-5.859860
0.095900	-1.906060
0.096000	3.036190
0.096100	5.013090
0.096200	1.059290
0.096300	-1.906060
0.096400	0.070839
0.096500	6.001540
0.096600	2.047740
0.096700	0.070839
0.096800	3.036190
0.096900	-2.894510
0.097000	3.036190
0.097100	6.495760
0.097200	0.070839
0.097300	0.070839
0.097400	-1.906060
0.097500	2.047740
0.097600	3.530410
0.097700	1.059290
0.097800	1.059290
0.097900	-2.894510
0.098000	-4.871410
0.098100	-2.894510
0.098200	2.047740
0.098300	0.070839
0.098400	2.047740
0.098500	5.013090
0.098600	5.013090
0.098700	1.553510
0.098800	2.047740
0.098900	3.036190
0.099000	-1.906060
0.099100	-0.917611
0.099200	5.013090
0.099300	5.013090
0.099400	-1.906060
0.099500	0.070839
0.099600	-2.894510
0.099700	-2.894510
0.099800	2.047740
0.099900	4.024640
0.100000	5.013090
0.100100	2.047740
0.100200	-1.411840
0.100300	-5.365640
0.100400	-1.906060
0.100500	5.013090
0.100600	4.024640
0.100700	-2.894510
0.100800	2.541960
0.100900	5.013090
0.101000	2.047740
0.101100	3.036190
0.101200	6.001540
0.101300	3.036190
0.101400	6.989990
0.101500	5.013090
0.101600	6.989990
0.101700	4.024640
0.101800	-2.894510
0.101900	-2.894510
0.102000	-1.411840
0.102100	-2.894510
0.102200	-2.894510
0.102300	1.059290
0.102400	0.070839
0.102500	5.013090
0.102600	5.013090
0.102700	3.036190
0.102800	3.036190
0.102900	2.541960
0.103000	4.518860
0.103100	3.530410
0.103200	-0.917611
0.103300	3.036190
0.103400	-5.365640
0.103500	1.059290
0.103600	5.013090
0.103700	4.518860
0.103800	-3.388740
0.103900	-4.871410
0.104000	-2.894510
0.104100	-2.894510
0.104200	2.047740
0.104300	5.013090
0.104400	0.070839
0.104500	-5.859860
0.104600	-0.917611
0.104700	0.070839
0.104800	-1.906060
0.104900	-0.917611
0.105000	2.047740
0.105100	5.013090
0.105200	2.541960
0.105300	-1.411840
0.105400	-1.906060
0.105500	2.541960
0.105600	6.001540
0.105700	5.013090
0.105800	2.047740
0.105900	-0.917611
0.106000	-0.917611
0.106100	0.070839
0.106200	4.518860
0.106300	1.059290
0.106400	1.059290
0.106500	4.518860
0.106600	3.036190
0.106700	2.047740
0.106800	5.013090
0.106900	-0.917611
0.107000	-2.894510
0.107100	-2.894510
0.107200	-2.894510
0.107300	-0.917611
0.107400	-1.411840
0.107500	-1.411840
0.107600	1.059290
0.107700	0.070839
0.107800	-2.894510
0.107900	-2.894510
0.108000	0.070839
0.108100	-3.388740
0.108200	-1.906060
0.108300	7.484210
0.108400	5.013090
0.108500	0.070839
0.108600	3.036190
0.108700	4.024640
0.108800	-2.894510
0.108900	-1.906060
0.109000	3.036190
0.109100	8.966890
0.109200	5.013090
0.109300	-1.906060
0.109400	0.070839
0.109500	3.036190
0.109600	6.989990
0.109700	9.461110
0.109800	4.024640
0.109900	-0.917611
0.110000	5.013090
0.110100	3.036190
0.110200	-3.882960
0.110300	-0.917611
0.110400	5.013090
0.110500	0.070839
0.110600	-2.400290
0.110700	0.070839
0.110800	3.036190
0.110900	0.565064
0.111000	0.070839
0.111100	-0.917611
0.111200	0.070839
0.111300	-0.917611
0.111400	-7.836760
0.111500	-0.917611
0.111600	2.047740
0.111700	-0.917611
0.111800	-1.411840
0.111900	-4.871410
0.112000	-0.917611
0.112100	-0.917611
0.112200	1.553510
0.112300	2.047740
0.112400	1.059290
0.112500	2.047740
0.112600	0.070839
0.112700	0.070839
0.112800	0.565064
0.112900	-1.906060
0.113000	0.070839
0.113100	1.059290
0.113200	-1.906060
0.113300	-6.848310
0.113400	-1.906060
0.113500	5.013090
0.113600	3.530410
0.113700	-0.917611
0.113800	-0.917611
0.113900	-3.882960
0.114000	-2.894510
0.114100	3.036190
0.114200	6.495760
0.114300	0.070839
0.114400	-0.917611
0.114500	3.530410
0.114600	4.518860
0.114700	1.059290
0.114800	-5.859860
0.114900	-7.342540
0.115000	-4.871410
0.115100	-2.894510
0.115200	3.036190
0.115300	1.059290
0.115400	4.024640
0.115500	0.070839
0.115600	3.036190
0.115700	3.036190
0.115800	1.059290
0.115900	5.013090
0.116000	1.059290
0.116100	0.565064
0.116200	8.966890
0.116300	9.955340
0.116400	0.565064
0.116500	-1.906060
0.116600	-1.906060
0.116700	-2.894510
0.116800	-4.871410
0.116900	-0.917611
0.117000	0.070839
0.117100	-2.894510
0.117200	-2.894510
0.117300	0.070839
0.117400	1.059290
0.117500	-3.882960
0.117600	-1.906060
0.117700	4.024640
0.117800	-1.411840
0.117900	-2.894510
0.118000	3.036190
0.118100	1.059290
0.118200	-1.906060
0.118300	1.059290
0.118400	4.024640
0.118500	4.518860
0.118600	4.024640
0.118700	5.013090
0.118800	4.024640
0.118900	0.565064
0.119000	0.070839
0.119100	-1.411840
0.119200	-4.871410
0.119300	-5.859860
0.119400	-6.848310
0.119500	-4.871410
0.119600	-3.388740
0.119700	-0.917611
0.119800	0.565064
0.119900	2.047740
0.120000	5.013090
0.120100	6.989990
0.120200	4.024640
0.120300	-3.882960
0.120400	-2.894510
0.120500	-1.411840
0.120600	1.059290
0.120700	-0.917611
0.120800	-2.894510
0.120900	-7.836760
0.121000	-7.836760
0.121100	-0.917611
0.121200	6.001540
0.121300	4.024640
0.121400	-2.894510
0.121500	3.036190
0.121600	-2.894510
0.121700	1.059290
0.121800	5.013090
0.121900	2.047740
0.122000	-0.917611
0.122100	1.059290
0.122200	-2.894510
0.122300	-1.411840
0.122400	3.036190
0.122500	5.013090
0.122600	1.059290
0.122700	-5.859860
0.122800	-0.423386
0.122900	5.013090
0.123000	0.070839
0.123100	-2.894510
0.123200	3.036190
0.123300	3.036190
0.123400	-3.882960
0.123500	-0.917611
0.123600	6.989990
0.123700	7.978440
0.123800	4.024640
0.123900	4.024640
0.124000	1.059290
0.124100	1.059290
0.124200	2.047740
0.124300	5.507310
0.124400	2.541960
0.124500	2.541960
0.124600	6.495760
0.124700	1.059290
0.124800	-1.411840
0.124900	2.047740
0.125000	0.070839
0.125100	-1.411840
0.125200	2.047740
0.125300	-0.917611
0.125400	-5.859860
0.125500	-7.342540
0.125600	-2.894510
0.125700	0.070839
0.125800	3.036190
0.125900	-0.917611
0.126000	-0.917611
0.126100	-1.411840
0.126200	-1.906060
0.126300	0.070839
0.126400	-2.400290
0.126500	-6.848310
0.126600	-2.894510
0.126700	-1.906060
0.126800	-3.882960
0.126900	-0.917611
0.127000	4.024640
0.127100	2.541960
0.127200	0.070839
0.127300	-1.906060
0.127400	-0.917611
0.127500	3.036190
0.127600	3.036190
0.127700	0.070839
0.127800	1.059290
0.127900	-0.917611
0.128000	4.024640
0.128100	4.024640
0.128200	3.036190
0.128300	0.070839
0.128400	0.565064
0.128500	-2.894510
0.128600	-6.848310
0.128700	-4.871410
0.128800	1.059290
0.128900	3.036190
0.129000	3.036190
0.129100	5.507310
0.129200	2.047740
0.129300	-0.917611
0.129400	-2.894510
0.129500	5.013090
0.129600	3.036190
0.129700	1.553510
0.129800	4.024640
0.129900	3.036190
0.130000	0.070839
0.130100	0.565064
0.130200	4.024640
0.130300	0.070839
0.130400	3.036190
0.130500	3.036190
0.130600	0.565064
0.130700	0.070839
0.130800	5.013090
0.130900	4.024640
0.131000	-2.894510
0.131100	0.070839
0.131200	4.024640
0.131300	-4.377190
0.131400	5.013090
0.131500	9.955340
0.131600	7.978440
0.131700	6.989990
0.131800	6.989990
0.131900	5.013090
0.132000	1.059290
0.132100	-0.917611
0.132200	-1.906060
0.132300	2.047740
0.132400	5.013090
0.132500	3.036190
0.132600	-1.906060
0.132700	-0.917611
0.132800	-1.906060
0.132900	-2.894510
0.133000	-2.894510
0.133100	-4.871410
0.133200	-2.894510
0.133300	4.024640
0.133400	5.013090
0.133500	-3.882960
0.133600	-2.894510
0.133700	3.530410
0.133800	0.070839
0.133900	2.047740
0.134000	5.013090
0.134100	1.059290
0.134200	1.553510
0.134300	1.059290
0.134400	-2.894510
0.134500	-0.917611
0.134600	-0.917611
0.134700	-0.917611
0.134800	3.036190
0.134900	0.565064
0.135000	-2.400290
0.135100	-7.836760
0.135200	-1.906060
0.135300	8.472660
0.135400	7.978440
0.135500	3.036190
0.135600	4.024640
0.135700	7.978440
0.135800	8.966890
0.135900	6.001540
0.136000	4.024640
0.136100	1.059290
0.136200	-1.906060
0.136300	4.024640
0.136400	4.024640
0.136500	-2.894510
0.136600	-2.894510
0.136700	0.070839
0.136800	2.047740
0.136900	0.070839
0.137000	2.541960
0.137100	2.047740
0.137200	-2.894510
0.137300	4.024640
0.137400	4.024640
0.137500	-0.917611
0.137600	-1.906060
0.137700	4.024640
0.137800	3.036190
0.137900	1.059290
0.138000	5.013090
0.138100	4.024640
0.138200	-2.894510
0.138300	4.024640
0.138400	6.989990
0.138500	3.036190
0.138600	-1.411840
0.138700	0.070839
0.138800	-1.411840
0.138900	-5.859860
0.139000	-1.411840
0.139100	7.978440
0.139200	6.495760
0.139300	4.024640
0.139400	3.036190
0.139500	-2.894510
0.139600	0.070839
0.139700	5.013090
0.139800	6.001540
0.139900	-0.917611
0.140000	-4.871410
0.140100	-1.411840
0.140200	4.024640
0.140300	-1.411840
0.140400	-2.894510
0.140500	-5.859860
0.140600	-0.917611
0.140700	6.989990
0.140800	4.518860
0.140900	-5.859860
0.141000	-4.871410
0.141100	1.059290
0.141200	1.059290
0.141300	-4.871410
0.141400	-5.859860
0.141500	2.047740
0.141600	9.955340
0.141700	5.013090
0.141800	3.036190
0.141900	-0.423386
0.142000	-5.859860
0.142100	-6.848310
0.142200	-3.882960
0.142300	-3.882960
0.142400	-1.906060
0.142500	0.070839
0.142600	1.059290
0.142700	6.001540
0.142800	5.013090
0.142900	3.530410
0.143000	1.059290
0.143100	3.036190
0.143200	5.013090
0.143300	2.047740
0.143400	-1.906060
0.143500	6.989990
0.143600	7.978440
0.143700	6.001540
0.143800	4.024640
0.143900	1.553510
0.144000	0.070839
0.144100	0.070839
0.144200	-0.917611
0.144300	-2.894510
0.144400	-2.894510
0.144500	0.070839
0.144600	6.001540
0.144700	-0.917611
0.144800	-4.377190
0.144900	-1.906060
0.145000	-2.894510
0.145100	-4.871410
0.145200	-1.411840
0.145300	0.070839
0.145400	-0.917611
0.145500	1.059290
0.145600	-0.917611
0.145700	-1.411840
0.145800	-2.894510
0.145900	-2.894510
0.146000	0.070839
0.146100	2.047740
0.146200	0.070839
0.146300	4.518860
0.146400	2.541960
0.146500	-2.894510
0.146600	-6.848310
0.146700	-2.894510
0.146800	1.059290
0.146900	1.059290
0.147000	1.059290
0.147100	2.541960
0.147200	5.013090
0.147300	5.013090
0.147400	4.024640
0.147500	2.047740
0.147600	4.024640
0.147700	4.024640
0.147800	6.495760
0.147900	6.495760
0.148000	2.541960
0.148100	4.024640
0.148200	1.059290
0.148300	0.070839
0.148400	0.070839
0.148500	2.047740
0.148600	6.001540
0.148700	3.036190
0.148800	6.001540
0.148900	6.495760
0.149000	1.553510
0.149100	-0.917611
0.149200	1.059290
0.149300	3.036190
0.149400	-0.917611
0.149500	1.059290
0.149600	-0.917611
0.149700	-1.411840
0.149800	-0.917611
0.149900	3.036190
0.150000	-1.906060
0.150100	-5.859860
0.150200	-1.906060
0.150300	-0.917611
0.150400	-0.917611
0.150500	0.070839
0.150600	3.036190
0.150700	2.047740
0.150800	-0.917611
0.150900	6.001540
0.151000	6.495760
0.151100	2.541960
0.151200	0.565064
0.151300	0.070839
0.151400	-1.906060
0.151500	0.070839
0.151600	-0.917611
0.151700	-0.917611
0.151800	-2.894510
0.151900	0.070839
0.152000	1.059290
0.152100	-6.848310
0.152200	-3.388740
0.152300	2.047740
0.152400	0.070839
0.152500	-5.859860
0.152600	-1.906060
0.152700	-2.400290
0.152800	-1.411840
0.152900	-2.894510
0.153000	-1.906060
0.153100	-1.411840
0.153200	1.059290
0.153300	-1.411840
0.153400	-4.871410
0.153500	-4.377190
0.153600	-0.917611
0.153700	0.070839
0.153800	2.541960
0.153900	3.036190
0.154000	3.036190
0.154100	0.070839
0.154200	2.047740
0.154300	0.070839
0.154400	3.036190
0.154500	5.507310
0.154600	6.001540
0.154700	5.013090
0.154800	-6.848310
0.154900	-3.388740
0.155000	6.495760
0.155100	4.024640
0.155200	0.070839
0.155300	5.013090
0.155400	0.070839
0.155500	1.059290
0.155600	-0.917611
0.155700	1.059290
0.155800	-2.894510
0.155900	-5.859860
0.156000	-3.882960
0.156100	3.036190
0.156200	4.024640
0.156300	-3.882960
0.156400	-1.906060
0.156500	3.036190
0.156600	5.013090
0.156700	4.024640
0.156800	3.036190
0.156900	-1.906060
0.157000	-4.871410
0.157100	0.070839
0.157200	1.553510
0.157300	1.059290
0.157400	-2.894510
0.157500	1.059290
0.157600	-1.906060
0.157700	-1.906060
0.157800	1.059290
0.157900	3.036190
0.158000	3.530410
0.158100	6.001540
0.158200	5.013090
0.158300	2.047740
0.158400	7.978440
0.158500	7.978440
0.158600	4.024640
0.158700	0.565064
0.158800	4.024640
0.158900	1.059290
0.159000	-1.906060
0.159100	3.036190
0.159200	3.530410
0.159300	1.059290
0.159400	-2.894510
0.159500	-5.365640
0.159600	-4.871410
0.159700	-7.342540
0.159800	-6.848310
0.159900	-2.400290
0.160000	1.059290
0.160100	2.047740
0.160200	-1.906060
0.160300	-8.825210
0.160400	-4.871410
0.160500	6.989990
0.160600	3.036190
0.160700	-6.848310
0.160800	-4.871410
0.160900	3.530410
0.161000	1.059290
0.161100	-0.917611
0.161200	-1.906060
0.161300	-0.917611
0.161400	3.036190
0.161500	3.530410
0.161600	-1.906060
0.161700	-2.894510
0.161800	3.036190
0.161900	5.013090
0.162000	5.013090
0.162100	3.036190
0.162200	-0.917611
0.162300	-7.836760
0.162400	-0.917611
0.162500	6.001540
0.162600	3.036190
0.162700	2.047740
0.162800	6.495760
0.162900	6.001540
0.163000	2.541960
0.163100	1.059290
0.163200	5.013090
0.163300	-1.906060
0.163400	-6.848310
0.163500	-1.906060
0.163600	-0.917611
0.163700	-3.882960
0.163800	1.553510
0.163900	0.070839
0.164000	-2.894510
0.164100	3.036190
0.164200	6.001540
0.164300	5.013090
0.164400	3.036190
0.164500	5.013090
0.164600	5.013090
0.164700	1.059290
0.164800	1.059290
0.164900	-1.906060
0.165000	-1.906060
0.165100	5.013090
0.165200	4.024640
0.165300	-5.365640
0.165400	-2.894510
0.165500	1.553510
0.165600	0.070839
0.165700	0.070839
0.165800	7.978440
0.165900	5.013090
0.166000	-2.894510
0.166100	1.059290
0.166200	7.484210
0.166300	0.565064
0.166400	-2.894510
0.166500	4.024640
0.166600	3.036190
0.166700	-1.906060
0.166800	1.059290
0.166900	3.530410
0.167000	0.070839
0.167100	-2.894510
0.167200	0.070839
0.167300	0.565064
0.167400	-5.859860
0.167500	-3.882960
0.167600	-0.917611
0.167700	-2.894510
0.167800	-1.906060
0.167900	4.024640
0.168000	-0.917611
0.168100	3.036190
0.168200	7.978440
0.168300	6.989990
0.168400	-2.894510
0.168500	-0.917611
0.168600	-0.917611
0.168700	1.059290
0.168800	0.070839
0.168900	1.059290
0.169000	-0.917611
0.169100	1.059290
0.169200	-1.906060
0.169300	3.036190
0.169400	5.013090
0.169500	-3.882960
0.169600	-2.894510
0.169700	-1.906060
0.169800	0.070839
0.169900	2.541960
0.170000	0.070839
0.170100	-1.906060
0.170200	1.059290
0.170300	3.530410
0.170400	0.565064
0.170500	-1.906060
0.170600	-0.917611
0.170700	2.047740
0.170800	0.070839
0.170900	1.059290
0.171000	4.024640
0.171100	6.989990
0.171200	5.013090
0.171300	-5.859860
0.171400	-0.917611
0.171500	-4.377190
0.171600	-0.423386
0.171700	3.036190
0.171800	1.059290
0.171900	2.047740
0.172000	1.059290
0.172100	1.059290
0.172200	4.024640
0.172300	5.013090
0.172400	-1.411840
0.172500	-8.330990
0.172600	-5.859860
0.172700	-1.906060
0.172800	-2.894510
0.172900	-3.388740
0.173000	3.036190
0.173100	1.059290
0.173200	-2.894510
0.173300	3.036190
0.173400	0.070839
0.173500	1.059290
0.173600	5.013090
0.173700	5.507310
0.173800	2.541960
0.173900	6.001540
0.174000	12.920700
0.174100	6.001540
0.174200	0.070839
0.174300	6.001540
0.174400	10.943800
0.174500	3.036190
0.174600	-0.423386
0.174700	5.013090
0.174800	5.013090
0.174900	-2.894510
0.175000	-4.871410
0.175100	-2.894510
0.175200	-2.894510
0.175300	-4.871410
0.175400	-4.377190
0.175500	1.059290
0.175600	6.989990
0.175700	4.024640
0.175800	-4.377190
0.175900	-4.377190
0.176000	-2.894510
0.176100	0.070839
0.176200	-3.882960
0.176300	-0.917611
0.176400	4.024640
0.176500	2.047740
0.176600	-1.906060
0.176700	-1.411840
0.176800	1.059290
0.176900	-0.917611
0.177000	-2.894510
0.177100	-0.917611
0.177200	1.059290
0.177300	-1.906060
0.177400	-7.836760
0.177500	-2.894510
0.177600	0.565064
0.177700	0.070839
0.177800	-2.894510
0.177900	-2.894510
0.178000	0.565064
0.178100	2.541960
0.178200	2.541960
0.178300	3.036190
0.178400	8.966890
0.178500	7.978440
0.178600	0.070839
0.178700	-2.894510
0.178800	0.070839
0.178900	5.507310
0.179000	5.507310
0.179100	2.047740
0.179200	-2.894510
0.179300	-6.848310
0.179400	-5.859860
0.179500	2.047740
0.179600	-0.917611
0.179700	-4.871410
0.179800	-3.882960
0.179900	5.013090
0.180000	4.024640
0.180100	2.047740
0.180200	-2.894510
0.180300	-8.825210
0.180400	-6.848310
0.180500	-3.882960
0.180600	-4.871410
0.180700	-3.388740
0.180800	-0.917611
0.180900	-3.882960
0.181000	-7.836760
0.181100	-3.882960
0.181200	-1.411840
0.181300	2.541960
0.181400	-3.882960
0.181500	-2.894510
0.181600	1.059290
0.181700	-0.917611
0.181800	-2.894510
0.181900	1.059290
0.182000	5.013090
0.182100	-1.906060
0.182200	-2.894510
0.182300	5.013090
0.182400	0.565064
0.182500	-0.917611
0.182600	4.518860
0.182700	5.013090
0.182800	-1.906060
0.182900	-1.906060
0.183000	6.001540
0.183100	2.541960
0.183200	-2.894510
0.183300	1.059290
0.183400	0.070839
0.183500	-2.894510
0.183600	-3.882960
0.183700	1.059290
0.183800	1.059290
0.183900	1.059290
0.184000	4.024640
0.184100	0.070839
0.184200	-6.354090
0.184300	-1.906060
0.184400	6.495760
0.184500	3.036190
0.184600	-0.917611
0.184700	1.059290
0.184800	0.070839
0.184900	-4.871410
0.185000	-7.836760
0.185100	-3.388740
0.185200	-1.906060
0.185300	-0.423386
0.185400	3.036190
0.185500	5.013090
0.185600	-2.894510
0.185700	-2.894510
0.185800	4.024640
0.185900	2.047740
0.186000	-1.906060
0.186100	5.507310
0.186200	6.001540
0.186300	-0.917611
0.186400	-0.917611
0.186500	2.047740
0.186600	-3.882960
0.186700	-5.859860
0.186800	0.070839
0.186900	8.472660
0.187000	9.461110
0.187100	6.001540
0.187200	-0.917611
0.187300	-3.882960
0.187400	-9.319440
0.187500	0.070839
0.187600	3.036190
0.187700	1.059290
0.187800	0.070839
0.187900	0.070839
0.188000	3.036190
0.188100	3.036190
0.188200	0.070839
0.188300	-2.894510
0.188400	-6.848310
0.188500	0.070839
0.188600	4.518860
0.188700	-2.894510
0.188800	-3.882960
0.188900	-0.917611
0.189000	-1.906060
0.189100	-4.871410
0.189200	-2.894510
0.189300	-0.917611
0.189400	5.013090
0.189500	1.059290
0.189600	-0.917611
0.189700	2.047740
0.189800	5.013090
0.189900	1.059290
0.190000	-3.882960
0.190100	-2.894510
0.190200	-1.906060
0.190300	-0.917611
0.190400	-1.411840
0.190500	0.070839
0.190600	-1.906060
0.190700	-1.906060
0.190800	3.036190
0.190900	4.024640
0.191000	4.518860
0.191100	0.070839
0.191200	1.059290
0.191300	0.070839
0.191400	6.989990
0.191500	8.966890
0.191600	3.036190
0.191700	-1.906060
0.191800	5.013090
0.191900	5.013090
0.192000	2.047740
0.192100	5.013090
0.192200	1.553510
0.192300	-1.906060
0.192400	-3.882960
0.192500	1.059290
0.192600	4.024640
0.192700	3.036190
0.192800	-0.917611
0.192900	-0.423386
0.193000	1.059290
0.193100	-0.917611
0.193200	-2.894510
0.193300	2.047740
0.193400	-1.411840
0.193500	-2.894510
0.193600	-0.917611
0.193700	3.036190
0.193800	2.047740
0.193900	1.059290
0.194000	1.059290
0.194100	1.059290
0.194200	-2.894510
0.194300	0.070839
0.194400	0.070839
0.194500	2.047740
0.194600	4.024640
0.194700	6.001540
0.194800	5.013090
0.194900	5.013090
0.195000	1.059290
0.195100	-1.906060
0.195200	-1.906060
0.195300	3.036190
0.195400	8.966890
0.195500	5.013090
0.195600	0.070839
0.195700	0.565064
0.195800	0.070839
0.195900	0.070839
0.196000	1.059290
0.196100	2.047740
0.196200	0.070839
0.196300	0.070839
0.196400	5.013090
0.196500	5.013090
0.196600	-3.882960
0.196700	-2.894510
0.196800	1.059290
0.196900	6.001540
0.197000	5.013090
0.197100	5.013090
0.197200	3.036190
0.197300	-0.917611
0.197400	-2.894510
0.197500	-2.894510
0.197600	-4.377190
0.197700	-8.825210
0.197800	-4.871410
0.197900	5.013090
0.198000	-2.894510
0.198100	-6.354090
0.198200	0.070839
0.198300	4.518860
0.198400	-1.906060
0.198500	-4.871410
0.198600	-1.906060
0.198700	-2.894510
0.198800	-3.882960
0.198900	0.565064
0.199000	5.013090
0.199100	5.507310
0.199200	6.989990
0.199300	7.978440
0.199400	-0.917611
0.199500	-2.894510
0.199600	1.059290
0.199700	6.989990
0.199800	0.565064
0.199900	-4.871410
0.200000	0.070839
0.200100	1.059290
0.200200	-4.871410
0.200300	-3.388740
0.200400	1.059290
0.200500	2.047740
0.200600	2.047740
0.200700	-1.906060
0.200800	0.070839
0.200900	-1.906060
0.201000	-3.388740
0.201100	-3.388740
0.201200	-1.906060
0.201300	-0.917611
0.201400	4.024640
0.201500	5.013090
0.201600	-1.411840
0.201700	1.059290
0.201800	6.001540
0.201900	4.518860
0.202000	-0.917611
0.202100	-0.917611
0.202200	6.989990
0.202300	4.024640
0.202400	-2.894510
0.202500	1.059290
0.202600	3.036190
0.202700	3.036190
0.202800	-0.917611
0.202900	0.070839
0.203000	-0.917611
0.203100	-0.917611
0.203200	6.001540
0.203300	-1.906060
0.203400	-3.882960
0.203500	4.024640
0.203600	6.989990
0.203700	1.059290
0.203800	-1.411840
0.203900	6.989990
0.204000	5.013090
0.204100	-1.906060
0.204200	-2.400290
0.204300	-0.917611
0.204400	-2.894510
0.204500	-9.319440
0.204600	-8.825210
0.204700	-3.882960
0.204800	-4.871410
0.204900	-5.859860
0.205000	-3.882960
0.205100	-0.917611
0.205200	-5.365640
0.205300	-5.859860
0.205400	-7.836760
0.205500	5.013090
0.205600	11.932200
0.205700	5.013090
0.205800	1.059290
0.205900	3.036190
0.206000	3.036190
0.206100	2.047740
0.206200	4.024640
0.206300	1.553510
0.206400	-1.906060
0.206500	-0.917611
0.206600	8.966890
0.206700	5.013090
0.206800	2.047740
0.206900	5.013090
0.207000	5.013090
0.207100	4.024640
0.207200	6.989990
0.207300	8.966890
0.207400	-2.894510
0.207500	-1.906060
0.207600	4.024640
0.207700	4.518860
0.207800	1.059290
0.207900	1.059290
0.208000	-0.917611
0.208100	-0.917611
0.208200	-1.411840
0.208300	5.013090
0.208400	2.541960
0.208500	1.059290
0.208600	5.013090
0.208700	3.036190
0.208800	-0.917611
0.208900	1.059290
0.209000	-3.882960
0.209100	-9.813660
0.209200	-4.871410
0.209300	-1.906060
0.209400	0.070839
0.209500	-1.906060
0.209600	-5.365640
0.209700	-7.342540
0.209800	-3.882960
0.209900	-3.388740
0.210000	-5.859860
0.210100	-3.882960
0.210200	-0.917611
0.210300	6.989990
0.210400	9.955340
0.210500	4.024640
0.210600	-0.423386
0.210700	5.013090
0.210800	5.013090
0.210900	1.059290
0.211000	3.036190
0.211100	0.070839
0.211200	3.036190
0.211300	7.978440
0.211400	4.024640
0.211500	3.036190
0.211600	6.001540
0.211700	6.989990
0.211800	6.001540
0.211900	3.036190
0.212000	-1.906060
0.212100	-3.388740
0.212200	-0.917611
0.212300	0.565064
0.212400	-1.411840
0.212500	-3.882960
0.212600	0.070839
0.212700	0.070839
0.212800	-4.871410
0.212900	1.059290
0.213000	10.943800
0.213100	1.553510
0.213200	-4.871410
0.213300	-1.411840
0.213400	-8.825210
0.213500	-6.848310
0.213600	-4.871410
0.213700	-2.894510
0.213800	-3.882960
0.213900	-3.882960
0.214000	1.059290
0.214100	5.013090
0.214200	3.530410
0.214300	5.013090
0.214400	3.036190
0.214500	0.565064
0.214600	2.047740
0.214700	3.036190
0.214800	4.024640
0.214900	2.047740
0.215000	5.013090
0.215100	4.024640
0.215200	0.070839
0.215300	2.047740
0.215400	0.070839
0.215500	3.036190
0.215600	2.047740
0.215700	-0.917611
0.215800	-0.917611
0.215900	-1.411840
0.216000	-0.917611
0.216100	3.036190
0.216200	1.059290
0.216300	-1.906060
0.216400	-0.917611
0.216500	4.024640
0.216600	-0.917611
0.216700	-2.894510
0.216800	0.070839
0.216900	-0.917611
0.217000	-2.894510
0.217100	-0.917611
0.217200	2.047740
0.217300	3.036190
0.217400	-6.848310
0.217500	-9.319440
0.217600	-5.859860
0.217700	-4.377190
0.217800	-5.859860
0.217900	-4.871410
0.218000	-2.894510
0.218100	-0.917611
0.218200	0.070839
0.218300	5.013090
0.218400	7.484210
0.218500	5.013090
0.218600	-2.894510
0.218700	-2.894510
0.218800	-2.894510
0.218900	-0.917611
0.219000	3.036190
0.219100	6.989990
0.219200	4.024640
0.219300	2.047740
0.219400	2.541960
0.219500	6.989990
0.219600	1.059290
0.219700	-5.365640
0.219800	-1.411840
0.219900	3.036190
0.220000	1.059290
0.220100	2.047740
0.220200	1.059290
0.220300	-1.906060
0.220400	0.070839
0.220500	-0.917611
0.220600	-2.894510
0.220700	4.024640
0.220800	8.966890
0.220900	1.059290
0.221000	-1.906060
0.221100	-1.906060
0.221200	0.070839
0.221300	-2.894510
0.221400	-2.894510
0.221500	-2.400290
0.221600	2.047740
0.221700	-0.917611
0.221800	-3.388740
0.221900	-7.342540
0.222000	-3.882960
0.222100	3.036190
0.222200	5.013090
0.222300	4.024640
0.222400	-0.423386
0.222500	0.070839
0.222600	2.541960
0.222700	-0.917611
0.222800	0.070839
0.222900	6.495760
0.223000	6.989990
0.223100	2.047740
0.223200	0.565064
0.223300	-1.906060
0.223400	-9.813660
0.223500	-6.848310
0.223600	5.013090
0.223700	4.024640
0.223800	0.070839
0.223900	0.070839
0.224000	1.059290
0.224100	-1.906060
0.224200	-2.894510
0.224300	-1.411840
0.224400	-3.882960
0.224500	-6.848310
0.224600	-5.859860
0.224700	1.059290
0.224800	1.059290
0.224900	3.036190
0.225000	5.013090
0.225100	-2.894510
0.225200	-0.917611
0.225300	5.013090
0.225400	3.036190
0.225500	5.013090
0.225600	5.013090
0.225700	4.518860
0.225800	6.001540
0.225900	2.047740
0.226000	-1.906060
0.226100	1.059290
0.226200	3.036190
0.226300	2.047740
0.226400	3.036190
0.226500	4.518860
0.226600	5.013090
0.226700	2.047740
0.226800	2.047740
0.226900	3.036190
0.227000	8.966890
0.227100	10.943800
0.227200	6.001540
0.227300	2.541960
0.227400	10.943800
0.227500	5.013090
0.227600	6.001540
0.227700	1.059290
0.227800	-4.871410
0.227900	-5.365640
0.228000	-2.894510
0.228100	4.024640
0.228200	3.036190
0.228300	-0.917611
0.228400	2.047740
0.228500	-1.906060
0.228600	-3.882960
0.228700	-2.894510
0.228800	0.070839
0.228900	1.059290
0.229000	5.013090
0.229100	5.507310
0.229200	-1.906060
0.229300	-10.802100
0.229400	-4.871410
0.229500	-6.848310
0.229600	-8.825210
0.229700	-5.365640
0.229800	3.036190
0.229900	-0.917611
0.230000	-3.388740
0.230100	-4.377190
0.230200	-1.906060
0.230300	-0.917611
0.230400	4.024640
0.230500	4.518860
0.230600	-1.906060
0.230700	-2.894510
0.230800	5.013090
0.230900	6.495760
0.231000	4.024640
0.231100	4.024640
0.231200	5.013090
0.231300	-3.882960
0.231400	1.059290
0.231500	7.978440
0.231600	4.518860
0.231700	-2.400290
0.231800	-1.906060
0.231900	3.036190
0.232000	0.070839
0.232100	0.070839
0.232200	2.047740
0.232300	-0.423386
0.232400	-1.906060
0.232500	3.036190
0.232600	3.036190
0.232700	-1.906060
0.232800	-1.411840
0.232900	1.059290
0.233000	0.070839
0.233100	1.553510
0.233200	4.024640
0.233300	0.070839
0.233400	-0.423386
0.233500	-1.906060
0.233600	-3.882960
0.233700	-3.882960
0.233800	2.541960
0.233900	6.989990
0.234000	5.013090
0.234100	3.036190
0.234200	3.036190
0.234300	3.036190
0.234400	4.024640
0.234500	4.024640
0.234600	3.036190
0.234700	3.036190
0.234800	5.013090
0.234900	3.530410
0.235000	5.013090
0.235100	-1.906060
0.235200	1.059290
0.235300	5.013090
0.235400	-1.906060
0.235500	-2.894510
0.235600	4.024640
0.235700	6.989990
0.235800	2.047740
0.235900	5.013090
0.236000	3.036190
0.236100	1.059290
0.236200	0.070839
0.236300	-1.411840
0.236400	-2.894510
0.236500	-2.894510
0.236600	2.047740
0.236700	5.013090
0.236800	2.047740
0.236900	0.070839
0.237000	6.001540
0.237100	5.013090
0.237200	5.013090
0.237300	6.001540
0.237400	5.013090
0.237500	1.059290
0.237600	-1.411840
0.237700	5.013090
0.237800	3.530410
0.237900	-2.894510
0.238000	-0.917611
0.238100	3.036190
0.238200	-2.894510
0.238300	-3.388740
0.238400	-0.917611
0.238500	4.024640
0.238600	6.989990
0.238700	8.966890
0.238800	6.001540
0.238900	4.024640
0.239000	4.024640
0.239100	0.565064
0.239200	-3.882960
0.239300	-1.906060
0.239400	0.070839
0.239500	-2.894510
0.239600	-0.423386
0.239700	2.047740
0.239800	-3.882960
0.239900	-2.894510
0.240000	-0.917611
0.240100	-2.894510
0.240200	0.070839
0.240300	5.013090
0.240400	6.989990
0.240500	4.024640
0.240600	-0.917611
0.240700	-3.882960
0.240800	-3.882960
0.240900	1.059290
0.241000	1.059290
0.241100	0.070839
0.241200	-0.917611
0.241300	1.059290
0.241400	1.059290
0.241500	-3.388740
0.241600	0.070839
0.241700	3.530410
0.241800	-0.917611
0.241900	-3.882960
0.242000	-0.917611
0.242100	3.036190
0.242200	3.036190
0.242300	3.036190
0.242400	2.047740
0.242500	0.070839
0.242600	5.013090
0.242700	2.541960
0.242800	-2.894510
0.242900	-0.917611
0.243000	1.059290
0.243100	-1.906060
0.243200	-0.917611
0.243300	-4.871410
0.243400	-0.917611
0.243500	5.013090
0.243600	6.495760
0.243700	0.565064
0.243800	-6.848310
0.243900	-2.894510
0.244000	2.541960
0.244100	-4.871410
0.244200	-7.836760
0.244300	-2.894510
0.244400	-0.917611
0.244500	-3.882960
0.244600	-4.871410
0.244700	-2.894510
0.244800	-6.848310
0.244900	-5.365640
0.245000	3.036190
0.245100	2.047740
0.245200	-1.906060
0.245300	-0.917611
0.245400	-2.894510
0.245500	-2.894510
0.245600	-4.871410
0.245700	0.070839
0.245800	2.541960
0.245900	3.036190
0.246000	5.013090
0.246100	-3.882960
0.246200	-8.825210
0.246300	-0.917611
0.246400	4.518860
0.246500	2.541960
0.246600	0.070839
0.246700	6.001540
0.246800	6.989990
0.246900	-1.411840
0.247000	-2.894510
0.247100	0.070839
0.247200	0.070839
0.247300	3.036190
0.247400	6.989990
0.247500	0.070839
0.247600	0.565064
0.247700	4.024640
0.247800	1.059290
0.247900	3.036190
0.248000	4.024640
0.248100	4.518860
0.248200	3.530410
0.248300	4.518860
0.248400	5.013090
0.248500	2.541960
0.248600	-4.871410
0.248700	-4.871410
0.248800	2.047740
0.248900	1.059290
0.249000	-0.917611
0.249100	2.047740
0.249200	4.024640
0.249300	5.013090
0.249400	3.036190
0.249500	6.001540
0.249600	6.495760
0.249700	2.541960
0.249800	4.024640
0.249900	3.036190
0.250000	2.047740
0.250100	-2.894510
0.250200	2.541960
0.250300	1.059290
0.250400	-2.894510
0.250500	-0.917611
0.250600	1.059290
0.250700	-2.894510
0.250800	-2.894510
0.250900	-0.917611
0.251000	2.047740
0.251100	0.070839
0.251200	-0.917611
0.251300	-2.894510
0.251400	-2.894510
0.251500	-1.906060
0.251600	-1.411840
0.251700	-2.894510
0.251800	1.059290
0.251900	3.036190
0.252000	-0.917611
0.252100	5.013090
0.252200	5.013090
0.252300	-3.882960
0.252400	-1.906060
0.252500	4.024640
0.252600	5.013090
0.252700	3.036190
0.252800	3.036190
0.252900	0.070839
0.253000	-6.848310
0.253100	-6.848310
0.253200	-0.917611
0.253300	2.541960
0.253400	2.047740
0.253500	-1.411840
0.253600	-2.894510
0.253700	-1.906060
0.253800	-2.894510
0.253900	-2.894510
0.254000	-1.906060
0.254100	0.070839
0.254200	-1.906060
0.254300	-5.365640
0.254400	-5.365640
0.254500	-0.423386
0.254600	4.024640
0.254700	2.047740
0.254800	0.070839
0.254900	-1.906060
0.255000	-5.365640
0.255100	-2.400290
0.255200	6.001540
0.255300	9.955340
0.255400	2.047740
0.255500	3.036190
0.255600	4.024640
0.255700	1.059290
0.255800	-2.894510
0.255900	1.059290
0.256000	3.036190
0.256100	2.047740
0.256200	5.013090
0.256300	7.978440
0.256400	4.024640
0.256500	-4.871410
0.256600	-0.917611
0.256700	6.495760
0.256800	-1.411840
0.256900	-5.859860
0.257000	-1.411840
0.257100	-4.871410
0.257200	-6.848310
0.257300	-1.906060
0.257400	-1.906060
0.257500	3.036190
0.257600	1.059290
0.257700	-0.423386
0.257800	-2.400290
0.257900	0.070839
0.258000	2.047740
0.258100	0.070839
0.258200	-3.882960
0.258300	-2.894510
0.258400	3.036190
0.258500	4.024640
0.258600	1.059290
0.258700	1.059290
0.258800	4.518860
0.258900	7.978440
0.259000	7.978440
0.259100	1.059290
0.259200	0.565064
0.259300	3.036190
0.259400	-0.917611
0.259500	-3.388740
0.259600	-0.917611
0.259700	0.070839
0.259800	-2.894510
0.259900	-4.871410
0.260000	0.070839
0.260100	4.518860
0.260200	3.530410
0.260300	-4.871410
0.260400	-2.894510
0.260500	0.070839
0.260600	3.036190
0.260700	6.001540
0.260800	8.966890
0.260900	4.024640
0.261000	3.036190
0.261100	0.070839
0.261200	-3.882960
0.261300	-4.871410
0.261400	-7.836760
0.261500	-3.882960
0.261600	-1.906060
0.261700	-1.411840
0.261800	1.059290
0.261900	-0.917611
0.262000	-2.894510
0.262100	-4.377190
0.262200	-2.894510
0.262300	-0.917611
0.262400	3.036190
0.262500	5.013090
0.262600	4.024640
0.262700	6.001540
0.262800	6.989990
0.262900	-0.917611
0.263000	-2.894510
0.263100	5.013090
0.263200	10.943800
0.263300	3.036190
0.263400	5.013090
0.263500	5.013090
0.263600	1.059290
0.263700	-1.906060
0.263800	2.047740
0.263900	5.013090
0.264000	-0.917611
0.264100	-5.365640
0.264200	-2.894510
0.264300	2.047740
0.264400	-2.894510
0.264500	-0.917611
0.264600	1.059290
0.264700	-1.411840
0.264800	6.495760
0.264900	8.966890
0.265000	1.059290
0.265100	-2.894510
0.265200	-0.917611
0.265300	-3.882960
0.265400	-4.377190
0.265500	1.059290
0.265600	3.036190
0.265700	-0.917611
0.265800	-1.906060
0.265900	5.013090
0.266000	5.013090
0.266100	0.070839
0.266200	0.070839
0.266300	3.036190
0.266400	-2.894510
0.266500	-1.906060
0.266600	5.013090
0.266700	6.001540
0.266800	4.024640
0.266900	-1.906060
0.267000	-1.906060
0.267100	0.070839
0.267200	3.036190
0.267300	6.989990
0.267400	6.001540
0.267500	-2.894510
0.267600	-1.411840
0.267700	1.553510
0.267800	-0.917611
0.267900	-0.423386
0.268000	2.541960
0.268100	5.013090
0.268200	3.036190
0.268300	-2.894510
0.268400	0.070839
0.268500	4.024640
0.268600	1.059290
0.268700	3.036190
0.268800	4.024640
0.268900	-2.894510
0.269000	1.059290
0.269100	6.495760
0.269200	1.059290
0.269300	5.507310
0.269400	5.013090
0.269500	8.966890
0.269600	4.024640
0.269700	0.070839
0.269800	3.036190
0.269900	3.036190
0.270000	1.059290
0.270100	-0.917611
0.270200	-1.906060
0.270300	-1.906060
0.270400	1.059290
0.270500	4.024640
0.270600	2.541960
0.270700	-1.411840
0.270800	0.565064
0.270900	-0.917611
0.271000	-1.906060
0.271100	6.001540
0.271200	7.978440
0.271300	6.001540
0.271400	0.565064
0.271500	-4.377190
0.271600	-0.917611
0.271700	-1.411840
0.271800	3.530410
0.271900	5.013090
0.272000	2.047740
0.272100	-0.917611
0.272200	1.059290
0.272300	1.059290
0.272400	4.024640
0.272500	6.001540
0.272600	1.059290
0.272700	-3.882960
0.272800	0.565064
0.272900	3.036190
0.273000	-0.917611
0.273100	-1.906060
0.273200	-0.917611
0.273300	5.013090
0.273400	0.070839
0.273500	3.036190
0.273600	6.989990
0.273700	5.013090
0.273800	0.070839
0.273900	1.059290
0.274000	3.036190
0.274100	2.541960
0.274200	0.070839
0.274300	1.059290
0.274400	2.541960
0.274500	-0.917611
0.274600	-3.882960
0.274700	2.047740
0.274800	3.036190
0.274900	4.024640
0.275000	1.059290
0.275100	0.070839
0.275200	-1.906060
0.275300	2.047740
0.275400	5.013090
0.275500	2.047740
0.275600	-3.882960
0.275700	-3.882960
0.275800	1.059290
0.275900	5.013090
0.276000	4.518860
0.276100	-4.871410
0.276200	-4.871410
0.276300	-0.917611
0.276400	0.070839
0.276500	-2.894510
0.276600	-3.882960
0.276700	2.047740
0.276800	-1.906060
0.276900	-2.894510
0.277000	6.989990
0.277100	8.472660
0.277200	4.024640
0.277300	5.013090
0.277400	-0.917611
0.277500	-5.859860
0.277600	0.565064
0.277700	4.518860
0.277800	3.036190
0.277900	3.036190
0.278000	5.013090
0.278100	3.036190
0.278200	1.059290
0.278300	1.059290
0.278400	-2.894510
0.278500	-3.882960
0.278600	1.059290
0.278700	7.978440
0.278800	4.024640
0.278900	-0.917611
0.279000	-2.894510
0.279100	-7.836760
0.279200	-6.848310
0.279300	1.059290
0.279400	1.059290
0.279500	-0.917611
0.279600	-0.423386
0.279700	5.013090
0.279800	3.036190
0.279900	-2.894510
0.280000	-1.906060
0.280100	-0.917611
0.280200	-1.906060
0.280300	0.070839
0.280400	0.070839
0.280500	1.059290
0.280600	-0.423386
0.280700	3.036190
0.280800	5.013090
0.280900	-3.882960
0.281000	-5.859860
0.281100	-0.917611
0.281200	1.059290
0.281300	2.047740
0.281400	1.553510
0.281500	0.070839
0.281600	6.001540
0.281700	5.013090
0.281800	-1.906060
0.281900	4.024640
0.282000	12.920700
0.282100	7.978440
0.282200	3.036190
0.282300	3.036190
0.282400	2.047740
0.282500	-1.906060
0.282600	-3.882960
0.282700	-2.894510
0.282800	0.070839
0.282900	-2.894510
0.283000	-3.388740
0.283100	4.024640
0.283200	3.036190
0.283300	-4.871410
0.283400	2.047740
0.283500	3.036190
0.283600	-2.894510
0.283700	-2.894510
0.283800	3.036190
0.283900	2.047740
0.284000	3.036190
0.284100	5.013090
0.284200	3.036190
0.284300	2.047740
0.284400	4.024640
0.284500	6.989990
0.284600	3.036190
0.284700	0.070839
0.284800	0.070839
0.284900	-1.906060
0.285000	-1.411840
0.285100	1.059290
0.285200	3.036190
0.285300	-2.894510
0.285400	-0.917611
0.285500	2.047740
0.285600	-2.400290
0.285700	-1.906060
0.285800	1.059290
0.285900	2.047740
0.286000	-0.423386
0.286100	3.036190
0.286200	3.036190
0.286300	-0.917611
0.286400	2.047740
0.286500	4.024640
0.286600	2.047740
0.286700	-1.906060
0.286800	-2.894510
0.286900	-0.917611
0.287000	-1.906060
0.287100	0.070839
0.287200	3.036190
0.287300	3.036190
0.287400	0.565064
0.287500	1.059290
0.287600	0.070839
0.287700	-3.388740
0.287800	-1.411840
0.287900	-0.917611
0.288000	-2.894510
0.288100	-3.882960
0.288200	-2.894510
0.288300	-0.917611
0.288400	0.070839
0.288500	-3.882960
0.288600	-4.871410
0.288700	-2.894510
0.288800	-0.917611
0.288900	1.059290
0.289000	3.036190
0.289100	3.036190
0.289200	-3.882960
0.289300	-5.365640
0.289400	-4.871410
0.289500	-0.917611
0.289600	4.518860
0.289700	6.989990
0.289800	5.013090
0.289900	3.036190
0.290000	0.070839
0.290100	-2.400290
0.290200	0.070839
0.290300	3.036190
0.290400	-1.411840
0.290500	-2.894510
0.290600	-2.894510
0.290700	0.070839
0.290800	-0.423386
0.290900	0.070839
0.291000	4.024640
0.291100	4.024640
0.291200	-1.906060
0.291300	3.036190
0.291400	5.013090
0.291500	3.036190
0.291600	-1.411840
0.291700	-2.894510
0.291800	1.059290
0.291900	2.541960
0.292000	-0.917611
0.292100	-4.871410
0.292200	-3.882960
0.292300	1.059290
0.292400	4.024640
0.292500	0.070839
0.292600	0.070839
0.292700	3.036190
0.292800	-0.917611
0.292900	-3.882960
0.293000	0.070839
0.293100	5.013090
0.293200	4.024640
0.293300	5.013090
0.293400	5.013090
0.293500	-0.423386
0.293600	-1.411840
0.293700	3.530410
0.293800	4.024640
0.293900	1.059290
0.294000	1.059290
0.294100	0.565064
0.294200	1.059290
0.294300	1.059290
0.294400	3.036190
0.294500	0.070839
0.294600	1.059290
0.294700	5.013090
0.294800	2.047740
0.294900	-4.871410
0.295000	-1.906060
0.295100	3.036190
0.295200	0.070839
0.295300	-0.917611
0.295400	-2.894510
0.295500	-2.894510
0.295600	-2.894510
0.295700	-3.882960
0.295800	-1.411840
0.295900	4.024640
0.296000	-0.917611
0.296100	-4.871410
0.296200	-0.917611
0.296300	0.070839
0.296400	-0.917611
0.296500	0.565064
0.296600	-0.917611
0.296700	-4.871410
0.296800	-4.871410
0.296900	3.036190
0.297000	4.024640
0.297100	-2.894510
0.297200	-3.388740
0.297300	-5.859860
0.297400	-3.882960
0.297500	-2.894510
0.297600	-3.882960
0.297700	2.047740
0.297800	9.955340
0.297900	6.989990
0.298000	3.036190
0.298100	-0.917611
0.298200	3.036190
0.298300	2.541960
0.298400	3.036190
0.298500	1.059290
0.298600	1.059290
0.298700	-2.894510
0.298800	-3.388740
0.298900	6.001540
0.299000	5.013090
0.299100	-4.871410
0.299200	-3.882960
0.299300	-3.882960
0.299400	0.070839
0.299500	-0.917611
0.299600	2.047740
0.299700	-0.917611
0.299800	0.070839
0.299900	0.070839
