-0.050000	4.599710
-0.049900	2.120530
-0.049800	2.120530
-0.049700	2.120530
-0.049600	-1.846160
-0.049500	-0.358655
-0.049400	2.120530
-0.049300	2.120530
-0.049200	4.103870
-0.049100	10.053900
-0.049000	3.112200
-0.048900	0.137181
-0.048800	0.137181
-0.048700	-3.829510
-0.048600	-3.829510
-0.048500	1.128850
-0.048400	3.112200
-0.048300	-1.846160
-0.048200	-1.846160
-0.048100	4.103870
-0.048000	4.103870
-0.047900	4.599710
-0.047800	6.087210
-0.047700	4.103870
-0.047600	4.103870
-0.047500	2.120530
-0.047400	0.137181
-0.047300	-7.300360
-0.047200	2.616360
-0.047100	6.087210
-0.047000	-0.854491
-0.046900	0.137181
-0.046800	0.137181
-0.046700	-2.342000
-0.046600	-2.837830
-0.046500	4.103870
-0.046400	4.599710
-0.046300	-0.358655
-0.046200	-4.325340
-0.046100	-0.854491
-0.046000	-3.829510
-0.045900	-1.846160
-0.045800	-1.846160
-0.045700	-4.821180
-0.045600	0.137181
-0.045500	4.103870
-0.045400	2.120530
-0.045300	-3.829510
-0.045200	-3.829510
-0.045100	-4.821180
-0.045000	1.128850
-0.044900	4.103870
-0.044800	4.103870
-0.044700	-1.350330
-0.044600	-5.317010
-0.044500	-1.350330
-0.044400	-1.350330
-0.044300	-2.342000
-0.044200	2.120530
-0.044100	1.128850
-0.044000	0.633017
-0.043900	3.112200
-0.043800	3.608030
-0.043700	2.120530
-0.043600	1.624690
-0.043500	1.128850
-0.043400	-4.821180
-0.043300	-4.821180
-0.043200	0.137181
-0.043100	-0.854491
-0.043000	-0.358655
-0.042900	0.633017
-0.042800	-0.358655
-0.042700	1.624690
-0.042600	4.103870
-0.042500	0.137181
-0.042400	1.624690
-0.042300	1.128850
-0.042200	-3.829510
-0.042100	1.128850
-0.042000	4.599710
-0.041900	0.633017
-0.041800	-1.350330
-0.041700	1.128850
-0.041600	0.137181
-0.041500	1.128850
-0.041400	0.633017
-0.041300	1.128850
-0.041200	3.112200
-0.041100	3.608030
-0.041000	-1.846160
-0.040900	-1.846160
-0.040800	-2.837830
-0.040700	0.137181
-0.040600	1.624690
-0.040500	0.137181
-0.040400	2.120530
-0.040300	1.128850
-0.040200	2.120530
-0.040100	-1.846160
-0.040000	-1.846160
-0.039900	-2.837830
-0.039800	0.137181
-0.039700	-1.350330
-0.039600	-4.325340
-0.039500	0.137181
-0.039400	3.112200
-0.039300	1.128850
-0.039200	-5.812850
-0.039100	-2.837830
-0.039000	-0.854491
-0.038900	-1.846160
-0.038800	2.120530
-0.038700	0.633017
-0.038600	1.624690
-0.038500	2.120530
-0.038400	-2.342000
-0.038300	0.137181
-0.038200	0.137181
-0.038100	0.137181
-0.038000	-2.837830
-0.037900	-2.837830
-0.037800	-2.837830
-0.037700	-1.846160
-0.037600	0.137181
-0.037500	0.137181
-0.037400	-2.837830
-0.037300	-5.812850
-0.037200	-4.821180
-0.037100	-5.812850
-0.037000	1.128850
-0.036900	2.120530
-0.036800	-2.342000
-0.036700	0.137181
-0.036600	2.120530
-0.036500	-1.846160
-0.036400	-1.846160
-0.036300	-1.846160
-0.036200	-1.846160
-0.036100	4.103870
-0.036000	4.103870
-0.035900	-5.812850
-0.035800	-8.787870
-0.035700	-5.812850
-0.035600	1.624690
-0.035500	-1.846160
-0.035400	1.128850
-0.035300	4.103870
-0.035200	0.137181
-0.035100	-0.854491
-0.035000	2.120530
-0.034900	-0.358655
-0.034800	-1.350330
-0.034700	4.599710
-0.034600	0.137181
-0.034500	0.137181
-0.034400	2.120530
-0.034300	1.128850
-0.034200	-1.846160
-0.034100	1.128850
-0.034000	2.120530
-0.033900	2.120530
-0.033800	4.103870
-0.033700	2.120530
-0.033600	-0.358655
-0.033500	-0.358655
-0.033400	-1.846160
-0.033300	-2.837830
-0.033200	1.128850
-0.033100	-4.821180
-0.033000	-7.796190
-0.032900	-2.837830
-0.032800	3.608030
-0.032700	6.087210
-0.032600	-0.854491
-0.032500	-1.846160
-0.032400	0.633017
-0.032300	3.112200
-0.032200	2.120530
-0.032100	4.103870
-0.032000	-1.846160
-0.031900	-1.846160
-0.031800	-0.854491
-0.031700	2.120530
-0.031600	4.103870
-0.031500	-1.846160
-0.031400	-0.854491
-0.031300	-3.333670
-0.031200	-4.821180
-0.031100	-0.854491
-0.031000	1.624690
-0.030900	1.128850
-0.030800	0.137181
-0.030700	2.120530
-0.030600	3.608030
-0.030500	2.120530
-0.030400	2.120530
-0.030300	2.120530
-0.030200	2.120530
-0.030100	2.616360
-0.030000	6.087210
-0.029900	2.616360
-0.029800	-2.837830
-0.029700	1.624690
-0.029600	-3.829510
-0.029500	-2.837830
-0.029400	3.112200
-0.029300	-1.846160
-0.029200	-3.829510
-0.029100	2.120530
-0.029000	0.137181
-0.028900	-1.846160
-0.028800	1.624690
-0.028700	2.120530
-0.028600	-1.846160
-0.028500	-6.804520
-0.028400	-4.821180
-0.028300	-4.821180
-0.028200	-5.812850
-0.028100	-2.342000
-0.028000	-0.854491
-0.027900	1.128850
-0.027800	3.608030
-0.027700	7.574720
-0.027600	2.120530
-0.027500	3.112200
-0.027400	8.070560
-0.027300	4.103870
-0.027200	1.128850
-0.027100	-3.829510
-0.027000	5.591380
-0.026900	9.062230
-0.026800	3.112200
-0.026700	1.624690
-0.026600	5.095540
-0.026500	7.574720
-0.026400	-1.846160
-0.026300	-2.837830
-0.026200	3.608030
-0.026100	2.120530
-0.026000	-2.837830
-0.025900	0.137181
-0.025800	4.103870
-0.025700	-5.317010
-0.025600	-7.796190
-0.025500	-2.837830
-0.025400	2.120530
-0.025300	1.128850
-0.025200	3.112200
-0.025100	4.103870
-0.025000	-0.358655
-0.024900	-6.804520
-0.024800	-3.829510
-0.024700	0.633017
-0.024600	3.608030
-0.024500	-1.350330
-0.024400	-6.308690
-0.024300	-4.821180
-0.024200	-0.854491
-0.024100	3.112200
-0.024000	2.120530
-0.023900	3.112200
-0.023800	1.128850
-0.023700	2.120530
-0.023600	2.120530
-0.023500	-1.846160
-0.023400	-1.350330
-0.023300	1.624690
-0.023200	2.120530
-0.023100	2.120530
-0.023000	2.616360
-0.022900	-0.854491
-0.022800	-0.358655
-0.022700	4.103870
-0.022600	5.095540
-0.022500	2.120530
-0.022400	0.137181
-0.022300	1.128850
-0.022200	2.616360
-0.022100	0.137181
-0.022000	2.120530
-0.021900	2.120530
-0.021800	0.137181
-0.021700	-2.837830
-0.021600	-6.804520
-0.021500	-4.821180
-0.021400	-3.829510
-0.021300	-2.837830
-0.021200	0.137181
-0.021100	4.103870
-0.021000	4.103870
-0.020900	-1.350330
-0.020800	-3.829510
-0.020700	1.128850
-0.020600	1.128850
-0.020500	-2.837830
-0.020400	-1.846160
-0.020300	2.120530
-0.020200	-0.854491
-0.020100	-5.812850
-0.020000	-5.812850
-0.019900	-2.342000
-0.019800	-2.342000
-0.019700	0.633017
-0.019600	0.137181
-0.019500	-4.821180
-0.019400	-1.846160
-0.019300	2.120530
-0.019200	1.128850
-0.019100	-3.829510
-0.019000	2.120530
-0.018900	1.624690
-0.018800	0.137181
-0.018700	-1.846160
-0.018600	1.128850
-0.018500	1.128850
-0.018400	2.120530
-0.018300	2.120530
-0.018200	-0.854491
-0.018100	-3.829510
-0.018000	0.633017
-0.017900	0.137181
-0.017800	-5.812850
-0.017700	0.137181
-0.017600	3.112200
-0.017500	2.120530
-0.017400	2.120530
-0.017300	0.633017
-0.017200	-3.829510
-0.017100	1.624690
-0.017000	2.120530
-0.016900	1.128850
-0.016800	-1.846160
-0.016700	-3.829510
-0.016600	0.137181
-0.016500	1.128850
-0.016400	1.128850
-0.016300	1.624690
-0.016200	-1.846160
-0.016100	-3.333670
-0.016000	3.608030
-0.015900	5.095540
-0.015800	5.095540
-0.015700	5.095540
-0.015600	-0.854491
-0.015500	-3.829510
-0.015400	0.137181
-0.015300	0.137181
-0.015200	-7.796190
-0.015100	-6.804520
-0.015000	0.137181
-0.014900	4.103870
-0.014800	7.574720
-0.014700	8.070560
-0.014600	3.112200
-0.014500	6.087210
-0.014400	4.599710
-0.014300	-1.846160
-0.014200	2.120530
-0.014100	3.608030
-0.014000	4.103870
-0.013900	5.095540
-0.013800	1.128850
-0.013700	-0.854491
-0.013600	0.137181
-0.013500	0.137181
-0.013400	-1.846160
-0.013300	0.633017
-0.013200	-0.854491
-0.013100	0.137181
-0.013000	-0.854491
-0.012900	-2.837830
-0.012800	0.137181
-0.012700	-0.854491
-0.012600	1.128850
-0.012500	4.103870
-0.012400	3.608030
-0.012300	-3.829510
-0.012200	-7.796190
-0.012100	-2.837830
-0.012000	-3.829510
-0.011900	-4.821180
-0.011800	-4.325340
-0.011700	0.137181
-0.011600	-4.325340
-0.011500	-2.342000
-0.011400	-2.837830
-0.011300	-2.837830
-0.011200	1.624690
-0.011100	0.137181
-0.011000	-6.804520
-0.010900	2.120530
-0.010800	4.103870
-0.010700	2.120530
-0.010600	0.137181
-0.010500	1.128850
-0.010400	-1.846160
-0.010300	2.120530
-0.010200	5.095540
-0.010100	1.128850
-0.010000	0.137181
-0.009900	3.608030
-0.009800	2.120530
-0.009700	0.137181
-0.009600	2.120530
-0.009500	5.095540
-0.009400	2.120530
-0.009300	-5.812850
-0.009200	-5.812850
-0.009100	-0.854491
-0.009000	2.120530
-0.008900	-1.846160
-0.008800	-2.837830
-0.008700	4.103870
-0.008600	1.128850
-0.008500	1.128850
-0.008400	3.608030
-0.008300	4.103870
-0.008200	3.112200
-0.008100	0.633017
-0.008000	5.095540
-0.007900	2.120530
-0.007800	-0.358655
-0.007700	2.120530
-0.007600	-1.846160
-0.007500	-6.804520
-0.007400	-3.829510
-0.007300	2.616360
-0.007200	-0.854491
-0.007100	-2.342000
-0.007000	-3.829510
-0.006900	-3.829510
-0.006800	0.137181
-0.006700	3.112200
-0.006600	2.616360
-0.006500	-4.325340
-0.006400	6.087210
-0.006300	4.103870
-0.006200	-1.846160
-0.006100	0.137181
-0.006000	2.120530
-0.005900	-3.829510
-0.005800	-2.342000
-0.005700	-1.350330
-0.005600	-1.846160
-0.005500	-4.821180
-0.005400	-1.350330
-0.005300	-1.846160
-0.005200	0.137181
-0.005100	1.624690
-0.005000	-2.342000
-0.004900	-4.821180
-0.004800	-2.837830
-0.004700	2.120530
-0.004600	0.137181
-0.004500	0.137181
-0.004400	4.103870
-0.004300	1.128850
-0.004200	-1.846160
-0.004100	1.128850
-0.004000	7.078890
-0.003900	8.070560
-0.003800	5.591380
-0.003700	6.583050
-0.003600	-0.854491
-0.003500	-1.846160
-0.003400	-3.333670
-0.003300	-2.837830
-0.003200	1.128850
-0.003100	7.078890
-0.003000	2.120530
-0.002900	-1.846160
-0.002800	1.128850
-0.002700	8.070560
-0.002600	5.095540
-0.002500	5.095540
-0.002400	4.103870
-0.002300	2.120530
-0.002200	4.103870
-0.002100	11.045600
-0.002000	10.053900
-0.001900	4.103870
-0.001800	3.112200
-0.001700	3.112200
-0.001600	4.103870
-0.001500	4.103870
-0.001400	4.103870
-0.001300	6.087210
-0.001200	0.137181
-0.001100	0.633017
-0.001000	2.120530
-0.000900	-2.837830
-0.000800	-4.821180
-0.000700	-0.854491
-0.000600	-0.854491
-0.000500	0.137181
-0.000400	3.608030
-0.000300	2.120530
-0.000200	-1.846160
-0.000100	-0.854491
0.000000	-1.846160
0.000100	4.103870
0.000200	5.591380
0.000300	2.120530
0.000400	0.137181
0.000500	1.128850
0.000600	3.112200
0.000700	0.137181
0.000800	2.120530
0.000900	4.103870
0.001000	3.112200
0.001100	0.137181
0.001200	4.103870
0.001300	7.078890
0.001400	2.120530
0.001500	0.137181
0.001600	4.103870
0.001700	9.558070
0.001800	3.112200
0.001900	2.120530
0.002000	4.103870
0.002100	2.120530
0.002200	-3.829510
0.002300	2.120530
0.002400	4.103870
0.002500	2.120530
0.002600	6.087210
0.002700	6.087210
0.002800	3.112200
0.002900	4.103870
0.003000	-0.854491
0.003100	-1.846160
0.003200	2.120530
0.003300	1.624690
0.003400	4.103870
0.003500	8.070560
0.003600	6.087210
0.003700	-1.846160
0.003800	-1.846160
0.003900	7.078890
0.004000	11.541400
0.004100	10.053900
0.004200	2.120530
0.004300	0.137181
0.004400	2.120530
0.004500	-1.846160
0.004600	2.120530
0.004700	2.616360
0.004800	2.120530
0.004900	4.103870
0.005000	5.095540
0.005100	0.137181
0.005200	-1.846160
0.005300	-3.829510
0.005400	3.112200
0.005500	2.120530
0.005600	1.128850
0.005700	1.128850
0.005800	-2.837830
0.005900	-2.837830
0.006000	2.120530
0.006100	1.624690
0.006200	-0.854491
0.006300	-2.837830
0.006400	2.120530
0.006500	1.128850
0.006600	-2.342000
0.006700	2.120530
0.006800	5.095540
0.006900	4.103870
0.007000	3.112200
0.007100	1.128850
0.007200	0.137181
0.007300	4.599710
0.007400	0.137181
0.007500	-1.846160
0.007600	-5.812850
0.007700	-5.812850
0.007800	-5.812850
0.007900	-3.333670
0.008000	-3.333670
0.008100	-5.812850
0.008200	-5.812850
0.008300	-4.821180
0.008400	-5.812850
0.008500	-10.275400
0.008600	-5.812850
0.008700	1.128850
0.008800	1.128850
0.008900	3.112200
0.009000	4.103870
0.009100	-4.325340
0.009200	-8.292030
0.009300	-3.829510
0.009400	-8.292030
0.009500	-7.796190
0.009600	-0.358655
0.009700	3.112200
0.009800	-1.846160
0.009900	-5.317010
0.010000	-2.837830
0.010100	1.624690
0.010200	0.137181
0.010300	2.120530
0.010400	2.120530
0.010500	-2.837830
0.010600	-2.837830
0.010700	5.095540
0.010800	3.112200
0.010900	-6.804520
0.011000	-10.771200
0.011100	-5.812850
0.011200	2.120530
0.011300	3.112200
0.011400	-2.837830
0.011500	2.120530
0.011600	2.120530
0.011700	-0.358655
0.011800	3.112200
0.011900	1.128850
0.012000	-7.796190
0.012100	-9.779540
0.012200	-7.300360
0.012300	-13.746200
0.012400	-16.721201
0.012500	-14.737900
0.012600	-10.771200
0.012700	-9.779540
0.012800	-4.821180
0.012900	2.120530
0.013000	6.087210
0.013100	2.616360
0.013200	2.120530
0.013300	1.128850
0.013400	2.120530
0.013500	4.599710
0.013600	6.087210
0.013700	4.599710
0.013800	2.120530
0.013900	2.120530
0.014000	2.120530
0.014100	5.095540
0.014200	4.103870
0.014300	-8.787870
0.014400	-13.746200
0.014500	-8.292030
0.014600	-7.796190
0.014700	-13.746200
0.014800	-13.746200
0.014900	-14.737900
0.015000	-17.712900
0.015100	-19.696301
0.015200	-9.779540
0.015300	-11.762900
0.015400	-16.225401
0.015500	-13.746200
0.015600	-8.292030
0.015700	-10.275400
0.015800	-10.771200
0.015900	-1.846160
0.016000	1.624690
0.016100	-5.812850
0.016200	-5.812850
0.016300	3.608030
0.016400	16.003901
0.016500	21.954000
0.016600	31.870701
0.016700	33.854000
0.016800	32.366501
0.016900	26.416500
0.017000	25.920700
0.017100	26.912300
0.017200	17.987301
0.017300	9.062230
0.017400	10.053900
0.017500	14.020600
0.017600	21.954000
0.017700	23.937300
0.017800	10.053900
0.017900	6.087210
0.018000	10.053900
0.018100	13.028900
0.018200	12.037200
0.018300	11.045600
0.018400	16.003901
0.018500	18.978901
0.018600	17.987301
0.018700	16.995600
0.018800	16.995600
0.018900	5.591380
0.019000	3.112200
0.019100	6.087210
0.019200	6.087210
0.019300	7.078890
0.019400	6.087210
0.019500	2.120530
0.019600	-2.837830
0.019700	-1.846160
0.019800	5.095540
0.019900	14.020600
0.020000	19.970600
0.020100	19.970600
0.020200	19.970600
0.020300	19.474800
0.020400	9.062230
0.020500	1.128850
0.020600	-2.837830
0.020700	-2.342000
0.020800	-0.358655
0.020900	-5.317010
0.021000	-9.779540
0.021100	21.458099
0.021200	33.358200
0.021300	12.037200
0.021400	10.053900
0.021500	22.449800
0.021600	21.954000
0.021700	4.103870
0.021800	-14.737900
0.021900	-23.662901
0.022000	-29.613001
0.022100	-17.712900
0.022200	1.128850
0.022300	-1.846160
0.022400	-14.737900
0.022500	-18.704599
0.022600	-16.721201
0.022700	-13.746200
0.022800	-15.729600
0.022900	-17.712900
0.023000	-21.679600
0.023100	-30.604700
0.023200	-25.646299
0.023300	-20.687901
0.023400	-12.258700
0.023500	-4.821180
0.023600	-7.796190
0.023700	-15.729600
0.023800	-18.704599
0.023900	-11.762900
0.024000	-9.779540
0.024100	-2.837830
0.024200	5.095540
0.024300	3.112200
0.024400	-5.812850
0.024500	-6.308690
0.024600	-7.796190
0.024700	-4.821180
0.024800	19.970600
0.024900	31.870701
0.025000	31.870701
0.025100	27.903999
0.025200	19.474800
0.025300	16.003901
0.025400	8.070560
0.025500	12.037200
0.025600	12.037200
0.025700	7.078890
0.025800	-2.837830
0.025900	1.128850
0.026000	11.045600
0.026100	7.574720
0.026200	8.070560
0.026300	19.970600
0.026400	17.491400
0.026500	12.037200
0.026600	21.458099
0.026700	27.903999
0.026800	20.962299
0.026900	13.028900
0.027000	14.020600
0.027100	16.995600
0.027200	19.970600
0.027300	23.937300
0.027400	25.920700
0.027500	10.053900
0.027600	4.103870
0.027700	6.087210
0.027800	-0.358655
0.027900	1.128850
0.028000	8.070560
0.028100	14.020600
0.028200	14.020600
0.028300	10.053900
0.028400	5.095540
0.028500	-49.942299
0.028600	-135.722000
0.028700	-126.796997
0.028800	-70.271500
0.028900	-55.396500
0.029000	-57.379799
0.029100	-53.413101
0.029200	-43.992199
0.029300	-35.563000
0.029400	-21.679600
0.029500	-14.737900
0.029600	-11.762900
0.029700	-3.829510
0.029800	-0.854491
0.029900	-6.804520
0.030000	-3.829510
0.030100	1.128850
0.030200	-5.812850
0.030300	-9.779540
0.030400	1.128850
0.030500	-1.846160
0.030600	-9.283700
0.030700	-13.746200
0.030800	-17.712900
0.030900	-13.746200
0.031000	-5.812850
0.031100	0.137181
0.031200	-5.812850
0.031300	-8.292030
0.031400	-3.829510
0.031500	-13.746200
0.031600	-19.696301
0.031700	-13.746200
0.031800	-9.779540
0.031900	-9.779540
0.032000	-13.746200
0.032100	-13.746200
0.032200	-14.737900
0.032300	-17.712900
0.032400	-13.746200
0.032500	-9.779540
0.032600	-13.746200
0.032700	-17.712900
0.032800	-18.704599
0.032900	-18.704599
0.033000	-14.737900
0.033100	-14.737900
0.033200	-14.737900
0.033300	-19.696301
0.033400	-11.762900
0.033500	4.103870
0.033600	2.120530
0.033700	-1.846160
0.033800	5.095540
0.033900	9.062230
0.034000	12.037200
0.034100	16.995600
0.034200	18.978901
0.034300	11.045600
0.034400	-1.846160
0.034500	-3.829510
0.034600	1.128850
0.034700	-3.829510
0.034800	1.128850
0.034900	9.062230
0.035000	9.558070
0.035100	9.558070
0.035200	9.062230
0.035300	9.062230
0.035400	10.053900
0.035500	10.549700
0.035600	13.524800
0.035700	14.020600
0.035800	17.987301
0.035900	15.508100
0.036000	13.028900
0.036100	10.053900
0.036200	13.028900
0.036300	14.020600
0.036400	7.574720
0.036500	3.608030
0.036600	4.103870
0.036700	9.062230
0.036800	10.053900
0.036900	6.087210
0.037000	9.062230
0.037100	11.541400
0.037200	12.037200
0.037300	5.095540
0.037400	0.137181
0.037500	-1.846160
0.037600	2.120530
0.037700	-0.854491
0.037800	-9.779540
0.037900	-14.737900
0.038000	-9.779540
0.038100	-12.754600
0.038200	-17.712900
0.038300	-12.754600
0.038400	-11.762900
0.038500	-10.771200
0.038600	-4.821180
0.038700	-5.812850
0.038800	-8.292030
0.038900	-13.746200
0.039000	-15.233700
0.039100	-19.696301
0.039200	-21.679600
0.039300	-17.712900
0.039400	-9.779540
0.039500	-3.829510
0.039600	4.103870
0.039700	4.103870
0.039800	-6.804520
0.039900	-6.308690
0.040000	-6.804520
0.040100	-14.242100
0.040200	-17.712900
0.040300	-11.762900
0.040400	-16.721201
0.040500	-19.696301
0.040600	-5.812850
0.040700	5.095540
0.040800	4.103870
0.040900	5.095540
0.041000	7.078890
0.041100	5.095540
0.041200	4.103870
0.041300	2.120530
0.041400	9.062230
0.041500	0.633017
0.041600	-0.358655
0.041700	7.574720
0.041800	0.137181
0.041900	-0.358655
0.042000	5.095540
0.042100	3.112200
0.042200	-1.846160
0.042300	-5.812850
0.042400	-0.854491
0.042500	2.120530
0.042600	8.070560
0.042700	10.053900
0.042800	6.087210
0.042900	2.120530
0.043000	1.624690
0.043100	2.120530
0.043200	3.112200
0.043300	4.103870
0.043400	10.053900
0.043500	8.070560
0.043600	2.120530
0.043700	8.070560
0.043800	8.070560
0.043900	10.053900
0.044000	9.062230
0.044100	6.087210
0.044200	10.053900
0.044300	15.012300
0.044400	14.516400
0.044500	19.970600
0.044600	10.053900
0.044700	-4.821180
0.044800	-0.854491
0.044900	9.062230
0.045000	6.087210
0.045100	4.103870
0.045200	2.120530
0.045300	4.103870
0.045400	3.112200
0.045500	4.103870
0.045600	7.078890
0.045700	14.020600
0.045800	10.053900
0.045900	2.120530
0.046000	10.053900
0.046100	16.995600
0.046200	12.037200
0.046300	13.028900
0.046400	4.103870
0.046500	-11.762900
0.046600	-17.712900
0.046700	-13.746200
0.046800	-1.846160
0.046900	2.120530
0.047000	1.128850
0.047100	12.037200
0.047200	14.020600
0.047300	5.591380
0.047400	5.095540
0.047500	3.112200
0.047600	10.053900
0.047700	13.028900
0.047800	12.037200
0.047900	4.103870
0.048000	0.137181
0.048100	2.120530
0.048200	-11.762900
0.048300	-18.704599
0.048400	-3.829510
0.048500	30.879000
0.048600	80.462601
0.048700	-23.662901
0.048800	-91.592499
0.048900	-43.496399
0.049000	-22.175400
0.049100	-10.771200
0.049200	11.541400
0.049300	-11.762900
0.049400	-31.596300
0.049500	-14.737900
0.049600	3.112200
0.049700	10.053900
0.049800	-13.250400
0.049900	-26.638000
0.050000	-9.779540
0.050100	0.137181
0.050200	1.624690
0.050300	-5.812850
0.050400	-18.208799
0.050500	-19.696301
0.050600	-6.804520
0.050700	1.128850
0.050800	1.624690
0.050900	2.120530
0.051000	-3.829510
0.051100	-7.796190
0.051200	1.128850
0.051300	4.103870
0.051400	10.053900
0.051500	15.508100
0.051600	13.028900
0.051700	-5.317010
0.051800	1.624690
0.051900	10.053900
0.052000	7.078890
0.052100	10.053900
0.052200	13.028900
0.052300	5.095540
0.052400	-4.325340
0.052500	-7.796190
0.052600	-11.267000
0.052700	-15.729600
0.052800	-16.225401
0.052900	-11.762900
0.053000	-5.812850
0.053100	-5.812850
0.053200	-5.812850
0.053300	-5.812850
0.053400	4.103870
0.053500	8.070560
0.053600	12.533100
0.053700	14.020600
0.053800	14.020600
0.053900	15.508100
0.054000	16.003901
0.054100	9.062230
0.054200	9.062230
0.054300	15.012300
0.054400	16.003901
0.054500	6.087210
0.054600	0.137181
0.054700	-10.275400
0.054800	6.087210
0.054900	154.837997
0.055000	166.738007
0.055100	-81.179901
0.055200	-108.946999
0.055300	-6.308690
0.055400	-3.829510
0.055500	-22.671301
0.055600	-12.258700
0.055700	-2.837830
0.055800	-1.846160
0.055900	-3.829510
0.056000	-2.837830
0.056100	-5.812850
0.056200	-5.812850
0.056300	-9.779540
0.056400	-12.258700
0.056500	-12.754600
0.056600	-13.746200
0.056700	-15.729600
0.056800	-7.796190
0.056900	6.087210
0.057000	4.599710
0.057100	-6.308690
0.057200	-4.821180
0.057300	-1.846160
0.057400	-1.846160
0.057500	-4.325340
0.057600	0.633017
0.057700	4.103870
0.057800	1.624690
0.057900	3.608030
0.058000	5.095540
0.058100	5.591380
0.058200	4.103870
0.058300	5.591380
0.058400	4.103870
0.058500	-5.812850
0.058600	-13.746200
0.058700	-11.762900
0.058800	-1.846160
0.058900	5.095540
0.059000	11.045600
0.059100	20.962299
0.059200	14.020600
0.059300	5.591380
0.059400	10.053900
0.059500	7.078890
0.059600	11.045600
0.059700	17.987301
0.059800	11.541400
0.059900	10.053900
0.060000	11.541400
0.060100	7.078890
0.060200	4.103870
0.060300	7.078890
0.060400	3.112200
0.060500	-8.787870
0.060600	-11.762900
0.060700	-4.821180
0.060800	4.103870
0.060900	0.137181
0.061000	-3.829510
0.061100	0.137181
0.061200	-1.350330
0.061300	-2.837830
0.061400	5.591380
0.061500	0.137181
0.061600	-11.762900
0.061700	-11.762900
0.061800	-8.787870
0.061900	-13.250400
0.062000	-21.679600
0.062100	-14.737900
0.062200	-5.812850
0.062300	-5.812850
0.062400	-8.787870
0.062500	-14.242100
0.062600	-14.737900
0.062700	-4.821180
0.062800	0.633017
0.062900	-1.846160
0.063000	-2.342000
0.063100	-7.796190
0.063200	-12.754600
0.063300	-10.275400
0.063400	0.137181
0.063500	-6.804520
0.063600	-2.837830
0.063700	8.070560
0.063800	8.070560
0.063900	6.087210
0.064000	10.549700
0.064100	11.541400
0.064200	5.591380
0.064300	3.112200
0.064400	6.087210
0.064500	-5.812850
0.064600	-14.737900
0.064700	-11.762900
0.064800	-6.804520
0.064900	-5.812850
0.065000	-6.804520
0.065100	-5.812850
0.065200	1.128850
0.065300	-1.846160
0.065400	2.120530
0.065500	-2.837830
0.065600	-4.821180
0.065700	-1.846160
0.065800	2.120530
0.065900	2.120530
0.066000	2.120530
0.066100	1.128850
0.066200	-4.325340
0.066300	-2.837830
0.066400	0.137181
0.066500	-1.846160
0.066600	0.137181
0.066700	3.608030
0.066800	9.062230
0.066900	8.070560
0.067000	8.070560
0.067100	8.070560
0.067200	7.078890
0.067300	6.087210
0.067400	4.103870
0.067500	2.120530
0.067600	3.608030
0.067700	1.624690
0.067800	-1.350330
0.067900	-6.308690
0.068000	-5.812850
0.068100	-9.779540
0.068200	-13.250400
0.068300	-5.812850
0.068400	-4.325340
0.068500	-5.812850
0.068600	0.633017
0.068700	7.078890
0.068800	0.633017
0.068900	-4.821180
0.069000	-2.837830
0.069100	-0.854491
0.069200	1.128850
0.069300	2.120530
0.069400	5.591380
0.069500	9.062230
0.069600	8.070560
0.069700	5.591380
0.069800	0.137181
0.069900	4.103870
0.070000	9.062230
0.070100	5.095540
0.070200	-2.837830
0.070300	2.120530
0.070400	10.549700
0.070500	7.078890
0.070600	4.103870
0.070700	9.062230
0.070800	10.053900
0.070900	3.112200
0.071000	2.120530
0.071100	6.087210
0.071200	6.087210
0.071300	0.137181
0.071400	-4.821180
0.071500	0.137181
0.071600	-1.846160
0.071700	2.120530
0.071800	6.087210
0.071900	2.120530
0.072000	1.128850
0.072100	2.120530
0.072200	0.137181
0.072300	-2.342000
0.072400	-0.854491
0.072500	-3.829510
0.072600	-5.812850
0.072700	-2.837830
0.072800	-0.358655
0.072900	-5.812850
0.073000	-5.812850
0.073100	-0.854491
0.073200	3.112200
0.073300	6.087210
0.073400	-2.837830
0.073500	-13.746200
0.073600	-1.846160
0.073700	7.574720
0.073800	8.070560
0.073900	9.062230
0.074000	5.095540
0.074100	6.087210
0.074200	13.028900
0.074300	4.599710
0.074400	-2.837830
0.074500	0.137181
0.074600	1.128850
0.074700	1.128850
0.074800	0.137181
0.074900	0.137181
0.075000	4.103870
0.075100	4.103870
0.075200	3.608030
0.075300	2.120530
0.075400	-0.854491
0.075500	-9.779540
0.075600	-8.787870
0.075700	-4.325340
0.075800	-6.308690
0.075900	-5.812850
0.076000	-1.846160
0.076100	2.120530
0.076200	2.616360
0.076300	4.103870
0.076400	3.112200
0.076500	0.633017
0.076600	1.128850
0.076700	5.095540
0.076800	4.103870
0.076900	-7.300360
0.077000	-3.829510
0.077100	1.128850
0.077200	-3.829510
0.077300	-4.821180
0.077400	0.137181
0.077500	1.128850
0.077600	2.120530
0.077700	-1.846160
0.077800	-4.821180
0.077900	-3.829510
0.078000	-2.837830
0.078100	-2.837830
0.078200	-4.325340
0.078300	0.137181
0.078400	2.120530
0.078500	4.103870
0.078600	2.120530
0.078700	4.103870
0.078800	6.087210
0.078900	8.070560
0.079000	5.095540
0.079100	-0.358655
0.079200	-2.342000
0.079300	2.120530
0.079400	14.020600
0.079500	5.095540
0.079600	-5.812850
0.079700	1.128850
0.079800	1.128850
0.079900	-1.846160
0.080000	1.128850
0.080100	0.137181
0.080200	-5.812850
0.080300	-2.342000
0.080400	2.616360
0.080500	2.120530
0.080600	-1.846160
0.080700	-3.829510
0.080800	-0.854491
0.080900	-5.812850
0.081000	-5.812850
0.081100	2.120530
0.081200	4.103870
0.081300	1.128850
0.081400	-5.812850
0.081500	-2.837830
0.081600	1.128850
0.081700	-1.846160
0.081800	-3.333670
0.081900	-1.846160
0.082000	-4.325340
0.082100	1.128850
0.082200	7.078890
0.082300	1.128850
0.082400	2.120530
0.082500	2.616360
0.082600	-3.829510
0.082700	-3.829510
0.082800	-3.829510
0.082900	1.128850
0.083000	-1.846160
0.083100	-4.821180
0.083200	-2.342000
0.083300	-3.829510
0.083400	-4.325340
0.083500	-3.333670
0.083600	-5.812850
0.083700	-2.837830
0.083800	4.103870
0.083900	8.070560
0.084000	6.087210
0.084100	6.087210
0.084200	4.103870
0.084300	1.128850
0.084400	1.624690
0.084500	-2.837830
0.084600	-4.821180
0.084700	-1.846160
0.084800	1.128850
0.084900	7.078890
0.085000	9.558070
0.085100	6.087210
0.085200	2.616360
0.085300	9.062230
0.085400	2.120530
0.085500	-0.854491
0.085600	0.137181
0.085700	4.103870
0.085800	4.103870
0.085900	6.087210
0.086000	5.095540
0.086100	-0.358655
0.086200	-5.812850
0.086300	-3.829510
0.086400	-0.854491
0.086500	1.624690
0.086600	0.137181
0.086700	-1.846160
0.086800	-5.812850
0.086900	-6.308690
0.087000	3.112200
0.087100	1.128850
0.087200	1.128850
0.087300	2.120530
0.087400	-2.837830
0.087500	-6.804520
0.087600	-1.350330
0.087700	6.087210
0.087800	4.599710
0.087900	-2.342000
0.088000	0.137181
0.088100	-1.846160
0.088200	-5.812850
0.088300	-0.358655
0.088400	-0.854491
0.088500	-0.854491
0.088600	-4.325340
0.088700	1.128850
0.088800	2.120530
0.088900	-2.342000
0.089000	-2.837830
0.089100	0.137181
0.089200	-2.837830
0.089300	-2.837830
0.089400	0.137181
0.089500	-0.358655
0.089600	2.120530
0.089700	8.070560
0.089800	4.103870
0.089900	2.120530
0.090000	3.112200
0.090100	2.120530
0.090200	3.112200
0.090300	6.087210
0.090400	9.062230
0.090500	9.558070
0.090600	5.591380
0.090700	8.070560
0.090800	6.087210
0.090900	4.103870
0.091000	2.120530
0.091100	1.128850
0.091200	0.137181
0.091300	-5.812850
0.091400	-2.837830
0.091500	-5.812850
0.091600	-4.325340
0.091700	5.591380
0.091800	4.103870
0.091900	-1.846160
0.092000	-1.846160
0.092100	2.120530
0.092200	0.137181
0.092300	3.112200
0.092400	2.120530
0.092500	0.137181
0.092600	2.120530
0.092700	6.583050
0.092800	-0.358655
0.092900	-5.812850
0.093000	-3.829510
0.093100	-1.846160
0.093200	-1.846160
0.093300	-1.846160
0.093400	-0.358655
0.093500	-7.796190
0.093600	-9.779540
0.093700	3.112200
0.093800	6.087210
0.093900	-4.821180
0.094000	-2.837830
0.094100	8.070560
0.094200	6.087210
0.094300	0.137181
0.094400	3.608030
0.094500	2.120530
0.094600	0.633017
0.094700	0.137181
0.094800	2.120530
0.094900	-1.350330
0.095000	-2.837830
0.095100	6.087210
0.095200	7.078890
0.095300	0.137181
0.095400	-4.821180
0.095500	-3.829510
0.095600	0.137181
0.095700	-1.846160
0.095800	-7.300360
0.095900	-4.821180
0.096000	-3.829510
0.096100	1.128850
0.096200	-1.846160
0.096300	-2.837830
0.096400	0.137181
0.096500	1.624690
0.096600	-2.342000
0.096700	-0.854491
0.096800	2.120530
0.096900	0.137181
0.097000	3.608030
0.097100	5.591380
0.097200	0.137181
0.097300	0.137181
0.097400	1.128850
0.097500	1.128850
0.097600	4.103870
0.097700	7.078890
0.097800	8.070560
0.097900	4.103870
0.098000	2.120530
0.098100	5.095540
0.098200	5.095540
0.098300	-1.846160
0.098400	-3.829510
0.098500	-5.812850
0.098600	-6.804520
0.098700	-6.804520
0.098800	2.120530
0.098900	1.128850
0.099000	-5.812850
0.099100	0.137181
0.099200	2.120530
0.099300	4.103870
0.099400	3.608030
0.099500	1.624690
0.099600	-4.821180
0.099700	-4.821180
0.099800	1.128850
0.099900	1.624690
0.100000	2.120530
0.100100	2.120530
0.100200	-0.854491
0.100300	-7.300360
0.100400	-5.812850
0.100500	1.128850
0.100600	0.137181
0.100700	-4.821180
0.100800	2.120530
0.100900	7.078890
0.101000	0.137181
0.101100	-0.358655
0.101200	0.633017
0.101300	-7.796190
0.101400	-5.812850
0.101500	0.137181
0.101600	4.103870
0.101700	-3.829510
0.101800	-2.837830
0.101900	2.120530
0.102000	1.128850
0.102100	1.624690
0.102200	2.120530
0.102300	-1.846160
0.102400	-3.829510
0.102500	3.112200
0.102600	2.120530
0.102700	1.128850
0.102800	1.624690
0.102900	2.120530
0.103000	4.103870
0.103100	5.095540
0.103200	2.120530
0.103300	1.128850
0.103400	-9.779540
0.103500	-5.812850
0.103600	2.120530
0.103700	10.053900
0.103800	3.608030
0.103900	-1.846160
0.104000	2.120530
0.104100	4.103870
0.104200	-0.358655
0.104300	-1.846160
0.104400	-3.829510
0.104500	-1.846160
0.104600	6.087210
0.104700	7.574720
0.104800	2.120530
0.104900	2.120530
0.105000	8.070560
0.105100	10.053900
0.105200	6.087210
0.105300	1.624690
0.105400	5.095540
0.105500	5.095540
0.105600	4.103870
0.105700	3.608030
0.105800	2.120530
0.105900	-1.846160
0.106000	-2.837830
0.106100	-3.829510
0.106200	1.624690
0.106300	2.120530
0.106400	2.120530
0.106500	-1.846160
0.106600	0.137181
0.106700	8.070560
0.106800	8.070560
0.106900	2.120530
0.107000	-0.358655
0.107100	-1.350330
0.107200	1.128850
0.107300	2.120530
0.107400	3.112200
0.107500	-0.358655
0.107600	-2.837830
0.107700	0.137181
0.107800	2.120530
0.107900	3.112200
0.108000	0.137181
0.108100	-1.846160
0.108200	2.120530
0.108300	6.583050
0.108400	2.120530
0.108500	-2.837830
0.108600	-0.358655
0.108700	3.112200
0.108800	-1.846160
0.108900	0.137181
0.109000	8.070560
0.109100	10.053900
0.109200	2.120530
0.109300	0.137181
0.109400	1.624690
0.109500	-10.771200
0.109600	-2.837830
0.109700	10.053900
0.109800	10.053900
0.109900	2.120530
0.110000	5.095540
0.110100	5.095540
0.110200	-0.358655
0.110300	2.120530
0.110400	5.591380
0.110500	2.120530
0.110600	0.137181
0.110700	0.137181
0.110800	-1.846160
0.110900	-3.829510
0.111000	-1.846160
0.111100	-5.812850
0.111200	-5.812850
0.111300	-4.821180
0.111400	-6.804520
0.111500	-5.812850
0.111600	-5.812850
0.111700	-2.837830
0.111800	2.120530
0.111900	0.137181
0.112000	4.103870
0.112100	1.128850
0.112200	0.137181
0.112300	1.128850
0.112400	0.137181
0.112500	1.128850
0.112600	-1.846160
0.112700	1.624690
0.112800	1.128850
0.112900	-1.350330
0.113000	2.120530
0.113100	2.120530
0.113200	-2.837830
0.113300	-3.829510
0.113400	1.128850
0.113500	2.616360
0.113600	2.120530
0.113700	-1.846160
0.113800	-0.854491
0.113900	-3.829510
0.114000	-4.325340
0.114100	2.120530
0.114200	7.078890
0.114300	1.128850
0.114400	2.120530
0.114500	3.112200
0.114600	8.070560
0.114700	4.103870
0.114800	-1.846160
0.114900	0.137181
0.115000	-1.846160
0.115100	-0.854491
0.115200	4.103870
0.115300	1.128850
0.115400	2.120530
0.115500	-1.846160
0.115600	2.120530
0.115700	3.608030
0.115800	-0.358655
0.115900	0.137181
0.116000	3.112200
0.116100	5.591380
0.116200	10.053900
0.116300	8.070560
0.116400	-0.854491
0.116500	1.128850
0.116600	-0.854491
0.116700	0.137181
0.116800	0.137181
0.116900	-2.342000
0.117000	-4.821180
0.117100	-2.837830
0.117200	1.128850
0.117300	-0.358655
0.117400	-0.358655
0.117500	-3.829510
0.117600	0.137181
0.117700	3.112200
0.117800	0.137181
0.117900	-5.812850
0.118000	1.128850
0.118100	0.137181
0.118200	-5.812850
0.118300	-4.325340
0.118400	-2.837830
0.118500	-3.829510
0.118600	-3.829510
0.118700	0.137181
0.118800	1.624690
0.118900	2.120530
0.119000	4.103870
0.119100	2.616360
0.119200	-1.846160
0.119300	-5.812850
0.119400	-5.812850
0.119500	0.137181
0.119600	-1.846160
0.119700	1.128850
0.119800	3.112200
0.119900	4.103870
0.120000	5.095540
0.120100	5.591380
0.120200	2.120530
0.120300	-2.837830
0.120400	-0.854491
0.120500	-0.358655
0.120600	-0.854491
0.120700	-0.854491
0.120800	-2.837830
0.120900	-6.804520
0.121000	-4.821180
0.121100	-2.837830
0.121200	3.608030
0.121300	1.624690
0.121400	-4.325340
0.121500	-0.854491
0.121600	-5.812850
0.121700	-2.837830
0.121800	7.574720
0.121900	4.103870
0.122000	-4.325340
0.122100	0.633017
0.122200	2.120530
0.122300	3.112200
0.122400	4.103870
0.122500	4.103870
0.122600	2.120530
0.122700	-4.821180
0.122800	2.616360
0.122900	5.591380
0.123000	0.633017
0.123100	-3.333670
0.123200	0.137181
0.123300	-1.846160
0.123400	-2.837830
0.123500	-0.358655
0.123600	4.103870
0.123700	6.087210
0.123800	5.095540
0.123900	4.103870
0.124000	-2.837830
0.124100	-5.812850
0.124200	-3.829510
0.124300	3.112200
0.124400	2.616360
0.124500	5.095540
0.124600	13.524800
0.124700	10.053900
0.124800	4.103870
0.124900	2.120530
0.125000	1.128850
0.125100	0.137181
0.125200	2.120530
0.125300	0.137181
0.125400	-3.829510
0.125500	-3.829510
0.125600	-0.358655
0.125700	3.608030
0.125800	3.608030
0.125900	0.137181
0.126000	-1.846160
0.126100	-5.317010
0.126200	-8.787870
0.126300	-8.787870
0.126400	-9.283700
0.126500	-8.787870
0.126600	-1.846160
0.126700	3.112200
0.126800	1.128850
0.126900	2.120530
0.127000	9.062230
0.127100	6.087210
0.127200	0.137181
0.127300	-1.846160
0.127400	4.103870
0.127500	10.053900
0.127600	9.062230
0.127700	5.095540
0.127800	2.120530
0.127900	-2.342000
0.128000	2.120530
0.128100	0.137181
0.128200	-3.829510
0.128300	-5.812850
0.128400	-4.821180
0.128500	-8.292030
0.128600	-10.771200
0.128700	-3.829510
0.128800	-0.854491
0.128900	1.128850
0.129000	8.070560
0.129100	6.087210
0.129200	0.137181
0.129300	0.137181
0.129400	1.128850
0.129500	8.070560
0.129600	0.137181
0.129700	-2.837830
0.129800	4.103870
0.129900	2.120530
0.130000	-1.350330
0.130100	2.616360
0.130200	2.120530
0.130300	-5.812850
0.130400	-2.837830
0.130500	1.128850
0.130600	-1.846160
0.130700	-2.837830
0.130800	0.633017
0.130900	2.120530
0.131000	-1.846160
0.131100	1.128850
0.131200	3.112200
0.131300	-3.333670
0.131400	6.087210
0.131500	11.541400
0.131600	4.103870
0.131700	2.120530
0.131800	5.095540
0.131900	8.566390
0.132000	4.103870
0.132100	0.137181
0.132200	4.103870
0.132300	8.070560
0.132400	6.087210
0.132500	4.103870
0.132600	2.120530
0.132700	-1.846160
0.132800	-0.854491
0.132900	2.120530
0.133000	0.137181
0.133100	-2.342000
0.133200	-3.829510
0.133300	2.120530
0.133400	0.137181
0.133500	-7.796190
0.133600	-7.796190
0.133700	1.128850
0.133800	-0.358655
0.133900	-0.854491
0.134000	2.120530
0.134100	4.103870
0.134200	4.103870
0.134300	3.608030
0.134400	2.120530
0.134500	2.120530
0.134600	3.112200
0.134700	2.120530
0.134800	5.095540
0.134900	1.128850
0.135000	-1.350330
0.135100	-4.821180
0.135200	2.616360
0.135300	10.053900
0.135400	7.574720
0.135500	2.120530
0.135600	3.112200
0.135700	6.087210
0.135800	7.078890
0.135900	4.103870
0.136000	3.112200
0.136100	2.120530
0.136200	-0.358655
0.136300	-2.342000
0.136400	-3.829510
0.136500	-5.812850
0.136600	-4.821180
0.136700	2.120530
0.136800	2.120530
0.136900	-0.358655
0.137000	4.103870
0.137100	4.103870
0.137200	-1.846160
0.137300	3.112200
0.137400	4.599710
0.137500	0.137181
0.137600	-1.846160
0.137700	-2.837830
0.137800	-3.829510
0.137900	2.120530
0.138000	6.087210
0.138100	4.103870
0.138200	-0.854491
0.138300	2.120530
0.138400	4.103870
0.138500	5.591380
0.138600	3.112200
0.138700	2.120530
0.138800	1.624690
0.138900	-1.846160
0.139000	-3.829510
0.139100	-0.358655
0.139200	-0.854491
0.139300	-0.854491
0.139400	6.583050
0.139500	-0.854491
0.139600	0.137181
0.139700	5.095540
0.139800	5.095540
0.139900	-1.846160
0.140000	-3.829510
0.140100	0.633017
0.140200	1.128850
0.140300	-2.837830
0.140400	-0.854491
0.140500	-1.846160
0.140600	-0.854491
0.140700	7.574720
0.140800	8.566390
0.140900	-0.854491
0.141000	-1.846160
0.141100	2.120530
0.141200	1.128850
0.141300	1.128850
0.141400	2.120530
0.141500	4.103870
0.141600	8.070560
0.141700	3.112200
0.141800	1.624690
0.141900	-1.846160
0.142000	-2.342000
0.142100	-3.333670
0.142200	-5.812850
0.142300	-6.308690
0.142400	-0.854491
0.142500	7.078890
0.142600	7.078890
0.142700	9.062230
0.142800	11.045600
0.142900	5.095540
0.143000	-1.846160
0.143100	1.128850
0.143200	5.095540
0.143300	4.103870
0.143400	2.120530
0.143500	4.103870
0.143600	8.070560
0.143700	7.078890
0.143800	5.095540
0.143900	7.078890
0.144000	6.087210
0.144100	1.624690
0.144200	-3.829510
0.144300	-3.829510
0.144400	-5.812850
0.144500	-3.829510
0.144600	2.120530
0.144700	-3.829510
0.144800	-6.804520
0.144900	-2.837830
0.145000	1.128850
0.145100	-0.358655
0.145200	2.120530
0.145300	5.095540
0.145400	4.103870
0.145500	2.120530
0.145600	2.120530
0.145700	0.137181
0.145800	-5.812850
0.145900	-4.325340
0.146000	2.120530
0.146100	3.112200
0.146200	0.137181
0.146300	1.128850
0.146400	2.120530
0.146500	1.128850
0.146600	-4.821180
0.146700	-4.821180
0.146800	0.137181
0.146900	-1.846160
0.147000	2.120530
0.147100	2.120530
0.147200	-2.837830
0.147300	-2.837830
0.147400	1.128850
0.147500	4.103870
0.147600	5.591380
0.147700	4.103870
0.147800	5.095540
0.147900	2.120530
0.148000	2.120530
0.148100	1.128850
0.148200	-2.837830
0.148300	1.128850
0.148400	1.128850
0.148500	1.128850
0.148600	2.120530
0.148700	1.624690
0.148800	7.078890
0.148900	7.078890
0.149000	-0.854491
0.149100	-5.812850
0.149200	0.633017
0.149300	4.103870
0.149400	-4.821180
0.149500	-5.812850
0.149600	-3.829510
0.149700	-1.846160
0.149800	1.128850
0.149900	2.120530
0.150000	-1.846160
0.150100	-0.358655
0.150200	2.120530
0.150300	-3.829510
0.150400	-5.812850
0.150500	0.137181
0.150600	3.112200
0.150700	4.103870
0.150800	2.120530
0.150900	7.078890
0.151000	5.095540
0.151100	1.128850
0.151200	-2.837830
0.151300	1.128850
0.151400	0.137181
0.151500	-4.325340
0.151600	-2.342000
0.151700	2.120530
0.151800	-2.342000
0.151900	-3.829510
0.152000	-3.829510
0.152100	-6.804520
0.152200	-1.846160
0.152300	4.103870
0.152400	2.120530
0.152500	-2.837830
0.152600	-0.854491
0.152700	-4.821180
0.152800	-2.837830
0.152900	0.137181
0.153000	1.128850
0.153100	-1.846160
0.153200	-3.829510
0.153300	-4.821180
0.153400	0.137181
0.153500	3.112200
0.153600	5.591380
0.153700	1.128850
0.153800	-2.342000
0.153900	0.137181
0.154000	4.103870
0.154100	1.128850
0.154200	4.103870
0.154300	6.087210
0.154400	5.095540
0.154500	4.103870
0.154600	7.078890
0.154700	5.095540
0.154800	-0.854491
0.154900	3.608030
0.155000	6.583050
0.155100	-0.358655
0.155200	-1.846160
0.155300	5.095540
0.155400	4.103870
0.155500	-2.837830
0.155600	-3.829510
0.155700	4.103870
0.155800	0.137181
0.155900	-2.837830
0.156000	0.137181
0.156100	-0.854491
0.156200	-1.846160
0.156300	-5.812850
0.156400	-3.829510
0.156500	2.616360
0.156600	2.120530
0.156700	4.103870
0.156800	9.062230
0.156900	1.624690
0.157000	-5.812850
0.157100	-4.821180
0.157200	1.128850
0.157300	2.120530
0.157400	-0.854491
0.157500	0.633017
0.157600	1.128850
0.157700	-0.358655
0.157800	2.120530
0.157900	8.070560
0.158000	5.095540
0.158100	1.128850
0.158200	1.128850
0.158300	3.608030
0.158400	2.120530
0.158500	-1.846160
0.158600	-0.854491
0.158700	3.112200
0.158800	4.103870
0.158900	0.137181
0.159000	-0.358655
0.159100	4.103870
0.159200	5.591380
0.159300	1.128850
0.159400	-2.837830
0.159500	-2.837830
0.159600	-7.796190
0.159700	-7.300360
0.159800	-2.837830
0.159900	0.633017
0.160000	0.137181
0.160100	3.112200
0.160200	1.128850
0.160300	-6.308690
0.160400	-3.333670
0.160500	4.103870
0.160600	0.137181
0.160700	-5.812850
0.160800	-5.317010
0.160900	1.128850
0.161000	-0.358655
0.161100	-0.854491
0.161200	-2.837830
0.161300	-1.846160
0.161400	3.112200
0.161500	5.591380
0.161600	-1.846160
0.161700	-0.854491
0.161800	1.128850
0.161900	3.112200
0.162000	2.120530
0.162100	-0.854491
0.162200	-1.846160
0.162300	-0.854491
0.162400	3.608030
0.162500	10.053900
0.162600	9.062230
0.162700	2.120530
0.162800	9.062230
0.162900	6.087210
0.163000	2.120530
0.163100	5.095540
0.163200	6.583050
0.163300	-5.812850
0.163400	-5.812850
0.163500	-4.821180
0.163600	-1.846160
0.163700	-3.829510
0.163800	-5.812850
0.163900	-3.829510
0.164000	-2.837830
0.164100	-1.846160
0.164200	5.095540
0.164300	7.078890
0.164400	5.095540
0.164500	5.095540
0.164600	0.137181
0.164700	-6.308690
0.164800	-3.829510
0.164900	-3.829510
0.165000	-3.829510
0.165100	1.128850
0.165200	0.137181
0.165300	-0.854491
0.165400	4.103870
0.165500	2.120530
0.165600	1.128850
0.165700	0.633017
0.165800	2.120530
0.165900	6.087210
0.166000	4.103870
0.166100	5.095540
0.166200	6.087210
0.166300	2.120530
0.166400	-0.854491
0.166500	4.103870
0.166600	3.608030
0.166700	-0.854491
0.166800	1.128850
0.166900	1.624690
0.167000	-0.854491
0.167100	-2.837830
0.167200	-0.854491
0.167300	-1.846160
0.167400	-6.804520
0.167500	-0.854491
0.167600	2.120530
0.167700	-1.846160
0.167800	-0.358655
0.167900	-0.358655
0.168000	-4.821180
0.168100	0.137181
0.168200	5.095540
0.168300	3.112200
0.168400	-8.292030
0.168500	-2.342000
0.168600	1.624690
0.168700	4.103870
0.168800	1.128850
0.168900	-1.846160
0.169000	0.137181
0.169100	2.120530
0.169200	0.137181
0.169300	5.095540
0.169400	3.608030
0.169500	-5.812850
0.169600	-0.358655
0.169700	1.128850
0.169800	3.608030
0.169900	6.087210
0.170000	2.120530
0.170100	2.120530
0.170200	2.120530
0.170300	2.120530
0.170400	2.120530
0.170500	-2.342000
0.170600	-3.829510
0.170700	-1.846160
0.170800	1.128850
0.170900	4.103870
0.171000	1.128850
0.171100	2.120530
0.171200	6.087210
0.171300	2.120530
0.171400	2.120530
0.171500	-0.854491
0.171600	3.608030
0.171700	4.103870
0.171800	-1.846160
0.171900	0.137181
0.172000	2.616360
0.172100	4.103870
0.172200	5.095540
0.172300	7.574720
0.172400	2.120530
0.172500	-5.812850
0.172600	-9.779540
0.172700	-5.812850
0.172800	-5.812850
0.172900	-2.837830
0.173000	2.120530
0.173100	1.624690
0.173200	-0.358655
0.173300	5.591380
0.173400	3.608030
0.173500	1.128850
0.173600	2.120530
0.173700	3.112200
0.173800	3.608030
0.173900	2.120530
0.174000	9.062230
0.174100	7.078890
0.174200	5.095540
0.174300	5.095540
0.174400	10.053900
0.174500	2.120530
0.174600	-1.846160
0.174700	1.624690
0.174800	0.633017
0.174900	-3.829510
0.175000	-1.846160
0.175100	-1.846160
0.175200	-4.325340
0.175300	-4.821180
0.175400	-3.829510
0.175500	3.112200
0.175600	8.070560
0.175700	3.112200
0.175800	-5.317010
0.175900	-7.796190
0.176000	-3.333670
0.176100	2.120530
0.176200	2.120530
0.176300	0.137181
0.176400	2.120530
0.176500	2.120530
0.176600	2.120530
0.176700	3.112200
0.176800	7.078890
0.176900	4.103870
0.177000	-0.358655
0.177100	0.137181
0.177200	2.120530
0.177300	1.128850
0.177400	-3.829510
0.177500	0.633017
0.177600	3.112200
0.177700	1.128850
0.177800	-2.837830
0.177900	-0.854491
0.178000	0.633017
0.178100	3.608030
0.178200	3.112200
0.178300	4.103870
0.178400	10.053900
0.178500	8.070560
0.178600	3.112200
0.178700	2.120530
0.178800	4.103870
0.178900	7.078890
0.179000	5.095540
0.179100	1.128850
0.179200	-2.837830
0.179300	-2.837830
0.179400	1.128850
0.179500	6.087210
0.179600	7.574720
0.179700	2.616360
0.179800	3.112200
0.179900	9.062230
0.180000	1.128850
0.180100	1.128850
0.180200	1.624690
0.180300	-5.812850
0.180400	-7.796190
0.180500	-6.804520
0.180600	1.624690
0.180700	1.624690
0.180800	-1.846160
0.180900	-3.829510
0.181000	-4.821180
0.181100	-5.812850
0.181200	-4.325340
0.181300	0.137181
0.181400	-5.812850
0.181500	-4.821180
0.181600	2.120530
0.181700	2.120530
0.181800	2.120530
0.181900	4.103870
0.182000	4.599710
0.182100	1.128850
0.182200	2.120530
0.182300	8.070560
0.182400	3.608030
0.182500	7.574720
0.182600	9.062230
0.182700	5.591380
0.182800	-3.829510
0.182900	-2.837830
0.183000	5.591380
0.183100	5.591380
0.183200	-0.854491
0.183300	-2.342000
0.183400	-0.854491
0.183500	-2.837830
0.183600	-4.325340
0.183700	-0.854491
0.183800	-0.854491
0.183900	3.112200
0.184000	7.078890
0.184100	3.112200
0.184200	-4.325340
0.184300	0.137181
0.184400	3.112200
0.184500	2.120530
0.184600	-1.846160
0.184700	-0.854491
0.184800	0.137181
0.184900	-1.846160
0.185000	-5.812850
0.185100	-3.829510
0.185200	-0.854491
0.185300	1.128850
0.185400	2.120530
0.185500	2.120530
0.185600	1.128850
0.185700	2.120530
0.185800	-0.854491
0.185900	-0.854491
0.186000	0.633017
0.186100	3.112200
0.186200	4.103870
0.186300	1.128850
0.186400	1.624690
0.186500	1.128850
0.186600	-5.812850
0.186700	-6.804520
0.186800	1.624690
0.186900	5.095540
0.187000	7.078890
0.187100	8.566390
0.187200	-1.846160
0.187300	-7.796190
0.187400	-4.821180
0.187500	1.128850
0.187600	2.120530
0.187700	2.120530
0.187800	-1.846160
0.187900	-4.325340
0.188000	-1.846160
0.188100	2.120530
0.188200	0.633017
0.188300	-1.846160
0.188400	-7.796190
0.188500	-3.829510
0.188600	2.120530
0.188700	2.120530
0.188800	0.137181
0.188900	-1.350330
0.189000	0.633017
0.189100	-1.846160
0.189200	0.137181
0.189300	2.120530
0.189400	2.120530
0.189500	3.608030
0.189600	0.137181
0.189700	0.137181
0.189800	8.070560
0.189900	6.087210
0.190000	-2.837830
0.190100	-1.846160
0.190200	-0.854491
0.190300	-1.846160
0.190400	-2.342000
0.190500	0.137181
0.190600	-2.837830
0.190700	-2.837830
0.190800	-1.846160
0.190900	-2.837830
0.191000	1.624690
0.191100	2.120530
0.191200	1.624690
0.191300	-0.854491
0.191400	5.095540
0.191500	5.095540
0.191600	3.112200
0.191700	2.120530
0.191800	3.112200
0.191900	2.120530
0.192000	2.120530
0.192100	2.120530
0.192200	2.120530
0.192300	0.137181
0.192400	1.128850
0.192500	-0.854491
0.192600	2.120530
0.192700	5.095540
0.192800	4.103870
0.192900	-0.358655
0.193000	-0.854491
0.193100	-0.854491
0.193200	1.128850
0.193300	0.137181
0.193400	-4.325340
0.193500	-9.779540
0.193600	-3.829510
0.193700	5.591380
0.193800	6.087210
0.193900	4.103870
0.194000	0.137181
0.194100	-1.846160
0.194200	-1.846160
0.194300	-0.358655
0.194400	-1.846160
0.194500	-0.854491
0.194600	1.128850
0.194700	0.137181
0.194800	-2.837830
0.194900	0.137181
0.195000	1.128850
0.195100	0.137181
0.195200	2.120530
0.195300	5.095540
0.195400	7.078890
0.195500	2.120530
0.195600	2.120530
0.195700	1.624690
0.195800	-1.846160
0.195900	-3.829510
0.196000	0.137181
0.196100	3.112200
0.196200	-2.837830
0.196300	-1.846160
0.196400	2.120530
0.196500	2.120530
0.196600	-4.325340
0.196700	-3.829510
0.196800	0.137181
0.196900	2.120530
0.197000	4.103870
0.197100	5.095540
0.197200	3.608030
0.197300	-1.846160
0.197400	-3.829510
0.197500	-3.829510
0.197600	-5.317010
0.197700	-5.812850
0.197800	-0.854491
0.197900	9.558070
0.198000	-1.846160
0.198100	-7.796190
0.198200	-1.846160
0.198300	2.120530
0.198400	-1.846160
0.198500	-5.812850
0.198600	0.137181
0.198700	-3.829510
0.198800	-3.829510
0.198900	4.103870
0.199000	7.078890
0.199100	6.583050
0.199200	3.112200
0.199300	4.103870
0.199400	0.137181
0.199500	-1.846160
0.199600	-0.854491
0.199700	1.624690
0.199800	2.120530
0.199900	-3.829510
0.200000	1.128850
0.200100	0.137181
0.200200	-4.821180
0.200300	-2.837830
0.200400	1.128850
0.200500	1.128850
0.200600	4.103870
0.200700	6.087210
0.200800	5.095540
0.200900	1.128850
0.201000	-1.846160
0.201100	-3.829510
0.201200	-2.837830
0.201300	-5.812850
0.201400	-0.854491
0.201500	7.078890
0.201600	1.624690
0.201700	1.624690
0.201800	4.103870
0.201900	-0.854491
0.202000	-1.846160
0.202100	0.137181
0.202200	3.112200
0.202300	2.120530
0.202400	-0.854491
0.202500	2.120530
0.202600	2.120530
0.202700	2.120530
0.202800	2.120530
0.202900	4.103870
0.203000	-1.846160
0.203100	0.137181
0.203200	7.078890
0.203300	1.624690
0.203400	0.137181
0.203500	1.128850
0.203600	0.137181
0.203700	1.128850
0.203800	1.128850
0.203900	9.062230
0.204000	2.120530
0.204100	0.137181
0.204200	0.137181
0.204300	1.624690
0.204400	2.120530
0.204500	-5.812850
0.204600	-7.796190
0.204700	-4.821180
0.204800	-0.854491
0.204900	-3.829510
0.205000	-6.804520
0.205100	-4.821180
0.205200	-4.821180
0.205300	-2.837830
0.205400	-3.829510
0.205500	8.566390
0.205600	11.045600
0.205700	5.591380
0.205800	3.112200
0.205900	0.137181
0.206000	-0.854491
0.206100	4.103870
0.206200	4.103870
0.206300	1.624690
0.206400	0.137181
0.206500	0.137181
0.206600	8.070560
0.206700	1.128850
0.206800	-3.829510
0.206900	0.137181
0.207000	4.103870
0.207100	1.624690
0.207200	4.103870
0.207300	9.558070
0.207400	-1.846160
0.207500	-2.342000
0.207600	5.095540
0.207700	7.078890
0.207800	3.608030
0.207900	5.095540
0.208000	1.128850
0.208100	-2.342000
0.208200	-2.342000
0.208300	6.087210
0.208400	5.095540
0.208500	5.095540
0.208600	3.112200
0.208700	0.137181
0.208800	-3.333670
0.208900	0.137181
0.209000	-3.829510
0.209100	-8.787870
0.209200	-4.325340
0.209300	-2.342000
0.209400	1.128850
0.209500	-2.837830
0.209600	-2.837830
0.209700	-5.317010
0.209800	-7.796190
0.209900	-2.342000
0.210000	0.137181
0.210100	-4.325340
0.210200	-2.837830
0.210300	6.087210
0.210400	8.566390
0.210500	2.120530
0.210600	-1.846160
0.210700	2.120530
0.210800	1.128850
0.210900	3.608030
0.211000	8.070560
0.211100	2.120530
0.211200	6.087210
0.211300	11.045600
0.211400	5.095540
0.211500	3.112200
0.211600	4.103870
0.211700	5.095540
0.211800	4.103870
0.211900	0.633017
0.212000	-6.804520
0.212100	-4.821180
0.212200	-0.854491
0.212300	3.608030
0.212400	2.120530
0.212500	-2.342000
0.212600	-2.837830
0.212700	-3.829510
0.212800	-4.325340
0.212900	0.137181
0.213000	5.095540
0.213100	0.137181
0.213200	-3.829510
0.213300	-4.821180
0.213400	-7.796190
0.213500	-5.812850
0.213600	-2.837830
0.213700	-1.846160
0.213800	-5.812850
0.213900	-4.821180
0.214000	2.120530
0.214100	2.120530
0.214200	3.112200
0.214300	2.120530
0.214400	1.128850
0.214500	-0.854491
0.214600	0.137181
0.214700	3.112200
0.214800	1.128850
0.214900	1.128850
0.215000	3.112200
0.215100	0.137181
0.215200	-3.829510
0.215300	-0.854491
0.215400	-2.837830
0.215500	2.120530
0.215600	4.103870
0.215700	1.624690
0.215800	-2.342000
0.215900	-4.821180
0.216000	-1.846160
0.216100	2.120530
0.216200	2.120530
0.216300	-0.358655
0.216400	-0.358655
0.216500	4.103870
0.216600	0.137181
0.216700	0.137181
0.216800	7.078890
0.216900	3.112200
0.217000	-2.837830
0.217100	2.120530
0.217200	10.053900
0.217300	3.112200
0.217400	-3.829510
0.217500	-5.812850
0.217600	-6.308690
0.217700	-4.821180
0.217800	-5.317010
0.217900	-5.812850
0.218000	-5.812850
0.218100	-2.342000
0.218200	0.137181
0.218300	3.112200
0.218400	8.566390
0.218500	10.053900
0.218600	2.120530
0.218700	-3.829510
0.218800	-3.333670
0.218900	-3.829510
0.219000	0.137181
0.219100	4.103870
0.219200	3.112200
0.219300	-0.854491
0.219400	2.120530
0.219500	8.070560
0.219600	3.608030
0.219700	0.137181
0.219800	3.112200
0.219900	3.112200
0.220000	4.103870
0.220100	3.112200
0.220200	-0.854491
0.220300	-3.829510
0.220400	3.112200
0.220500	2.120530
0.220600	-1.350330
0.220700	2.120530
0.220800	4.103870
0.220900	0.137181
0.221000	-2.837830
0.221100	-5.812850
0.221200	0.137181
0.221300	-0.854491
0.221400	-4.821180
0.221500	-2.837830
0.221600	0.137181
0.221700	-5.812850
0.221800	-5.812850
0.221900	-3.829510
0.222000	-3.829510
0.222100	-0.854491
0.222200	-1.846160
0.222300	0.137181
0.222400	-2.342000
0.222500	2.120530
0.222600	3.608030
0.222700	0.137181
0.222800	-2.837830
0.222900	2.120530
0.223000	6.087210
0.223100	3.112200
0.223200	2.120530
0.223300	-4.325340
0.223400	-8.787870
0.223500	-5.812850
0.223600	4.103870
0.223700	2.120530
0.223800	1.128850
0.223900	-0.854491
0.224000	-1.846160
0.224100	0.137181
0.224200	-1.350330
0.224300	-2.342000
0.224400	-4.325340
0.224500	-5.812850
0.224600	-8.292030
0.224700	-0.854491
0.224800	3.112200
0.224900	0.137181
0.225000	-0.358655
0.225100	-2.837830
0.225200	2.120530
0.225300	9.062230
0.225400	4.103870
0.225500	4.103870
0.225600	6.583050
0.225700	5.591380
0.225800	2.120530
0.225900	0.137181
0.226000	2.120530
0.226100	4.103870
0.226200	-0.358655
0.226300	0.137181
0.226400	8.070560
0.226500	8.566390
0.226600	5.095540
0.226700	3.112200
0.226800	0.137181
0.226900	1.128850
0.227000	10.053900
0.227100	8.070560
0.227200	3.608030
0.227300	4.599710
0.227400	12.037200
0.227500	10.053900
0.227600	3.112200
0.227700	-0.854491
0.227800	-1.846160
0.227900	-2.837830
0.228000	-4.325340
0.228100	0.137181
0.228200	-0.358655
0.228300	-1.846160
0.228400	3.112200
0.228500	-0.854491
0.228600	-3.333670
0.228700	-1.846160
0.228800	0.137181
0.228900	-1.846160
0.229000	-0.854491
0.229100	1.624690
0.229200	-1.846160
0.229300	-6.804520
0.229400	-1.846160
0.229500	-7.796190
0.229600	-9.779540
0.229700	-4.821180
0.229800	4.103870
0.229900	2.120530
0.230000	-2.837830
0.230100	-2.342000
0.230200	-0.854491
0.230300	-3.829510
0.230400	-1.846160
0.230500	1.128850
0.230600	-5.812850
0.230700	-2.837830
0.230800	5.095540
0.230900	1.128850
0.231000	-1.846160
0.231100	5.095540
0.231200	5.095540
0.231300	-3.829510
0.231400	-0.358655
0.231500	5.095540
0.231600	4.103870
0.231700	1.128850
0.231800	1.624690
0.231900	-1.846160
0.232000	-0.854491
0.232100	-0.358655
0.232200	-3.829510
0.232300	-2.837830
0.232400	-1.846160
0.232500	1.624690
0.232600	4.103870
0.232700	0.137181
0.232800	1.128850
0.232900	2.120530
0.233000	-3.829510
0.233100	-2.837830
0.233200	5.095540
0.233300	1.128850
0.233400	-3.333670
0.233500	-3.829510
0.233600	-1.846160
0.233700	-1.846160
0.233800	1.624690
0.233900	6.583050
0.234000	4.103870
0.234100	-0.358655
0.234200	-0.854491
0.234300	-1.846160
0.234400	0.137181
0.234500	3.112200
0.234600	4.103870
0.234700	2.120530
0.234800	7.078890
0.234900	6.087210
0.235000	4.103870
0.235100	2.120530
0.235200	6.087210
0.235300	8.070560
0.235400	1.128850
0.235500	4.103870
0.235600	6.087210
0.235700	10.053900
0.235800	7.574720
0.235900	1.624690
0.236000	-0.358655
0.236100	1.128850
0.236200	0.137181
0.236300	-1.846160
0.236400	-0.854491
0.236500	2.120530
0.236600	2.120530
0.236700	2.120530
0.236800	2.120530
0.236900	1.128850
0.237000	2.120530
0.237100	0.137181
0.237200	5.095540
0.237300	7.574720
0.237400	4.103870
0.237500	2.120530
0.237600	2.120530
0.237700	2.120530
0.237800	1.128850
0.237900	-2.837830
0.238000	-3.829510
0.238100	2.120530
0.238200	2.120530
0.238300	-3.829510
0.238400	-3.829510
0.238500	4.103870
0.238600	7.078890
0.238700	5.591380
0.238800	3.112200
0.238900	-0.358655
0.239000	-1.846160
0.239100	-3.333670
0.239200	-1.846160
0.239300	2.120530
0.239400	-0.358655
0.239500	-4.325340
0.239600	-0.358655
0.239700	-1.846160
0.239800	-5.812850
0.239900	0.137181
0.240000	2.120530
0.240100	-3.829510
0.240200	0.137181
0.240300	4.599710
0.240400	3.608030
0.240500	-0.854491
0.240600	-2.342000
0.240700	-5.812850
0.240800	-5.812850
0.240900	2.120530
0.241000	5.095540
0.241100	-0.854491
0.241200	-2.837830
0.241300	0.137181
0.241400	-0.854491
0.241500	-1.846160
0.241600	3.112200
0.241700	2.616360
0.241800	0.137181
0.241900	1.128850
0.242000	2.120530
0.242100	2.120530
0.242200	8.070560
0.242300	8.070560
0.242400	3.608030
0.242500	4.103870
0.242600	4.103870
0.242700	1.128850
0.242800	-0.854491
0.242900	3.112200
0.243000	3.112200
0.243100	-1.846160
0.243200	2.616360
0.243300	6.087210
0.243400	8.070560
0.243500	4.103870
0.243600	4.599710
0.243700	2.120530
0.243800	-5.812850
0.243900	-5.812850
0.244000	1.128850
0.244100	-1.846160
0.244200	-7.300360
0.244300	-2.837830
0.244400	-5.812850
0.244500	-6.804520
0.244600	-2.837830
0.244700	0.137181
0.244800	-5.812850
0.244900	-8.787870
0.245000	2.120530
0.245100	5.095540
0.245200	-2.342000
0.245300	-3.829510
0.245400	-0.854491
0.245500	-2.342000
0.245600	-5.812850
0.245700	-0.854491
0.245800	2.120530
0.245900	2.120530
0.246000	0.137181
0.246100	-8.292030
0.246200	-9.779540
0.246300	0.137181
0.246400	1.624690
0.246500	1.128850
0.246600	2.120530
0.246700	6.087210
0.246800	6.087210
0.246900	2.120530
0.247000	2.120530
0.247100	5.095540
0.247200	-0.854491
0.247300	3.112200
0.247400	10.053900
0.247500	0.137181
0.247600	-2.837830
0.247700	2.120530
0.247800	2.120530
0.247900	-1.846160
0.248000	0.137181
0.248100	4.599710
0.248200	4.599710
0.248300	3.608030
0.248400	4.103870
0.248500	1.128850
0.248600	-1.846160
0.248700	-2.837830
0.248800	2.120530
0.248900	3.608030
0.249000	-1.846160
0.249100	1.128850
0.249200	2.120530
0.249300	1.128850
0.249400	4.103870
0.249500	8.070560
0.249600	2.120530
0.249700	-0.854491
0.249800	7.078890
0.249900	5.095540
0.250000	2.120530
0.250100	0.633017
0.250200	6.583050
0.250300	4.103870
0.250400	0.137181
0.250500	-0.854491
0.250600	1.624690
0.250700	1.128850
0.250800	1.128850
0.250900	4.103870
0.251000	4.103870
0.251100	0.137181
0.251200	0.137181
0.251300	0.137181
0.251400	-2.342000
0.251500	-2.837830
0.251600	-0.854491
0.251700	-1.846160
0.251800	-0.358655
0.251900	4.103870
0.252000	3.112200
0.252100	8.070560
0.252200	8.070560
0.252300	2.120530
0.252400	-0.854491
0.252500	2.120530
0.252600	6.087210
0.252700	5.095540
0.252800	2.120530
0.252900	3.608030
0.253000	-1.846160
0.253100	-1.846160
0.253200	2.120530
0.253300	3.608030
0.253400	1.128850
0.253500	2.120530
0.253600	1.128850
0.253700	0.137181
0.253800	-3.829510
0.253900	-2.837830
0.254000	-2.342000
0.254100	-2.837830
0.254200	-0.358655
0.254300	-0.358655
0.254400	0.137181
0.254500	4.599710
0.254600	6.087210
0.254700	1.128850
0.254800	0.137181
0.254900	0.137181
0.255000	-5.317010
0.255100	-5.317010
0.255200	4.103870
0.255300	10.053900
0.255400	4.103870
0.255500	5.591380
0.255600	6.087210
0.255700	1.624690
0.255800	-6.308690
0.255900	-1.846160
0.256000	1.128850
0.256100	1.128850
0.256200	3.112200
0.256300	7.078890
0.256400	3.112200
0.256500	-4.821180
0.256600	-2.837830
0.256700	2.616360
0.256800	-3.333670
0.256900	-4.325340
0.257000	-0.358655
0.257100	-3.829510
0.257200	-7.796190
0.257300	-6.804520
0.257400	-5.812850
0.257500	-2.837830
0.257600	-3.829510
0.257700	-3.333670
0.257800	-0.358655
0.257900	3.112200
0.258000	4.103870
0.258100	1.128850
0.258200	-3.829510
0.258300	0.137181
0.258400	6.583050
0.258500	6.087210
0.258600	3.608030
0.258700	3.608030
0.258800	1.624690
0.258900	2.120530
0.259000	6.087210
0.259100	3.608030
0.259200	3.112200
0.259300	1.128850
0.259400	2.120530
0.259500	-2.342000
0.259600	-2.342000
0.259700	-4.325340
0.259800	-5.812850
0.259900	-2.837830
0.260000	1.128850
0.260100	2.120530
0.260200	2.616360
0.260300	-0.854491
0.260400	-1.846160
0.260500	0.137181
0.260600	1.128850
0.260700	2.120530
0.260800	4.103870
0.260900	4.103870
0.261000	4.103870
0.261100	5.095540
0.261200	-1.350330
0.261300	-6.804520
0.261400	-5.317010
0.261500	-0.854491
0.261600	-1.350330
0.261700	-1.846160
0.261800	2.120530
0.261900	1.128850
0.262000	0.633017
0.262100	0.137181
0.262200	1.128850
0.262300	3.112200
0.262400	6.087210
0.262500	6.087210
0.262600	4.599710
0.262700	10.053900
0.262800	7.574720
0.262900	0.137181
0.263000	1.128850
0.263100	7.078890
0.263200	9.558070
0.263300	2.120530
0.263400	3.608030
0.263500	3.608030
0.263600	4.103870
0.263700	-1.846160
0.263800	0.137181
0.263900	8.070560
0.264000	6.087210
0.264100	-2.342000
0.264200	-5.812850
0.264300	-1.846160
0.264400	-2.342000
0.264500	5.095540
0.264600	4.103870
0.264700	-3.333670
0.264800	5.095540
0.264900	9.062230
0.265000	1.128850
0.265100	-0.358655
0.265200	0.137181
0.265300	-4.325340
0.265400	-7.300360
0.265500	-4.821180
0.265600	1.128850
0.265700	0.633017
0.265800	4.103870
0.265900	7.078890
0.266000	4.599710
0.266100	-2.837830
0.266200	-1.846160
0.266300	4.103870
0.266400	0.137181
0.266500	-2.837830
0.266600	2.120530
0.266700	3.608030
0.266800	4.103870
0.266900	0.137181
0.267000	2.120530
0.267100	1.128850
0.267200	-2.342000
0.267300	7.078890
0.267400	6.583050
0.267500	-2.837830
0.267600	0.137181
0.267700	8.070560
0.267800	5.095540
0.267900	0.633017
0.268000	4.599710
0.268100	7.574720
0.268200	4.103870
0.268300	-2.837830
0.268400	-2.837830
0.268500	-0.358655
0.268600	-2.342000
0.268700	-1.846160
0.268800	2.120530
0.268900	-1.846160
0.269000	0.137181
0.269100	5.095540
0.269200	2.120530
0.269300	3.112200
0.269400	3.608030
0.269500	8.070560
0.269600	4.103870
0.269700	0.137181
0.269800	2.120530
0.269900	-1.846160
0.270000	-1.846160
0.270100	1.128850
0.270200	1.128850
0.270300	-2.837830
0.270400	-1.846160
0.270500	6.087210
0.270600	4.103870
0.270700	-2.837830
0.270800	0.633017
0.270900	2.120530
0.271000	1.128850
0.271100	9.062230
0.271200	11.541400
0.271300	10.053900
0.271400	2.120530
0.271500	-1.846160
0.271600	-1.846160
0.271700	-3.829510
0.271800	1.624690
0.271900	2.120530
0.272000	-0.854491
0.272100	0.137181
0.272200	3.112200
0.272300	0.137181
0.272400	2.120530
0.272500	7.078890
0.272600	7.574720
0.272700	4.103870
0.272800	6.087210
0.272900	5.095540
0.273000	-1.846160
0.273100	-2.342000
0.273200	2.120530
0.273300	4.103870
0.273400	1.128850
0.273500	5.095540
0.273600	9.558070
0.273700	9.558070
0.273800	2.120530
0.273900	2.120530
0.274000	8.070560
0.274100	5.095540
0.274200	2.120530
0.274300	5.095540
0.274400	4.103870
0.274500	2.120530
0.274600	-0.854491
0.274700	1.128850
0.274800	-0.854491
0.274900	2.120530
0.275000	5.095540
0.275100	3.608030
0.275200	-2.837830
0.275300	-3.829510
0.275400	0.137181
0.275500	-0.854491
0.275600	-2.342000
0.275700	-1.846160
0.275800	-2.837830
0.275900	3.112200
0.276000	5.095540
0.276100	-2.837830
0.276200	-5.812850
0.276300	-2.837830
0.276400	-0.358655
0.276500	1.128850
0.276600	-1.350330
0.276700	2.120530
0.276800	-0.854491
0.276900	-1.350330
0.277000	3.608030
0.277100	5.095540
0.277200	2.120530
0.277300	4.103870
0.277400	1.128850
0.277500	-6.308690
0.277600	-0.854491
0.277700	5.095540
0.277800	5.095540
0.277900	4.103870
0.278000	2.120530
0.278100	0.137181
0.278200	0.633017
0.278300	2.120530
0.278400	1.128850
0.278500	-1.846160
0.278600	2.120530
0.278700	4.103870
0.278800	2.616360
0.278900	0.137181
0.279000	-1.846160
0.279100	-5.812850
0.279200	-6.308690
0.279300	-2.342000
0.279400	-1.846160
0.279500	0.137181
0.279600	1.128850
0.279700	6.087210
0.279800	6.087210
0.279900	2.120530
0.280000	5.095540
0.280100	2.120530
0.280200	1.128850
0.280300	5.591380
0.280400	7.078890
0.280500	4.599710
0.280600	3.608030
0.280700	6.087210
0.280800	4.103870
0.280900	-0.854491
0.281000	1.128850
0.281100	4.103870
0.281200	4.103870
0.281300	5.095540
0.281400	4.599710
0.281500	1.128850
0.281600	1.128850
0.281700	3.608030
0.281800	0.137181
0.281900	2.120530
0.282000	9.558070
0.282100	6.087210
0.282200	5.095540
0.282300	8.070560
0.282400	5.095540
0.282500	-1.846160
0.282600	-3.829510
0.282700	-4.821180
0.282800	-3.829510
0.282900	-2.837830
0.283000	0.633017
0.283100	3.112200
0.283200	5.095540
0.283300	-3.829510
0.283400	-1.846160
0.283500	1.128850
0.283600	-2.837830
0.283700	-1.846160
0.283800	4.103870
0.283900	2.120530
0.284000	3.112200
0.284100	5.095540
0.284200	2.120530
0.284300	2.120530
0.284400	6.087210
0.284500	6.087210
0.284600	0.137181
0.284700	-1.846160
0.284800	-1.846160
0.284900	1.128850
0.285000	1.128850
0.285100	-2.837830
0.285200	1.624690
0.285300	-2.837830
0.285400	0.137181
0.285500	2.120530
0.285600	-0.854491
0.285700	0.137181
0.285800	4.103870
0.285900	1.128850
0.286000	-1.846160
0.286100	1.128850
0.286200	5.095540
0.286300	6.087210
0.286400	6.087210
0.286500	-2.837830
0.286600	-3.829510
0.286700	-3.829510
0.286800	-1.846160
0.286900	3.608030
0.287000	2.120530
0.287100	3.112200
0.287200	2.120530
0.287300	2.120530
0.287400	0.137181
0.287500	4.103870
0.287600	2.120530
0.287700	-2.837830
0.287800	-4.325340
0.287900	-0.358655
0.288000	-0.854491
0.288100	-3.829510
0.288200	-4.821180
0.288300	-1.846160
0.288400	-0.854491
0.288500	-3.829510
0.288600	-5.812850
0.288700	-1.846160
0.288800	-1.846160
0.288900	-2.837830
0.289000	-1.846160
0.289100	-2.837830
0.289200	-5.812850
0.289300	-6.308690
0.289400	-4.821180
0.289500	-0.854491
0.289600	2.120530
0.289700	4.103870
0.289800	4.103870
0.289900	2.120530
0.290000	1.128850
0.290100	-3.829510
0.290200	-4.821180
0.290300	1.128850
0.290400	-3.829510
0.290500	-3.829510
0.290600	1.128850
0.290700	0.137181
0.290800	-3.829510
0.290900	0.137181
0.291000	4.103870
0.291100	2.120530
0.291200	-3.829510
0.291300	0.137181
0.291400	2.120530
0.291500	1.624690
0.291600	-2.342000
0.291700	-2.837830
0.291800	2.120530
0.291900	2.120530
0.292000	2.120530
0.292100	-2.837830
0.292200	-4.821180
0.292300	2.120530
0.292400	4.103870
0.292500	1.128850
0.292600	1.128850
0.292700	2.120530
0.292800	-0.358655
0.292900	-5.812850
0.293000	3.112200
0.293100	5.095540
0.293200	4.103870
0.293300	10.053900
0.293400	7.574720
0.293500	2.120530
0.293600	3.608030
0.293700	7.574720
0.293800	5.095540
0.293900	2.120530
0.294000	2.120530
0.294100	1.128850
0.294200	1.128850
0.294300	-1.846160
0.294400	0.137181
0.294500	0.137181
0.294600	1.128850
0.294700	2.120530
0.294800	1.128850
0.294900	-1.846160
0.295000	-1.846160
0.295100	0.137181
0.295200	-0.854491
0.295300	1.128850
0.295400	-0.854491
0.295500	-0.854491
0.295600	-2.837830
0.295700	-4.325340
0.295800	0.633017
0.295900	2.120530
0.296000	1.128850
0.296100	-2.837830
0.296200	-1.846160
0.296300	2.120530
0.296400	1.128850
0.296500	1.128850
0.296600	1.128850
0.296700	-3.829510
0.296800	1.624690
0.296900	4.103870
0.297000	1.128850
0.297100	-1.846160
0.297200	-0.358655
0.297300	-8.787870
0.297400	-5.812850
0.297500	-0.854491
0.297600	-2.342000
0.297700	0.137181
0.297800	10.053900
0.297900	9.062230
0.298000	5.591380
0.298100	2.120530
0.298200	4.103870
0.298300	2.120530
0.298400	7.078890
0.298500	4.103870
0.298600	0.137181
0.298700	-1.846160
0.298800	0.137181
0.298900	6.087210
0.299000	2.120530
0.299100	-4.325340
0.299200	-4.821180
0.299300	-1.846160
0.299400	2.120530
0.299500	0.137181
0.299600	0.137181
0.299700	-0.854491
0.299800	2.120530
0.299900	3.112200
