-0.050000	-151.695007
-0.049900	-72.480904
-0.049800	-13.070300
-0.049700	-32.873798
-0.049600	6.733200
-0.049500	46.340199
-0.049400	46.340199
-0.049300	66.143799
-0.049200	6.733200
-0.049100	-32.873798
-0.049000	-72.480904
-0.048900	-112.087997
-0.048800	-191.302002
-0.048700	-112.087997
-0.048600	46.340199
-0.048500	6.733200
-0.048400	-72.480904
-0.048300	36.438499
-0.048200	85.947304
-0.048100	85.947304
-0.048000	66.143799
-0.047900	145.358002
-0.047800	-13.070300
-0.047700	-32.873798
-0.047600	-32.873798
-0.047500	-32.873798
-0.047400	-82.382698
-0.047300	-72.480904
-0.047200	-13.070300
-0.047100	16.635000
-0.047000	66.143799
-0.046900	6.733200
-0.046800	6.733200
-0.046700	125.554001
-0.046600	46.340199
-0.046500	76.045502
-0.046400	145.358002
-0.046300	85.947304
-0.046200	46.340199
-0.046100	-151.695007
-0.046000	-191.302002
-0.045900	-13.070300
-0.045800	-3.168560
-0.045700	-112.087997
-0.045600	-72.480904
-0.045500	-32.873798
-0.045400	-72.480904
-0.045300	-112.087997
-0.045200	-82.382698
-0.045100	-72.480904
-0.045000	85.947304
-0.044900	6.733200
-0.044800	165.160995
-0.044700	85.947304
-0.044600	-32.873798
-0.044500	-13.070300
-0.044400	-3.168560
-0.044300	26.536699
-0.044200	-201.203995
-0.044100	-72.480904
-0.044000	66.143799
-0.043900	46.340199
-0.043800	46.340199
-0.043700	26.536699
-0.043600	6.733200
-0.043500	6.733200
-0.043400	26.536699
-0.043300	85.947304
-0.043200	46.340199
-0.043100	-13.070300
-0.043000	-13.070300
-0.042900	-72.480904
-0.042800	-13.070300
-0.042700	6.733200
-0.042600	-92.284401
-0.042500	76.045502
-0.042400	-72.480904
-0.042300	-82.382698
-0.042200	6.733200
-0.042100	-72.480904
-0.042000	-72.480904
-0.041900	85.947304
-0.041800	6.733200
-0.041700	66.143799
-0.041600	6.733200
-0.041500	-32.873798
-0.041400	-112.087997
-0.041300	-161.597000
-0.041200	-141.792999
-0.041100	-92.284401
-0.041000	-112.087997
-0.040900	-151.695007
-0.040800	105.750999
-0.040700	-92.284401
-0.040600	-72.480904
-0.040500	6.733200
-0.040400	115.653000
-0.040300	85.947304
-0.040200	46.340199
-0.040100	85.947304
-0.040000	125.554001
-0.039900	-13.070300
-0.039800	-112.087997
-0.039700	-72.480904
-0.039600	6.733200
-0.039500	-72.480904
-0.039400	6.733200
-0.039300	-72.480904
-0.039200	-13.070300
-0.039100	-72.480904
-0.039000	115.653000
-0.038900	66.143799
-0.038800	46.340199
-0.038700	85.947304
-0.038600	36.438499
-0.038500	-72.480904
-0.038400	-13.070300
-0.038300	6.733200
-0.038200	-72.480904
-0.038100	-151.695007
-0.038000	-32.873798
-0.037900	-112.087997
-0.037800	-131.891006
-0.037700	-32.873798
-0.037600	85.947304
-0.037500	66.143799
-0.037400	6.733200
-0.037300	26.536699
-0.037200	85.947304
-0.037100	204.768005
-0.037000	165.160995
-0.036900	46.340199
-0.036800	-13.070300
-0.036700	-92.284401
-0.036600	-72.480904
-0.036500	66.143799
-0.036400	6.733200
-0.036300	6.733200
-0.036200	26.536699
-0.036100	6.733200
-0.036000	6.733200
-0.035900	46.340199
-0.035800	66.143799
-0.035700	66.143799
-0.035600	85.947304
-0.035500	85.947304
-0.035400	-13.070300
-0.035300	-72.480904
-0.035200	46.340199
-0.035100	-112.087997
-0.035000	6.733200
-0.034900	-3.168560
-0.034800	-112.087997
-0.034700	-72.480904
-0.034600	-13.070300
-0.034500	46.340199
-0.034400	105.750999
-0.034300	6.733200
-0.034200	145.358002
-0.034100	66.143799
-0.034000	-72.480904
-0.033900	-52.677399
-0.033800	-112.087997
-0.033700	-112.087997
-0.033600	26.536699
-0.033500	66.143799
-0.033400	-32.873798
-0.033300	-32.873798
-0.033200	85.947304
-0.033100	46.340199
-0.033000	46.340199
-0.032900	-72.480904
-0.032800	6.733200
-0.032700	6.733200
-0.032600	66.143799
-0.032500	-112.087997
-0.032400	6.733200
-0.032300	-13.070300
-0.032200	-82.382698
-0.032100	-72.480904
-0.032000	-72.480904
-0.031900	-32.873798
-0.031800	-72.480904
-0.031700	36.438499
-0.031600	-72.480904
-0.031500	46.340199
-0.031400	85.947304
-0.031300	85.947304
-0.031200	85.947304
-0.031100	6.733200
-0.031000	-72.480904
-0.030900	-32.873798
-0.030800	-72.480904
-0.030700	-112.087997
-0.030600	-72.480904
-0.030500	16.635000
-0.030400	36.438499
-0.030300	-32.873798
-0.030200	-72.480904
-0.030100	125.554001
-0.030000	204.768005
-0.029900	76.045502
-0.029800	-92.284401
-0.029700	-82.382698
-0.029600	115.653000
-0.029500	-13.070300
-0.029400	-151.695007
-0.029300	-72.480904
-0.029200	46.340199
-0.029100	36.438499
-0.029000	-72.480904
-0.028900	-3.168560
-0.028800	-92.284401
-0.028700	-72.480904
-0.028600	-72.480904
-0.028500	6.733200
-0.028400	85.947304
-0.028300	46.340199
-0.028200	46.340199
-0.028100	85.947304
-0.028000	36.438499
-0.027900	-72.480904
-0.027800	-82.382698
-0.027700	-72.480904
-0.027600	-121.989998
-0.027500	-32.873798
-0.027400	85.947304
-0.027300	46.340199
-0.027200	66.143799
-0.027100	46.340199
-0.027000	6.733200
-0.026900	85.947304
-0.026800	165.160995
-0.026700	224.572006
-0.026600	125.554001
-0.026500	-13.070300
-0.026400	-92.284401
-0.026300	-112.087997
-0.026200	-171.498993
-0.026100	-92.284401
-0.026000	6.733200
-0.025900	46.340199
-0.025800	46.340199
-0.025700	76.045502
-0.025600	6.733200
-0.025500	-32.873798
-0.025400	6.733200
-0.025300	66.143799
-0.025200	46.340199
-0.025100	125.554001
-0.025000	6.733200
-0.024900	-112.087997
-0.024800	-92.284401
-0.024700	6.733200
-0.024600	-32.873798
-0.024500	-72.480904
-0.024400	-13.070300
-0.024300	46.340199
-0.024200	6.733200
-0.024100	-72.480904
-0.024000	-22.972099
-0.023900	6.733200
-0.023800	6.733200
-0.023700	85.947304
-0.023600	244.375000
-0.023500	6.733200
-0.023400	-32.873798
-0.023300	-32.873798
-0.023200	6.733200
-0.023100	26.536699
-0.023000	6.733200
-0.022900	-42.775600
-0.022800	-92.284401
-0.022700	-32.873798
-0.022600	-72.480904
-0.022500	46.340199
-0.022400	66.143799
-0.022300	-32.873798
-0.022200	66.143799
-0.022100	6.733200
-0.022000	26.536699
-0.021900	66.143799
-0.021800	105.750999
-0.021700	85.947304
-0.021600	66.143799
-0.021500	6.733200
-0.021400	66.143799
-0.021300	76.045502
-0.021200	6.733200
-0.021100	-102.185997
-0.021000	-151.695007
-0.020900	26.536699
-0.020800	6.733200
-0.020700	46.340199
-0.020600	85.947304
-0.020500	6.733200
-0.020400	-32.873798
-0.020300	-13.070300
-0.020200	6.733200
-0.020100	125.554001
-0.020000	145.358002
-0.019900	46.340199
-0.019800	46.340199
-0.019700	36.438499
-0.019600	-92.284401
-0.019500	-92.284401
-0.019400	-3.168560
-0.019300	125.554001
-0.019200	85.947304
-0.019100	46.340199
-0.019000	-32.873798
-0.018900	-72.480904
-0.018800	-13.070300
-0.018700	6.733200
-0.018600	66.143799
-0.018500	66.143799
-0.018400	66.143799
-0.018300	85.947304
-0.018200	-72.480904
-0.018100	-92.284401
-0.018000	-72.480904
-0.017900	-72.480904
-0.017800	-92.284401
-0.017700	-22.972099
-0.017600	-13.070300
-0.017500	-72.480904
-0.017400	-112.087997
-0.017300	-32.873798
-0.017200	125.554001
-0.017100	46.340199
-0.017000	-3.168560
-0.016900	26.536699
-0.016800	85.947304
-0.016700	66.143799
-0.016600	85.947304
-0.016500	-92.284401
-0.016400	-151.695007
-0.016300	6.733200
-0.016200	-72.480904
-0.016100	-72.480904
-0.016000	-151.695007
-0.015900	-72.480904
-0.015800	46.340199
-0.015700	-13.070300
-0.015600	-151.695007
-0.015500	-151.695007
-0.015400	6.733200
-0.015300	6.733200
-0.015200	66.143799
-0.015100	6.733200
-0.015000	6.733200
-0.014900	6.733200
-0.014800	76.045502
-0.014700	85.947304
-0.014600	-13.070300
-0.014500	85.947304
-0.014400	165.160995
-0.014300	145.358002
-0.014200	26.536699
-0.014100	85.947304
-0.014000	66.143799
-0.013900	26.536699
-0.013800	165.160995
-0.013700	46.340199
-0.013600	125.554001
-0.013500	145.358002
-0.013400	6.733200
-0.013300	66.143799
-0.013200	-92.284401
-0.013100	36.438499
-0.013000	-112.087997
-0.012900	-151.695007
-0.012800	-151.695007
-0.012700	26.536699
-0.012600	46.340199
-0.012500	-72.480904
-0.012400	-72.480904
-0.012300	6.733200
-0.012200	-72.480904
-0.012100	-3.168560
-0.012000	6.733200
-0.011900	-32.873798
-0.011800	-72.480904
-0.011700	6.733200
-0.011600	-42.775600
-0.011500	-13.070300
-0.011400	-191.302002
-0.011300	-72.480904
-0.011200	6.733200
-0.011100	-72.480904
-0.011000	-72.480904
-0.010900	-72.480904
-0.010800	26.536699
-0.010700	6.733200
-0.010600	46.340199
-0.010500	46.340199
-0.010400	-13.070300
-0.010300	-72.480904
-0.010200	-171.498993
-0.010100	-151.695007
-0.010000	-13.070300
-0.009900	-13.070300
-0.009800	-13.070300
-0.009700	6.733200
-0.009600	46.340199
-0.009500	85.947304
-0.009400	6.733200
-0.009300	-32.873798
-0.009200	66.143799
-0.009100	85.947304
-0.009000	165.160995
-0.008900	46.340199
-0.008800	-72.480904
-0.008700	6.733200
-0.008600	-72.480904
-0.008500	-151.695007
-0.008400	-72.480904
-0.008300	85.947304
-0.008200	76.045502
-0.008100	-72.480904
-0.008000	-72.480904
-0.007900	36.438499
-0.007800	85.947304
-0.007700	46.340199
-0.007600	-32.873798
-0.007500	85.947304
-0.007400	85.947304
-0.007300	46.340199
-0.007200	-32.873798
-0.007100	-92.284401
-0.007000	-72.480904
-0.006900	-72.480904
-0.006800	-112.087997
-0.006700	-32.873798
-0.006600	6.733200
-0.006500	-13.070300
-0.006400	26.536699
-0.006300	6.733200
-0.006200	184.964996
-0.006100	204.768005
-0.006000	165.160995
-0.005900	46.340199
-0.005800	-13.070300
-0.005700	125.554001
-0.005600	-32.873798
-0.005500	-72.480904
-0.005400	-22.972099
-0.005300	6.733200
-0.005200	6.733200
-0.005100	-3.168560
-0.005000	66.143799
-0.004900	-191.302002
-0.004800	-112.087997
-0.004700	6.733200
-0.004600	46.340199
-0.004500	-32.873798
-0.004400	85.947304
-0.004300	224.572006
-0.004200	85.947304
-0.004100	66.143799
-0.004000	6.733200
-0.003900	6.733200
-0.003800	26.536699
-0.003700	-92.284401
-0.003600	-121.989998
-0.003500	-72.480904
-0.003400	-92.284401
-0.003300	-92.284401
-0.003200	76.045502
-0.003100	6.733200
-0.003000	26.536699
-0.002900	165.160995
-0.002800	224.572006
-0.002700	85.947304
-0.002600	6.733200
-0.002500	-72.480904
-0.002400	6.733200
-0.002300	-13.070300
-0.002200	-92.284401
-0.002100	-151.695007
-0.002000	-13.070300
-0.001900	46.340199
-0.001800	36.438499
-0.001700	-13.070300
-0.001600	-3.168560
-0.001500	6.733200
-0.001400	6.733200
-0.001300	6.733200
-0.001200	85.947304
-0.001100	66.143799
-0.001000	-32.873798
-0.000900	-92.284401
-0.000800	-32.873798
-0.000700	6.733200
-0.000600	6.733200
-0.000500	46.340199
-0.000400	-32.873798
-0.000300	6.733200
-0.000200	145.358002
-0.000100	6.733200
0.000000	-112.087997
0.000100	6.733200
0.000200	85.947304
0.000300	-92.284401
0.000400	-151.695007
0.000500	26.536699
0.000600	-151.695007
0.000700	-112.087997
0.000800	-72.480904
0.000900	-92.284401
0.001000	-13.070300
0.001100	-13.070300
0.001200	-250.712997
0.001300	125.554001
0.001400	165.160995
0.001500	-151.695007
0.001600	244.375000
0.001700	383.000000
0.001800	-112.087997
0.001900	244.375000
0.002000	244.375000
0.002100	46.340199
0.002200	-72.480904
0.002300	6.733200
0.002400	125.554001
0.002500	283.983002
0.002600	-32.873798
0.002700	-13.070300
0.002800	85.947304
0.002900	-171.498993
0.003000	85.947304
0.003100	184.964996
0.003200	-1023.049988
0.003300	-1300.300049
0.003400	-825.015015
0.003500	-310.122986
0.003600	6.733200
0.003700	-250.712997
0.003800	-428.944000
0.003900	-230.908997
0.004000	-448.747986
0.004100	-795.309021
0.004200	-1023.049988
0.004300	-1062.660034
0.004400	-1191.380005
0.004500	-1240.890015
0.004600	-1230.989990
0.004700	-1696.369995
0.004800	-2023.130005
0.004900	-1815.189941
0.005000	-1577.550049
0.005100	-1904.310059
0.005200	-2013.229980
0.005300	-2290.479980
0.005400	-2567.719971
0.005500	-2290.479980
0.005600	-2290.479980
0.005700	-2686.550049
0.005800	-2805.370117
0.005900	-2498.409912
0.006000	-2666.739990
0.006100	-2844.969971
0.006200	-2924.189941
0.006300	-3003.399902
0.006400	-3043.010010
0.006500	-3161.830078
0.006600	-3003.399902
0.006700	-2864.780029
0.006800	-2943.989990
0.006900	-3300.449951
0.007000	-3181.629883
0.007100	-3201.439941
0.007200	-3607.409912
0.007300	-3716.330078
0.007400	-3815.350098
0.007500	-4112.399902
0.007600	-4429.259766
0.007700	-4350.040039
0.007800	-4369.850098
0.007900	-4666.899902
0.008000	-4845.129883
0.008100	-4765.919922
0.008200	-4944.149902
0.008300	-5142.180176
0.008400	-5577.859863
0.008500	-5736.290039
0.008600	-5508.549805
0.008700	-5617.470215
0.008800	-6092.750000
0.008900	-6290.790039
0.009000	-6251.180176
0.009100	-6449.209961
0.009200	-6528.430176
0.009300	-6498.720215
0.009400	-6924.500000
0.009500	-6924.500000
0.009600	-7172.040039
0.009700	-7558.209961
0.009800	-7677.029785
0.009900	-7934.479980
0.010000	-8112.709961
0.010100	-8488.980469
0.010200	-9261.320312
0.010300	-9498.959961
0.010400	-9578.169922
0.010500	-10103.000000
0.010600	-10806.000000
0.010700	-11162.500000
0.010800	-11439.700195
0.010900	-11825.900391
0.011000	-11835.799805
0.011100	-12311.099609
0.011200	-12667.500000
0.011300	-12746.700195
0.011400	-13073.500000
0.011500	-13420.099609
0.011600	-14212.200195
0.011700	-15004.299805
0.011800	-15796.500000
0.011900	-16549.000000
0.012000	-17083.699219
0.012100	-18014.500000
0.012200	-19163.099609
0.012300	-20192.900391
0.012400	-21183.000000
0.012500	-22094.000000
0.012600	-22747.500000
0.012700	-23896.099609
0.012800	-24985.300781
0.012900	-25619.000000
0.013000	-26371.599609
0.013100	-27084.500000
0.013200	-27619.199219
0.013300	-28134.099609
0.013400	-28361.800781
0.013500	-28906.400391
0.013600	-29005.400391
0.013700	-28995.500000
0.013800	-28391.500000
0.013900	-27579.599609
0.014000	-26104.199219
0.014100	-23599.099609
0.014200	-21549.400391
0.014300	-20400.800781
0.014400	-19767.099609
0.014500	-19074.000000
0.014600	-17945.199219
0.014700	-17895.699219
0.014800	-18390.699219
0.014900	-19083.900391
0.015000	-19202.699219
0.015100	-18846.199219
0.015200	-19093.800781
0.015300	-19044.300781
0.015400	-18133.300781
0.015500	-17123.300781
0.015600	-16885.699219
0.015700	-15915.299805
0.015800	-14251.799805
0.015900	-13915.099609
0.016000	-14133.000000
0.016100	-13974.599609
0.016200	-13736.900391
0.016300	-13618.099609
0.016400	-13380.400391
0.016500	-12806.099609
0.016600	-12192.200195
0.016700	-11835.799805
0.016800	-12370.500000
0.016900	-13400.299805
0.017000	-14212.200195
0.017100	-14974.599609
0.017200	-15440.000000
0.017300	-14964.700195
0.017400	-13944.799805
0.017500	-13350.700195
0.017600	-13103.200195
0.017700	-12944.799805
0.017800	-13024.000000
0.017900	-12825.900391
0.018000	-12083.299805
0.018100	-11796.200195
0.018200	-11459.500000
0.018300	-11202.099609
0.018400	-11320.900391
0.018500	-11360.500000
0.018600	-11390.200195
0.018700	-11320.900391
0.018800	-11162.500000
0.018900	-10934.700195
0.019000	-10845.599609
0.019100	-10776.299805
0.019200	-10815.900391
0.019300	-10568.299805
0.019400	-10538.599609
0.019500	-10617.900391
0.019600	-10211.900391
0.019700	-9895.030273
0.019800	-9954.440430
0.019900	-10211.900391
0.020000	-9677.190430
0.020100	-9399.940430
0.020200	-9825.719727
0.020300	-10231.700195
0.020400	-10370.299805
0.020500	-10390.099609
0.020600	-10528.700195
0.020700	-11004.000000
0.020800	-10905.000000
0.020900	-10736.700195
0.021000	-10548.500000
0.021100	-10073.299805
0.021200	-9944.540039
0.021300	-9895.030273
0.021400	-9578.169922
0.021500	-9281.120117
0.021600	-9221.709961
0.021700	-9221.709961
0.021800	-9201.900391
0.021900	-8984.070312
0.022000	-8706.820312
0.022100	-7875.069824
0.022200	-7479.000000
0.022300	-7716.640137
0.022400	-7875.069824
0.022500	-8548.389648
0.022600	-9439.549805
0.022700	-10251.500000
0.022800	-10944.599609
0.022900	-11518.900391
0.023000	-12192.200195
0.023100	-12964.599609
0.023200	-13261.599609
0.023300	-13618.099609
0.023400	-14093.400391
0.023500	-14647.900391
0.023600	-15063.700195
0.023700	-15954.900391
0.023800	-16747.000000
0.023900	-17143.099609
0.024000	-17737.199219
0.024100	-18262.000000
0.024200	-18489.800781
0.024300	-18291.699219
0.024400	-17994.699219
0.024500	-18014.500000
0.024600	-18499.699219
0.024700	-18707.599609
0.024800	-19420.500000
0.024900	-21034.500000
0.025000	-22470.300781
0.025100	-23203.000000
0.025200	-23559.500000
0.025300	-23836.699219
0.025400	-24054.500000
0.025500	-24688.300781
0.025600	-24945.699219
0.025700	-24708.099609
0.025800	-24826.900391
0.025900	-25223.000000
0.026000	-25421.000000
0.026100	-25183.300781
0.026200	-25044.699219
0.026300	-25658.599609
0.026400	-26213.099609
0.026500	-26104.199219
0.026600	-26470.599609
0.026700	-26470.599609
0.026800	-25757.599609
0.026900	-25510.099609
0.027000	-25559.599609
0.027100	-25579.400391
0.027200	-25440.800781
0.027300	-25282.400391
0.027400	-25302.199219
0.027500	-25757.599609
0.027600	-25619.000000
0.027700	-25698.199219
0.027800	-26589.400391
0.027900	-27223.099609
0.028000	-27044.900391
0.028100	-27005.300781
0.028200	-26827.000000
0.028300	-27341.900391
0.028400	-27718.199219
0.028500	-29035.099609
0.028600	-28837.099609
0.028700	-27648.900391
0.028800	-28035.099609
0.028900	-28233.099609
0.029000	-27975.599609
0.029100	-28450.900391
0.029200	-28767.800781
0.029300	-29361.900391
0.029400	-29540.099609
0.029500	-29421.300781
0.029600	-29431.199219
0.029700	-29223.300781
0.029800	-29203.500000
0.029900	-28847.000000
0.030000	-28114.300781
0.030100	-27698.400391
0.030200	-27223.099609
0.030300	-26807.199219
0.030400	-26599.300781
0.030500	-26490.400391
0.030600	-25985.400391
0.030700	-25282.400391
0.030800	-24727.900391
0.030900	-24826.900391
0.031000	-24737.800781
0.031100	-23054.500000
0.031200	-21955.400391
0.031300	-23212.900391
0.031400	-23836.699219
0.031500	-24094.199219
0.031600	-25440.800781
0.031700	-26629.000000
0.031800	-27401.300781
0.031900	-27658.800781
0.032000	-27242.900391
0.032100	-27242.900391
0.032200	-27440.900391
0.032300	-27005.300781
0.032400	-27262.699219
0.032500	-27728.099609
0.032600	-28272.699219
0.032700	-28728.199219
0.032800	-28946.000000
0.032900	-29193.599609
0.033000	-29738.199219
0.033100	-30173.800781
0.033200	-30411.500000
0.033300	-30391.699219
0.033400	-30173.800781
0.033500	-30134.199219
0.033600	-30292.699219
0.033700	-30441.199219
0.033800	-30451.099609
0.033900	-30619.400391
0.034000	-30589.699219
0.034100	-30619.400391
0.034200	-31243.199219
0.034300	-31639.300781
0.034400	-31451.199219
0.034500	-31579.900391
0.034600	-31886.800781
0.034700	-31916.500000
0.034800	-31619.500000
0.034900	-31678.900391
0.035000	-31480.900391
0.035100	-31282.800781
0.035200	-31441.300781
0.035300	-31441.300781
0.035400	-31164.000000
0.035500	-31104.599609
0.035600	-31084.800781
0.035700	-31015.500000
0.035800	-30609.500000
0.035900	-30035.199219
0.036000	-29678.699219
0.036100	-29154.000000
0.036200	-28698.500000
0.036300	-28351.900391
0.036400	-27747.900391
0.036500	-27025.099609
0.036600	-26450.800781
0.036700	-25678.400391
0.036800	-24965.500000
0.036900	-24034.699219
0.037000	-23153.500000
0.037100	-22361.300781
0.037200	-21826.599609
0.037300	-20866.199219
0.037400	-20173.099609
0.037500	-19460.099609
0.037600	-18569.000000
0.037700	-17816.400391
0.037800	-17361.000000
0.037900	-16865.900391
0.038000	-16370.799805
0.038100	-16123.200195
0.038200	-15826.200195
0.038300	-15707.400391
0.038400	-15360.799805
0.038500	-15043.900391
0.038600	-15182.599609
0.038700	-15261.799805
0.038800	-15202.400391
0.038900	-15143.000000
0.039000	-14885.500000
0.039100	-14737.000000
0.039200	-14845.900391
0.039300	-15004.299805
0.039400	-14964.700195
0.039500	-14608.299805
0.039600	-14568.700195
0.039700	-14410.200195
0.039800	-14271.599609
0.039900	-14133.000000
0.040000	-13796.299805
0.040100	-13489.400391
0.040200	-13212.099609
0.040300	-13222.000000
0.040400	-12994.299805
0.040500	-12786.299805
0.040600	-12806.099609
0.040700	-12598.200195
0.040800	-12281.400391
0.040900	-12350.700195
0.041000	-12271.500000
0.041100	-12004.099609
0.041200	-12063.500000
0.041300	-12083.299805
0.041400	-11954.599609
0.041500	-11895.200195
0.041600	-11895.200195
0.041700	-12192.200195
0.041800	-12122.900391
0.041900	-11964.500000
0.042000	-12172.400391
0.042100	-12281.400391
0.042200	-12301.200195
0.042300	-12400.200195
0.042400	-12360.599609
0.042500	-12340.799805
0.042600	-12429.900391
0.042700	-12519.000000
0.042800	-12429.900391
0.042900	-12390.299805
0.043000	-12627.900391
0.043100	-12786.299805
0.043200	-12944.799805
0.043300	-13162.599609
0.043400	-13103.200195
0.043500	-13142.799805
0.043600	-13618.099609
0.043700	-13796.299805
0.043800	-14192.400391
0.043900	-14420.099609
0.044000	-14390.400391
0.044100	-14657.799805
0.044200	-15053.799805
0.044300	-15093.500000
0.044400	-15202.400391
0.044500	-15400.400391
0.044600	-15529.099609
0.044700	-15558.799805
0.044800	-15737.099609
0.044900	-15677.700195
0.045000	-15657.900391
0.045100	-15717.299805
0.045200	-15954.900391
0.045300	-15994.500000
0.045400	-15895.500000
0.045500	-15836.099609
0.045600	-15638.000000
0.045700	-15796.500000
0.045800	-15816.299805
0.045900	-16044.000000
0.046000	-16143.000000
0.046100	-16291.599609
0.046200	-16370.799805
0.046300	-16568.800781
0.046400	-16925.300781
0.046500	-17212.400391
0.046600	-17420.400391
0.046700	-17757.000000
0.046800	-17915.500000
0.046900	-18232.300781
0.047000	-18390.699219
0.047100	-18301.599609
0.047200	-18242.199219
0.047300	-18351.099609
0.047400	-18420.400391
0.047500	-18202.599609
0.047600	-18351.099609
0.047700	-18489.800781
0.047800	-18549.199219
0.047900	-18509.599609
0.048000	-18529.400391
0.048100	-18707.599609
0.048200	-18767.000000
0.048300	-18786.800781
0.048400	-18846.199219
0.048500	-18549.199219
0.048600	-18945.199219
0.048700	-20410.699219
0.048800	-19836.400391
0.048900	-19440.300781
0.049000	-19618.599609
0.049100	-19509.599609
0.049200	-19400.699219
0.049300	-19410.599609
0.049400	-19479.900391
0.049500	-19638.400391
0.049600	-19559.099609
0.049700	-19192.800781
0.049800	-19331.400391
0.049900	-19489.800781
0.050000	-19420.500000
0.050100	-19400.699219
0.050200	-19400.699219
0.050300	-19281.900391
0.050400	-19133.400391
0.050500	-19281.900391
0.050600	-19579.000000
0.050700	-19717.599609
0.050800	-19836.400391
0.050900	-19885.900391
0.051000	-19826.500000
0.051100	-19856.199219
0.051200	-20054.199219
0.051300	-20232.500000
0.051400	-20361.199219
0.051500	-20390.900391
0.051600	-20311.699219
0.051700	-20272.099609
0.051800	-20321.599609
0.051900	-20272.099609
0.052000	-20252.300781
0.052100	-20232.500000
0.052200	-20440.400391
0.052300	-20390.900391
0.052400	-20440.400391
0.052500	-20549.300781
0.052600	-20549.300781
0.052700	-20529.500000
0.052800	-20668.099609
0.052900	-20707.800781
0.053000	-20747.400391
0.053100	-20945.400391
0.053200	-21064.199219
0.053300	-21192.900391
0.053400	-21301.900391
0.053500	-21301.900391
0.053600	-21301.900391
0.053700	-21044.400391
0.053800	-21143.400391
0.053900	-21301.900391
0.054000	-21321.699219
0.054100	-21301.900391
0.054200	-21301.900391
0.054300	-21311.800781
0.054400	-21321.699219
0.054500	-21321.699219
0.054600	-21301.900391
0.054700	-21103.800781
0.054800	-21004.800781
0.054900	-20509.699219
0.055000	-21301.900391
0.055100	-21579.099609
0.055200	-20668.099609
0.055300	-20351.300781
0.055400	-20549.300781
0.055500	-20470.099609
0.055600	-20232.500000
0.055700	-20074.000000
0.055800	-19876.000000
0.055900	-19717.599609
0.056000	-19598.800781
0.056100	-19559.099609
0.056200	-19479.900391
0.056300	-19400.699219
0.056400	-19202.699219
0.056500	-19113.599609
0.056600	-18994.699219
0.056700	-18945.199219
0.056800	-19044.300781
0.056900	-19004.599609
0.057000	-19044.300781
0.057100	-19044.300781
0.057200	-18965.000000
0.057300	-18965.000000
0.057400	-19004.599609
0.057500	-19004.599609
0.057600	-19004.599609
0.057700	-19024.500000
0.057800	-19163.099609
0.057900	-19163.099609
0.058000	-19262.099609
0.058100	-19400.699219
0.058200	-19400.699219
0.058300	-19410.599609
0.058400	-19598.800781
0.058500	-19757.199219
0.058600	-20034.400391
0.058700	-20222.599609
0.058800	-20351.300781
0.058900	-20489.900391
0.059000	-20519.599609
0.059100	-20588.900391
0.059200	-20816.699219
0.059300	-21024.599609
0.059400	-21024.599609
0.059500	-21143.400391
0.059600	-21301.900391
0.059700	-21301.900391
0.059800	-21450.400391
0.059900	-21569.199219
0.060000	-21796.900391
0.060100	-21777.099609
0.060200	-21787.000000
0.060300	-21836.599609
0.060400	-21995.000000
0.060500	-22143.500000
0.060600	-22252.400391
0.060700	-22252.400391
0.060800	-22331.599609
0.060900	-22193.000000
0.061000	-22460.400391
0.061100	-22509.900391
0.061200	-22509.900391
0.061300	-22569.300781
0.061400	-22608.900391
0.061500	-22618.800781
0.061600	-22589.099609
0.061700	-22509.900391
0.061800	-22480.199219
0.061900	-22727.699219
0.062000	-22767.300781
0.062100	-22826.699219
0.062200	-23084.199219
0.062300	-23262.400391
0.062400	-23282.199219
0.062500	-23222.800781
0.062600	-23292.099609
0.062700	-23440.599609
0.062800	-23381.199219
0.062900	-23401.000000
0.063000	-23480.199219
0.063100	-23460.400391
0.063200	-23559.500000
0.063300	-23638.699219
0.063400	-23698.099609
0.063500	-23599.099609
0.063600	-23618.900391
0.063700	-23678.300781
0.063800	-23678.300781
0.063900	-23717.900391
0.064000	-23737.699219
0.064100	-23717.900391
0.064200	-23678.300781
0.064300	-23638.699219
0.064400	-23589.199219
0.064500	-23539.699219
0.064600	-23519.900391
0.064700	-23331.699219
0.064800	-23084.199219
0.064900	-23203.000000
0.065000	-23084.199219
0.065100	-22737.599609
0.065200	-22806.900391
0.065300	-22707.900391
0.065400	-22589.099609
0.065500	-22420.800781
0.065600	-22331.599609
0.065700	-22450.500000
0.065800	-22509.900391
0.065900	-22292.000000
0.066000	-22183.099609
0.066100	-22034.599609
0.066200	-22014.800781
0.066300	-21935.599609
0.066400	-21717.699219
0.066500	-21697.900391
0.066600	-21707.800781
0.066700	-21499.900391
0.066800	-21539.500000
0.066900	-21499.900391
0.067000	-21490.000000
0.067100	-21311.800781
0.067200	-21341.500000
0.067300	-21420.699219
0.067400	-21301.900391
0.067500	-21301.900391
0.067600	-21301.900391
0.067700	-21301.900391
0.067800	-21301.900391
0.067900	-21381.099609
0.068000	-21341.500000
0.068100	-21460.300781
0.068200	-21400.900391
0.068300	-21400.900391
0.068400	-21618.699219
0.068500	-21717.699219
0.068600	-21757.300781
0.068700	-21975.199219
0.068800	-22094.000000
0.068900	-22094.000000
0.069000	-22252.400391
0.069100	-22331.599609
0.069200	-22460.400391
0.069300	-22529.699219
0.069400	-22727.699219
0.069500	-22767.300781
0.069600	-22826.699219
0.069700	-22965.400391
0.069800	-23173.300781
0.069900	-23361.400391
0.070000	-23500.000000
0.070100	-23440.599609
0.070200	-23381.199219
0.070300	-23609.000000
0.070400	-23836.699219
0.070500	-23886.199219
0.070600	-23876.300781
0.070700	-23915.900391
0.070800	-23965.400391
0.070900	-23955.500000
0.071000	-24084.300781
0.071100	-24094.199219
0.071200	-24123.900391
0.071300	-24213.000000
0.071400	-24331.800781
0.071500	-24430.800781
0.071600	-24312.000000
0.071700	-24371.400391
0.071800	-24371.400391
0.071900	-24510.000000
0.072000	-24430.800781
0.072100	-24430.800781
0.072200	-24371.400391
0.072300	-24351.599609
0.072400	-24331.800781
0.072500	-24391.199219
0.072600	-24341.699219
0.072700	-24222.900391
0.072800	-24163.500000
0.072900	-24074.300781
0.073000	-23915.900391
0.073100	-23876.300781
0.073200	-23856.500000
0.073300	-23876.300781
0.073400	-23906.000000
0.073500	-23688.199219
0.073600	-23599.099609
0.073700	-23500.000000
0.073800	-23440.599609
0.073900	-23381.199219
0.074000	-23252.500000
0.074100	-23094.099609
0.074200	-23123.800781
0.074300	-23005.000000
0.074400	-22727.699219
0.074500	-22490.099609
0.074600	-22331.599609
0.074700	-22173.199219
0.074800	-22153.400391
0.074900	-22044.500000
0.075000	-21896.000000
0.075100	-21796.900391
0.075200	-21658.300781
0.075300	-21539.500000
0.075400	-21618.699219
0.075500	-21420.699219
0.075600	-21183.000000
0.075700	-21163.199219
0.075800	-21024.599609
0.075900	-20826.599609
0.076000	-20747.400391
0.076100	-20588.900391
0.076200	-20430.500000
0.076300	-20272.099609
0.076400	-20093.800781
0.076500	-19836.400391
0.076600	-19638.400391
0.076700	-19479.900391
0.076800	-19460.099609
0.076900	-19479.900391
0.077000	-19361.099609
0.077100	-19182.900391
0.077200	-19182.900391
0.077300	-19004.599609
0.077400	-18786.800781
0.077500	-18767.000000
0.077600	-18489.800781
0.077700	-18212.500000
0.077800	-18133.300781
0.077900	-18054.099609
0.078000	-17974.900391
0.078100	-17816.400391
0.078200	-17598.599609
0.078300	-17499.599609
0.078400	-17361.000000
0.078500	-17103.500000
0.078600	-16905.500000
0.078700	-16945.099609
0.078800	-16925.300781
0.078900	-16727.199219
0.079000	-16667.800781
0.079100	-16667.800781
0.079200	-16588.599609
0.079300	-16430.199219
0.079400	-16232.200195
0.079500	-16232.200195
0.079600	-15994.500000
0.079700	-15915.299805
0.079800	-15855.900391
0.079900	-15717.299805
0.080000	-15529.099609
0.080100	-15519.200195
0.080200	-15281.599609
0.080300	-15083.599609
0.080400	-14964.700195
0.080500	-14885.500000
0.080600	-14727.099609
0.080700	-14667.700195
0.080800	-14687.500000
0.080900	-14647.900391
0.081000	-14548.900391
0.081100	-14489.400391
0.081200	-14331.000000
0.081300	-14093.400391
0.081400	-14034.000000
0.081500	-13875.500000
0.081600	-13697.299805
0.081700	-13538.900391
0.081800	-13479.500000
0.081900	-13459.700195
0.082000	-13301.200195
0.082100	-13142.799805
0.082200	-13033.900391
0.082300	-12885.400391
0.082400	-12806.099609
0.082500	-12766.500000
0.082600	-12707.099609
0.082700	-12588.299805
0.082800	-12509.099609
0.082900	-12429.900391
0.083000	-12271.500000
0.083100	-12053.599609
0.083200	-11954.599609
0.083300	-11895.200195
0.083400	-11816.000000
0.083500	-11578.299805
0.083600	-11479.299805
0.083700	-11320.900391
0.083800	-11320.900391
0.083900	-11182.299805
0.084000	-11004.000000
0.084100	-10885.200195
0.084200	-10845.599609
0.084300	-10766.400391
0.084400	-10568.299805
0.084500	-10528.700195
0.084600	-10380.200195
0.084700	-10261.400391
0.084800	-10330.700195
0.084900	-10291.099609
0.085000	-10172.299805
0.085100	-10013.799805
0.085200	-10013.799805
0.085300	-9895.030273
0.085400	-9815.809570
0.085500	-9776.209961
0.085600	-9677.190430
0.085700	-9538.559570
0.085800	-9360.330078
0.085900	-9261.320312
0.086000	-9142.490234
0.086100	-8964.259766
0.086200	-8786.030273
0.086300	-8835.540039
0.086400	-8865.240234
0.086500	-8825.639648
0.086600	-8667.209961
0.086700	-8746.419922
0.086800	-8706.820312
0.086900	-8627.599609
0.087000	-8488.980469
0.087100	-8429.570312
0.087200	-8310.750000
0.087300	-8310.750000
0.087400	-8231.530273
0.087500	-8073.100098
0.087600	-7993.890137
0.087700	-7884.970215
0.087800	-7805.759766
0.087900	-7776.049805
0.088000	-7756.250000
0.088100	-7637.430176
0.088200	-7518.609863
0.088300	-7449.290039
0.088400	-7360.180176
0.088500	-7439.390137
0.088600	-7479.000000
0.088700	-7241.359863
0.088800	-7181.950195
0.088900	-7201.750000
0.089000	-7201.750000
0.089100	-7122.529785
0.089200	-6924.500000
0.089300	-6924.500000
0.089400	-6884.890137
0.089500	-6825.479980
0.089600	-6746.270020
0.089700	-6726.459961
0.089800	-6667.049805
0.089900	-6568.040039
0.090000	-6429.410156
0.090100	-6370.000000
0.090200	-6251.180176
0.090300	-6251.180176
0.090400	-6290.790039
0.090500	-6290.790039
0.090600	-6221.470215
0.090700	-6211.569824
0.090800	-6112.560059
0.090900	-6092.750000
0.091000	-6092.750000
0.091100	-5934.319824
0.091200	-5825.399902
0.091300	-5815.500000
0.091400	-5716.479980
0.091500	-5716.479980
0.091600	-5617.470215
0.091700	-5340.220215
0.091800	-5379.819824
0.091900	-5320.410156
0.092000	-5419.430176
0.092100	-5201.589844
0.092200	-5142.180176
0.092300	-5221.399902
0.092400	-5221.399902
0.092500	-5142.180176
0.092600	-5082.770020
0.092700	-5082.770020
0.092800	-5062.970215
0.092900	-4944.149902
0.093000	-4825.330078
0.093100	-4785.720215
0.093200	-4765.919922
0.093300	-4825.330078
0.093400	-4726.310059
0.093500	-4666.899902
0.093600	-4666.899902
0.093700	-4627.290039
0.093800	-4548.080078
0.093900	-4449.060059
0.094000	-4389.649902
0.094100	-4290.629883
0.094200	-4211.419922
0.094300	-4270.830078
0.094400	-4191.609863
0.094500	-4191.609863
0.094600	-4132.200195
0.094700	-4132.200195
0.094800	-4191.609863
0.094900	-4191.609863
0.095000	-4072.790039
0.095100	-3953.969971
0.095200	-3874.760010
0.095300	-3835.149902
0.095400	-3755.939941
0.095500	-3726.229980
0.095600	-3716.330078
0.095700	-3676.719971
0.095800	-3637.110107
0.095900	-3617.310059
0.096000	-3637.110107
0.096100	-3478.689941
0.096200	-3409.370117
0.096300	-3399.469971
0.096400	-3399.469971
0.096500	-3399.469971
0.096600	-3300.449951
0.096700	-3379.669922
0.096800	-3320.260010
0.096900	-3399.469971
0.097000	-3359.870117
0.097100	-3340.060059
0.097200	-3241.040039
0.097300	-3241.040039
0.097400	-3161.830078
0.097500	-3013.300049
0.097600	-2934.090088
0.097700	-3043.010010
0.097800	-3052.909912
0.097900	-3003.399902
0.098000	-2983.600098
0.098100	-2924.189941
0.098200	-2726.149902
0.098300	-2765.760010
0.098400	-2716.250000
0.098500	-2607.330078
0.098600	-2646.939941
0.098700	-2656.840088
0.098800	-2627.139893
0.098900	-2765.760010
0.099000	-2696.449951
0.099100	-2646.939941
0.099200	-2666.739990
0.099300	-2607.330078
0.099400	-2528.120117
0.099500	-2478.610107
0.099600	-2330.080078
0.099700	-2349.889893
0.099800	-2409.300049
0.099900	-2290.479980
0.100000	-2211.260010
0.100100	-2409.300049
0.100200	-2330.080078
0.100300	-2231.060059
0.100400	-2310.280029
0.100500	-2369.689941
0.100600	-2488.510010
0.100700	-2290.479980
0.100800	-2290.479980
0.100900	-2171.649902
0.101000	-2191.459961
0.101100	-2102.340088
0.101200	-2171.649902
0.101300	-2013.229980
0.101400	-2072.639893
0.101500	-1894.400024
0.101600	-2033.030029
0.101700	-1914.209961
0.101800	-1934.010010
0.101900	-1973.619995
0.102000	-2052.830078
0.102100	-2052.830078
0.102200	-2013.229980
0.102300	-1934.010010
0.102400	-1973.619995
0.102500	-1973.619995
0.102600	-1914.209961
0.102700	-1864.699951
0.102800	-1815.189941
0.102900	-1854.800049
0.103000	-1914.209961
0.103100	-1815.189941
0.103200	-1815.189941
0.103300	-1775.579956
0.103400	-1775.579956
0.103500	-1834.989990
0.103600	-1735.979980
0.103700	-1696.369995
0.103800	-1696.369995
0.103900	-1656.760010
0.104000	-1656.760010
0.104100	-1765.680054
0.104200	-1666.660034
0.104300	-1755.780029
0.104400	-1755.780029
0.104500	-1676.569946
0.104600	-1498.329956
0.104700	-1557.750000
0.104800	-1656.760010
0.104900	-1656.760010
0.105000	-1577.550049
0.105100	-1745.880005
0.105200	-1577.550049
0.105300	-1498.329956
0.105400	-1498.329956
0.105500	-1359.709961
0.105600	-1339.910034
0.105700	-1290.400024
0.105800	-1339.910034
0.105900	-1438.920044
0.106000	-1537.939941
0.106100	-1438.920044
0.106200	-1389.420044
0.106300	-1438.920044
0.106400	-1419.119995
0.106500	-1339.910034
0.106600	-1240.890015
0.106700	-1339.910034
0.106800	-1359.709961
0.106900	-1339.910034
0.107000	-1339.910034
0.107100	-1230.989990
0.107200	-1181.479980
0.107300	-1181.479980
0.107400	-1181.479980
0.107500	-1102.260010
0.107600	-1221.089966
0.107700	-1300.300049
0.107800	-1240.890015
0.107900	-1300.300049
0.108000	-1260.689941
0.108100	-1191.380005
0.108200	-1122.069946
0.108300	-1072.560059
0.108400	-1161.670044
0.108500	-1240.890015
0.108600	-1201.280029
0.108700	-1181.479980
0.108800	-1141.869995
0.108900	-1042.849976
0.109000	-1023.049988
0.109100	-1102.260010
0.109200	-1141.869995
0.109300	-1151.770020
0.109400	-1181.479980
0.109500	-1072.560059
0.109600	-1023.049988
0.109700	-1023.049988
0.109800	-1023.049988
0.109900	-1023.049988
0.110000	-1023.049988
0.110100	-1023.049988
0.110200	-1023.049988
0.110300	-1023.049988
0.110400	-1023.049988
0.110500	-1023.049988
0.110600	-1023.049988
0.110700	-1023.049988
0.110800	-1023.049988
0.110900	-1023.049988
0.111000	-1023.049988
0.111100	-1023.049988
0.111200	-1023.049988
0.111300	-1023.049988
0.111400	-1023.049988
0.111500	-1023.049988
0.111600	-825.015015
0.111700	-834.916016
0.111800	-805.210999
0.111900	-825.015015
0.112000	-864.622009
0.112100	-825.015015
0.112200	-785.408020
0.112300	-765.604004
0.112400	-785.408020
0.112500	-755.702026
0.112600	-745.801025
0.112700	-745.801025
0.112800	-706.193970
0.112900	-626.979980
0.113000	-725.997009
0.113100	-834.916016
0.113200	-825.015015
0.113300	-745.801025
0.113400	-825.015015
0.113500	-745.801025
0.113600	-1023.049988
0.113700	-706.193970
0.113800	-725.997009
0.113900	-666.586975
0.114000	-725.997009
0.114100	-706.193970
0.114200	-587.372009
0.114300	-617.078003
0.114400	-567.568970
0.114500	-617.078003
0.114600	-706.193970
0.114700	-646.783020
0.114800	-626.979980
0.114900	-745.801025
0.115000	-785.408020
0.115100	-706.193970
0.115200	-725.997009
0.115300	-706.193970
0.115400	-706.193970
0.115500	-706.193970
0.115600	-587.372009
0.115700	-626.979980
0.115800	-626.979980
0.115900	-607.176025
0.116000	-567.568970
0.116100	-547.765015
0.116200	-626.979980
0.116300	-468.550995
0.116400	-428.944000
0.116500	-468.550995
0.116600	-567.568970
0.116700	-706.193970
0.116800	-844.817993
0.116900	-725.997009
0.117000	-716.094971
0.117100	-745.801025
0.117200	-745.801025
0.117300	-745.801025
0.117400	-646.783020
0.117500	-636.880981
0.117600	-547.765015
0.117700	-587.372009
0.117800	-626.979980
0.117900	-518.059998
0.118000	-488.355011
0.118100	-508.157990
0.118200	-508.157990
0.118300	-508.157990
0.118400	-428.944000
0.118500	-468.550995
0.118600	-527.961975
0.118700	-468.550995
0.118800	-706.193970
0.118900	-706.193970
0.119000	-706.193970
0.119100	-666.586975
0.119200	-626.979980
0.119300	-607.176025
0.119400	-646.783020
0.119500	-626.979980
0.119600	-626.979980
0.119700	-597.273987
0.119800	-468.550995
0.119900	-478.453003
0.120000	-567.568970
0.120100	-508.157990
0.120200	-468.550995
0.120300	-508.157990
0.120400	-557.666992
0.120500	-409.140991
0.120600	-320.024994
0.120700	-389.337006
0.120800	-587.372009
0.120900	-547.765015
0.121000	-508.157990
0.121100	-587.372009
0.121200	-626.979980
0.121300	-547.765015
0.121400	-567.568970
0.121500	-468.550995
0.121600	-468.550995
0.121700	-488.355011
0.121800	-478.453003
0.121900	-567.568970
0.122000	-547.765015
0.122100	-448.747986
0.122200	-300.221008
0.122300	-310.122986
0.122400	-230.908997
0.122500	-448.747986
0.122600	-349.730011
0.122700	-409.140991
0.122800	-468.550995
0.122900	-389.337006
0.123000	-389.337006
0.123100	-409.140991
0.123200	-508.157990
0.123300	-428.944000
0.123400	-280.417999
0.123500	-389.337006
0.123600	-428.944000
0.123700	-409.140991
0.123800	-448.747986
0.123900	-468.550995
0.124000	-468.550995
0.124100	-399.239014
0.124200	-349.730011
0.124300	-310.122986
0.124400	-547.765015
0.124500	-478.453003
0.124600	-428.944000
0.124700	-428.944000
0.124800	-626.979980
0.124900	-527.961975
0.125000	-389.337006
0.125100	-329.927002
0.125200	-310.122986
0.125300	-389.337006
0.125400	-448.747986
0.125500	-389.337006
0.125600	-409.140991
0.125700	-409.140991
0.125800	-399.239014
0.125900	-389.337006
0.126000	-280.417999
0.126100	-349.730011
0.126200	-310.122986
0.126300	-389.337006
0.126400	-547.765015
0.126500	-508.157990
0.126600	-488.355011
0.126700	-508.157990
0.126800	-508.157990
0.126900	-468.550995
0.127000	-409.140991
0.127100	-468.550995
0.127200	-428.944000
0.127300	-310.122986
0.127400	-349.730011
0.127500	-428.944000
0.127600	-428.944000
0.127700	-438.846008
0.127800	-508.157990
0.127900	-478.453003
0.128000	-438.846008
0.128100	-409.140991
0.128200	-428.944000
0.128300	-448.747986
0.128400	-409.140991
0.128500	-399.239014
0.128600	-409.140991
0.128700	-310.122986
0.128800	-488.355011
0.128900	-468.550995
0.129000	-349.730011
0.129100	-290.320007
0.129200	-389.337006
0.129300	-389.337006
0.129400	-349.730011
0.129500	-389.337006
0.129600	-270.515991
0.129700	-230.908997
0.129800	-270.515991
0.129900	-290.320007
0.130000	-230.908997
0.130100	-201.203995
0.130200	-250.712997
0.130300	-349.730011
0.130400	-468.550995
0.130500	-428.944000
0.130600	-270.515991
0.130700	-310.122986
0.130800	-320.024994
0.130900	-428.944000
0.131000	-389.337006
0.131100	-310.122986
0.131200	-230.908997
0.131300	-240.811005
0.131400	-240.811005
0.131500	-389.337006
0.131600	-201.203995
0.131700	-171.498993
0.131800	-191.302002
0.131900	-389.337006
0.132000	-389.337006
0.132100	-260.614014
0.132200	-171.498993
0.132300	-399.239014
0.132400	-389.337006
0.132500	-270.515991
0.132600	-300.221008
0.132700	-349.730011
0.132800	-211.106003
0.132900	-181.399994
0.133000	-230.908997
0.133100	-121.989998
0.133200	-121.989998
0.133300	-191.302002
0.133400	-349.730011
0.133500	-270.515991
0.133600	-230.908997
0.133700	-310.122986
0.133800	-310.122986
0.133900	-290.320007
0.134000	-339.828003
0.134100	-310.122986
0.134200	-270.515991
0.134300	-270.515991
0.134400	-191.302002
0.134500	-171.498993
0.134600	-310.122986
0.134700	-310.122986
0.134800	-270.515991
0.134900	-151.695007
0.135000	-72.480904
0.135100	-112.087997
0.135200	-112.087997
0.135300	-151.695007
0.135400	-82.382698
0.135500	-161.597000
0.135600	-161.597000
0.135700	-389.337006
0.135800	-349.730011
0.135900	-230.908997
0.136000	-171.498993
0.136100	-270.515991
0.136200	-280.417999
0.136300	-171.498993
0.136400	-171.498993
0.136500	-112.087997
0.136600	-270.515991
0.136700	-191.302002
0.136800	-191.302002
0.136900	-250.712997
0.137000	-171.498993
0.137100	-112.087997
0.137200	-131.891006
0.137300	-250.712997
0.137400	-310.122986
0.137500	-230.908997
0.137600	-191.302002
0.137700	-270.515991
0.137800	-310.122986
0.137900	-240.811005
0.138000	-131.891006
0.138100	-131.891006
0.138200	-230.908997
0.138300	-250.712997
0.138400	-191.302002
0.138500	-72.480904
0.138600	-171.498993
0.138700	-161.597000
0.138800	-72.480904
0.138900	46.340199
0.139000	6.733200
0.139100	-72.480904
0.139200	-92.284401
0.139300	-230.908997
0.139400	-230.908997
0.139500	-191.302002
0.139600	-290.320007
0.139700	-191.302002
0.139800	-230.908997
0.139900	-250.712997
0.140000	-230.908997
0.140100	-250.712997
0.140200	-230.908997
0.140300	-112.087997
0.140400	-92.284401
0.140500	-112.087997
0.140600	-151.695007
0.140700	-92.284401
0.140800	-13.070300
0.140900	-72.480904
0.141000	-82.382698
0.141100	-290.320007
0.141200	-191.302002
0.141300	-121.989998
0.141400	-112.087997
0.141500	-151.695007
0.141600	-151.695007
0.141700	26.536699
0.141800	-112.087997
0.141900	-191.302002
0.142000	-250.712997
0.142100	-230.908997
0.142200	-72.480904
0.142300	6.733200
0.142400	-72.480904
0.142500	-112.087997
0.142600	-42.775600
0.142700	-72.480904
0.142800	-240.811005
0.142900	-310.122986
0.143000	-270.515991
0.143100	-191.302002
0.143200	-151.695007
0.143300	-230.908997
0.143400	-191.302002
0.143500	-112.087997
0.143600	-72.480904
0.143700	-131.891006
0.143800	-151.695007
0.143900	-92.284401
0.144000	-112.087997
0.144100	-171.498993
0.144200	-92.284401
0.144300	-72.480904
0.144400	-72.480904
0.144500	-82.382698
0.144600	-161.597000
0.144700	-270.515991
0.144800	-230.908997
0.144900	-151.695007
0.145000	-112.087997
0.145100	-92.284401
0.145200	-270.515991
0.145300	-161.597000
0.145400	-191.302002
0.145500	-211.106003
0.145600	-151.695007
0.145700	-13.070300
0.145800	-32.873798
0.145900	-151.695007
0.146000	-151.695007
0.146100	-32.873798
0.146200	-13.070300
0.146300	-112.087997
0.146400	-151.695007
0.146500	-171.498993
0.146600	-191.302002
0.146700	-72.480904
0.146800	-161.597000
0.146900	-171.498993
0.147000	-230.908997
0.147100	-171.498993
0.147200	-72.480904
0.147300	-32.873798
0.147400	-82.382698
0.147500	-32.873798
0.147600	-72.480904
0.147700	6.733200
0.147800	-72.480904
0.147900	-72.480904
0.148000	-171.498993
0.148100	-230.908997
0.148200	-270.515991
0.148300	-230.908997
0.148400	6.733200
0.148500	-191.302002
0.148600	-250.712997
0.148700	-191.302002
0.148800	-13.070300
0.148900	-151.695007
0.149000	16.635000
0.149100	-151.695007
0.149200	-131.891006
0.149300	-92.284401
0.149400	26.536699
0.149500	-32.873798
0.149600	-32.873798
0.149700	46.340199
0.149800	85.947304
0.149900	-13.070300
0.150000	-72.480904
0.150100	-151.695007
0.150200	-92.284401
0.150300	-171.498993
0.150400	-191.302002
0.150500	-230.908997
0.150600	-151.695007
0.150700	-112.087997
0.150800	-171.498993
0.150900	-151.695007
0.151000	-72.480904
0.151100	-13.070300
0.151200	-92.284401
0.151300	-151.695007
0.151400	-102.185997
0.151500	-32.873798
0.151600	-72.480904
0.151700	-72.480904
0.151800	-72.480904
0.151900	-112.087997
0.152000	-191.302002
0.152100	-131.891006
0.152200	-270.515991
0.152300	-270.515991
0.152400	-230.908997
0.152500	-171.498993
0.152600	-112.087997
0.152700	66.143799
0.152800	26.536699
0.152900	-171.498993
0.153000	-151.695007
0.153100	-72.480904
0.153200	-72.480904
0.153300	-72.480904
0.153400	-82.382698
0.153500	-72.480904
0.153600	-72.480904
0.153700	-72.480904
0.153800	-102.185997
0.153900	-3.168560
0.154000	-171.498993
0.154100	-230.908997
0.154200	-191.302002
0.154300	-112.087997
0.154400	-92.284401
0.154500	-72.480904
0.154600	-151.695007
0.154700	-131.891006
0.154800	-92.284401
0.154900	-112.087997
0.155000	-191.302002
0.155100	-171.498993
0.155200	-121.989998
0.155300	6.733200
0.155400	6.733200
0.155500	36.438499
0.155600	125.554001
0.155700	-22.972099
0.155800	-141.792999
0.155900	-112.087997
0.156000	-131.891006
0.156100	46.340199
0.156200	-92.284401
0.156300	-72.480904
0.156400	-112.087997
0.156500	-102.185997
0.156600	-72.480904
0.156700	66.143799
0.156800	85.947304
0.156900	165.160995
0.157000	145.358002
0.157100	46.340199
0.157200	-131.891006
0.157300	-141.792999
0.157400	-171.498993
0.157500	-191.302002
0.157600	-72.480904
0.157700	-32.873798
0.157800	-32.873798
0.157900	-92.284401
0.158000	6.733200
0.158100	-32.873798
0.158200	-13.070300
0.158300	-92.284401
0.158400	-72.480904
0.158500	6.733200
0.158600	6.733200
0.158700	6.733200
0.158800	26.536699
0.158900	115.653000
0.159000	-13.070300
0.159100	-3.168560
0.159200	-13.070300
0.159300	-13.070300
0.159400	-92.284401
0.159500	36.438499
0.159600	-72.480904
0.159700	-191.302002
0.159800	-151.695007
0.159900	-131.891006
0.160000	-92.284401
0.160100	85.947304
0.160200	46.340199
0.160300	-230.908997
0.160400	-112.087997
0.160500	-13.070300
0.160600	-72.480904
0.160700	115.653000
0.160800	66.143799
0.160900	-72.480904
0.161000	6.733200
0.161100	46.340199
0.161200	6.733200
0.161300	-92.284401
0.161400	-72.480904
0.161500	-112.087997
0.161600	-151.695007
0.161700	-72.480904
0.161800	-72.480904
0.161900	-32.873798
0.162000	46.340199
0.162100	-72.480904
0.162200	-32.873798
0.162300	6.733200
0.162400	-32.873798
0.162500	-112.087997
0.162600	-92.284401
0.162700	6.733200
0.162800	125.554001
0.162900	125.554001
0.163000	85.947304
0.163100	26.536699
0.163200	-72.480904
0.163300	-151.695007
0.163400	-151.695007
0.163500	-121.989998
0.163600	-191.302002
0.163700	-161.597000
0.163800	-121.989998
0.163900	-161.597000
0.164000	-112.087997
0.164100	-32.873798
0.164200	6.733200
0.164300	6.733200
0.164400	56.242001
0.164500	125.554001
0.164600	-32.873798
0.164700	-13.070300
0.164800	6.733200
0.164900	-72.480904
0.165000	-32.873798
0.165100	-121.989998
0.165200	-13.070300
0.165300	85.947304
0.165400	-112.087997
0.165500	-72.480904
0.165600	-92.284401
0.165700	-112.087997
0.165800	-72.480904
0.165900	6.733200
0.166000	105.750999
0.166100	46.340199
0.166200	-52.677399
0.166300	-92.284401
0.166400	-112.087997
0.166500	-82.382698
0.166600	66.143799
0.166700	46.340199
0.166800	-13.070300
0.166900	85.947304
0.167000	145.358002
0.167100	6.733200
0.167200	-112.087997
0.167300	-42.775600
0.167400	-151.695007
0.167500	-82.382698
0.167600	-112.087997
0.167700	-112.087997
0.167800	-3.168560
0.167900	-13.070300
0.168000	6.733200
0.168100	-32.873798
0.168200	-13.070300
0.168300	46.340199
0.168400	16.635000
0.168500	6.733200
0.168600	66.143799
0.168700	125.554001
0.168800	224.572006
0.168900	26.536699
0.169000	46.340199
0.169100	-72.480904
0.169200	-112.087997
0.169300	-112.087997
0.169400	-112.087997
0.169500	-92.284401
0.169600	6.733200
0.169700	-32.873798
0.169800	-72.480904
0.169900	-13.070300
0.170000	-72.480904
0.170100	85.947304
0.170200	-42.775600
0.170300	-72.480904
0.170400	-13.070300
0.170500	145.358002
0.170600	165.160995
0.170700	145.358002
0.170800	85.947304
0.170900	56.242001
0.171000	-72.480904
0.171100	-191.302002
0.171200	-131.891006
0.171300	-32.873798
0.171400	-72.480904
0.171500	-3.168560
0.171600	-3.168560
0.171700	-32.873798
0.171800	66.143799
0.171900	6.733200
0.172000	-13.070300
0.172100	26.536699
0.172200	85.947304
0.172300	165.160995
0.172400	165.160995
0.172500	244.375000
0.172600	194.867004
0.172700	36.438499
0.172800	-92.284401
0.172900	-112.087997
0.173000	-72.480904
0.173100	6.733200
0.173200	46.340199
0.173300	6.733200
0.173400	6.733200
0.173500	26.536699
0.173600	-32.873798
0.173700	6.733200
0.173800	46.340199
0.173900	46.340199
0.174000	36.438499
0.174100	6.733200
0.174200	6.733200
0.174300	125.554001
0.174400	165.160995
0.174500	76.045502
0.174600	6.733200
0.174700	-13.070300
0.174800	-32.873798
0.174900	6.733200
0.175000	66.143799
0.175100	-112.087997
0.175200	-92.284401
0.175300	-72.480904
0.175400	-92.284401
0.175500	-3.168560
0.175600	125.554001
0.175700	6.733200
0.175800	-112.087997
0.175900	6.733200
0.176000	6.733200
0.176100	-72.480904
0.176200	-121.989998
0.176300	-72.480904
0.176400	26.536699
0.176500	85.947304
0.176600	125.554001
0.176700	6.733200
0.176800	-151.695007
0.176900	-151.695007
0.177000	-72.480904
0.177100	-72.480904
0.177200	-72.480904
0.177300	-72.480904
0.177400	-13.070300
0.177500	-72.480904
0.177600	-151.695007
0.177700	-191.302002
0.177800	-112.087997
0.177900	-13.070300
0.178000	125.554001
0.178100	85.947304
0.178200	-13.070300
0.178300	-32.873798
0.178400	56.242001
0.178500	85.947304
0.178600	-3.168560
0.178700	-72.480904
0.178800	6.733200
0.178900	-42.775600
0.179000	-13.070300
0.179100	-13.070300
0.179200	-13.070300
0.179300	6.733200
0.179400	-112.087997
0.179500	-92.284401
0.179600	6.733200
0.179700	-72.480904
0.179800	-72.480904
0.179900	6.733200
0.180000	85.947304
0.180100	66.143799
0.180200	-92.284401
0.180300	-112.087997
0.180400	-151.695007
0.180500	-92.284401
0.180600	-3.168560
0.180700	-151.695007
0.180800	-92.284401
0.180900	6.733200
0.181000	46.340199
0.181100	-72.480904
0.181200	-32.873798
0.181300	-13.070300
0.181400	6.733200
0.181500	-13.070300
0.181600	6.733200
0.181700	125.554001
0.181800	145.358002
0.181900	6.733200
0.182000	-72.480904
0.182100	76.045502
0.182200	-92.284401
0.182300	-72.480904
0.182400	46.340199
0.182500	-92.284401
0.182600	-32.873798
0.182700	36.438499
0.182800	-72.480904
0.182900	-112.087997
0.183000	-72.480904
0.183100	-13.070300
0.183200	-92.284401
0.183300	26.536699
0.183400	105.750999
0.183500	66.143799
0.183600	46.340199
0.183700	105.750999
0.183800	76.045502
0.183900	6.733200
0.184000	-72.480904
0.184100	-151.695007
0.184200	-151.695007
0.184300	-151.695007
0.184400	-72.480904
0.184500	26.536699
0.184600	6.733200
0.184700	-112.087997
0.184800	-72.480904
0.184900	-72.480904
0.185000	-151.695007
0.185100	-72.480904
0.185200	6.733200
0.185300	-13.070300
0.185400	-13.070300
0.185500	-32.873798
0.185600	-131.891006
0.185700	-72.480904
0.185800	-230.908997
0.185900	-230.908997
0.186000	-191.302002
0.186100	-112.087997
0.186200	-32.873798
0.186300	-151.695007
0.186400	-92.284401
0.186500	-72.480904
0.186600	-13.070300
0.186700	6.733200
0.186800	-32.873798
0.186900	-13.070300
0.187000	-72.480904
0.187100	-32.873798
0.187200	6.733200
0.187300	85.947304
0.187400	6.733200
0.187500	-112.087997
0.187600	-211.106003
0.187700	-131.891006
0.187800	85.947304
0.187900	-92.284401
0.188000	-151.695007
0.188100	-171.498993
0.188200	-72.480904
0.188300	-3.168560
0.188400	6.733200
0.188500	-32.873798
0.188600	16.635000
0.188700	145.358002
0.188800	85.947304
0.188900	85.947304
0.189000	165.160995
0.189100	244.375000
0.189200	6.733200
0.189300	6.733200
0.189400	6.733200
0.189500	-32.873798
0.189600	-72.480904
0.189700	-13.070300
0.189800	-72.480904
0.189900	-32.873798
0.190000	-32.873798
0.190100	-3.168560
0.190200	-13.070300
0.190300	-13.070300
0.190400	-13.070300
0.190500	-82.382698
0.190600	66.143799
0.190700	-82.382698
0.190800	6.733200
0.190900	46.340199
0.191000	76.045502
0.191100	46.340199
0.191200	66.143799
0.191300	46.340199
0.191400	-32.873798
0.191500	-131.891006
0.191600	-112.087997
0.191700	-72.480904
0.191800	46.340199
0.191900	-72.480904
0.192000	6.733200
0.192100	26.536699
0.192200	-32.873798
0.192300	36.438499
0.192400	85.947304
0.192500	-92.284401
0.192600	-151.695007
0.192700	-13.070300
0.192800	46.340199
0.192900	76.045502
0.193000	6.733200
0.193100	115.653000
0.193200	-32.873798
0.193300	46.340199
0.193400	6.733200
0.193500	76.045502
0.193600	-72.480904
0.193700	-72.480904
0.193800	-13.070300
0.193900	-13.070300
0.194000	-42.775600
0.194100	-72.480904
0.194200	-151.695007
0.194300	-13.070300
0.194400	46.340199
0.194500	-32.873798
0.194600	-3.168560
0.194700	6.733200
0.194800	-42.775600
0.194900	-92.284401
0.195000	145.358002
0.195100	-32.873798
0.195200	66.143799
0.195300	6.733200
0.195400	-72.480904
0.195500	-112.087997
0.195600	-3.168560
0.195700	-13.070300
0.195800	-72.480904
0.195900	-112.087997
0.196000	-112.087997
0.196100	-112.087997
0.196200	-92.284401
0.196300	125.554001
0.196400	85.947304
0.196500	26.536699
0.196600	66.143799
0.196700	6.733200
0.196800	-72.480904
0.196900	-32.873798
0.197000	-72.480904
0.197100	-92.284401
0.197200	-32.873798
0.197300	-13.070300
0.197400	6.733200
0.197500	66.143799
0.197600	6.733200
0.197700	36.438499
0.197800	-72.480904
0.197900	-13.070300
0.198000	46.340199
0.198100	46.340199
0.198200	-72.480904
0.198300	46.340199
0.198400	85.947304
0.198500	105.750999
0.198600	76.045502
0.198700	46.340199
0.198800	-112.087997
0.198900	-72.480904
0.199000	-72.480904
0.199100	-112.087997
0.199200	-92.284401
0.199300	-72.480904
0.199400	-42.775600
0.199500	105.750999
0.199600	165.160995
0.199700	105.750999
0.199800	105.750999
0.199900	-32.873798
0.200000	6.733200
0.200100	-13.070300
0.200200	-72.480904
0.200300	6.733200
0.200400	115.653000
0.200500	85.947304
0.200600	85.947304
0.200700	66.143799
0.200800	-32.873798
0.200900	-151.695007
0.201000	-121.989998
0.201100	-131.891006
0.201200	-151.695007
0.201300	-72.480904
0.201400	6.733200
0.201500	46.340199
0.201600	46.340199
0.201700	85.947304
0.201800	115.653000
0.201900	26.536699
0.202000	46.340199
0.202100	-72.480904
0.202200	36.438499
0.202300	36.438499
0.202400	125.554001
0.202500	-72.480904
0.202600	-112.087997
0.202700	-42.775600
0.202800	6.733200
0.202900	76.045502
0.203000	6.733200
0.203100	-82.382698
0.203200	-52.677399
0.203300	6.733200
0.203400	-72.480904
0.203500	-72.480904
0.203600	-72.480904
0.203700	-72.480904
0.203800	-72.480904
0.203900	-72.480904
0.204000	-92.284401
0.204100	-72.480904
0.204200	-72.480904
0.204300	-32.873798
0.204400	-230.908997
0.204500	-151.695007
0.204600	-131.891006
0.204700	-151.695007
0.204800	-131.891006
0.204900	-72.480904
0.205000	-72.480904
0.205100	-112.087997
0.205200	-112.087997
0.205300	-32.873798
0.205400	26.536699
0.205500	66.143799
0.205600	165.160995
0.205700	125.554001
0.205800	-13.070300
0.205900	-42.775600
0.206000	-191.302002
0.206100	-171.498993
0.206200	-171.498993
0.206300	-112.087997
0.206400	-72.480904
0.206500	85.947304
0.206600	36.438499
0.206700	6.733200
0.206800	-112.087997
0.206900	-3.168560
0.207000	165.160995
0.207100	-112.087997
0.207200	-112.087997
0.207300	85.947304
0.207400	165.160995
0.207500	105.750999
0.207600	-72.480904
0.207700	26.536699
0.207800	-82.382698
0.207900	-151.695007
0.208000	-191.302002
0.208100	-191.302002
0.208200	6.733200
0.208300	-151.695007
0.208400	-92.284401
0.208500	6.733200
0.208600	6.733200
0.208700	-13.070300
0.208800	-13.070300
0.208900	6.733200
0.209000	145.358002
0.209100	204.768005
0.209200	66.143799
0.209300	-161.597000
0.209400	-72.480904
0.209500	-72.480904
0.209600	-32.873798
0.209700	6.733200
0.209800	-72.480904
0.209900	-72.480904
0.210000	6.733200
0.210100	-112.087997
0.210200	-112.087997
0.210300	6.733200
0.210400	66.143799
0.210500	125.554001
0.210600	145.358002
0.210700	165.160995
0.210800	165.160995
0.210900	85.947304
0.211000	6.733200
0.211100	-13.070300
0.211200	-112.087997
0.211300	-32.873798
0.211400	46.340199
0.211500	16.635000
0.211600	85.947304
0.211700	46.340199
0.211800	-72.480904
0.211900	-72.480904
0.212000	6.733200
0.212100	85.947304
0.212200	165.160995
0.212300	85.947304
0.212400	66.143799
0.212500	145.358002
0.212600	46.340199
0.212700	46.340199
0.212800	-32.873798
0.212900	-151.695007
0.213000	-112.087997
0.213100	-112.087997
0.213200	-92.284401
0.213300	85.947304
0.213400	-52.677399
0.213500	6.733200
0.213600	76.045502
0.213700	115.653000
0.213800	6.733200
0.213900	6.733200
0.214000	85.947304
0.214100	165.160995
0.214200	85.947304
0.214300	6.733200
0.214400	6.733200
0.214500	6.733200
0.214600	6.733200
0.214700	-3.168560
0.214800	6.733200
0.214900	6.733200
0.215000	6.733200
0.215100	-72.480904
0.215200	-112.087997
0.215300	6.733200
0.215400	46.340199
0.215500	-32.873798
0.215600	-72.480904
0.215700	-32.873798
0.215800	125.554001
0.215900	85.947304
0.216000	6.733200
0.216100	66.143799
0.216200	46.340199
0.216300	-13.070300
0.216400	-72.480904
0.216500	-72.480904
0.216600	-72.480904
0.216700	-82.382698
0.216800	-92.284401
0.216900	-112.087997
0.217000	-112.087997
0.217100	-13.070300
0.217200	-13.070300
0.217300	36.438499
0.217400	66.143799
0.217500	46.340199
0.217600	46.340199
0.217700	36.438499
0.217800	125.554001
0.217900	26.536699
0.218000	-72.480904
0.218100	-82.382698
0.218200	-112.087997
0.218300	-112.087997
0.218400	-151.695007
0.218500	46.340199
0.218600	46.340199
0.218700	-72.480904
0.218800	-82.382698
0.218900	46.340199
0.219000	125.554001
0.219100	105.750999
0.219200	46.340199
0.219300	6.733200
0.219400	145.358002
0.219500	-13.070300
0.219600	-131.891006
0.219700	-151.695007
0.219800	-72.480904
0.219900	-13.070300
0.220000	-13.070300
0.220100	-112.087997
0.220200	-32.873798
0.220300	6.733200
0.220400	6.733200
0.220500	-72.480904
0.220600	-72.480904
0.220700	85.947304
0.220800	125.554001
0.220900	85.947304
0.221000	66.143799
0.221100	-72.480904
0.221200	-72.480904
0.221300	6.733200
0.221400	-72.480904
0.221500	-72.480904
0.221600	6.733200
0.221700	6.733200
0.221800	6.733200
0.221900	26.536699
0.222000	-13.070300
0.222100	-32.873798
0.222200	-32.873798
0.222300	-112.087997
0.222400	-32.873798
0.222500	85.947304
0.222600	125.554001
0.222700	6.733200
0.222800	46.340199
0.222900	145.358002
0.223000	46.340199
0.223100	-72.480904
0.223200	-112.087997
0.223300	46.340199
0.223400	26.536699
0.223500	76.045502
0.223600	85.947304
0.223700	-32.873798
0.223800	26.536699
0.223900	46.340199
0.224000	85.947304
0.224100	85.947304
0.224200	46.340199
0.224300	6.733200
0.224400	6.733200
0.224500	-72.480904
0.224600	-82.382698
0.224700	-92.284401
0.224800	-42.775600
0.224900	-151.695007
0.225000	-72.480904
0.225100	-72.480904
0.225200	-72.480904
0.225300	-32.873798
0.225400	-112.087997
0.225500	-72.480904
0.225600	66.143799
0.225700	165.160995
0.225800	66.143799
0.225900	26.536699
0.226000	6.733200
0.226100	85.947304
0.226200	145.358002
0.226300	16.635000
0.226400	-92.284401
0.226500	-211.106003
0.226600	-171.498993
0.226700	6.733200
0.226800	-112.087997
0.226900	-240.811005
0.227000	-131.891006
0.227100	-72.480904
0.227200	-13.070300
0.227300	6.733200
0.227400	-112.087997
0.227500	-92.284401
0.227600	-3.168560
0.227700	26.536699
0.227800	-32.873798
0.227900	-13.070300
0.228000	36.438499
0.228100	165.160995
0.228200	85.947304
0.228300	46.340199
0.228400	66.143799
0.228500	26.536699
0.228600	-72.480904
0.228700	-72.480904
0.228800	-112.087997
0.228900	-171.498993
0.229000	26.536699
0.229100	-112.087997
0.229200	-92.284401
0.229300	-72.480904
0.229400	-151.695007
0.229500	-92.284401
0.229600	-92.284401
0.229700	-131.891006
0.229800	-72.480904
0.229900	6.733200
0.230000	6.733200
0.230100	-32.873798
0.230200	6.733200
0.230300	-13.070300
0.230400	-42.775600
0.230500	-72.480904
0.230600	26.536699
0.230700	-112.087997
0.230800	-72.480904
0.230900	-112.087997
0.231000	-72.480904
0.231100	-72.480904
0.231200	-112.087997
0.231300	-72.480904
0.231400	-72.480904
0.231500	6.733200
0.231600	46.340199
0.231700	36.438499
0.231800	36.438499
0.231900	-32.873798
0.232000	-72.480904
0.232100	165.160995
0.232200	125.554001
0.232300	-112.087997
0.232400	-131.891006
0.232500	-32.873798
0.232600	-72.480904
0.232700	-112.087997
0.232800	-13.070300
0.232900	85.947304
0.233000	-32.873798
0.233100	-72.480904
0.233200	26.536699
0.233300	-13.070300
0.233400	-72.480904
0.233500	85.947304
0.233600	145.358002
0.233700	66.143799
0.233800	46.340199
0.233900	-32.873798
0.234000	-112.087997
0.234100	-72.480904
0.234200	-92.284401
0.234300	-131.891006
0.234400	-121.989998
0.234500	-13.070300
0.234600	-13.070300
0.234700	-3.168560
0.234800	6.733200
0.234900	6.733200
0.235000	-13.070300
0.235100	-13.070300
0.235200	6.733200
0.235300	6.733200
0.235400	-32.873798
0.235500	125.554001
0.235600	85.947304
0.235700	105.750999
0.235800	6.733200
0.235900	-13.070300
0.236000	6.733200
0.236100	6.733200
0.236200	-112.087997
0.236300	-191.302002
0.236400	-171.498993
0.236500	-72.480904
0.236600	6.733200
0.236700	6.733200
0.236800	76.045502
0.236900	36.438499
0.237000	46.340199
0.237100	6.733200
0.237200	85.947304
0.237300	85.947304
0.237400	66.143799
0.237500	-32.873798
0.237600	6.733200
0.237700	-32.873798
0.237800	-72.480904
0.237900	-13.070300
0.238000	-72.480904
0.238100	-131.891006
0.238200	-22.972099
0.238300	-13.070300
0.238400	-32.873798
0.238500	-121.989998
0.238600	-13.070300
0.238700	46.340199
0.238800	6.733200
0.238900	85.947304
0.239000	46.340199
0.239100	26.536699
0.239200	46.340199
0.239300	46.340199
0.239400	6.733200
0.239500	105.750999
0.239600	-72.480904
0.239700	-32.873798
0.239800	-52.677399
0.239900	-32.873798
0.240000	-92.284401
0.240100	-151.695007
0.240200	-131.891006
0.240300	6.733200
0.240400	46.340199
0.240500	46.340199
0.240600	6.733200
0.240700	-3.168560
0.240800	-72.480904
0.240900	6.733200
0.241000	125.554001
0.241100	165.160995
0.241200	46.340199
0.241300	85.947304
0.241400	-92.284401
0.241500	-151.695007
0.241600	-112.087997
0.241700	-32.873798
0.241800	76.045502
0.241900	66.143799
0.242000	-22.972099
0.242100	-32.873798
0.242200	46.340199
0.242300	85.947304
0.242400	6.733200
0.242500	-92.284401
0.242600	66.143799
0.242700	6.733200
0.242800	85.947304
0.242900	125.554001
0.243000	85.947304
0.243100	6.733200
0.243200	-72.480904
0.243300	-92.284401
0.243400	-112.087997
0.243500	-32.873798
0.243600	-32.873798
0.243700	-72.480904
0.243800	-32.873798
0.243900	6.733200
0.244000	85.947304
0.244100	76.045502
0.244200	-3.168560
0.244300	-151.695007
0.244400	-171.498993
0.244500	26.536699
0.244600	6.733200
0.244700	36.438499
0.244800	125.554001
0.244900	105.750999
0.245000	66.143799
0.245100	125.554001
0.245200	145.358002
0.245300	-92.284401
0.245400	-72.480904
0.245500	-72.480904
0.245600	-72.480904
0.245700	-92.284401
0.245800	-32.873798
0.245900	66.143799
0.246000	66.143799
0.246100	85.947304
0.246200	46.340199
0.246300	46.340199
0.246400	26.536699
0.246500	-3.168560
0.246600	-13.070300
0.246700	-32.873798
0.246800	6.733200
0.246900	46.340199
0.247000	56.242001
0.247100	-13.070300
0.247200	-72.480904
0.247300	-151.695007
0.247400	-151.695007
0.247500	-112.087997
0.247600	-72.480904
0.247700	-72.480904
0.247800	-92.284401
0.247900	6.733200
0.248000	46.340199
0.248100	-13.070300
0.248200	-32.873798
0.248300	6.733200
0.248400	26.536699
0.248500	-72.480904
0.248600	-42.775600
0.248700	-52.677399
0.248800	-32.873798
0.248900	26.536699
0.249000	85.947304
0.249100	85.947304
0.249200	66.143799
0.249300	-72.480904
0.249400	66.143799
0.249500	6.733200
0.249600	-13.070300
0.249700	-112.087997
0.249800	-72.480904
0.249900	66.143799
0.250000	-42.775600
0.250100	-151.695007
0.250200	-112.087997
0.250300	66.143799
0.250400	115.653000
0.250500	6.733200
0.250600	-3.168560
0.250700	16.635000
0.250800	26.536699
0.250900	-121.989998
0.251000	-191.302002
0.251100	-131.891006
0.251200	-112.087997
0.251300	-131.891006
0.251400	-72.480904
0.251500	-112.087997
0.251600	-72.480904
0.251700	6.733200
0.251800	66.143799
0.251900	46.340199
0.252000	46.340199
0.252100	76.045502
0.252200	145.358002
0.252300	-32.873798
0.252400	-13.070300
0.252500	6.733200
0.252600	6.733200
0.252700	-112.087997
0.252800	-112.087997
0.252900	-72.480904
0.253000	26.536699
0.253100	-112.087997
0.253200	-131.891006
0.253300	6.733200
0.253400	6.733200
0.253500	6.733200
0.253600	-72.480904
0.253700	85.947304
0.253800	125.554001
0.253900	46.340199
0.254000	-72.480904
0.254100	-72.480904
0.254200	85.947304
0.254300	6.733200
0.254400	-42.775600
0.254500	-112.087997
0.254600	-32.873798
0.254700	-112.087997
0.254800	76.045502
0.254900	85.947304
0.255000	6.733200
0.255100	36.438499
0.255200	-32.873798
0.255300	-121.989998
0.255400	-151.695007
0.255500	-151.695007
0.255600	-92.284401
0.255700	66.143799
0.255800	26.536699
0.255900	76.045502
0.256000	85.947304
0.256100	-32.873798
0.256200	-32.873798
0.256300	26.536699
0.256400	-72.480904
0.256500	-112.087997
0.256600	6.733200
0.256700	-13.070300
0.256800	-72.480904
0.256900	-112.087997
0.257000	-32.873798
0.257100	46.340199
0.257200	-151.695007
0.257300	-72.480904
0.257400	-32.873798
0.257500	-32.873798
0.257600	-32.873798
0.257700	26.536699
0.257800	66.143799
0.257900	6.733200
0.258000	-92.284401
0.258100	-13.070300
0.258200	-13.070300
0.258300	-121.989998
0.258400	-131.891006
0.258500	-72.480904
0.258600	-32.873798
0.258700	-72.480904
0.258800	-72.480904
0.258900	-72.480904
0.259000	-72.480904
0.259100	-82.382698
0.259200	-72.480904
0.259300	6.733200
0.259400	-13.070300
0.259500	125.554001
0.259600	66.143799
0.259700	-3.168560
0.259800	-72.480904
0.259900	-92.284401
0.260000	-151.695007
0.260100	-72.480904
0.260200	-112.087997
0.260300	-112.087997
0.260400	-32.873798
0.260500	46.340199
0.260600	-72.480904
0.260700	-72.480904
0.260800	-13.070300
0.260900	125.554001
0.261000	165.160995
0.261100	175.063004
0.261200	204.768005
0.261300	-72.480904
0.261400	-32.873798
0.261500	6.733200
0.261600	6.733200
0.261700	-72.480904
0.261800	26.536699
0.261900	-13.070300
0.262000	76.045502
0.262100	-3.168560
0.262200	66.143799
0.262300	-72.480904
0.262400	46.340199
0.262500	46.340199
0.262600	6.733200
0.262700	-121.989998
0.262800	6.733200
0.262900	6.733200
0.263000	46.340199
0.263100	85.947304
0.263200	46.340199
0.263300	-131.891006
0.263400	-102.185997
0.263500	105.750999
0.263600	-230.908997
0.263700	-230.908997
0.263800	26.536699
0.263900	46.340199
0.264000	-72.480904
0.264100	-92.284401
0.264200	-72.480904
0.264300	46.340199
0.264400	6.733200
0.264500	6.733200
0.264600	-32.873798
0.264700	-32.873798
0.264800	46.340199
0.264900	145.358002
0.265000	165.160995
0.265100	85.947304
0.265200	-72.480904
0.265300	6.733200
0.265400	46.340199
0.265500	-13.070300
0.265600	-13.070300
0.265700	-72.480904
0.265800	-92.284401
0.265900	-13.070300
0.266000	46.340199
0.266100	-72.480904
0.266200	6.733200
0.266300	-32.873798
0.266400	26.536699
0.266500	-72.480904
0.266600	-171.498993
0.266700	-112.087997
0.266800	-13.070300
0.266900	6.733200
0.267000	6.733200
0.267100	66.143799
0.267200	-32.873798
0.267300	-151.695007
0.267400	-112.087997
0.267500	-13.070300
0.267600	76.045502
0.267700	-13.070300
0.267800	-72.480904
0.267900	-72.480904
0.268000	56.242001
0.268100	-72.480904
0.268200	-72.480904
0.268300	46.340199
0.268400	214.669998
0.268500	85.947304
0.268600	-32.873798
0.268700	125.554001
0.268800	85.947304
0.268900	-13.070300
0.269000	-72.480904
0.269100	-72.480904
0.269200	6.733200
0.269300	-191.302002
0.269400	-131.891006
0.269500	-171.498993
0.269600	6.733200
0.269700	-13.070300
0.269800	-72.480904
0.269900	85.947304
0.270000	66.143799
0.270100	6.733200
0.270200	-32.873798
0.270300	-112.087997
0.270400	85.947304
0.270500	85.947304
0.270600	-32.873798
0.270700	66.143799
0.270800	85.947304
0.270900	6.733200
0.271000	-72.480904
0.271100	-22.972099
0.271200	-112.087997
0.271300	-72.480904
0.271400	46.340199
0.271500	-112.087997
0.271600	-112.087997
0.271700	85.947304
0.271800	46.340199
0.271900	-151.695007
0.272000	-112.087997
0.272100	6.733200
0.272200	85.947304
0.272300	145.358002
0.272400	56.242001
0.272500	85.947304
0.272600	85.947304
0.272700	6.733200
0.272800	-32.873798
0.272900	-201.203995
0.273000	-92.284401
0.273100	-32.873798
0.273200	-42.775600
0.273300	-13.070300
0.273400	6.733200
0.273500	6.733200
0.273600	6.733200
0.273700	26.536699
0.273800	6.733200
0.273900	6.733200
0.274000	6.733200
0.274100	-32.873798
0.274200	66.143799
0.274300	165.160995
0.274400	204.768005
0.274500	46.340199
0.274600	-72.480904
0.274700	-112.087997
0.274800	-112.087997
0.274900	-13.070300
0.275000	-52.677399
0.275100	-112.087997
0.275200	-32.873798
0.275300	-92.284401
0.275400	-72.480904
0.275500	-112.087997
0.275600	-171.498993
0.275700	-52.677399
0.275800	-151.695007
0.275900	-72.480904
0.276000	-32.873798
0.276100	-72.480904
0.276200	6.733200
0.276300	56.242001
0.276400	6.733200
0.276500	-92.284401
0.276600	-171.498993
0.276700	-92.284401
0.276800	66.143799
0.276900	-13.070300
0.277000	6.733200
0.277100	26.536699
0.277200	6.733200
0.277300	-13.070300
0.277400	-72.480904
0.277500	-3.168560
0.277600	-72.480904
0.277700	-131.891006
0.277800	-151.695007
0.277900	6.733200
0.278000	-13.070300
0.278100	85.947304
0.278200	46.340199
0.278300	-112.087997
0.278400	-92.284401
0.278500	46.340199
0.278600	6.733200
0.278700	-72.480904
0.278800	-121.989998
0.278900	-72.480904
0.279000	-72.480904
0.279100	-121.989998
0.279200	-151.695007
0.279300	-72.480904
0.279400	-82.382698
0.279500	76.045502
0.279600	145.358002
0.279700	85.947304
0.279800	46.340199
0.279900	6.733200
0.280000	6.733200
0.280100	6.733200
0.280200	46.340199
0.280300	-72.480904
0.280400	-72.480904
0.280500	6.733200
0.280600	66.143799
0.280700	6.733200
0.280800	-72.480904
0.280900	-92.284401
0.281000	-72.480904
0.281100	6.733200
0.281200	85.947304
0.281300	46.340199
0.281400	36.438499
0.281500	85.947304
0.281600	66.143799
0.281700	-92.284401
0.281800	105.750999
0.281900	85.947304
0.282000	-72.480904
0.282100	6.733200
0.282200	85.947304
0.282300	85.947304
0.282400	46.340199
0.282500	-32.873798
0.282600	-72.480904
0.282700	26.536699
0.282800	-13.070300
0.282900	6.733200
0.283000	6.733200
0.283100	6.733200
0.283200	125.554001
0.283300	-32.873798
0.283400	6.733200
0.283500	-13.070300
0.283600	-72.480904
0.283700	-82.382698
0.283800	-72.480904
0.283900	-72.480904
0.284000	6.733200
0.284100	125.554001
0.284200	85.947304
0.284300	66.143799
0.284400	6.733200
0.284500	-32.873798
0.284600	6.733200
0.284700	66.143799
0.284800	76.045502
0.284900	85.947304
0.285000	46.340199
0.285100	26.536699
0.285200	6.733200
0.285300	6.733200
0.285400	6.733200
0.285500	6.733200
0.285600	-72.480904
0.285700	-112.087997
0.285800	-32.873798
0.285900	-22.972099
0.286000	-131.891006
0.286100	-42.775600
0.286200	-112.087997
0.286300	85.947304
0.286400	6.733200
0.286500	6.733200
0.286600	125.554001
0.286700	-72.480904
0.286800	6.733200
0.286900	-3.168560
0.287000	6.733200
0.287100	85.947304
0.287200	-13.070300
0.287300	85.947304
0.287400	6.733200
0.287500	-72.480904
0.287600	-72.480904
0.287700	-151.695007
0.287800	-151.695007
0.287900	-112.087997
0.288000	-3.168560
0.288100	-121.989998
0.288200	-112.087997
0.288300	-72.480904
0.288400	6.733200
0.288500	6.733200
0.288600	6.733200
0.288700	6.733200
0.288800	-72.480904
0.288900	6.733200
0.289000	125.554001
0.289100	204.768005
0.289200	125.554001
0.289300	-161.597000
0.289400	-112.087997
0.289500	-151.695007
0.289600	-82.382698
0.289700	-92.284401
0.289800	-131.891006
0.289900	-72.480904
0.290000	6.733200
0.290100	85.947304
0.290200	26.536699
0.290300	-72.480904
0.290400	-22.972099
0.290500	46.340199
0.290600	-13.070300
0.290700	26.536699
0.290800	105.750999
0.290900	6.733200
0.291000	-151.695007
0.291100	-72.480904
0.291200	16.635000
0.291300	46.340199
0.291400	-72.480904
0.291500	-72.480904
0.291600	36.438499
0.291700	155.259995
0.291800	125.554001
0.291900	6.733200
0.292000	-3.168560
0.292100	85.947304
0.292200	-32.873798
0.292300	6.733200
0.292400	66.143799
0.292500	125.554001
0.292600	85.947304
0.292700	165.160995
0.292800	165.160995
0.292900	85.947304
0.293000	-13.070300
0.293100	-72.480904
0.293200	-82.382698
0.293300	-72.480904
0.293400	-72.480904
0.293500	-151.695007
0.293600	-32.873798
0.293700	125.554001
0.293800	-72.480904
0.293900	-112.087997
0.294000	-72.480904
0.294100	66.143799
0.294200	6.733200
0.294300	66.143799
0.294400	46.340199
0.294500	85.947304
0.294600	85.947304
0.294700	76.045502
0.294800	-72.480904
0.294900	-250.712997
0.295000	-161.597000
0.295100	-92.284401
0.295200	-72.480904
0.295300	-72.480904
0.295400	-82.382698
0.295500	-13.070300
0.295600	-72.480904
0.295700	-72.480904
0.295800	6.733200
0.295900	-32.873798
0.296000	-32.873798
0.296100	-22.972099
0.296200	-72.480904
0.296300	-72.480904
0.296400	-151.695007
0.296500	-72.480904
0.296600	-72.480904
0.296700	6.733200
0.296800	145.358002
0.296900	145.358002
0.297000	155.259995
0.297100	-92.284401
0.297200	-151.695007
0.297300	-72.480904
0.297400	-3.168560
0.297500	36.438499
0.297600	66.143799
0.297700	-191.302002
0.297800	-32.873798
0.297900	-3.168560
0.298000	-92.284401
0.298100	-151.695007
0.298200	6.733200
0.298300	-13.070300
0.298400	85.947304
0.298500	125.554001
0.298600	85.947304
0.298700	26.536699
0.298800	-32.873798
0.298900	-72.480904
0.299000	-92.284401
0.299100	-92.284401
0.299200	-32.873798
0.299300	6.733200
0.299400	46.340199
0.299500	-131.891006
0.299600	-72.480904
0.299700	-112.087997
0.299800	-151.695007
0.299900	-72.480904
