-0.050000	4.759560
-0.049900	-14.536000
-0.049800	-53.126999
-0.049700	-14.536000
-0.049600	-14.536000
-0.049500	-33.831501
-0.049400	-139.957001
-0.049300	-168.899994
-0.049200	-72.422501
-0.049100	-91.718102
-0.049000	-14.536000
-0.048900	62.646099
-0.048800	4.759560
-0.048700	-33.831501
-0.048600	-33.831501
-0.048500	-53.126999
-0.048400	-72.422501
-0.048300	24.055099
-0.048200	43.350601
-0.048100	-33.831501
-0.048000	-91.718102
-0.047900	-24.183701
-0.047800	-14.536000
-0.047700	-53.126999
-0.047600	-91.718102
-0.047500	-33.831501
-0.047400	24.055099
-0.047300	-33.831501
-0.047200	-53.126999
-0.047100	-91.718102
-0.047000	-53.126999
-0.046900	-139.957001
-0.046800	-14.536000
-0.046700	-14.536000
-0.046600	4.759560
-0.046500	-14.536000
-0.046400	-33.831501
-0.046300	101.237000
-0.046200	139.828003
-0.046100	62.646099
-0.046000	-72.422501
-0.045900	-14.536000
-0.045800	24.055099
-0.045700	-33.831501
-0.045600	-14.536000
-0.045500	-33.831501
-0.045400	4.759560
-0.045300	-33.831501
-0.045200	24.055099
-0.045100	62.646099
-0.045000	4.759560
-0.044900	62.646099
-0.044800	43.350601
-0.044700	62.646099
-0.044600	178.419006
-0.044500	-14.536000
-0.044400	14.407300
-0.044300	62.646099
-0.044200	-14.536000
-0.044100	-91.718102
-0.044000	-14.536000
-0.043900	-14.536000
-0.043800	14.407300
-0.043700	-14.536000
-0.043600	-14.536000
-0.043500	24.055099
-0.043400	-14.536000
-0.043300	-33.831501
-0.043200	14.407300
-0.043100	62.646099
-0.043000	43.350601
-0.042900	-33.831501
-0.042800	43.350601
-0.042700	101.237000
-0.042600	-14.536000
-0.042500	-14.536000
-0.042400	101.237000
-0.042300	120.532997
-0.042200	62.646099
-0.042100	139.828003
-0.042000	81.941704
-0.041900	62.646099
-0.041800	62.646099
-0.041700	-33.831501
-0.041600	-14.536000
-0.041500	-14.536000
-0.041400	24.055099
-0.041300	139.828003
-0.041200	62.646099
-0.041100	24.055099
-0.041000	81.941704
-0.040900	120.532997
-0.040800	4.759560
-0.040700	-111.014000
-0.040600	-130.309006
-0.040500	62.646099
-0.040400	81.941704
-0.040300	24.055099
-0.040200	24.055099
-0.040100	-14.536000
-0.040000	4.759560
-0.039900	4.759560
-0.039800	43.350601
-0.039700	101.237000
-0.039600	139.828003
-0.039500	101.237000
-0.039400	4.759560
-0.039300	62.646099
-0.039200	62.646099
-0.039100	24.055099
-0.039000	139.828003
-0.038900	62.646099
-0.038800	-14.536000
-0.038700	24.055099
-0.038600	-14.536000
-0.038500	-14.536000
-0.038400	-4.888200
-0.038300	-53.126999
-0.038200	-53.126999
-0.038100	-14.536000
-0.038000	33.702801
-0.037900	62.646099
-0.037800	-14.536000
-0.037700	-33.831501
-0.037600	24.055099
-0.037500	24.055099
-0.037400	24.055099
-0.037300	24.055099
-0.037200	62.646099
-0.037100	62.646099
-0.037000	-14.536000
-0.036900	-14.536000
-0.036800	-33.831501
-0.036700	-14.536000
-0.036600	139.828003
-0.036500	24.055099
-0.036400	4.759560
-0.036300	-53.126999
-0.036200	-14.536000
-0.036100	43.350601
-0.036000	-53.126999
-0.035900	-14.536000
-0.035800	120.532997
-0.035700	81.941704
-0.035600	24.055099
-0.035500	-53.126999
-0.035400	4.759560
-0.035300	24.055099
-0.035200	-53.126999
-0.035100	-14.536000
-0.035000	43.350601
-0.034900	24.055099
-0.034800	-24.183701
-0.034700	4.759560
-0.034600	-14.536000
-0.034500	-14.536000
-0.034400	-14.536000
-0.034300	14.407300
-0.034200	24.055099
-0.034100	43.350601
-0.034000	-24.183701
-0.033900	24.055099
-0.033800	62.646099
-0.033700	24.055099
-0.033600	14.407300
-0.033500	-14.536000
-0.033400	-14.536000
-0.033300	43.350601
-0.033200	-14.536000
-0.033100	-91.718102
-0.033000	-91.718102
-0.032900	-33.831501
-0.032800	-91.718102
-0.032700	-14.536000
-0.032600	-43.479198
-0.032500	-14.536000
-0.032400	-14.536000
-0.032300	-53.126999
-0.032200	-14.536000
-0.032100	-120.661003
-0.032000	-139.957001
-0.031900	-33.831501
-0.031800	14.407300
-0.031700	62.646099
-0.031600	52.998402
-0.031500	-53.126999
-0.031400	-33.831501
-0.031300	62.646099
-0.031200	159.123993
-0.031100	62.646099
-0.031000	4.759560
-0.030900	-14.536000
-0.030800	-53.126999
-0.030700	-14.536000
-0.030600	24.055099
-0.030500	-14.536000
-0.030400	-130.309006
-0.030300	-53.126999
-0.030200	101.237000
-0.030100	43.350601
-0.030000	24.055099
-0.029900	-53.126999
-0.029800	-53.126999
-0.029700	-14.536000
-0.029600	-91.718102
-0.029500	-33.831501
-0.029400	-33.831501
-0.029300	-53.126999
-0.029200	-53.126999
-0.029100	33.702801
-0.029000	4.759560
-0.028900	-72.422501
-0.028800	14.407300
-0.028700	-14.536000
-0.028600	43.350601
-0.028500	-43.479198
-0.028400	-91.718102
-0.028300	-33.831501
-0.028200	-14.536000
-0.028100	-43.479198
-0.028000	-111.014000
-0.027900	4.759560
-0.027800	-14.536000
-0.027700	-130.309006
-0.027600	-33.831501
-0.027500	62.646099
-0.027400	-14.536000
-0.027300	-33.831501
-0.027200	-72.422501
-0.027100	-91.718102
-0.027000	-33.831501
-0.026900	4.759560
-0.026800	-14.536000
-0.026700	62.646099
-0.026600	62.646099
-0.026500	33.702801
-0.026400	24.055099
-0.026300	24.055099
-0.026200	-53.126999
-0.026100	-14.536000
-0.026000	24.055099
-0.025900	-14.536000
-0.025800	-14.536000
-0.025700	-14.536000
-0.025600	-53.126999
-0.025500	-130.309006
-0.025400	-91.718102
-0.025300	24.055099
-0.025200	-14.536000
-0.025100	-62.774799
-0.025000	-91.718102
-0.024900	43.350601
-0.024800	-14.536000
-0.024700	-91.718102
-0.024600	-14.536000
-0.024500	24.055099
-0.024400	33.702801
-0.024300	-53.126999
-0.024200	24.055099
-0.024100	-14.536000
-0.024000	-14.536000
-0.023900	-4.888200
-0.023800	24.055099
-0.023700	130.179993
-0.023600	120.532997
-0.023500	-91.718102
-0.023400	-111.014000
-0.023300	-33.831501
-0.023200	-53.126999
-0.023100	101.237000
-0.023000	159.123993
-0.022900	62.646099
-0.022800	-24.183701
-0.022700	-43.479198
-0.022600	-139.957001
-0.022500	-33.831501
-0.022400	-14.536000
-0.022300	139.828003
-0.022200	43.350601
-0.022100	-33.831501
-0.022000	-24.183701
-0.021900	4.759560
-0.021800	81.941704
-0.021700	4.759560
-0.021600	4.759560
-0.021500	-33.831501
-0.021400	43.350601
-0.021300	14.407300
-0.021200	-14.536000
-0.021100	4.759560
-0.021000	43.350601
-0.020900	-14.536000
-0.020800	62.646099
-0.020700	81.941704
-0.020600	139.828003
-0.020500	101.237000
-0.020400	24.055099
-0.020300	-139.957001
-0.020200	-62.774799
-0.020100	101.237000
-0.020000	24.055099
-0.019900	-53.126999
-0.019800	-72.422501
-0.019700	-91.718102
-0.019600	-14.536000
-0.019500	-14.536000
-0.019400	-53.126999
-0.019300	-53.126999
-0.019200	-33.831501
-0.019100	-14.536000
-0.019000	-14.536000
-0.018900	-91.718102
-0.018800	101.237000
-0.018700	120.532997
-0.018600	24.055099
-0.018500	52.998402
-0.018400	120.532997
-0.018300	43.350601
-0.018200	4.759560
-0.018100	-14.536000
-0.018000	-14.536000
-0.017900	-130.309006
-0.017800	-53.126999
-0.017700	-53.126999
-0.017600	-101.365997
-0.017500	-111.014000
-0.017400	-130.309006
-0.017300	43.350601
-0.017200	4.759560
-0.017100	43.350601
-0.017000	-14.536000
-0.016900	-72.422501
-0.016800	-53.126999
-0.016700	43.350601
-0.016600	-14.536000
-0.016500	-14.536000
-0.016400	43.350601
-0.016300	-33.831501
-0.016200	43.350601
-0.016100	24.055099
-0.016000	4.759560
-0.015900	-53.126999
-0.015800	-91.718102
-0.015700	14.407300
-0.015600	4.759560
-0.015500	-14.536000
-0.015400	62.646099
-0.015300	120.532997
-0.015200	101.237000
-0.015100	62.646099
-0.015000	-4.888200
-0.014900	24.055099
-0.014800	62.646099
-0.014700	101.237000
-0.014600	-33.831501
-0.014500	-72.422501
-0.014400	33.702801
-0.014300	101.237000
-0.014200	24.055099
-0.014100	-53.126999
-0.014000	62.646099
-0.013900	62.646099
-0.013800	-33.831501
-0.013700	-53.126999
-0.013600	-43.479198
-0.013500	81.941704
-0.013400	-33.831501
-0.013300	-14.536000
-0.013200	-14.536000
-0.013100	24.055099
-0.013000	4.759560
-0.012900	-91.718102
-0.012800	-91.718102
-0.012700	24.055099
-0.012600	62.646099
-0.012500	-33.831501
-0.012400	-91.718102
-0.012300	-33.831501
-0.012200	-33.831501
-0.012100	-14.536000
-0.012000	24.055099
-0.011900	24.055099
-0.011800	-24.183701
-0.011700	-91.718102
-0.011600	4.759560
-0.011500	-14.536000
-0.011400	110.885002
-0.011300	101.237000
-0.011200	62.646099
-0.011100	43.350601
-0.011000	62.646099
-0.010900	101.237000
-0.010800	139.828003
-0.010700	4.759560
-0.010600	-24.183701
-0.010500	24.055099
-0.010400	62.646099
-0.010300	24.055099
-0.010200	-14.536000
-0.010100	-14.536000
-0.010000	43.350601
-0.009900	-14.536000
-0.009800	24.055099
-0.009700	-14.536000
-0.009600	-53.126999
-0.009500	-14.536000
-0.009400	4.759560
-0.009300	120.532997
-0.009200	101.237000
-0.009100	-14.536000
-0.009000	33.702801
-0.008900	4.759560
-0.008800	-53.126999
-0.008700	24.055099
-0.008600	43.350601
-0.008500	-14.536000
-0.008400	-14.536000
-0.008300	81.941704
-0.008200	120.532997
-0.008100	24.055099
-0.008000	-53.126999
-0.007900	14.407300
-0.007800	-33.831501
-0.007700	-53.126999
-0.007600	4.759560
-0.007500	-53.126999
-0.007400	-14.536000
-0.007300	-14.536000
-0.007200	52.998402
-0.007100	24.055099
-0.007000	24.055099
-0.006900	-14.536000
-0.006800	-33.831501
-0.006700	-14.536000
-0.006600	24.055099
-0.006500	-33.831501
-0.006400	-14.536000
-0.006300	4.759560
-0.006200	-14.536000
-0.006100	43.350601
-0.006000	43.350601
-0.005900	81.941704
-0.005800	-14.536000
-0.005700	24.055099
-0.005600	-53.126999
-0.005500	43.350601
-0.005400	139.828003
-0.005300	-14.536000
-0.005200	-24.183701
-0.005100	-14.536000
-0.005000	24.055099
-0.004900	62.646099
-0.004800	-33.831501
-0.004700	-53.126999
-0.004600	24.055099
-0.004500	62.646099
-0.004400	62.646099
-0.004300	-14.536000
-0.004200	-14.536000
-0.004100	24.055099
-0.004000	-14.536000
-0.003900	-53.126999
-0.003800	14.407300
-0.003700	-53.126999
-0.003600	-53.126999
-0.003500	-91.718102
-0.003400	43.350601
-0.003300	62.646099
-0.003200	-33.831501
-0.003100	43.350601
-0.003000	24.055099
-0.002900	-33.831501
-0.002800	-33.831501
-0.002700	4.759560
-0.002600	-33.831501
-0.002500	-4.888200
-0.002400	24.055099
-0.002300	-91.718102
-0.002200	-14.536000
-0.002100	4.759560
-0.002000	-53.126999
-0.001900	-14.536000
-0.001800	-14.536000
-0.001700	-14.536000
-0.001600	43.350601
-0.001500	43.350601
-0.001400	4.759560
-0.001300	-91.718102
-0.001200	-14.536000
-0.001100	62.646099
-0.001000	101.237000
-0.000900	62.646099
-0.000800	62.646099
-0.000700	81.941704
-0.000600	-14.536000
-0.000500	-14.536000
-0.000400	24.055099
-0.000300	-33.831501
-0.000200	-14.536000
-0.000100	33.702801
0.000000	91.589401
0.000100	91.589401
0.000200	24.055099
0.000300	-24.183701
0.000400	-24.183701
0.000500	-14.536000
0.000600	-53.126999
0.000700	62.646099
0.000800	91.589401
0.000900	4.759560
0.001000	62.646099
0.001100	139.828003
0.001200	139.828003
0.001300	101.237000
0.001400	-14.536000
0.001500	-91.718102
0.001600	14.407300
0.001700	52.998402
0.001800	-246.082001
0.001900	-33.831501
0.002000	159.123993
0.002100	-120.661003
0.002200	-207.490997
0.002300	62.646099
0.002400	62.646099
0.002500	43.350601
0.002600	-43.479198
0.002700	-207.490997
0.002800	-53.126999
0.002900	43.350601
0.003000	-14.536000
0.003100	43.350601
0.003200	4.759560
0.003300	43.350601
0.003400	101.237000
0.003500	24.055099
0.003600	-33.831501
0.003700	62.646099
0.003800	178.419006
0.003900	-91.718102
0.004000	-323.264008
0.004100	-91.718102
0.004200	62.646099
0.004300	-14.536000
0.004400	-53.126999
0.004500	-72.422501
0.004600	-53.126999
0.004700	24.055099
0.004800	43.350601
0.004900	81.941704
0.005000	110.885002
0.005100	101.237000
0.005200	-53.126999
0.005300	24.055099
0.005400	101.237000
0.005500	-53.126999
0.005600	24.055099
0.005700	139.828003
0.005800	178.419006
0.005900	139.828003
0.006000	-24.183701
0.006100	149.475998
0.006200	294.191986
0.006300	274.897003
0.006400	62.646099
0.006500	-14.536000
0.006600	101.237000
0.006700	62.646099
0.006800	-53.126999
0.006900	139.828003
0.007000	217.009995
0.007100	-33.831501
0.007200	-168.899994
0.007300	24.055099
0.007400	139.828003
0.007500	178.419006
0.007600	139.828003
0.007700	43.350601
0.007800	43.350601
0.007900	130.179993
0.008000	43.350601
0.008100	101.237000
0.008200	217.009995
0.008300	139.828003
0.008400	139.828003
0.008500	101.237000
0.008600	-33.831501
0.008700	-14.536000
0.008800	139.828003
0.008900	168.772003
0.009000	43.350601
0.009100	-53.126999
0.009200	-14.536000
0.009300	-33.831501
0.009400	-130.309006
0.009500	-33.831501
0.009600	62.646099
0.009700	-53.126999
0.009800	-33.831501
0.009900	-14.536000
0.010000	24.055099
0.010100	-14.536000
0.010200	-33.831501
0.010300	101.237000
0.010400	101.237000
0.010500	24.055099
0.010600	-53.126999
0.010700	139.828003
0.010800	332.782990
0.010900	24.055099
0.011000	62.646099
0.011100	178.419006
0.011200	197.714996
0.011300	139.828003
0.011400	168.772003
0.011500	255.600998
0.011600	139.828003
0.011700	294.191986
0.011800	332.782990
0.011900	120.532997
0.012000	217.009995
0.012100	274.897003
0.012200	217.009995
0.012300	274.897003
0.012400	409.966003
0.012500	323.135986
0.012600	294.191986
0.012700	525.739014
0.012800	506.442993
0.012900	487.148010
0.013000	409.966003
0.013100	409.966003
0.013200	217.009995
0.013300	178.419006
0.013400	101.237000
0.013500	-516.219971
0.013600	-574.106018
0.013700	-622.344971
0.013800	-796.005005
0.013900	-747.765991
0.014000	-709.174988
0.014100	-670.583984
0.014200	-574.106018
0.014300	-323.264008
0.014400	-207.490997
0.014500	-246.082001
0.014600	-303.968994
0.014700	-303.968994
0.014800	-255.729996
0.014900	24.055099
0.015000	-53.126999
0.015100	-554.810974
0.015200	-400.446014
0.015300	-323.264008
0.015400	-477.628998
0.015500	-439.036987
0.015600	-284.673004
0.015700	-168.899994
0.015800	-168.899994
0.015900	-24.183701
0.016000	-72.422501
0.016100	120.532997
0.016200	429.260986
0.016300	245.953995
0.016400	101.237000
0.016500	178.419006
0.016600	-91.718102
0.016700	-381.151001
0.016800	-284.673004
0.016900	-53.126999
0.017000	-111.014000
0.017100	-284.673004
0.017200	-284.673004
0.017300	-111.014000
0.017400	43.350601
0.017500	-14.536000
0.017600	-111.014000
0.017700	-91.718102
0.017800	-246.082001
0.017900	-332.911987
0.018000	-458.333008
0.018100	-496.924011
0.018200	-371.502991
0.018300	-419.742004
0.018400	-458.333008
0.018500	-496.924011
0.018600	-458.333008
0.018700	-583.754028
0.018800	-516.219971
0.018900	-332.911987
0.019000	-303.968994
0.019100	-323.264008
0.019200	-168.899994
0.019300	-14.536000
0.019400	-4.888200
0.019500	-82.070297
0.019600	-120.661003
0.019700	-130.309006
0.019800	-33.831501
0.019900	43.350601
0.020000	-130.309006
0.020100	-91.718102
0.020200	62.646099
0.020300	-14.536000
0.020400	-14.536000
0.020500	178.419006
0.020600	197.714996
0.020700	217.009995
0.020800	332.782990
0.020900	602.921021
0.021000	902.000977
0.021100	1008.130005
0.021200	911.648987
0.021300	1066.010010
0.021400	1278.260010
0.021500	1297.560059
0.021600	1046.719971
0.021700	863.409973
0.021800	737.989014
0.021900	332.782990
0.022000	178.419006
0.022100	352.079010
0.022200	217.009995
0.022300	-91.718102
0.022400	-265.377991
0.022500	-323.264008
0.022600	-226.787003
0.022700	-342.559998
0.022800	-419.742004
0.022900	-168.899994
0.023000	-168.899994
0.023100	-400.446014
0.023200	-361.855011
0.023300	81.941704
0.023400	178.419006
0.023500	-43.479198
0.023600	-159.251999
0.023700	-101.365997
0.023800	-111.014000
0.023900	-149.604996
0.024000	-168.899994
0.024100	43.350601
0.024200	448.557007
0.024300	487.148010
0.024400	120.532997
0.024500	-14.536000
0.024600	-53.126999
0.024700	24.055099
0.024800	-33.831501
0.024900	-303.968994
0.025000	-574.106018
0.025100	-670.583984
0.025200	-631.992981
0.025300	-612.697021
0.025400	-496.924011
0.025500	-188.195999
0.025600	-53.126999
0.025700	62.646099
0.025800	352.079010
0.025900	660.807007
0.026000	824.818970
0.026100	873.057983
0.026200	757.284973
0.026300	718.693970
0.026400	699.398010
0.026500	467.851990
0.026600	217.009995
0.026700	207.363007
0.026800	178.419006
0.026900	-14.536000
0.027000	-149.604996
0.027100	-33.831501
0.027200	-130.309006
0.027300	-246.082001
0.027400	-323.264008
0.027500	-284.673004
0.027600	-246.082001
0.027700	-91.718102
0.027800	24.055099
0.027900	-14.536000
0.028000	-53.126999
0.028100	168.772003
0.028200	409.966003
0.028300	274.897003
0.028400	62.646099
0.028500	-149.604996
0.028600	24.055099
0.028700	371.375000
0.028800	371.375000
0.028900	409.966003
0.029000	602.921021
0.029100	545.033997
0.029200	390.670013
0.029300	294.191986
0.029400	467.851990
0.029500	371.375000
0.029600	255.600998
0.029700	255.600998
0.029800	197.714996
0.029900	255.600998
0.030000	284.545013
0.030100	352.079010
0.030200	409.966003
0.030300	217.009995
0.030400	43.350601
0.030500	-101.365997
0.030600	-14.536000
0.030700	-130.309006
0.030800	-149.604996
0.030900	-62.774799
0.031000	-342.559998
0.031100	-323.264008
0.031200	-24.183701
0.031300	110.885002
0.031400	-33.831501
0.031500	-246.082001
0.031600	-33.831501
0.031700	-14.536000
0.031800	-168.899994
0.031900	-255.729996
0.032000	-323.264008
0.032100	-361.855011
0.032200	-342.559998
0.032300	-477.628998
0.032400	-641.640015
0.032500	-728.469971
0.032600	-940.721008
0.032700	-1210.859985
0.032800	-1249.449951
0.032900	-1191.560059
0.033000	-1172.270020
0.033100	-1017.900024
0.033200	-882.835022
0.033300	-670.583984
0.033400	-439.036987
0.033500	-381.151001
0.033600	-53.126999
0.033700	159.123993
0.033800	130.179993
0.033900	178.419006
0.034000	448.557007
0.034100	680.103027
0.034200	641.512024
0.034300	429.260986
0.034400	680.103027
0.034500	737.989014
0.034600	448.557007
0.034700	409.966003
0.034800	120.532997
0.034900	-130.309006
0.035000	-168.899994
0.035100	-323.264008
0.035200	-323.264008
0.035300	-284.673004
0.035400	-323.264008
0.035500	-439.036987
0.035600	-477.628998
0.035700	-284.673004
0.035800	-111.014000
0.035900	4.759560
0.036000	-149.604996
0.036100	-265.377991
0.036200	4.759560
0.036300	178.419006
0.036400	149.475998
0.036500	62.646099
0.036600	139.828003
0.036700	178.419006
0.036800	139.828003
0.036900	217.009995
0.037000	467.851990
0.037100	660.807007
0.037200	583.625000
0.037300	429.260986
0.037400	313.488007
0.037500	448.557007
0.037600	525.739014
0.037700	545.033997
0.037800	525.739014
0.037900	583.625000
0.038000	718.693970
0.038100	902.000977
0.038200	815.171997
0.038300	641.512024
0.038400	795.875977
0.038500	892.354004
0.038600	873.057983
0.038700	757.284973
0.038800	525.739014
0.038900	487.148010
0.039000	332.782990
0.039100	101.237000
0.039200	-91.718102
0.039300	-496.924011
0.039400	-516.219971
0.039500	-477.628998
0.039600	-496.924011
0.039700	-593.401978
0.039800	-709.174988
0.039900	-709.174988
0.040000	-535.515015
0.040100	-477.628998
0.040200	-651.288025
0.040300	-824.947998
0.040400	-786.356995
0.040500	-824.947998
0.040600	-1056.489990
0.040700	-1017.900024
0.040800	-805.651978
0.040900	-709.174988
0.041000	-786.356995
0.041100	-796.005005
0.041200	-564.458008
0.041300	-246.082001
0.041400	24.055099
0.041500	-53.126999
0.041600	-323.264008
0.041700	-168.899994
0.041800	62.646099
0.041900	43.350601
0.042000	255.600998
0.042100	332.782990
0.042200	352.079010
0.042300	371.375000
0.042400	602.921021
0.042500	892.354004
0.042600	950.239990
0.042700	757.284973
0.042800	602.921021
0.042900	641.512024
0.043000	680.103027
0.043100	564.330017
0.043200	602.921021
0.043300	602.921021
0.043400	602.921021
0.043500	332.782990
0.043600	139.828003
0.043700	361.726990
0.043800	371.375000
0.043900	217.009995
0.044000	178.419006
0.044100	101.237000
0.044200	197.714996
0.044300	467.851990
0.044400	525.739014
0.044500	294.191986
0.044600	-72.422501
0.044700	-130.309006
0.044800	120.532997
0.044900	255.600998
0.045000	448.557007
0.045100	236.306000
0.045200	24.055099
0.045300	62.646099
0.045400	24.055099
0.045500	-226.787003
0.045600	-477.628998
0.045700	-612.697021
0.045800	-554.810974
0.045900	-728.469971
0.046000	-902.130005
0.046100	-477.628998
0.046200	24.055099
0.046300	101.237000
0.046400	-168.899994
0.046500	-62.774799
0.046600	217.009995
0.046700	371.375000
0.046800	294.191986
0.046900	43.350601
0.047000	24.055099
0.047100	101.237000
0.047200	159.123993
0.047300	197.714996
0.047400	139.828003
0.047500	4.759560
0.047600	-53.126999
0.047700	-53.126999
0.047800	-265.377991
0.047900	-265.377991
0.048000	-284.673004
0.048100	-400.446014
0.048200	-323.264008
0.048300	-130.309006
0.048400	-111.014000
0.048500	-159.251999
0.048600	130.179993
0.048700	62.646099
0.048800	62.646099
0.048900	101.237000
0.049000	43.350601
0.049100	178.419006
0.049200	178.419006
0.049300	-111.014000
0.049400	-207.490997
0.049500	-168.899994
0.049600	-168.899994
0.049700	-303.968994
0.049800	-516.219971
0.049900	-496.924011
0.050000	-381.151001
0.050100	-207.490997
0.050200	-207.490997
0.050300	-323.264008
0.050400	-111.014000
0.050500	62.646099
0.050600	24.055099
0.050700	139.828003
0.050800	217.009995
0.050900	207.363007
0.051000	197.714996
0.051100	274.897003
0.051200	139.828003
0.051300	101.237000
0.051400	255.600998
0.051500	197.714996
0.051600	4.759560
0.051700	-53.126999
0.051800	-130.309006
0.051900	-246.082001
0.052000	-207.490997
0.052100	-246.082001
0.052200	-294.321014
0.052300	-284.673004
0.052400	-246.082001
0.052500	-14.536000
0.052600	139.828003
0.052700	139.828003
0.052800	33.702801
0.052900	139.828003
0.053000	159.123993
0.053100	178.419006
0.053200	130.179993
0.053300	255.600998
0.053400	255.600998
0.053500	197.714996
0.053600	24.055099
0.053700	139.828003
0.053800	120.532997
0.053900	81.941704
0.054000	139.828003
0.054100	217.009995
0.054200	332.782990
0.054300	352.079010
0.054400	448.557007
0.054500	583.625000
0.054600	448.557007
0.054700	487.148010
0.054800	602.921021
0.054900	747.637024
0.055000	139.828003
0.055100	-178.548004
0.055200	24.055099
0.055300	-14.536000
0.055400	-207.490997
0.055500	-226.787003
0.055600	-303.968994
0.055700	-371.502991
0.055800	-352.208008
0.055900	-352.208008
0.056000	-477.628998
0.056100	-477.628998
0.056200	-342.559998
0.056300	-246.082001
0.056400	-303.968994
0.056500	-303.968994
0.056600	-111.014000
0.056700	-53.126999
0.056800	-111.014000
0.056900	-149.604996
0.057000	-207.490997
0.057100	-168.899994
0.057200	-323.264008
0.057300	-284.673004
0.057400	-91.718102
0.057500	-91.718102
0.057600	-168.899994
0.057700	-149.604996
0.057800	-53.126999
0.057900	-33.831501
0.058000	-130.309006
0.058100	-130.309006
0.058200	4.759560
0.058300	81.941704
0.058400	101.237000
0.058500	139.828003
0.058600	139.828003
0.058700	101.237000
0.058800	159.123993
0.058900	255.600998
0.059000	217.009995
0.059100	409.966003
0.059200	487.148010
0.059300	409.966003
0.059400	294.191986
0.059500	255.600998
0.059600	352.079010
0.059700	409.966003
0.059800	255.600998
0.059900	178.419006
0.060000	130.179993
0.060100	178.419006
0.060200	217.009995
0.060300	236.306000
0.060400	43.350601
0.060500	-91.718102
0.060600	-111.014000
0.060700	24.055099
0.060800	62.646099
0.060900	-33.831501
0.061000	-207.490997
0.061100	-91.718102
0.061200	-33.831501
0.061300	-168.899994
0.061400	-188.195999
0.061500	-101.365997
0.061600	-168.899994
0.061700	-342.559998
0.061800	-342.559998
0.061900	-207.490997
0.062000	-207.490997
0.062100	-226.787003
0.062200	-168.899994
0.062300	-91.718102
0.062400	24.055099
0.062500	24.055099
0.062600	-14.536000
0.062700	-91.718102
0.062800	-265.377991
0.062900	-921.426025
0.063000	-1809.020020
0.063100	-2185.280029
0.063200	-2426.479980
0.063300	-2407.179932
0.063400	-2301.060059
0.063500	-2272.110107
0.063600	-2021.270020
0.063700	-1809.020020
0.063800	-1866.910034
0.063900	-1905.500000
0.064000	-1944.089966
0.064100	-1809.020020
0.064200	-1731.839966
0.064300	-1712.540039
0.064400	-1982.680054
0.064500	-2117.750000
0.064600	-2030.920044
0.064700	-1934.439941
0.064800	-1982.680054
0.064900	-1905.500000
0.065000	-1905.500000
0.065100	-1866.910034
0.065200	-1828.319946
0.065300	-1751.130005
0.065400	-1635.359985
0.065500	-1558.180054
0.065600	-1481.000000
0.065700	-1442.400024
0.065800	-1365.219971
0.065900	-1403.810059
0.066000	-1365.219971
0.066100	-1288.040039
0.066200	-1172.270020
0.066300	-1172.270020
0.066400	-1172.270020
0.066500	-1172.270020
0.066600	-1172.270020
0.066700	-1172.270020
0.066800	-1037.199951
0.066900	-902.130005
0.067000	-834.596008
0.067100	-747.765991
0.067200	-728.469971
0.067300	-738.117981
0.067400	-747.765991
0.067500	-631.992981
0.067600	-554.810974
0.067700	-554.810974
0.067800	-516.219971
0.067900	-419.742004
0.068000	-477.628998
0.068100	-419.742004
0.068200	-439.036987
0.068300	-535.515015
0.068400	-631.992981
0.068500	-631.992981
0.068600	-612.697021
0.068700	-612.697021
0.068800	-593.401978
0.068900	-670.583984
0.069000	-631.992981
0.069100	-516.219971
0.069200	-554.810974
0.069300	-612.697021
0.069400	-554.810974
0.069500	-496.924011
0.069600	-593.401978
0.069700	-709.174988
0.069800	-516.219971
0.069900	-419.742004
0.070000	-535.515015
0.070100	-631.992981
0.070200	-593.401978
0.070300	-477.628998
0.070400	-496.924011
0.070500	-477.628998
0.070600	-352.208008
0.070700	-323.264008
0.070800	-323.264008
0.070900	-265.377991
0.071000	-207.490997
0.071100	-168.899994
0.071200	-284.673004
0.071300	-303.968994
0.071400	-323.264008
0.071500	-246.082001
0.071600	-130.309006
0.071700	-168.899994
0.071800	-246.082001
0.071900	-284.673004
0.072000	-284.673004
0.072100	-168.899994
0.072200	-168.899994
0.072300	-178.548004
0.072400	-53.126999
0.072500	-91.718102
0.072600	-72.422501
0.072700	-149.604996
0.072800	-130.309006
0.072900	-130.309006
0.073000	-149.604996
0.073100	-62.774799
0.073200	-53.126999
0.073300	62.646099
0.073400	81.941704
0.073500	14.407300
0.073600	-91.718102
0.073700	-91.718102
0.073800	-33.831501
0.073900	24.055099
0.074000	62.646099
0.074100	81.941704
0.074200	120.532997
0.074300	120.532997
0.074400	120.532997
0.074500	120.532997
0.074600	120.532997
0.074700	43.350601
0.074800	4.759560
0.074900	4.759560
0.075000	-14.536000
0.075100	-33.831501
0.075200	-33.831501
0.075300	-14.536000
0.075400	4.759560
0.075500	-14.536000
0.075600	-14.536000
0.075700	-14.536000
0.075800	-14.536000
0.075900	-53.126999
0.076000	-53.126999
0.076100	-14.536000
0.076200	-14.536000
0.076300	-24.183701
0.076400	-14.536000
0.076500	-53.126999
0.076600	-33.831501
0.076700	-53.126999
0.076800	-91.718102
0.076900	-72.422501
0.077000	-111.014000
0.077100	-168.899994
0.077200	-265.377991
0.077300	-226.787003
0.077400	-207.490997
0.077500	-342.559998
0.077600	-342.559998
0.077700	-246.082001
0.077800	-149.604996
0.077900	-294.321014
0.078000	-246.082001
0.078100	-236.434006
0.078200	-284.673004
0.078300	-323.264008
0.078400	-303.968994
0.078500	-361.855011
0.078600	-381.151001
0.078700	-458.333008
0.078800	-400.446014
0.078900	-207.490997
0.079000	-361.855011
0.079100	-284.673004
0.079200	-284.673004
0.079300	-207.490997
0.079400	-101.365997
0.079500	-178.548004
0.079600	-188.195999
0.079700	-159.251999
0.079800	-255.729996
0.079900	-207.490997
0.080000	-111.014000
0.080100	-130.309006
0.080200	-168.899994
0.080300	-53.126999
0.080400	-33.831501
0.080500	-207.490997
0.080600	-91.718102
0.080700	-91.718102
0.080800	-91.718102
0.080900	-91.718102
0.081000	-14.536000
0.081100	43.350601
0.081200	24.055099
0.081300	-53.126999
0.081400	-62.774799
0.081500	-14.536000
0.081600	43.350601
0.081700	-53.126999
0.081800	-62.774799
0.081900	-130.309006
0.082000	-91.718102
0.082100	-43.479198
0.082200	-53.126999
0.082300	-72.422501
0.082400	24.055099
0.082500	-14.536000
0.082600	-14.536000
0.082700	-14.536000
0.082800	-53.126999
0.082900	-130.309006
0.083000	-149.604996
0.083100	-130.309006
0.083200	-130.309006
0.083300	-168.899994
0.083400	-139.957001
0.083500	-53.126999
0.083600	-111.014000
0.083700	-207.490997
0.083800	-188.195999
0.083900	-207.490997
0.084000	-246.082001
0.084100	-265.377991
0.084200	-284.673004
0.084300	-188.195999
0.084400	-130.309006
0.084500	-246.082001
0.084600	-284.673004
0.084700	-284.673004
0.084800	-207.490997
0.084900	-130.309006
0.085000	-149.604996
0.085100	-168.899994
0.085200	-246.082001
0.085300	-188.195999
0.085400	-130.309006
0.085500	-178.548004
0.085600	-168.899994
0.085700	-168.899994
0.085800	-217.139008
0.085900	-284.673004
0.086000	-303.968994
0.086100	-303.968994
0.086200	-207.490997
0.086300	-255.729996
0.086400	-323.264008
0.086500	-265.377991
0.086600	-188.195999
0.086700	-207.490997
0.086800	-207.490997
0.086900	-130.309006
0.087000	-284.673004
0.087100	-207.490997
0.087200	-207.490997
0.087300	-149.604996
0.087400	-91.718102
0.087500	-168.899994
0.087600	-246.082001
0.087700	-207.490997
0.087800	-207.490997
0.087900	-207.490997
0.088000	-168.899994
0.088100	-130.309006
0.088200	-188.195999
0.088300	-188.195999
0.088400	-284.673004
0.088500	-284.673004
0.088600	-197.843002
0.088700	-72.422501
0.088800	-91.718102
0.088900	-178.548004
0.089000	-168.899994
0.089100	-14.536000
0.089200	-53.126999
0.089300	-91.718102
0.089400	-91.718102
0.089500	-53.126999
0.089600	24.055099
0.089700	52.998402
0.089800	-14.536000
0.089900	-43.479198
0.090000	-14.536000
0.090100	24.055099
0.090200	-53.126999
0.090300	43.350601
0.090400	120.532997
0.090500	62.646099
0.090600	81.941704
0.090700	101.237000
0.090800	139.828003
0.090900	101.237000
0.091000	43.350601
0.091100	120.532997
0.091200	24.055099
0.091300	-14.536000
0.091400	4.759560
0.091500	-4.888200
0.091600	43.350601
0.091700	24.055099
0.091800	62.646099
0.091900	101.237000
0.092000	139.828003
0.092100	101.237000
0.092200	62.646099
0.092300	24.055099
0.092400	-14.536000
0.092500	-14.536000
0.092600	-14.536000
0.092700	62.646099
0.092800	120.532997
0.092900	120.532997
0.093000	62.646099
0.093100	178.419006
0.093200	52.998402
0.093300	43.350601
0.093400	101.237000
0.093500	159.123993
0.093600	159.123993
0.093700	139.828003
0.093800	120.532997
0.093900	139.828003
0.094000	120.532997
0.094100	62.646099
0.094200	-33.831501
0.094300	24.055099
0.094400	-24.183701
0.094500	-33.831501
0.094600	-33.831501
0.094700	-14.536000
0.094800	-33.831501
0.094900	-33.831501
0.095000	24.055099
0.095100	139.828003
0.095200	62.646099
0.095300	43.350601
0.095400	-33.831501
0.095500	-33.831501
0.095600	81.941704
0.095700	139.828003
0.095800	139.828003
0.095900	62.646099
0.096000	101.237000
0.096100	62.646099
0.096200	24.055099
0.096300	-111.014000
0.096400	-14.536000
0.096500	62.646099
0.096600	81.941704
0.096700	62.646099
0.096800	62.646099
0.096900	24.055099
0.097000	24.055099
0.097100	14.407300
0.097200	101.237000
0.097300	226.658005
0.097400	197.714996
0.097500	24.055099
0.097600	-14.536000
0.097700	62.646099
0.097800	24.055099
0.097900	4.759560
0.098000	62.646099
0.098100	62.646099
0.098200	43.350601
0.098300	81.941704
0.098400	62.646099
0.098500	4.759560
0.098600	-14.536000
0.098700	101.237000
0.098800	130.179993
0.098900	81.941704
0.099000	-14.536000
0.099100	62.646099
0.099200	24.055099
0.099300	24.055099
0.099400	24.055099
0.099500	33.702801
0.099600	14.407300
0.099700	-14.536000
0.099800	-14.536000
0.099900	-53.126999
0.100000	-53.126999
0.100100	24.055099
0.100200	43.350601
0.100300	4.759560
0.100400	24.055099
0.100500	139.828003
0.100600	217.009995
0.100700	81.941704
0.100800	-14.536000
0.100900	-14.536000
0.101000	-130.309006
0.101100	-159.251999
0.101200	62.646099
0.101300	62.646099
0.101400	24.055099
0.101500	24.055099
0.101600	81.941704
0.101700	62.646099
0.101800	62.646099
0.101900	33.702801
0.102000	43.350601
0.102100	62.646099
0.102200	24.055099
0.102300	24.055099
0.102400	62.646099
0.102500	101.237000
0.102600	62.646099
0.102700	-53.126999
0.102800	-53.126999
0.102900	-33.831501
0.103000	52.998402
0.103100	-14.536000
0.103200	33.702801
0.103300	101.237000
0.103400	120.532997
0.103500	62.646099
0.103600	62.646099
0.103700	43.350601
0.103800	120.532997
0.103900	81.941704
0.104000	24.055099
0.104100	62.646099
0.104200	24.055099
0.104300	-91.718102
0.104400	-14.536000
0.104500	62.646099
0.104600	43.350601
0.104700	24.055099
0.104800	139.828003
0.104900	43.350601
0.105000	-53.126999
0.105100	-33.831501
0.105200	43.350601
0.105300	62.646099
0.105400	101.237000
0.105500	-53.126999
0.105600	-14.536000
0.105700	43.350601
0.105800	24.055099
0.105900	-33.831501
0.106000	-53.126999
0.106100	-111.014000
0.106200	24.055099
0.106300	62.646099
0.106400	4.759560
0.106500	24.055099
0.106600	-14.536000
0.106700	-14.536000
0.106800	24.055099
0.106900	101.237000
0.107000	120.532997
0.107100	101.237000
0.107200	43.350601
0.107300	-4.888200
0.107400	-33.831501
0.107500	24.055099
0.107600	-14.536000
0.107700	-33.831501
0.107800	-14.536000
0.107900	-53.126999
0.108000	-14.536000
0.108100	-14.536000
0.108200	-14.536000
0.108300	110.885002
0.108400	14.407300
0.108500	-33.831501
0.108600	-14.536000
0.108700	-53.126999
0.108800	-24.183701
0.108900	101.237000
0.109000	4.759560
0.109100	62.646099
0.109200	-43.479198
0.109300	-14.536000
0.109400	24.055099
0.109500	62.646099
0.109600	24.055099
0.109700	-14.536000
0.109800	-14.536000
0.109900	-14.536000
0.110000	-14.536000
0.110100	-14.536000
0.110200	4.759560
0.110300	62.646099
0.110400	62.646099
0.110500	-14.536000
0.110600	-14.536000
0.110700	62.646099
0.110800	-14.536000
0.110900	-33.831501
0.111000	-33.831501
0.111100	-14.536000
0.111200	-91.718102
0.111300	-72.422501
0.111400	4.759560
0.111500	4.759560
0.111600	-33.831501
0.111700	-91.718102
0.111800	-72.422501
0.111900	4.759560
0.112000	139.828003
0.112100	62.646099
0.112200	-14.536000
0.112300	43.350601
0.112400	52.998402
0.112500	-14.536000
0.112600	62.646099
0.112700	62.646099
0.112800	52.998402
0.112900	43.350601
0.113000	62.646099
0.113100	-14.536000
0.113200	120.532997
0.113300	24.055099
0.113400	-33.831501
0.113500	-14.536000
0.113600	24.055099
0.113700	-33.831501
0.113800	-53.126999
0.113900	-14.536000
0.114000	24.055099
0.114100	101.237000
0.114200	110.885002
0.114300	43.350601
0.114400	-14.536000
0.114500	14.407300
0.114600	24.055099
0.114700	-14.536000
0.114800	101.237000
0.114900	81.941704
0.115000	52.998402
0.115100	24.055099
0.115200	-14.536000
0.115300	-33.831501
0.115400	4.759560
0.115500	4.759560
0.115600	14.407300
0.115700	-53.126999
0.115800	-33.831501
0.115900	-14.536000
0.116000	52.998402
0.116100	14.407300
0.116200	43.350601
0.116300	62.646099
0.116400	-14.536000
0.116500	-53.126999
0.116600	-14.536000
0.116700	-14.536000
0.116800	-53.126999
0.116900	-53.126999
0.117000	-62.774799
0.117100	101.237000
0.117200	24.055099
0.117300	62.646099
0.117400	101.237000
0.117500	139.828003
0.117600	139.828003
0.117700	81.941704
0.117800	24.055099
0.117900	-43.479198
0.118000	-14.536000
0.118100	-14.536000
0.118200	-14.536000
0.118300	-53.126999
0.118400	43.350601
0.118500	43.350601
0.118600	4.759560
0.118700	24.055099
0.118800	-14.536000
0.118900	62.646099
0.119000	62.646099
0.119100	62.646099
0.119200	43.350601
0.119300	91.589401
0.119400	139.828003
0.119500	139.828003
0.119600	43.350601
0.119700	-14.536000
0.119800	-14.536000
0.119900	43.350601
0.120000	24.055099
0.120100	24.055099
0.120200	24.055099
0.120300	101.237000
0.120400	24.055099
0.120500	-53.126999
0.120600	-14.536000
0.120700	43.350601
0.120800	33.702801
0.120900	-14.536000
0.121000	-53.126999
0.121100	24.055099
0.121200	139.828003
0.121300	130.179993
0.121400	43.350601
0.121500	62.646099
0.121600	62.646099
0.121700	-14.536000
0.121800	24.055099
0.121900	-14.536000
0.122000	-33.831501
0.122100	43.350601
0.122200	62.646099
0.122300	62.646099
0.122400	24.055099
0.122500	-14.536000
0.122600	24.055099
0.122700	62.646099
0.122800	24.055099
0.122900	62.646099
0.123000	120.532997
0.123100	139.828003
0.123200	62.646099
0.123300	24.055099
0.123400	-14.536000
0.123500	-33.831501
0.123600	43.350601
0.123700	91.589401
0.123800	81.941704
0.123900	24.055099
0.124000	139.828003
0.124100	62.646099
0.124200	-14.536000
0.124300	-53.126999
0.124400	62.646099
0.124500	-14.536000
0.124600	4.759560
0.124700	91.589401
0.124800	139.828003
0.124900	62.646099
0.125000	101.237000
0.125100	62.646099
0.125200	101.237000
0.125300	101.237000
0.125400	62.646099
0.125500	52.998402
0.125600	62.646099
0.125700	62.646099
0.125800	120.532997
0.125900	120.532997
0.126000	-14.536000
0.126100	-14.536000
0.126200	62.646099
0.126300	-14.536000
0.126400	-91.718102
0.126500	-14.536000
0.126600	62.646099
0.126700	-53.126999
0.126800	-53.126999
0.126900	-14.536000
0.127000	-53.126999
0.127100	-14.536000
0.127200	4.759560
0.127300	-14.536000
0.127400	-33.831501
0.127500	-14.536000
0.127600	-33.831501
0.127700	4.759560
0.127800	24.055099
0.127900	-53.126999
0.128000	-53.126999
0.128100	-91.718102
0.128200	-53.126999
0.128300	-14.536000
0.128400	52.998402
0.128500	24.055099
0.128600	-33.831501
0.128700	-53.126999
0.128800	-14.536000
0.128900	-4.888200
0.129000	-91.718102
0.129100	-14.536000
0.129200	-72.422501
0.129300	62.646099
0.129400	62.646099
0.129500	62.646099
0.129600	62.646099
0.129700	24.055099
0.129800	-91.718102
0.129900	-130.309006
0.130000	-14.536000
0.130100	24.055099
0.130200	62.646099
0.130300	24.055099
0.130400	4.759560
0.130500	4.759560
0.130600	62.646099
0.130700	24.055099
0.130800	-43.479198
0.130900	-33.831501
0.131000	24.055099
0.131100	-33.831501
0.131200	-53.126999
0.131300	14.407300
0.131400	-33.831501
0.131500	-91.718102
0.131600	-43.479198
0.131700	-62.774799
0.131800	-53.126999
0.131900	-111.014000
0.132000	-53.126999
0.132100	-14.536000
0.132200	-14.536000
0.132300	43.350601
0.132400	62.646099
0.132500	43.350601
0.132600	24.055099
0.132700	-14.536000
0.132800	-111.014000
0.132900	-91.718102
0.133000	-130.309006
0.133100	130.179993
0.133200	24.055099
0.133300	33.702801
0.133400	24.055099
0.133500	-14.536000
0.133600	24.055099
0.133700	-14.536000
0.133800	43.350601
0.133900	91.589401
0.134000	62.646099
0.134100	-53.126999
0.134200	-14.536000
0.134300	43.350601
0.134400	-14.536000
0.134500	-53.126999
0.134600	-91.718102
0.134700	-91.718102
0.134800	-111.014000
0.134900	-14.536000
0.135000	-14.536000
0.135100	-72.422501
0.135200	-111.014000
0.135300	-14.536000
0.135400	-14.536000
0.135500	52.998402
0.135600	62.646099
0.135700	-72.422501
0.135800	-91.718102
0.135900	43.350601
0.136000	62.646099
0.136100	24.055099
0.136200	-14.536000
0.136300	-53.126999
0.136400	-33.831501
0.136500	-33.831501
0.136600	43.350601
0.136700	62.646099
0.136800	-14.536000
0.136900	-14.536000
0.137000	33.702801
0.137100	-53.126999
0.137200	-14.536000
0.137300	52.998402
0.137400	-53.126999
0.137500	-72.422501
0.137600	-53.126999
0.137700	-14.536000
0.137800	24.055099
0.137900	-33.831501
0.138000	4.759560
0.138100	-14.536000
0.138200	-53.126999
0.138300	-53.126999
0.138400	4.759560
0.138500	-53.126999
0.138600	24.055099
0.138700	62.646099
0.138800	-14.536000
0.138900	-53.126999
0.139000	-33.831501
0.139100	43.350601
0.139200	4.759560
0.139300	-53.126999
0.139400	-53.126999
0.139500	24.055099
0.139600	62.646099
0.139700	62.646099
0.139800	62.646099
0.139900	43.350601
0.140000	4.759560
0.140100	62.646099
0.140200	62.646099
0.140300	-14.536000
0.140400	-33.831501
0.140500	-14.536000
0.140600	52.998402
0.140700	-33.831501
0.140800	-14.536000
0.140900	62.646099
0.141000	24.055099
0.141100	24.055099
0.141200	-33.831501
0.141300	43.350601
0.141400	101.237000
0.141500	24.055099
0.141600	4.759560
0.141700	62.646099
0.141800	81.941704
0.141900	43.350601
0.142000	101.237000
0.142100	101.237000
0.142200	120.532997
0.142300	43.350601
0.142400	-62.774799
0.142500	-14.536000
0.142600	-14.536000
0.142700	81.941704
0.142800	120.532997
0.142900	81.941704
0.143000	101.237000
0.143100	62.646099
0.143200	101.237000
0.143300	139.828003
0.143400	120.532997
0.143500	43.350601
0.143600	24.055099
0.143700	43.350601
0.143800	178.419006
0.143900	139.828003
0.144000	120.532997
0.144100	139.828003
0.144200	197.714996
0.144300	62.646099
0.144400	62.646099
0.144500	159.123993
0.144600	62.646099
0.144700	24.055099
0.144800	43.350601
0.144900	43.350601
0.145000	33.702801
0.145100	62.646099
0.145200	62.646099
0.145300	14.407300
0.145400	24.055099
0.145500	-14.536000
0.145600	-14.536000
0.145700	62.646099
0.145800	62.646099
0.145900	52.998402
0.146000	120.532997
0.146100	91.589401
0.146200	120.532997
0.146300	139.828003
0.146400	-14.536000
0.146500	4.759560
0.146600	91.589401
0.146700	178.419006
0.146800	139.828003
0.146900	43.350601
0.147000	-53.126999
0.147100	101.237000
0.147200	101.237000
0.147300	62.646099
0.147400	62.646099
0.147500	101.237000
0.147600	62.646099
0.147700	-14.536000
0.147800	81.941704
0.147900	91.589401
0.148000	81.941704
0.148100	62.646099
0.148200	139.828003
0.148300	159.123993
0.148400	62.646099
0.148500	101.237000
0.148600	130.179993
0.148700	81.941704
0.148800	24.055099
0.148900	91.589401
0.149000	91.589401
0.149100	101.237000
0.149200	24.055099
0.149300	62.646099
0.149400	24.055099
0.149500	24.055099
0.149600	178.419006
0.149700	139.828003
0.149800	62.646099
0.149900	4.759560
0.150000	-111.014000
0.150100	-14.536000
0.150200	-14.536000
0.150300	-24.183701
0.150400	14.407300
0.150500	4.759560
0.150600	24.055099
0.150700	-14.536000
0.150800	-33.831501
0.150900	62.646099
0.151000	101.237000
0.151100	120.532997
0.151200	52.998402
0.151300	43.350601
0.151400	24.055099
0.151500	24.055099
0.151600	4.759560
0.151700	-14.536000
0.151800	-14.536000
0.151900	-14.536000
0.152000	4.759560
0.152100	101.237000
0.152200	62.646099
0.152300	-91.718102
0.152400	-14.536000
0.152500	4.759560
0.152600	-14.536000
0.152700	-14.536000
0.152800	-14.536000
0.152900	24.055099
0.153000	4.759560
0.153100	24.055099
0.153200	24.055099
0.153300	101.237000
0.153400	120.532997
0.153500	43.350601
0.153600	62.646099
0.153700	24.055099
0.153800	-91.718102
0.153900	-14.536000
0.154000	24.055099
0.154100	24.055099
0.154200	4.759560
0.154300	4.759560
0.154400	24.055099
0.154500	-43.479198
0.154600	-72.422501
0.154700	-14.536000
0.154800	43.350601
0.154900	24.055099
0.155000	62.646099
0.155100	24.055099
0.155200	-14.536000
0.155300	62.646099
0.155400	-53.126999
0.155500	-91.718102
0.155600	-91.718102
0.155700	24.055099
0.155800	81.941704
0.155900	-14.536000
0.156000	24.055099
0.156100	120.532997
0.156200	101.237000
0.156300	24.055099
0.156400	24.055099
0.156500	14.407300
0.156600	-33.831501
0.156700	-33.831501
0.156800	-14.536000
0.156900	-53.126999
0.157000	-53.126999
0.157100	-14.536000
0.157200	-24.183701
0.157300	62.646099
0.157400	62.646099
0.157500	62.646099
0.157600	-33.831501
0.157700	24.055099
0.157800	14.407300
0.157900	24.055099
0.158000	4.759560
0.158100	-53.126999
0.158200	-111.014000
0.158300	-33.831501
0.158400	62.646099
0.158500	-62.774799
0.158600	-14.536000
0.158700	-53.126999
0.158800	-33.831501
0.158900	-53.126999
0.159000	4.759560
0.159100	81.941704
0.159200	-53.126999
0.159300	-33.831501
0.159400	-91.718102
0.159500	24.055099
0.159600	101.237000
0.159700	120.532997
0.159800	101.237000
0.159900	43.350601
0.160000	43.350601
0.160100	24.055099
0.160200	-14.536000
0.160300	4.759560
0.160400	-14.536000
0.160500	-14.536000
0.160600	62.646099
0.160700	101.237000
0.160800	81.941704
0.160900	62.646099
0.161000	52.998402
0.161100	62.646099
0.161200	101.237000
0.161300	139.828003
0.161400	33.702801
0.161500	-14.536000
0.161600	-53.126999
0.161700	24.055099
0.161800	101.237000
0.161900	101.237000
0.162000	62.646099
0.162100	14.407300
0.162200	24.055099
0.162300	24.055099
0.162400	62.646099
0.162500	120.532997
0.162600	62.646099
0.162700	-4.888200
0.162800	-4.888200
0.162900	-33.831501
0.163000	-33.831501
0.163100	101.237000
0.163200	62.646099
0.163300	120.532997
0.163400	139.828003
0.163500	91.589401
0.163600	-14.536000
0.163700	-14.536000
0.163800	52.998402
0.163900	-14.536000
0.164000	-33.831501
0.164100	-91.718102
0.164200	-14.536000
0.164300	62.646099
0.164400	-14.536000
0.164500	4.759560
0.164600	72.293900
0.164700	62.646099
0.164800	91.589401
0.164900	101.237000
0.165000	120.532997
0.165100	-33.831501
0.165200	-33.831501
0.165300	139.828003
0.165400	130.179993
0.165500	62.646099
0.165600	62.646099
0.165700	24.055099
0.165800	91.589401
0.165900	81.941704
0.166000	62.646099
0.166100	24.055099
0.166200	62.646099
0.166300	43.350601
0.166400	-14.536000
0.166500	62.646099
0.166600	62.646099
0.166700	4.759560
0.166800	24.055099
0.166900	62.646099
0.167000	62.646099
0.167100	255.600998
0.167200	139.828003
0.167300	91.589401
0.167400	43.350601
0.167500	24.055099
0.167600	24.055099
0.167700	139.828003
0.167800	139.828003
0.167900	-14.536000
0.168000	-91.718102
0.168100	-14.536000
0.168200	120.532997
0.168300	130.179993
0.168400	43.350601
0.168500	101.237000
0.168600	139.828003
0.168700	139.828003
0.168800	168.772003
0.168900	91.589401
0.169000	-33.831501
0.169100	91.589401
0.169200	81.941704
0.169300	62.646099
0.169400	139.828003
0.169500	139.828003
0.169600	-14.536000
0.169700	-91.718102
0.169800	-91.718102
0.169900	-62.774799
0.170000	-14.536000
0.170100	101.237000
0.170200	43.350601
0.170300	24.055099
0.170400	-14.536000
0.170500	14.407300
0.170600	4.759560
0.170700	33.702801
0.170800	24.055099
0.170900	-14.536000
0.171000	24.055099
0.171100	139.828003
0.171200	62.646099
0.171300	120.532997
0.171400	110.885002
0.171500	120.532997
0.171600	43.350601
0.171700	43.350601
0.171800	62.646099
0.171900	43.350601
0.172000	81.941704
0.172100	120.532997
0.172200	101.237000
0.172300	43.350601
0.172400	14.407300
0.172500	43.350601
0.172600	81.941704
0.172700	101.237000
0.172800	-14.536000
0.172900	-14.536000
0.173000	33.702801
0.173100	62.646099
0.173200	24.055099
0.173300	-14.536000
0.173400	-24.183701
0.173500	62.646099
0.173600	-14.536000
0.173700	24.055099
0.173800	62.646099
0.173900	43.350601
0.174000	62.646099
0.174100	-14.536000
0.174200	-14.536000
0.174300	43.350601
0.174400	24.055099
0.174500	-91.718102
0.174600	-33.831501
0.174700	62.646099
0.174800	139.828003
0.174900	62.646099
0.175000	-14.536000
0.175100	-91.718102
0.175200	52.998402
0.175300	4.759560
0.175400	62.646099
0.175500	-14.536000
0.175600	-14.536000
0.175700	43.350601
0.175800	-33.831501
0.175900	-14.536000
0.176000	-62.774799
0.176100	-130.309006
0.176200	-111.014000
0.176300	-91.718102
0.176400	4.759560
0.176500	62.646099
0.176600	-14.536000
0.176700	62.646099
0.176800	62.646099
0.176900	24.055099
0.177000	-14.536000
0.177100	62.646099
0.177200	-14.536000
0.177300	43.350601
0.177400	62.646099
0.177500	-24.183701
0.177600	-53.126999
0.177700	-14.536000
0.177800	24.055099
0.177900	-14.536000
0.178000	14.407300
0.178100	43.350601
0.178200	81.941704
0.178300	-62.774799
0.178400	-111.014000
0.178500	24.055099
0.178600	14.407300
0.178700	-14.536000
0.178800	4.759560
0.178900	4.759560
0.179000	24.055099
0.179100	24.055099
0.179200	-33.831501
0.179300	-33.831501
0.179400	-53.126999
0.179500	-14.536000
0.179600	-14.536000
0.179700	-14.536000
0.179800	-33.831501
0.179900	-53.126999
0.180000	43.350601
0.180100	81.941704
0.180200	24.055099
0.180300	62.646099
0.180400	62.646099
0.180500	24.055099
0.180600	62.646099
0.180700	43.350601
0.180800	24.055099
0.180900	52.998402
0.181000	33.702801
0.181100	120.532997
0.181200	24.055099
0.181300	24.055099
0.181400	24.055099
0.181500	-53.126999
0.181600	-33.831501
0.181700	101.237000
0.181800	81.941704
0.181900	-24.183701
0.182000	-24.183701
0.182100	62.646099
0.182200	62.646099
0.182300	4.759560
0.182400	-111.014000
0.182500	-101.365997
0.182600	-14.536000
0.182700	101.237000
0.182800	4.759560
0.182900	-72.422501
0.183000	-168.899994
0.183100	-14.536000
0.183200	4.759560
0.183300	-14.536000
0.183400	24.055099
0.183500	24.055099
0.183600	120.532997
0.183700	101.237000
0.183800	81.941704
0.183900	24.055099
0.184000	-14.536000
0.184100	-14.536000
0.184200	-14.536000
0.184300	24.055099
0.184400	-14.536000
0.184500	-14.536000
0.184600	-53.126999
0.184700	-14.536000
0.184800	-43.479198
0.184900	24.055099
0.185000	4.759560
0.185100	-14.536000
0.185200	24.055099
0.185300	43.350601
0.185400	24.055099
0.185500	43.350601
0.185600	-14.536000
0.185700	24.055099
0.185800	24.055099
0.185900	-14.536000
0.186000	24.055099
0.186100	81.941704
0.186200	62.646099
0.186300	-14.536000
0.186400	62.646099
0.186500	-14.536000
0.186600	-53.126999
0.186700	-53.126999
0.186800	-24.183701
0.186900	24.055099
0.187000	43.350601
0.187100	62.646099
0.187200	62.646099
0.187300	101.237000
0.187400	62.646099
0.187500	43.350601
0.187600	120.532997
0.187700	120.532997
0.187800	43.350601
0.187900	62.646099
0.188000	43.350601
0.188100	62.646099
0.188200	101.237000
0.188300	43.350601
0.188400	24.055099
0.188500	24.055099
0.188600	139.828003
0.188700	139.828003
0.188800	139.828003
0.188900	110.885002
0.189000	62.646099
0.189100	24.055099
0.189200	43.350601
0.189300	101.237000
0.189400	139.828003
0.189500	120.532997
0.189600	101.237000
0.189700	62.646099
0.189800	24.055099
0.189900	62.646099
0.190000	43.350601
0.190100	62.646099
0.190200	62.646099
0.190300	81.941704
0.190400	101.237000
0.190500	24.055099
0.190600	62.646099
0.190700	139.828003
0.190800	120.532997
0.190900	-14.536000
0.191000	130.179993
0.191100	-14.536000
0.191200	-24.183701
0.191300	101.237000
0.191400	120.532997
0.191500	62.646099
0.191600	62.646099
0.191700	4.759560
0.191800	43.350601
0.191900	62.646099
0.192000	139.828003
0.192100	139.828003
0.192200	43.350601
0.192300	101.237000
0.192400	178.419006
0.192500	81.941704
0.192600	-14.536000
0.192700	-14.536000
0.192800	24.055099
0.192900	24.055099
0.193000	101.237000
0.193100	91.589401
0.193200	-91.718102
0.193300	24.055099
0.193400	52.998402
0.193500	24.055099
0.193600	4.759560
0.193700	81.941704
0.193800	110.885002
0.193900	14.407300
0.194000	-14.536000
0.194100	24.055099
0.194200	33.702801
0.194300	43.350601
0.194400	110.885002
0.194500	-91.718102
0.194600	-130.309006
0.194700	-91.718102
0.194800	-14.536000
0.194900	4.759560
0.195000	-14.536000
0.195100	101.237000
0.195200	24.055099
0.195300	-14.536000
0.195400	-14.536000
0.195500	24.055099
0.195600	43.350601
0.195700	24.055099
0.195800	62.646099
0.195900	101.237000
0.196000	43.350601
0.196100	62.646099
0.196200	101.237000
0.196300	101.237000
0.196400	14.407300
0.196500	24.055099
0.196600	62.646099
0.196700	139.828003
0.196800	120.532997
0.196900	-14.536000
0.197000	4.759560
0.197100	101.237000
0.197200	-14.536000
0.197300	62.646099
0.197400	101.237000
0.197500	-14.536000
0.197600	-91.718102
0.197700	-33.831501
0.197800	-33.831501
0.197900	-53.126999
0.198000	43.350601
0.198100	62.646099
0.198200	-14.536000
0.198300	-33.831501
0.198400	62.646099
0.198500	62.646099
0.198600	-53.126999
0.198700	24.055099
0.198800	101.237000
0.198900	81.941704
0.199000	-24.183701
0.199100	43.350601
0.199200	110.885002
0.199300	14.407300
0.199400	24.055099
0.199500	101.237000
0.199600	62.646099
0.199700	43.350601
0.199800	91.589401
0.199900	101.237000
0.200000	4.759560
0.200100	-53.126999
0.200200	-72.422501
0.200300	33.702801
0.200400	-4.888200
0.200500	-53.126999
0.200600	-53.126999
0.200700	24.055099
0.200800	52.998402
0.200900	24.055099
0.201000	-53.126999
0.201100	-14.536000
0.201200	43.350601
0.201300	24.055099
0.201400	-111.014000
0.201500	-91.718102
0.201600	-91.718102
0.201700	-14.536000
0.201800	62.646099
0.201900	101.237000
0.202000	130.179993
0.202100	62.646099
0.202200	-14.536000
0.202300	-14.536000
0.202400	120.532997
0.202500	62.646099
0.202600	43.350601
0.202700	-33.831501
0.202800	43.350601
0.202900	24.055099
0.203000	62.646099
0.203100	62.646099
0.203200	43.350601
0.203300	43.350601
0.203400	24.055099
0.203500	-14.536000
0.203600	14.407300
0.203700	-14.536000
0.203800	-53.126999
0.203900	62.646099
0.204000	43.350601
0.204100	24.055099
0.204200	-53.126999
0.204300	-14.536000
0.204400	-14.536000
0.204500	62.646099
0.204600	62.646099
0.204700	4.759560
0.204800	24.055099
0.204900	24.055099
0.205000	4.759560
0.205100	-24.183701
0.205200	62.646099
0.205300	101.237000
0.205400	43.350601
0.205500	-24.183701
0.205600	62.646099
0.205700	130.179993
0.205800	62.646099
0.205900	24.055099
0.206000	91.589401
0.206100	120.532997
0.206200	24.055099
0.206300	-53.126999
0.206400	-14.536000
0.206500	24.055099
0.206600	-14.536000
0.206700	43.350601
0.206800	4.759560
0.206900	62.646099
0.207000	-14.536000
0.207100	-14.536000
0.207200	139.828003
0.207300	24.055099
0.207400	-62.774799
0.207500	-53.126999
0.207600	43.350601
0.207700	101.237000
0.207800	-14.536000
0.207900	24.055099
0.208000	139.828003
0.208100	91.589401
0.208200	-24.183701
0.208300	-14.536000
0.208400	-14.536000
0.208500	-101.365997
0.208600	24.055099
0.208700	139.828003
0.208800	52.998402
0.208900	-53.126999
0.209000	-72.422501
0.209100	-33.831501
0.209200	-91.718102
0.209300	24.055099
0.209400	-14.536000
0.209500	-53.126999
0.209600	62.646099
0.209700	101.237000
0.209800	43.350601
0.209900	43.350601
0.210000	24.055099
0.210100	-24.183701
0.210200	-14.536000
0.210300	-14.536000
0.210400	4.759560
0.210500	62.646099
0.210600	24.055099
0.210700	120.532997
0.210800	14.407300
0.210900	4.759560
0.211000	14.407300
0.211100	62.646099
0.211200	-14.536000
0.211300	-33.831501
0.211400	43.350601
0.211500	81.941704
0.211600	-14.536000
0.211700	-14.536000
0.211800	24.055099
0.211900	24.055099
0.212000	-14.536000
0.212100	52.998402
0.212200	62.646099
0.212300	101.237000
0.212400	62.646099
0.212500	-14.536000
0.212600	62.646099
0.212700	4.759560
0.212800	-111.014000
0.212900	43.350601
0.213000	101.237000
0.213100	4.759560
0.213200	4.759560
0.213300	33.702801
0.213400	81.941704
0.213500	43.350601
0.213600	43.350601
0.213700	24.055099
0.213800	24.055099
0.213900	-14.536000
0.214000	-14.536000
0.214100	-14.536000
0.214200	-14.536000
0.214300	-14.536000
0.214400	24.055099
0.214500	43.350601
0.214600	139.828003
0.214700	207.363007
0.214800	120.532997
0.214900	62.646099
0.215000	120.532997
0.215100	81.941704
0.215200	120.532997
0.215300	-14.536000
0.215400	-14.536000
0.215500	-91.718102
0.215600	-53.126999
0.215700	4.759560
0.215800	101.237000
0.215900	81.941704
0.216000	62.646099
0.216100	43.350601
0.216200	-53.126999
0.216300	-62.774799
0.216400	-14.536000
0.216500	24.055099
0.216600	62.646099
0.216700	91.589401
0.216800	24.055099
0.216900	24.055099
0.217000	-91.718102
0.217100	4.759560
0.217200	110.885002
0.217300	62.646099
0.217400	-14.536000
0.217500	24.055099
0.217600	43.350601
0.217700	101.237000
0.217800	43.350601
0.217900	-14.536000
0.218000	4.759560
0.218100	101.237000
0.218200	91.589401
0.218300	24.055099
0.218400	-14.536000
0.218500	-14.536000
0.218600	4.759560
0.218700	-14.536000
0.218800	-14.536000
0.218900	81.941704
0.219000	-14.536000
0.219100	62.646099
0.219200	62.646099
0.219300	81.941704
0.219400	24.055099
0.219500	101.237000
0.219600	43.350601
0.219700	-53.126999
0.219800	-14.536000
0.219900	24.055099
0.220000	62.646099
0.220100	-33.831501
0.220200	-14.536000
0.220300	139.828003
0.220400	120.532997
0.220500	120.532997
0.220600	24.055099
0.220700	62.646099
0.220800	62.646099
0.220900	43.350601
0.221000	-53.126999
0.221100	178.419006
0.221200	62.646099
0.221300	-14.536000
0.221400	62.646099
0.221500	101.237000
0.221600	120.532997
0.221700	43.350601
0.221800	-14.536000
0.221900	-14.536000
0.222000	-14.536000
0.222100	-33.831501
0.222200	4.759560
0.222300	-53.126999
0.222400	-130.309006
0.222500	-33.831501
0.222600	62.646099
0.222700	-14.536000
0.222800	-91.718102
0.222900	24.055099
0.223000	33.702801
0.223100	-14.536000
0.223200	4.759560
0.223300	4.759560
0.223400	4.759560
0.223500	-14.536000
0.223600	62.646099
0.223700	62.646099
0.223800	43.350601
0.223900	62.646099
0.224000	62.646099
0.224100	62.646099
0.224200	43.350601
0.224300	43.350601
0.224400	81.941704
0.224500	62.646099
0.224600	81.941704
0.224700	139.828003
0.224800	24.055099
0.224900	24.055099
0.225000	-14.536000
0.225100	52.998402
0.225200	62.646099
0.225300	62.646099
0.225400	43.350601
0.225500	-53.126999
0.225600	-33.831501
0.225700	43.350601
0.225800	139.828003
0.225900	110.885002
0.226000	-14.536000
0.226100	33.702801
0.226200	62.646099
0.226300	-14.536000
0.226400	43.350601
0.226500	14.407300
0.226600	-14.536000
0.226700	43.350601
0.226800	101.237000
0.226900	52.998402
0.227000	-33.831501
0.227100	14.407300
0.227200	-91.718102
0.227300	24.055099
0.227400	139.828003
0.227500	101.237000
0.227600	-111.014000
0.227700	-91.718102
0.227800	24.055099
0.227900	24.055099
0.228000	62.646099
0.228100	-14.536000
0.228200	-14.536000
0.228300	-53.126999
0.228400	-53.126999
0.228500	-33.831501
0.228600	4.759560
0.228700	62.646099
0.228800	33.702801
0.228900	-43.479198
0.229000	24.055099
0.229100	101.237000
0.229200	43.350601
0.229300	-14.536000
0.229400	-43.479198
0.229500	-14.536000
0.229600	4.759560
0.229700	-14.536000
0.229800	62.646099
0.229900	24.055099
0.230000	-14.536000
0.230100	81.941704
0.230200	62.646099
0.230300	24.055099
0.230400	24.055099
0.230500	-14.536000
0.230600	-33.831501
0.230700	24.055099
0.230800	52.998402
0.230900	33.702801
0.231000	-33.831501
0.231100	24.055099
0.231200	-91.718102
0.231300	-24.183701
0.231400	24.055099
0.231500	24.055099
0.231600	101.237000
0.231700	43.350601
0.231800	43.350601
0.231900	-14.536000
0.232000	62.646099
0.232100	24.055099
0.232200	4.759560
0.232300	-14.536000
0.232400	43.350601
0.232500	24.055099
0.232600	62.646099
0.232700	43.350601
0.232800	-14.536000
0.232900	-14.536000
0.233000	101.237000
0.233100	-33.831501
0.233200	-14.536000
0.233300	101.237000
0.233400	62.646099
0.233500	-33.831501
0.233600	-53.126999
0.233700	43.350601
0.233800	43.350601
0.233900	62.646099
0.234000	62.646099
0.234100	33.702801
0.234200	-53.126999
0.234300	-53.126999
0.234400	4.759560
0.234500	24.055099
0.234600	43.350601
0.234700	43.350601
0.234800	-14.536000
0.234900	-72.422501
0.235000	-91.718102
0.235100	-24.183701
0.235200	62.646099
0.235300	120.532997
0.235400	62.646099
0.235500	4.759560
0.235600	14.407300
0.235700	62.646099
0.235800	43.350601
0.235900	24.055099
0.236000	24.055099
0.236100	-14.536000
0.236200	24.055099
0.236300	62.646099
0.236400	24.055099
0.236500	52.998402
0.236600	91.589401
0.236700	24.055099
0.236800	24.055099
0.236900	43.350601
0.237000	-14.536000
0.237100	43.350601
0.237200	14.407300
0.237300	4.759560
0.237400	-14.536000
0.237500	24.055099
0.237600	24.055099
0.237700	62.646099
0.237800	101.237000
0.237900	101.237000
0.238000	81.941704
0.238100	101.237000
0.238200	101.237000
0.238300	62.646099
0.238400	-14.536000
0.238500	62.646099
0.238600	24.055099
0.238700	120.532997
0.238800	62.646099
0.238900	52.998402
0.239000	-91.718102
0.239100	-53.126999
0.239200	4.759560
0.239300	120.532997
0.239400	62.646099
0.239500	24.055099
0.239600	62.646099
0.239700	43.350601
0.239800	-14.536000
0.239900	62.646099
0.240000	52.998402
0.240100	-62.774799
0.240200	-33.831501
0.240300	43.350601
0.240400	4.759560
0.240500	43.350601
0.240600	139.828003
0.240700	101.237000
0.240800	62.646099
0.240900	62.646099
0.241000	24.055099
0.241100	101.237000
0.241200	101.237000
0.241300	62.646099
0.241400	101.237000
0.241500	139.828003
0.241600	139.828003
0.241700	62.646099
0.241800	4.759560
0.241900	-14.536000
0.242000	-33.831501
0.242100	24.055099
0.242200	43.350601
0.242300	-33.831501
0.242400	-14.536000
0.242500	-33.831501
0.242600	-14.536000
0.242700	-14.536000
0.242800	24.055099
0.242900	-14.536000
0.243000	43.350601
0.243100	24.055099
0.243200	62.646099
0.243300	62.646099
0.243400	43.350601
0.243500	62.646099
0.243600	120.532997
0.243700	62.646099
0.243800	43.350601
0.243900	62.646099
0.244000	101.237000
0.244100	139.828003
0.244200	139.828003
0.244300	178.419006
0.244400	149.475998
0.244500	62.646099
0.244600	81.941704
0.244700	24.055099
0.244800	62.646099
0.244900	91.589401
0.245000	-53.126999
0.245100	43.350601
0.245200	62.646099
0.245300	-14.536000
0.245400	62.646099
0.245500	81.941704
0.245600	52.998402
0.245700	101.237000
0.245800	139.828003
0.245900	-14.536000
0.246000	24.055099
0.246100	101.237000
0.246200	120.532997
0.246300	43.350601
0.246400	4.759560
0.246500	4.759560
0.246600	24.055099
0.246700	-14.536000
0.246800	4.759560
0.246900	101.237000
0.247000	-14.536000
0.247100	24.055099
0.247200	62.646099
0.247300	81.941704
0.247400	24.055099
0.247500	24.055099
0.247600	62.646099
0.247700	52.998402
0.247800	-33.831501
0.247900	-91.718102
0.248000	62.646099
0.248100	120.532997
0.248200	24.055099
0.248300	-14.536000
0.248400	-14.536000
0.248500	24.055099
0.248600	62.646099
0.248700	91.589401
0.248800	24.055099
0.248900	4.759560
0.249000	-33.831501
0.249100	14.407300
0.249200	62.646099
0.249300	62.646099
0.249400	24.055099
0.249500	-14.536000
0.249600	-72.422501
0.249700	-53.126999
0.249800	24.055099
0.249900	43.350601
0.250000	101.237000
0.250100	4.759560
0.250200	-14.536000
0.250300	-111.014000
0.250400	-33.831501
0.250500	4.759560
0.250600	-53.126999
0.250700	-53.126999
0.250800	62.646099
0.250900	-14.536000
0.251000	-168.899994
0.251100	-130.309006
0.251200	-43.479198
0.251300	24.055099
0.251400	43.350601
0.251500	14.407300
0.251600	62.646099
0.251700	81.941704
0.251800	62.646099
0.251900	14.407300
0.252000	14.407300
0.252100	62.646099
0.252200	62.646099
0.252300	81.941704
0.252400	-14.536000
0.252500	24.055099
0.252600	43.350601
0.252700	24.055099
0.252800	33.702801
0.252900	24.055099
0.253000	101.237000
0.253100	120.532997
0.253200	-14.536000
0.253300	-91.718102
0.253400	14.407300
0.253500	101.237000
0.253600	43.350601
0.253700	14.407300
0.253800	-14.536000
0.253900	-14.536000
0.254000	-14.536000
0.254100	-14.536000
0.254200	24.055099
0.254300	14.407300
0.254400	4.759560
0.254500	-14.536000
0.254600	43.350601
0.254700	197.714996
0.254800	101.237000
0.254900	24.055099
0.255000	-14.536000
0.255100	62.646099
0.255200	62.646099
0.255300	52.998402
0.255400	24.055099
0.255500	-53.126999
0.255600	-33.831501
0.255700	24.055099
0.255800	24.055099
0.255900	-14.536000
0.256000	24.055099
0.256100	62.646099
0.256200	101.237000
0.256300	24.055099
0.256400	-43.479198
0.256500	-14.536000
0.256600	43.350601
0.256700	62.646099
0.256800	101.237000
0.256900	24.055099
0.257000	-130.309006
0.257100	-91.718102
0.257200	-14.536000
0.257300	4.759560
0.257400	4.759560
0.257500	14.407300
0.257600	-53.126999
0.257700	-53.126999
0.257800	24.055099
0.257900	120.532997
0.258000	101.237000
0.258100	62.646099
0.258200	120.532997
0.258300	120.532997
0.258400	43.350601
0.258500	-33.831501
0.258600	43.350601
0.258700	-33.831501
0.258800	-14.536000
0.258900	62.646099
0.259000	24.055099
0.259100	4.759560
0.259200	-33.831501
0.259300	-14.536000
0.259400	4.759560
0.259500	101.237000
0.259600	139.828003
0.259700	159.123993
0.259800	139.828003
0.259900	62.646099
0.260000	43.350601
0.260100	4.759560
0.260200	-14.536000
0.260300	-33.831501
0.260400	-53.126999
0.260500	-53.126999
0.260600	4.759560
0.260700	139.828003
0.260800	-14.536000
0.260900	-62.774799
0.261000	-4.888200
0.261100	-14.536000
0.261200	-33.831501
0.261300	-33.831501
0.261400	-14.536000
0.261500	4.759560
0.261600	43.350601
0.261700	24.055099
0.261800	24.055099
0.261900	24.055099
0.262000	14.407300
0.262100	24.055099
0.262200	62.646099
0.262300	52.998402
0.262400	-53.126999
0.262500	-91.718102
0.262600	-91.718102
0.262700	14.407300
0.262800	24.055099
0.262900	-14.536000
0.263000	-91.718102
0.263100	-91.718102
0.263200	-4.888200
0.263300	24.055099
0.263400	33.702801
0.263500	24.055099
0.263600	62.646099
0.263700	-33.831501
0.263800	-53.126999
0.263900	62.646099
0.264000	62.646099
0.264100	91.589401
0.264200	101.237000
0.264300	81.941704
0.264400	24.055099
0.264500	24.055099
0.264600	120.532997
0.264700	101.237000
0.264800	62.646099
0.264900	139.828003
0.265000	149.475998
0.265100	-53.126999
0.265200	43.350601
0.265300	24.055099
0.265400	4.759560
0.265500	43.350601
0.265600	101.237000
0.265700	159.123993
0.265800	188.067001
0.265900	62.646099
0.266000	62.646099
0.266100	-53.126999
0.266200	-14.536000
0.266300	62.646099
0.266400	101.237000
0.266500	120.532997
0.266600	62.646099
0.266700	24.055099
0.266800	-33.831501
0.266900	-130.309006
0.267000	-14.536000
0.267100	81.941704
0.267200	-14.536000
0.267300	-14.536000
0.267400	-33.831501
0.267500	-14.536000
0.267600	14.407300
0.267700	24.055099
0.267800	-53.126999
0.267900	-14.536000
0.268000	4.759560
0.268100	43.350601
0.268200	101.237000
0.268300	101.237000
0.268400	62.646099
0.268500	120.532997
0.268600	120.532997
0.268700	24.055099
0.268800	62.646099
0.268900	101.237000
0.269000	62.646099
0.269100	139.828003
0.269200	43.350601
0.269300	24.055099
0.269400	-14.536000
0.269500	24.055099
0.269600	62.646099
0.269700	24.055099
0.269800	4.759560
0.269900	62.646099
0.270000	81.941704
0.270100	4.759560
0.270200	4.759560
0.270300	24.055099
0.270400	-14.536000
0.270500	-53.126999
0.270600	-53.126999
0.270700	-14.536000
0.270800	24.055099
0.270900	139.828003
0.271000	43.350601
0.271100	101.237000
0.271200	4.759560
0.271300	62.646099
0.271400	81.941704
0.271500	-14.536000
0.271600	-33.831501
0.271700	-24.183701
0.271800	-33.831501
0.271900	-14.536000
0.272000	-53.126999
0.272100	52.998402
0.272200	139.828003
0.272300	101.237000
0.272400	24.055099
0.272500	33.702801
0.272600	-14.536000
0.272700	-33.831501
0.272800	-33.831501
0.272900	24.055099
0.273000	62.646099
0.273100	-72.422501
0.273200	-53.126999
0.273300	62.646099
0.273400	120.532997
0.273500	101.237000
0.273600	-14.536000
0.273700	-14.536000
0.273800	-53.126999
0.273900	24.055099
0.274000	24.055099
0.274100	24.055099
0.274200	62.646099
0.274300	33.702801
0.274400	139.828003
0.274500	62.646099
0.274600	43.350601
0.274700	43.350601
0.274800	24.055099
0.274900	24.055099
0.275000	24.055099
0.275100	-24.183701
0.275200	24.055099
0.275300	24.055099
0.275400	62.646099
0.275500	24.055099
0.275600	24.055099
0.275700	-14.536000
0.275800	-14.536000
0.275900	101.237000
0.276000	101.237000
0.276100	24.055099
0.276200	62.646099
0.276300	4.759560
0.276400	-91.718102
0.276500	-130.309006
0.276600	-33.831501
0.276700	62.646099
0.276800	-14.536000
0.276900	-33.831501
0.277000	24.055099
0.277100	24.055099
0.277200	43.350601
0.277300	62.646099
0.277400	62.646099
0.277500	-14.536000
0.277600	-53.126999
0.277700	-91.718102
0.277800	-14.536000
0.277900	24.055099
0.278000	81.941704
0.278100	24.055099
0.278200	24.055099
0.278300	-14.536000
0.278400	-14.536000
0.278500	43.350601
0.278600	24.055099
0.278700	-53.126999
0.278800	-91.718102
0.278900	-14.536000
0.279000	4.759560
0.279100	14.407300
0.279200	-111.014000
0.279300	-91.718102
0.279400	-14.536000
0.279500	62.646099
0.279600	62.646099
0.279700	43.350601
0.279800	52.998402
0.279900	-33.831501
0.280000	-53.126999
0.280100	14.407300
0.280200	-14.536000
0.280300	-14.536000
0.280400	24.055099
0.280500	-53.126999
0.280600	-53.126999
0.280700	62.646099
0.280800	91.589401
0.280900	-14.536000
0.281000	-53.126999
0.281100	43.350601
0.281200	14.407300
0.281300	24.055099
0.281400	24.055099
0.281500	24.055099
0.281600	62.646099
0.281700	91.589401
0.281800	110.885002
0.281900	62.646099
0.282000	4.759560
0.282100	-33.831501
0.282200	-33.831501
0.282300	-111.014000
0.282400	-53.126999
0.282500	-14.536000
0.282600	-33.831501
0.282700	62.646099
0.282800	120.532997
0.282900	52.998402
0.283000	62.646099
0.283100	24.055099
0.283200	-33.831501
0.283300	-33.831501
0.283400	-14.536000
0.283500	43.350601
0.283600	62.646099
0.283700	24.055099
0.283800	-53.126999
0.283900	-14.536000
0.284000	-33.831501
0.284100	-14.536000
0.284200	24.055099
0.284300	43.350601
0.284400	33.702801
0.284500	43.350601
0.284600	24.055099
0.284700	62.646099
0.284800	43.350601
0.284900	91.589401
0.285000	-53.126999
0.285100	-14.536000
0.285200	24.055099
0.285300	101.237000
0.285400	101.237000
0.285500	139.828003
0.285600	62.646099
0.285700	24.055099
0.285800	-33.831501
0.285900	-14.536000
0.286000	-72.422501
0.286100	-91.718102
0.286200	-14.536000
0.286300	120.532997
0.286400	24.055099
0.286500	43.350601
0.286600	120.532997
0.286700	139.828003
0.286800	101.237000
0.286900	101.237000
0.287000	-14.536000
0.287100	4.759560
0.287200	-53.126999
0.287300	-72.422501
0.287400	-14.536000
0.287500	-33.831501
0.287600	-4.888200
0.287700	43.350601
0.287800	62.646099
0.287900	-14.536000
0.288000	-53.126999
0.288100	4.759560
0.288200	24.055099
0.288300	-4.888200
0.288400	62.646099
0.288500	24.055099
0.288600	-91.718102
0.288700	-130.309006
0.288800	-14.536000
0.288900	24.055099
0.289000	-14.536000
0.289100	43.350601
0.289200	43.350601
0.289300	101.237000
0.289400	43.350601
0.289500	43.350601
0.289600	62.646099
0.289700	101.237000
0.289800	43.350601
0.289900	-91.718102
0.290000	-4.888200
0.290100	62.646099
0.290200	43.350601
0.290300	-14.536000
0.290400	24.055099
0.290500	4.759560
0.290600	-14.536000
0.290700	-53.126999
0.290800	4.759560
0.290900	120.532997
0.291000	52.998402
0.291100	24.055099
0.291200	62.646099
0.291300	62.646099
0.291400	43.350601
0.291500	-14.536000
0.291600	-14.536000
0.291700	43.350601
0.291800	4.759560
0.291900	-53.126999
0.292000	81.941704
0.292100	52.998402
0.292200	33.702801
0.292300	-14.536000
0.292400	-14.536000
0.292500	4.759560
0.292600	4.759560
0.292700	-33.831501
0.292800	62.646099
0.292900	101.237000
0.293000	-14.536000
0.293100	4.759560
0.293200	-72.422501
0.293300	14.407300
0.293400	101.237000
0.293500	43.350601
0.293600	-14.536000
0.293700	24.055099
0.293800	-33.831501
0.293900	-14.536000
0.294000	-14.536000
0.294100	62.646099
0.294200	101.237000
0.294300	24.055099
0.294400	-14.536000
0.294500	-14.536000
0.294600	43.350601
0.294700	91.589401
0.294800	24.055099
0.294900	43.350601
0.295000	43.350601
0.295100	120.532997
0.295200	24.055099
0.295300	-14.536000
0.295400	24.055099
0.295500	4.759560
0.295600	-4.888200
0.295700	52.998402
0.295800	62.646099
0.295900	-14.536000
0.296000	43.350601
0.296100	43.350601
0.296200	24.055099
0.296300	62.646099
0.296400	81.941704
0.296500	62.646099
0.296600	24.055099
0.296700	-14.536000
0.296800	-43.479198
0.296900	24.055099
0.297000	101.237000
0.297100	101.237000
0.297200	62.646099
0.297300	43.350601
0.297400	24.055099
0.297500	-14.536000
0.297600	-14.536000
0.297700	24.055099
0.297800	24.055099
0.297900	52.998402
0.298000	81.941704
0.298100	-33.831501
0.298200	-14.536000
0.298300	24.055099
0.298400	43.350601
0.298500	-43.479198
0.298600	-130.309006
0.298700	24.055099
0.298800	101.237000
0.298900	-14.536000
0.299000	-91.718102
0.299100	-14.536000
0.299200	-14.536000
0.299300	62.646099
0.299400	62.646099
0.299500	-53.126999
0.299600	43.350601
0.299700	43.350601
0.299800	-14.536000
0.299900	-14.536000
