-0.050000	-6.419040
-0.049900	-9.336790
-0.049800	-15.172300
-0.049700	13.032600
-0.049600	13.032600
-0.049500	-7.391620
-0.049400	-9.336790
-0.049300	1.361610
-0.049200	1.847910
-0.049100	-0.097258
-0.049000	-6.419040
-0.048900	-13.227100
-0.048800	13.032600
-0.048700	13.032600
-0.048600	-5.446460
-0.048500	-8.364210
-0.048400	2.334200
-0.048300	-3.987590
-0.048200	-8.364210
-0.048100	-6.419040
-0.048000	7.197110
-0.047900	7.197110
-0.047800	-6.419040
-0.047700	-5.446460
-0.047600	-2.528710
-0.047500	-6.419040
-0.047400	-7.391620
-0.047300	-7.391620
-0.047200	13.032600
-0.047100	2.334200
-0.047000	-9.336790
-0.046900	-2.528710
-0.046800	17.895500
-0.046700	13.032600
-0.046600	-7.391620
-0.046500	-3.501300
-0.046400	1.361610
-0.046300	2.334200
-0.046200	1.361610
-0.046100	-1.556130
-0.046000	-6.419040
-0.045900	-11.282000
-0.045800	-14.199700
-0.045700	3.306780
-0.045600	7.197110
-0.045500	-1.556130
-0.045400	-0.583549
-0.045300	3.306780
-0.045200	1.361610
-0.045100	-1.556130
-0.045000	-5.446460
-0.044900	-10.309400
-0.044800	-1.556130
-0.044700	0.389033
-0.044600	7.197110
-0.044500	5.251940
-0.044400	-2.528710
-0.044300	1.361610
-0.044200	2.334200
-0.044100	-0.583549
-0.044000	-0.583549
-0.043900	-5.932750
-0.043800	1.361610
-0.043700	1.361610
-0.043600	-5.446460
-0.043500	-4.473880
-0.043400	-3.501300
-0.043300	-1.556130
-0.043200	1.361610
-0.043100	1.847910
-0.043000	1.361610
-0.042900	1.361610
-0.042800	-2.528710
-0.042700	1.361610
-0.042600	1.361610
-0.042500	0.389033
-0.042400	-4.473880
-0.042300	-3.987590
-0.042200	-2.528710
-0.042100	-1.556130
-0.042000	-2.528710
-0.041900	-3.501300
-0.041800	-0.097258
-0.041700	-3.501300
-0.041600	-5.446460
-0.041500	-4.473880
-0.041400	-5.932750
-0.041300	-6.419040
-0.041200	-5.446460
-0.041100	-2.042420
-0.041000	2.334200
-0.040900	2.820490
-0.040800	1.361610
-0.040700	-5.446460
-0.040600	3.306780
-0.040500	3.306780
-0.040400	-5.446460
-0.040300	4.279360
-0.040200	5.251940
-0.040100	-2.042420
-0.040000	-2.528710
-0.039900	-2.528710
-0.039800	-9.336790
-0.039700	-14.199700
-0.039600	3.793070
-0.039500	4.279360
-0.039400	-6.419040
-0.039300	-6.419040
-0.039200	-1.556130
-0.039100	-3.501300
-0.039000	-11.282000
-0.038900	13.032600
-0.038800	13.032600
-0.038700	-1.069840
-0.038600	-1.556130
-0.038500	0.389033
-0.038400	-0.097258
-0.038300	-1.556130
-0.038200	2.334200
-0.038100	2.334200
-0.038000	2.334200
-0.037900	1.361610
-0.037800	-0.583549
-0.037700	-5.446460
-0.037600	-7.391620
-0.037500	-8.364210
-0.037400	-4.473880
-0.037300	1.361610
-0.037200	1.361610
-0.037100	1.361610
-0.037000	-5.446460
-0.036900	-11.282000
-0.036800	13.032600
-0.036700	7.197110
-0.036600	-8.364210
-0.036500	2.334200
-0.036400	8.169690
-0.036300	-6.419040
-0.036200	-16.144899
-0.036100	13.032600
-0.036000	13.032600
-0.035900	-7.391620
-0.035800	1.361610
-0.035700	-2.528710
-0.035600	0.389033
-0.035500	-0.583549
-0.035400	-17.117399
-0.035300	13.032600
-0.035200	16.922899
-0.035100	-1.556130
-0.035000	-4.473880
-0.034900	-1.556130
-0.034800	-1.069840
-0.034700	-2.528710
-0.034600	1.361610
-0.034500	7.197110
-0.034400	2.334200
-0.034300	-4.473880
-0.034200	-14.199700
-0.034100	-6.419040
-0.034000	13.032600
-0.033900	3.306780
-0.033800	-7.391620
-0.033700	-2.528710
-0.033600	0.389033
-0.033500	-4.473880
-0.033400	-6.419040
-0.033300	-9.336790
-0.033200	-8.364210
-0.033100	-6.905330
-0.033000	-1.069840
-0.032900	-1.556130
-0.032800	-6.419040
-0.032700	-4.473880
-0.032600	-0.583549
-0.032500	1.361610
-0.032400	1.847910
-0.032300	1.361610
-0.032200	-3.501300
-0.032100	-2.528710
-0.032000	2.334200
-0.031900	1.361610
-0.031800	-6.419040
-0.031700	-5.446460
-0.031600	1.847910
-0.031500	1.361610
-0.031400	2.334200
-0.031300	-2.528710
-0.031200	13.032600
-0.031100	13.032600
-0.031000	-0.583549
-0.030900	-0.583549
-0.030800	-1.556130
-0.030700	-8.364210
-0.030600	-2.528710
-0.030500	1.361610
-0.030400	1.361610
-0.030300	1.361610
-0.030200	-0.583549
-0.030100	-4.473880
-0.030000	-2.528710
-0.029900	-2.528710
-0.029800	-5.446460
-0.029700	-1.556130
-0.029600	3.306780
-0.029500	-0.583549
-0.029400	-9.336790
-0.029300	-9.823080
-0.029200	6.224520
-0.029100	3.306780
-0.029000	-2.042420
-0.028900	-3.501300
-0.028800	6.224520
-0.028700	5.251940
-0.028600	-0.583549
-0.028500	1.361610
-0.028400	3.306780
-0.028300	2.334200
-0.028200	-2.528710
-0.028100	-6.419040
-0.028000	-4.473880
-0.027900	-6.419040
-0.027800	-8.364210
-0.027700	-1.556130
-0.027600	-15.172300
-0.027500	-7.877910
-0.027400	15.464100
-0.027300	13.032600
-0.027200	-2.528710
-0.027100	-2.528710
-0.027000	-2.528710
-0.026900	-1.069840
-0.026800	-0.583549
-0.026700	-6.419040
-0.026600	-8.364210
-0.026500	13.032600
-0.026400	13.032600
-0.026300	-6.419040
-0.026200	-5.446460
-0.026100	4.765650
-0.026000	4.279360
-0.025900	-13.227100
-0.025800	1.361610
-0.025700	7.197110
-0.025600	-2.528710
-0.025500	-4.960170
-0.025400	0.389033
-0.025300	2.334200
-0.025200	1.361610
-0.025100	1.361610
-0.025000	-0.583549
-0.024900	-0.583549
-0.024800	1.361610
-0.024700	2.334200
-0.024600	3.306780
-0.024500	1.361610
-0.024400	-1.556130
-0.024300	1.361610
-0.024200	-0.097258
-0.024100	-5.446460
-0.024000	-6.419040
-0.023900	-13.227100
-0.023800	-21.980400
-0.023700	13.032600
-0.023600	13.518900
-0.023500	-4.473880
-0.023400	-0.583549
-0.023300	13.032600
-0.023200	0.389033
-0.023100	-10.309400
-0.023000	5.251940
-0.022900	5.251940
-0.022800	-12.254500
-0.022700	1.847910
-0.022600	5.251940
-0.022500	-12.254500
-0.022400	13.032600
-0.022300	14.491500
-0.022200	-4.473880
-0.022100	-8.364210
-0.022000	13.032600
-0.021900	13.032600
-0.021800	7.197110
-0.021700	13.032600
-0.021600	13.032600
-0.021500	13.032600
-0.021400	2.334200
-0.021300	-6.419040
-0.021200	6.224520
-0.021100	2.334200
-0.021000	13.032600
-0.020900	6.710820
-0.020800	6.224520
-0.020700	5.251940
-0.020600	7.197110
-0.020500	5.251940
-0.020400	13.032600
-0.020300	5.251940
-0.020200	-6.419040
-0.020100	-0.583549
-0.020000	13.032600
-0.019900	7.197110
-0.019800	-2.528710
-0.019700	1.361610
-0.019600	5.251940
-0.019500	3.306780
-0.019400	3.306780
-0.019300	-4.473880
-0.019200	-4.473880
-0.019100	0.389033
-0.019000	-6.419040
-0.018900	13.032600
-0.018800	14.005200
-0.018700	5.251940
-0.018600	3.306780
-0.018500	3.306780
-0.018400	3.306780
-0.018300	2.334200
-0.018200	-1.556130
-0.018100	-0.583549
-0.018000	-0.583549
-0.017900	-12.254500
-0.017800	3.306780
-0.017700	13.032600
-0.017600	-0.583549
-0.017500	-3.987590
-0.017400	-0.583549
-0.017300	-1.556130
-0.017200	-1.556130
-0.017100	-3.987590
-0.017000	-2.528710
-0.016900	-3.987590
-0.016800	-3.501300
-0.016700	-1.556130
-0.016600	3.306780
-0.016500	1.361610
-0.016400	-1.556130
-0.016300	13.032600
-0.016200	6.224520
-0.016100	-15.658600
-0.016000	-8.364210
-0.015900	14.005200
-0.015800	6.710820
-0.015700	-5.446460
-0.015600	0.389033
-0.015500	2.334200
-0.015400	2.334200
-0.015300	-0.583549
-0.015200	-4.473880
-0.015100	-1.556130
-0.015000	-0.583549
-0.014900	-1.556130
-0.014800	-0.583549
-0.014700	4.279360
-0.014600	-2.528710
-0.014500	-9.336790
-0.014400	7.197110
-0.014300	7.197110
-0.014200	-7.391620
-0.014100	-6.419040
-0.014000	3.793070
-0.013900	7.197110
-0.013800	-0.097258
-0.013700	-3.015000
-0.013600	0.389033
-0.013500	-0.583549
-0.013400	-2.528710
-0.013300	-3.501300
-0.013200	-6.419040
-0.013100	-0.583549
-0.013000	-0.583549
-0.012900	-10.309400
-0.012800	-17.117399
-0.012700	13.032600
-0.012600	13.032600
-0.012500	-4.473880
-0.012400	-3.501300
-0.012300	1.361610
-0.012200	-1.556130
-0.012100	-2.528710
-0.012000	-2.528710
-0.011900	-4.473880
-0.011800	-8.364210
-0.011700	-21.007799
-0.011600	3.306780
-0.011500	16.922899
-0.011400	0.389033
-0.011300	-3.501300
-0.011200	-3.501300
-0.011100	-4.473880
-0.011000	-2.042420
-0.010900	-5.446460
-0.010800	3.793070
-0.010700	1.361610
-0.010600	-4.473880
-0.010500	-9.336790
-0.010400	14.977800
-0.010300	16.922899
-0.010200	-0.583549
-0.010100	-4.473880
-0.010000	-7.391620
-0.009900	5.251940
-0.009800	5.738230
-0.009700	-2.528710
-0.009600	-0.583549
-0.009500	-2.042420
-0.009400	-9.336790
-0.009300	7.197110
-0.009200	7.197110
-0.009100	-1.556130
-0.009000	-2.528710
-0.008900	-12.254500
-0.008800	6.224520
-0.008700	13.032600
-0.008600	-2.042420
-0.008500	-8.364210
-0.008400	-6.419040
-0.008300	13.032600
-0.008200	-0.097258
-0.008100	-14.199700
-0.008000	4.279360
-0.007900	13.032600
-0.007800	-13.227100
-0.007700	-2.528710
-0.007600	15.950300
-0.007500	5.251940
-0.007400	-7.877910
-0.007300	-4.473880
-0.007200	-0.583549
-0.007100	-4.473880
-0.007000	-6.419040
-0.006900	-6.419040
-0.006800	-8.364210
-0.006700	13.032600
-0.006600	13.032600
-0.006500	-0.583549
-0.006400	-4.473880
-0.006300	-1.556130
-0.006200	-9.336790
-0.006100	6.224520
-0.006000	13.032600
-0.005900	-0.583549
-0.005800	-0.583549
-0.005700	-6.419040
-0.005600	-17.603701
-0.005500	6.224520
-0.005400	7.683400
-0.005300	-8.364210
-0.005200	13.032600
-0.005100	6.224520
-0.005000	-6.419040
-0.004900	1.361610
-0.004800	-11.282000
-0.004700	6.224520
-0.004600	13.032600
-0.004500	-4.473880
-0.004400	-7.391620
-0.004300	13.032600
-0.004200	13.032600
-0.004100	1.361610
-0.004000	4.279360
-0.003900	4.279360
-0.003800	3.306780
-0.003700	4.279360
-0.003600	5.251940
-0.003500	3.306780
-0.003400	-0.583549
-0.003300	-2.528710
-0.003200	-1.556130
-0.003100	-3.501300
-0.003000	13.032600
-0.002900	13.032600
-0.002800	-0.583549
-0.002700	1.361610
-0.002600	-3.987590
-0.002500	-7.391620
-0.002400	-2.528710
-0.002300	-1.556130
-0.002200	-6.419040
-0.002100	13.032600
-0.002000	13.032600
-0.001900	-7.391620
-0.001800	-2.042420
-0.001700	3.306780
-0.001600	-2.528710
-0.001500	-0.583549
-0.001400	4.279360
-0.001300	0.389033
-0.001200	-2.528710
-0.001100	-0.097258
-0.001000	5.251940
-0.000900	5.251940
-0.000800	4.279360
-0.000700	5.251940
-0.000600	0.389033
-0.000500	-5.446460
-0.000400	-12.254500
-0.000300	13.032600
-0.000200	16.922899
-0.000100	-2.528710
0.000000	-2.528710
0.000100	1.361610
0.000200	0.389033
0.000300	1.361610
0.000400	1.847910
0.000500	2.334200
0.000600	5.251940
0.000700	3.306780
0.000800	4.279360
0.000900	3.306780
0.001000	-2.528710
0.001100	-3.987590
0.001200	-3.501300
0.001300	-2.042420
0.001400	0.389033
0.001500	-13.227100
0.001600	1.847910
0.001700	13.032600
0.001800	-5.446460
0.001900	-6.905330
0.002000	-10.309400
0.002100	2.820490
0.002200	13.032600
0.002300	2.334200
0.002400	-4.473880
0.002500	0.875324
0.002600	5.251940
0.002700	-0.583549
0.002800	-5.932750
0.002900	-13.227100
0.003000	-10.309400
0.003100	17.895500
0.003200	14.005200
0.003300	-2.528710
0.003400	5.251940
0.003500	7.197110
0.003600	2.334200
0.003700	1.361610
0.003800	5.251940
0.003900	3.306780
0.004000	-8.364210
0.004100	-7.877910
0.004200	6.710820
0.004300	13.032600
0.004400	-1.556130
0.004500	-4.473880
0.004600	14.005200
0.004700	13.032600
0.004800	-9.336790
0.004900	-13.227100
0.005000	18.868099
0.005100	19.354401
0.005200	-0.583549
0.005300	1.361610
0.005400	13.032600
0.005500	13.032600
0.005600	3.306780
0.005700	3.306780
0.005800	5.251940
0.005900	0.875324
0.006000	-6.419040
0.006100	13.032600
0.006200	3.793070
0.006300	-12.254500
0.006400	2.334200
0.006500	16.922899
0.006600	4.279360
0.006700	-2.528710
0.006800	-0.583549
0.006900	-1.069840
0.007000	-0.583549
0.007100	-2.528710
0.007200	-5.932750
0.007300	-8.364210
0.007400	4.279360
0.007500	1.361610
0.007600	-8.364210
0.007700	-2.528710
0.007800	-4.473880
0.007900	-20.035200
0.008000	-6.419040
0.008100	14.005200
0.008200	5.738230
0.008300	0.389033
0.008400	1.361610
0.008500	-0.583549
0.008600	3.306780
0.008700	1.361610
0.008800	-0.583549
0.008900	1.361610
0.009000	-12.254500
0.009100	13.032600
0.009200	18.381800
0.009300	-2.042420
0.009400	-2.528710
0.009500	-0.583549
0.009600	-1.556130
0.009700	-2.042420
0.009800	-1.556130
0.009900	-1.556130
0.010000	1.361610
0.010100	-0.583549
0.010200	-12.254500
0.010300	14.977800
0.010400	18.381800
0.010500	0.875324
0.010600	-4.473880
0.010700	-3.501300
0.010800	4.765650
0.010900	-2.528710
0.011000	5.251940
0.011100	13.032600
0.011200	-4.473880
0.011300	-10.309400
0.011400	-6.419040
0.011500	-6.419040
0.011600	-3.501300
0.011700	-1.556130
0.011800	-7.391620
0.011900	-0.097258
0.012000	-3.501300
0.012100	-12.254500
0.012200	-4.960170
0.012300	-8.850500
0.012400	-11.282000
0.012500	-6.419040
0.012600	-8.850500
0.012700	-22.952900
0.012800	-18.090000
0.012900	-0.583549
0.013000	-12.254500
0.013100	-29.761000
0.013200	-5.446460
0.013300	3.306780
0.013400	-7.391620
0.013500	-7.877910
0.013600	-7.391620
0.013700	-4.473880
0.013800	-9.336790
0.013900	-13.227100
0.014000	-9.336790
0.014100	-5.446460
0.014200	-0.097258
0.014300	2.334200
0.014400	-6.419040
0.014500	5.738230
0.014600	15.950300
0.014700	13.032600
0.014800	20.813299
0.014900	26.648701
0.015000	13.032600
0.015100	4.279360
0.015200	1.361610
0.015300	-1.069840
0.015400	-7.391620
0.015500	-18.090000
0.015600	-7.877910
0.015700	-13.227100
0.015800	-31.706200
0.015900	-34.623901
0.016000	-23.925501
0.016100	-14.199700
0.016200	-9.336790
0.016300	-4.960170
0.016400	1.361610
0.016500	-9.336790
0.016600	-32.678799
0.016700	-15.658600
0.016800	20.813299
0.016900	14.977800
0.017000	2.334200
0.017100	13.032600
0.017200	0.389033
0.017300	-10.309400
0.017400	-11.282000
0.017500	-14.199700
0.017600	-20.035200
0.017700	-21.494101
0.017800	-19.548901
0.017900	-21.980400
0.018000	-18.090000
0.018100	5.251940
0.018200	1.361610
0.018300	-17.117399
0.018400	-7.877910
0.018500	-5.446460
0.018600	-29.761000
0.018700	-40.459400
0.018800	-42.404598
0.018900	-13.227100
0.019000	-4.960170
0.019100	-14.686000
0.019200	-15.658600
0.019300	-14.199700
0.019400	-9.823080
0.019500	-0.097258
0.019600	1.847910
0.019700	-3.501300
0.019800	-4.473880
0.019900	-1.556130
0.020000	4.279360
0.020100	-1.556130
0.020200	-9.336790
0.020300	-10.309400
0.020400	-7.391620
0.020500	-5.446460
0.020600	-0.583549
0.020700	0.389033
0.020800	-5.446460
0.020900	-29.761000
0.021000	-124.587997
0.021100	-153.279007
0.021200	-65.746498
0.021300	-56.020699
0.021400	-108.540001
0.021500	-111.944000
0.021600	-29.761000
0.021700	85.976196
0.021800	85.003700
0.021900	25.676201
0.022000	-13.227100
0.022100	-64.774002
0.022200	-117.292999
0.022300	-113.403000
0.022400	-92.006302
0.022500	-83.252998
0.022600	-76.444901
0.022700	-60.883598
0.022800	-55.048100
0.022900	-50.185200
0.023000	-39.486801
0.023100	-40.945702
0.023200	-39.486801
0.023300	-14.199700
0.023400	-12.254500
0.023500	-21.980400
0.023600	-15.172300
0.023700	-5.446460
0.023800	-13.227100
0.023900	-28.788401
0.024000	-24.898100
0.024100	-26.843300
0.024200	-28.788401
0.024300	-27.815800
0.024400	-31.706200
0.024500	-25.870701
0.024600	-13.227100
0.024700	-37.541698
0.024800	-84.225601
0.024900	-76.444901
0.025000	-55.048100
0.025100	-48.240101
0.025200	-42.404598
0.025300	-40.459400
0.025400	-44.349701
0.025500	-47.267502
0.025600	-53.103001
0.025700	-37.541698
0.025800	-27.815800
0.025900	-44.349701
0.026000	-56.020699
0.026100	-22.952900
0.026200	-24.411800
0.026300	-43.377201
0.026400	-15.172300
0.026500	-5.446460
0.026600	-25.870701
0.026700	-31.219900
0.026800	-25.870701
0.026900	-28.788401
0.027000	-33.651299
0.027100	-19.062599
0.027200	-6.419040
0.027300	-7.391620
0.027400	-8.364210
0.027500	-14.199700
0.027600	-14.199700
0.027700	-19.062599
0.027800	-28.788401
0.027900	-29.761000
0.028000	-31.706200
0.028100	-32.678799
0.028200	-27.815800
0.028300	-24.898100
0.028400	31.511700
0.028500	227.001007
0.028600	287.300995
0.028700	150.653000
0.028800	67.497200
0.028900	67.983498
0.029000	54.853600
0.029100	29.566500
0.029200	40.264900
0.029300	40.264900
0.029400	23.731001
0.029500	19.840700
0.029600	24.703600
0.029700	20.813299
0.029800	14.977800
0.029900	17.895500
0.030000	13.032600
0.030100	13.032600
0.030200	13.032600
0.030300	6.224520
0.030400	1.361610
0.030500	3.793070
0.030600	13.032600
0.030700	5.251940
0.030800	4.279360
0.030900	13.032600
0.031000	1.361610
0.031100	-5.446460
0.031200	-5.446460
0.031300	-0.583549
0.031400	-0.583549
0.031500	1.361610
0.031600	6.224520
0.031700	-2.528710
0.031800	-14.199700
0.031900	3.793070
0.032000	3.793070
0.032100	-13.227100
0.032200	-14.199700
0.032300	-14.199700
0.032400	-7.877910
0.032500	-2.528710
0.032600	-4.473880
0.032700	-6.419040
0.032800	-8.364210
0.032900	-7.877910
0.033000	-6.419040
0.033100	-7.391620
0.033200	-14.199700
0.033300	-20.035200
0.033400	-16.144899
0.033500	-16.144899
0.033600	-4.473880
0.033700	1.361610
0.033800	-6.419040
0.033900	-2.528710
0.034000	-4.473880
0.034100	-12.254500
0.034200	-14.199700
0.034300	-16.144899
0.034400	-2.528710
0.034500	0.389033
0.034600	-12.254500
0.034700	-21.980400
0.034800	-21.007799
0.034900	-18.090000
0.035000	-21.007799
0.035100	-18.090000
0.035200	-14.199700
0.035300	-10.309400
0.035400	-22.952900
0.035500	-7.391620
0.035600	-6.419040
0.035700	2.334200
0.035800	-7.391620
0.035900	-18.090000
0.036000	-13.227100
0.036100	3.306780
0.036200	7.197110
0.036300	-5.446460
0.036400	-7.877910
0.036500	-7.391620
0.036600	-12.254500
0.036700	-8.364210
0.036800	-0.583549
0.036900	-4.473880
0.037000	-10.309400
0.037100	-5.446460
0.037200	-4.473880
0.037300	-6.419040
0.037400	-5.446460
0.037500	-13.227100
0.037600	-21.980400
0.037700	-29.761000
0.037800	-32.192501
0.037900	-14.199700
0.038000	-10.309400
0.038100	-18.090000
0.038200	-21.007799
0.038300	-25.384399
0.038400	1.361610
0.038500	13.032600
0.038600	-14.199700
0.038700	-10.309400
0.038800	-7.391620
0.038900	-16.144899
0.039000	-14.199700
0.039100	-11.282000
0.039200	-9.336790
0.039300	-9.336790
0.039400	-6.419040
0.039500	-12.254500
0.039600	-16.144899
0.039700	-6.419040
0.039800	-6.419040
0.039900	-16.144899
0.040000	-11.768200
0.040100	-7.391620
0.040200	-13.227100
0.040300	-14.199700
0.040400	-14.199700
0.040500	-17.117399
0.040600	-14.199700
0.040700	-7.391620
0.040800	-5.446460
0.040900	-7.391620
0.041000	-9.823080
0.041100	-8.364210
0.041200	-4.473880
0.041300	-4.473880
0.041400	-6.419040
0.041500	-5.446460
0.041600	-3.501300
0.041700	-6.905330
0.041800	-6.419040
0.041900	-4.473880
0.042000	-6.419040
0.042100	-6.419040
0.042200	-13.227100
0.042300	-7.391620
0.042400	-7.391620
0.042500	-13.227100
0.042600	-15.172300
0.042700	-11.768200
0.042800	-13.227100
0.042900	-16.144899
0.043000	-18.090000
0.043100	-29.274700
0.043200	-6.419040
0.043300	0.389033
0.043400	-18.090000
0.043500	-23.925501
0.043600	-21.494101
0.043700	-7.391620
0.043800	-4.473880
0.043900	-16.144899
0.044000	-23.925501
0.044100	-9.336790
0.044200	-3.501300
0.044300	-17.117399
0.044400	-27.815800
0.044500	-14.199700
0.044600	-5.932750
0.044700	-12.254500
0.044800	-18.090000
0.044900	-15.658600
0.045000	-14.199700
0.045100	-20.035200
0.045200	-3.501300
0.045300	13.032600
0.045400	-3.501300
0.045500	-21.007799
0.045600	-18.090000
0.045700	-7.877910
0.045800	-18.090000
0.045900	-16.144899
0.046000	-4.473880
0.046100	-8.364210
0.046200	-12.254500
0.046300	-9.336790
0.046400	-8.364210
0.046500	-4.473880
0.046600	-8.364210
0.046700	-11.282000
0.046800	-14.199700
0.046900	-14.199700
0.047000	-9.823080
0.047100	2.334200
0.047200	-8.364210
0.047300	-14.199700
0.047400	-16.631201
0.047500	-20.521500
0.047600	-8.364210
0.047700	-11.282000
0.047800	-5.446460
0.047900	-3.501300
0.048000	-16.144899
0.048100	-23.925501
0.048200	-1.556130
0.048300	-2.528710
0.048400	-21.980400
0.048500	-50.185200
0.048600	-49.212601
0.048700	30.539101
0.048800	24.703600
0.048900	-16.144899
0.049000	-8.364210
0.049100	-21.494101
0.049200	-30.733601
0.049300	13.032600
0.049400	15.950300
0.049500	-2.528710
0.049600	-7.391620
0.049700	-5.932750
0.049800	5.251940
0.049900	1.361610
0.050000	-8.364210
0.050100	1.361610
0.050200	6.710820
0.050300	-0.583549
0.050400	1.361610
0.050500	2.334200
0.050600	-5.446460
0.050700	-12.254500
0.050800	-24.898100
0.050900	-0.583549
0.051000	13.032600
0.051100	-3.501300
0.051200	-11.282000
0.051300	-10.309400
0.051400	13.032600
0.051500	7.197110
0.051600	-12.254500
0.051700	-12.254500
0.051800	-4.473880
0.051900	-2.528710
0.052000	-6.419040
0.052100	-4.960170
0.052200	-4.473880
0.052300	-10.309400
0.052400	-5.446460
0.052500	4.279360
0.052600	1.361610
0.052700	0.875324
0.052800	5.251940
0.052900	5.738230
0.053000	0.389033
0.053100	-0.583549
0.053200	-0.583549
0.053300	-2.042420
0.053400	-2.528710
0.053500	-5.446460
0.053600	-8.850500
0.053700	-5.446460
0.053800	2.334200
0.053900	-2.042420
0.054000	-8.364210
0.054100	-6.419040
0.054200	-7.391620
0.054300	-11.282000
0.054400	-13.227100
0.054500	-20.035200
0.054600	-18.090000
0.054700	5.251940
0.054800	-9.336790
0.054900	-36.569099
0.055000	13.032600
0.055100	27.621300
0.055200	-4.473880
0.055300	-8.364210
0.055400	2.334200
0.055500	1.361610
0.055600	-0.583549
0.055700	-1.069840
0.055800	-4.473880
0.055900	-5.446460
0.056000	-4.473880
0.056100	-5.932750
0.056200	-8.364210
0.056300	-7.391620
0.056400	-4.473880
0.056500	-6.419040
0.056600	-3.501300
0.056700	-2.528710
0.056800	-6.419040
0.056900	-3.501300
0.057000	-3.501300
0.057100	-6.419040
0.057200	-3.501300
0.057300	-3.501300
0.057400	-5.446460
0.057500	-4.473880
0.057600	-6.419040
0.057700	-12.740800
0.057800	-2.528710
0.057900	-2.528710
0.058000	-6.419040
0.058100	-7.391620
0.058200	-9.336790
0.058300	-14.199700
0.058400	-17.117399
0.058500	3.306780
0.058600	3.306780
0.058700	-11.282000
0.058800	-8.364210
0.058900	-8.364210
0.059000	-27.815800
0.059100	-33.651299
0.059200	-27.815800
0.059300	-5.446460
0.059400	-6.419040
0.059500	-21.980400
0.059600	-4.473880
0.059700	-1.556130
0.059800	-15.658600
0.059900	-13.227100
0.060000	-6.419040
0.060100	-4.473880
0.060200	-6.419040
0.060300	-9.336790
0.060400	-11.282000
0.060500	-6.905330
0.060600	-4.473880
0.060700	-7.391620
0.060800	-6.419040
0.060900	-1.556130
0.061000	-3.987590
0.061100	-17.117399
0.061200	-4.473880
0.061300	13.032600
0.061400	-2.042420
0.061500	-10.309400
0.061600	-6.419040
0.061700	-9.336790
0.061800	-6.419040
0.061900	13.032600
0.062000	0.389033
0.062100	1.361610
0.062200	1.361610
0.062300	-8.364210
0.062400	-12.254500
0.062500	7.197110
0.062600	7.197110
0.062700	-7.391620
0.062800	-7.391620
0.062900	-5.446460
0.063000	-1.556130
0.063100	-6.419040
0.063200	-6.419040
0.063300	-0.097258
0.063400	3.793070
0.063500	1.361610
0.063600	2.334200
0.063700	-0.583549
0.063800	-6.419040
0.063900	-6.419040
0.064000	-8.364210
0.064100	-10.309400
0.064200	-8.364210
0.064300	-8.364210
0.064400	-3.987590
0.064500	-0.583549
0.064600	-4.473880
0.064700	-7.391620
0.064800	-8.364210
0.064900	-5.446460
0.065000	-4.473880
0.065100	-6.419040
0.065200	-7.391620
0.065300	-3.015000
0.065400	-1.556130
0.065500	-8.364210
0.065600	-7.391620
0.065700	-7.391620
0.065800	-6.419040
0.065900	-3.501300
0.066000	-8.364210
0.066100	-0.583549
0.066200	-2.528710
0.066300	-7.877910
0.066400	-8.364210
0.066500	-9.336790
0.066600	-4.473880
0.066700	-9.336790
0.066800	-6.419040
0.066900	-4.473880
0.067000	-14.199700
0.067100	-1.556130
0.067200	-3.501300
0.067300	-18.090000
0.067400	-18.090000
0.067500	-2.528710
0.067600	-4.473880
0.067700	-16.144899
0.067800	-4.473880
0.067900	-3.501300
0.068000	-11.282000
0.068100	-7.391620
0.068200	-4.473880
0.068300	-2.528710
0.068400	-6.419040
0.068500	-12.254500
0.068600	-6.419040
0.068700	-10.309400
0.068800	-15.172300
0.068900	-13.227100
0.069000	-7.391620
0.069100	-3.501300
0.069200	-9.336790
0.069300	-4.473880
0.069400	-2.528710
0.069500	-7.391620
0.069600	-7.391620
0.069700	-8.364210
0.069800	-12.254500
0.069900	-8.364210
0.070000	-6.419040
0.070100	-9.336790
0.070200	-8.364210
0.070300	-12.254500
0.070400	-16.144899
0.070500	-2.528710
0.070600	-2.528710
0.070700	-11.282000
0.070800	-11.768200
0.070900	-6.419040
0.071000	-5.446460
0.071100	-8.364210
0.071200	-13.227100
0.071300	-5.446460
0.071400	-5.446460
0.071500	-11.282000
0.071600	-7.877910
0.071700	-5.446460
0.071800	-12.254500
0.071900	-10.309400
0.072000	-7.391620
0.072100	-13.227100
0.072200	-18.090000
0.072300	-10.309400
0.072400	-12.254500
0.072500	-1.556130
0.072600	4.279360
0.072700	-3.501300
0.072800	-8.364210
0.072900	-7.391620
0.073000	-6.419040
0.073100	-3.501300
0.073200	-4.473880
0.073300	-9.336790
0.073400	-10.309400
0.073500	-8.364210
0.073600	-6.419040
0.073700	-8.364210
0.073800	-5.446460
0.073900	-6.419040
0.074000	-8.364210
0.074100	-1.556130
0.074200	-0.583549
0.074300	-8.364210
0.074400	-13.713400
0.074500	4.279360
0.074600	3.306780
0.074700	-4.473880
0.074800	-4.473880
0.074900	-1.556130
0.075000	-1.556130
0.075100	-4.473880
0.075200	-9.336790
0.075300	-6.419040
0.075400	-5.446460
0.075500	-5.446460
0.075600	-4.473880
0.075700	-2.528710
0.075800	-9.336790
0.075900	-9.336790
0.076000	-9.336790
0.076100	-10.309400
0.076200	-6.419040
0.076300	-4.473880
0.076400	-6.419040
0.076500	-9.336790
0.076600	-14.199700
0.076700	-23.925501
0.076800	-9.823080
0.076900	-0.583549
0.077000	13.032600
0.077100	13.032600
0.077200	-1.556130
0.077300	-1.556130
0.077400	-1.556130
0.077500	-1.556130
0.077600	-0.583549
0.077700	-0.583549
0.077800	-0.583549
0.077900	-3.501300
0.078000	-1.556130
0.078100	-2.528710
0.078200	-6.419040
0.078300	-10.309400
0.078400	-9.336790
0.078500	-4.960170
0.078600	-7.391620
0.078700	-6.419040
0.078800	-6.419040
0.078900	-8.364210
0.079000	-2.528710
0.079100	-2.528710
0.079200	-6.419040
0.079300	-6.419040
0.079400	-5.446460
0.079500	-3.501300
0.079600	-3.015000
0.079700	-6.419040
0.079800	-10.309400
0.079900	-0.583549
0.080000	1.361610
0.080100	-6.419040
0.080200	-6.419040
0.080300	-4.473880
0.080400	-7.391620
0.080500	-10.309400
0.080600	-6.419040
0.080700	-5.932750
0.080800	-9.336790
0.080900	-12.254500
0.081000	-6.419040
0.081100	-0.583549
0.081200	-2.528710
0.081300	-12.254500
0.081400	-9.336790
0.081500	-6.419040
0.081600	-8.364210
0.081700	-9.336790
0.081800	-12.254500
0.081900	-14.199700
0.082000	0.389033
0.082100	-2.528710
0.082200	-14.199700
0.082300	-13.227100
0.082400	-9.336790
0.082500	-7.391620
0.082600	-6.419040
0.082700	-6.419040
0.082800	-4.473880
0.082900	-2.528710
0.083000	-6.419040
0.083100	-12.254500
0.083200	-8.364210
0.083300	-11.282000
0.083400	-14.199700
0.083500	3.306780
0.083600	4.279360
0.083700	-5.446460
0.083800	-3.987590
0.083900	-6.419040
0.084000	-18.090000
0.084100	-2.528710
0.084200	-0.097258
0.084300	-4.473880
0.084400	-2.528710
0.084500	-8.364210
0.084600	-7.391620
0.084700	-7.391620
0.084800	-6.419040
0.084900	-6.419040
0.085000	-6.419040
0.085100	-6.419040
0.085200	-9.823080
0.085300	-8.850500
0.085400	-9.336790
0.085500	-14.199700
0.085600	-0.583549
0.085700	2.820490
0.085800	-7.391620
0.085900	-14.199700
0.086000	1.361610
0.086100	2.820490
0.086200	-6.419040
0.086300	-6.419040
0.086400	-10.309400
0.086500	-8.364210
0.086600	-8.364210
0.086700	-10.309400
0.086800	-8.364210
0.086900	-3.501300
0.087000	-5.932750
0.087100	-5.446460
0.087200	-4.473880
0.087300	-6.419040
0.087400	-6.419040
0.087500	-7.877910
0.087600	-7.391620
0.087700	1.361610
0.087800	-0.583549
0.087900	-8.850500
0.088000	-10.309400
0.088100	-4.473880
0.088200	-6.419040
0.088300	-13.227100
0.088400	-12.254500
0.088500	-5.446460
0.088600	-4.473880
0.088700	-7.391620
0.088800	-6.419040
0.088900	-4.473880
0.089000	-6.419040
0.089100	-8.364210
0.089200	-7.877910
0.089300	-5.446460
0.089400	-8.364210
0.089500	-9.336790
0.089600	-10.309400
0.089700	-10.309400
0.089800	-5.446460
0.089900	-4.473880
0.090000	-16.144899
0.090100	-26.843300
0.090200	1.361610
0.090300	5.738230
0.090400	-9.336790
0.090500	-8.364210
0.090600	-7.391620
0.090700	-12.254500
0.090800	-13.227100
0.090900	3.793070
0.091000	-4.473880
0.091100	-21.980400
0.091200	-8.364210
0.091300	13.032600
0.091400	5.738230
0.091500	-7.391620
0.091600	-9.336790
0.091700	-1.556130
0.091800	-2.528710
0.091900	-5.446460
0.092000	-4.473880
0.092100	-10.309400
0.092200	-11.768200
0.092300	-6.905330
0.092400	-3.015000
0.092500	-2.528710
0.092600	-7.391620
0.092700	-7.391620
0.092800	-10.309400
0.092900	-12.254500
0.093000	-10.309400
0.093100	-10.309400
0.093200	-12.254500
0.093300	-10.309400
0.093400	1.361610
0.093500	5.251940
0.093600	-3.501300
0.093700	-9.336790
0.093800	-10.309400
0.093900	6.224520
0.094000	3.306780
0.094100	-6.419040
0.094200	-3.501300
0.094300	-5.446460
0.094400	-10.309400
0.094500	-6.419040
0.094600	-0.583549
0.094700	-2.528710
0.094800	-8.364210
0.094900	-9.823080
0.095000	-12.254500
0.095100	-14.199700
0.095200	-17.117399
0.095300	-17.117399
0.095400	-0.583549
0.095500	-1.556130
0.095600	-14.199700
0.095700	-8.364210
0.095800	-6.419040
0.095900	-1.069840
0.096000	-6.419040
0.096100	-14.199700
0.096200	-2.042420
0.096300	3.306780
0.096400	-4.473880
0.096500	-10.309400
0.096600	-15.172300
0.096700	2.334200
0.096800	3.306780
0.096900	-15.172300
0.097000	-17.603701
0.097100	1.361610
0.097200	-0.583549
0.097300	-12.254500
0.097400	-8.364210
0.097500	-5.446460
0.097600	-7.391620
0.097700	-18.090000
0.097800	-21.980400
0.097900	2.820490
0.098000	-4.473880
0.098100	-15.172300
0.098200	-13.227100
0.098300	-14.199700
0.098400	-9.336790
0.098500	-6.419040
0.098600	-6.419040
0.098700	-11.282000
0.098800	-5.446460
0.098900	-3.987590
0.099000	-6.419040
0.099100	-5.446460
0.099200	-3.987590
0.099300	-2.528710
0.099400	-6.419040
0.099500	-8.364210
0.099600	-8.364210
0.099700	-9.823080
0.099800	-13.227100
0.099900	-0.583549
0.100000	1.361610
0.100100	-6.419040
0.100200	-6.419040
0.100300	-7.391620
0.100400	-8.364210
0.100500	-10.309400
0.100600	-11.282000
0.100700	-13.227100
0.100800	-6.419040
0.100900	-6.419040
0.101000	-9.336790
0.101100	-5.446460
0.101200	-4.473880
0.101300	1.361610
0.101400	2.334200
0.101500	0.389033
0.101600	-10.309400
0.101700	-21.980400
0.101800	1.361610
0.101900	2.334200
0.102000	-21.980400
0.102100	1.361610
0.102200	6.710820
0.102300	-11.282000
0.102400	-9.336790
0.102500	-9.336790
0.102600	-0.583549
0.102700	-0.583549
0.102800	-6.419040
0.102900	-6.419040
0.103000	-8.364210
0.103100	-13.227100
0.103200	-20.035200
0.103300	-0.583549
0.103400	2.334200
0.103500	-11.282000
0.103600	-15.172300
0.103700	-2.528710
0.103800	-2.528710
0.103900	-10.309400
0.104000	-16.144899
0.104100	-7.391620
0.104200	-0.097258
0.104300	-3.987590
0.104400	-10.309400
0.104500	-13.713400
0.104600	1.361610
0.104700	-2.528710
0.104800	-14.199700
0.104900	-5.446460
0.105000	-5.932750
0.105100	-5.446460
0.105200	-4.473880
0.105300	-8.850500
0.105400	-11.282000
0.105500	-7.877910
0.105600	-8.364210
0.105700	-5.446460
0.105800	-0.097258
0.105900	-4.473880
0.106000	-8.364210
0.106100	-11.282000
0.106200	-7.391620
0.106300	-8.364210
0.106400	-5.446460
0.106500	-5.446460
0.106600	-6.419040
0.106700	-6.419040
0.106800	-4.473880
0.106900	-2.042420
0.107000	-7.391620
0.107100	-15.658600
0.107200	-3.987590
0.107300	-3.501300
0.107400	-13.227100
0.107500	-12.254500
0.107600	-6.419040
0.107700	-5.932750
0.107800	-8.364210
0.107900	-9.336790
0.108000	-11.282000
0.108100	-12.254500
0.108200	-2.528710
0.108300	-0.583549
0.108400	-4.473880
0.108500	-8.364210
0.108600	-14.199700
0.108700	-16.144899
0.108800	-6.419040
0.108900	-7.877910
0.109000	-13.227100
0.109100	-12.254500
0.109200	-13.713400
0.109300	-9.823080
0.109400	-6.419040
0.109500	-4.473880
0.109600	-6.419040
0.109700	-6.419040
0.109800	-7.391620
0.109900	-14.199700
0.110000	6.224520
0.110100	13.032600
0.110200	-7.391620
0.110300	-8.364210
0.110400	-3.501300
0.110500	-1.556130
0.110600	-1.556130
0.110700	-4.473880
0.110800	-5.446460
0.110900	-7.391620
0.111000	-8.364210
0.111100	-4.473880
0.111200	-3.501300
0.111300	-0.583549
0.111400	1.361610
0.111500	-2.528710
0.111600	-6.419040
0.111700	-9.336790
0.111800	-12.254500
0.111900	-21.980400
0.112000	-6.419040
0.112100	-0.097258
0.112200	-14.199700
0.112300	-15.658600
0.112400	13.032600
0.112500	-2.042420
0.112600	-16.144899
0.112700	-0.583549
0.112800	1.361610
0.112900	-4.473880
0.113000	-3.501300
0.113100	-7.391620
0.113200	-10.309400
0.113300	-8.364210
0.113400	-5.446460
0.113500	-4.473880
0.113600	-8.364210
0.113700	-4.473880
0.113800	-0.583549
0.113900	-6.419040
0.114000	-6.419040
0.114100	-5.932750
0.114200	-7.391620
0.114300	-12.740800
0.114400	-4.473880
0.114500	1.361610
0.114600	-7.391620
0.114700	-9.336790
0.114800	-6.419040
0.114900	-10.309400
0.115000	-6.905330
0.115100	-6.419040
0.115200	-8.364210
0.115300	-4.960170
0.115400	-8.850500
0.115500	-18.090000
0.115600	3.306780
0.115700	2.334200
0.115800	-14.199700
0.115900	-17.117399
0.116000	-14.199700
0.116100	5.251940
0.116200	-2.528710
0.116300	-24.898100
0.116400	-21.007799
0.116500	5.738230
0.116600	-0.583549
0.116700	-14.199700
0.116800	-10.309400
0.116900	-9.336790
0.117000	-12.254500
0.117100	-9.336790
0.117200	-12.254500
0.117300	-21.980400
0.117400	-3.501300
0.117500	0.389033
0.117600	-9.336790
0.117700	-9.336790
0.117800	-4.473880
0.117900	-3.987590
0.118000	-8.364210
0.118100	-7.391620
0.118200	-8.364210
0.118300	-24.411800
0.118400	0.389033
0.118500	4.279360
0.118600	-8.364210
0.118700	-5.446460
0.118800	-1.556130
0.118900	-4.473880
0.119000	-13.227100
0.119100	1.361610
0.119200	-0.097258
0.119300	-10.309400
0.119400	-12.254500
0.119500	-9.336790
0.119600	-0.583549
0.119700	-2.042420
0.119800	-9.336790
0.119900	-8.364210
0.120000	-11.768200
0.120100	-10.795700
0.120200	-10.309400
0.120300	-8.364210
0.120400	-5.446460
0.120500	-3.501300
0.120600	-5.446460
0.120700	-7.391620
0.120800	-9.336790
0.120900	-6.419040
0.121000	-3.501300
0.121100	-1.556130
0.121200	-4.473880
0.121300	-4.473880
0.121400	-6.419040
0.121500	-8.850500
0.121600	-10.309400
0.121700	-12.254500
0.121800	-2.042420
0.121900	-0.583549
0.122000	-3.987590
0.122100	-4.473880
0.122200	-5.446460
0.122300	-10.309400
0.122400	-8.364210
0.122500	-8.364210
0.122600	-7.391620
0.122700	0.389033
0.122800	0.389033
0.122900	-5.446460
0.123000	-7.877910
0.123100	-8.364210
0.123200	-10.309400
0.123300	-11.768200
0.123400	3.306780
0.123500	1.361610
0.123600	-8.364210
0.123700	-2.528710
0.123800	-0.583549
0.123900	-4.473880
0.124000	-6.419040
0.124100	-7.391620
0.124200	-8.364210
0.124300	-9.336790
0.124400	-6.419040
0.124500	-5.446460
0.124600	-4.473880
0.124700	-8.850500
0.124800	-13.713400
0.124900	-10.309400
0.125000	-5.932750
0.125100	-7.877910
0.125200	-13.227100
0.125300	-5.446460
0.125400	-2.528710
0.125500	-8.850500
0.125600	-9.336790
0.125700	-8.364210
0.125800	-6.419040
0.125900	-5.446460
0.126000	-5.446460
0.126100	-9.336790
0.126200	-7.391620
0.126300	-4.473880
0.126400	-0.583549
0.126500	-1.556130
0.126600	-2.528710
0.126700	-6.419040
0.126800	-1.556130
0.126900	-3.987590
0.127000	-8.364210
0.127100	-8.364210
0.127200	-7.391620
0.127300	-6.419040
0.127400	-7.391620
0.127500	-2.528710
0.127600	-2.528710
0.127700	-6.419040
0.127800	-7.877910
0.127900	-5.446460
0.128000	-1.556130
0.128100	-4.473880
0.128200	-6.419040
0.128300	-6.419040
0.128400	-6.905330
0.128500	-8.364210
0.128600	-3.501300
0.128700	-4.473880
0.128800	-10.309400
0.128900	-6.419040
0.129000	-8.364210
0.129100	-8.364210
0.129200	-6.419040
0.129300	-4.473880
0.129400	-3.501300
0.129500	-5.932750
0.129600	-9.336790
0.129700	-9.336790
0.129800	-8.364210
0.129900	-6.419040
0.130000	-6.419040
0.130100	-8.364210
0.130200	-11.768200
0.130300	-14.199700
0.130400	-10.309400
0.130500	0.389033
0.130600	-3.501300
0.130700	-11.768200
0.130800	-0.583549
0.130900	2.334200
0.131000	-7.391620
0.131100	-5.446460
0.131200	-0.583549
0.131300	-2.528710
0.131400	-6.419040
0.131500	-10.309400
0.131600	-11.768200
0.131700	-21.980400
0.131800	1.361610
0.131900	7.197110
0.132000	-5.446460
0.132100	-5.932750
0.132200	-5.446460
0.132300	-12.254500
0.132400	-4.473880
0.132500	2.334200
0.132600	-4.473880
0.132700	-7.391620
0.132800	-7.391620
0.132900	-6.419040
0.133000	-9.336790
0.133100	-14.199700
0.133200	-10.309400
0.133300	-13.227100
0.133400	-11.768200
0.133500	-9.336790
0.133600	-10.309400
0.133700	-12.254500
0.133800	-0.583549
0.133900	-0.097258
0.134000	-7.391620
0.134100	-6.419040
0.134200	-4.473880
0.134300	-7.877910
0.134400	-8.364210
0.134500	0.389033
0.134600	-0.583549
0.134700	-10.309400
0.134800	-9.336790
0.134900	-7.391620
0.135000	-5.446460
0.135100	-2.528710
0.135200	-4.473880
0.135300	-10.309400
0.135400	-12.254500
0.135500	-8.850500
0.135600	-11.768200
0.135700	3.306780
0.135800	3.306780
0.135900	-7.391620
0.136000	-6.419040
0.136100	-4.473880
0.136200	-9.336790
0.136300	-3.501300
0.136400	-2.528710
0.136500	-8.364210
0.136600	-11.282000
0.136700	-8.364210
0.136800	-9.336790
0.136900	-5.446460
0.137000	-14.199700
0.137100	-0.583549
0.137200	1.361610
0.137300	-5.446460
0.137400	-9.336790
0.137500	-15.172300
0.137600	-2.528710
0.137700	2.334200
0.137800	-6.419040
0.137900	-6.419040
0.138000	-7.391620
0.138100	-7.877910
0.138200	-8.364210
0.138300	-13.227100
0.138400	-14.199700
0.138500	-6.419040
0.138600	-12.254500
0.138700	-15.172300
0.138800	13.032600
0.138900	13.032600
0.139000	-5.446460
0.139100	-11.282000
0.139200	-8.364210
0.139300	-7.391620
0.139400	-8.364210
0.139500	-9.336790
0.139600	-7.877910
0.139700	-7.391620
0.139800	-4.473880
0.139900	-2.528710
0.140000	-5.932750
0.140100	-7.391620
0.140200	-7.391620
0.140300	-6.419040
0.140400	-0.583549
0.140500	-0.583549
0.140600	-5.932750
0.140700	-5.446460
0.140800	-6.419040
0.140900	-2.528710
0.141000	-2.042420
0.141100	-8.364210
0.141200	-14.199700
0.141300	-5.932750
0.141400	-5.446460
0.141500	-12.254500
0.141600	-13.227100
0.141700	1.361610
0.141800	0.875324
0.141900	-6.419040
0.142000	-6.419040
0.142100	-4.473880
0.142200	-10.309400
0.142300	-6.419040
0.142400	-1.069840
0.142500	-4.960170
0.142600	-1.556130
0.142700	0.389033
0.142800	-2.528710
0.142900	-3.987590
0.143000	-2.528710
0.143100	-4.473880
0.143200	-3.501300
0.143300	-4.473880
0.143400	-7.391620
0.143500	-6.419040
0.143600	-4.473880
0.143700	7.197110
0.143800	3.306780
0.143900	-7.877910
0.144000	-9.336790
0.144100	-6.419040
0.144200	-10.309400
0.144300	-14.199700
0.144400	-2.528710
0.144500	-2.528710
0.144600	-8.364210
0.144700	-8.364210
0.144800	-6.419040
0.144900	-4.473880
0.145000	-1.556130
0.145100	-0.583549
0.145200	-4.473880
0.145300	-7.877910
0.145400	-14.199700
0.145500	-1.556130
0.145600	-1.069840
0.145700	-21.980400
0.145800	-0.583549
0.145900	7.197110
0.146000	-8.364210
0.146100	-6.419040
0.146200	-5.932750
0.146300	-12.254500
0.146400	-7.391620
0.146500	-2.528710
0.146600	-7.391620
0.146700	-10.309400
0.146800	-8.364210
0.146900	-9.336790
0.147000	-6.419040
0.147100	-10.309400
0.147200	-2.528710
0.147300	-1.556130
0.147400	-11.282000
0.147500	-10.309400
0.147600	-7.391620
0.147700	-18.090000
0.147800	4.279360
0.147900	7.197110
0.148000	-9.336790
0.148100	-13.227100
0.148200	-7.391620
0.148300	-3.987590
0.148400	-0.583549
0.148500	-6.419040
0.148600	-8.364210
0.148700	-8.364210
0.148800	0.389033
0.148900	-2.042420
0.149000	-8.364210
0.149100	-6.419040
0.149200	-4.473880
0.149300	-4.473880
0.149400	-5.446460
0.149500	-1.069840
0.149600	-0.583549
0.149700	-5.446460
0.149800	-3.501300
0.149900	-3.501300
0.150000	-1.556130
0.150100	-1.556130
0.150200	-6.419040
0.150300	-12.254500
0.150400	-2.528710
0.150500	-3.501300
0.150600	-5.446460
0.150700	-5.932750
0.150800	1.361610
0.150900	-2.528710
0.151000	-16.144899
0.151100	-11.282000
0.151200	-19.062599
0.151300	-1.556130
0.151400	13.032600
0.151500	-4.473880
0.151600	-7.391620
0.151700	-1.556130
0.151800	-2.042420
0.151900	-5.446460
0.152000	-1.556130
0.152100	-6.419040
0.152200	-17.117399
0.152300	8.169690
0.152400	13.032600
0.152500	-8.364210
0.152600	-12.254500
0.152700	-4.473880
0.152800	-4.473880
0.152900	-6.419040
0.153000	-4.473880
0.153100	-3.987590
0.153200	-6.419040
0.153300	-7.877910
0.153400	-6.419040
0.153500	-1.556130
0.153600	-2.528710
0.153700	-8.364210
0.153800	-12.740800
0.153900	-10.309400
0.154000	-5.446460
0.154100	-5.446460
0.154200	-9.336790
0.154300	-13.713400
0.154400	-8.364210
0.154500	-14.199700
0.154600	-2.528710
0.154700	0.389033
0.154800	-14.199700
0.154900	-6.419040
0.155000	3.306780
0.155100	-5.446460
0.155200	-16.144899
0.155300	1.361610
0.155400	3.306780
0.155500	-10.309400
0.155600	-2.528710
0.155700	-4.473880
0.155800	-18.090000
0.155900	-6.419040
0.156000	5.251940
0.156100	-5.446460
0.156200	-4.473880
0.156300	-2.042420
0.156400	-10.309400
0.156500	-10.309400
0.156600	-13.227100
0.156700	-14.199700
0.156800	13.032600
0.156900	6.224520
0.157000	-10.309400
0.157100	-8.364210
0.157200	-8.364210
0.157300	-9.336790
0.157400	-11.282000
0.157500	-13.713400
0.157600	1.361610
0.157700	5.251940
0.157800	-2.042420
0.157900	-3.501300
0.158000	-4.473880
0.158100	-5.446460
0.158200	-6.419040
0.158300	-7.877910
0.158400	-10.309400
0.158500	-6.419040
0.158600	-10.309400
0.158700	-2.528710
0.158800	3.306780
0.158900	-4.473880
0.159000	-13.227100
0.159100	-15.172300
0.159200	1.847910
0.159300	1.361610
0.159400	-6.419040
0.159500	-3.501300
0.159600	-4.473880
0.159700	-11.282000
0.159800	-16.144899
0.159900	-1.556130
0.160000	-1.556130
0.160100	0.389033
0.160200	-2.528710
0.160300	-9.336790
0.160400	-6.419040
0.160500	-7.391620
0.160600	-8.364210
0.160700	1.361610
0.160800	3.306780
0.160900	-6.419040
0.161000	1.361610
0.161100	1.361610
0.161200	-7.877910
0.161300	-1.556130
0.161400	2.334200
0.161500	-4.473880
0.161600	-4.473880
0.161700	-4.473880
0.161800	-3.987590
0.161900	-5.446460
0.162000	-6.419040
0.162100	-6.419040
0.162200	-8.364210
0.162300	-13.713400
0.162400	-8.364210
0.162500	-1.556130
0.162600	-5.446460
0.162700	-9.336790
0.162800	-7.391620
0.162900	-5.446460
0.163000	-6.419040
0.163100	-6.419040
0.163200	-5.446460
0.163300	-3.501300
0.163400	-8.364210
0.163500	-9.336790
0.163600	-9.336790
0.163700	-10.309400
0.163800	-11.282000
0.163900	3.306780
0.164000	4.279360
0.164100	-9.336790
0.164200	-10.309400
0.164300	-0.583549
0.164400	-2.528710
0.164500	-8.364210
0.164600	-6.419040
0.164700	-7.391620
0.164800	-12.254500
0.164900	-10.309400
0.165000	-11.282000
0.165100	-2.042420
0.165200	-2.042420
0.165300	-12.254500
0.165400	-19.548901
0.165500	7.197110
0.165600	13.032600
0.165700	-9.336790
0.165800	-11.282000
0.165900	-10.309400
0.166000	-16.631201
0.166100	6.224520
0.166200	3.306780
0.166300	-6.419040
0.166400	-5.446460
0.166500	-4.473880
0.166600	-7.391620
0.166700	-8.364210
0.166800	-6.419040
0.166900	-6.419040
0.167000	-6.905330
0.167100	-10.309400
0.167200	-13.713400
0.167300	1.361610
0.167400	-6.419040
0.167500	-1.556130
0.167600	14.977800
0.167700	3.306780
0.167800	-10.309400
0.167900	-9.336790
0.168000	-6.419040
0.168100	-4.473880
0.168200	-8.850500
0.168300	-10.309400
0.168400	-14.199700
0.168500	-20.035200
0.168600	13.032600
0.168700	13.032600
0.168800	-6.419040
0.168900	-6.419040
0.169000	-0.583549
0.169100	-6.419040
0.169200	-11.282000
0.169300	-12.254500
0.169400	-1.556130
0.169500	-0.583549
0.169600	-5.932750
0.169700	-4.473880
0.169800	-2.528710
0.169900	-7.391620
0.170000	-3.987590
0.170100	-4.473880
0.170200	-9.336790
0.170300	-6.419040
0.170400	-3.987590
0.170500	-6.419040
0.170600	-12.254500
0.170700	-16.144899
0.170800	-7.391620
0.170900	-3.501300
0.171000	-16.144899
0.171100	-13.227100
0.171200	0.389033
0.171300	-0.583549
0.171400	-4.473880
0.171500	-2.528710
0.171600	-2.528710
0.171700	-12.254500
0.171800	-14.199700
0.171900	-1.556130
0.172000	1.361610
0.172100	-6.419040
0.172200	-5.446460
0.172300	-5.446460
0.172400	-4.473880
0.172500	-2.528710
0.172600	-5.446460
0.172700	-6.419040
0.172800	-6.419040
0.172900	-8.364210
0.173000	-6.419040
0.173100	-5.446460
0.173200	-5.446460
0.173300	-1.556130
0.173400	1.361610
0.173500	-4.473880
0.173600	-6.419040
0.173700	-9.336790
0.173800	-1.556130
0.173900	1.361610
0.174000	-7.391620
0.174100	-9.336790
0.174200	-4.473880
0.174300	-7.391620
0.174400	-16.144899
0.174500	-1.556130
0.174600	3.306780
0.174700	-5.446460
0.174800	-10.309400
0.174900	-7.391620
0.175000	-6.419040
0.175100	-13.227100
0.175200	1.361610
0.175300	1.361610
0.175400	-7.391620
0.175500	-2.528710
0.175600	-0.583549
0.175700	-4.473880
0.175800	-4.473880
0.175900	-4.473880
0.176000	-10.309400
0.176100	-16.144899
0.176200	1.361610
0.176300	4.279360
0.176400	-8.364210
0.176500	-9.336790
0.176600	-7.877910
0.176700	-11.282000
0.176800	-21.980400
0.176900	-1.556130
0.177000	-0.583549
0.177100	-9.336790
0.177200	-12.254500
0.177300	-19.062599
0.177400	-1.556130
0.177500	2.334200
0.177600	-2.528710
0.177700	-1.556130
0.177800	0.389033
0.177900	-8.364210
0.178000	-20.035200
0.178100	-1.556130
0.178200	3.306780
0.178300	-4.960170
0.178400	-6.419040
0.178500	-5.932750
0.178600	-6.905330
0.178700	-9.336790
0.178800	-1.556130
0.178900	1.361610
0.179000	-6.419040
0.179100	-8.364210
0.179200	-8.364210
0.179300	-8.364210
0.179400	-4.473880
0.179500	-2.528710
0.179600	-2.528710
0.179700	-1.556130
0.179800	-6.419040
0.179900	-9.336790
0.180000	-2.528710
0.180100	-13.227100
0.180200	-19.062599
0.180300	13.032600
0.180400	13.032600
0.180500	-14.199700
0.180600	-1.556130
0.180700	4.279360
0.180800	-6.419040
0.180900	-8.364210
0.181000	-6.419040
0.181100	-7.877910
0.181200	-7.391620
0.181300	-7.391620
0.181400	-0.583549
0.181500	-2.528710
0.181600	-9.823080
0.181700	-14.199700
0.181800	-4.473880
0.181900	-4.473880
0.182000	-10.309400
0.182100	-9.336790
0.182200	-11.282000
0.182300	-17.117399
0.182400	-4.473880
0.182500	-2.528710
0.182600	-13.713400
0.182700	-9.336790
0.182800	-5.446460
0.182900	-6.419040
0.183000	2.334200
0.183100	1.361610
0.183200	-9.336790
0.183300	-8.364210
0.183400	-2.528710
0.183500	-4.473880
0.183600	-9.336790
0.183700	-6.419040
0.183800	-4.473880
0.183900	-5.446460
0.184000	-5.932750
0.184100	-4.473880
0.184200	-6.419040
0.184300	-7.391620
0.184400	-9.823080
0.184500	-9.336790
0.184600	-8.364210
0.184700	0.389033
0.184800	2.334200
0.184900	-4.473880
0.185000	-7.391620
0.185100	-8.364210
0.185200	-4.960170
0.185300	-0.583549
0.185400	-3.501300
0.185500	-6.419040
0.185600	-5.446460
0.185700	-6.419040
0.185800	-6.419040
0.185900	-2.528710
0.186000	-3.501300
0.186100	-4.960170
0.186200	-4.473880
0.186300	-0.583549
0.186400	-5.446460
0.186500	-11.282000
0.186600	-17.603701
0.186700	-6.419040
0.186800	7.197110
0.186900	-0.097258
0.187000	-5.446460
0.187100	-10.309400
0.187200	-5.932750
0.187300	-8.364210
0.187400	0.389033
0.187500	-1.556130
0.187600	-4.473880
0.187700	-6.419040
0.187800	-6.419040
0.187900	-13.227100
0.188000	-1.556130
0.188100	-9.336790
0.188200	1.361610
0.188300	7.197110
0.188400	-2.528710
0.188500	-5.446460
0.188600	-2.528710
0.188700	0.389033
0.188800	-4.473880
0.188900	-7.391620
0.189000	-4.473880
0.189100	-2.528710
0.189200	-5.446460
0.189300	-4.473880
0.189400	-3.501300
0.189500	-8.364210
0.189600	-16.144899
0.189700	0.389033
0.189800	5.251940
0.189900	-1.556130
0.190000	-6.419040
0.190100	-8.364210
0.190200	-7.391620
0.190300	-4.473880
0.190400	-5.446460
0.190500	-6.419040
0.190600	-6.419040
0.190700	-9.336790
0.190800	-0.583549
0.190900	4.279360
0.191000	-0.583549
0.191100	-2.528710
0.191200	-6.905330
0.191300	-17.117399
0.191400	-10.309400
0.191500	7.197110
0.191600	6.224520
0.191700	-6.419040
0.191800	-3.987590
0.191900	-8.364210
0.192000	-18.090000
0.192100	-1.556130
0.192200	-0.583549
0.192300	-12.254500
0.192400	-6.419040
0.192500	-4.473880
0.192600	-10.309400
0.192700	-15.172300
0.192800	-11.282000
0.192900	1.361610
0.193000	-0.583549
0.193100	-10.309400
0.193200	-6.419040
0.193300	-5.446460
0.193400	-11.282000
0.193500	-7.391620
0.193600	-7.391620
0.193700	-14.199700
0.193800	-6.419040
0.193900	-3.987590
0.194000	-12.254500
0.194100	-15.658600
0.194200	-0.583549
0.194300	-2.528710
0.194400	-16.144899
0.194500	-1.556130
0.194600	1.361610
0.194700	-12.254500
0.194800	-6.419040
0.194900	-1.556130
0.195000	-6.419040
0.195100	-6.419040
0.195200	-6.419040
0.195300	-6.419040
0.195400	-6.419040
0.195500	-7.391620
0.195600	-5.446460
0.195700	-4.473880
0.195800	-7.877910
0.195900	-11.282000
0.196000	-14.686000
0.196100	1.361610
0.196200	0.389033
0.196300	-14.199700
0.196400	-8.364210
0.196500	-0.583549
0.196600	1.361610
0.196700	-9.823080
0.196800	-22.952900
0.196900	1.361610
0.197000	13.032600
0.197100	-4.473880
0.197200	-6.419040
0.197300	1.361610
0.197400	-0.583549
0.197500	-8.364210
0.197600	-10.309400
0.197700	-10.309400
0.197800	-9.336790
0.197900	-4.473880
0.198000	-4.473880
0.198100	-6.419040
0.198200	-5.932750
0.198300	-6.419040
0.198400	-8.364210
0.198500	-9.336790
0.198600	-7.877910
0.198700	-8.364210
0.198800	-13.227100
0.198900	-10.309400
0.199000	-7.391620
0.199100	-6.419040
0.199200	-5.932750
0.199300	-8.364210
0.199400	-12.740800
0.199500	-0.583549
0.199600	1.361610
0.199700	-10.795700
0.199800	-10.309400
0.199900	-0.583549
0.200000	13.032600
0.200100	1.361610
0.200200	-6.419040
0.200300	-6.419040
0.200400	-6.419040
0.200500	-10.309400
0.200600	-1.556130
0.200700	1.361610
0.200800	-9.336790
0.200900	-4.473880
0.201000	-0.583549
0.201100	-3.987590
0.201200	-6.419040
0.201300	-7.877910
0.201400	-9.336790
0.201500	-13.227100
0.201600	-4.473880
0.201700	-1.556130
0.201800	-2.528710
0.201900	-2.528710
0.202000	-7.877910
0.202100	-4.473880
0.202200	-0.583549
0.202300	-6.419040
0.202400	-11.282000
0.202500	1.361610
0.202600	1.361610
0.202700	-6.419040
0.202800	-6.419040
0.202900	-5.446460
0.203000	-8.364210
0.203100	-2.528710
0.203200	-6.419040
0.203300	-6.419040
0.203400	-2.042420
0.203500	-3.501300
0.203600	-5.932750
0.203700	-8.364210
0.203800	-9.823080
0.203900	-6.419040
0.204000	-6.419040
0.204100	-11.768200
0.204200	-17.117399
0.204300	-2.528710
0.204400	-4.473880
0.204500	-17.117399
0.204600	-4.473880
0.204700	5.251940
0.204800	-7.391620
0.204900	-12.254500
0.205000	-7.391620
0.205100	-6.419040
0.205200	-10.309400
0.205300	-8.364210
0.205400	-8.364210
0.205500	-6.419040
0.205600	-7.391620
0.205700	-4.473880
0.205800	-1.556130
0.205900	-7.391620
0.206000	-7.391620
0.206100	-3.501300
0.206200	-3.501300
0.206300	-7.391620
0.206400	-16.144899
0.206500	-10.309400
0.206600	-2.528710
0.206700	-2.528710
0.206800	-2.528710
0.206900	-2.528710
0.207000	-8.364210
0.207100	-12.254500
0.207200	-2.528710
0.207300	-6.419040
0.207400	-21.007799
0.207500	-4.473880
0.207600	13.032600
0.207700	-1.556130
0.207800	-7.877910
0.207900	-4.473880
0.208000	-5.446460
0.208100	-4.473880
0.208200	-2.528710
0.208300	-3.501300
0.208400	-6.419040
0.208500	-10.309400
0.208600	-2.528710
0.208700	1.847910
0.208800	-6.419040
0.208900	-7.391620
0.209000	-4.473880
0.209100	-4.473880
0.209200	-7.391620
0.209300	-8.364210
0.209400	-6.419040
0.209500	-6.419040
0.209600	-9.823080
0.209700	-17.117399
0.209800	-6.419040
0.209900	-2.528710
0.210000	-14.686000
0.210100	-23.925501
0.210200	-10.309400
0.210300	3.306780
0.210400	-5.446460
0.210500	-13.227100
0.210600	-8.364210
0.210700	-3.987590
0.210800	-8.364210
0.210900	-5.932750
0.211000	-16.144899
0.211100	-8.850500
0.211200	13.032600
0.211300	4.279360
0.211400	-10.309400
0.211500	-5.446460
0.211600	-2.528710
0.211700	-4.960170
0.211800	-7.391620
0.211900	-0.583549
0.212000	1.361610
0.212100	-3.987590
0.212200	-6.419040
0.212300	-10.309400
0.212400	-1.556130
0.212500	-0.097258
0.212600	-6.419040
0.212700	-5.446460
0.212800	-7.391620
0.212900	-14.199700
0.213000	1.361610
0.213100	-0.583549
0.213200	-14.199700
0.213300	-9.336790
0.213400	-2.528710
0.213500	-4.473880
0.213600	-9.336790
0.213700	-9.336790
0.213800	-3.987590
0.213900	-2.042420
0.214000	-2.528710
0.214100	-8.850500
0.214200	-18.090000
0.214300	2.334200
0.214400	13.032600
0.214500	-6.419040
0.214600	-6.419040
0.214700	-6.419040
0.214800	-13.713400
0.214900	0.389033
0.215000	-0.583549
0.215100	-17.117399
0.215200	1.361610
0.215300	13.032600
0.215400	-4.960170
0.215500	-6.419040
0.215600	-8.364210
0.215700	-15.658600
0.215800	13.032600
0.215900	13.032600
0.216000	-5.446460
0.216100	-3.501300
0.216200	0.389033
0.216300	-4.473880
0.216400	-9.336790
0.216500	-2.528710
0.216600	-0.583549
0.216700	-2.528710
0.216800	-4.473880
0.216900	-5.446460
0.217000	-8.364210
0.217100	-9.336790
0.217200	-9.336790
0.217300	-10.309400
0.217400	-6.419040
0.217500	-2.528710
0.217600	-8.364210
0.217700	-22.952900
0.217800	-18.090000
0.217900	13.032600
0.218000	3.306780
0.218100	-14.199700
0.218200	-5.446460
0.218300	-0.583549
0.218400	-9.336790
0.218500	-8.364210
0.218600	-6.419040
0.218700	-11.282000
0.218800	-2.528710
0.218900	1.361610
0.219000	-5.446460
0.219100	-13.227100
0.219200	-2.528710
0.219300	-1.556130
0.219400	-8.364210
0.219500	-8.364210
0.219600	-4.473880
0.219700	-1.069840
0.219800	0.389033
0.219900	-1.556130
0.220000	1.361610
0.220100	-0.583549
0.220200	-5.446460
0.220300	-6.419040
0.220400	-5.446460
0.220500	-3.987590
0.220600	-1.556130
0.220700	-5.446460
0.220800	-7.877910
0.220900	-2.528710
0.221000	-5.446460
0.221100	-15.172300
0.221200	-28.788401
0.221300	-6.419040
0.221400	13.032600
0.221500	-0.583549
0.221600	-6.419040
0.221700	-2.528710
0.221800	-0.583549
0.221900	-7.391620
0.222000	-16.144899
0.222100	-1.556130
0.222200	1.361610
0.222300	-7.877910
0.222400	-6.419040
0.222500	-2.528710
0.222600	-3.501300
0.222700	1.361610
0.222800	-5.446460
0.222900	-8.364210
0.223000	-6.419040
0.223100	-1.556130
0.223200	-3.501300
0.223300	1.361610
0.223400	-2.042420
0.223500	-5.446460
0.223600	-2.528710
0.223700	-2.528710
0.223800	-4.473880
0.223900	-2.528710
0.224000	-1.556130
0.224100	-2.528710
0.224200	-5.446460
0.224300	-6.419040
0.224400	-5.446460
0.224500	-2.528710
0.224600	-2.528710
0.224700	-6.419040
0.224800	-13.227100
0.224900	-18.090000
0.225000	1.361610
0.225100	1.361610
0.225200	-14.199700
0.225300	1.361610
0.225400	2.334200
0.225500	-13.713400
0.225600	-6.419040
0.225700	5.251940
0.225800	-6.419040
0.225900	-17.603701
0.226000	-4.473880
0.226100	-1.556130
0.226200	-15.172300
0.226300	-21.980400
0.226400	5.251940
0.226500	2.334200
0.226600	-21.007799
0.226700	3.793070
0.226800	13.032600
0.226900	-7.391620
0.227000	-7.391620
0.227100	-4.473880
0.227200	-4.473880
0.227300	-6.419040
0.227400	-10.309400
0.227500	-16.631201
0.227600	1.361610
0.227700	2.334200
0.227800	-7.391620
0.227900	-6.419040
0.228000	-4.473880
0.228100	-6.419040
0.228200	-6.419040
0.228300	-2.528710
0.228400	-3.987590
0.228500	-9.336790
0.228600	4.279360
0.228700	6.224520
0.228800	-7.391620
0.228900	-6.419040
0.229000	-3.501300
0.229100	-4.473880
0.229200	-6.419040
0.229300	-10.309400
0.229400	-18.090000
0.229500	-7.391620
0.229600	4.279360
0.229700	-5.446460
0.229800	-14.199700
0.229900	-10.309400
0.230000	-2.528710
0.230100	-11.282000
0.230200	-2.528710
0.230300	1.361610
0.230400	-6.419040
0.230500	-6.419040
0.230600	-17.117399
0.230700	-12.740800
0.230800	16.922899
0.230900	13.032600
0.231000	-11.282000
0.231100	-8.364210
0.231200	-5.446460
0.231300	-8.364210
0.231400	-2.528710
0.231500	-2.528710
0.231600	-6.419040
0.231700	-9.336790
0.231800	-10.309400
0.231900	-15.658600
0.232000	-13.713400
0.232100	1.361610
0.232200	4.279360
0.232300	-12.254500
0.232400	-8.364210
0.232500	-5.446460
0.232600	-15.172300
0.232700	1.361610
0.232800	7.197110
0.232900	-1.556130
0.233000	-5.446460
0.233100	-4.473880
0.233200	-8.364210
0.233300	-14.199700
0.233400	-3.987590
0.233500	-6.419040
0.233600	-12.254500
0.233700	-1.556130
0.233800	-2.528710
0.233900	-14.199700
0.234000	-8.364210
0.234100	-0.583549
0.234200	-5.446460
0.234300	-6.419040
0.234400	-5.932750
0.234500	-6.419040
0.234600	-6.419040
0.234700	-4.960170
0.234800	-4.473880
0.234900	-8.364210
0.235000	-7.391620
0.235100	-7.391620
0.235200	-10.309400
0.235300	-0.583549
0.235400	1.361610
0.235500	-5.932750
0.235600	-7.391620
0.235700	-9.336790
0.235800	-7.391620
0.235900	-5.446460
0.236000	-0.583549
0.236100	-1.556130
0.236200	-5.446460
0.236300	-12.254500
0.236400	-15.172300
0.236500	1.361610
0.236600	2.334200
0.236700	-12.254500
0.236800	-13.227100
0.236900	-6.419040
0.237000	-1.556130
0.237100	-5.932750
0.237200	-13.227100
0.237300	-8.364210
0.237400	0.389033
0.237500	-4.473880
0.237600	-4.473880
0.237700	-2.528710
0.237800	-6.419040
0.237900	-7.391620
0.238000	-10.309400
0.238100	-9.336790
0.238200	-8.364210
0.238300	-18.090000
0.238400	-13.713400
0.238500	7.197110
0.238600	4.279360
0.238700	-14.199700
0.238800	-14.199700
0.238900	-5.446460
0.239000	-6.419040
0.239100	-12.254500
0.239200	1.361610
0.239300	2.334200
0.239400	-2.528710
0.239500	0.389033
0.239600	-0.583549
0.239700	-0.583549
0.239800	-1.556130
0.239900	-7.391620
0.240000	-1.556130
0.240100	-4.473880
0.240200	-9.336790
0.240300	-8.364210
0.240400	-2.528710
0.240500	-5.932750
0.240600	-8.364210
0.240700	-6.419040
0.240800	-10.309400
0.240900	-13.227100
0.241000	-0.583549
0.241100	2.334200
0.241200	-6.419040
0.241300	-8.364210
0.241400	-2.528710
0.241500	-8.364210
0.241600	-12.254500
0.241700	3.793070
0.241800	3.306780
0.241900	-10.309400
0.242000	-12.254500
0.242100	-0.583549
0.242200	6.224520
0.242300	-0.583549
0.242400	-6.419040
0.242500	1.361610
0.242600	-2.528710
0.242700	-13.227100
0.242800	-7.391620
0.242900	-8.364210
0.243000	-1.069840
0.243100	-7.391620
0.243200	-24.898100
0.243300	-15.658600
0.243400	13.032600
0.243500	7.683400
0.243600	-10.309400
0.243700	-12.254500
0.243800	-8.850500
0.243900	-12.254500
0.244000	-11.282000
0.244100	-6.419040
0.244200	-6.419040
0.244300	-4.473880
0.244400	-5.446460
0.244500	-4.473880
0.244600	-4.473880
0.244700	-7.877910
0.244800	-6.419040
0.244900	-2.528710
0.245000	13.032600
0.245100	13.032600
0.245200	-3.501300
0.245300	-7.391620
0.245400	-8.364210
0.245500	-8.364210
0.245600	-6.419040
0.245700	-4.473880
0.245800	-5.446460
0.245900	-1.556130
0.246000	-1.556130
0.246100	-7.391620
0.246200	-10.309400
0.246300	-9.336790
0.246400	-7.391620
0.246500	-3.501300
0.246600	-8.364210
0.246700	-8.364210
0.246800	-7.391620
0.246900	-1.556130
0.247000	2.334200
0.247100	-0.583549
0.247200	-6.419040
0.247300	-10.309400
0.247400	7.197110
0.247500	7.197110
0.247600	-4.473880
0.247700	-5.932750
0.247800	-6.419040
0.247900	-9.823080
0.248000	-5.446460
0.248100	3.793070
0.248200	-3.987590
0.248300	-7.877910
0.248400	-5.446460
0.248500	-1.556130
0.248600	-6.419040
0.248700	-9.336790
0.248800	-4.473880
0.248900	-2.528710
0.249000	-5.446460
0.249100	-10.309400
0.249200	-18.090000
0.249300	-11.768200
0.249400	-2.528710
0.249500	-12.254500
0.249600	-3.501300
0.249700	7.197110
0.249800	0.389033
0.249900	-4.473880
0.250000	-6.419040
0.250100	-5.446460
0.250200	-10.309400
0.250300	-6.419040
0.250400	-13.227100
0.250500	-19.548901
0.250600	2.334200
0.250700	7.197110
0.250800	-6.419040
0.250900	-2.528710
0.251000	-2.528710
0.251100	-8.364210
0.251200	-6.419040
0.251300	-6.419040
0.251400	-11.282000
0.251500	1.361610
0.251600	4.279360
0.251700	-8.364210
0.251800	-20.035200
0.251900	-7.877910
0.252000	-3.501300
0.252100	-16.144899
0.252200	-0.583549
0.252300	-1.556130
0.252400	-18.090000
0.252500	2.820490
0.252600	13.032600
0.252700	-11.282000
0.252800	-15.658600
0.252900	-6.419040
0.253000	-6.419040
0.253100	-13.227100
0.253200	-13.227100
0.253300	-4.960170
0.253400	-5.446460
0.253500	-8.364210
0.253600	-12.254500
0.253700	-20.035200
0.253800	3.793070
0.253900	7.197110
0.254000	-6.419040
0.254100	-9.823080
0.254200	-10.309400
0.254300	-6.419040
0.254400	1.361610
0.254500	-7.391620
0.254600	-16.144899
0.254700	-6.419040
0.254800	-5.446460
0.254900	-14.199700
0.255000	-3.987590
0.255100	0.875324
0.255200	-6.419040
0.255300	-6.419040
0.255400	-5.446460
0.255500	-6.419040
0.255600	-6.419040
0.255700	-4.473880
0.255800	-4.960170
0.255900	-6.419040
0.256000	-4.960170
0.256100	-5.932750
0.256200	-7.391620
0.256300	-6.419040
0.256400	-3.987590
0.256500	-4.473880
0.256600	-7.877910
0.256700	-7.877910
0.256800	-8.364210
0.256900	-13.227100
0.257000	-9.336790
0.257100	-10.309400
0.257200	0.389033
0.257300	-2.528710
0.257400	-6.419040
0.257500	-6.419040
0.257600	-11.282000
0.257700	-20.521500
0.257800	1.361610
0.257900	5.251940
0.258000	-7.391620
0.258100	-7.391620
0.258200	-4.473880
0.258300	-9.336790
0.258400	-16.144899
0.258500	-8.364210
0.258600	-10.309400
0.258700	2.334200
0.258800	1.361610
0.258900	-2.528710
0.259000	0.389033
0.259100	-3.501300
0.259200	-14.199700
0.259300	-20.521500
0.259400	-4.473880
0.259500	0.389033
0.259600	-11.282000
0.259700	-10.309400
0.259800	1.361610
0.259900	0.389033
0.260000	-8.364210
0.260100	-16.144899
0.260200	-3.501300
0.260300	-1.556130
0.260400	-9.823080
0.260500	-8.364210
0.260600	-6.419040
0.260700	-8.364210
0.260800	-10.309400
0.260900	-16.631201
0.261000	-12.254500
0.261100	3.793070
0.261200	-1.556130
0.261300	-9.336790
0.261400	1.361610
0.261500	-0.097258
0.261600	-2.042420
0.261700	-0.583549
0.261800	-4.473880
0.261900	-7.391620
0.262000	-14.199700
0.262100	1.361610
0.262200	5.738230
0.262300	-1.556130
0.262400	-2.042420
0.262500	-3.501300
0.262600	-7.391620
0.262700	-9.336790
0.262800	-5.446460
0.262900	-4.473880
0.263000	-3.501300
0.263100	-4.473880
0.263200	-5.446460
0.263300	-8.364210
0.263400	-9.336790
0.263500	-8.364210
0.263600	-4.473880
0.263700	-6.419040
0.263800	-13.227100
0.263900	-2.528710
0.264000	-4.473880
0.264100	-14.199700
0.264200	-4.473880
0.264300	13.032600
0.264400	-2.528710
0.264500	-10.309400
0.264600	-2.528710
0.264700	-2.528710
0.264800	-6.419040
0.264900	-6.419040
0.265000	-5.932750
0.265100	-4.473880
0.265200	-5.932750
0.265300	-7.877910
0.265400	-8.364210
0.265500	-4.473880
0.265600	-1.556130
0.265700	-8.364210
0.265800	-3.501300
0.265900	1.361610
0.266000	-4.473880
0.266100	-10.309400
0.266200	-6.419040
0.266300	-8.364210
0.266400	-8.364210
0.266500	-3.987590
0.266600	-6.419040
0.266700	-7.391620
0.266800	-7.391620
0.266900	-6.419040
0.267000	-3.987590
0.267100	-10.309400
0.267200	-19.062599
0.267300	3.306780
0.267400	13.032600
0.267500	-6.419040
0.267600	-11.282000
0.267700	-14.199700
0.267800	-8.364210
0.267900	1.361610
0.268000	-1.556130
0.268100	-6.419040
0.268200	-14.199700
0.268300	-23.925501
0.268400	1.361610
0.268500	6.224520
0.268600	-11.282000
0.268700	-14.199700
0.268800	3.306780
0.268900	1.361610
0.269000	-7.877910
0.269100	-10.309400
0.269200	-21.007799
0.269300	4.279360
0.269400	13.032600
0.269500	-13.227100
0.269600	-15.172300
0.269700	-10.309400
0.269800	-20.035200
0.269900	-2.528710
0.270000	13.032600
0.270100	-7.391620
0.270200	-14.199700
0.270300	-13.227100
0.270400	13.032600
0.270500	1.361610
0.270600	-11.768200
0.270700	-10.309400
0.270800	1.361610
0.270900	1.361610
0.271000	-6.419040
0.271100	-6.419040
0.271200	-6.419040
0.271300	-5.446460
0.271400	-5.446460
0.271500	-6.419040
0.271600	-6.419040
0.271700	-6.419040
0.271800	-2.528710
0.271900	-3.987590
0.272000	-8.364210
0.272100	-10.309400
0.272200	-6.419040
0.272300	-5.446460
0.272400	-6.419040
0.272500	-7.391620
0.272600	-10.309400
0.272700	-8.364210
0.272800	-8.364210
0.272900	-9.336790
0.273000	1.361610
0.273100	1.361610
0.273200	-10.309400
0.273300	-13.713400
0.273400	-2.528710
0.273500	-4.473880
0.273600	-6.419040
0.273700	-10.309400
0.273800	-6.419040
0.273900	-5.446460
0.274000	-5.932750
0.274100	-4.473880
0.274200	-6.419040
0.274300	-3.987590
0.274400	-5.446460
0.274500	-3.501300
0.274600	-7.391620
0.274700	-14.199700
0.274800	4.279360
0.274900	7.683400
0.275000	-7.877910
0.275100	-16.144899
0.275200	1.361610
0.275300	4.279360
0.275400	-6.419040
0.275500	-10.309400
0.275600	-6.419040
0.275700	-5.446460
0.275800	-6.419040
0.275900	1.361610
0.276000	-0.097258
0.276100	-8.364210
0.276200	-7.391620
0.276300	-5.446460
0.276400	-6.419040
0.276500	-8.364210
0.276600	-10.309400
0.276700	-2.528710
0.276800	-3.501300
0.276900	-5.932750
0.277000	-6.419040
0.277100	-11.282000
0.277200	-11.768200
0.277300	3.306780
0.277400	5.251940
0.277500	-0.583549
0.277600	-0.583549
0.277700	-1.556130
0.277800	-5.446460
0.277900	-6.419040
0.278000	-6.419040
0.278100	-14.199700
0.278200	-21.007799
0.278300	5.251940
0.278400	13.032600
0.278500	-5.446460
0.278600	-1.556130
0.278700	1.847910
0.278800	-6.419040
0.278900	-8.364210
0.279000	-7.391620
0.279100	-10.309400
0.279200	-10.309400
0.279300	-9.336790
0.279400	-13.713400
0.279500	-2.528710
0.279600	-4.473880
0.279700	-6.419040
0.279800	-3.987590
0.279900	-2.528710
0.280000	-5.446460
0.280100	-8.364210
0.280200	-8.364210
0.280300	-9.336790
0.280400	-2.528710
0.280500	-2.528710
0.280600	-7.391620
0.280700	-12.254500
0.280800	-24.898100
0.280900	-6.419040
0.281000	-0.097258
0.281100	-18.090000
0.281200	7.197110
0.281300	13.032600
0.281400	-13.227100
0.281500	-10.309400
0.281600	-6.419040
0.281700	-9.336790
0.281800	-4.960170
0.281900	-5.446460
0.282000	-7.391620
0.282100	-8.364210
0.282200	-6.419040
0.282300	-4.473880
0.282400	-6.419040
0.282500	-11.282000
0.282600	-17.117399
0.282700	-2.528710
0.282800	3.306780
0.282900	-13.713400
0.283000	-35.596500
0.283100	-13.227100
0.283200	14.977800
0.283300	-0.583549
0.283400	-21.980400
0.283500	-11.282000
0.283600	3.306780
0.283700	-0.583549
0.283800	-5.446460
0.283900	-5.446460
0.284000	-7.391620
0.284100	-12.254500
0.284200	6.224520
0.284300	1.361610
0.284400	-18.090000
0.284500	-14.199700
0.284600	6.224520
0.284700	2.334200
0.284800	-11.282000
0.284900	-6.419040
0.285000	-2.528710
0.285100	-5.446460
0.285200	-6.419040
0.285300	-8.364210
0.285400	-8.364210
0.285500	-6.419040
0.285600	-6.419040
0.285700	-8.364210
0.285800	1.361610
0.285900	2.334200
0.286000	-6.419040
0.286100	-15.172300
0.286200	-6.419040
0.286300	-1.556130
0.286400	-6.419040
0.286500	-6.419040
0.286600	-7.391620
0.286700	-12.254500
0.286800	-5.446460
0.286900	-8.364210
0.287000	-4.473880
0.287100	-10.309400
0.287200	-18.090000
0.287300	0.389033
0.287400	4.279360
0.287500	-8.364210
0.287600	-11.282000
0.287700	-10.309400
0.287800	-7.391620
0.287900	-2.528710
0.288000	-10.309400
0.288100	-21.980400
0.288200	1.361610
0.288300	4.279360
0.288400	-6.419040
0.288500	-7.877910
0.288600	-6.419040
0.288700	-4.473880
0.288800	-6.419040
0.288900	-6.419040
0.289000	-7.391620
0.289100	-7.391620
0.289200	-6.419040
0.289300	-8.364210
0.289400	-10.309400
0.289500	-10.309400
0.289600	-2.528710
0.289700	-0.097258
0.289800	-4.473880
0.289900	-7.391620
0.290000	-8.364210
0.290100	-3.501300
0.290200	-6.419040
0.290300	-13.713400
0.290400	3.306780
0.290500	2.334200
0.290600	-10.309400
0.290700	-8.364210
0.290800	-7.391620
0.290900	-14.199700
0.291000	-17.117399
0.291100	-6.419040
0.291200	-4.473880
0.291300	-2.528710
0.291400	-2.042420
0.291500	-7.391620
0.291600	-8.364210
0.291700	-6.419040
0.291800	-5.446460
0.291900	-6.419040
0.292000	-14.199700
0.292100	3.306780
0.292200	6.224520
0.292300	-9.336790
0.292400	-8.364210
0.292500	-0.583549
0.292600	-0.583549
0.292700	-8.364210
0.292800	-7.877910
0.292900	-3.987590
0.293000	-4.473880
0.293100	-6.905330
0.293200	-8.364210
0.293300	-14.199700
0.293400	0.389033
0.293500	1.361610
0.293600	-17.117399
0.293700	-6.419040
0.293800	2.334200
0.293900	-5.446460
0.294000	-9.823080
0.294100	-7.391620
0.294200	-0.097258
0.294300	-1.556130
0.294400	-10.309400
0.294500	-6.419040
0.294600	-4.473880
0.294700	-6.419040
0.294800	-5.446460
0.294900	-5.446460
0.295000	-18.090000
0.295100	-7.391620
0.295200	8.169690
0.295300	-2.528710
0.295400	-6.419040
0.295500	-3.987590
0.295600	-3.987590
0.295700	-6.419040
0.295800	-12.254500
0.295900	-5.446460
0.296000	-7.391620
0.296100	-2.042420
0.296200	-1.556130
0.296300	-12.254500
0.296400	-14.199700
0.296500	1.847910
0.296600	-0.583549
0.296700	-8.364210
0.296800	-1.556130
0.296900	-5.446460
0.297000	-0.583549
0.297100	1.361610
0.297200	-5.446460
0.297300	-10.309400
0.297400	-5.446460
0.297500	-2.528710
0.297600	-5.446460
0.297700	-7.391620
0.297800	-6.419040
0.297900	-7.391620
0.298000	-11.282000
0.298100	-16.144899
0.298200	2.334200
0.298300	2.334200
0.298400	-9.336790
0.298500	-13.227100
0.298600	-1.556130
0.298700	-2.528710
0.298800	-8.364210
0.298900	-5.446460
0.299000	-6.419040
0.299100	-6.419040
0.299200	-6.419040
0.299300	-6.419040
0.299400	-4.473880
0.299500	-1.556130
0.299600	-4.473880
0.299700	-6.419040
0.299800	-17.117399
0.299900	-22.952900
