-0.050000	-0.024612
-0.049900	-0.152468
-0.049800	0.135208
-0.049700	0.007352
-0.049600	-0.088540
-0.049500	-0.088540
-0.049400	0.135208
-0.049300	-0.056576
-0.049200	0.071280
-0.049100	0.039316
-0.049000	0.071280
-0.048900	-0.056576
-0.048800	-0.024612
-0.048700	0.007352
-0.048600	-0.184432
-0.048500	0.135208
-0.048400	0.071280
-0.048300	0.039316
-0.048200	0.039316
-0.048100	0.007352
-0.048000	-0.024612
-0.047900	-0.024612
-0.047800	-0.088540
-0.047700	-0.024612
-0.047600	-0.152468
-0.047500	0.007352
-0.047400	0.007352
-0.047300	0.039316
-0.047200	-0.024612
-0.047100	-0.120504
-0.047000	0.039316
-0.046900	-0.056576
-0.046800	-0.184432
-0.046700	0.071280
-0.046600	-0.088540
-0.046500	0.039316
-0.046400	-0.120504
-0.046300	-0.024612
-0.046200	0.007352
-0.046100	0.039316
-0.046000	0.103244
-0.045900	-0.024612
-0.045800	0.135208
-0.045700	0.039316
-0.045600	-0.056576
-0.045500	0.039316
-0.045400	0.135208
-0.045300	0.039316
-0.045200	0.007352
-0.045100	-0.024612
-0.045000	-0.056576
-0.044900	-0.088540
-0.044800	-0.024612
-0.044700	0.039316
-0.044600	0.039316
-0.044500	-0.120504
-0.044400	0.135208
-0.044300	-0.024612
-0.044200	-0.056576
-0.044100	0.071280
-0.044000	0.135208
-0.043900	0.039316
-0.043800	0.007352
-0.043700	-0.056576
-0.043600	-0.056576
-0.043500	-0.120504
-0.043400	-0.088540
-0.043300	-0.024612
-0.043200	-0.056576
-0.043100	-0.120504
-0.043000	0.007352
-0.042900	-0.120504
-0.042800	-0.024612
-0.042700	0.007352
-0.042600	0.263064
-0.042500	-0.024612
-0.042400	0.007352
-0.042300	-0.024612
-0.042200	-0.152468
-0.042100	-0.056576
-0.042000	0.071280
-0.041900	-0.024612
-0.041800	-0.056576
-0.041700	-0.152468
-0.041600	0.103244
-0.041500	0.135208
-0.041400	-0.056576
-0.041300	0.007352
-0.041200	-0.024612
-0.041100	0.039316
-0.041000	-0.056576
-0.040900	-0.056576
-0.040800	-0.024612
-0.040700	-0.120504
-0.040600	0.007352
-0.040500	0.039316
-0.040400	0.007352
-0.040300	0.039316
-0.040200	-0.088540
-0.040100	-0.024612
-0.040000	0.039316
-0.039900	-0.120504
-0.039800	-0.088540
-0.039700	0.039316
-0.039600	0.135208
-0.039500	0.007352
-0.039400	-0.088540
-0.039300	0.039316
-0.039200	-0.024612
-0.039100	-0.088540
-0.039000	0.071280
-0.038900	-0.056576
-0.038800	-0.088540
-0.038700	-0.024612
-0.038600	0.039316
-0.038500	0.007352
-0.038400	-0.088540
-0.038300	0.007352
-0.038200	0.039316
-0.038100	0.135208
-0.038000	0.007352
-0.037900	-0.056576
-0.037800	-0.024612
-0.037700	0.007352
-0.037600	-0.088540
-0.037500	-0.088540
-0.037400	0.007352
-0.037300	0.071280
-0.037200	-0.088540
-0.037100	-0.120504
-0.037000	-0.120504
-0.036900	0.007352
-0.036800	-0.024612
-0.036700	-0.024612
-0.036600	0.007352
-0.036500	0.007352
-0.036400	0.007352
-0.036300	-0.056576
-0.036200	-0.120504
-0.036100	-0.056576
-0.036000	-0.024612
-0.035900	-0.056576
-0.035800	0.103244
-0.035700	-0.056576
-0.035600	0.007352
-0.035500	0.071280
-0.035400	-0.088540
-0.035300	-0.056576
-0.035200	0.007352
-0.035100	-0.152468
-0.035000	-0.056576
-0.034900	0.071280
-0.034800	0.071280
-0.034700	0.071280
-0.034600	0.071280
-0.034500	0.039316
-0.034400	0.007352
-0.034300	-0.216396
-0.034200	-0.024612
-0.034100	0.103244
-0.034000	0.007352
-0.033900	-0.056576
-0.033800	-0.024612
-0.033700	-0.024612
-0.033600	0.071280
-0.033500	0.071280
-0.033400	-0.024612
-0.033300	0.007352
-0.033200	0.039316
-0.033100	-0.120504
-0.033000	-0.120504
-0.032900	-0.024612
-0.032800	0.039316
-0.032700	0.007352
-0.032600	-0.088540
-0.032500	-0.056576
-0.032400	0.007352
-0.032300	0.071280
-0.032200	-0.024612
-0.032100	-0.088540
-0.032000	-0.056576
-0.031900	-0.056576
-0.031800	0.135208
-0.031700	0.071280
-0.031600	0.135208
-0.031500	-0.120504
-0.031400	-0.024612
-0.031300	0.039316
-0.031200	0.071280
-0.031100	0.039316
-0.031000	-0.056576
-0.030900	-0.056576
-0.030800	0.071280
-0.030700	-0.024612
-0.030600	-0.088540
-0.030500	-0.120504
-0.030400	-0.024612
-0.030300	-0.152468
-0.030200	0.071280
-0.030100	-0.056576
-0.030000	0.039316
-0.029900	-0.120504
-0.029800	-0.024612
-0.029700	-0.024612
-0.029600	-0.056576
-0.029500	0.071280
-0.029400	0.039316
-0.029300	0.039316
-0.029200	-0.056576
-0.029100	-0.120504
-0.029000	0.039316
-0.028900	-0.088540
-0.028800	-0.056576
-0.028700	0.103244
-0.028600	-0.056576
-0.028500	-0.152468
-0.028400	-0.152468
-0.028300	-0.120504
-0.028200	-0.024612
-0.028100	0.007352
-0.028000	-0.024612
-0.027900	0.039316
-0.027800	-0.024612
-0.027700	0.007352
-0.027600	0.039316
-0.027500	-0.056576
-0.027400	0.135208
-0.027300	0.071280
-0.027200	0.039316
-0.027100	-0.120504
-0.027000	-0.056576
-0.026900	0.007352
-0.026800	0.071280
-0.026700	-0.024612
-0.026600	-0.056576
-0.026500	0.039316
-0.026400	0.071280
-0.026300	0.071280
-0.026200	-0.120504
-0.026100	0.039316
-0.026000	0.039316
-0.025900	-0.088540
-0.025800	-0.088540
-0.025700	0.071280
-0.025600	0.039316
-0.025500	-0.024612
-0.025400	-0.056576
-0.025300	0.039316
-0.025200	0.103244
-0.025100	-0.024612
-0.025000	-0.024612
-0.024900	0.007352
-0.024800	0.103244
-0.024700	0.007352
-0.024600	0.039316
-0.024500	-0.152468
-0.024400	-0.120504
-0.024300	-0.024612
-0.024200	0.071280
-0.024100	0.007352
-0.024000	-0.024612
-0.023900	0.167172
-0.023800	-0.120504
-0.023700	-0.024612
-0.023600	-0.024612
-0.023500	-0.056576
-0.023400	-0.024612
-0.023300	0.071280
-0.023200	0.071280
-0.023100	0.071280
-0.023000	0.263064
-0.022900	0.135208
-0.022800	-0.088540
-0.022700	0.039316
-0.022600	-0.088540
-0.022500	-0.056576
-0.022400	0.039316
-0.022300	-0.024612
-0.022200	0.007352
-0.022100	0.039316
-0.022000	0.007352
-0.021900	0.007352
-0.021800	-0.024612
-0.021700	0.007352
-0.021600	-0.024612
-0.021500	-0.088540
-0.021400	-0.024612
-0.021300	0.071280
-0.021200	0.007352
-0.021100	-0.120504
-0.021000	-0.184432
-0.020900	0.039316
-0.020800	0.071280
-0.020700	0.103244
-0.020600	0.199136
-0.020500	0.039316
-0.020400	0.039316
-0.020300	0.039316
-0.020200	0.007352
-0.020100	-0.056576
-0.020000	-0.056576
-0.019900	0.039316
-0.019800	-0.056576
-0.019700	-0.024612
-0.019600	0.007352
-0.019500	-0.056576
-0.019400	-0.024612
-0.019300	-0.120504
-0.019200	0.039316
-0.019100	-0.088540
-0.019000	-0.024612
-0.018900	0.071280
-0.018800	-0.120504
-0.018700	-0.088540
-0.018600	0.007352
-0.018500	0.007352
-0.018400	0.103244
-0.018300	0.007352
-0.018200	0.039316
-0.018100	-0.088540
-0.018000	-0.056576
-0.017900	0.071280
-0.017800	0.103244
-0.017700	-0.120504
-0.017600	0.167172
-0.017500	0.103244
-0.017400	-0.024612
-0.017300	-0.152468
-0.017200	0.103244
-0.017100	0.007352
-0.017000	0.103244
-0.016900	-0.120504
-0.016800	-0.024612
-0.016700	0.103244
-0.016600	-0.024612
-0.016500	0.007352
-0.016400	0.135208
-0.016300	0.071280
-0.016200	0.071280
-0.016100	-0.088540
-0.016000	0.007352
-0.015900	0.039316
-0.015800	0.103244
-0.015700	0.007352
-0.015600	-0.024612
-0.015500	-0.088540
-0.015400	0.103244
-0.015300	0.231100
-0.015200	0.039316
-0.015100	0.007352
-0.015000	0.007352
-0.014900	0.071280
-0.014800	0.039316
-0.014700	-0.056576
-0.014600	0.007352
-0.014500	0.167172
-0.014400	-0.056576
-0.014300	-0.056576
-0.014200	-0.056576
-0.014100	-0.056576
-0.014000	0.071280
-0.013900	0.039316
-0.013800	0.167172
-0.013700	0.007352
-0.013600	0.071280
-0.013500	-0.056576
-0.013400	0.103244
-0.013300	-0.056576
-0.013200	-0.056576
-0.013100	-0.056576
-0.013000	0.103244
-0.012900	0.071280
-0.012800	0.007352
-0.012700	-0.024612
-0.012600	0.071280
-0.012500	-0.120504
-0.012400	0.039316
-0.012300	0.103244
-0.012200	-0.056576
-0.012100	-0.088540
-0.012000	0.103244
-0.011900	0.103244
-0.011800	0.007352
-0.011700	0.071280
-0.011600	0.071280
-0.011500	0.071280
-0.011400	0.007352
-0.011300	0.039316
-0.011200	-0.024612
-0.011100	0.071280
-0.011000	0.231100
-0.010900	-0.056576
-0.010800	0.007352
-0.010700	0.007352
-0.010600	0.039316
-0.010500	0.071280
-0.010400	0.007352
-0.010300	-0.088540
-0.010200	0.103244
-0.010100	0.039316
-0.010000	0.071280
-0.009900	-0.024612
-0.009800	-0.024612
-0.009700	0.039316
-0.009600	0.007352
-0.009500	-0.088540
-0.009400	-0.056576
-0.009300	0.135208
-0.009200	0.167172
-0.009100	0.007352
-0.009000	0.071280
-0.008900	0.039316
-0.008800	0.135208
-0.008700	0.167172
-0.008600	-0.088540
-0.008500	0.007352
-0.008400	0.007352
-0.008300	0.039316
-0.008200	-0.088540
-0.008100	-0.056576
-0.008000	-0.056576
-0.007900	0.071280
-0.007800	-0.024612
-0.007700	0.071280
-0.007600	0.071280
-0.007500	-0.024612
-0.007400	-0.024612
-0.007300	-0.088540
-0.007200	0.007352
-0.007100	-0.088540
-0.007000	-0.056576
-0.006900	0.007352
-0.006800	0.039316
-0.006700	0.007352
-0.006600	0.007352
-0.006500	0.071280
-0.006400	0.007352
-0.006300	-0.056576
-0.006200	0.071280
-0.006100	0.007352
-0.006000	0.071280
-0.005900	-0.024612
-0.005800	0.039316
-0.005700	-0.024612
-0.005600	0.199136
-0.005500	0.071280
-0.005400	0.103244
-0.005300	0.071280
-0.005200	0.103244
-0.005100	0.039316
-0.005000	-0.056576
-0.004900	-0.024612
-0.004800	0.039316
-0.004700	0.039316
-0.004600	0.039316
-0.004500	-0.024612
-0.004400	-0.024612
-0.004300	0.071280
-0.004200	0.039316
-0.004100	0.071280
-0.004000	-0.024612
-0.003900	0.039316
-0.003800	-0.024612
-0.003700	0.007352
-0.003600	-0.088540
-0.003500	-0.056576
-0.003400	0.103244
-0.003300	-0.056576
-0.003200	0.007352
-0.003100	0.071280
-0.003000	0.071280
-0.002900	0.007352
-0.002800	-0.056576
-0.002700	0.007352
-0.002600	-0.024612
-0.002500	-0.088540
-0.002400	0.103244
-0.002300	0.103244
-0.002200	-0.024612
-0.002100	-0.120504
-0.002000	0.071280
-0.001900	0.071280
-0.001800	0.039316
-0.001700	-0.024612
-0.001600	0.103244
-0.001500	0.039316
-0.001400	0.071280
-0.001300	0.039316
-0.001200	0.039316
-0.001100	0.007352
-0.001000	-0.088540
-0.000900	-0.088540
-0.000800	0.007352
-0.000700	-0.088540
-0.000600	0.103244
-0.000500	0.167172
-0.000400	0.135208
-0.000300	0.007352
-0.000200	0.007352
-0.000100	0.039316
0.000000	-0.056576
0.000100	0.039316
0.000200	0.167172
0.000300	0.071280
0.000400	0.167172
0.000500	-0.024612
0.000600	-0.088540
0.000700	0.007352
0.000800	-0.120504
0.000900	0.071280
0.001000	0.071280
0.001100	-0.024612
0.001200	0.007352
0.001300	0.071280
0.001400	-0.120504
0.001500	-0.024612
0.001600	-0.024612
0.001700	0.135208
0.001800	0.071280
0.001900	0.199136
0.002000	0.167172
0.002100	0.071280
0.002200	-0.024612
0.002300	-0.120504
0.002400	0.135208
0.002500	0.071280
0.002600	0.071280
0.002700	-0.184432
0.002800	-0.088540
0.002900	0.071280
0.003000	0.103244
0.003100	-0.024612
0.003200	-0.024612
0.003300	0.071280
0.003400	0.135208
0.003500	0.007352
0.003600	-0.024612
0.003700	-0.024612
0.003800	0.007352
0.003900	0.135208
0.004000	0.135208
0.004100	0.071280
0.004200	0.039316
0.004300	0.007352
0.004400	0.007352
0.004500	0.007352
0.004600	0.039316
0.004700	0.199136
0.004800	-0.024612
0.004900	-0.120504
0.005000	-0.056576
0.005100	0.039316
0.005200	-0.056576
0.005300	-0.024612
0.005400	0.071280
0.005500	0.007352
0.005600	0.039316
0.005700	-0.056576
0.005800	0.007352
0.005900	0.071280
0.006000	0.007352
0.006100	0.103244
0.006200	-0.056576
0.006300	0.039316
0.006400	-0.024612
0.006500	-0.024612
0.006600	0.007352
0.006700	0.071280
0.006800	-0.152468
0.006900	0.007352
0.007000	0.071280
0.007100	0.039316
0.007200	-0.152468
0.007300	0.167172
0.007400	0.135208
0.007500	0.103244
0.007600	0.071280
0.007700	-0.024612
0.007800	0.071280
0.007900	-0.024612
0.008000	0.135208
0.008100	-0.024612
0.008200	0.071280
0.008300	-0.056576
0.008400	-0.088540
0.008500	-0.024612
0.008600	0.167172
0.008700	-0.088540
0.008800	0.103244
0.008900	0.071280
0.009000	0.039316
0.009100	0.039316
0.009200	0.199136
0.009300	0.007352
0.009400	-0.024612
0.009500	0.039316
0.009600	0.039316
0.009700	0.007352
0.009800	-0.024612
0.009900	0.007352
0.010000	-0.024612
0.010100	0.199136
0.010200	-0.024612
0.010300	-0.056576
0.010400	0.039316
0.010500	0.167172
0.010600	0.071280
0.010700	-0.024612
0.010800	0.039316
0.010900	-0.024612
0.011000	0.135208
0.011100	0.071280
0.011200	-0.024612
0.011300	-0.024612
0.011400	0.007352
0.011500	0.007352
0.011600	0.135208
0.011700	0.135208
0.011800	-0.024612
0.011900	0.007352
0.012000	0.007352
0.012100	0.039316
0.012200	-0.088540
0.012300	-0.120504
0.012400	0.007352
0.012500	-0.120504
0.012600	-0.088540
0.012700	-0.152468
0.012800	-0.056576
0.012900	0.103244
0.013000	-0.056576
0.013100	0.039316
0.013200	0.007352
0.013300	-0.056576
0.013400	0.007352
0.013500	0.103244
0.013600	-0.024612
0.013700	-0.024612
0.013800	0.039316
0.013900	-0.024612
0.014000	0.007352
0.014100	-0.120504
0.014200	-0.088540
0.014300	0.103244
0.014400	0.199136
0.014500	-0.024612
0.014600	-0.184432
0.014700	0.103244
0.014800	-0.088540
0.014900	0.039316
0.015000	0.103244
0.015100	-0.024612
0.015200	-0.120504
0.015300	0.103244
0.015400	-0.056576
0.015500	-0.216396
0.015600	-0.216396
0.015700	-0.152468
0.015800	0.103244
0.015900	0.103244
0.016000	0.071280
0.016100	0.231100
0.016200	0.071280
0.016300	-0.184432
0.016400	-0.056576
0.016500	0.135208
0.016600	0.071280
0.016700	-0.024612
0.016800	-0.280324
0.016900	-0.216396
0.017000	-0.248360
0.017100	-0.024612
0.017200	0.231100
0.017300	0.071280
0.017400	0.231100
0.017500	0.103244
0.017600	0.167172
0.017700	-0.088540
0.017800	0.167172
0.017900	0.167172
0.018000	0.231100
0.018100	0.518776
0.018200	0.390920
0.018300	0.390920
0.018400	0.167172
0.018500	0.103244
0.018600	-0.056576
0.018700	-0.568000
0.018800	-0.791748
0.018900	-0.823712
0.019000	-0.504072
0.019100	-0.184432
0.019200	0.135208
0.019300	0.263064
0.019400	0.454848
0.019500	0.550740
0.019600	0.454848
0.019700	0.295028
0.019800	0.295028
0.019900	0.582704
0.020000	0.614668
0.020100	0.390920
0.020200	0.231100
0.020300	-0.312288
0.020400	-0.727820
0.020500	-0.791748
0.020600	-0.280324
0.020700	0.390920
0.020800	0.550740
0.020900	0.326992
0.021000	-0.024612
0.021100	-0.312288
0.021200	-0.408180
0.021300	-0.472108
0.021400	-0.120504
0.021500	0.167172
0.021600	0.422884
0.021700	0.390920
0.021800	0.518776
0.021900	0.710560
0.022000	0.582704
0.022100	0.550740
0.022200	0.550740
0.022300	0.710560
0.022400	0.710560
0.022500	0.135208
0.022600	0.103244
0.022700	0.103244
0.022800	0.295028
0.022900	0.039316
0.023000	-0.695856
0.023100	-1.143350
0.023200	-1.079420
0.023300	-0.983532
0.023400	-0.695856
0.023500	-0.855676
0.023600	-1.431030
0.023700	-1.462990
0.023800	-1.367100
0.023900	-0.983532
0.024000	-1.143350
0.024100	-1.079420
0.024200	-1.303170
0.024300	-1.942450
0.024400	-2.038340
0.024500	-2.198160
0.024600	-2.485840
0.024700	-2.357980
0.024800	-1.686740
0.024900	-0.791748
0.025000	-1.047460
0.025100	-1.399060
0.025200	-1.942450
0.025300	-1.974420
0.025400	-1.526920
0.025500	-1.047460
0.025600	-1.526920
0.025700	-2.453880
0.025800	-2.869410
0.025900	-2.997260
0.026000	-2.741550
0.026100	-2.837440
0.026200	-3.284940
0.026300	-3.380830
0.026400	-3.157080
0.026500	-2.326020
0.026600	-1.335140
0.026700	-0.855676
0.026800	-1.399060
0.026900	-2.549770
0.027000	-3.093160
0.027100	-4.020110
0.027200	-4.147970
0.027300	-3.380830
0.027400	-2.613700
0.027500	-2.262090
0.027600	-3.604580
0.027700	-4.371720
0.027800	-3.572620
0.027900	-1.654780
0.028000	-0.855676
0.028100	-2.485840
0.028200	-4.659390
0.028300	-5.074920
0.028400	-3.125120
0.028500	-1.015500
0.028600	-0.568000
0.028700	-0.983532
0.028800	-2.581730
0.028900	-3.348870
0.029000	-2.837440
0.029100	-3.732440
0.029200	-4.723320
0.029300	-4.467610
0.029400	-3.412800
0.029500	-2.230130
0.029600	-1.814600
0.029700	-2.549770
0.029800	-3.412800
0.029900	-3.476720
0.030000	-2.166200
0.030100	-1.431030
0.030200	-1.526920
0.030300	-2.230130
0.030400	-3.316900
0.030500	-3.892260
0.030600	-4.371720
0.030700	-4.052080
0.030800	-2.294060
0.030900	-1.878520
0.031000	-3.157080
0.031100	-3.700470
0.031200	-2.997260
0.031300	-2.453880
0.031400	-1.878520
0.031500	-2.230130
0.031600	-2.997260
0.031700	-2.421910
0.031800	-1.239240
0.031900	-0.599964
0.032000	-1.239240
0.032100	-4.147970
0.032200	-4.723320
0.032300	-3.604580
0.032400	-1.399060
0.032500	-0.983532
0.032600	-1.750670
0.032700	-3.221010
0.032800	-4.467610
0.032900	-4.052080
0.033000	-3.636540
0.033100	-3.508690
0.033200	-3.061190
0.033300	-3.636540
0.033400	-2.901370
0.033500	-2.006380
0.033600	-1.974420
0.033700	-2.869410
0.033800	-3.061190
0.033900	-2.997260
0.034000	-2.230130
0.034100	-1.910490
0.034200	-2.869410
0.034300	-4.595460
0.034400	-4.531540
0.034500	-2.869410
0.034600	-2.645660
0.034700	-3.636540
0.034800	-4.883140
0.034900	-4.947070
0.035000	-5.426530
0.035100	-4.851180
0.035200	-3.764400
0.035300	-2.421910
0.035400	-2.357980
0.035500	-2.038340
0.035600	-2.837440
0.035700	-3.348870
0.035800	-4.339750
0.035900	-5.969920
0.036000	-4.883140
0.036100	-2.517800
0.036200	-2.485840
0.036300	-3.125120
0.036400	-3.061190
0.036500	-3.796360
0.036600	-4.787250
0.036700	-4.467610
0.036800	-4.435640
0.036900	-3.444760
0.037000	-3.157080
0.037100	-3.029230
0.037200	-3.572620
0.037300	-4.595460
0.037400	-5.106890
0.037500	-4.499570
0.037600	-3.380830
0.037700	-3.189050
0.037800	-3.189050
0.037900	-2.741550
0.038000	-2.965300
0.038100	-3.189050
0.038200	-3.988150
0.038300	-4.467610
0.038400	-4.371720
0.038500	-3.924220
0.038600	-3.029230
0.038700	-3.221010
0.038800	-3.540650
0.038900	-3.796360
0.039000	-3.316900
0.039100	-2.997260
0.039200	-3.444760
0.039300	-3.636540
0.039400	-3.572620
0.039500	-3.125120
0.039600	-3.508690
0.039700	-4.307790
0.039800	-4.563500
0.039900	-3.732440
0.040000	-2.357980
0.040100	-1.558880
0.040200	-2.421910
0.040300	-4.819210
0.040400	-5.714200
0.040500	-4.371720
0.040600	-2.805480
0.040700	-2.741550
0.040800	-3.604580
0.040900	-4.467610
0.041000	-4.595460
0.041100	-3.828330
0.041200	-2.997260
0.041300	-2.485840
0.041400	-3.316900
0.041500	-2.421910
0.041600	-0.823712
0.041700	-1.367100
0.041800	-2.677620
0.041900	-3.732440
0.042000	-3.380830
0.042100	-3.412800
0.042200	-2.965300
0.042300	-2.134240
0.042400	-2.773520
0.042500	-3.540650
0.042600	-2.549770
0.042700	-2.134240
0.042800	-2.677620
0.042900	-2.677620
0.043000	-2.326020
0.043100	-1.782630
0.043200	-1.207280
0.043300	-1.399060
0.043400	-2.805480
0.043500	-3.125120
0.043600	-2.262090
0.043700	-1.462990
0.043800	-0.280324
0.043900	-0.152468
0.044000	-1.143350
0.044100	-2.326020
0.044200	-3.157080
0.044300	-2.933340
0.044400	-1.974420
0.044500	-1.207280
0.044600	-1.271210
0.044700	-1.111390
0.044800	-1.590850
0.044900	-1.686740
0.045000	-1.239240
0.045100	-1.718700
0.045200	-2.326020
0.045300	-1.942450
0.045400	-1.143350
0.045500	-0.280324
0.045600	-0.472108
0.045700	-1.814600
0.045800	-2.901370
0.045900	-2.613700
0.046000	-2.198160
0.046100	-1.303170
0.046200	-0.504072
0.046300	-0.727820
0.046400	-1.207280
0.046500	-2.166200
0.046600	-3.029230
0.046700	-2.677620
0.046800	-1.590850
0.046900	-0.727820
0.047000	-0.376216
0.047100	-1.239240
0.047200	-1.686740
0.047300	-1.462990
0.047400	-1.047460
0.047500	-1.271210
0.047600	-1.782630
0.047700	-1.782630
0.047800	-1.526920
0.047900	-1.718700
0.048000	-1.750670
0.048100	-1.782630
0.048200	-1.718700
0.048300	-1.942450
0.048400	-1.878520
0.048500	-1.750670
0.048600	-1.462990
0.048700	-1.047460
0.048800	-0.823712
0.048900	-1.111390
0.049000	-1.878520
0.049100	-2.006380
0.049200	-1.558880
0.049300	-0.759784
0.049400	-0.727820
0.049500	-1.462990
0.049600	-1.622810
0.049700	-1.718700
0.049800	-1.526920
0.049900	-1.271210
0.050000	-0.727820
0.050100	-0.280324
0.050200	-0.536036
0.050300	-0.983532
0.050400	-1.015500
0.050500	-0.663892
0.050600	-0.631928
0.050700	-0.631928
0.050800	-0.791748
0.050900	-1.239240
0.051000	-0.791748
0.051100	-0.216396
0.051200	0.454848
0.051300	0.614668
0.051400	0.039316
0.051500	-0.120504
0.051600	0.263064
0.051700	0.902344
0.051800	0.838416
0.051900	1.094130
0.052000	0.902344
0.052100	0.806452
0.052200	0.774488
0.052300	0.806452
0.052400	0.934308
0.052500	0.902344
0.052600	0.263064
0.052700	0.358956
0.052800	0.934308
0.052900	1.541620
0.053000	2.053050
0.053100	2.244830
0.053200	2.116980
0.053300	1.158060
0.053400	0.742524
0.053500	0.966272
0.053600	1.957160
0.053700	2.340720
0.053800	1.989120
0.053900	1.541620
0.054000	1.285910
0.054100	1.413770
0.054200	1.861260
0.054300	2.116980
0.054400	2.212870
0.054500	2.628400
0.054600	2.596440
0.054700	2.021080
0.054800	1.637520
0.054900	1.541620
0.055000	1.637520
0.055100	1.861260
0.055200	2.532510
0.055300	3.171790
0.055400	3.203750
0.055500	2.916080
0.055600	2.628400
0.055700	2.053050
0.055800	2.372690
0.055900	2.916080
0.056000	3.491430
0.056100	3.619280
0.056200	2.948040
0.056300	2.276800
0.056400	1.733410
0.056500	1.445730
0.056600	1.765370
0.056700	1.861260
0.056800	2.500540
0.056900	2.820180
0.057000	2.948040
0.057100	1.989120
0.057200	1.126090
0.057300	1.062160
0.057400	1.253950
0.057500	1.158060
0.057600	1.413770
0.057700	1.957160
0.057800	1.637520
0.057900	0.998236
0.058000	0.966272
0.058100	1.221980
0.058200	1.190020
0.058300	1.413770
0.058400	2.212870
0.058500	2.916080
0.058600	1.861260
0.058700	0.518776
0.058800	0.486812
0.058900	0.710560
0.059000	1.190020
0.059100	1.285910
0.059200	1.062160
0.059300	1.126090
0.059400	0.806452
0.059500	0.326992
0.059600	0.646632
0.059700	0.934308
0.059800	0.646632
0.059900	1.605550
0.060000	2.788220
0.060100	1.541620
0.060200	0.518776
0.060300	0.934308
0.060400	0.550740
0.060500	0.550740
0.060600	1.733410
0.060700	2.532510
0.060800	2.148940
0.060900	1.637520
0.061000	1.509660
0.061100	1.158060
0.061200	0.998236
0.061300	1.094130
0.061400	1.477700
0.061500	1.797340
0.061600	1.701440
0.061700	1.637520
0.061800	1.221980
0.061900	0.934308
0.062000	1.062160
0.062100	1.509660
0.062200	1.701440
0.062300	1.317880
0.062400	1.126090
0.062500	1.317880
0.062600	1.637520
0.062700	1.573590
0.062800	1.509660
0.062900	1.829300
0.063000	1.957160
0.063100	1.797340
0.063200	1.669480
0.063300	1.669480
0.063400	1.509660
0.063500	1.445730
0.063600	1.605550
0.063700	1.637520
0.063800	1.541620
0.063900	1.413770
0.064000	1.637520
0.064100	2.021080
0.064200	1.541620
0.064300	1.893230
0.064400	2.180900
0.064500	1.733410
0.064600	0.742524
0.064700	0.422884
0.064800	1.317880
0.064900	1.701440
0.065000	1.126090
0.065100	0.774488
0.065200	1.190020
0.065300	1.381800
0.065400	1.285910
0.065500	1.637520
0.065600	2.308760
0.065700	2.053050
0.065800	2.404650
0.065900	2.852150
0.066000	2.404650
0.066100	1.925190
0.066200	2.468580
0.066300	2.820180
0.066400	2.852150
0.066500	2.788220
0.066600	2.884110
0.066700	2.692330
0.066800	2.660360
0.066900	2.628400
0.067000	2.596440
0.067100	2.596440
0.067200	2.756260
0.067300	3.011970
0.067400	3.043930
0.067500	3.043930
0.067600	3.203750
0.067700	3.171790
0.067800	3.171790
0.067900	3.107860
0.068000	2.948040
0.068100	2.788220
0.068200	2.628400
0.068300	2.308760
0.068400	2.532510
0.068500	3.043930
0.068600	2.564470
0.068700	2.244830
0.068800	1.957160
0.068900	1.989120
0.069000	3.363570
0.069100	3.139820
0.069200	1.605550
0.069300	2.116980
0.069400	2.053050
0.069500	2.532510
0.069600	3.267680
0.069700	2.788220
0.069800	2.596440
0.069900	2.756260
0.070000	2.500540
0.070100	3.139820
0.070200	3.139820
0.070300	2.980000
0.070400	3.299640
0.070500	3.107860
0.070600	3.011970
0.070700	2.980000
0.070800	2.980000
0.070900	3.331610
0.071000	3.363570
0.071100	3.683210
0.071200	3.395540
0.071300	3.267680
0.071400	3.267680
0.071500	3.619280
0.071600	3.843030
0.071700	3.619280
0.071800	2.884110
0.071900	2.085010
0.072000	2.276800
0.072100	2.948040
0.072200	3.203750
0.072300	3.395540
0.072400	3.555360
0.072500	3.779100
0.072600	3.779100
0.072700	4.354460
0.072800	4.514280
0.072900	4.162670
0.073000	3.715180
0.073100	3.555360
0.073200	4.610170
0.073300	5.185520
0.073400	4.865880
0.073500	5.409270
0.073600	6.751760
0.073700	8.030320
0.073800	8.925310
0.073900	8.989240
0.074000	7.710680
0.074100	5.696940
0.074200	4.066780
0.074300	2.980000
0.074400	2.404650
0.074500	1.765370
0.074600	1.317880
0.074700	2.021080
0.074800	3.715180
0.074900	6.591940
0.075000	8.797450
0.075100	10.139900
0.075200	9.884230
0.075300	9.628520
0.075400	9.149060
0.075500	7.359070
0.075600	4.801950
0.075700	4.226600
0.075800	6.496040
0.075900	9.181020
0.076000	9.372800
0.076100	7.103360
0.076200	5.792840
0.076300	5.409270
0.076400	5.920690
0.076500	7.838530
0.076600	10.203900
0.076700	11.226700
0.076800	9.372800
0.076900	7.454960
0.077000	5.984620
0.077100	5.952660
0.077200	6.911580
0.077300	8.349960
0.077400	9.021200
0.077500	8.445850
0.077600	7.103360
0.077700	6.879610
0.077800	7.327110
0.077900	7.710680
0.078000	9.053160
0.078100	8.893340
0.078200	8.733520
0.078300	8.222100
0.078400	7.806570
0.078500	7.774600
0.078600	7.678710
0.078700	7.710680
0.078800	7.838530
0.078900	7.838530
0.079000	7.582820
0.079100	7.327110
0.079200	6.687830
0.079300	6.623900
0.079400	7.071400
0.079500	7.486930
0.079600	8.254060
0.079700	8.477810
0.079800	8.126210
0.079900	7.710680
0.080000	6.975500
0.080100	6.751760
0.080200	6.943540
0.080300	7.167290
0.080400	7.071400
0.080500	7.263180
0.080600	7.263180
0.080700	7.103360
0.080800	6.432120
0.080900	5.760870
0.081000	5.569090
0.081100	6.400150
0.081200	7.423000
0.081300	7.998350
0.081400	7.870500
0.081500	6.975500
0.081600	6.144440
0.081700	5.984620
0.081800	6.847650
0.081900	7.614780
0.082000	7.614780
0.082100	7.678710
0.082200	7.263180
0.082300	6.911580
0.082400	7.263180
0.082500	7.646750
0.082600	7.998350
0.082700	7.998350
0.082800	7.454960
0.082900	6.975500
0.083000	6.943540
0.083100	6.943540
0.083200	6.847650
0.083300	6.496040
0.083400	6.208370
0.083500	6.176400
0.083600	6.144440
0.083700	6.751760
0.083800	7.167290
0.083900	6.815680
0.084000	6.368190
0.084100	5.792840
0.084200	5.760870
0.084300	5.792840
0.084400	6.272300
0.084500	6.815680
0.084600	6.464080
0.084700	6.304260
0.084800	6.080510
0.084900	5.505160
0.085000	4.769990
0.085100	5.185520
0.085200	5.920690
0.085300	6.655860
0.085400	6.847650
0.085500	6.048550
0.085600	4.801950
0.085700	3.779100
0.085800	2.788220
0.085900	0.902344
0.086000	0.710560
0.086100	4.258560
0.086200	5.569090
0.086300	4.482310
0.086400	3.747140
0.086500	3.587320
0.086600	3.075900
0.086700	3.363570
0.086800	4.194640
0.086900	5.057660
0.087000	5.089630
0.087100	4.098740
0.087200	3.011970
0.087300	2.596440
0.087400	2.468580
0.087500	2.756260
0.087600	3.587320
0.087700	4.386420
0.087800	5.025700
0.087900	4.578200
0.088000	3.427500
0.088100	2.308760
0.088200	2.500540
0.088300	3.107860
0.088400	4.002850
0.088500	4.354460
0.088600	4.226600
0.088700	3.587320
0.088800	2.532510
0.088900	2.180900
0.089000	2.404650
0.089100	2.820180
0.089200	3.459460
0.089300	4.162670
0.089400	4.034820
0.089500	3.299640
0.089600	2.692330
0.089700	2.085010
0.089800	2.436620
0.089900	2.820180
0.090000	3.683210
0.090100	3.779100
0.090200	3.651250
0.090300	2.820180
0.090400	2.500540
0.090500	2.212870
0.090600	2.564470
0.090700	3.043930
0.090800	3.395540
0.090900	3.555360
0.091000	3.235720
0.091100	2.500540
0.091200	1.989120
0.091300	1.733410
0.091400	1.861260
0.091500	2.532510
0.091600	3.043930
0.091700	3.139820
0.091800	2.916080
0.091900	2.724290
0.092000	2.436620
0.092100	2.596440
0.092200	2.980000
0.092300	3.395540
0.092400	2.884110
0.092500	2.404650
0.092600	2.053050
0.092700	1.925190
0.092800	2.085010
0.092900	2.053050
0.093000	2.180900
0.093100	2.468580
0.093200	2.692330
0.093300	2.500540
0.093400	2.212870
0.093500	1.989120
0.093600	1.765370
0.093700	2.180900
0.093800	2.788220
0.093900	3.075900
0.094000	2.852150
0.094100	2.053050
0.094200	1.349840
0.094300	1.381800
0.094400	2.212870
0.094500	3.203750
0.094600	2.884110
0.094700	1.573590
0.094800	1.253950
0.094900	1.126090
0.095000	1.637520
0.095100	2.021080
0.095200	1.925190
0.095300	1.925190
0.095400	1.861260
0.095500	1.797340
0.095600	1.701440
0.095700	1.317880
0.095800	1.285910
0.095900	1.317880
0.096000	1.541620
0.096100	2.053050
0.096200	2.276800
0.096300	2.180900
0.096400	1.477700
0.096500	1.158060
0.096600	1.317880
0.096700	1.861260
0.096800	2.404650
0.096900	2.308760
0.097000	1.765370
0.097100	1.349840
0.097200	1.221980
0.097300	1.509660
0.097400	1.893230
0.097500	2.180900
0.097600	1.957160
0.097700	2.085010
0.097800	1.797340
0.097900	1.477700
0.098000	1.477700
0.098100	1.573590
0.098200	1.765370
0.098300	1.957160
0.098400	2.180900
0.098500	2.212870
0.098600	1.989120
0.098700	1.541620
0.098800	1.573590
0.098900	1.669480
0.099000	1.925190
0.099100	2.085010
0.099200	2.276800
0.099300	2.148940
0.099400	1.861260
0.099500	1.573590
0.099600	1.541620
0.099700	1.861260
0.099800	1.765370
0.099900	1.957160
0.100000	1.989120
0.100100	1.861260
0.100200	1.733410
0.100300	1.573590
0.100400	1.317880
0.100500	1.381800
0.100600	1.701440
0.100700	1.765370
0.100800	1.765370
0.100900	1.925190
0.101000	1.765370
0.101100	1.765370
0.101200	1.701440
0.101300	1.605550
0.101400	1.637520
0.101500	1.605550
0.101600	1.541620
0.101700	1.637520
0.101800	1.477700
0.101900	1.605550
0.102000	1.445730
0.102100	1.413770
0.102200	1.317880
0.102300	1.477700
0.102400	1.445730
0.102500	1.701440
0.102600	1.541620
0.102700	1.349840
0.102800	1.221980
0.102900	1.030200
0.103000	1.158060
0.103100	1.030200
0.103200	1.030200
0.103300	1.317880
0.103400	2.053050
0.103500	2.788220
0.103600	2.085010
0.103700	0.582704
0.103800	-0.312288
0.103900	-0.056576
0.104000	0.998236
0.104100	1.861260
0.104200	2.116980
0.104300	1.637520
0.104400	1.030200
0.104500	0.646632
0.104600	0.710560
0.104700	0.998236
0.104800	0.966272
0.104900	1.221980
0.105000	1.445730
0.105100	1.765370
0.105200	1.349840
0.105300	0.646632
0.105400	0.167172
0.105500	0.390920
0.105600	0.966272
0.105700	1.477700
0.105800	1.669480
0.105900	1.158060
0.106000	0.422884
0.106100	0.295028
0.106200	0.838416
0.106300	1.445730
0.106400	1.573590
0.106500	1.158060
0.106600	0.870380
0.106700	0.390920
0.106800	0.295028
0.106900	0.518776
0.107000	0.838416
0.107100	0.806452
0.107200	0.934308
0.107300	0.742524
0.107400	0.646632
0.107500	0.422884
0.107600	0.358956
0.107700	0.486812
0.107800	0.646632
0.107900	0.710560
0.108000	0.902344
0.108100	0.966272
0.108200	0.742524
0.108300	0.295028
0.108400	0.422884
0.108500	0.646632
0.108600	0.422884
0.108700	1.030200
0.108800	0.966272
0.108900	0.518776
0.109000	0.167172
0.109100	0.454848
0.109200	0.422884
0.109300	0.646632
0.109400	0.550740
0.109500	0.742524
0.109600	0.806452
0.109700	0.902344
0.109800	0.742524
0.109900	0.486812
0.110000	0.422884
0.110100	0.358956
0.110200	0.486812
0.110300	0.870380
0.110400	0.710560
0.110500	0.518776
0.110600	0.263064
0.110700	0.135208
0.110800	-0.024612
0.110900	0.103244
0.111000	0.231100
0.111100	0.614668
0.111200	0.550740
0.111300	0.486812
0.111400	0.486812
0.111500	0.518776
0.111600	0.326992
0.111700	0.358956
0.111800	0.550740
0.111900	0.998236
0.112000	0.966272
0.112100	0.870380
0.112200	0.454848
0.112300	0.326992
0.112400	0.582704
0.112500	0.678596
0.112600	0.678596
0.112700	0.582704
0.112800	0.422884
0.112900	0.390920
0.113000	0.295028
0.113100	0.678596
0.113200	0.838416
0.113300	0.646632
0.113400	0.582704
0.113500	0.199136
0.113600	0.582704
0.113700	1.221980
0.113800	1.573590
0.113900	1.285910
0.114000	0.103244
0.114100	-0.791748
0.114200	-0.536036
0.114300	0.582704
0.114400	1.190020
0.114500	1.413770
0.114600	1.062160
0.114700	0.902344
0.114800	0.742524
0.114900	0.358956
0.115000	0.231100
0.115100	0.295028
0.115200	0.231100
0.115300	0.518776
0.115400	0.934308
0.115500	0.870380
0.115600	0.486812
0.115700	0.039316
0.115800	-0.184432
0.115900	0.263064
0.116000	0.934308
0.116100	1.221980
0.116200	0.966272
0.116300	0.870380
0.116400	0.071280
0.116500	-0.472108
0.116600	0.135208
0.116700	0.582704
0.116800	0.518776
0.116900	0.454848
0.117000	0.326992
0.117100	0.103244
0.117200	-0.216396
0.117300	-0.248360
0.117400	-0.088540
0.117500	0.326992
0.117600	0.518776
0.117700	0.774488
0.117800	0.774488
0.117900	0.390920
0.118000	-0.216396
0.118100	-0.152468
0.118200	0.007352
0.118300	0.422884
0.118400	0.614668
0.118500	0.582704
0.118600	0.103244
0.118700	-0.312288
0.118800	-0.312288
0.118900	-0.056576
0.119000	0.263064
0.119100	0.422884
0.119200	0.678596
0.119300	0.326992
0.119400	-0.024612
0.119500	-0.088540
0.119600	-0.248360
0.119700	0.007352
0.119800	0.039316
0.119900	0.135208
0.120000	0.039316
0.120100	-0.088540
0.120200	-0.216396
0.120300	-0.312288
0.120400	-0.088540
0.120500	0.135208
0.120600	0.039316
0.120700	0.167172
0.120800	-0.024612
0.120900	-0.280324
0.121000	-0.504072
0.121100	-0.248360
0.121200	-0.280324
0.121300	-0.216396
0.121400	-0.120504
0.121500	-0.184432
0.121600	-0.376216
0.121700	-0.152468
0.121800	-0.408180
0.121900	-0.440144
0.122000	-0.536036
0.122100	-0.536036
0.122200	-0.088540
0.122300	0.167172
0.122400	-0.216396
0.122500	-0.568000
0.122600	-0.631928
0.122700	-0.280324
0.122800	-0.248360
0.122900	0.039316
0.123000	0.199136
0.123100	-0.568000
0.123200	-0.599964
0.123300	-0.695856
0.123400	-0.631928
0.123500	-0.695856
0.123600	-0.759784
0.123700	-0.919604
0.123800	-0.408180
0.123900	-0.344252
0.124000	-0.216396
0.124100	-0.312288
0.124200	-0.759784
0.124300	-1.143350
0.124400	-0.695856
0.124500	-0.695856
0.124600	-0.312288
0.124700	-0.248360
0.124800	-0.088540
0.124900	-0.120504
0.125000	-0.568000
0.125100	-0.568000
0.125200	-0.983532
0.125300	-0.887640
0.125400	-0.727820
0.125500	-0.376216
0.125600	-0.184432
0.125700	-0.376216
0.125800	-0.599964
0.125900	-0.887640
0.126000	-0.823712
0.126100	-0.663892
0.126200	-0.440144
0.126300	-0.216396
0.126400	-0.088540
0.126500	-0.152468
0.126600	-0.504072
0.126700	-0.951568
0.126800	-1.047460
0.126900	-0.983532
0.127000	-0.472108
0.127100	-0.472108
0.127200	-0.184432
0.127300	-0.376216
0.127400	-0.376216
0.127500	-0.568000
0.127600	-0.695856
0.127700	-0.727820
0.127800	-0.568000
0.127900	-0.408180
0.128000	-0.248360
0.128100	-0.216396
0.128200	-0.248360
0.128300	-0.312288
0.128400	-0.695856
0.128500	-0.951568
0.128600	-0.536036
0.128700	-0.376216
0.128800	-0.184432
0.128900	-0.216396
0.129000	-0.472108
0.129100	-0.568000
0.129200	-0.504072
0.129300	-0.695856
0.129400	-0.599964
0.129500	-0.504072
0.129600	-0.248360
0.129700	-0.344252
0.129800	-0.216396
0.129900	-0.344252
0.130000	-0.440144
0.130100	-0.536036
0.130200	-0.631928
0.130300	-0.536036
0.130400	-0.536036
0.130500	-0.376216
0.130600	-0.408180
0.130700	-0.504072
0.130800	-0.663892
0.130900	-0.823712
0.131000	-0.855676
0.131100	-0.472108
0.131200	-0.280324
0.131300	-0.280324
0.131400	-0.440144
0.131500	-0.376216
0.131600	-0.504072
0.131700	-0.568000
0.131800	-0.504072
0.131900	-0.184432
0.132000	0.007352
0.132100	-0.216396
0.132200	-0.408180
0.132300	-0.344252
0.132400	-0.312288
0.132500	-0.280324
0.132600	-0.344252
0.132700	-0.536036
0.132800	-0.695856
0.132900	-0.663892
0.133000	-0.504072
0.133100	-0.344252
0.133200	-0.312288
0.133300	-0.280324
0.133400	-0.184432
0.133500	-0.120504
0.133600	-0.599964
0.133700	-0.887640
0.133800	-0.631928
0.133900	-0.184432
0.134000	0.071280
0.134100	0.326992
0.134200	-0.024612
0.134300	-0.631928
0.134400	-1.047460
0.134500	-0.919604
0.134600	-0.248360
0.134700	0.263064
0.134800	0.231100
0.134900	0.231100
0.135000	-0.440144
0.135100	-0.727820
0.135200	-0.887640
0.135300	-0.695856
0.135400	-0.216396
0.135500	0.135208
0.135600	0.358956
0.135700	0.199136
0.135800	-0.344252
0.135900	-0.855676
0.136000	-1.111390
0.136100	-0.599964
0.136200	0.071280
0.136300	0.614668
0.136400	0.422884
0.136500	-0.024612
0.136600	-0.184432
0.136700	-1.047460
0.136800	-1.207280
0.136900	-0.312288
0.137000	0.167172
0.137100	0.103244
0.137200	0.390920
0.137300	-0.088540
0.137400	-0.344252
0.137500	-1.047460
0.137600	-0.823712
0.137700	-0.280324
0.137800	0.135208
0.137900	0.422884
0.138000	0.710560
0.138100	0.231100
0.138200	-0.887640
0.138300	-1.303170
0.138400	-0.791748
0.138500	-0.248360
0.138600	0.390920
0.138700	0.263064
0.138800	0.039316
0.138900	-0.152468
0.139000	-0.440144
0.139100	-0.695856
0.139200	-0.695856
0.139300	-0.440144
0.139400	0.071280
0.139500	0.358956
0.139600	0.486812
0.139700	-0.056576
0.139800	-0.759784
0.139900	-0.823712
0.140000	-0.472108
0.140100	0.039316
0.140200	0.135208
0.140300	0.103244
0.140400	-0.152468
0.140500	-0.440144
0.140600	-0.536036
0.140700	-0.759784
0.140800	-0.887640
0.140900	-0.312288
0.141000	0.231100
0.141100	0.518776
0.141200	0.486812
0.141300	-0.248360
0.141400	-0.951568
0.141500	-1.175320
0.141600	-0.663892
0.141700	0.263064
0.141800	0.582704
0.141900	0.390920
0.142000	-0.216396
0.142100	-0.376216
0.142200	-0.759784
0.142300	-0.599964
0.142400	-0.727820
0.142500	-0.504072
0.142600	-0.088540
0.142700	0.582704
0.142800	0.390920
0.142900	-0.280324
0.143000	-0.823712
0.143100	-1.271210
0.143200	-1.239240
0.143300	-0.408180
0.143400	0.231100
0.143500	0.774488
0.143600	0.550740
0.143700	-0.408180
0.143800	-1.367100
0.143900	-1.846560
0.144000	-1.654780
0.144100	-0.408180
0.144200	0.934308
0.144300	1.158060
0.144400	0.710560
0.144500	-0.184432
0.144600	-1.622810
0.144700	-2.389950
0.144800	-1.782630
0.144900	-0.599964
0.145000	0.678596
0.145100	1.062160
0.145200	0.582704
0.145300	-0.408180
0.145400	-1.462990
0.145500	-1.846560
0.145600	-1.526920
0.145700	-0.120504
0.145800	0.678596
0.145900	0.902344
0.146000	0.263064
0.146100	-0.823712
0.146200	-1.654780
0.146300	-1.622810
0.146400	-0.919604
0.146500	0.263064
0.146600	0.902344
0.146700	0.518776
0.146800	-0.312288
0.146900	-0.919604
0.147000	-1.207280
0.147100	-1.015500
0.147200	-0.344252
0.147300	0.295028
0.147400	0.518776
0.147500	0.390920
0.147600	-0.152468
0.147700	-0.376216
0.147800	-0.951568
0.147900	-0.919604
0.148000	-0.568000
0.148100	0.167172
0.148200	0.486812
0.148300	0.422884
0.148400	-0.088540
0.148500	-0.536036
0.148600	-0.951568
0.148700	-0.631928
0.148800	-0.312288
0.148900	-0.088540
0.149000	0.039316
0.149100	-0.120504
0.149200	-0.280324
0.149300	-0.280324
0.149400	-0.184432
0.149500	-0.344252
0.149600	-0.344252
0.149700	-0.376216
0.149800	-0.056576
0.149900	0.039316
0.150000	0.007352
0.150100	-0.472108
0.150200	-0.951568
0.150300	-0.599964
0.150400	0.071280
0.150500	0.071280
0.150600	0.039316
0.150700	-0.088540
0.150800	-0.088540
0.150900	-0.088540
0.151000	-0.216396
0.151100	-0.216396
0.151200	-0.056576
0.151300	-0.120504
0.151400	-0.120504
0.151500	-0.056576
0.151600	-0.344252
0.151700	-0.376216
0.151800	-0.280324
0.151900	-0.312288
0.152000	-0.056576
0.152100	0.039316
0.152200	-0.024612
0.152300	-0.280324
0.152400	-0.440144
0.152500	-0.280324
0.152600	0.007352
0.152700	-0.184432
0.152800	-0.120504
0.152900	-0.056576
0.153000	-0.216396
0.153100	-0.184432
0.153200	-0.184432
0.153300	-0.280324
0.153400	-0.152468
0.153500	-0.184432
0.153600	-0.152468
0.153700	-0.216396
0.153800	-0.184432
0.153900	-0.088540
0.154000	-0.152468
0.154100	-0.216396
0.154200	-0.280324
0.154300	-0.024612
0.154400	-0.248360
0.154500	-0.376216
0.154600	-0.248360
0.154700	-0.184432
0.154800	-0.184432
0.154900	-0.152468
0.155000	-0.312288
0.155100	-0.376216
0.155200	-0.280324
0.155300	-0.344252
0.155400	-0.376216
0.155500	0.039316
0.155600	-0.056576
0.155700	-0.312288
0.155800	-0.536036
0.155900	-0.536036
0.156000	-0.440144
0.156100	-0.120504
0.156200	0.007352
0.156300	0.007352
0.156400	-0.216396
0.156500	-0.440144
0.156600	-0.599964
0.156700	-0.248360
0.156800	-0.120504
0.156900	-0.024612
0.157000	-0.152468
0.157100	-0.376216
0.157200	-0.376216
0.157300	-0.599964
0.157400	-0.376216
0.157500	-0.184432
0.157600	-0.312288
0.157700	-0.440144
0.157800	-0.344252
0.157900	-0.312288
0.158000	-0.216396
0.158100	-0.344252
0.158200	-0.088540
0.158300	-0.344252
0.158400	-0.376216
0.158500	-0.568000
0.158600	-0.440144
0.158700	-0.280324
0.158800	-0.376216
0.158900	-0.599964
0.159000	-0.599964
0.159100	-0.599964
0.159200	-0.408180
0.159300	-0.472108
0.159400	-0.440144
0.159500	-0.472108
0.159600	-0.536036
0.159700	-0.312288
0.159800	-0.376216
0.159900	-0.440144
0.160000	-0.504072
0.160100	-0.536036
0.160200	-0.599964
0.160300	-0.376216
0.160400	-0.504072
0.160500	-0.599964
0.160600	-0.344252
0.160700	-0.631928
0.160800	-0.568000
0.160900	-0.759784
0.161000	-0.568000
0.161100	-0.663892
0.161200	-0.599964
0.161300	-0.472108
0.161400	-0.599964
0.161500	-0.695856
0.161600	-0.631928
0.161700	-0.759784
0.161800	-0.855676
0.161900	-0.855676
0.162000	-0.663892
0.162100	-0.759784
0.162200	-0.951568
0.162300	-1.143350
0.162400	-1.015500
0.162500	-0.631928
0.162600	-0.344252
0.162700	-0.504072
0.162800	-0.919604
0.162900	-1.175320
0.163000	-1.047460
0.163100	-0.504072
0.163200	-0.599964
0.163300	-0.887640
0.163400	-1.015500
0.163500	-1.015500
0.163600	-0.823712
0.163700	-0.631928
0.163800	-0.599964
0.163900	-1.111390
0.164000	-1.494960
0.164100	-1.590850
0.164200	-0.823712
0.164300	-0.312288
0.164400	-0.568000
0.164500	-0.887640
0.164600	-1.079420
0.164700	-0.983532
0.164800	-0.983532
0.164900	-0.887640
0.165000	-0.951568
0.165100	-1.175320
0.165200	-1.175320
0.165300	-0.919604
0.165400	-0.727820
0.165500	-0.791748
0.165600	-1.271210
0.165700	-1.335140
0.165800	-1.047460
0.165900	-0.631928
0.166000	-0.440144
0.166100	-0.631928
0.166200	-1.015500
0.166300	-1.079420
0.166400	-1.047460
0.166500	-0.951568
0.166600	-0.887640
0.166700	-0.919604
0.166800	-1.175320
0.166900	-1.079420
0.167000	-1.175320
0.167100	-1.367100
0.167200	-1.558880
0.167300	-1.590850
0.167400	-1.431030
0.167500	-1.047460
0.167600	-0.887640
0.167700	-0.919604
0.167800	-1.079420
0.167900	-1.079420
0.168000	-1.367100
0.168100	-1.335140
0.168200	-0.951568
0.168300	-0.727820
0.168400	-1.175320
0.168500	-1.111390
0.168600	-1.079420
0.168700	-1.303170
0.168800	-1.303170
0.168900	-1.015500
0.169000	-0.919604
0.169100	-1.047460
0.169200	-1.143350
0.169300	-1.111390
0.169400	-1.079420
0.169500	-0.951568
0.169600	-0.759784
0.169700	-1.143350
0.169800	-1.239240
0.169900	-1.047460
0.170000	-1.239240
0.170100	-1.207280
0.170200	-1.111390
0.170300	-1.111390
0.170400	-0.983532
0.170500	-1.047460
0.170600	-1.047460
0.170700	-0.983532
0.170800	-1.239240
0.170900	-1.111390
0.171000	-1.175320
0.171100	-1.111390
0.171200	-1.175320
0.171300	-1.143350
0.171400	-1.335140
0.171500	-1.207280
0.171600	-1.047460
0.171700	-1.079420
0.171800	-1.111390
0.171900	-0.951568
0.172000	-1.079420
0.172100	-0.951568
0.172200	-1.079420
0.172300	-1.079420
0.172400	-1.079420
0.172500	-1.239240
0.172600	-1.079420
0.172700	-1.015500
0.172800	-1.047460
0.172900	-0.951568
0.173000	-0.983532
0.173100	-1.015500
0.173200	-1.271210
0.173300	-1.207280
0.173400	-0.855676
0.173500	-1.015500
0.173600	-0.983532
0.173700	-1.015500
0.173800	-1.079420
0.173900	-1.239240
0.174000	-1.239240
0.174100	-1.271210
0.174200	-1.111390
0.174300	-1.015500
0.174400	-1.175320
0.174500	-1.175320
0.174600	-0.791748
0.174700	-0.919604
0.174800	-1.111390
0.174900	-1.111390
0.175000	-0.887640
0.175100	-0.983532
0.175200	-1.047460
0.175300	-1.079420
0.175400	-1.207280
0.175500	-1.143350
0.175600	-1.207280
0.175700	-1.079420
0.175800	-1.047460
0.175900	-0.983532
0.176000	-1.143350
0.176100	-1.239240
0.176200	-1.271210
0.176300	-1.399060
0.176400	-1.111390
0.176500	-1.015500
0.176600	-1.079420
0.176700	-1.271210
0.176800	-1.335140
0.176900	-1.207280
0.177000	-1.015500
0.177100	-1.143350
0.177200	-1.111390
0.177300	-1.207280
0.177400	-1.175320
0.177500	-1.175320
0.177600	-1.111390
0.177700	-1.271210
0.177800	-1.303170
0.177900	-1.143350
0.178000	-1.143350
0.178100	-1.047460
0.178200	-1.015500
0.178300	-1.303170
0.178400	-1.207280
0.178500	-1.207280
0.178600	-1.271210
0.178700	-1.207280
0.178800	-1.079420
0.178900	-1.111390
0.179000	-1.335140
0.179100	-1.175320
0.179200	-1.015500
0.179300	-0.983532
0.179400	-0.887640
0.179500	-1.015500
0.179600	-1.079420
0.179700	-1.143350
0.179800	-1.015500
0.179900	-1.111390
0.180000	-0.823712
0.180100	-0.855676
0.180200	-0.855676
0.180300	-1.079420
0.180400	-0.759784
0.180500	-0.983532
0.180600	-1.015500
0.180700	-0.919604
0.180800	-0.983532
0.180900	-0.855676
0.181000	-0.823712
0.181100	-0.759784
0.181200	-0.823712
0.181300	-0.727820
0.181400	-0.887640
0.181500	-0.823712
0.181600	-0.823712
0.181700	-0.823712
0.181800	-1.047460
0.181900	-0.759784
0.182000	-0.759784
0.182100	-0.663892
0.182200	-0.823712
0.182300	-0.631928
0.182400	-0.568000
0.182500	-0.472108
0.182600	-0.568000
0.182700	-0.568000
0.182800	-0.440144
0.182900	-0.759784
0.183000	-0.727820
0.183100	-0.791748
0.183200	-0.631928
0.183300	-0.631928
0.183400	-0.695856
0.183500	-0.727820
0.183600	-0.599964
0.183700	-0.631928
0.183800	-0.504072
0.183900	-0.472108
0.184000	-0.376216
0.184100	-0.504072
0.184200	-0.312288
0.184300	-0.280324
0.184400	-0.216396
0.184500	-0.408180
0.184600	-0.504072
0.184700	-0.344252
0.184800	-0.440144
0.184900	-0.504072
0.185000	-0.344252
0.185100	-0.312288
0.185200	-0.280324
0.185300	-0.440144
0.185400	-0.376216
0.185500	-0.248360
0.185600	-0.248360
0.185700	-0.216396
0.185800	-0.312288
0.185900	-0.376216
0.186000	-0.472108
0.186100	-0.312288
0.186200	-0.536036
0.186300	-0.408180
0.186400	-0.344252
0.186500	-0.344252
0.186600	-0.216396
0.186700	-0.152468
0.186800	-0.280324
0.186900	-0.152468
0.187000	0.007352
0.187100	-0.152468
0.187200	-0.312288
0.187300	-0.408180
0.187400	-0.280324
0.187500	-0.184432
0.187600	-0.184432
0.187700	-0.024612
0.187800	-0.152468
0.187900	-0.280324
0.188000	-0.248360
0.188100	-0.248360
0.188200	-0.120504
0.188300	-0.184432
0.188400	-0.312288
0.188500	-0.216396
0.188600	-0.184432
0.188700	-0.312288
0.188800	-0.280324
0.188900	-0.408180
0.189000	-0.216396
0.189100	-0.248360
0.189200	-0.024612
0.189300	-0.024612
0.189400	-0.056576
0.189500	-0.280324
0.189600	-0.152468
0.189700	-0.472108
0.189800	-0.280324
0.189900	-0.088540
0.190000	-0.184432
0.190100	-0.280324
0.190200	-0.280324
0.190300	-0.248360
0.190400	-0.184432
0.190500	-0.216396
0.190600	-0.056576
0.190700	-0.344252
0.190800	-0.248360
0.190900	-0.280324
0.191000	-0.248360
0.191100	-0.024612
0.191200	-0.184432
0.191300	-0.280324
0.191400	-0.280324
0.191500	-0.280324
0.191600	-0.312288
0.191700	-0.312288
0.191800	-0.216396
0.191900	-0.248360
0.192000	-0.120504
0.192100	-0.056576
0.192200	-0.088540
0.192300	-0.024612
0.192400	-0.184432
0.192500	0.007352
0.192600	0.199136
0.192700	0.071280
0.192800	-0.152468
0.192900	-0.120504
0.193000	-0.088540
0.193100	-0.152468
0.193200	-0.248360
0.193300	0.039316
0.193400	-0.024612
0.193500	-0.024612
0.193600	0.007352
0.193700	-0.120504
0.193800	-0.152468
0.193900	-0.088540
0.194000	-0.024612
0.194100	0.135208
0.194200	0.039316
0.194300	-0.088540
0.194400	-0.024612
0.194500	0.071280
0.194600	-0.120504
0.194700	-0.088540
0.194800	0.295028
0.194900	0.518776
0.195000	0.326992
0.195100	-0.152468
0.195200	-0.376216
0.195300	-0.120504
0.195400	0.326992
0.195500	0.486812
0.195600	0.039316
0.195700	-0.344252
0.195800	-0.504072
0.195900	-0.184432
0.196000	0.167172
0.196100	0.454848
0.196200	0.231100
0.196300	0.071280
0.196400	-0.088540
0.196500	0.039316
0.196600	-0.056576
0.196700	-0.056576
0.196800	-0.056576
0.196900	0.039316
0.197000	0.103244
0.197100	0.007352
0.197200	0.263064
0.197300	-0.088540
0.197400	-0.184432
0.197500	-0.088540
0.197600	0.295028
0.197700	0.199136
0.197800	0.103244
0.197900	-0.216396
0.198000	-0.312288
0.198100	-0.280324
0.198200	-0.024612
0.198300	0.071280
0.198400	0.071280
0.198500	-0.344252
0.198600	-0.312288
0.198700	-0.312288
0.198800	-0.248360
0.198900	-0.152468
0.199000	-0.024612
0.199100	-0.216396
0.199200	-0.056576
0.199300	-0.088540
0.199400	-0.024612
0.199500	-0.056576
0.199600	-0.184432
0.199700	-0.376216
0.199800	-0.248360
0.199900	-0.248360
0.200000	-0.440144
0.200100	-0.216396
0.200200	-0.280324
0.200300	-0.376216
0.200400	-0.376216
0.200500	-0.216396
0.200600	-0.024612
0.200700	0.007352
0.200800	-0.056576
0.200900	-0.120504
0.201000	-0.280324
0.201100	-0.216396
0.201200	-0.376216
0.201300	-0.312288
0.201400	-0.216396
0.201500	-0.184432
0.201600	-0.408180
0.201700	-0.344252
0.201800	-0.312288
0.201900	-0.280324
0.202000	-0.312288
0.202100	-0.024612
0.202200	-0.216396
0.202300	-0.120504
0.202400	-0.280324
0.202500	-0.184432
0.202600	-0.408180
0.202700	-0.216396
0.202800	0.071280
0.202900	-0.120504
0.203000	-0.440144
0.203100	-0.440144
0.203200	-0.184432
0.203300	0.071280
0.203400	-0.056576
0.203500	-0.088540
0.203600	-0.344252
0.203700	-0.280324
0.203800	0.039316
0.203900	0.007352
0.204000	-0.312288
0.204100	-0.088540
0.204200	-0.216396
0.204300	-0.344252
0.204400	-0.344252
0.204500	-0.088540
0.204600	-0.152468
0.204700	-0.280324
0.204800	-0.248360
0.204900	-0.184432
0.205000	-0.088540
0.205100	-0.024612
0.205200	-0.312288
0.205300	-0.472108
0.205400	-0.376216
0.205500	-0.184432
0.205600	-0.216396
0.205700	-0.184432
0.205800	-0.312288
0.205900	-0.376216
0.206000	-0.184432
0.206100	-0.184432
0.206200	-0.120504
0.206300	-0.120504
0.206400	-0.216396
0.206500	-0.216396
0.206600	-0.184432
0.206700	-0.056576
0.206800	-0.184432
0.206900	-0.216396
0.207000	-0.088540
0.207100	-0.120504
0.207200	-0.120504
0.207300	-0.024612
0.207400	-0.056576
0.207500	-0.248360
0.207600	-0.088540
0.207700	-0.184432
0.207800	0.039316
0.207900	0.039316
0.208000	0.007352
0.208100	0.007352
0.208200	0.039316
0.208300	-0.088540
0.208400	0.071280
0.208500	0.199136
0.208600	0.071280
0.208700	0.103244
0.208800	0.071280
0.208900	0.135208
0.209000	0.135208
0.209100	0.103244
0.209200	-0.152468
0.209300	-0.344252
0.209400	-0.568000
0.209500	-0.504072
0.209600	-0.376216
0.209700	-0.056576
0.209800	0.422884
0.209900	0.454848
0.210000	0.263064
0.210100	0.135208
0.210200	-0.184432
0.210300	-0.120504
0.210400	0.071280
0.210500	0.263064
0.210600	0.167172
0.210700	0.007352
0.210800	-0.440144
0.210900	-0.504072
0.211000	-0.152468
0.211100	0.231100
0.211200	0.390920
0.211300	0.486812
0.211400	0.358956
0.211500	0.326992
0.211600	0.295028
0.211700	0.071280
0.211800	-0.120504
0.211900	-0.024612
0.212000	0.039316
0.212100	0.007352
0.212200	-0.120504
0.212300	-0.312288
0.212400	-0.248360
0.212500	-0.024612
0.212600	0.231100
0.212700	0.263064
0.212800	0.103244
0.212900	0.007352
0.213000	-0.056576
0.213100	0.039316
0.213200	-0.056576
0.213300	-0.056576
0.213400	-0.152468
0.213500	-0.120504
0.213600	-0.088540
0.213700	-0.120504
0.213800	-0.024612
0.213900	-0.216396
0.214000	-0.152468
0.214100	-0.088540
0.214200	-0.120504
0.214300	0.039316
0.214400	-0.024612
0.214500	-0.088540
0.214600	0.039316
0.214700	-0.280324
0.214800	-0.120504
0.214900	0.007352
0.215000	-0.056576
0.215100	-0.120504
0.215200	-0.184432
0.215300	-0.120504
0.215400	-0.152468
0.215500	-0.152468
0.215600	-0.120504
0.215700	-0.152468
0.215800	-0.056576
0.215900	0.071280
0.216000	0.103244
0.216100	0.007352
0.216200	-0.312288
0.216300	-0.280324
0.216400	-0.344252
0.216500	-0.344252
0.216600	-0.280324
0.216700	-0.344252
0.216800	-0.312288
0.216900	-0.120504
0.217000	-0.248360
0.217100	-0.184432
0.217200	-0.312288
0.217300	-0.120504
0.217400	-0.248360
0.217500	-0.088540
0.217600	-0.280324
0.217700	-0.216396
0.217800	-0.280324
0.217900	-0.088540
0.218000	-0.280324
0.218100	-0.248360
0.218200	-0.312288
0.218300	-0.184432
0.218400	-0.216396
0.218500	0.039316
0.218600	-0.184432
0.218700	-0.504072
0.218800	-0.248360
0.218900	-0.312288
0.219000	-0.344252
0.219100	-0.184432
0.219200	-0.216396
0.219300	-0.312288
0.219400	-0.312288
0.219500	-0.152468
0.219600	-0.216396
0.219700	-0.184432
0.219800	-0.216396
0.219900	-0.536036
0.220000	-0.184432
0.220100	-0.024612
0.220200	-0.312288
0.220300	-0.376216
0.220400	-0.120504
0.220500	-0.280324
0.220600	-0.216396
0.220700	-0.024612
0.220800	-0.312288
0.220900	-0.152468
0.221000	-0.312288
0.221100	-0.120504
0.221200	-0.056576
0.221300	-0.120504
0.221400	-0.344252
0.221500	-0.184432
0.221600	-0.184432
0.221700	-0.056576
0.221800	-0.088540
0.221900	-0.248360
0.222000	-0.184432
0.222100	-0.152468
0.222200	-0.248360
0.222300	-0.184432
0.222400	-0.120504
0.222500	-0.056576
0.222600	-0.088540
0.222700	-0.216396
0.222800	-0.312288
0.222900	-0.024612
0.223000	0.007352
0.223100	-0.152468
0.223200	-0.152468
0.223300	-0.280324
0.223400	-0.184432
0.223500	-0.120504
0.223600	-0.152468
0.223700	-0.152468
0.223800	-0.408180
0.223900	-0.376216
0.224000	-0.184432
0.224100	-0.184432
0.224200	-0.024612
0.224300	-0.056576
0.224400	-0.312288
0.224500	-0.408180
0.224600	-0.376216
0.224700	-0.248360
0.224800	-0.120504
0.224900	0.007352
0.225000	0.007352
0.225100	-0.312288
0.225200	-0.440144
0.225300	-0.152468
0.225400	-0.088540
0.225500	-0.120504
0.225600	-0.152468
0.225700	-0.312288
0.225800	-0.504072
0.225900	-0.152468
0.226000	-0.120504
0.226100	-0.248360
0.226200	-0.184432
0.226300	-0.216396
0.226400	-0.280324
0.226500	-0.088540
0.226600	0.039316
0.226700	-0.056576
0.226800	-0.216396
0.226900	-0.216396
0.227000	-0.408180
0.227100	-0.216396
0.227200	-0.056576
0.227300	-0.024612
0.227400	-0.152468
0.227500	-0.248360
0.227600	-0.184432
0.227700	-0.312288
0.227800	-0.024612
0.227900	0.039316
0.228000	-0.056576
0.228100	-0.120504
0.228200	-0.376216
0.228300	-0.376216
0.228400	-0.280324
0.228500	-0.408180
0.228600	-0.056576
0.228700	0.071280
0.228800	0.167172
0.228900	-0.088540
0.229000	-0.248360
0.229100	-0.536036
0.229200	-0.631928
0.229300	-0.344252
0.229400	0.039316
0.229500	0.422884
0.229600	0.326992
0.229700	-0.216396
0.229800	-0.599964
0.229900	-0.791748
0.230000	-0.663892
0.230100	-0.248360
0.230200	0.295028
0.230300	0.518776
0.230400	0.231100
0.230500	-0.248360
0.230600	-0.568000
0.230700	-0.855676
0.230800	-0.440144
0.230900	-0.120504
0.231000	0.518776
0.231100	0.518776
0.231200	0.039316
0.231300	-0.472108
0.231400	-0.791748
0.231500	-0.791748
0.231600	-0.440144
0.231700	0.039316
0.231800	0.806452
0.231900	0.838416
0.232000	0.199136
0.232100	-0.631928
0.232200	-1.175320
0.232300	-1.047460
0.232400	-0.248360
0.232500	0.390920
0.232600	0.998236
0.232700	0.774488
0.232800	-0.280324
0.232900	-0.919604
0.233000	-1.111390
0.233100	-0.568000
0.233200	0.295028
0.233300	0.966272
0.233400	0.454848
0.233500	0.039316
0.233600	-0.887640
0.233700	-0.951568
0.233800	-0.536036
0.233900	-0.056576
0.234000	0.263064
0.234100	0.358956
0.234200	-0.024612
0.234300	-0.376216
0.234400	-0.216396
0.234500	-0.312288
0.234600	-0.312288
0.234700	0.039316
0.234800	0.007352
0.234900	0.071280
0.235000	0.135208
0.235100	0.135208
0.235200	-0.216396
0.235300	-0.312288
0.235400	-0.376216
0.235500	-0.376216
0.235600	-0.184432
0.235700	0.039316
0.235800	0.167172
0.235900	0.231100
0.236000	-0.120504
0.236100	-0.408180
0.236200	-0.663892
0.236300	-0.440144
0.236400	0.071280
0.236500	0.486812
0.236600	0.550740
0.236700	0.071280
0.236800	-0.472108
0.236900	-0.919604
0.237000	-0.568000
0.237100	0.071280
0.237200	0.454848
0.237300	0.582704
0.237400	0.231100
0.237500	-0.376216
0.237600	-0.568000
0.237700	-0.599964
0.237800	-0.248360
0.237900	0.326992
0.238000	0.454848
0.238100	0.263064
0.238200	-0.216396
0.238300	-0.312288
0.238400	-0.536036
0.238500	-0.152468
0.238600	0.135208
0.238700	0.263064
0.238800	0.071280
0.238900	0.167172
0.239000	-0.024612
0.239100	-0.152468
0.239200	-0.152468
0.239300	-0.088540
0.239400	0.167172
0.239500	0.263064
0.239600	0.167172
0.239700	-0.184432
0.239800	-0.248360
0.239900	-0.248360
0.240000	0.103244
0.240100	0.231100
0.240200	0.167172
0.240300	-0.056576
0.240400	-0.184432
0.240500	0.039316
0.240600	0.167172
0.240700	0.167172
0.240800	-0.184432
0.240900	-0.376216
0.241000	-0.024612
0.241100	0.390920
0.241200	0.358956
0.241300	-0.120504
0.241400	-0.472108
0.241500	-0.280324
0.241600	0.199136
0.241700	0.614668
0.241800	0.295028
0.241900	-0.088540
0.242000	-0.248360
0.242100	0.071280
0.242200	0.390920
0.242300	0.358956
0.242400	-0.120504
0.242500	-0.344252
0.242600	-0.088540
0.242700	0.358956
0.242800	0.454848
0.242900	0.199136
0.243000	-0.280324
0.243100	-0.216396
0.243200	0.007352
0.243300	0.263064
0.243400	0.486812
0.243500	-0.024612
0.243600	-0.440144
0.243700	-0.280324
0.243800	0.454848
0.243900	0.454848
0.244000	0.007352
0.244100	-0.280324
0.244200	-0.280324
0.244300	0.422884
0.244400	0.518776
0.244500	0.071280
0.244600	-0.312288
0.244700	-0.376216
0.244800	0.071280
0.244900	0.358956
0.245000	0.358956
0.245100	0.071280
0.245200	-0.280324
0.245300	-0.312288
0.245400	0.295028
0.245500	0.390920
0.245600	0.326992
0.245700	0.039316
0.245800	-0.216396
0.245900	-0.152468
0.246000	0.231100
0.246100	0.390920
0.246200	-0.024612
0.246300	0.199136
0.246400	0.135208
0.246500	0.039316
0.246600	0.326992
0.246700	0.039316
0.246800	-0.152468
0.246900	0.039316
0.247000	0.135208
0.247100	0.295028
0.247200	0.326992
0.247300	0.263064
0.247400	-0.056576
0.247500	-0.088540
0.247600	0.135208
0.247700	0.199136
0.247800	0.167172
0.247900	0.007352
0.248000	-0.024612
0.248100	0.071280
0.248200	0.135208
0.248300	0.295028
0.248400	0.263064
0.248500	0.103244
0.248600	0.007352
0.248700	0.007352
0.248800	0.007352
0.248900	0.135208
0.249000	0.039316
0.249100	-0.088540
0.249200	-0.152468
0.249300	0.135208
0.249400	0.135208
0.249500	0.199136
0.249600	0.103244
0.249700	0.103244
0.249800	0.071280
0.249900	0.135208
0.250000	0.103244
0.250100	0.231100
0.250200	0.039316
0.250300	0.103244
0.250400	0.071280
0.250500	0.103244
0.250600	0.103244
0.250700	0.007352
0.250800	0.167172
0.250900	0.167172
0.251000	0.071280
0.251100	0.135208
0.251200	0.135208
0.251300	0.199136
0.251400	0.167172
0.251500	0.167172
0.251600	0.071280
0.251700	0.390920
0.251800	0.199136
0.251900	0.231100
0.252000	0.135208
0.252100	0.103244
0.252200	0.135208
0.252300	0.263064
0.252400	0.071280
0.252500	0.103244
0.252600	0.103244
0.252700	0.231100
0.252800	0.326992
0.252900	0.231100
0.253000	0.135208
0.253100	0.135208
0.253200	0.135208
0.253300	0.167172
0.253400	0.263064
0.253500	0.135208
0.253600	0.199136
0.253700	0.167172
0.253800	0.263064
0.253900	0.295028
0.254000	0.135208
0.254100	0.263064
0.254200	0.103244
0.254300	0.135208
0.254400	0.167172
0.254500	0.167172
0.254600	0.135208
0.254700	0.167172
0.254800	0.167172
0.254900	0.199136
0.255000	0.103244
0.255100	0.167172
0.255200	0.167172
0.255300	0.103244
0.255400	0.071280
0.255500	0.263064
0.255600	0.295028
0.255700	0.103244
0.255800	0.135208
0.255900	0.231100
0.256000	0.167172
0.256100	0.103244
0.256200	0.135208
0.256300	0.199136
0.256400	0.167172
0.256500	0.167172
0.256600	0.007352
0.256700	0.199136
0.256800	0.199136
0.256900	0.263064
0.257000	-0.056576
0.257100	0.231100
0.257200	0.135208
0.257300	0.103244
0.257400	0.167172
0.257500	0.135208
0.257600	0.199136
0.257700	0.422884
0.257800	0.167172
0.257900	0.199136
0.258000	0.135208
0.258100	0.135208
0.258200	0.199136
0.258300	0.326992
0.258400	0.199136
0.258500	0.167172
0.258600	0.199136
0.258700	0.295028
0.258800	0.167172
0.258900	0.135208
0.259000	0.103244
0.259100	0.326992
0.259200	0.326992
0.259300	0.326992
0.259400	0.263064
0.259500	0.326992
0.259600	0.326992
0.259700	0.071280
0.259800	0.103244
0.259900	0.295028
0.260000	0.454848
0.260100	0.326992
0.260200	0.358956
0.260300	0.103244
0.260400	0.263064
0.260500	0.231100
0.260600	0.199136
0.260700	0.135208
0.260800	0.167172
0.260900	0.167172
0.261000	0.231100
0.261100	0.071280
0.261200	0.167172
0.261300	0.167172
0.261400	0.167172
0.261500	0.039316
0.261600	0.199136
0.261700	0.167172
0.261800	-0.056576
0.261900	0.103244
0.262000	0.103244
0.262100	0.199136
0.262200	0.103244
0.262300	0.135208
0.262400	0.071280
0.262500	0.263064
0.262600	-0.024612
0.262700	0.103244
0.262800	-0.024612
0.262900	0.007352
0.263000	0.007352
0.263100	0.007352
0.263200	0.039316
0.263300	0.135208
0.263400	0.167172
0.263500	-0.056576
0.263600	0.039316
0.263700	0.007352
0.263800	0.039316
0.263900	-0.088540
0.264000	0.039316
0.264100	-0.216396
0.264200	0.039316
0.264300	0.039316
0.264400	0.039316
0.264500	-0.024612
0.264600	-0.056576
0.264700	-0.248360
0.264800	-0.152468
0.264900	-0.024612
0.265000	-0.088540
0.265100	-0.056576
0.265200	0.071280
0.265300	-0.056576
0.265400	0.007352
0.265500	0.007352
0.265600	0.007352
0.265700	0.007352
0.265800	-0.056576
0.265900	-0.344252
0.266000	-0.248360
0.266100	-0.088540
0.266200	-0.120504
0.266300	-0.024612
0.266400	-0.056576
0.266500	-0.024612
0.266600	0.039316
0.266700	-0.184432
0.266800	-0.088540
0.266900	0.071280
0.267000	0.103244
0.267100	-0.024612
0.267200	-0.088540
0.267300	-0.152468
0.267400	-0.152468
0.267500	-0.088540
0.267600	-0.024612
0.267700	-0.056576
0.267800	-0.056576
0.267900	0.007352
0.268000	0.135208
0.268100	-0.088540
0.268200	-0.088540
0.268300	-0.152468
0.268400	-0.152468
0.268500	-0.152468
0.268600	-0.024612
0.268700	-0.088540
0.268800	-0.056576
0.268900	-0.184432
0.269000	-0.056576
0.269100	-0.024612
0.269200	-0.120504
0.269300	-0.120504
0.269400	0.039316
0.269500	-0.088540
0.269600	-0.024612
0.269700	0.167172
0.269800	0.039316
0.269900	-0.152468
0.270000	-0.152468
0.270100	-0.184432
0.270200	-0.056576
0.270300	-0.152468
0.270400	-0.088540
0.270500	-0.088540
0.270600	0.007352
0.270700	0.039316
0.270800	-0.056576
0.270900	-0.088540
0.271000	0.007352
0.271100	0.007352
0.271200	0.039316
0.271300	-0.024612
0.271400	-0.056576
0.271500	0.007352
0.271600	0.039316
0.271700	0.007352
0.271800	-0.088540
0.271900	0.039316
0.272000	-0.088540
0.272100	-0.088540
0.272200	0.135208
0.272300	0.039316
0.272400	-0.152468
0.272500	-0.088540
0.272600	-0.024612
0.272700	0.135208
0.272800	0.135208
0.272900	0.135208
0.273000	-0.024612
0.273100	0.007352
0.273200	-0.056576
0.273300	0.007352
0.273400	0.071280
0.273500	-0.056576
0.273600	0.007352
0.273700	-0.056576
0.273800	-0.056576
0.273900	-0.056576
0.274000	-0.184432
0.274100	0.167172
0.274200	0.103244
0.274300	0.039316
0.274400	-0.056576
0.274500	-0.120504
0.274600	0.039316
0.274700	0.007352
0.274800	-0.120504
0.274900	-0.312288
0.275000	-0.088540
0.275100	0.039316
0.275200	-0.024612
0.275300	-0.056576
0.275400	-0.184432
0.275500	-0.184432
0.275600	-0.088540
0.275700	-0.216396
0.275800	-0.312288
0.275900	-0.280324
0.276000	-0.248360
0.276100	0.007352
0.276200	-0.248360
0.276300	-0.408180
0.276400	-0.312288
0.276500	-0.280324
0.276600	-0.344252
0.276700	-0.408180
0.276800	-0.280324
0.276900	-0.248360
0.277000	-0.216396
0.277100	-0.280324
0.277200	-0.312288
0.277300	-0.440144
0.277400	-0.344252
0.277500	-0.440144
0.277600	-0.408180
0.277700	-0.248360
0.277800	-0.344252
0.277900	-0.568000
0.278000	-0.344252
0.278100	-0.663892
0.278200	-0.440144
0.278300	-0.376216
0.278400	-0.344252
0.278500	-0.312288
0.278600	-0.472108
0.278700	-0.536036
0.278800	-0.440144
0.278900	-0.440144
0.279000	-0.504072
0.279100	-0.248360
0.279200	-0.280324
0.279300	-0.312288
0.279400	-0.376216
0.279500	-0.440144
0.279600	-0.472108
0.279700	-0.504072
0.279800	-0.376216
0.279900	-0.344252
0.280000	-0.376216
0.280100	-0.472108
0.280200	-0.599964
0.280300	-0.440144
0.280400	-0.440144
0.280500	-0.376216
0.280600	-0.568000
0.280700	-0.408180
0.280800	-0.408180
0.280900	-0.248360
0.281000	-0.472108
0.281100	-0.248360
0.281200	-0.248360
0.281300	-0.248360
0.281400	-0.344252
0.281500	-0.312288
0.281600	-0.440144
0.281700	-0.376216
0.281800	-0.344252
0.281900	-0.440144
0.282000	-0.344252
0.282100	-0.376216
0.282200	-0.376216
0.282300	-0.376216
0.282400	-0.376216
0.282500	-0.280324
0.282600	-0.248360
0.282700	-0.280324
0.282800	-0.536036
0.282900	-0.440144
0.283000	-0.344252
0.283100	-0.376216
0.283200	-0.344252
0.283300	-0.312288
0.283400	-0.216396
0.283500	-0.280324
0.283600	-0.312288
0.283700	-0.376216
0.283800	-0.344252
0.283900	-0.280324
0.284000	-0.248360
0.284100	-0.280324
0.284200	-0.280324
0.284300	-0.248360
0.284400	-0.280324
0.284500	-0.312288
0.284600	-0.344252
0.284700	-0.216396
0.284800	-0.152468
0.284900	-0.248360
0.285000	-0.152468
0.285100	-0.216396
0.285200	-0.280324
0.285300	-0.184432
0.285400	-0.216396
0.285500	-0.344252
0.285600	-0.248360
0.285700	-0.312288
0.285800	-0.248360
0.285900	-0.184432
0.286000	-0.216396
0.286100	-0.216396
0.286200	-0.152468
0.286300	-0.152468
0.286400	-0.344252
0.286500	-0.216396
0.286600	-0.248360
0.286700	-0.120504
0.286800	-0.056576
0.286900	0.071280
0.287000	-0.088540
0.287100	-0.280324
0.287200	-0.344252
0.287300	-0.184432
0.287400	-0.216396
0.287500	-0.088540
0.287600	-0.088540
0.287700	-0.120504
0.287800	-0.056576
0.287900	-0.152468
0.288000	-0.120504
0.288100	-0.088540
0.288200	-0.248360
0.288300	0.007352
0.288400	-0.216396
0.288500	-0.088540
0.288600	-0.248360
0.288700	-0.152468
0.288800	-0.376216
0.288900	-0.088540
0.289000	-0.344252
0.289100	-0.088540
0.289200	-0.152468
0.289300	-0.280324
0.289400	-0.312288
0.289500	-0.376216
0.289600	-0.088540
0.289700	-0.280324
0.289800	-0.280324
0.289900	-0.248360
0.290000	-0.280324
0.290100	-0.216396
0.290200	-0.152468
0.290300	-0.248360
0.290400	-0.344252
0.290500	-0.152468
0.290600	-0.248360
0.290700	-0.216396
0.290800	-0.248360
0.290900	-0.344252
0.291000	-0.312288
0.291100	-0.344252
0.291200	-0.312288
0.291300	-0.248360
0.291400	-0.408180
0.291500	-0.312288
0.291600	-0.376216
0.291700	-0.312288
0.291800	-0.472108
0.291900	-0.504072
0.292000	-0.440144
0.292100	-0.440144
0.292200	-0.344252
0.292300	-0.376216
0.292400	-0.344252
0.292500	-0.568000
0.292600	-0.599964
0.292700	-0.440144
0.292800	-0.408180
0.292900	-0.408180
0.293000	-0.344252
0.293100	-0.312288
0.293200	-0.440144
0.293300	-0.568000
0.293400	-0.344252
0.293500	-0.568000
0.293600	-0.472108
0.293700	-0.376216
0.293800	-0.376216
0.293900	-0.344252
0.294000	-0.440144
0.294100	-0.408180
0.294200	-0.344252
0.294300	-0.440144
0.294400	-0.344252
0.294500	-0.472108
0.294600	-0.440144
0.294700	-0.472108
0.294800	-0.536036
0.294900	-0.663892
0.295000	-0.504072
0.295100	-0.344252
0.295200	-0.472108
0.295300	-0.536036
0.295400	-0.376216
0.295500	-0.472108
0.295600	-0.472108
0.295700	-0.568000
0.295800	-0.663892
0.295900	-0.536036
0.296000	-0.440144
0.296100	-0.376216
0.296200	-0.536036
0.296300	-0.472108
0.296400	-0.663892
0.296500	-0.376216
0.296600	-0.472108
0.296700	-0.472108
0.296800	-0.408180
0.296900	-0.280324
0.297000	-0.440144
0.297100	-0.599964
0.297200	-0.568000
0.297300	-0.408180
0.297400	-0.568000
0.297500	-0.472108
0.297600	-0.536036
0.297700	-0.312288
0.297800	-0.472108
0.297900	-0.536036
0.298000	-0.408180
0.298100	-0.504072
0.298200	-0.440144
0.298300	-0.504072
0.298400	-0.599964
0.298500	-0.568000
0.298600	-0.440144
0.298700	-0.440144
0.298800	-0.440144
0.298900	-0.472108
0.299000	-0.568000
0.299100	-0.599964
0.299200	-0.376216
0.299300	-0.472108
0.299400	-0.472108
0.299500	-0.568000
0.299600	-0.440144
0.299700	-0.504072
0.299800	-0.599964
0.299900	-0.568000
