-0.050000	0.588229
-0.049900	-5.229420
-0.049800	0.588229
-0.049700	0.588229
-0.049600	-2.320600
-0.049500	-2.320600
-0.049400	-1.350990
-0.049300	0.588229
-0.049200	-5.229420
-0.049100	-2.805400
-0.049000	-1.350990
-0.048900	2.527440
-0.048800	3.497050
-0.048700	-6.199030
-0.048600	-1.350990
-0.048500	4.466660
-0.048400	-3.290200
-0.048300	-6.683830
-0.048200	-2.320600
-0.048100	3.497050
-0.048000	-1.350990
-0.047900	-3.290200
-0.047800	-2.320600
-0.047700	0.588229
-0.047600	-4.744620
-0.047500	-3.290200
-0.047400	-1.350990
-0.047300	-1.350990
-0.047200	-3.290200
-0.047100	-3.290200
-0.047000	0.588229
-0.046900	-0.381379
-0.046800	-5.229420
-0.046700	-5.229420
-0.046600	3.497050
-0.046500	2.527440
-0.046400	2.527440
-0.046300	2.527440
-0.046200	-3.290200
-0.046100	-3.290200
-0.046000	0.588229
-0.045900	-5.229420
-0.045800	0.588229
-0.045700	2.527440
-0.045600	-11.047100
-0.045500	-5.229420
-0.045400	2.527440
-0.045300	-3.290200
-0.045200	-2.320600
-0.045100	2.527440
-0.045000	-3.290200
-0.044900	-5.229420
-0.044800	-3.290200
-0.044700	-4.744620
-0.044600	-2.320600
-0.044500	0.588229
-0.044400	0.588229
-0.044300	-3.290200
-0.044200	-2.320600
-0.044100	-2.320600
-0.044000	-3.290200
-0.043900	-3.290200
-0.043800	-3.290200
-0.043700	-4.259810
-0.043600	0.588229
-0.043500	-1.350990
-0.043400	-1.350990
-0.043300	2.527440
-0.043200	-1.350990
-0.043100	-5.229420
-0.043000	-3.290200
-0.042900	-3.290200
-0.042800	-4.744620
-0.042700	-2.320600
-0.042600	1.557840
-0.042500	0.588229
-0.042400	-1.350990
-0.042300	-1.350990
-0.042200	0.588229
-0.042100	2.527440
-0.042000	-1.350990
-0.041900	-7.168640
-0.041800	-5.229420
-0.041700	2.527440
-0.041600	0.588229
-0.041500	0.588229
-0.041400	0.588229
-0.041300	-3.290200
-0.041200	-3.290200
-0.041100	0.588229
-0.041000	-1.350990
-0.040900	0.588229
-0.040800	4.466660
-0.040700	-2.320600
-0.040600	-1.350990
-0.040500	4.466660
-0.040400	-3.290200
-0.040300	-5.229420
-0.040200	-2.805400
-0.040100	-2.320600
-0.040000	0.588229
-0.039900	1.557840
-0.039800	-2.320600
-0.039700	-3.290200
-0.039600	2.527440
-0.039500	0.588229
-0.039400	0.588229
-0.039300	5.436270
-0.039200	2.527440
-0.039100	-3.290200
-0.039000	0.588229
-0.038900	2.527440
-0.038800	0.588229
-0.038700	-7.168640
-0.038600	-2.320600
-0.038500	1.557840
-0.038400	0.588229
-0.038300	-6.683830
-0.038200	-7.168640
-0.038100	-0.381379
-0.038000	0.588229
-0.037900	-2.320600
-0.037800	-3.290200
-0.037700	0.588229
-0.037600	-0.381379
-0.037500	-3.290200
-0.037400	-3.290200
-0.037300	-3.290200
-0.037200	-2.320600
-0.037100	-2.320600
-0.037000	-0.381379
-0.036900	-4.259810
-0.036800	1.557840
-0.036700	2.527440
-0.036600	-1.350990
-0.036500	-3.290200
-0.036400	-1.350990
-0.036300	4.466660
-0.036200	0.588229
-0.036100	-7.168640
-0.036000	-7.168640
-0.035900	2.527440
-0.035800	0.588229
-0.035700	-5.229420
-0.035600	-2.320600
-0.035500	-3.290200
-0.035400	1.073030
-0.035300	2.527440
-0.035200	4.466660
-0.035100	-3.290200
-0.035000	-3.290200
-0.034900	-2.320600
-0.034800	-1.350990
-0.034700	-1.350990
-0.034600	-4.744620
-0.034500	-11.047100
-0.034400	-5.229420
-0.034300	0.588229
-0.034200	-1.350990
-0.034100	-1.350990
-0.034000	0.588229
-0.033900	0.588229
-0.033800	-2.320600
-0.033700	-3.290200
-0.033600	0.588229
-0.033500	-3.290200
-0.033400	2.527440
-0.033300	2.527440
-0.033200	0.588229
-0.033100	0.588229
-0.033000	0.588229
-0.032900	-4.259810
-0.032800	-3.290200
-0.032700	3.012250
-0.032600	5.436270
-0.032500	2.527440
-0.032400	1.557840
-0.032300	-3.290200
-0.032200	4.466660
-0.032100	6.405880
-0.032000	-3.290200
-0.031900	0.588229
-0.031800	4.466660
-0.031700	1.073030
-0.031600	-2.320600
-0.031500	4.466660
-0.031400	-1.350990
-0.031300	-7.168640
-0.031200	-3.290200
-0.031100	-2.320600
-0.031000	-1.835790
-0.030900	2.527440
-0.030800	4.466660
-0.030700	-0.866183
-0.030600	-2.320600
-0.030500	-5.229420
-0.030400	2.527440
-0.030300	3.497050
-0.030200	-1.350990
-0.030100	-3.290200
-0.030000	0.588229
-0.029900	0.588229
-0.029800	0.588229
-0.029700	-1.350990
-0.029600	4.466660
-0.029500	-2.320600
-0.029400	-2.320600
-0.029300	1.557840
-0.029200	0.588229
-0.029100	-5.229420
-0.029000	-5.229420
-0.028900	2.527440
-0.028800	4.466660
-0.028700	-3.290200
-0.028600	-2.320600
-0.028500	0.588229
-0.028400	-3.290200
-0.028300	-2.320600
-0.028200	2.527440
-0.028100	2.527440
-0.028000	0.588229
-0.027900	0.588229
-0.027800	-3.290200
-0.027700	-2.320600
-0.027600	2.527440
-0.027500	-3.290200
-0.027400	0.588229
-0.027300	4.466660
-0.027200	5.436270
-0.027100	-3.290200
-0.027000	-2.320600
-0.026900	4.466660
-0.026800	4.466660
-0.026700	0.588229
-0.026600	2.527440
-0.026500	4.466660
-0.026400	5.921070
-0.026300	-5.229420
-0.026200	-3.290200
-0.026100	4.466660
-0.026000	0.588229
-0.025900	-3.290200
-0.025800	-4.259810
-0.025700	0.588229
-0.025600	-3.290200
-0.025500	-1.350990
-0.025400	2.527440
-0.025300	1.557840
-0.025200	-1.350990
-0.025100	-1.350990
-0.025000	2.527440
-0.024900	3.497050
-0.024800	3.497050
-0.024700	0.588229
-0.024600	0.588229
-0.024500	5.436270
-0.024400	5.436270
-0.024300	-1.350990
-0.024200	-2.805400
-0.024100	3.012250
-0.024000	6.405880
-0.023900	4.466660
-0.023800	0.588229
-0.023700	1.557840
-0.023600	0.588229
-0.023500	-4.744620
-0.023400	-7.168640
-0.023300	4.466660
-0.023200	-0.381379
-0.023100	-6.683830
-0.023000	2.527440
-0.022900	0.588229
-0.022800	-7.168640
-0.022700	0.588229
-0.022600	3.012250
-0.022500	-2.320600
-0.022400	-6.199030
-0.022300	-2.320600
-0.022200	-2.320600
-0.022100	1.557840
-0.022000	4.466660
-0.021900	0.588229
-0.021800	4.466660
-0.021700	2.527440
-0.021600	-1.350990
-0.021500	2.527440
-0.021400	0.588229
-0.021300	-3.290200
-0.021200	-1.350990
-0.021100	5.436270
-0.021000	0.588229
-0.020900	-3.290200
-0.020800	0.588229
-0.020700	-1.350990
-0.020600	2.527440
-0.020500	2.527440
-0.020400	-1.350990
-0.020300	2.527440
-0.020200	0.588229
-0.020100	-3.290200
-0.020000	-2.320600
-0.019900	1.557840
-0.019800	0.588229
-0.019700	2.527440
-0.019600	0.588229
-0.019500	0.588229
-0.019400	1.557840
-0.019300	-1.350990
-0.019200	-2.805400
-0.019100	-2.320600
-0.019000	-1.350990
-0.018900	0.588229
-0.018800	0.588229
-0.018700	-4.259810
-0.018600	-4.259810
-0.018500	4.466660
-0.018400	3.497050
-0.018300	-3.290200
-0.018200	-4.259810
-0.018100	-3.290200
-0.018000	-7.168640
-0.017900	-7.168640
-0.017800	-0.866183
-0.017700	0.588229
-0.017600	-1.350990
-0.017500	0.588229
-0.017400	-1.350990
-0.017300	4.466660
-0.017200	0.588229
-0.017100	-1.350990
-0.017000	-1.350990
-0.016900	-3.290200
-0.016800	-2.805400
-0.016700	-1.350990
-0.016600	5.436270
-0.016500	4.466660
-0.016400	-0.381379
-0.016300	2.527440
-0.016200	4.466660
-0.016100	2.527440
-0.016000	0.588229
-0.015900	-3.290200
-0.015800	-1.350990
-0.015700	5.436270
-0.015600	2.527440
-0.015500	-3.290200
-0.015400	-3.290200
-0.015300	2.527440
-0.015200	2.527440
-0.015100	2.527440
-0.015000	0.588229
-0.014900	0.588229
-0.014800	4.466660
-0.014700	-2.320600
-0.014600	-4.744620
-0.014500	0.588229
-0.014400	0.588229
-0.014300	-5.229420
-0.014200	-3.290200
-0.014100	-1.350990
-0.014000	-2.805400
-0.013900	0.588229
-0.013800	2.527440
-0.013700	5.436270
-0.013600	4.466660
-0.013500	-2.320600
-0.013400	-3.290200
-0.013300	3.497050
-0.013200	1.557840
-0.013100	0.588229
-0.013000	4.466660
-0.012900	6.890680
-0.012800	2.527440
-0.012700	0.588229
-0.012600	0.588229
-0.012500	2.527440
-0.012400	2.527440
-0.012300	-3.290200
-0.012200	-3.290200
-0.012100	6.405880
-0.012000	4.466660
-0.011900	0.588229
-0.011800	2.527440
-0.011700	4.466660
-0.011600	5.436270
-0.011500	4.466660
-0.011400	2.527440
-0.011300	2.527440
-0.011200	3.012250
-0.011100	0.588229
-0.011000	0.588229
-0.010900	4.466660
-0.010800	0.588229
-0.010700	0.588229
-0.010600	3.497050
-0.010500	2.527440
-0.010400	0.588229
-0.010300	0.588229
-0.010200	2.527440
-0.010100	1.557840
-0.010000	4.466660
-0.009900	-1.350990
-0.009800	0.588229
-0.009700	4.466660
-0.009600	4.466660
-0.009500	0.588229
-0.009400	-1.350990
-0.009300	0.588229
-0.009200	-3.290200
-0.009100	2.527440
-0.009000	3.012250
-0.008900	0.588229
-0.008800	4.466660
-0.008700	4.466660
-0.008600	2.527440
-0.008500	1.557840
-0.008400	0.588229
-0.008300	0.588229
-0.008200	4.466660
-0.008100	4.466660
-0.008000	2.527440
-0.007900	-1.350990
-0.007800	4.951460
-0.007700	4.466660
-0.007600	0.588229
-0.007500	2.527440
-0.007400	2.527440
-0.007300	1.073030
-0.007200	5.436270
-0.007100	-3.290200
-0.007000	-7.168640
-0.006900	-7.168640
-0.006800	-3.290200
-0.006700	-1.835790
-0.006600	-1.350990
-0.006500	-0.866183
-0.006400	2.527440
-0.006300	2.527440
-0.006200	-1.350990
-0.006100	-3.290200
-0.006000	5.436270
-0.005900	4.466660
-0.005800	0.588229
-0.005700	0.588229
-0.005600	-2.320600
-0.005500	0.588229
-0.005400	4.466660
-0.005300	2.527440
-0.005200	1.557840
-0.005100	-1.350990
-0.005000	-3.290200
-0.004900	-2.320600
-0.004800	0.588229
-0.004700	4.466660
-0.004600	5.436270
-0.004500	4.466660
-0.004400	0.588229
-0.004300	-5.229420
-0.004200	-0.381379
-0.004100	5.436270
-0.004000	0.588229
-0.003900	1.557840
-0.003800	4.466660
-0.003700	-3.290200
-0.003600	0.588229
-0.003500	-3.290200
-0.003400	-2.320600
-0.003300	-2.320600
-0.003200	-5.229420
-0.003100	-3.290200
-0.003000	3.497050
-0.002900	2.527440
-0.002800	0.588229
-0.002700	2.527440
-0.002600	1.557840
-0.002500	0.588229
-0.002400	0.588229
-0.002300	4.466660
-0.002200	-5.229420
-0.002100	0.588229
-0.002000	4.466660
-0.001900	1.557840
-0.001800	-1.350990
-0.001700	8.345090
-0.001600	5.436270
-0.001500	-5.229420
-0.001400	-3.290200
-0.001300	0.588229
-0.001200	0.588229
-0.001100	-5.229420
-0.001000	-3.290200
-0.000900	4.466660
-0.000800	4.466660
-0.000700	-3.290200
-0.000600	-3.290200
-0.000500	-1.350990
-0.000400	0.588229
-0.000300	-3.290200
-0.000200	6.405880
-0.000100	2.527440
0.000000	0.588229
0.000100	8.345090
0.000200	4.466660
0.000300	6.405880
0.000400	6.405880
0.000500	5.436270
0.000600	4.466660
0.000700	8.345090
0.000800	-6.199030
0.000900	-3.290200
0.001000	10.284300
0.001100	4.466660
0.001200	-1.350990
0.001300	5.436270
0.001400	5.436270
0.001500	2.527440
0.001600	4.466660
0.001700	5.436270
0.001800	-7.168640
0.001900	-56.618599
0.002000	-24.621599
0.002100	19.980400
0.002200	-14.925500
0.002300	-55.648998
0.002400	-11.047100
0.002500	-16.864700
0.002600	-50.800999
0.002700	8.345090
0.002800	23.858801
0.002900	-25.591200
0.003000	-13.955900
0.003100	18.041201
0.003200	-3.290200
0.003300	-2.320600
0.003400	1.557840
0.003500	-7.168640
0.003600	-6.199030
0.003700	4.466660
0.003800	4.466660
0.003900	4.466660
0.004000	0.588229
0.004100	-14.925500
0.004200	-7.168640
0.004300	0.588229
0.004400	0.588229
0.004500	-2.320600
0.004600	0.588229
0.004700	2.527440
0.004800	-3.290200
0.004900	4.466660
0.005000	8.345090
0.005100	-7.168640
0.005200	-11.047100
0.005300	0.588229
0.005400	-12.986300
0.005500	-20.743099
0.005600	-13.955900
0.005700	-29.469601
0.005800	-32.378399
0.005900	-15.895100
0.006000	-15.895100
0.006100	-26.560801
0.006200	-28.500000
0.006300	-21.712799
0.006400	-26.560801
0.006500	-20.743099
0.006600	-18.803900
0.006700	-26.560801
0.006800	-30.439199
0.006900	-22.682400
0.007000	-14.925500
0.007100	-14.925500
0.007200	-11.047100
0.007300	-10.077500
0.007400	-14.925500
0.007500	-12.986300
0.007600	-16.864700
0.007700	-34.317699
0.007800	-30.439199
0.007900	-26.560801
0.008000	-26.560801
0.008100	-14.925500
0.008200	-21.712799
0.008300	-28.500000
0.008400	-21.712799
0.008500	-23.652000
0.008600	-27.530399
0.008700	-30.439199
0.008800	-37.226501
0.008900	-47.892200
0.009000	-40.135300
0.009100	-21.712799
0.009200	-22.682400
0.009300	-38.196098
0.009400	-31.408800
0.009500	-34.317699
0.009600	-30.439199
0.009700	-19.773500
0.009800	-22.682400
0.009900	-19.773500
0.010000	-18.803900
0.010100	-22.682400
0.010200	-14.925500
0.010300	-16.864700
0.010400	-22.682400
0.010500	-14.925500
0.010600	-11.047100
0.010700	-13.955900
0.010800	-16.864700
0.010900	-16.864700
0.011000	-20.743099
0.011100	-19.773500
0.011200	-22.682400
0.011300	-24.621599
0.011400	-26.560801
0.011500	-24.621599
0.011600	-26.560801
0.011700	-38.196098
0.011800	-33.348099
0.011900	-33.348099
0.012000	-45.952999
0.012100	-32.378399
0.012200	-16.864700
0.012300	-11.047100
0.012400	0.588229
0.012500	8.345090
0.012600	12.223500
0.012700	33.554901
0.012800	60.703899
0.012900	82.520103
0.013000	78.156898
0.013100	105.306000
0.013200	128.576004
0.013300	121.789001
0.013400	124.697998
0.013500	121.789001
0.013600	118.879997
0.013700	109.183998
0.013800	95.609802
0.013900	79.126503
0.014000	64.582397
0.014100	47.129398
0.014200	33.554901
0.014300	23.858801
0.014400	16.586800
0.014500	16.101999
0.014600	12.223500
0.014700	23.858801
0.014800	32.585300
0.014900	35.494099
0.015000	35.494099
0.015100	37.433300
0.015200	39.372501
0.015300	29.676500
0.015400	23.858801
0.015500	6.405880
0.015600	3.497050
0.015700	4.466660
0.015800	-5.229420
0.015900	-1.350990
0.016000	4.466660
0.016100	3.012250
0.016200	8.345090
0.016300	14.162700
0.016400	17.071600
0.016500	20.950001
0.016600	14.162700
0.016700	10.284300
0.016800	13.193100
0.016900	16.101999
0.017000	27.737301
0.017100	31.615700
0.017200	31.615700
0.017300	40.342201
0.017400	47.129398
0.017500	36.463699
0.017600	23.858801
0.017700	16.101999
0.017800	3.497050
0.017900	-7.168640
0.018000	-11.047100
0.018100	-12.986300
0.018200	-18.803900
0.018300	-18.803900
0.018400	-25.591200
0.018500	-30.439199
0.018600	-18.803900
0.018700	-14.925500
0.018800	-12.986300
0.018900	-7.168640
0.019000	0.588229
0.019100	-2.320600
0.019200	-2.320600
0.019300	9.314700
0.019400	8.345090
0.019500	10.284300
0.019600	4.466660
0.019700	-20.743099
0.019800	-34.317699
0.019900	-41.104900
0.020000	-45.952999
0.020100	-29.469601
0.020200	-9.107850
0.020300	8.345090
0.020400	28.706900
0.020500	39.372501
0.020600	28.706900
0.020700	18.041201
0.020800	12.223500
0.020900	4.466660
0.021000	-7.168640
0.021100	-11.047100
0.021200	18.041201
0.021300	25.798000
0.021400	19.980400
0.021500	30.646099
0.021600	54.886299
0.021700	70.400002
0.021800	54.886299
0.021900	17.071600
0.022000	8.345090
0.022100	-10.077500
0.022200	-11.047100
0.022300	23.858801
0.022400	43.250999
0.022500	45.190201
0.022600	54.886299
0.022700	60.703899
0.022800	54.886299
0.022900	32.585300
0.023000	29.676500
0.023100	16.101999
0.023200	-6.683830
0.023300	-16.864700
0.023400	-25.591200
0.023500	-36.256901
0.023600	-33.348099
0.023700	-30.439199
0.023800	-47.892200
0.023900	-47.892200
0.024000	-32.378399
0.024100	-33.348099
0.024200	-18.803900
0.024300	-11.047100
0.024400	-18.803900
0.024500	-16.864700
0.024600	-1.350990
0.024700	-7.168640
0.024800	-6.199030
0.024900	26.767599
0.025000	43.250999
0.025100	43.250999
0.025200	40.342201
0.025300	39.372501
0.025400	31.615700
0.025500	33.554901
0.025600	41.311798
0.025700	33.554901
0.025800	16.101999
0.025900	11.253900
0.026000	5.436270
0.026100	3.497050
0.026200	0.588229
0.026300	-22.682400
0.026400	-36.256901
0.026500	-18.803900
0.026600	-2.320600
0.026700	-6.199030
0.026800	-26.560801
0.026900	-21.712799
0.027000	-12.016700
0.027100	-30.439199
0.027200	-28.500000
0.027300	-14.925500
0.027400	-38.196098
0.027500	-38.196098
0.027600	-21.712799
0.027700	-53.709801
0.027800	-55.648998
0.027900	-36.256901
0.028000	-48.861801
0.028100	-53.709801
0.028200	-49.831402
0.028300	-69.223503
0.028400	-69.223503
0.028500	-26.560801
0.028600	-51.770599
0.028700	-153.578995
0.028800	-187.516006
0.028900	-165.214996
0.029000	-142.914001
0.029100	-128.369995
0.029200	-115.764999
0.029300	-106.069000
0.029400	-79.889198
0.029500	-61.466702
0.029600	-42.074501
0.029700	-18.803900
0.029800	-9.107850
0.029900	12.223500
0.030000	54.886299
0.030100	103.366997
0.030200	163.481995
0.030300	173.177994
0.030400	163.481995
0.030500	165.421997
0.030600	163.481995
0.030700	152.817001
0.030800	132.455002
0.030900	116.941002
0.031000	114.031998
0.031100	109.668999
0.031200	111.124001
0.031300	105.306000
0.031400	93.670601
0.031500	80.096100
0.031600	54.886299
0.031700	35.494099
0.031800	3.497050
0.031900	-42.074501
0.032000	-59.527500
0.032100	-73.101997
0.032200	-111.886002
0.032300	-146.792007
0.032400	-166.184006
0.032500	-166.184006
0.032600	-165.214996
0.032700	-190.425003
0.032800	-208.362000
0.032900	-208.847000
0.033000	-233.087006
0.033100	-251.509995
0.033200	-259.266998
0.033300	-270.902008
0.033400	-285.446014
0.033500	-281.567993
0.033600	-296.112000
0.033700	-309.686005
0.033800	-303.868988
0.033900	-310.656006
0.034000	-343.622986
0.034100	-360.105988
0.034200	-362.045013
0.034300	-371.740997
0.034400	-386.285004
0.034500	-381.437012
0.034600	-379.497986
0.034700	-359.621002
0.034800	-277.688995
0.034900	-229.209000
0.035000	-389.194000
0.035100	-395.011993
0.035200	-331.987000
0.035300	-409.556000
0.035400	-400.829010
0.035500	-358.166992
0.035600	-379.497986
0.035700	-384.830994
0.035800	-379.497986
0.035900	-382.407013
0.036000	-379.497986
0.036100	-390.648987
0.036200	-394.041992
0.036300	-390.164001
0.036400	-387.255005
0.036500	-379.497986
0.036600	-377.558990
0.036700	-369.316986
0.036800	-365.924011
0.036900	-356.227997
0.037000	-346.531006
0.037100	-344.592010
0.037200	-346.531006
0.037300	-346.531006
0.037400	-344.592010
0.037500	-340.713989
0.037600	-327.139008
0.037700	-317.442993
0.037800	-316.473999
0.037900	-308.717010
0.038000	-305.808014
0.038100	-300.959991
0.038200	-286.415985
0.038300	-269.932007
0.038400	-247.630997
0.038500	-232.117996
0.038600	-222.421997
0.038700	-212.725998
0.038800	-204.968994
0.038900	-200.121002
0.039000	-185.576996
0.039100	-162.306000
0.039200	-144.852997
0.039300	-140.005005
0.039400	-122.552002
0.039500	-111.886002
0.039600	-100.250999
0.039700	-84.737297
0.039800	-76.980400
0.039900	-67.284302
0.040000	-59.527500
0.040100	-57.588299
0.040200	-42.074501
0.040300	-32.378399
0.040400	-26.560801
0.040500	-22.682400
0.040600	-16.864700
0.040700	-9.107850
0.040800	-7.168640
0.040900	-7.168640
0.041000	10.284300
0.041100	24.828400
0.041200	32.585300
0.041300	33.554901
0.041400	37.433300
0.041500	39.372501
0.041600	41.311798
0.041700	39.372501
0.041800	37.918098
0.041900	39.372501
0.042000	35.494099
0.042100	35.494099
0.042200	31.615700
0.042300	26.767599
0.042400	19.980400
0.042500	18.041201
0.042600	16.101999
0.042700	14.162700
0.042800	4.466660
0.042900	8.345090
0.043000	3.012250
0.043100	9.314700
0.043200	23.858801
0.043300	21.919600
0.043400	18.041201
0.043500	18.041201
0.043600	16.101999
0.043700	23.858801
0.043800	23.858801
0.043900	20.950001
0.044000	21.919600
0.044100	25.798000
0.044200	24.343599
0.044300	19.980400
0.044400	18.041201
0.044500	19.980400
0.044600	16.101999
0.044700	6.405880
0.044800	14.162700
0.044900	13.193100
0.045000	11.253900
0.045100	10.284300
0.045200	12.223500
0.045300	4.466660
0.045400	4.951460
0.045500	12.223500
0.045600	14.162700
0.045700	18.041201
0.045800	9.314700
0.045900	5.436270
0.046000	3.497050
0.046100	8.345090
0.046200	16.101999
0.046300	19.980400
0.046400	18.041201
0.046500	19.980400
0.046600	8.345090
0.046700	5.436270
0.046800	8.345090
0.046900	0.588229
0.047000	2.527440
0.047100	-3.290200
0.047200	-6.199030
0.047300	-4.259810
0.047400	-7.168640
0.047500	-16.864700
0.047600	-22.682400
0.047700	-21.712799
0.047800	-25.591200
0.047900	-29.469601
0.048000	-30.439199
0.048100	-35.287300
0.048200	-37.226501
0.048300	-41.104900
0.048400	-51.770599
0.048500	-65.345100
0.048600	-91.524498
0.048700	-102.190002
0.048800	-57.588299
0.048900	-61.466702
0.049000	-82.798103
0.049100	-94.433403
0.049200	-100.250999
0.049300	-99.281403
0.049400	-108.976997
0.049500	-127.400002
0.049600	-125.460999
0.049700	-127.400002
0.049800	-141.459000
0.049900	-150.671005
0.050000	-158.427002
0.050100	-170.063004
0.050200	-173.455994
0.050300	-165.699997
0.050400	-175.880005
0.050500	-182.667999
0.050600	-179.759003
0.050700	-181.697998
0.050800	-192.363998
0.050900	-197.212006
0.051000	-191.393997
0.051100	-187.516006
0.051200	-189.455002
0.051300	-189.455002
0.051400	-189.455002
0.051500	-189.455002
0.051600	-193.332993
0.051700	-192.363998
0.051800	-191.393997
0.051900	-185.576996
0.052000	-182.667999
0.052100	-187.516006
0.052200	-185.576996
0.052300	-177.820007
0.052400	-181.212997
0.052500	-173.940994
0.052600	-169.093002
0.052700	-169.093002
0.052800	-172.001999
0.052900	-177.820007
0.053000	-173.940994
0.053100	-165.214996
0.053200	-160.367004
0.053300	-156.488007
0.053400	-150.671005
0.053500	-152.610001
0.053600	-145.822998
0.053700	-142.914001
0.053800	-142.914001
0.053900	-131.278000
0.054000	-127.400002
0.054100	-131.278000
0.054200	-128.854004
0.054300	-125.460999
0.054400	-119.642998
0.054500	-117.704002
0.054600	-111.886002
0.054700	-115.764999
0.054800	-120.612999
0.054900	-130.794006
0.055000	-115.764999
0.055100	-92.009300
0.055200	-99.766197
0.055300	-109.946999
0.055400	-108.008003
0.055500	-107.038002
0.055600	-105.584000
0.055700	-110.917000
0.055800	-109.946999
0.055900	-106.069000
0.056000	-109.946999
0.056100	-108.008003
0.056200	-99.281403
0.056300	-103.160004
0.056400	-106.069000
0.056500	-108.008003
0.056600	-110.917000
0.056700	-106.069000
0.056800	-110.917000
0.056900	-108.008003
0.057000	-104.128998
0.057100	-111.886002
0.057200	-108.008003
0.057300	-111.886002
0.057400	-121.582001
0.057500	-115.764999
0.057600	-119.642998
0.057700	-117.704002
0.057800	-111.886002
0.057900	-115.764999
0.058000	-115.764999
0.058100	-119.642998
0.058200	-121.582001
0.058300	-123.522003
0.058400	-127.400002
0.058500	-128.369995
0.058600	-131.278000
0.058700	-129.339005
0.058800	-123.522003
0.058900	-131.278000
0.059000	-134.186996
0.059100	-125.460999
0.059200	-127.400002
0.059300	-129.339005
0.059400	-131.278000
0.059500	-142.914001
0.059600	-145.822998
0.059700	-145.822998
0.059800	-149.701004
0.059900	-149.701004
0.060000	-152.610001
0.060100	-160.367004
0.060200	-172.001999
0.060300	-184.606995
0.060400	-181.697998
0.060500	-187.516006
0.060600	-193.332993
0.060700	-193.332993
0.060800	-200.121002
0.060900	-201.089996
0.061000	-201.089996
0.061100	-203.029007
0.061200	-206.908005
0.061300	-208.847000
0.061400	-204.968994
0.061500	-204.968994
0.061600	-212.725998
0.061700	-208.847000
0.061800	-201.089996
0.061900	-204.968994
0.062000	-219.513000
0.062100	-224.360992
0.062200	-224.360992
0.062300	-224.360992
0.062400	-219.513000
0.062500	-212.725998
0.062600	-210.785995
0.062700	-219.998001
0.062800	-218.542999
0.062900	-216.604004
0.063000	-220.481995
0.063100	-220.481995
0.063200	-218.542999
0.063300	-222.421997
0.063400	-219.513000
0.063500	-214.664993
0.063600	-219.513000
0.063700	-214.664993
0.063800	-211.755997
0.063900	-214.664993
0.064000	-208.847000
0.064100	-205.938004
0.064200	-203.998993
0.064300	-199.151001
0.064400	-193.332993
0.064500	-197.212006
0.064600	-201.089996
0.064700	-197.212006
0.064800	-199.151001
0.064900	-192.363998
0.065000	-193.332993
0.065100	-191.393997
0.065200	-191.393997
0.065300	-191.393997
0.065400	-192.363998
0.065500	-189.455002
0.065600	-185.576996
0.065700	-177.820007
0.065800	-181.697998
0.065900	-181.697998
0.066000	-175.880005
0.066100	-174.910995
0.066200	-177.820007
0.066300	-174.910995
0.066400	-168.123993
0.066500	-168.123993
0.066600	-168.123993
0.066700	-166.184006
0.066800	-168.123993
0.066900	-159.397003
0.067000	-154.548996
0.067100	-158.427002
0.067200	-150.671005
0.067300	-144.852997
0.067400	-150.671005
0.067500	-152.610001
0.067600	-149.701004
0.067700	-148.731003
0.067800	-154.548996
0.067900	-154.548996
0.068000	-162.306000
0.068100	-160.367004
0.068200	-156.488007
0.068300	-162.306000
0.068400	-164.244995
0.068500	-164.244995
0.068600	-162.306000
0.068700	-166.184006
0.068800	-167.154007
0.068900	-167.639008
0.069000	-172.972000
0.069100	-166.184006
0.069200	-169.093002
0.069300	-168.123993
0.069400	-170.063004
0.069500	-173.940994
0.069600	-172.001999
0.069700	-173.940994
0.069800	-174.910995
0.069900	-173.940994
0.070000	-183.636993
0.070100	-189.455002
0.070200	-188.485001
0.070300	-193.332993
0.070400	-193.332993
0.070500	-193.332993
0.070600	-207.876999
0.070700	-204.968994
0.070800	-203.029007
0.070900	-207.876999
0.071000	-214.664993
0.071100	-210.785995
0.071200	-206.423004
0.071300	-210.785995
0.071400	-212.725998
0.071500	-207.876999
0.071600	-210.785995
0.071700	-212.725998
0.071800	-212.725998
0.071900	-220.481995
0.072000	-222.421997
0.072100	-215.634003
0.072200	-218.542999
0.072300	-211.755997
0.072400	-206.908005
0.072500	-208.847000
0.072600	-210.785995
0.072700	-208.847000
0.072800	-212.725998
0.072900	-214.664993
0.073000	-215.634003
0.073100	-208.847000
0.073200	-211.755997
0.073300	-207.876999
0.073400	-203.029007
0.073500	-203.029007
0.073600	-207.876999
0.073700	-201.089996
0.073800	-199.151001
0.073900	-201.089996
0.074000	-197.212006
0.074100	-191.393997
0.074200	-193.332993
0.074300	-185.576996
0.074400	-183.636993
0.074500	-188.485001
0.074600	-185.576996
0.074700	-181.697998
0.074800	-181.697998
0.074900	-184.606995
0.075000	-173.940994
0.075100	-168.123993
0.075200	-170.063004
0.075300	-166.184006
0.075400	-166.184006
0.075500	-164.244995
0.075600	-161.335999
0.075700	-162.306000
0.075800	-157.457993
0.075900	-156.488007
0.076000	-164.244995
0.076100	-158.427002
0.076200	-154.548996
0.076300	-156.973007
0.076400	-150.671005
0.076500	-146.792007
0.076600	-145.822998
0.076700	-148.731003
0.076800	-150.671005
0.076900	-141.944000
0.077000	-138.065994
0.077100	-139.035004
0.077200	-131.278000
0.077300	-127.400002
0.077400	-131.278000
0.077500	-127.400002
0.077600	-123.522003
0.077700	-131.278000
0.077800	-120.612999
0.077900	-113.825996
0.078000	-115.764999
0.078100	-110.917000
0.078200	-107.038002
0.078300	-113.825996
0.078400	-110.917000
0.078500	-104.128998
0.078600	-100.250999
0.078700	-104.128998
0.078800	-96.372597
0.078900	-92.494102
0.079000	-95.887802
0.079100	-91.524498
0.079200	-80.858803
0.079300	-82.798103
0.079400	-87.646103
0.079500	-79.889198
0.079600	-76.980400
0.079700	-82.798103
0.079800	-72.132401
0.079900	-72.132401
0.080000	-76.980400
0.080100	-72.132401
0.080200	-69.223503
0.080300	-74.071602
0.080400	-73.101997
0.080500	-75.041199
0.080600	-76.010803
0.080700	-69.223503
0.080800	-75.041199
0.080900	-76.980400
0.081000	-76.010803
0.081100	-69.223503
0.081200	-73.101997
0.081300	-71.162804
0.081400	-65.345100
0.081500	-66.314697
0.081600	-69.223503
0.081700	-61.466702
0.081800	-59.527500
0.081900	-59.527500
0.082000	-65.345100
0.082100	-63.890701
0.082200	-59.527500
0.082300	-57.588299
0.082400	-53.709801
0.082500	-61.466702
0.082600	-56.618599
0.082700	-49.831402
0.082800	-57.588299
0.082900	-51.770599
0.083000	-47.892200
0.083100	-47.892200
0.083200	-47.892200
0.083300	-49.831402
0.083400	-47.892200
0.083500	-44.983299
0.083600	-47.892200
0.083700	-49.831402
0.083800	-44.983299
0.083900	-47.892200
0.084000	-49.831402
0.084100	-44.013699
0.084200	-45.952999
0.084300	-45.952999
0.084400	-38.196098
0.084500	-32.378399
0.084600	-33.348099
0.084700	-40.135300
0.084800	-36.256901
0.084900	-37.711300
0.085000	-42.074501
0.085100	-33.348099
0.085200	-28.500000
0.085300	-37.711300
0.085400	-34.317699
0.085500	-28.500000
0.085600	-30.439199
0.085700	-30.439199
0.085800	-30.439199
0.085900	-38.196098
0.086000	-34.317699
0.086100	-30.439199
0.086200	-34.317699
0.086300	-38.196098
0.086400	-32.378399
0.086500	-28.500000
0.086600	-26.560801
0.086700	-29.469601
0.086800	-22.682400
0.086900	-28.500000
0.087000	-28.500000
0.087100	-17.834299
0.087200	-19.773500
0.087300	-20.743099
0.087400	-12.986300
0.087500	-12.986300
0.087600	-14.925500
0.087700	-11.047100
0.087800	-14.925500
0.087900	-7.168640
0.088000	-5.229420
0.088100	-9.107850
0.088200	-9.107850
0.088300	-9.107850
0.088400	-12.986300
0.088500	-11.047100
0.088600	-13.955900
0.088700	-11.047100
0.088800	-11.531900
0.088900	-7.168640
0.089000	-5.229420
0.089100	-5.229420
0.089200	-7.168640
0.089300	-7.168640
0.089400	-10.077500
0.089500	-3.290200
0.089600	-3.290200
0.089700	-2.320600
0.089800	2.527440
0.089900	1.557840
0.090000	-5.229420
0.090100	0.588229
0.090200	3.012250
0.090300	-2.320600
0.090400	8.345090
0.090500	4.466660
0.090600	-5.229420
0.090700	0.588229
0.090800	0.588229
0.090900	-0.381379
0.091000	0.588229
0.091100	-3.290200
0.091200	-7.168640
0.091300	-1.350990
0.091400	-3.290200
0.091500	-6.199030
0.091600	-5.229420
0.091700	-4.744620
0.091800	-1.350990
0.091900	-7.168640
0.092000	-7.168640
0.092100	-1.350990
0.092200	1.557840
0.092300	0.588229
0.092400	4.466660
0.092500	1.557840
0.092600	0.588229
0.092700	0.588229
0.092800	0.588229
0.092900	0.588229
0.093000	-0.381379
0.093100	1.557840
0.093200	1.557840
0.093300	-6.199030
0.093400	-11.047100
0.093500	-10.077500
0.093600	-5.229420
0.093700	-3.290200
0.093800	-11.047100
0.093900	-10.077500
0.094000	-1.350990
0.094100	-6.199030
0.094200	-7.168640
0.094300	-3.290200
0.094400	2.527440
0.094500	0.588229
0.094600	3.497050
0.094700	0.588229
0.094800	6.405880
0.094900	6.405880
0.095000	2.527440
0.095100	6.405880
0.095200	5.436270
0.095300	8.345090
0.095400	6.405880
0.095500	2.527440
0.095600	8.345090
0.095700	2.527440
0.095800	0.588229
0.095900	6.405880
0.096000	1.557840
0.096100	-9.107850
0.096200	-7.168640
0.096300	-3.290200
0.096400	-7.168640
0.096500	-6.199030
0.096600	-7.168640
0.096700	-3.290200
0.096800	-6.199030
0.096900	-7.168640
0.097000	-7.168640
0.097100	-4.744620
0.097200	4.466660
0.097300	10.284300
0.097400	4.466660
0.097500	0.588229
0.097600	3.012250
0.097700	4.466660
0.097800	-3.290200
0.097900	2.527440
0.098000	8.829900
0.098100	-1.350990
0.098200	-5.229420
0.098300	-3.290200
0.098400	-3.290200
0.098500	-6.199030
0.098600	0.588229
0.098700	-2.320600
0.098800	-11.047100
0.098900	-5.229420
0.099000	1.557840
0.099100	-4.259810
0.099200	-7.168640
0.099300	-3.290200
0.099400	0.588229
0.099500	-4.259810
0.099600	1.557840
0.099700	2.527440
0.099800	-2.805400
0.099900	-3.290200
0.100000	1.557840
0.100100	-0.381379
0.100200	0.588229
0.100300	4.466660
0.100400	4.466660
0.100500	8.345090
0.100600	4.466660
0.100700	-4.744620
0.100800	-7.168640
0.100900	-9.107850
0.101000	-6.199030
0.101100	-7.168640
0.101200	-11.047100
0.101300	-7.168640
0.101400	-5.229420
0.101500	-5.229420
0.101600	-5.229420
0.101700	-7.168640
0.101800	-1.350990
0.101900	-3.290200
0.102000	-7.168640
0.102100	-1.350990
0.102200	3.497050
0.102300	-1.350990
0.102400	0.588229
0.102500	3.497050
0.102600	-1.350990
0.102700	0.588229
0.102800	-2.320600
0.102900	1.557840
0.103000	-3.290200
0.103100	1.557840
0.103200	6.405880
0.103300	0.588229
0.103400	-3.290200
0.103500	0.588229
0.103600	-7.168640
0.103700	-6.199030
0.103800	-4.259810
0.103900	-11.047100
0.104000	-7.168640
0.104100	0.588229
0.104200	-7.168640
0.104300	-6.199030
0.104400	-7.168640
0.104500	-4.744620
0.104600	-1.350990
0.104700	5.436270
0.104800	5.436270
0.104900	4.466660
0.105000	1.557840
0.105100	-1.350990
0.105200	6.405880
0.105300	4.466660
0.105400	4.466660
0.105500	0.588229
0.105600	0.588229
0.105700	4.466660
0.105800	0.588229
0.105900	-3.290200
0.106000	2.527440
0.106100	-4.259810
0.106200	-3.775010
0.106300	4.466660
0.106400	0.588229
0.106500	-6.199030
0.106600	-2.320600
0.106700	-2.320600
0.106800	-5.229420
0.106900	-3.290200
0.107000	-1.350990
0.107100	0.588229
0.107200	4.466660
0.107300	4.466660
0.107400	-7.168640
0.107500	-2.805400
0.107600	4.466660
0.107700	-1.350990
0.107800	0.588229
0.107900	-1.350990
0.108000	-5.229420
0.108100	0.588229
0.108200	-6.199030
0.108300	-7.168640
0.108400	-3.290200
0.108500	-3.290200
0.108600	-7.168640
0.108700	-11.047100
0.108800	-6.683830
0.108900	-3.290200
0.109000	-7.168640
0.109100	-1.350990
0.109200	-6.199030
0.109300	-7.168640
0.109400	0.588229
0.109500	2.527440
0.109600	-3.290200
0.109700	0.588229
0.109800	8.345090
0.109900	5.436270
0.110000	6.405880
0.110100	3.012250
0.110200	2.527440
0.110300	10.284300
0.110400	8.829900
0.110500	2.527440
0.110600	4.466660
0.110700	8.345090
0.110800	0.588229
0.110900	0.588229
0.111000	-6.199030
0.111100	-3.290200
0.111200	0.588229
0.111300	-5.229420
0.111400	-9.107850
0.111500	-5.229420
0.111600	-4.259810
0.111700	-2.320600
0.111800	1.557840
0.111900	-1.350990
0.112000	-1.350990
0.112100	8.345090
0.112200	1.557840
0.112300	2.527440
0.112400	5.436270
0.112500	4.466660
0.112600	8.345090
0.112700	5.436270
0.112800	4.466660
0.112900	2.527440
0.113000	4.466660
0.113100	1.557840
0.113200	-0.866183
0.113300	6.405880
0.113400	-2.320600
0.113500	-2.320600
0.113600	1.557840
0.113700	-6.683830
0.113800	-5.229420
0.113900	-3.290200
0.114000	-7.168640
0.114100	0.588229
0.114200	4.466660
0.114300	0.588229
0.114400	2.527440
0.114500	-1.350990
0.114600	-3.290200
0.114700	0.588229
0.114800	8.345090
0.114900	6.405880
0.115000	4.466660
0.115100	10.284300
0.115200	10.284300
0.115300	2.527440
0.115400	6.405880
0.115500	13.193100
0.115600	8.345090
0.115700	8.345090
0.115800	8.345090
0.115900	-5.229420
0.116000	-7.168640
0.116100	3.497050
0.116200	0.588229
0.116300	-2.320600
0.116400	4.466660
0.116500	5.436270
0.116600	0.588229
0.116700	-4.744620
0.116800	-2.320600
0.116900	0.588229
0.117000	5.921070
0.117100	12.223500
0.117200	5.436270
0.117300	8.829900
0.117400	4.466660
0.117500	2.527440
0.117600	8.345090
0.117700	5.436270
0.117800	4.466660
0.117900	10.284300
0.118000	10.769100
0.118100	1.557840
0.118200	5.436270
0.118300	4.466660
0.118400	-1.350990
0.118500	-7.168640
0.118600	-5.229420
0.118700	-4.259810
0.118800	-14.925500
0.118900	-7.168640
0.119000	2.527440
0.119100	-5.229420
0.119200	-3.290200
0.119300	8.345090
0.119400	4.951460
0.119500	-3.290200
0.119600	4.466660
0.119700	3.497050
0.119800	0.588229
0.119900	4.466660
0.120000	8.829900
0.120100	3.497050
0.120200	5.436270
0.120300	6.405880
0.120400	-1.835790
0.120500	-2.320600
0.120600	2.527440
0.120700	-1.350990
0.120800	-7.168640
0.120900	-6.683830
0.121000	-3.290200
0.121100	-12.986300
0.121200	-7.168640
0.121300	-5.229420
0.121400	-11.047100
0.121500	-10.077500
0.121600	-3.290200
0.121700	-3.290200
0.121800	-4.744620
0.121900	-3.290200
0.122000	4.466660
0.122100	-1.350990
0.122200	-6.199030
0.122300	8.345090
0.122400	4.466660
0.122500	-2.320600
0.122600	0.588229
0.122700	4.466660
0.122800	0.588229
0.122900	-3.290200
0.123000	4.466660
0.123100	-3.290200
0.123200	-12.986300
0.123300	-10.562300
0.123400	-7.168640
0.123500	-13.955900
0.123600	-9.107850
0.123700	-9.107850
0.123800	-12.986300
0.123900	-5.229420
0.124000	-7.168640
0.124100	-16.864700
0.124200	-11.047100
0.124300	-7.168640
0.124400	-10.077500
0.124500	-7.168640
0.124600	-6.199030
0.124700	-5.229420
0.124800	-7.168640
0.124900	-3.290200
0.125000	-1.350990
0.125100	-1.350990
0.125200	2.527440
0.125300	-1.350990
0.125400	3.497050
0.125500	0.588229
0.125600	1.557840
0.125700	5.436270
0.125800	-1.350990
0.125900	-7.168640
0.126000	-7.168640
0.126100	-12.986300
0.126200	-12.986300
0.126300	-11.047100
0.126400	-11.047100
0.126500	-5.229420
0.126600	0.588229
0.126700	0.588229
0.126800	-4.259810
0.126900	-1.350990
0.127000	3.497050
0.127100	0.588229
0.127200	4.466660
0.127300	6.405880
0.127400	-1.350990
0.127500	3.497050
0.127600	1.557840
0.127700	-1.350990
0.127800	4.466660
0.127900	4.466660
0.128000	-3.290200
0.128100	-3.290200
0.128200	-5.229420
0.128300	-5.714220
0.128400	-7.168640
0.128500	-7.168640
0.128600	-11.047100
0.128700	-14.925500
0.128800	-7.168640
0.128900	-10.562300
0.129000	-7.168640
0.129100	-7.168640
0.129200	-11.047100
0.129300	-7.168640
0.129400	-3.290200
0.129500	-10.077500
0.129600	-5.229420
0.129700	-2.320600
0.129800	-5.229420
0.129900	-3.290200
0.130000	-3.290200
0.130100	-6.199030
0.130200	-5.229420
0.130300	-3.290200
0.130400	-7.168640
0.130500	-6.199030
0.130600	2.527440
0.130700	0.588229
0.130800	-6.199030
0.130900	-3.290200
0.131000	2.527440
0.131100	-7.168640
0.131200	-7.168640
0.131300	0.588229
0.131400	-3.290200
0.131500	-6.199030
0.131600	-2.320600
0.131700	-3.290200
0.131800	-7.168640
0.131900	0.588229
0.132000	0.588229
0.132100	-2.320600
0.132200	-0.381379
0.132300	0.588229
0.132400	-4.259810
0.132500	-3.290200
0.132600	0.588229
0.132700	-3.290200
0.132800	-2.320600
0.132900	-5.229420
0.133000	0.588229
0.133100	-1.350990
0.133200	-2.320600
0.133300	0.588229
0.133400	2.527440
0.133500	0.588229
0.133600	-2.320600
0.133700	-1.350990
0.133800	-5.229420
0.133900	-3.290200
0.134000	-1.350990
0.134100	-3.290200
0.134200	-6.199030
0.134300	-1.350990
0.134400	-3.290200
0.134500	-1.350990
0.134600	-6.199030
0.134700	-3.290200
0.134800	-1.835790
0.134900	-1.350990
0.135000	-3.290200
0.135100	-5.229420
0.135200	-5.229420
0.135300	0.588229
0.135400	-2.320600
0.135500	-2.805400
0.135600	-2.320600
0.135700	-3.290200
0.135800	-2.320600
0.135900	-5.229420
0.136000	-3.290200
0.136100	4.466660
0.136200	-2.320600
0.136300	-3.290200
0.136400	2.527440
0.136500	-3.290200
0.136600	-3.290200
0.136700	-1.350990
0.136800	-1.350990
0.136900	-2.805400
0.137000	-3.290200
0.137100	-1.350990
0.137200	5.436270
0.137300	4.466660
0.137400	-1.350990
0.137500	0.588229
0.137600	-2.320600
0.137700	-2.320600
0.137800	0.588229
0.137900	-1.350990
0.138000	0.588229
0.138100	0.588229
0.138200	-2.320600
0.138300	-6.199030
0.138400	-3.290200
0.138500	-1.350990
0.138600	-0.381379
0.138700	0.588229
0.138800	0.588229
0.138900	-2.320600
0.139000	-2.805400
0.139100	2.527440
0.139200	4.466660
0.139300	-3.290200
0.139400	-4.259810
0.139500	0.588229
0.139600	0.588229
0.139700	4.466660
0.139800	4.466660
0.139900	-3.290200
0.140000	-1.350990
0.140100	6.405880
0.140200	-1.350990
0.140300	-3.290200
0.140400	3.497050
0.140500	4.466660
0.140600	4.466660
0.140700	0.588229
0.140800	3.497050
0.140900	-5.229420
0.141000	-2.320600
0.141100	4.466660
0.141200	-2.805400
0.141300	-1.350990
0.141400	3.012250
0.141500	-7.168640
0.141600	-7.168640
0.141700	0.588229
0.141800	-1.350990
0.141900	-3.290200
0.142000	0.588229
0.142100	-5.229420
0.142200	-5.229420
0.142300	1.557840
0.142400	-5.229420
0.142500	-7.168640
0.142600	0.588229
0.142700	2.527440
0.142800	-3.290200
0.142900	4.466660
0.143000	4.466660
0.143100	-5.229420
0.143200	2.527440
0.143300	0.588229
0.143400	-7.168640
0.143500	-1.350990
0.143600	2.527440
0.143700	-2.805400
0.143800	-6.199030
0.143900	-3.290200
0.144000	-6.683830
0.144100	-7.168640
0.144200	1.557840
0.144300	4.466660
0.144400	-2.320600
0.144500	-2.320600
0.144600	-5.229420
0.144700	-7.168640
0.144800	-2.320600
0.144900	0.588229
0.145000	-3.290200
0.145100	0.588229
0.145200	4.466660
0.145300	-5.229420
0.145400	0.588229
0.145500	5.436270
0.145600	0.588229
0.145700	-3.290200
0.145800	0.588229
0.145900	-4.744620
0.146000	0.588229
0.146100	-1.350990
0.146200	-1.350990
0.146300	2.527440
0.146400	-1.350990
0.146500	-3.290200
0.146600	-3.290200
0.146700	4.466660
0.146800	2.527440
0.146900	-1.350990
0.147000	0.588229
0.147100	-3.290200
0.147200	-7.168640
0.147300	-0.381379
0.147400	1.557840
0.147500	-5.229420
0.147600	-5.229420
0.147700	2.527440
0.147800	0.588229
0.147900	-7.168640
0.148000	-3.290200
0.148100	-3.290200
0.148200	-3.290200
0.148300	-1.350990
0.148400	-7.168640
0.148500	-7.168640
0.148600	-1.350990
0.148700	-1.350990
0.148800	-3.290200
0.148900	-5.229420
0.149000	-3.290200
0.149100	-7.168640
0.149200	-7.168640
0.149300	-0.381379
0.149400	-7.168640
0.149500	-6.199030
0.149600	1.557840
0.149700	-3.290200
0.149800	-1.350990
0.149900	-2.320600
0.150000	-7.168640
0.150100	0.588229
0.150200	-3.290200
0.150300	-9.107850
0.150400	-5.229420
0.150500	-1.350990
0.150600	0.588229
0.150700	-2.320600
0.150800	1.557840
0.150900	-2.320600
0.151000	-5.229420
0.151100	0.588229
0.151200	-2.320600
0.151300	2.527440
0.151400	-1.350990
0.151500	-0.381379
0.151600	4.466660
0.151700	-1.350990
0.151800	0.588229
0.151900	0.588229
0.152000	-5.229420
0.152100	-4.259810
0.152200	-2.320600
0.152300	-5.229420
0.152400	-1.350990
0.152500	-3.290200
0.152600	-7.168640
0.152700	-7.168640
0.152800	-2.320600
0.152900	2.527440
0.153000	-3.290200
0.153100	-3.290200
0.153200	-7.168640
0.153300	-5.229420
0.153400	2.527440
0.153500	-0.866183
0.153600	-5.229420
0.153700	2.527440
0.153800	-2.320600
0.153900	-3.290200
0.154000	0.588229
0.154100	0.588229
0.154200	-2.320600
0.154300	-2.320600
0.154400	-3.290200
0.154500	-3.290200
0.154600	-5.229420
0.154700	-1.350990
0.154800	-1.350990
0.154900	0.588229
0.155000	-3.290200
0.155100	-1.350990
0.155200	2.527440
0.155300	-4.259810
0.155400	-3.290200
0.155500	-3.290200
0.155600	-7.168640
0.155700	-5.229420
0.155800	-7.168640
0.155900	-4.259810
0.156000	2.527440
0.156100	-6.199030
0.156200	-7.168640
0.156300	1.557840
0.156400	2.527440
0.156500	0.588229
0.156600	0.588229
0.156700	2.527440
0.156800	-3.290200
0.156900	-3.290200
0.157000	-1.350990
0.157100	-4.259810
0.157200	-3.290200
0.157300	1.557840
0.157400	-3.290200
0.157500	4.466660
0.157600	0.588229
0.157700	-2.320600
0.157800	-3.290200
0.157900	-3.290200
0.158000	-3.290200
0.158100	-1.350990
0.158200	-3.290200
0.158300	-7.168640
0.158400	-3.290200
0.158500	-1.350990
0.158600	4.466660
0.158700	1.557840
0.158800	0.588229
0.158900	0.588229
0.159000	0.588229
0.159100	0.588229
0.159200	-5.229420
0.159300	-4.259810
0.159400	-6.199030
0.159500	-3.290200
0.159600	0.588229
0.159700	-1.350990
0.159800	0.588229
0.159900	0.588229
0.160000	-5.229420
0.160100	4.951460
0.160200	4.466660
0.160300	-2.320600
0.160400	1.557840
0.160500	2.527440
0.160600	0.588229
0.160700	2.527440
0.160800	-2.320600
0.160900	-5.229420
0.161000	4.466660
0.161100	4.466660
0.161200	-3.290200
0.161300	4.466660
0.161400	0.588229
0.161500	-7.168640
0.161600	-2.320600
0.161700	0.588229
0.161800	-7.168640
0.161900	-7.168640
0.162000	-1.350990
0.162100	-2.320600
0.162200	-3.290200
0.162300	-1.350990
0.162400	-7.168640
0.162500	-1.350990
0.162600	9.314700
0.162700	6.405880
0.162800	-3.290200
0.162900	-7.168640
0.163000	-1.350990
0.163100	-5.229420
0.163200	-3.290200
0.163300	1.557840
0.163400	-1.350990
0.163500	-7.168640
0.163600	0.588229
0.163700	1.557840
0.163800	0.588229
0.163900	2.527440
0.164000	-2.320600
0.164100	2.042640
0.164200	1.073030
0.164300	-7.168640
0.164400	-3.290200
0.164500	4.466660
0.164600	-1.835790
0.164700	-4.259810
0.164800	-3.290200
0.164900	-3.290200
0.165000	-3.290200
0.165100	2.527440
0.165200	4.466660
0.165300	0.588229
0.165400	0.588229
0.165500	-1.350990
0.165600	-3.290200
0.165700	0.588229
0.165800	1.557840
0.165900	-1.350990
0.166000	0.588229
0.166100	-5.229420
0.166200	-3.290200
0.166300	0.588229
0.166400	-3.290200
0.166500	-9.107850
0.166600	-3.290200
0.166700	0.588229
0.166800	-1.350990
0.166900	-7.168640
0.167000	0.588229
0.167100	1.557840
0.167200	-7.168640
0.167300	-7.168640
0.167400	2.527440
0.167500	-3.290200
0.167600	-7.168640
0.167700	-3.290200
0.167800	-6.199030
0.167900	-3.290200
0.168000	4.466660
0.168100	-3.290200
0.168200	2.527440
0.168300	2.527440
0.168400	-1.350990
0.168500	-3.290200
0.168600	2.527440
0.168700	2.527440
0.168800	-7.168640
0.168900	-3.290200
0.169000	-2.320600
0.169100	-9.107850
0.169200	-4.744620
0.169300	0.588229
0.169400	-7.168640
0.169500	-5.229420
0.169600	4.466660
0.169700	-1.350990
0.169800	0.588229
0.169900	4.466660
0.170000	-4.259810
0.170100	-3.290200
0.170200	0.588229
0.170300	-3.290200
0.170400	-7.168640
0.170500	-7.168640
0.170600	-7.168640
0.170700	-7.168640
0.170800	-3.290200
0.170900	1.557840
0.171000	-7.168640
0.171100	-3.290200
0.171200	3.497050
0.171300	-1.350990
0.171400	-3.290200
0.171500	0.588229
0.171600	-3.290200
0.171700	-5.229420
0.171800	-3.290200
0.171900	-3.290200
0.172000	-3.290200
0.172100	0.588229
0.172200	-7.168640
0.172300	-3.290200
0.172400	2.527440
0.172500	0.588229
0.172600	-2.320600
0.172700	-2.320600
0.172800	5.436270
0.172900	-3.290200
0.173000	-1.350990
0.173100	0.588229
0.173200	-4.259810
0.173300	-3.290200
0.173400	-2.320600
0.173500	-3.290200
0.173600	0.588229
0.173700	2.527440
0.173800	-7.168640
0.173900	-3.290200
0.174000	-1.350990
0.174100	-1.350990
0.174200	0.588229
0.174300	-1.350990
0.174400	-3.290200
0.174500	-3.290200
0.174600	-3.290200
0.174700	-1.350990
0.174800	-6.199030
0.174900	-7.168640
0.175000	-3.290200
0.175100	1.557840
0.175200	-7.168640
0.175300	-5.229420
0.175400	-3.290200
0.175500	-3.290200
0.175600	-3.290200
0.175700	-2.805400
0.175800	-1.350990
0.175900	-3.290200
0.176000	0.588229
0.176100	2.527440
0.176200	-1.350990
0.176300	-3.290200
0.176400	-1.350990
0.176500	-2.320600
0.176600	0.588229
0.176700	-5.229420
0.176800	-5.229420
0.176900	0.588229
0.177000	-6.199030
0.177100	-7.168640
0.177200	-10.077500
0.177300	-2.320600
0.177400	-1.350990
0.177500	-3.290200
0.177600	-1.350990
0.177700	-2.320600
0.177800	-3.290200
0.177900	0.588229
0.178000	0.588229
0.178100	-5.229420
0.178200	-2.320600
0.178300	-3.290200
0.178400	-3.290200
0.178500	-2.320600
0.178600	-5.229420
0.178700	-6.199030
0.178800	0.588229
0.178900	1.557840
0.179000	-1.350990
0.179100	0.588229
0.179200	0.588229
0.179300	-3.290200
0.179400	-1.350990
0.179500	0.588229
0.179600	-1.350990
0.179700	-1.350990
0.179800	-4.259810
0.179900	1.557840
0.180000	-1.350990
0.180100	-6.199030
0.180200	-4.259810
0.180300	0.588229
0.180400	-5.229420
0.180500	-4.744620
0.180600	-3.290200
0.180700	-1.350990
0.180800	2.527440
0.180900	-7.168640
0.181000	-3.290200
0.181100	-4.259810
0.181200	-5.714220
0.181300	-5.229420
0.181400	-2.320600
0.181500	-1.350990
0.181600	-2.320600
0.181700	-1.350990
0.181800	-3.290200
0.181900	-5.229420
0.182000	-3.290200
0.182100	-3.290200
0.182200	-1.350990
0.182300	1.557840
0.182400	2.527440
0.182500	0.588229
0.182600	-5.229420
0.182700	-3.290200
0.182800	0.588229
0.182900	-7.168640
0.183000	-3.290200
0.183100	-2.320600
0.183200	-10.077500
0.183300	-3.290200
0.183400	-4.744620
0.183500	-6.683830
0.183600	-5.229420
0.183700	-6.199030
0.183800	-5.229420
0.183900	-3.290200
0.184000	-3.290200
0.184100	3.497050
0.184200	2.527440
0.184300	-5.229420
0.184400	1.557840
0.184500	0.588229
0.184600	-3.290200
0.184700	-5.229420
0.184800	-3.290200
0.184900	-5.229420
0.185000	-7.168640
0.185100	-3.290200
0.185200	1.557840
0.185300	-1.350990
0.185400	0.588229
0.185500	-1.350990
0.185600	-6.199030
0.185700	-1.350990
0.185800	-4.259810
0.185900	-2.320600
0.186000	2.527440
0.186100	-4.259810
0.186200	-5.229420
0.186300	-1.350990
0.186400	-5.229420
0.186500	-3.290200
0.186600	0.588229
0.186700	1.557840
0.186800	0.588229
0.186900	0.588229
0.187000	-1.350990
0.187100	-7.168640
0.187200	0.588229
0.187300	4.466660
0.187400	-5.229420
0.187500	-1.350990
0.187600	-1.350990
0.187700	-7.168640
0.187800	-5.229420
0.187900	0.588229
0.188000	0.588229
0.188100	1.557840
0.188200	4.466660
0.188300	4.466660
0.188400	1.073030
0.188500	-3.290200
0.188600	-5.229420
0.188700	-3.290200
0.188800	-3.290200
0.188900	-5.229420
0.189000	-1.350990
0.189100	-3.290200
0.189200	-3.290200
0.189300	-1.350990
0.189400	-7.168640
0.189500	-6.199030
0.189600	-5.229420
0.189700	-7.168640
0.189800	-3.290200
0.189900	0.588229
0.190000	-6.199030
0.190100	0.588229
0.190200	-3.290200
0.190300	-3.290200
0.190400	-0.381379
0.190500	5.436270
0.190600	3.497050
0.190700	-3.290200
0.190800	2.527440
0.190900	-3.290200
0.191000	-6.199030
0.191100	-2.805400
0.191200	-5.229420
0.191300	-3.290200
0.191400	-3.290200
0.191500	0.588229
0.191600	0.588229
0.191700	-6.199030
0.191800	0.588229
0.191900	-3.775010
0.192000	-7.168640
0.192100	-3.290200
0.192200	-1.350990
0.192300	-2.320600
0.192400	1.557840
0.192500	0.588229
0.192600	-2.320600
0.192700	-0.381379
0.192800	6.405880
0.192900	-1.350990
0.193000	-3.290200
0.193100	0.588229
0.193200	-4.259810
0.193300	-1.835790
0.193400	0.588229
0.193500	-5.229420
0.193600	-3.290200
0.193700	1.557840
0.193800	-2.320600
0.193900	0.588229
0.194000	-1.350990
0.194100	0.588229
0.194200	4.466660
0.194300	0.588229
0.194400	-7.168640
0.194500	-7.168640
0.194600	-3.290200
0.194700	3.497050
0.194800	-5.229420
0.194900	-1.350990
0.195000	-1.350990
0.195100	-9.107850
0.195200	0.588229
0.195300	-3.290200
0.195400	-7.168640
0.195500	0.588229
0.195600	-2.320600
0.195700	-6.683830
0.195800	-1.350990
0.195900	-2.805400
0.196000	-3.290200
0.196100	-3.290200
0.196200	-7.168640
0.196300	-3.290200
0.196400	0.588229
0.196500	0.588229
0.196600	-1.350990
0.196700	-5.229420
0.196800	0.588229
0.196900	-3.290200
0.197000	-7.168640
0.197100	-3.290200
0.197200	-3.290200
0.197300	-3.290200
0.197400	-4.259810
0.197500	-10.077500
0.197600	-7.168640
0.197700	-2.320600
0.197800	-1.350990
0.197900	-1.350990
0.198000	-2.805400
0.198100	-3.290200
0.198200	-3.290200
0.198300	-7.168640
0.198400	-7.168640
0.198500	-6.683830
0.198600	-5.229420
0.198700	1.073030
0.198800	-6.199030
0.198900	-7.168640
0.199000	-1.350990
0.199100	-7.168640
0.199200	-7.168640
0.199300	0.588229
0.199400	-2.320600
0.199500	-1.350990
0.199600	0.588229
0.199700	-3.290200
0.199800	-3.290200
0.199900	-1.350990
0.200000	-4.259810
0.200100	-5.229420
0.200200	0.588229
0.200300	-5.229420
0.200400	-7.168640
0.200500	-11.047100
0.200600	-5.229420
0.200700	-2.320600
0.200800	-7.168640
0.200900	2.527440
0.201000	2.527440
0.201100	-3.290200
0.201200	1.557840
0.201300	0.588229
0.201400	-4.259810
0.201500	0.588229
0.201600	1.073030
0.201700	-6.199030
0.201800	0.588229
0.201900	-0.866183
0.202000	-3.290200
0.202100	-1.350990
0.202200	0.588229
0.202300	-3.290200
0.202400	-4.259810
0.202500	1.557840
0.202600	0.588229
0.202700	-1.350990
0.202800	-3.290200
0.202900	-1.350990
0.203000	-3.290200
0.203100	-7.168640
0.203200	-4.744620
0.203300	0.588229
0.203400	-0.866183
0.203500	1.073030
0.203600	-1.350990
0.203700	-5.229420
0.203800	-1.350990
0.203900	-1.350990
0.204000	-5.229420
0.204100	-4.259810
0.204200	4.466660
0.204300	-4.259810
0.204400	-5.229420
0.204500	-5.229420
0.204600	-5.229420
0.204700	-6.199030
0.204800	0.588229
0.204900	0.588229
0.205000	-10.077500
0.205100	-3.290200
0.205200	-4.259810
0.205300	-6.199030
0.205400	-5.229420
0.205500	-0.866183
0.205600	-5.229420
0.205700	-3.290200
0.205800	2.527440
0.205900	-7.168640
0.206000	-7.168640
0.206100	5.436270
0.206200	2.527440
0.206300	-7.168640
0.206400	-7.168640
0.206500	-9.107850
0.206600	-11.047100
0.206700	-5.229420
0.206800	-2.805400
0.206900	-0.381379
0.207000	-0.381379
0.207100	2.527440
0.207200	-7.168640
0.207300	-7.168640
0.207400	-1.350990
0.207500	-9.107850
0.207600	-6.199030
0.207700	2.527440
0.207800	-7.168640
0.207900	-6.683830
0.208000	0.588229
0.208100	-1.350990
0.208200	-3.290200
0.208300	2.527440
0.208400	-2.320600
0.208500	-4.259810
0.208600	0.588229
0.208700	0.588229
0.208800	-7.168640
0.208900	-1.350990
0.209000	8.345090
0.209100	-0.381379
0.209200	0.588229
0.209300	1.557840
0.209400	-7.168640
0.209500	-7.168640
0.209600	0.588229
0.209700	-3.290200
0.209800	-3.290200
0.209900	-2.320600
0.210000	-10.077500
0.210100	-3.290200
0.210200	3.497050
0.210300	-5.229420
0.210400	-1.350990
0.210500	-3.290200
0.210600	-7.168640
0.210700	-6.199030
0.210800	4.466660
0.210900	-3.290200
0.211000	-7.168640
0.211100	0.588229
0.211200	0.588229
0.211300	-5.229420
0.211400	-2.320600
0.211500	-3.290200
0.211600	-6.199030
0.211700	0.588229
0.211800	3.497050
0.211900	-5.229420
0.212000	-4.259810
0.212100	-1.350990
0.212200	-5.229420
0.212300	-3.290200
0.212400	0.588229
0.212500	-3.290200
0.212600	-5.229420
0.212700	2.527440
0.212800	1.557840
0.212900	-3.290200
0.213000	0.588229
0.213100	-1.350990
0.213200	-7.168640
0.213300	-2.320600
0.213400	2.527440
0.213500	-3.290200
0.213600	-3.290200
0.213700	1.557840
0.213800	-1.350990
0.213900	-4.259810
0.214000	0.588229
0.214100	-5.229420
0.214200	-7.168640
0.214300	-6.199030
0.214400	-3.290200
0.214500	-5.229420
0.214600	-7.168640
0.214700	-6.199030
0.214800	-5.229420
0.214900	-3.290200
0.215000	-5.229420
0.215100	-5.229420
0.215200	-1.350990
0.215300	-3.290200
0.215400	-2.320600
0.215500	1.557840
0.215600	-3.290200
0.215700	-1.350990
0.215800	-3.290200
0.215900	-2.320600
0.216000	1.557840
0.216100	0.588229
0.216200	-0.381379
0.216300	0.588229
0.216400	-4.744620
0.216500	-3.290200
0.216600	2.527440
0.216700	1.557840
0.216800	-5.714220
0.216900	2.527440
0.217000	5.436270
0.217100	-2.320600
0.217200	-5.229420
0.217300	0.588229
0.217400	-5.229420
0.217500	-5.229420
0.217600	-3.290200
0.217700	-3.290200
0.217800	-3.290200
0.217900	2.527440
0.218000	-6.199030
0.218100	-4.744620
0.218200	1.557840
0.218300	-3.290200
0.218400	-1.350990
0.218500	-5.229420
0.218600	-3.290200
0.218700	-1.350990
0.218800	0.588229
0.218900	-7.168640
0.219000	-5.229420
0.219100	-1.350990
0.219200	0.588229
0.219300	-5.229420
0.219400	-7.168640
0.219500	0.588229
0.219600	0.588229
0.219700	0.588229
0.219800	-4.259810
0.219900	0.588229
0.220000	-5.229420
0.220100	-7.168640
0.220200	-6.199030
0.220300	-5.229420
0.220400	0.588229
0.220500	-0.866183
0.220600	-5.229420
0.220700	-3.290200
0.220800	-3.290200
0.220900	-13.955900
0.221000	-5.229420
0.221100	-1.835790
0.221200	-7.168640
0.221300	0.588229
0.221400	3.012250
0.221500	-3.290200
0.221600	-2.320600
0.221700	-5.229420
0.221800	-3.290200
0.221900	0.588229
0.222000	-6.199030
0.222100	-5.229420
0.222200	-3.290200
0.222300	-7.168640
0.222400	-3.290200
0.222500	-1.350990
0.222600	-2.320600
0.222700	-7.168640
0.222800	-11.047100
0.222900	-7.168640
0.223000	-5.229420
0.223100	-6.199030
0.223200	0.588229
0.223300	-1.350990
0.223400	-7.168640
0.223500	-1.350990
0.223600	-2.805400
0.223700	-7.168640
0.223800	-3.290200
0.223900	-1.350990
0.224000	-5.229420
0.224100	-3.290200
0.224200	-3.290200
0.224300	-10.562300
0.224400	-5.229420
0.224500	0.588229
0.224600	-4.744620
0.224700	-6.683830
0.224800	0.588229
0.224900	-1.350990
0.225000	-12.016700
0.225100	-5.229420
0.225200	-1.350990
0.225300	-7.168640
0.225400	-5.229420
0.225500	-5.229420
0.225600	-3.290200
0.225700	-6.199030
0.225800	-3.290200
0.225900	-1.350990
0.226000	-2.320600
0.226100	-1.835790
0.226200	2.527440
0.226300	-3.290200
0.226400	-1.350990
0.226500	-5.229420
0.226600	-9.107850
0.226700	0.588229
0.226800	-1.350990
0.226900	-1.350990
0.227000	-5.229420
0.227100	-9.107850
0.227200	-3.290200
0.227300	-3.290200
0.227400	-7.168640
0.227500	-3.290200
0.227600	-4.744620
0.227700	-5.229420
0.227800	-3.290200
0.227900	-6.199030
0.228000	-5.229420
0.228100	0.588229
0.228200	-3.290200
0.228300	-7.168640
0.228400	1.557840
0.228500	4.466660
0.228600	1.557840
0.228700	-5.229420
0.228800	-2.320600
0.228900	-3.290200
0.229000	-7.168640
0.229100	-3.290200
0.229200	-3.290200
0.229300	-7.168640
0.229400	-7.168640
0.229500	-7.168640
0.229600	-3.290200
0.229700	1.557840
0.229800	-2.805400
0.229900	-5.229420
0.230000	0.588229
0.230100	-5.229420
0.230200	-6.199030
0.230300	2.527440
0.230400	-5.229420
0.230500	-6.199030
0.230600	0.588229
0.230700	0.588229
0.230800	-7.168640
0.230900	-5.229420
0.231000	-3.290200
0.231100	-7.168640
0.231200	-4.259810
0.231300	-3.290200
0.231400	-6.199030
0.231500	1.073030
0.231600	0.588229
0.231700	-5.229420
0.231800	-3.290200
0.231900	-3.290200
0.232000	-7.168640
0.232100	-1.835790
0.232200	0.588229
0.232300	-7.168640
0.232400	-2.320600
0.232500	0.588229
0.232600	-1.350990
0.232700	-4.259810
0.232800	-2.320600
0.232900	-3.290200
0.233000	0.588229
0.233100	-7.168640
0.233200	-7.168640
0.233300	-1.350990
0.233400	0.588229
0.233500	1.557840
0.233600	-3.290200
0.233700	-9.107850
0.233800	-3.290200
0.233900	-3.290200
0.234000	-3.290200
0.234100	2.527440
0.234200	-2.320600
0.234300	-6.199030
0.234400	-6.199030
0.234500	-5.229420
0.234600	-6.683830
0.234700	-5.229420
0.234800	-4.259810
0.234900	-3.290200
0.235000	-3.290200
0.235100	-2.805400
0.235200	0.588229
0.235300	0.588229
0.235400	-3.290200
0.235500	-7.168640
0.235600	-3.290200
0.235700	-6.199030
0.235800	-2.320600
0.235900	0.588229
0.236000	-3.290200
0.236100	-3.290200
0.236200	-3.290200
0.236300	0.588229
0.236400	0.588229
0.236500	-2.320600
0.236600	0.588229
0.236700	0.588229
0.236800	0.588229
0.236900	-7.168640
0.237000	-4.259810
0.237100	2.527440
0.237200	0.588229
0.237300	-0.381379
0.237400	4.466660
0.237500	1.073030
0.237600	1.557840
0.237700	1.557840
0.237800	-3.290200
0.237900	-2.320600
0.238000	-1.350990
0.238100	-2.320600
0.238200	0.588229
0.238300	-6.199030
0.238400	-5.229420
0.238500	-1.350990
0.238600	-1.350990
0.238700	-4.744620
0.238800	-3.290200
0.238900	-5.229420
0.239000	-5.229420
0.239100	-2.320600
0.239200	-4.744620
0.239300	-1.350990
0.239400	1.557840
0.239500	-3.290200
0.239600	-1.350990
0.239700	0.588229
0.239800	-5.229420
0.239900	-3.290200
0.240000	1.557840
0.240100	-1.350990
0.240200	-3.290200
0.240300	-2.320600
0.240400	-3.290200
0.240500	-7.168640
0.240600	-7.168640
0.240700	0.588229
0.240800	-7.168640
0.240900	-3.290200
0.241000	0.588229
0.241100	-5.229420
0.241200	-5.229420
0.241300	-4.259810
0.241400	-10.077500
0.241500	-7.168640
0.241600	-6.199030
0.241700	-6.683830
0.241800	0.588229
0.241900	-0.381379
0.242000	-6.199030
0.242100	-5.229420
0.242200	-3.290200
0.242300	-5.229420
0.242400	-2.320600
0.242500	-1.350990
0.242600	-7.168640
0.242700	-7.168640
0.242800	3.497050
0.242900	-0.866183
0.243000	-7.168640
0.243100	-2.320600
0.243200	1.557840
0.243300	-7.168640
0.243400	-7.168640
0.243500	0.588229
0.243600	-5.229420
0.243700	-6.199030
0.243800	-5.229420
0.243900	-7.168640
0.244000	-7.168640
0.244100	-5.229420
0.244200	-1.350990
0.244300	2.527440
0.244400	-7.168640
0.244500	-7.168640
0.244600	-5.714220
0.244700	1.557840
0.244800	-5.229420
0.244900	-5.229420
0.245000	-7.168640
0.245100	-3.290200
0.245200	-3.290200
0.245300	-6.199030
0.245400	-4.259810
0.245500	-3.290200
0.245600	-5.229420
0.245700	1.557840
0.245800	1.557840
0.245900	-6.199030
0.246000	-3.290200
0.246100	3.497050
0.246200	-5.229420
0.246300	-1.350990
0.246400	2.527440
0.246500	0.588229
0.246600	-3.290200
0.246700	-1.350990
0.246800	-5.229420
0.246900	-9.107850
0.247000	-6.199030
0.247100	-9.592660
0.247200	-10.077500
0.247300	0.588229
0.247400	-7.168640
0.247500	-11.047100
0.247600	-3.290200
0.247700	-3.290200
0.247800	-3.290200
0.247900	-3.290200
0.248000	-5.229420
0.248100	-7.168640
0.248200	-4.744620
0.248300	-7.168640
0.248400	-6.683830
0.248500	-3.290200
0.248600	-5.229420
0.248700	-7.168640
0.248800	-6.199030
0.248900	2.527440
0.249000	-6.199030
0.249100	-2.320600
0.249200	-0.866183
0.249300	-7.168640
0.249400	-1.350990
0.249500	-7.168640
0.249600	-14.925500
0.249700	-5.229420
0.249800	-1.350990
0.249900	-3.290200
0.250000	1.557840
0.250100	1.557840
0.250200	-7.168640
0.250300	-3.290200
0.250400	0.588229
0.250500	-1.350990
0.250600	0.588229
0.250700	0.588229
0.250800	4.466660
0.250900	0.588229
0.251000	0.588229
0.251100	-1.350990
0.251200	-7.168640
0.251300	-3.290200
0.251400	0.588229
0.251500	-3.290200
0.251600	2.527440
0.251700	0.588229
0.251800	-7.168640
0.251900	-1.350990
0.252000	4.466660
0.252100	-7.168640
0.252200	-7.168640
0.252300	0.588229
0.252400	-6.199030
0.252500	-5.229420
0.252600	-3.290200
0.252700	-5.229420
0.252800	-7.168640
0.252900	-4.259810
0.253000	-4.259810
0.253100	-1.350990
0.253200	1.557840
0.253300	-7.168640
0.253400	-7.168640
0.253500	-3.290200
0.253600	-7.168640
0.253700	-3.290200
0.253800	0.588229
0.253900	-7.168640
0.254000	-5.229420
0.254100	-1.350990
0.254200	-3.290200
0.254300	-1.350990
0.254400	-3.290200
0.254500	-1.350990
0.254600	-1.350990
0.254700	-1.350990
0.254800	0.588229
0.254900	-10.077500
0.255000	-5.229420
0.255100	-5.229420
0.255200	-7.168640
0.255300	-1.350990
0.255400	-7.168640
0.255500	-7.168640
0.255600	-4.744620
0.255700	-7.168640
0.255800	0.588229
0.255900	1.557840
0.256000	-6.199030
0.256100	-3.290200
0.256200	-7.168640
0.256300	-7.168640
0.256400	-1.350990
0.256500	-2.320600
0.256600	0.588229
0.256700	0.588229
0.256800	-3.290200
0.256900	-10.077500
0.257000	-1.350990
0.257100	-3.290200
0.257200	-6.683830
0.257300	4.466660
0.257400	1.073030
0.257500	-7.168640
0.257600	-1.350990
0.257700	0.588229
0.257800	-2.320600
0.257900	0.588229
0.258000	0.588229
0.258100	-5.229420
0.258200	0.588229
0.258300	4.466660
0.258400	-4.259810
0.258500	-6.199030
0.258600	-3.290200
0.258700	-4.259810
0.258800	-1.350990
0.258900	-3.290200
0.259000	-6.199030
0.259100	-3.290200
0.259200	-3.290200
0.259300	-3.290200
0.259400	-2.320600
0.259500	-5.229420
0.259600	-3.290200
0.259700	-1.350990
0.259800	2.527440
0.259900	-1.350990
0.260000	-1.350990
0.260100	-2.320600
0.260200	-3.290200
0.260300	-1.350990
0.260400	-3.290200
0.260500	-2.320600
0.260600	-2.320600
0.260700	2.527440
0.260800	2.527440
0.260900	-7.168640
0.261000	-4.744620
0.261100	-2.320600
0.261200	-1.350990
0.261300	-2.320600
0.261400	-5.229420
0.261500	0.588229
0.261600	-3.290200
0.261700	-4.744620
0.261800	-1.350990
0.261900	-1.350990
0.262000	-7.168640
0.262100	-6.199030
0.262200	-3.290200
0.262300	-1.350990
0.262400	2.527440
0.262500	0.588229
0.262600	-7.168640
0.262700	-7.168640
0.262800	-3.290200
0.262900	-5.229420
0.263000	-2.805400
0.263100	-3.290200
0.263200	-9.107850
0.263300	-7.168640
0.263400	0.588229
0.263500	-3.290200
0.263600	-3.290200
0.263700	-1.350990
0.263800	-3.290200
0.263900	-2.320600
0.264000	-3.290200
0.264100	-7.168640
0.264200	-4.259810
0.264300	-3.290200
0.264400	-7.168640
0.264500	-11.047100
0.264600	-5.229420
0.264700	-5.229420
0.264800	-7.168640
0.264900	0.588229
0.265000	-2.320600
0.265100	-5.229420
0.265200	0.588229
0.265300	-6.683830
0.265400	-5.229420
0.265500	-3.290200
0.265600	-2.805400
0.265700	-2.320600
0.265800	-3.290200
0.265900	0.588229
0.266000	0.588229
0.266100	-3.290200
0.266200	0.588229
0.266300	-3.290200
0.266400	0.588229
0.266500	-0.381379
0.266600	-7.168640
0.266700	-7.168640
0.266800	-7.168640
0.266900	0.588229
0.267000	-3.290200
0.267100	-3.290200
0.267200	-4.259810
0.267300	-5.229420
0.267400	-3.290200
0.267500	-1.350990
0.267600	-6.683830
0.267700	-1.350990
0.267800	0.588229
0.267900	-9.107850
0.268000	-4.259810
0.268100	0.588229
0.268200	-3.290200
0.268300	-5.229420
0.268400	-6.199030
0.268500	-7.168640
0.268600	-3.290200
0.268700	0.588229
0.268800	-6.199030
0.268900	-1.350990
0.269000	-5.229420
0.269100	-5.229420
0.269200	-4.259810
0.269300	-7.168640
0.269400	-3.290200
0.269500	-1.350990
0.269600	-7.168640
0.269700	-7.168640
0.269800	0.588229
0.269900	-5.229420
0.270000	-1.350990
0.270100	1.557840
0.270200	-7.168640
0.270300	-7.168640
0.270400	0.588229
0.270500	-1.350990
0.270600	-0.381379
0.270700	0.588229
0.270800	-2.320600
0.270900	-3.290200
0.271000	2.527440
0.271100	-2.320600
0.271200	-0.866183
0.271300	2.527440
0.271400	0.588229
0.271500	-4.259810
0.271600	-2.320600
0.271700	-7.168640
0.271800	-3.290200
0.271900	0.588229
0.272000	-6.199030
0.272100	-7.168640
0.272200	0.588229
0.272300	-1.350990
0.272400	-2.320600
0.272500	0.588229
0.272600	-1.350990
0.272700	-4.259810
0.272800	-2.320600
0.272900	-7.168640
0.273000	-4.744620
0.273100	-3.290200
0.273200	-4.259810
0.273300	-9.107850
0.273400	-7.168640
0.273500	-1.350990
0.273600	-4.259810
0.273700	-2.320600
0.273800	-3.290200
0.273900	-9.107850
0.274000	-3.290200
0.274100	2.527440
0.274200	-7.168640
0.274300	-9.107850
0.274400	0.588229
0.274500	1.557840
0.274600	-1.350990
0.274700	-7.168640
0.274800	-1.350990
0.274900	-3.290200
0.275000	-2.320600
0.275100	-6.199030
0.275200	-10.077500
0.275300	-3.290200
0.275400	-3.290200
0.275500	1.557840
0.275600	0.588229
0.275700	-1.350990
0.275800	2.527440
0.275900	0.588229
0.276000	-5.229420
0.276100	-3.290200
0.276200	0.588229
0.276300	0.588229
0.276400	0.588229
0.276500	-2.320600
0.276600	-3.290200
0.276700	-2.320600
0.276800	0.588229
0.276900	-3.290200
0.277000	0.588229
0.277100	0.588229
0.277200	-7.168640
0.277300	0.588229
0.277400	-0.381379
0.277500	-5.229420
0.277600	-3.290200
0.277700	-4.259810
0.277800	-6.199030
0.277900	-1.350990
0.278000	-6.683830
0.278100	-7.168640
0.278200	0.588229
0.278300	-0.381379
0.278400	-1.350990
0.278500	-0.381379
0.278600	-7.168640
0.278700	-6.199030
0.278800	2.527440
0.278900	4.466660
0.279000	-7.168640
0.279100	-1.350990
0.279200	4.951460
0.279300	-2.320600
0.279400	-7.168640
0.279500	-1.350990
0.279600	0.588229
0.279700	-3.290200
0.279800	-1.350990
0.279900	-3.290200
0.280000	-5.229420
0.280100	-1.350990
0.280200	-3.290200
0.280300	-5.229420
0.280400	-4.259810
0.280500	2.527440
0.280600	-1.350990
0.280700	-7.168640
0.280800	-3.290200
0.280900	-3.290200
0.281000	-1.350990
0.281100	1.557840
0.281200	1.557840
0.281300	-7.168640
0.281400	-3.290200
0.281500	3.012250
0.281600	-3.290200
0.281700	-3.290200
0.281800	-3.290200
0.281900	-9.107850
0.282000	-7.168640
0.282100	-2.320600
0.282200	-3.290200
0.282300	0.588229
0.282400	-2.320600
0.282500	-4.259810
0.282600	-2.320600
0.282700	0.588229
0.282800	-3.290200
0.282900	-3.290200
0.283000	-1.350990
0.283100	-5.229420
0.283200	-7.168640
0.283300	-6.199030
0.283400	-3.290200
0.283500	-2.320600
0.283600	-3.290200
0.283700	-3.290200
0.283800	-1.350990
0.283900	-6.199030
0.284000	-6.199030
0.284100	-3.290200
0.284200	-3.290200
0.284300	-9.107850
0.284400	-3.290200
0.284500	-3.290200
0.284600	-7.168640
0.284700	-5.229420
0.284800	-1.835790
0.284900	-5.229420
0.285000	-1.350990
0.285100	0.588229
0.285200	-7.168640
0.285300	-3.290200
0.285400	-4.259810
0.285500	-7.168640
0.285600	-3.290200
0.285700	2.527440
0.285800	-5.229420
0.285900	-1.350990
0.286000	2.527440
0.286100	-7.168640
0.286200	-3.290200
0.286300	-6.199030
0.286400	-3.290200
0.286500	0.588229
0.286600	-3.290200
0.286700	-3.290200
0.286800	-4.259810
0.286900	-1.350990
0.287000	-3.290200
0.287100	-7.168640
0.287200	-2.320600
0.287300	-3.290200
0.287400	-6.199030
0.287500	2.527440
0.287600	-1.350990
0.287700	-7.168640
0.287800	0.588229
0.287900	-2.320600
0.288000	-7.168640
0.288100	-1.350990
0.288200	-2.320600
0.288300	-7.168640
0.288400	-1.350990
0.288500	0.588229
0.288600	-9.107850
0.288700	-12.986300
0.288800	-3.290200
0.288900	-5.229420
0.289000	-7.168640
0.289100	-3.290200
0.289200	-5.229420
0.289300	-7.168640
0.289400	-3.290200
0.289500	-1.350990
0.289600	-6.199030
0.289700	-1.350990
0.289800	-5.229420
0.289900	-10.562300
0.290000	-3.290200
0.290100	-2.805400
0.290200	-7.168640
0.290300	-5.229420
0.290400	-1.350990
0.290500	-2.805400
0.290600	-5.229420
0.290700	-4.259810
0.290800	-6.199030
0.290900	-7.168640
0.291000	-1.350990
0.291100	-1.350990
0.291200	-3.290200
0.291300	-1.350990
0.291400	-6.199030
0.291500	-5.229420
0.291600	0.588229
0.291700	-6.199030
0.291800	-3.290200
0.291900	-3.290200
0.292000	-7.168640
0.292100	-5.229420
0.292200	-6.199030
0.292300	-6.199030
0.292400	-0.381379
0.292500	0.588229
0.292600	-10.077500
0.292700	-9.592660
0.292800	-2.320600
0.292900	-5.229420
0.293000	-3.290200
0.293100	-3.290200
0.293200	-7.168640
0.293300	2.527440
0.293400	-3.290200
0.293500	-7.168640
0.293600	-3.290200
0.293700	-3.290200
0.293800	-5.229420
0.293900	-1.350990
0.294000	0.588229
0.294100	-7.168640
0.294200	-3.290200
0.294300	0.588229
0.294400	-7.168640
0.294500	0.588229
0.294600	-1.350990
0.294700	-6.199030
0.294800	-11.047100
0.294900	-1.350990
0.295000	-11.047100
0.295100	-11.047100
0.295200	-1.350990
0.295300	-4.259810
0.295400	-1.350990
0.295500	-1.350990
0.295600	-5.229420
0.295700	-1.350990
0.295800	-0.381379
0.295900	-7.168640
0.296000	-5.229420
0.296100	-1.350990
0.296200	-7.168640
0.296300	-3.290200
0.296400	0.588229
0.296500	0.588229
0.296600	-3.290200
0.296700	-3.290200
0.296800	-1.350990
0.296900	-7.168640
0.297000	-6.199030
0.297100	-5.229420
0.297200	-11.047100
0.297300	-4.259810
0.297400	-3.290200
0.297500	-9.592660
0.297600	-7.168640
0.297700	-7.168640
0.297800	-3.290200
0.297900	-3.290200
0.298000	-2.320600
0.298100	-1.350990
0.298200	0.588229
0.298300	-3.290200
0.298400	-4.259810
0.298500	-3.290200
0.298600	-2.320600
0.298700	-1.350990
0.298800	-10.077500
0.298900	-5.229420
0.299000	2.527440
0.299100	-3.290200
0.299200	-3.290200
0.299300	-0.866183
0.299400	-7.168640
0.299500	-6.199030
0.299600	-7.168640
0.299700	-3.290200
0.299800	0.588229
0.299900	-3.290200
