-0.050000	-36.207699
-0.049900	-16.671200
-0.049800	41.938400
-0.049700	22.401899
-0.049600	61.474899
-0.049500	2.865360
-0.049400	-94.817299
-0.049300	41.938400
-0.049200	-36.207699
-0.049100	-26.439400
-0.049000	-16.671200
-0.048900	-45.976002
-0.048800	-36.207699
-0.048700	32.170101
-0.048600	-6.902910
-0.048500	-36.207699
-0.048400	2.865360
-0.048300	110.316002
-0.048200	41.938400
-0.048100	41.938400
-0.048000	2.865360
-0.047900	-55.744202
-0.047800	-26.439400
-0.047700	2.865360
-0.047600	41.938400
-0.047500	-16.671200
-0.047400	2.865360
-0.047300	-55.744202
-0.047200	-16.671200
-0.047100	-45.976002
-0.047000	2.865360
-0.046900	2.865360
-0.046800	2.865360
-0.046700	-16.671200
-0.046600	-114.353996
-0.046500	-16.671200
-0.046400	61.474899
-0.046300	81.011497
-0.046200	2.865360
-0.046100	2.865360
-0.046000	61.474899
-0.045900	41.938400
-0.045800	2.865360
-0.045700	2.865360
-0.045600	-114.353996
-0.045500	-36.207699
-0.045400	-45.976002
-0.045300	-16.671200
-0.045200	2.865360
-0.045100	-6.902910
-0.045000	2.865360
-0.044900	81.011497
-0.044800	32.170101
-0.044700	61.474899
-0.044600	41.938400
-0.044500	2.865360
-0.044400	32.170101
-0.044300	-16.671200
-0.044200	2.865360
-0.044100	2.865360
-0.044000	22.401899
-0.043900	22.401899
-0.043800	2.865360
-0.043700	-94.817299
-0.043600	-55.744202
-0.043500	2.865360
-0.043400	-75.280800
-0.043300	-55.744202
-0.043200	2.865360
-0.043100	2.865360
-0.043000	2.865360
-0.042900	32.170101
-0.042800	2.865360
-0.042700	-36.207699
-0.042600	-114.353996
-0.042500	2.865360
-0.042400	61.474899
-0.042300	61.474899
-0.042200	61.474899
-0.042100	81.011497
-0.042000	110.316002
-0.041900	51.706699
-0.041800	22.401899
-0.041700	61.474899
-0.041600	-16.671200
-0.041500	81.011497
-0.041400	139.621002
-0.041300	120.084999
-0.041200	61.474899
-0.041100	-36.207699
-0.041000	2.865360
-0.040900	-36.207699
-0.040800	-75.280800
-0.040700	41.938400
-0.040600	22.401899
-0.040500	61.474899
-0.040400	2.865360
-0.040300	-36.207699
-0.040200	22.401899
-0.040100	-55.744202
-0.040000	-94.817299
-0.039900	61.474899
-0.039800	81.011497
-0.039700	-36.207699
-0.039600	-16.671200
-0.039500	22.401899
-0.039400	41.938400
-0.039300	22.401899
-0.039200	71.243202
-0.039100	139.621002
-0.039000	-36.207699
-0.038900	-16.671200
-0.038800	2.865360
-0.038700	-75.280800
-0.038600	-36.207699
-0.038500	2.865360
-0.038400	71.243202
-0.038300	81.011497
-0.038200	61.474899
-0.038100	22.401899
-0.038000	22.401899
-0.037900	-114.353996
-0.037800	81.011497
-0.037700	2.865360
-0.037600	22.401899
-0.037500	41.938400
-0.037400	2.865360
-0.037300	-36.207699
-0.037200	-6.902910
-0.037100	2.865360
-0.037000	-16.671200
-0.036900	2.865360
-0.036800	120.084999
-0.036700	41.938400
-0.036600	51.706699
-0.036500	81.011497
-0.036400	2.865360
-0.036300	-75.280800
-0.036200	-36.207699
-0.036100	-75.280800
-0.036000	-94.817299
-0.035900	-36.207699
-0.035800	2.865360
-0.035700	2.865360
-0.035600	22.401899
-0.035500	41.938400
-0.035400	-16.671200
-0.035300	-16.671200
-0.035200	41.938400
-0.035100	-36.207699
-0.035000	-45.976002
-0.034900	-75.280800
-0.034800	-75.280800
-0.034700	-36.207699
-0.034600	-6.902910
-0.034500	-16.671200
-0.034400	2.865360
-0.034300	61.474899
-0.034200	61.474899
-0.034100	-36.207699
-0.034000	41.938400
-0.033900	41.938400
-0.033800	-6.902910
-0.033700	2.865360
-0.033600	-16.671200
-0.033500	2.865360
-0.033400	81.011497
-0.033300	120.084999
-0.033200	41.938400
-0.033100	22.401899
-0.033000	41.938400
-0.032900	22.401899
-0.032800	-16.671200
-0.032700	2.865360
-0.032600	-55.744202
-0.032500	-16.671200
-0.032400	41.938400
-0.032300	22.401899
-0.032200	81.011497
-0.032100	32.170101
-0.032000	2.865360
-0.031900	2.865360
-0.031800	22.401899
-0.031700	81.011497
-0.031600	61.474899
-0.031500	2.865360
-0.031400	22.401899
-0.031300	41.938400
-0.031200	61.474899
-0.031100	41.938400
-0.031000	61.474899
-0.030900	22.401899
-0.030800	41.938400
-0.030700	32.170101
-0.030600	41.938400
-0.030500	61.474899
-0.030400	100.547997
-0.030300	81.011497
-0.030200	61.474899
-0.030100	81.011497
-0.030000	2.865360
-0.029900	-75.280800
-0.029800	32.170101
-0.029700	-36.207699
-0.029600	-75.280800
-0.029500	2.865360
-0.029400	81.011497
-0.029300	-16.671200
-0.029200	2.865360
-0.029100	-16.671200
-0.029000	81.011497
-0.028900	61.474899
-0.028800	41.938400
-0.028700	32.170101
-0.028600	2.865360
-0.028500	-36.207699
-0.028400	2.865360
-0.028300	2.865360
-0.028200	61.474899
-0.028100	41.938400
-0.028000	2.865360
-0.027900	22.401899
-0.027800	41.938400
-0.027700	22.401899
-0.027600	-36.207699
-0.027500	-75.280800
-0.027400	-94.817299
-0.027300	51.706699
-0.027200	22.401899
-0.027100	-114.353996
-0.027000	2.865360
-0.026900	100.547997
-0.026800	61.474899
-0.026700	-16.671200
-0.026600	-36.207699
-0.026500	41.938400
-0.026400	81.011497
-0.026300	81.011497
-0.026200	120.084999
-0.026100	41.938400
-0.026000	-16.671200
-0.025900	100.547997
-0.025800	120.084999
-0.025700	-16.671200
-0.025600	2.865360
-0.025500	81.011497
-0.025400	22.401899
-0.025300	2.865360
-0.025200	22.401899
-0.025100	-36.207699
-0.025000	2.865360
-0.024900	81.011497
-0.024800	2.865360
-0.024700	32.170101
-0.024600	120.084999
-0.024500	41.938400
-0.024400	-36.207699
-0.024300	-36.207699
-0.024200	2.865360
-0.024100	41.938400
-0.024000	-94.817299
-0.023900	2.865360
-0.023800	-16.671200
-0.023700	2.865360
-0.023600	-16.671200
-0.023500	-75.280800
-0.023400	2.865360
-0.023300	-6.902910
-0.023200	-75.280800
-0.023100	-55.744202
-0.023000	-16.671200
-0.022900	2.865360
-0.022800	-55.744202
-0.022700	2.865360
-0.022600	-75.280800
-0.022500	-36.207699
-0.022400	32.170101
-0.022300	2.865360
-0.022200	-75.280800
-0.022100	2.865360
-0.022000	159.158005
-0.021900	41.938400
-0.021800	-6.902910
-0.021700	-36.207699
-0.021600	-114.353996
-0.021500	-55.744202
-0.021400	22.401899
-0.021300	-16.671200
-0.021200	-55.744202
-0.021100	-75.280800
-0.021000	61.474899
-0.020900	61.474899
-0.020800	22.401899
-0.020700	159.158005
-0.020600	41.938400
-0.020500	-75.280800
-0.020400	81.011497
-0.020300	110.316002
-0.020200	2.865360
-0.020100	-36.207699
-0.020000	51.706699
-0.019900	120.084999
-0.019800	32.170101
-0.019700	-55.744202
-0.019600	2.865360
-0.019500	-16.671200
-0.019400	-75.280800
-0.019300	-16.671200
-0.019200	2.865360
-0.019100	-36.207699
-0.019000	-75.280800
-0.018900	2.865360
-0.018800	51.706699
-0.018700	41.938400
-0.018600	61.474899
-0.018500	2.865360
-0.018400	-75.280800
-0.018300	-75.280800
-0.018200	61.474899
-0.018100	41.938400
-0.018000	-36.207699
-0.017900	-114.353996
-0.017800	-36.207699
-0.017700	-36.207699
-0.017600	-55.744202
-0.017500	-55.744202
-0.017400	2.865360
-0.017300	41.938400
-0.017200	41.938400
-0.017100	-16.671200
-0.017000	2.865360
-0.016900	-36.207699
-0.016800	2.865360
-0.016700	139.621002
-0.016600	41.938400
-0.016500	2.865360
-0.016400	217.766998
-0.016300	178.694000
-0.016200	41.938400
-0.016100	81.011497
-0.016000	100.547997
-0.015900	2.865360
-0.015800	-36.207699
-0.015700	51.706699
-0.015600	-36.207699
-0.015500	-153.427002
-0.015400	-241.341003
-0.015300	-192.500000
-0.015200	-251.110001
-0.015100	-172.962997
-0.015000	-94.817299
-0.014900	-75.280800
-0.014800	-75.280800
-0.014700	-133.889999
-0.014600	-153.427002
-0.014500	-16.671200
-0.014400	-16.671200
-0.014300	22.401899
-0.014200	139.621002
-0.014100	159.158005
-0.014000	-16.671200
-0.013900	-75.280800
-0.013800	-6.902910
-0.013700	-16.671200
-0.013600	2.865360
-0.013500	2.865360
-0.013400	-75.280800
-0.013300	-172.962997
-0.013200	-133.889999
-0.013100	-75.280800
-0.013000	-94.817299
-0.012900	-75.280800
-0.012800	41.938400
-0.012700	2.865360
-0.012600	-36.207699
-0.012500	2.865360
-0.012400	-16.671200
-0.012300	2.865360
-0.012200	-55.744202
-0.012100	-16.671200
-0.012000	-36.207699
-0.011900	-94.817299
-0.011800	-153.427002
-0.011700	-133.889999
-0.011600	2.865360
-0.011500	-16.671200
-0.011400	-124.122002
-0.011300	-133.889999
-0.011200	-153.427002
-0.011100	-75.280800
-0.011000	-36.207699
-0.010900	-16.671200
-0.010800	-26.439400
-0.010700	2.865360
-0.010600	2.865360
-0.010500	2.865360
-0.010400	12.633600
-0.010300	-16.671200
-0.010200	2.865360
-0.010100	81.011497
-0.010000	-36.207699
-0.009900	2.865360
-0.009800	2.865360
-0.009700	-36.207699
-0.009600	-94.817299
-0.009500	-75.280800
-0.009400	-75.280800
-0.009300	-153.427002
-0.009200	-163.195007
-0.009100	-153.427002
-0.009000	-114.353996
-0.008900	-114.353996
-0.008800	-153.427002
-0.008700	-55.744202
-0.008600	22.401899
-0.008500	2.865360
-0.008400	-133.889999
-0.008300	-124.122002
-0.008200	-75.280800
-0.008100	-26.439400
-0.008000	-36.207699
-0.007900	-75.280800
-0.007800	-16.671200
-0.007700	-55.744202
-0.007600	-36.207699
-0.007500	-26.439400
-0.007400	-36.207699
-0.007300	41.938400
-0.007200	61.474899
-0.007100	81.011497
-0.007000	41.938400
-0.006900	2.865360
-0.006800	2.865360
-0.006700	2.865360
-0.006600	120.084999
-0.006500	81.011497
-0.006400	120.084999
-0.006300	81.011497
-0.006200	61.474899
-0.006100	2.865360
-0.006000	61.474899
-0.005900	32.170101
-0.005800	2.865360
-0.005700	2.865360
-0.005600	2.865360
-0.005500	2.865360
-0.005400	2.865360
-0.005300	-75.280800
-0.005200	-36.207699
-0.005100	41.938400
-0.005000	-16.671200
-0.004900	-36.207699
-0.004800	22.401899
-0.004700	110.316002
-0.004600	41.938400
-0.004500	32.170101
-0.004400	2.865360
-0.004300	71.243202
-0.004200	139.621002
-0.004100	159.158005
-0.004000	61.474899
-0.003900	-16.671200
-0.003800	-16.671200
-0.003700	61.474899
-0.003600	100.547997
-0.003500	-16.671200
-0.003400	-36.207699
-0.003300	-36.207699
-0.003200	61.474899
-0.003100	-36.207699
-0.003000	-36.207699
-0.002900	-36.207699
-0.002800	-16.671200
-0.002700	-36.207699
-0.002600	41.938400
-0.002500	-55.744202
-0.002400	-16.671200
-0.002300	81.011497
-0.002200	61.474899
-0.002100	61.474899
-0.002000	81.011497
-0.001900	81.011497
-0.001800	81.011497
-0.001700	81.011497
-0.001600	71.243202
-0.001500	61.474899
-0.001400	22.401899
-0.001300	61.474899
-0.001200	159.158005
-0.001100	41.938400
-0.001000	-75.280800
-0.000900	-94.817299
-0.000800	81.011497
-0.000700	81.011497
-0.000600	81.011497
-0.000500	139.621002
-0.000400	100.547997
-0.000300	51.706699
-0.000200	22.401899
-0.000100	2.865360
0.000000	2.865360
0.000100	41.938400
0.000200	2.865360
0.000300	41.938400
0.000400	120.084999
0.000500	256.839996
0.000600	471.742004
0.000700	198.231003
0.000800	-153.427002
0.000900	276.377014
0.001000	100.547997
0.001100	-55.744202
0.001200	217.766998
0.001300	41.938400
0.001400	-55.744202
0.001500	61.474899
0.001600	81.011497
0.001700	276.377014
0.001800	71.243202
0.001900	237.304001
0.002000	334.985992
0.002100	2.865360
0.002200	198.231003
0.002300	393.596008
0.002400	295.912994
0.002500	198.231003
0.002600	295.912994
0.002700	71.243202
0.002800	-75.280800
0.002900	110.316002
0.003000	198.231003
0.003100	139.621002
0.003200	41.938400
0.003300	2.865360
0.003400	-36.207699
0.003500	-153.427002
0.003600	-192.500000
0.003700	22.401899
0.003800	-36.207699
0.003900	159.158005
0.004000	354.523010
0.004100	256.839996
0.004200	159.158005
0.004300	139.621002
0.004400	2.865360
0.004500	256.839996
0.004600	354.523010
0.004700	198.231003
0.004800	159.158005
0.004900	100.547997
0.005000	41.938400
0.005100	178.694000
0.005200	276.377014
0.005300	315.450012
0.005400	237.304001
0.005500	81.011497
0.005600	315.450012
0.005700	344.755005
0.005800	22.401899
0.005900	2.865360
0.006000	237.304001
0.006100	159.158005
0.006200	237.304001
0.006300	315.450012
0.006400	315.450012
0.006500	354.523010
0.006600	354.523010
0.006700	334.985992
0.006800	354.523010
0.006900	364.290985
0.007000	432.669006
0.007100	432.669006
0.007200	334.985992
0.007300	315.450012
0.007400	315.450012
0.007500	413.131989
0.007600	393.596008
0.007700	237.304001
0.007800	276.377014
0.007900	295.912994
0.008000	237.304001
0.008100	139.621002
0.008200	198.231003
0.008300	237.304001
0.008400	256.839996
0.008500	237.304001
0.008600	276.377014
0.008700	198.231003
0.008800	354.523010
0.008900	432.669006
0.009000	2.865360
0.009100	198.231003
0.009200	276.377014
0.009300	159.158005
0.009400	178.694000
0.009500	139.621002
0.009600	139.621002
0.009700	315.450012
0.009800	334.985992
0.009900	159.158005
0.010000	159.158005
0.010100	334.985992
0.010200	295.912994
0.010300	315.450012
0.010400	295.912994
0.010500	315.450012
0.010600	120.084999
0.010700	139.621002
0.010800	237.304001
0.010900	120.084999
0.011000	256.839996
0.011100	217.766998
0.011200	188.462006
0.011300	2.865360
0.011400	-309.718994
0.011500	-466.010986
0.011600	-319.487000
0.011700	-739.523010
0.011800	-1208.400024
0.011900	-1130.250000
0.012000	-1325.619995
0.012100	-1599.130005
0.012200	-1345.160034
0.012300	-1403.760010
0.012400	-1520.979980
0.012500	-1520.979980
0.012600	-1403.760010
0.012700	-1032.569946
0.012800	-817.669006
0.012900	-1110.719971
0.013000	-759.059021
0.013100	-485.548004
0.013200	-778.596008
0.013300	-622.304016
0.013400	-485.548004
0.013500	-436.707001
0.013600	-348.791992
0.013700	-837.205017
0.013800	-1149.790039
0.013900	-1052.109985
0.014000	-1032.569946
0.014100	-1013.030029
0.014200	-1188.859985
0.014300	-1657.739990
0.014400	-1560.060059
0.014500	-993.497986
0.014600	-719.986023
0.014700	-505.084015
0.014800	-6.902910
0.014900	139.621002
0.015000	139.621002
0.015100	374.058990
0.015200	706.179993
0.015300	921.081970
0.015400	969.922974
0.015500	833.168030
0.015600	628.033997
0.015700	657.338989
0.015800	1018.760010
0.015900	1155.520020
0.016000	979.692017
0.016100	1096.910034
0.016200	1155.520020
0.016300	784.325989
0.016400	745.252991
0.016500	276.377014
0.016600	-16.671200
0.016700	-192.500000
0.016800	-641.840027
0.016900	-466.010986
0.017000	-153.427002
0.017100	-153.427002
0.017200	-153.427002
0.017300	-16.671200
0.017400	159.158005
0.017500	159.158005
0.017600	393.596008
0.017700	393.596008
0.017800	198.231003
0.017900	276.377014
0.018000	393.596008
0.018100	315.450012
0.018200	266.608002
0.018300	276.377014
0.018400	159.158005
0.018500	-192.500000
0.018600	-583.229980
0.018700	-778.596008
0.018800	-856.742004
0.018900	-1032.569946
0.019000	-1306.079956
0.019100	-1247.469971
0.019200	-856.742004
0.019300	-876.278015
0.019400	-719.986023
0.019500	-583.229980
0.019600	-563.693970
0.019700	-426.937988
0.019800	-309.718994
0.019900	-270.645996
0.020000	-153.427002
0.020100	-368.329010
0.020200	-270.645996
0.020300	2.865360
0.020400	-36.207699
0.020500	-16.671200
0.020600	159.158005
0.020700	-153.427002
0.020800	-329.256012
0.020900	120.084999
0.021000	803.862976
0.021100	696.411987
0.021200	667.106995
0.021300	979.692017
0.021400	1253.199951
0.021500	1370.420044
0.021600	1311.810059
0.021700	1233.670044
0.021800	1018.760010
0.021900	706.179993
0.022000	549.888000
0.022100	315.450012
0.022200	61.474899
0.022300	-133.889999
0.022400	-368.329010
0.022500	-387.864990
0.022600	-309.718994
0.022700	-544.156982
0.022800	-544.156982
0.022900	-622.304016
0.023000	-778.596008
0.023100	-934.888000
0.023200	-778.596008
0.023300	-583.229980
0.023400	-426.937988
0.023500	-270.645996
0.023600	-153.427002
0.023700	120.084999
0.023800	549.888000
0.023900	921.081970
0.024000	940.619019
0.024100	852.703979
0.024200	803.862976
0.024300	588.960999
0.024400	295.912994
0.024500	41.938400
0.024600	-192.500000
0.024700	-309.718994
0.024800	-348.791992
0.024900	-251.110001
0.025000	-309.718994
0.025100	-397.632996
0.025200	-426.937988
0.025300	-426.937988
0.025400	-309.718994
0.025500	-231.572998
0.025600	-163.195007
0.025700	-172.962997
0.025800	2.865360
0.025900	354.523010
0.026000	471.742004
0.026100	471.742004
0.026200	628.033997
0.026300	823.400024
0.026400	764.789978
0.026500	667.106995
0.026600	569.424988
0.026700	471.742004
0.026800	432.669006
0.026900	276.377014
0.027000	217.766998
0.027100	41.938400
0.027200	-270.645996
0.027300	-251.110001
0.027400	-387.864990
0.027500	-309.718994
0.027600	-231.572998
0.027700	-524.620972
0.027800	-622.304016
0.027900	-544.156982
0.028000	-290.183014
0.028100	-270.645996
0.028200	-309.718994
0.028300	-114.353996
0.028400	-309.718994
0.028500	-426.937988
0.028600	22.401899
0.028700	2.865360
0.028800	-55.744202
0.028900	100.547997
0.029000	237.304001
0.029100	2.865360
0.029200	41.938400
0.029300	188.462006
0.029400	-16.671200
0.029500	-231.572998
0.029600	2.865360
0.029700	-75.280800
0.029800	-270.645996
0.029900	-280.414001
0.030000	-114.353996
0.030100	22.401899
0.030200	81.011497
0.030300	2.865360
0.030400	-36.207699
0.030500	-133.889999
0.030600	-270.645996
0.030700	-231.572998
0.030800	-16.671200
0.030900	61.474899
0.031000	198.231003
0.031100	198.231003
0.031200	159.158005
0.031300	276.377014
0.031400	432.669006
0.031500	315.450012
0.031600	139.621002
0.031700	100.547997
0.031800	2.865360
0.031900	-153.427002
0.032000	-270.645996
0.032100	-172.962997
0.032200	-85.049004
0.032300	-153.427002
0.032400	-358.559998
0.032500	-387.864990
0.032600	-319.487000
0.032700	-563.693970
0.032800	-466.010986
0.032900	-524.620972
0.033000	-739.523010
0.033100	-817.669006
0.033200	-602.767029
0.033300	-231.572998
0.033400	-114.353996
0.033500	-114.353996
0.033600	120.084999
0.033700	276.377014
0.033800	393.596008
0.033900	393.596008
0.034000	628.033997
0.034100	588.960999
0.034200	422.901001
0.034300	315.450012
0.034400	256.839996
0.034500	100.547997
0.034600	-192.500000
0.034700	-358.559998
0.034800	-407.402008
0.034900	-544.156982
0.035000	-778.596008
0.035100	-895.815002
0.035200	-876.278015
0.035300	-1013.030029
0.035400	-856.742004
0.035500	-505.084015
0.035600	-719.986023
0.035700	-524.620972
0.035800	-75.280800
0.035900	-153.427002
0.036000	-36.207699
0.036100	159.158005
0.036200	159.158005
0.036300	295.912994
0.036400	452.205994
0.036500	549.888000
0.036600	549.888000
0.036700	452.205994
0.036800	471.742004
0.036900	159.158005
0.037000	41.938400
0.037100	-75.280800
0.037200	-270.645996
0.037300	-446.475006
0.037400	-583.229980
0.037500	-680.913025
0.037600	-778.596008
0.037700	-798.132019
0.037800	-622.304016
0.037900	-680.913025
0.038000	-661.377014
0.038100	-622.304016
0.038200	-466.010986
0.038300	-270.645996
0.038400	-75.280800
0.038500	-75.280800
0.038600	61.474899
0.038700	159.158005
0.038800	237.304001
0.038900	315.450012
0.039000	198.231003
0.039100	41.938400
0.039200	120.084999
0.039300	120.084999
0.039400	198.231003
0.039500	305.682007
0.039600	334.985992
0.039700	315.450012
0.039800	81.011497
0.039900	-16.671200
0.040000	-16.671200
0.040100	81.011497
0.040200	41.938400
0.040300	-36.207699
0.040400	-36.207699
0.040500	-114.353996
0.040600	-290.183014
0.040700	-192.500000
0.040800	-387.864990
0.040900	-426.937988
0.041000	-231.572998
0.041100	-348.791992
0.041200	-436.707001
0.041300	-309.718994
0.041400	-329.256012
0.041500	-436.707001
0.041600	-475.779999
0.041700	-505.084015
0.041800	-407.402008
0.041900	-329.256012
0.042000	-309.718994
0.042100	-16.671200
0.042200	198.231003
0.042300	217.766998
0.042400	315.450012
0.042500	374.058990
0.042600	374.058990
0.042700	315.450012
0.042800	471.742004
0.042900	588.960999
0.043000	491.278992
0.043100	393.596008
0.043200	315.450012
0.043300	237.304001
0.043400	198.231003
0.043500	81.011497
0.043600	32.170101
0.043700	2.865360
0.043800	-75.280800
0.043900	2.865360
0.044000	-114.353996
0.044100	-192.500000
0.044200	-172.962997
0.044300	-192.500000
0.044400	-75.280800
0.044500	-114.353996
0.044600	-94.817299
0.044700	120.084999
0.044800	159.158005
0.044900	159.158005
0.045000	354.523010
0.045100	266.608002
0.045200	217.766998
0.045300	227.535004
0.045400	159.158005
0.045500	22.401899
0.045600	-36.207699
0.045700	81.011497
0.045800	237.304001
0.045900	61.474899
0.046000	-231.572998
0.046100	-260.877991
0.046200	-192.500000
0.046300	-270.645996
0.046400	-251.110001
0.046500	-231.572998
0.046600	-75.280800
0.046700	-153.427002
0.046800	-172.962997
0.046900	-94.817299
0.047000	2.865360
0.047100	2.865360
0.047200	41.938400
0.047300	159.158005
0.047400	139.621002
0.047500	188.462006
0.047600	315.450012
0.047700	393.596008
0.047800	354.523010
0.047900	217.766998
0.048000	159.158005
0.048100	120.084999
0.048200	120.084999
0.048300	120.084999
0.048400	-36.207699
0.048500	-133.889999
0.048600	-348.791992
0.048700	-485.548004
0.048800	-426.937988
0.048900	-466.010986
0.049000	-505.084015
0.049100	-505.084015
0.049200	-348.791992
0.049300	-358.559998
0.049400	-309.718994
0.049500	-172.962997
0.049600	2.865360
0.049700	120.084999
0.049800	159.158005
0.049900	217.766998
0.050000	315.450012
0.050100	374.058990
0.050200	315.450012
0.050300	217.766998
0.050400	159.158005
0.050500	266.608002
0.050600	374.058990
0.050700	237.304001
0.050800	256.839996
0.050900	139.621002
0.051000	159.158005
0.051100	81.011497
0.051200	-16.671200
0.051300	-16.671200
0.051400	2.865360
0.051500	-172.962997
0.051600	-231.572998
0.051700	-153.427002
0.051800	-153.427002
0.051900	-153.427002
0.052000	-133.889999
0.052100	-124.122002
0.052200	-36.207699
0.052300	-75.280800
0.052400	2.865360
0.052500	-16.671200
0.052600	41.938400
0.052700	22.401899
0.052800	2.865360
0.052900	81.011497
0.053000	81.011497
0.053100	2.865360
0.053200	-114.353996
0.053300	-231.572998
0.053400	-153.427002
0.053500	-192.500000
0.053600	-270.645996
0.053700	-270.645996
0.053800	-172.962997
0.053900	-251.110001
0.054000	-251.110001
0.054100	-231.572998
0.054200	-75.280800
0.054300	-36.207699
0.054400	2.865360
0.054500	-16.671200
0.054600	120.084999
0.054700	198.231003
0.054800	276.377014
0.054900	198.231003
0.055000	81.011497
0.055100	61.474899
0.055200	159.158005
0.055300	22.401899
0.055400	81.011497
0.055500	120.084999
0.055600	-16.671200
0.055700	-114.353996
0.055800	-114.353996
0.055900	-231.572998
0.056000	-172.962997
0.056100	-153.427002
0.056200	-270.645996
0.056300	-251.110001
0.056400	-192.500000
0.056500	-114.353996
0.056600	-55.744202
0.056700	-153.427002
0.056800	-36.207699
0.056900	81.011497
0.057000	159.158005
0.057100	159.158005
0.057200	159.158005
0.057300	61.474899
0.057400	159.158005
0.057500	266.608002
0.057600	159.158005
0.057700	198.231003
0.057800	237.304001
0.057900	198.231003
0.058000	237.304001
0.058100	227.535004
0.058200	159.158005
0.058300	139.621002
0.058400	81.011497
0.058500	149.389008
0.058600	149.389008
0.058700	159.158005
0.058800	2.865360
0.058900	-114.353996
0.059000	-133.889999
0.059100	-251.110001
0.059200	-231.572998
0.059300	-251.110001
0.059400	-172.962997
0.059500	-192.500000
0.059600	-192.500000
0.059700	-231.572998
0.059800	-172.962997
0.059900	-75.280800
0.060000	2.865360
0.060100	41.938400
0.060200	-114.353996
0.060300	-133.889999
0.060400	2.865360
0.060500	-16.671200
0.060600	-36.207699
0.060700	-16.671200
0.060800	-75.280800
0.060900	2.865360
0.061000	-16.671200
0.061100	-75.280800
0.061200	-45.976002
0.061300	-153.427002
0.061400	-75.280800
0.061500	-114.353996
0.061600	-75.280800
0.061700	-36.207699
0.061800	-55.744202
0.061900	2.865360
0.062000	51.706699
0.062100	159.158005
0.062200	120.084999
0.062300	81.011497
0.062400	81.011497
0.062500	2.865360
0.062600	41.938400
0.062700	81.011497
0.062800	-75.280800
0.062900	-75.280800
0.063000	-75.280800
0.063100	2.865360
0.063200	-36.207699
0.063300	-153.427002
0.063400	-153.427002
0.063500	-75.280800
0.063600	-36.207699
0.063700	41.938400
0.063800	-75.280800
0.063900	-114.353996
0.064000	-36.207699
0.064100	-16.671200
0.064200	-16.671200
0.064300	100.547997
0.064400	-36.207699
0.064500	-114.353996
0.064600	-75.280800
0.064700	61.474899
0.064800	81.011497
0.064900	-36.207699
0.065000	-16.671200
0.065100	-36.207699
0.065200	-114.353996
0.065300	2.865360
0.065400	41.938400
0.065500	61.474899
0.065600	2.865360
0.065700	2.865360
0.065800	2.865360
0.065900	61.474899
0.066000	41.938400
0.066100	-36.207699
0.066200	-55.744202
0.066300	51.706699
0.066400	2.865360
0.066500	-55.744202
0.066600	-75.280800
0.066700	-114.353996
0.066800	-163.195007
0.066900	-309.718994
0.067000	-387.864990
0.067100	-270.645996
0.067200	-182.731995
0.067300	-192.500000
0.067400	-231.572998
0.067500	-212.035995
0.067600	-192.500000
0.067700	-94.817299
0.067800	-153.427002
0.067900	-153.427002
0.068000	-133.889999
0.068100	-16.671200
0.068200	2.865360
0.068300	2.865360
0.068400	2.865360
0.068500	41.938400
0.068600	2.865360
0.068700	-6.902910
0.068800	-94.817299
0.068900	-36.207699
0.069000	-16.671200
0.069100	2.865360
0.069200	81.011497
0.069300	81.011497
0.069400	139.621002
0.069500	120.084999
0.069600	120.084999
0.069700	81.011497
0.069800	-6.902910
0.069900	22.401899
0.070000	81.011497
0.070100	2.865360
0.070200	41.938400
0.070300	2.865360
0.070400	22.401899
0.070500	-6.902910
0.070600	2.865360
0.070700	41.938400
0.070800	81.011497
0.070900	120.084999
0.071000	81.011497
0.071100	2.865360
0.071200	81.011497
0.071300	120.084999
0.071400	139.621002
0.071500	120.084999
0.071600	159.158005
0.071700	120.084999
0.071800	2.865360
0.071900	-6.902910
0.072000	81.011497
0.072100	61.474899
0.072200	41.938400
0.072300	41.938400
0.072400	41.938400
0.072500	-16.671200
0.072600	-36.207699
0.072700	41.938400
0.072800	61.474899
0.072900	100.547997
0.073000	110.316002
0.073100	81.011497
0.073200	12.633600
0.073300	2.865360
0.073400	-45.976002
0.073500	-94.817299
0.073600	-16.671200
0.073700	2.865360
0.073800	-36.207699
0.073900	-36.207699
0.074000	-6.902910
0.074100	-16.671200
0.074200	-75.280800
0.074300	-114.353996
0.074400	-75.280800
0.074500	-85.049004
0.074600	-16.671200
0.074700	-45.976002
0.074800	2.865360
0.074900	32.170101
0.075000	-16.671200
0.075100	-75.280800
0.075200	81.011497
0.075300	100.547997
0.075400	-36.207699
0.075500	-153.427002
0.075600	-192.500000
0.075700	-114.353996
0.075800	-133.889999
0.075900	-231.572998
0.076000	-153.427002
0.076100	-153.427002
0.076200	-231.572998
0.076300	-290.183014
0.076400	-309.718994
0.076500	-212.035995
0.076600	-172.962997
0.076700	-192.500000
0.076800	-153.427002
0.076900	2.865360
0.077000	2.865360
0.077100	41.938400
0.077200	139.621002
0.077300	159.158005
0.077400	159.158005
0.077500	41.938400
0.077600	2.865360
0.077700	41.938400
0.077800	61.474899
0.077900	81.011497
0.078000	120.084999
0.078100	2.865360
0.078200	-36.207699
0.078300	41.938400
0.078400	-45.976002
0.078500	2.865360
0.078600	-6.902910
0.078700	32.170101
0.078800	-114.353996
0.078900	-153.427002
0.079000	-133.889999
0.079100	-36.207699
0.079200	-114.353996
0.079300	-55.744202
0.079400	61.474899
0.079500	2.865360
0.079600	-16.671200
0.079700	139.621002
0.079800	41.938400
0.079900	2.865360
0.080000	-36.207699
0.080100	2.865360
0.080200	2.865360
0.080300	2.865360
0.080400	-114.353996
0.080500	-153.427002
0.080600	-133.889999
0.080700	-114.353996
0.080800	-153.427002
0.080900	-124.122002
0.081000	-153.427002
0.081100	-133.889999
0.081200	-133.889999
0.081300	-133.889999
0.081400	-85.049004
0.081500	-114.353996
0.081600	-104.585999
0.081700	-26.439400
0.081800	-55.744202
0.081900	81.011497
0.082000	41.938400
0.082100	-16.671200
0.082200	2.865360
0.082300	61.474899
0.082400	32.170101
0.082500	41.938400
0.082600	81.011497
0.082700	120.084999
0.082800	22.401899
0.082900	61.474899
0.083000	2.865360
0.083100	41.938400
0.083200	-16.671200
0.083300	-114.353996
0.083400	-94.817299
0.083500	-85.049004
0.083600	-94.817299
0.083700	-36.207699
0.083800	-94.817299
0.083900	-55.744202
0.084000	-36.207699
0.084100	-114.353996
0.084200	-55.744202
0.084300	2.865360
0.084400	-75.280800
0.084500	-36.207699
0.084600	81.011497
0.084700	61.474899
0.084800	100.547997
0.084900	-16.671200
0.085000	61.474899
0.085100	120.084999
0.085200	100.547997
0.085300	81.011497
0.085400	41.938400
0.085500	22.401899
0.085600	51.706699
0.085700	32.170101
0.085800	41.938400
0.085900	2.865360
0.086000	2.865360
0.086100	-75.280800
0.086200	-36.207699
0.086300	41.938400
0.086400	61.474899
0.086500	-75.280800
0.086600	-114.353996
0.086700	-104.585999
0.086800	-16.671200
0.086900	-16.671200
0.087000	-16.671200
0.087100	-94.817299
0.087200	-114.353996
0.087300	-114.353996
0.087400	-94.817299
0.087500	2.865360
0.087600	61.474899
0.087700	-75.280800
0.087800	-36.207699
0.087900	-16.671200
0.088000	-16.671200
0.088100	32.170101
0.088200	-16.671200
0.088300	2.865360
0.088400	-75.280800
0.088500	2.865360
0.088600	81.011497
0.088700	2.865360
0.088800	-45.976002
0.088900	61.474899
0.089000	-26.439400
0.089100	-36.207699
0.089200	-75.280800
0.089300	-26.439400
0.089400	41.938400
0.089500	22.401899
0.089600	22.401899
0.089700	81.011497
0.089800	159.158005
0.089900	2.865360
0.090000	-75.280800
0.090100	2.865360
0.090200	-16.671200
0.090300	71.243202
0.090400	22.401899
0.090500	81.011497
0.090600	2.865360
0.090700	32.170101
0.090800	2.865360
0.090900	2.865360
0.091000	2.865360
0.091100	2.865360
0.091200	-36.207699
0.091300	-36.207699
0.091400	41.938400
0.091500	-75.280800
0.091600	-36.207699
0.091700	100.547997
0.091800	32.170101
0.091900	2.865360
0.092000	-114.353996
0.092100	-75.280800
0.092200	-143.658997
0.092300	-192.500000
0.092400	-75.280800
0.092500	2.865360
0.092600	-85.049004
0.092700	-153.427002
0.092800	-104.585999
0.092900	-55.744202
0.093000	61.474899
0.093100	-36.207699
0.093200	61.474899
0.093300	2.865360
0.093400	-16.671200
0.093500	-16.671200
0.093600	-55.744202
0.093700	-153.427002
0.093800	-114.353996
0.093900	2.865360
0.094000	-16.671200
0.094100	-55.744202
0.094200	-16.671200
0.094300	-36.207699
0.094400	-114.353996
0.094500	2.865360
0.094600	22.401899
0.094700	-75.280800
0.094800	-75.280800
0.094900	-114.353996
0.095000	-192.500000
0.095100	-153.427002
0.095200	2.865360
0.095300	32.170101
0.095400	-75.280800
0.095500	-114.353996
0.095600	-75.280800
0.095700	-55.744202
0.095800	-124.122002
0.095900	-114.353996
0.096000	-36.207699
0.096100	2.865360
0.096200	2.865360
0.096300	22.401899
0.096400	2.865360
0.096500	2.865360
0.096600	-16.671200
0.096700	71.243202
0.096800	-26.439400
0.096900	-6.902910
0.097000	22.401899
0.097100	-75.280800
0.097200	-153.427002
0.097300	-36.207699
0.097400	2.865360
0.097500	-94.817299
0.097600	-26.439400
0.097700	41.938400
0.097800	22.401899
0.097900	2.865360
0.098000	2.865360
0.098100	22.401899
0.098200	22.401899
0.098300	-94.817299
0.098400	-114.353996
0.098500	-75.280800
0.098600	41.938400
0.098700	22.401899
0.098800	2.865360
0.098900	-16.671200
0.099000	2.865360
0.099100	-16.671200
0.099200	22.401899
0.099300	-36.207699
0.099400	2.865360
0.099500	2.865360
0.099600	12.633600
0.099700	2.865360
0.099800	-75.280800
0.099900	-36.207699
0.100000	61.474899
0.100100	61.474899
0.100200	139.621002
0.100300	41.938400
0.100400	-16.671200
0.100500	41.938400
0.100600	2.865360
0.100700	-94.817299
0.100800	-153.427002
0.100900	2.865360
0.101000	139.621002
0.101100	-36.207699
0.101200	-75.280800
0.101300	-172.962997
0.101400	-153.427002
0.101500	-114.353996
0.101600	41.938400
0.101700	61.474899
0.101800	-45.976002
0.101900	2.865360
0.102000	-36.207699
0.102100	-36.207699
0.102200	2.865360
0.102300	22.401899
0.102400	-153.427002
0.102500	-124.122002
0.102600	-36.207699
0.102700	-94.817299
0.102800	-114.353996
0.102900	-94.817299
0.103000	-114.353996
0.103100	-114.353996
0.103200	41.938400
0.103300	22.401899
0.103400	81.011497
0.103500	61.474899
0.103600	-16.671200
0.103700	2.865360
0.103800	-16.671200
0.103900	2.865360
0.104000	-114.353996
0.104100	-133.889999
0.104200	-124.122002
0.104300	-55.744202
0.104400	22.401899
0.104500	-16.671200
0.104600	-133.889999
0.104700	-94.817299
0.104800	-75.280800
0.104900	-94.817299
0.105000	-94.817299
0.105100	-202.268005
0.105200	-153.427002
0.105300	-94.817299
0.105400	-75.280800
0.105500	-75.280800
0.105600	-94.817299
0.105700	-114.353996
0.105800	-36.207699
0.105900	-114.353996
0.106000	-55.744202
0.106100	2.865360
0.106200	61.474899
0.106300	22.401899
0.106400	-36.207699
0.106500	-16.671200
0.106600	61.474899
0.106700	-94.817299
0.106800	-114.353996
0.106900	-124.122002
0.107000	-75.280800
0.107100	-75.280800
0.107200	-75.280800
0.107300	32.170101
0.107400	2.865360
0.107500	-75.280800
0.107600	-36.207699
0.107700	-55.744202
0.107800	-75.280800
0.107900	-75.280800
0.108000	41.938400
0.108100	-6.902910
0.108200	-75.280800
0.108300	-133.889999
0.108400	-36.207699
0.108500	-16.671200
0.108600	-16.671200
0.108700	41.938400
0.108800	-75.280800
0.108900	-94.817299
0.109000	2.865360
0.109100	32.170101
0.109200	159.158005
0.109300	81.011497
0.109400	41.938400
0.109500	61.474899
0.109600	41.938400
0.109700	81.011497
0.109800	22.401899
0.109900	41.938400
0.110000	41.938400
0.110100	2.865360
0.110200	41.938400
0.110300	2.865360
0.110400	-55.744202
0.110500	2.865360
0.110600	2.865360
0.110700	2.865360
0.110800	2.865360
0.110900	159.158005
0.111000	61.474899
0.111100	41.938400
0.111200	81.011497
0.111300	61.474899
0.111400	41.938400
0.111500	22.401899
0.111600	22.401899
0.111700	2.865360
0.111800	-16.671200
0.111900	2.865360
0.112000	2.865360
0.112100	120.084999
0.112200	139.621002
0.112300	81.011497
0.112400	22.401899
0.112500	41.938400
0.112600	2.865360
0.112700	2.865360
0.112800	2.865360
0.112900	2.865360
0.113000	2.865360
0.113100	2.865360
0.113200	2.865360
0.113300	2.865360
0.113400	41.938400
0.113500	81.011497
0.113600	2.865360
0.113700	41.938400
0.113800	61.474899
0.113900	61.474899
0.114000	22.401899
0.114100	2.865360
0.114200	120.084999
0.114300	120.084999
0.114400	159.158005
0.114500	81.011497
0.114600	41.938400
0.114700	22.401899
0.114800	22.401899
0.114900	-94.817299
0.115000	-6.902910
0.115100	41.938400
0.115200	2.865360
0.115300	41.938400
0.115400	41.938400
0.115500	-16.671200
0.115600	-75.280800
0.115700	-16.671200
0.115800	61.474899
0.115900	120.084999
0.116000	41.938400
0.116100	2.865360
0.116200	61.474899
0.116300	-26.439400
0.116400	2.865360
0.116500	61.474899
0.116600	81.011497
0.116700	61.474899
0.116800	61.474899
0.116900	120.084999
0.117000	2.865360
0.117100	2.865360
0.117200	81.011497
0.117300	41.938400
0.117400	41.938400
0.117500	41.938400
0.117600	41.938400
0.117700	22.401899
0.117800	-6.902910
0.117900	-16.671200
0.118000	-104.585999
0.118100	41.938400
0.118200	41.938400
0.118300	2.865360
0.118400	-94.817299
0.118500	81.011497
0.118600	81.011497
0.118700	41.938400
0.118800	61.474899
0.118900	2.865360
0.119000	-94.817299
0.119100	-94.817299
0.119200	-36.207699
0.119300	41.938400
0.119400	71.243202
0.119500	-36.207699
0.119600	-75.280800
0.119700	22.401899
0.119800	198.231003
0.119900	100.547997
0.120000	2.865360
0.120100	120.084999
0.120200	159.158005
0.120300	71.243202
0.120400	81.011497
0.120500	120.084999
0.120600	61.474899
0.120700	81.011497
0.120800	41.938400
0.120900	100.547997
0.121000	41.938400
0.121100	2.865360
0.121200	41.938400
0.121300	2.865360
0.121400	-6.902910
0.121500	120.084999
0.121600	41.938400
0.121700	-6.902910
0.121800	32.170101
0.121900	-36.207699
0.122000	-75.280800
0.122100	-16.671200
0.122200	-36.207699
0.122300	-36.207699
0.122400	2.865360
0.122500	61.474899
0.122600	-36.207699
0.122700	41.938400
0.122800	2.865360
0.122900	61.474899
0.123000	2.865360
0.123100	22.401899
0.123200	41.938400
0.123300	-16.671200
0.123400	2.865360
0.123500	41.938400
0.123600	2.865360
0.123700	61.474899
0.123800	81.011497
0.123900	139.621002
0.124000	2.865360
0.124100	-94.817299
0.124200	-75.280800
0.124300	2.865360
0.124400	2.865360
0.124500	22.401899
0.124600	81.011497
0.124700	41.938400
0.124800	159.158005
0.124900	178.694000
0.125000	120.084999
0.125100	41.938400
0.125200	51.706699
0.125300	41.938400
0.125400	2.865360
0.125500	2.865360
0.125600	2.865360
0.125700	41.938400
0.125800	100.547997
0.125900	81.011497
0.126000	41.938400
0.126100	-36.207699
0.126200	2.865360
0.126300	32.170101
0.126400	41.938400
0.126500	2.865360
0.126600	2.865360
0.126700	81.011497
0.126800	120.084999
0.126900	61.474899
0.127000	22.401899
0.127100	61.474899
0.127200	120.084999
0.127300	41.938400
0.127400	32.170101
0.127500	-36.207699
0.127600	2.865360
0.127700	-36.207699
0.127800	-16.671200
0.127900	-36.207699
0.128000	-55.744202
0.128100	-16.671200
0.128200	2.865360
0.128300	-16.671200
0.128400	-85.049004
0.128500	32.170101
0.128600	-85.049004
0.128700	-55.744202
0.128800	-16.671200
0.128900	2.865360
0.129000	22.401899
0.129100	-6.902910
0.129200	-75.280800
0.129300	-26.439400
0.129400	2.865360
0.129500	2.865360
0.129600	41.938400
0.129700	41.938400
0.129800	22.401899
0.129900	-36.207699
0.130000	-94.817299
0.130100	41.938400
0.130200	2.865360
0.130300	-36.207699
0.130400	-114.353996
0.130500	-75.280800
0.130600	-114.353996
0.130700	-94.817299
0.130800	-75.280800
0.130900	61.474899
0.131000	-36.207699
0.131100	-16.671200
0.131200	-75.280800
0.131300	-16.671200
0.131400	-75.280800
0.131500	-75.280800
0.131600	-36.207699
0.131700	-36.207699
0.131800	2.865360
0.131900	-75.280800
0.132000	-94.817299
0.132100	-124.122002
0.132200	-36.207699
0.132300	2.865360
0.132400	-55.744202
0.132500	-192.500000
0.132600	-153.427002
0.132700	-192.500000
0.132800	-192.500000
0.132900	-163.195007
0.133000	-75.280800
0.133100	-75.280800
0.133200	-75.280800
0.133300	-94.817299
0.133400	-75.280800
0.133500	-75.280800
0.133600	-94.817299
0.133700	-94.817299
0.133800	2.865360
0.133900	41.938400
0.134000	-16.671200
0.134100	2.865360
0.134200	2.865360
0.134300	32.170101
0.134400	120.084999
0.134500	81.011497
0.134600	41.938400
0.134700	22.401899
0.134800	61.474899
0.134900	149.389008
0.135000	2.865360
0.135100	61.474899
0.135200	81.011497
0.135300	81.011497
0.135400	81.011497
0.135500	41.938400
0.135600	81.011497
0.135700	100.547997
0.135800	120.084999
0.135900	81.011497
0.136000	61.474899
0.136100	-36.207699
0.136200	-16.671200
0.136300	41.938400
0.136400	22.401899
0.136500	71.243202
0.136600	41.938400
0.136700	71.243202
0.136800	2.865360
0.136900	81.011497
0.137000	110.316002
0.137100	61.474899
0.137200	41.938400
0.137300	41.938400
0.137400	81.011497
0.137500	71.243202
0.137600	2.865360
0.137700	41.938400
0.137800	41.938400
0.137900	61.474899
0.138000	-36.207699
0.138100	129.852997
0.138200	61.474899
0.138300	2.865360
0.138400	-16.671200
0.138500	120.084999
0.138600	41.938400
0.138700	41.938400
0.138800	-16.671200
0.138900	61.474899
0.139000	41.938400
0.139100	22.401899
0.139200	41.938400
0.139300	-94.817299
0.139400	81.011497
0.139500	120.084999
0.139600	41.938400
0.139700	2.865360
0.139800	41.938400
0.139900	-36.207699
0.140000	2.865360
0.140100	61.474899
0.140200	81.011497
0.140300	2.865360
0.140400	71.243202
0.140500	2.865360
0.140600	-36.207699
0.140700	2.865360
0.140800	32.170101
0.140900	-55.744202
0.141000	-36.207699
0.141100	81.011497
0.141200	81.011497
0.141300	-16.671200
0.141400	120.084999
0.141500	100.547997
0.141600	81.011497
0.141700	61.474899
0.141800	2.865360
0.141900	-36.207699
0.142000	-36.207699
0.142100	-104.585999
0.142200	-114.353996
0.142300	-6.902910
0.142400	22.401899
0.142500	-85.049004
0.142600	-55.744202
0.142700	-16.671200
0.142800	22.401899
0.142900	41.938400
0.143000	32.170101
0.143100	139.621002
0.143200	100.547997
0.143300	-36.207699
0.143400	-36.207699
0.143500	-16.671200
0.143600	2.865360
0.143700	2.865360
0.143800	41.938400
0.143900	-6.902910
0.144000	2.865360
0.144100	2.865360
0.144200	-36.207699
0.144300	-85.049004
0.144400	2.865360
0.144500	2.865360
0.144600	22.401899
0.144700	-16.671200
0.144800	110.316002
0.144900	71.243202
0.145000	81.011497
0.145100	-36.207699
0.145200	-75.280800
0.145300	-36.207699
0.145400	2.865360
0.145500	41.938400
0.145600	120.084999
0.145700	41.938400
0.145800	-6.902910
0.145900	-124.122002
0.146000	-36.207699
0.146100	2.865360
0.146200	41.938400
0.146300	81.011497
0.146400	81.011497
0.146500	-55.744202
0.146600	-75.280800
0.146700	-16.671200
0.146800	-16.671200
0.146900	-16.671200
0.147000	2.865360
0.147100	41.938400
0.147200	81.011497
0.147300	71.243202
0.147400	2.865360
0.147500	41.938400
0.147600	22.401899
0.147700	2.865360
0.147800	100.547997
0.147900	41.938400
0.148000	81.011497
0.148100	100.547997
0.148200	22.401899
0.148300	-16.671200
0.148400	-16.671200
0.148500	-55.744202
0.148600	-94.817299
0.148700	-55.744202
0.148800	2.865360
0.148900	-6.902910
0.149000	-36.207699
0.149100	-114.353996
0.149200	-45.976002
0.149300	2.865360
0.149400	2.865360
0.149500	2.865360
0.149600	-36.207699
0.149700	-182.731995
0.149800	-172.962997
0.149900	-16.671200
0.150000	41.938400
0.150100	-75.280800
0.150200	-36.207699
0.150300	61.474899
0.150400	2.865360
0.150500	-16.671200
0.150600	-36.207699
0.150700	-16.671200
0.150800	-114.353996
0.150900	-36.207699
0.151000	2.865360
0.151100	-114.353996
0.151200	-75.280800
0.151300	-36.207699
0.151400	32.170101
0.151500	-75.280800
0.151600	-85.049004
0.151700	2.865360
0.151800	2.865360
0.151900	2.865360
0.152000	-36.207699
0.152100	-36.207699
0.152200	2.865360
0.152300	2.865360
0.152400	-114.353996
0.152500	41.938400
0.152600	61.474899
0.152700	-36.207699
0.152800	-114.353996
0.152900	-75.280800
0.153000	-172.962997
0.153100	-153.427002
0.153200	-36.207699
0.153300	-16.671200
0.153400	-36.207699
0.153500	2.865360
0.153600	2.865360
0.153700	2.865360
0.153800	-55.744202
0.153900	-36.207699
0.154000	-55.744202
0.154100	2.865360
0.154200	2.865360
0.154300	41.938400
0.154400	-36.207699
0.154500	81.011497
0.154600	41.938400
0.154700	22.401899
0.154800	2.865360
0.154900	22.401899
0.155000	-55.744202
0.155100	-36.207699
0.155200	-16.671200
0.155300	2.865360
0.155400	61.474899
0.155500	2.865360
0.155600	2.865360
0.155700	-75.280800
0.155800	-114.353996
0.155900	22.401899
0.156000	-36.207699
0.156100	-16.671200
0.156200	-26.439400
0.156300	2.865360
0.156400	2.865360
0.156500	2.865360
0.156600	-36.207699
0.156700	-75.280800
0.156800	-16.671200
0.156900	-16.671200
0.157000	22.401899
0.157100	2.865360
0.157200	-36.207699
0.157300	2.865360
0.157400	22.401899
0.157500	2.865360
0.157600	2.865360
0.157700	41.938400
0.157800	-26.439400
0.157900	-16.671200
0.158000	2.865360
0.158100	-94.817299
0.158200	-36.207699
0.158300	-16.671200
0.158400	-36.207699
0.158500	-94.817299
0.158600	-16.671200
0.158700	32.170101
0.158800	22.401899
0.158900	-75.280800
0.159000	-55.744202
0.159100	81.011497
0.159200	120.084999
0.159300	81.011497
0.159400	41.938400
0.159500	2.865360
0.159600	41.938400
0.159700	-6.902910
0.159800	-36.207699
0.159900	-36.207699
0.160000	2.865360
0.160100	120.084999
0.160200	22.401899
0.160300	100.547997
0.160400	32.170101
0.160500	-94.817299
0.160600	-55.744202
0.160700	81.011497
0.160800	41.938400
0.160900	22.401899
0.161000	61.474899
0.161100	120.084999
0.161200	22.401899
0.161300	81.011497
0.161400	2.865360
0.161500	41.938400
0.161600	81.011497
0.161700	120.084999
0.161800	22.401899
0.161900	2.865360
0.162000	-36.207699
0.162100	41.938400
0.162200	41.938400
0.162300	81.011497
0.162400	61.474899
0.162500	81.011497
0.162600	-36.207699
0.162700	-75.280800
0.162800	-55.744202
0.162900	-36.207699
0.163000	41.938400
0.163100	2.865360
0.163200	2.865360
0.163300	-55.744202
0.163400	41.938400
0.163500	-75.280800
0.163600	-94.817299
0.163700	-16.671200
0.163800	-16.671200
0.163900	-55.744202
0.164000	-153.427002
0.164100	-163.195007
0.164200	-55.744202
0.164300	2.865360
0.164400	41.938400
0.164500	2.865360
0.164600	-16.671200
0.164700	-75.280800
0.164800	-75.280800
0.164900	-55.744202
0.165000	-75.280800
0.165100	2.865360
0.165200	61.474899
0.165300	41.938400
0.165400	22.401899
0.165500	-36.207699
0.165600	-16.671200
0.165700	61.474899
0.165800	2.865360
0.165900	2.865360
0.166000	-36.207699
0.166100	-124.122002
0.166200	2.865360
0.166300	2.865360
0.166400	-36.207699
0.166500	-114.353996
0.166600	-36.207699
0.166700	2.865360
0.166800	41.938400
0.166900	-16.671200
0.167000	-36.207699
0.167100	-114.353996
0.167200	-114.353996
0.167300	-16.671200
0.167400	41.938400
0.167500	-16.671200
0.167600	-26.439400
0.167700	-133.889999
0.167800	2.865360
0.167900	-16.671200
0.168000	-36.207699
0.168100	-16.671200
0.168200	2.865360
0.168300	41.938400
0.168400	2.865360
0.168500	2.865360
0.168600	2.865360
0.168700	22.401899
0.168800	61.474899
0.168900	81.011497
0.169000	-6.902910
0.169100	81.011497
0.169200	22.401899
0.169300	-16.671200
0.169400	2.865360
0.169500	41.938400
0.169600	61.474899
0.169700	32.170101
0.169800	-16.671200
0.169900	22.401899
0.170000	2.865360
0.170100	-85.049004
0.170200	-36.207699
0.170300	2.865360
0.170400	2.865360
0.170500	81.011497
0.170600	2.865360
0.170700	41.938400
0.170800	41.938400
0.170900	100.547997
0.171000	2.865360
0.171100	81.011497
0.171200	41.938400
0.171300	32.170101
0.171400	32.170101
0.171500	-16.671200
0.171600	-36.207699
0.171700	-16.671200
0.171800	-36.207699
0.171900	-16.671200
0.172000	22.401899
0.172100	41.938400
0.172200	2.865360
0.172300	41.938400
0.172400	2.865360
0.172500	41.938400
0.172600	41.938400
0.172700	-36.207699
0.172800	-45.976002
0.172900	-36.207699
0.173000	-55.744202
0.173100	-55.744202
0.173200	-16.671200
0.173300	61.474899
0.173400	61.474899
0.173500	81.011497
0.173600	81.011497
0.173700	120.084999
0.173800	32.170101
0.173900	2.865360
0.174000	-16.671200
0.174100	2.865360
0.174200	61.474899
0.174300	41.938400
0.174400	41.938400
0.174500	2.865360
0.174600	41.938400
0.174700	-16.671200
0.174800	-36.207699
0.174900	-75.280800
0.175000	61.474899
0.175100	2.865360
0.175200	61.474899
0.175300	2.865360
0.175400	-75.280800
0.175500	-124.122002
0.175600	-16.671200
0.175700	-36.207699
0.175800	-75.280800
0.175900	-36.207699
0.176000	22.401899
0.176100	22.401899
0.176200	2.865360
0.176300	-55.744202
0.176400	-133.889999
0.176500	-55.744202
0.176600	-16.671200
0.176700	-16.671200
0.176800	41.938400
0.176900	71.243202
0.177000	-55.744202
0.177100	-94.817299
0.177200	-36.207699
0.177300	-36.207699
0.177400	-6.902910
0.177500	-55.744202
0.177600	2.865360
0.177700	81.011497
0.177800	71.243202
0.177900	-6.902910
0.178000	-75.280800
0.178100	22.401899
0.178200	178.694000
0.178300	41.938400
0.178400	41.938400
0.178500	-36.207699
0.178600	-55.744202
0.178700	2.865360
0.178800	2.865360
0.178900	2.865360
0.179000	-75.280800
0.179100	-16.671200
0.179200	-16.671200
0.179300	2.865360
0.179400	2.865360
0.179500	41.938400
0.179600	2.865360
0.179700	2.865360
0.179800	2.865360
0.179900	41.938400
0.180000	2.865360
0.180100	-75.280800
0.180200	-16.671200
0.180300	-36.207699
0.180400	-36.207699
0.180500	-55.744202
0.180600	-75.280800
0.180700	-36.207699
0.180800	-55.744202
0.180900	2.865360
0.181000	-55.744202
0.181100	-6.902910
0.181200	22.401899
0.181300	-114.353996
0.181400	-36.207699
0.181500	81.011497
0.181600	120.084999
0.181700	41.938400
0.181800	-94.817299
0.181900	-75.280800
0.182000	-36.207699
0.182100	22.401899
0.182200	-75.280800
0.182300	-36.207699
0.182400	-36.207699
0.182500	-16.671200
0.182600	-94.817299
0.182700	-36.207699
0.182800	-36.207699
0.182900	2.865360
0.183000	32.170101
0.183100	-75.280800
0.183200	-94.817299
0.183300	2.865360
0.183400	-36.207699
0.183500	-75.280800
0.183600	-114.353996
0.183700	-36.207699
0.183800	2.865360
0.183900	-6.902910
0.184000	2.865360
0.184100	-36.207699
0.184200	-16.671200
0.184300	-16.671200
0.184400	-36.207699
0.184500	-75.280800
0.184600	-75.280800
0.184700	41.938400
0.184800	-16.671200
0.184900	-36.207699
0.185000	41.938400
0.185100	2.865360
0.185200	-45.976002
0.185300	81.011497
0.185400	81.011497
0.185500	61.474899
0.185600	61.474899
0.185700	-16.671200
0.185800	22.401899
0.185900	81.011497
0.186000	110.316002
0.186100	41.938400
0.186200	-16.671200
0.186300	2.865360
0.186400	2.865360
0.186500	2.865360
0.186600	-45.976002
0.186700	-36.207699
0.186800	-36.207699
0.186900	-75.280800
0.187000	-45.976002
0.187100	-36.207699
0.187200	22.401899
0.187300	2.865360
0.187400	12.633600
0.187500	22.401899
0.187600	2.865360
0.187700	81.011497
0.187800	100.547997
0.187900	2.865360
0.188000	2.865360
0.188100	61.474899
0.188200	22.401899
0.188300	81.011497
0.188400	41.938400
0.188500	41.938400
0.188600	2.865360
0.188700	61.474899
0.188800	81.011497
0.188900	41.938400
0.189000	12.633600
0.189100	41.938400
0.189200	41.938400
0.189300	-16.671200
0.189400	-55.744202
0.189500	-114.353996
0.189600	-16.671200
0.189700	81.011497
0.189800	22.401899
0.189900	2.865360
0.190000	2.865360
0.190100	81.011497
0.190200	51.706699
0.190300	2.865360
0.190400	-16.671200
0.190500	41.938400
0.190600	41.938400
0.190700	-36.207699
0.190800	-55.744202
0.190900	81.011497
0.191000	81.011497
0.191100	2.865360
0.191200	2.865360
0.191300	2.865360
0.191400	-75.280800
0.191500	-16.671200
0.191600	-16.671200
0.191700	-45.976002
0.191800	41.938400
0.191900	2.865360
0.192000	-16.671200
0.192100	2.865360
0.192200	-36.207699
0.192300	-75.280800
0.192400	-94.817299
0.192500	-16.671200
0.192600	41.938400
0.192700	-36.207699
0.192800	22.401899
0.192900	120.084999
0.193000	41.938400
0.193100	2.865360
0.193200	-26.439400
0.193300	-75.280800
0.193400	-55.744202
0.193500	41.938400
0.193600	32.170101
0.193700	2.865360
0.193800	-16.671200
0.193900	-26.439400
0.194000	22.401899
0.194100	41.938400
0.194200	2.865360
0.194300	81.011497
0.194400	41.938400
0.194500	-16.671200
0.194600	2.865360
0.194700	120.084999
0.194800	61.474899
0.194900	2.865360
0.195000	100.547997
0.195100	61.474899
0.195200	41.938400
0.195300	12.633600
0.195400	2.865360
0.195500	2.865360
0.195600	-16.671200
0.195700	2.865360
0.195800	-153.427002
0.195900	-75.280800
0.196000	-94.817299
0.196100	-94.817299
0.196200	-114.353996
0.196300	-16.671200
0.196400	-55.744202
0.196500	-36.207699
0.196600	41.938400
0.196700	61.474899
0.196800	41.938400
0.196900	81.011497
0.197000	22.401899
0.197100	41.938400
0.197200	-36.207699
0.197300	-45.976002
0.197400	-45.976002
0.197500	61.474899
0.197600	71.243202
0.197700	-75.280800
0.197800	2.865360
0.197900	81.011497
0.198000	81.011497
0.198100	2.865360
0.198200	-36.207699
0.198300	-55.744202
0.198400	-94.817299
0.198500	2.865360
0.198600	81.011497
0.198700	2.865360
0.198800	41.938400
0.198900	81.011497
0.199000	81.011497
0.199100	2.865360
0.199200	100.547997
0.199300	120.084999
0.199400	2.865360
0.199500	-16.671200
0.199600	-36.207699
0.199700	2.865360
0.199800	41.938400
0.199900	-36.207699
0.200000	-55.744202
0.200100	-55.744202
0.200200	-45.976002
0.200300	-26.439400
0.200400	2.865360
0.200500	-75.280800
0.200600	-133.889999
0.200700	-75.280800
0.200800	-45.976002
0.200900	-16.671200
0.201000	-36.207699
0.201100	2.865360
0.201200	41.938400
0.201300	61.474899
0.201400	2.865360
0.201500	2.865360
0.201600	61.474899
0.201700	81.011497
0.201800	-75.280800
0.201900	-16.671200
0.202000	2.865360
0.202100	41.938400
0.202200	-36.207699
0.202300	-75.280800
0.202400	-114.353996
0.202500	-75.280800
0.202600	-75.280800
0.202700	-94.817299
0.202800	-75.280800
0.202900	-36.207699
0.203000	12.633600
0.203100	2.865360
0.203200	-36.207699
0.203300	-75.280800
0.203400	-114.353996
0.203500	-75.280800
0.203600	-36.207699
0.203700	41.938400
0.203800	61.474899
0.203900	61.474899
0.204000	2.865360
0.204100	41.938400
0.204200	61.474899
0.204300	2.865360
0.204400	61.474899
0.204500	22.401899
0.204600	-75.280800
0.204700	22.401899
0.204800	81.011497
0.204900	-16.671200
0.205000	-36.207699
0.205100	-45.976002
0.205200	2.865360
0.205300	41.938400
0.205400	-36.207699
0.205500	-36.207699
0.205600	120.084999
0.205700	2.865360
0.205800	2.865360
0.205900	2.865360
0.206000	2.865360
0.206100	-75.280800
0.206200	-104.585999
0.206300	2.865360
0.206400	-36.207699
0.206500	2.865360
0.206600	81.011497
0.206700	22.401899
0.206800	-75.280800
0.206900	41.938400
0.207000	120.084999
0.207100	41.938400
0.207200	-16.671200
0.207300	61.474899
0.207400	2.865360
0.207500	-55.744202
0.207600	41.938400
0.207700	2.865360
0.207800	-16.671200
0.207900	2.865360
0.208000	61.474899
0.208100	2.865360
0.208200	-36.207699
0.208300	41.938400
0.208400	41.938400
0.208500	-16.671200
0.208600	-36.207699
0.208700	22.401899
0.208800	-55.744202
0.208900	2.865360
0.209000	41.938400
0.209100	-75.280800
0.209200	-114.353996
0.209300	-55.744202
0.209400	-75.280800
0.209500	-16.671200
0.209600	-16.671200
0.209700	-36.207699
0.209800	81.011497
0.209900	81.011497
0.210000	41.938400
0.210100	2.865360
0.210200	71.243202
0.210300	61.474899
0.210400	22.401899
0.210500	41.938400
0.210600	41.938400
0.210700	2.865360
0.210800	41.938400
0.210900	2.865360
0.211000	22.401899
0.211100	81.011497
0.211200	71.243202
0.211300	22.401899
0.211400	22.401899
0.211500	-16.671200
0.211600	2.865360
0.211700	61.474899
0.211800	81.011497
0.211900	41.938400
0.212000	22.401899
0.212100	-36.207699
0.212200	41.938400
0.212300	81.011497
0.212400	22.401899
0.212500	2.865360
0.212600	41.938400
0.212700	-36.207699
0.212800	41.938400
0.212900	71.243202
0.213000	100.547997
0.213100	2.865360
0.213200	2.865360
0.213300	41.938400
0.213400	32.170101
0.213500	41.938400
0.213600	61.474899
0.213700	2.865360
0.213800	22.401899
0.213900	-16.671200
0.214000	-16.671200
0.214100	-36.207699
0.214200	-45.976002
0.214300	41.938400
0.214400	81.011497
0.214500	2.865360
0.214600	-36.207699
0.214700	2.865360
0.214800	22.401899
0.214900	22.401899
0.215000	81.011497
0.215100	2.865360
0.215200	-6.902910
0.215300	2.865360
0.215400	-36.207699
0.215500	2.865360
0.215600	41.938400
0.215700	61.474899
0.215800	-36.207699
0.215900	-16.671200
0.216000	-16.671200
0.216100	2.865360
0.216200	-16.671200
0.216300	-36.207699
0.216400	2.865360
0.216500	22.401899
0.216600	61.474899
0.216700	81.011497
0.216800	61.474899
0.216900	51.706699
0.217000	2.865360
0.217100	81.011497
0.217200	81.011497
0.217300	51.706699
0.217400	2.865360
0.217500	-36.207699
0.217600	-55.744202
0.217700	22.401899
0.217800	61.474899
0.217900	-45.976002
0.218000	2.865360
0.218100	41.938400
0.218200	61.474899
0.218300	61.474899
0.218400	71.243202
0.218500	12.633600
0.218600	-75.280800
0.218700	-36.207699
0.218800	-16.671200
0.218900	-6.902910
0.219000	22.401899
0.219100	-16.671200
0.219200	-26.439400
0.219300	2.865360
0.219400	41.938400
0.219500	22.401899
0.219600	2.865360
0.219700	-16.671200
0.219800	2.865360
0.219900	-55.744202
0.220000	-45.976002
0.220100	41.938400
0.220200	120.084999
0.220300	41.938400
0.220400	81.011497
0.220500	-16.671200
0.220600	2.865360
0.220700	41.938400
0.220800	2.865360
0.220900	41.938400
0.221000	22.401899
0.221100	61.474899
0.221200	61.474899
0.221300	81.011497
0.221400	22.401899
0.221500	61.474899
0.221600	2.865360
0.221700	2.865360
0.221800	81.011497
0.221900	2.865360
0.222000	2.865360
0.222100	61.474899
0.222200	61.474899
0.222300	2.865360
0.222400	22.401899
0.222500	-75.280800
0.222600	2.865360
0.222700	2.865360
0.222800	2.865360
0.222900	2.865360
0.223000	61.474899
0.223100	2.865360
0.223200	61.474899
0.223300	2.865360
0.223400	-6.902910
0.223500	41.938400
0.223600	2.865360
0.223700	22.401899
0.223800	2.865360
0.223900	-16.671200
0.224000	-94.817299
0.224100	2.865360
0.224200	41.938400
0.224300	61.474899
0.224400	-16.671200
0.224500	-36.207699
0.224600	-36.207699
0.224700	2.865360
0.224800	-55.744202
0.224900	-114.353996
0.225000	-75.280800
0.225100	2.865360
0.225200	41.938400
0.225300	2.865360
0.225400	-16.671200
0.225500	22.401899
0.225600	41.938400
0.225700	-94.817299
0.225800	2.865360
0.225900	2.865360
0.226000	41.938400
0.226100	32.170101
0.226200	41.938400
0.226300	-36.207699
0.226400	61.474899
0.226500	61.474899
0.226600	32.170101
0.226700	-6.902910
0.226800	41.938400
0.226900	61.474899
0.227000	2.865360
0.227100	-75.280800
0.227200	2.865360
0.227300	22.401899
0.227400	-114.353996
0.227500	-45.976002
0.227600	61.474899
0.227700	-55.744202
0.227800	-36.207699
0.227900	-16.671200
0.228000	-36.207699
0.228100	2.865360
0.228200	81.011497
0.228300	120.084999
0.228400	61.474899
0.228500	-16.671200
0.228600	-36.207699
0.228700	2.865360
0.228800	41.938400
0.228900	-75.280800
0.229000	-75.280800
0.229100	-36.207699
0.229200	-94.817299
0.229300	-16.671200
0.229400	2.865360
0.229500	-16.671200
0.229600	41.938400
0.229700	-36.207699
0.229800	-94.817299
0.229900	-133.889999
0.230000	-55.744202
0.230100	2.865360
0.230200	22.401899
0.230300	41.938400
0.230400	41.938400
0.230500	41.938400
0.230600	2.865360
0.230700	-55.744202
0.230800	2.865360
0.230900	2.865360
0.231000	2.865360
0.231100	41.938400
0.231200	120.084999
0.231300	81.011497
0.231400	61.474899
0.231500	41.938400
0.231600	81.011497
0.231700	22.401899
0.231800	-75.280800
0.231900	-6.902910
0.232000	41.938400
0.232100	-75.280800
0.232200	-75.280800
0.232300	61.474899
0.232400	61.474899
0.232500	2.865360
0.232600	-45.976002
0.232700	-94.817299
0.232800	-36.207699
0.232900	22.401899
0.233000	2.865360
0.233100	2.865360
0.233200	2.865360
0.233300	81.011497
0.233400	51.706699
0.233500	2.865360
0.233600	32.170101
0.233700	100.547997
0.233800	22.401899
0.233900	61.474899
0.234000	81.011497
0.234100	71.243202
0.234200	61.474899
0.234300	-16.671200
0.234400	-65.512497
0.234500	-75.280800
0.234600	-55.744202
0.234700	2.865360
0.234800	41.938400
0.234900	-36.207699
0.235000	2.865360
0.235100	61.474899
0.235200	120.084999
0.235300	81.011497
0.235400	22.401899
0.235500	2.865360
0.235600	71.243202
0.235700	81.011497
0.235800	41.938400
0.235900	2.865360
0.236000	-16.671200
0.236100	41.938400
0.236200	2.865360
0.236300	32.170101
0.236400	41.938400
0.236500	100.547997
0.236600	2.865360
0.236700	22.401899
0.236800	22.401899
0.236900	-36.207699
0.237000	2.865360
0.237100	-75.280800
0.237200	-55.744202
0.237300	2.865360
0.237400	-36.207699
0.237500	2.865360
0.237600	-6.902910
0.237700	22.401899
0.237800	41.938400
0.237900	81.011497
0.238000	-36.207699
0.238100	-36.207699
0.238200	-75.280800
0.238300	-75.280800
0.238400	-153.427002
0.238500	-36.207699
0.238600	41.938400
0.238700	2.865360
0.238800	-36.207699
0.238900	-6.902910
0.239000	2.865360
0.239100	-36.207699
0.239200	2.865360
0.239300	-36.207699
0.239400	-16.671200
0.239500	2.865360
0.239600	22.401899
0.239700	41.938400
0.239800	2.865360
0.239900	-55.744202
0.240000	2.865360
0.240100	71.243202
0.240200	81.011497
0.240300	2.865360
0.240400	-55.744202
0.240500	-16.671200
0.240600	2.865360
0.240700	-16.671200
0.240800	-36.207699
0.240900	-75.280800
0.241000	-36.207699
0.241100	-26.439400
0.241200	-16.671200
0.241300	2.865360
0.241400	2.865360
0.241500	-36.207699
0.241600	22.401899
0.241700	61.474899
0.241800	-16.671200
0.241900	-16.671200
0.242000	-36.207699
0.242100	81.011497
0.242200	2.865360
0.242300	-6.902910
0.242400	2.865360
0.242500	81.011497
0.242600	-45.976002
0.242700	-16.671200
0.242800	2.865360
0.242900	-55.744202
0.243000	-114.353996
0.243100	-16.671200
0.243200	41.938400
0.243300	41.938400
0.243400	-16.671200
0.243500	-16.671200
0.243600	-75.280800
0.243700	-16.671200
0.243800	-6.902910
0.243900	-36.207699
0.244000	-55.744202
0.244100	61.474899
0.244200	-36.207699
0.244300	-94.817299
0.244400	2.865360
0.244500	81.011497
0.244600	-16.671200
0.244700	-36.207699
0.244800	-55.744202
0.244900	-16.671200
0.245000	-16.671200
0.245100	-36.207699
0.245200	-36.207699
0.245300	-94.817299
0.245400	-75.280800
0.245500	61.474899
0.245600	51.706699
0.245700	41.938400
0.245800	-75.280800
0.245900	-75.280800
0.246000	-55.744202
0.246100	2.865360
0.246200	22.401899
0.246300	-85.049004
0.246400	-55.744202
0.246500	2.865360
0.246600	41.938400
0.246700	-36.207699
0.246800	2.865360
0.246900	-36.207699
0.247000	-6.902910
0.247100	-55.744202
0.247200	2.865360
0.247300	2.865360
0.247400	-55.744202
0.247500	-172.962997
0.247600	-172.962997
0.247700	22.401899
0.247800	61.474899
0.247900	2.865360
0.248000	2.865360
0.248100	61.474899
0.248200	22.401899
0.248300	-36.207699
0.248400	-16.671200
0.248500	41.938400
0.248600	2.865360
0.248700	2.865360
0.248800	-55.744202
0.248900	-36.207699
0.249000	-36.207699
0.249100	-75.280800
0.249200	-94.817299
0.249300	2.865360
0.249400	2.865360
0.249500	-26.439400
0.249600	2.865360
0.249700	22.401899
0.249800	41.938400
0.249900	41.938400
0.250000	-94.817299
0.250100	-36.207699
0.250200	-6.902910
0.250300	2.865360
0.250400	-36.207699
0.250500	2.865360
0.250600	41.938400
0.250700	81.011497
0.250800	2.865360
0.250900	-55.744202
0.251000	-36.207699
0.251100	-114.353996
0.251200	-172.962997
0.251300	-94.817299
0.251400	22.401899
0.251500	41.938400
0.251600	61.474899
0.251700	-16.671200
0.251800	-75.280800
0.251900	-75.280800
0.252000	-36.207699
0.252100	-75.280800
0.252200	-16.671200
0.252300	2.865360
0.252400	32.170101
0.252500	2.865360
0.252600	51.706699
0.252700	22.401899
0.252800	-16.671200
0.252900	2.865360
0.253000	22.401899
0.253100	-16.671200
0.253200	-36.207699
0.253300	2.865360
0.253400	41.938400
0.253500	71.243202
0.253600	41.938400
0.253700	71.243202
0.253800	81.011497
0.253900	-36.207699
0.254000	2.865360
0.254100	2.865360
0.254200	2.865360
0.254300	2.865360
0.254400	41.938400
0.254500	2.865360
0.254600	61.474899
0.254700	2.865360
0.254800	-36.207699
0.254900	-6.902910
0.255000	81.011497
0.255100	120.084999
0.255200	2.865360
0.255300	-75.280800
0.255400	-94.817299
0.255500	-36.207699
0.255600	81.011497
0.255700	2.865360
0.255800	-36.207699
0.255900	41.938400
0.256000	120.084999
0.256100	61.474899
0.256200	81.011497
0.256300	22.401899
0.256400	22.401899
0.256500	32.170101
0.256600	139.621002
0.256700	100.547997
0.256800	2.865360
0.256900	61.474899
0.257000	41.938400
0.257100	41.938400
0.257200	100.547997
0.257300	81.011497
0.257400	22.401899
0.257500	41.938400
0.257600	100.547997
0.257700	41.938400
0.257800	41.938400
0.257900	41.938400
0.258000	2.865360
0.258100	22.401899
0.258200	41.938400
0.258300	41.938400
0.258400	-114.353996
0.258500	2.865360
0.258600	-36.207699
0.258700	-75.280800
0.258800	-85.049004
0.258900	-36.207699
0.259000	-26.439400
0.259100	2.865360
0.259200	2.865360
0.259300	22.401899
0.259400	120.084999
0.259500	41.938400
0.259600	22.401899
0.259700	61.474899
0.259800	81.011497
0.259900	22.401899
0.260000	2.865360
0.260100	2.865360
0.260200	-36.207699
0.260300	-36.207699
0.260400	-36.207699
0.260500	2.865360
0.260600	2.865360
0.260700	-16.671200
0.260800	-36.207699
0.260900	32.170101
0.261000	41.938400
0.261100	-16.671200
0.261200	41.938400
0.261300	120.084999
0.261400	61.474899
0.261500	-16.671200
0.261600	-16.671200
0.261700	2.865360
0.261800	61.474899
0.261900	41.938400
0.262000	41.938400
0.262100	2.865360
0.262200	-36.207699
0.262300	2.865360
0.262400	81.011497
0.262500	-75.280800
0.262600	-75.280800
0.262700	-75.280800
0.262800	2.865360
0.262900	-55.744202
0.263000	-94.817299
0.263100	-75.280800
0.263200	61.474899
0.263300	2.865360
0.263400	-133.889999
0.263500	-114.353996
0.263600	-16.671200
0.263700	-94.817299
0.263800	-114.353996
0.263900	2.865360
0.264000	81.011497
0.264100	-45.976002
0.264200	-75.280800
0.264300	-36.207699
0.264400	2.865360
0.264500	-75.280800
0.264600	-94.817299
0.264700	-75.280800
0.264800	-55.744202
0.264900	-36.207699
0.265000	2.865360
0.265100	-36.207699
0.265200	2.865360
0.265300	2.865360
0.265400	41.938400
0.265500	41.938400
0.265600	-45.976002
0.265700	2.865360
0.265800	41.938400
0.265900	22.401899
0.266000	-75.280800
0.266100	-94.817299
0.266200	-36.207699
0.266300	-114.353996
0.266400	2.865360
0.266500	22.401899
0.266600	41.938400
0.266700	-36.207699
0.266800	-36.207699
0.266900	2.865360
0.267000	-36.207699
0.267100	-75.280800
0.267200	2.865360
0.267300	2.865360
0.267400	-55.744202
0.267500	-55.744202
0.267600	2.865360
0.267700	22.401899
0.267800	2.865360
0.267900	-75.280800
0.268000	-133.889999
0.268100	2.865360
0.268200	41.938400
0.268300	-16.671200
0.268400	-36.207699
0.268500	-45.976002
0.268600	-153.427002
0.268700	-36.207699
0.268800	61.474899
0.268900	120.084999
0.269000	-36.207699
0.269100	-36.207699
0.269200	-94.817299
0.269300	-75.280800
0.269400	-16.671200
0.269500	-16.671200
0.269600	2.865360
0.269700	41.938400
0.269800	61.474899
0.269900	-36.207699
0.270000	-114.353996
0.270100	-133.889999
0.270200	-75.280800
0.270300	-45.976002
0.270400	-36.207699
0.270500	-94.817299
0.270600	-36.207699
0.270700	-75.280800
0.270800	-16.671200
0.270900	22.401899
0.271000	-26.439400
0.271100	2.865360
0.271200	-16.671200
0.271300	-45.976002
0.271400	-36.207699
0.271500	22.401899
0.271600	41.938400
0.271700	61.474899
0.271800	-16.671200
0.271900	-153.427002
0.272000	-36.207699
0.272100	22.401899
0.272200	2.865360
0.272300	22.401899
0.272400	22.401899
0.272500	-6.902910
0.272600	-16.671200
0.272700	-36.207699
0.272800	41.938400
0.272900	139.621002
0.273000	120.084999
0.273100	2.865360
0.273200	-16.671200
0.273300	-16.671200
0.273400	-16.671200
0.273500	-75.280800
0.273600	-75.280800
0.273700	-75.280800
0.273800	-26.439400
0.273900	2.865360
0.274000	51.706699
0.274100	-16.671200
0.274200	41.938400
0.274300	41.938400
0.274400	81.011497
0.274500	2.865360
0.274600	2.865360
0.274700	-114.353996
0.274800	-45.976002
0.274900	-6.902910
0.275000	61.474899
0.275100	-16.671200
0.275200	2.865360
0.275300	2.865360
0.275400	-36.207699
0.275500	22.401899
0.275600	2.865360
0.275700	2.865360
0.275800	2.865360
0.275900	-75.280800
0.276000	-114.353996
0.276100	2.865360
0.276200	120.084999
0.276300	-36.207699
0.276400	2.865360
0.276500	41.938400
0.276600	61.474899
0.276700	22.401899
0.276800	2.865360
0.276900	2.865360
0.277000	-36.207699
0.277100	-36.207699
0.277200	2.865360
0.277300	51.706699
0.277400	2.865360
0.277500	61.474899
0.277600	61.474899
0.277700	2.865360
0.277800	81.011497
0.277900	81.011497
0.278000	32.170101
0.278100	2.865360
0.278200	22.401899
0.278300	-16.671200
0.278400	2.865360
0.278500	32.170101
0.278600	81.011497
0.278700	120.084999
0.278800	81.011497
0.278900	41.938400
0.279000	2.865360
0.279100	-85.049004
0.279200	-75.280800
0.279300	-85.049004
0.279400	41.938400
0.279500	81.011497
0.279600	81.011497
0.279700	-36.207699
0.279800	-85.049004
0.279900	-75.280800
0.280000	-55.744202
0.280100	2.865360
0.280200	81.011497
0.280300	-6.902910
0.280400	-94.817299
0.280500	-36.207699
0.280600	-36.207699
0.280700	41.938400
0.280800	-36.207699
0.280900	41.938400
0.281000	2.865360
0.281100	-16.671200
0.281200	-55.744202
0.281300	-36.207699
0.281400	41.938400
0.281500	71.243202
0.281600	2.865360
0.281700	-45.976002
0.281800	-16.671200
0.281900	2.865360
0.282000	-6.902910
0.282100	81.011497
0.282200	-16.671200
0.282300	-75.280800
0.282400	-133.889999
0.282500	-114.353996
0.282600	-36.207699
0.282700	-36.207699
0.282800	-75.280800
0.282900	-36.207699
0.283000	41.938400
0.283100	22.401899
0.283200	-36.207699
0.283300	-45.976002
0.283400	-75.280800
0.283500	2.865360
0.283600	61.474899
0.283700	22.401899
0.283800	-94.817299
0.283900	-6.902910
0.284000	41.938400
0.284100	2.865360
0.284200	-36.207699
0.284300	-36.207699
0.284400	2.865360
0.284500	81.011497
0.284600	-55.744202
0.284700	-75.280800
0.284800	41.938400
0.284900	41.938400
0.285000	2.865360
0.285100	120.084999
0.285200	100.547997
0.285300	-75.280800
0.285400	-114.353996
0.285500	-75.280800
0.285600	-16.671200
0.285700	41.938400
0.285800	81.011497
0.285900	22.401899
0.286000	-55.744202
0.286100	-36.207699
0.286200	2.865360
0.286300	41.938400
0.286400	2.865360
0.286500	120.084999
0.286600	81.011497
0.286700	-16.671200
0.286800	-26.439400
0.286900	41.938400
0.287000	22.401899
0.287100	-36.207699
0.287200	2.865360
0.287300	41.938400
0.287400	41.938400
0.287500	-75.280800
0.287600	-94.817299
0.287700	-16.671200
0.287800	22.401899
0.287900	-16.671200
0.288000	2.865360
0.288100	-75.280800
0.288200	-36.207699
0.288300	-36.207699
0.288400	-94.817299
0.288500	-114.353996
0.288600	-36.207699
0.288700	22.401899
0.288800	81.011497
0.288900	41.938400
0.289000	-114.353996
0.289100	-133.889999
0.289200	-45.976002
0.289300	-16.671200
0.289400	2.865360
0.289500	-16.671200
0.289600	61.474899
0.289700	22.401899
0.289800	-26.439400
0.289900	-75.280800
0.290000	2.865360
0.290100	32.170101
0.290200	-16.671200
0.290300	-55.744202
0.290400	22.401899
0.290500	22.401899
0.290600	-94.817299
0.290700	-75.280800
0.290800	2.865360
0.290900	-55.744202
0.291000	2.865360
0.291100	2.865360
0.291200	-16.671200
0.291300	-75.280800
0.291400	-94.817299
0.291500	-16.671200
0.291600	-36.207699
0.291700	-114.353996
0.291800	-36.207699
0.291900	-45.976002
0.292000	22.401899
0.292100	22.401899
0.292200	32.170101
0.292300	2.865360
0.292400	100.547997
0.292500	41.938400
0.292600	41.938400
0.292700	-94.817299
0.292800	-55.744202
0.292900	-16.671200
0.293000	61.474899
0.293100	71.243202
0.293200	-16.671200
0.293300	22.401899
0.293400	2.865360
0.293500	41.938400
0.293600	41.938400
0.293700	61.474899
0.293800	-16.671200
0.293900	-133.889999
0.294000	2.865360
0.294100	41.938400
0.294200	22.401899
0.294300	-36.207699
0.294400	2.865360
0.294500	81.011497
0.294600	159.158005
0.294700	139.621002
0.294800	41.938400
0.294900	41.938400
0.295000	22.401899
0.295100	2.865360
0.295200	129.852997
0.295300	71.243202
0.295400	2.865360
0.295500	2.865360
0.295600	22.401899
0.295700	2.865360
0.295800	2.865360
0.295900	2.865360
0.296000	2.865360
0.296100	-36.207699
0.296200	-75.280800
0.296300	2.865360
0.296400	-36.207699
0.296500	-36.207699
0.296600	2.865360
0.296700	-65.512497
0.296800	2.865360
0.296900	41.938400
0.297000	41.938400
0.297100	-94.817299
0.297200	-16.671200
0.297300	22.401899
0.297400	2.865360
0.297500	2.865360
0.297600	41.938400
0.297700	2.865360
0.297800	41.938400
0.297900	-16.671200
0.298000	2.865360
0.298100	-94.817299
0.298200	2.865360
0.298300	2.865360
0.298400	32.170101
0.298500	100.547997
0.298600	120.084999
0.298700	2.865360
0.298800	-16.671200
0.298900	-75.280800
0.299000	41.938400
0.299100	81.011497
0.299200	-36.207699
0.299300	-75.280800
0.299400	-104.585999
0.299500	41.938400
0.299600	41.938400
0.299700	-36.207699
0.299800	2.865360
0.299900	2.865360
