-0.050000	-23.499701
-0.049900	-81.444000
-0.049800	82.731697
-0.049700	140.675995
-0.049600	63.416901
-0.049500	15.129900
-0.049400	5.472520
-0.049300	-71.786598
-0.049200	-33.157001
-0.049100	44.102100
-0.049000	5.472520
-0.048900	-33.157001
-0.048800	5.472520
-0.048700	-81.444000
-0.048600	-52.471802
-0.048500	-52.471802
-0.048400	-110.416000
-0.048300	5.472520
-0.048200	159.990997
-0.048100	169.647995
-0.048000	63.416901
-0.047900	44.102100
-0.047800	-71.786598
-0.047700	15.129900
-0.047600	82.731697
-0.047500	-33.157001
-0.047400	-42.814400
-0.047300	-52.471802
-0.047200	-13.842300
-0.047100	140.675995
-0.047000	63.416901
-0.046900	-71.786598
-0.046800	24.787300
-0.046700	44.102100
-0.046600	-13.842300
-0.046500	-71.786598
-0.046400	-110.416000
-0.046300	-129.731003
-0.046200	-110.416000
-0.046100	24.787300
-0.046000	34.444698
-0.045900	-91.101402
-0.045800	-91.101402
-0.045700	-42.814400
-0.045600	-100.759003
-0.045500	-129.731003
-0.045400	5.472520
-0.045300	5.472520
-0.045200	-33.157001
-0.045100	24.787300
-0.045000	92.389099
-0.044900	102.045998
-0.044800	82.731697
-0.044700	-4.184870
-0.044600	-71.786598
-0.044500	5.472520
-0.044400	44.102100
-0.044300	44.102100
-0.044200	44.102100
-0.044100	-62.129200
-0.044000	44.102100
-0.043900	140.675995
-0.043800	102.045998
-0.043700	24.787300
-0.043600	5.472520
-0.043500	-4.184870
-0.043400	-4.184870
-0.043300	53.759499
-0.043200	-52.471802
-0.043100	-120.073997
-0.043000	-33.157001
-0.042900	-42.814400
-0.042800	-62.129200
-0.042700	-129.731003
-0.042600	-100.759003
-0.042500	-23.499701
-0.042400	5.472520
-0.042300	63.416901
-0.042200	15.129900
-0.042100	-91.101402
-0.042000	-110.416000
-0.041900	-52.471802
-0.041800	5.472520
-0.041700	24.787300
-0.041600	-71.786598
-0.041500	-129.731003
-0.041400	63.416901
-0.041300	169.647995
-0.041200	-23.499701
-0.041100	-168.360992
-0.041000	-71.786598
-0.040900	34.444698
-0.040800	44.102100
-0.040700	44.102100
-0.040600	-62.129200
-0.040500	-52.471802
-0.040400	82.731697
-0.040300	102.045998
-0.040200	44.102100
-0.040100	15.129900
-0.040000	-33.157001
-0.039900	73.074303
-0.039800	179.306000
-0.039700	24.787300
-0.039600	-110.416000
-0.039500	-129.731003
-0.039400	-81.444000
-0.039300	5.472520
-0.039200	5.472520
-0.039100	-23.499701
-0.039000	-13.842300
-0.038900	-100.759003
-0.038800	-91.101402
-0.038700	-71.786598
-0.038600	-4.184870
-0.038500	-33.157001
-0.038400	-52.471802
-0.038300	-110.416000
-0.038200	-33.157001
-0.038100	44.102100
-0.038000	-52.471802
-0.037900	-71.786598
-0.037800	-71.786598
-0.037700	15.129900
-0.037600	63.416901
-0.037500	-13.842300
-0.037400	-52.471802
-0.037300	5.472520
-0.037200	82.731697
-0.037100	121.361000
-0.037000	44.102100
-0.036900	-110.416000
-0.036800	-100.759003
-0.036700	-71.786598
-0.036600	-81.444000
-0.036500	-71.786598
-0.036400	-110.416000
-0.036300	-91.101402
-0.036200	24.787300
-0.036100	102.045998
-0.036000	-42.814400
-0.035900	-23.499701
-0.035800	179.306000
-0.035700	140.675995
-0.035600	24.787300
-0.035500	-13.842300
-0.035400	-13.842300
-0.035300	82.731697
-0.035200	63.416901
-0.035100	121.361000
-0.035000	73.074303
-0.034900	-33.157001
-0.034800	-42.814400
-0.034700	15.129900
-0.034600	63.416901
-0.034500	92.389099
-0.034400	24.787300
-0.034300	5.472520
-0.034200	44.102100
-0.034100	92.389099
-0.034000	44.102100
-0.033900	34.444698
-0.033800	-52.471802
-0.033700	-129.731003
-0.033600	-52.471802
-0.033500	92.389099
-0.033400	82.731697
-0.033300	-33.157001
-0.033200	-52.471802
-0.033100	-71.786598
-0.033000	-33.157001
-0.032900	44.102100
-0.032800	-33.157001
-0.032700	-129.731003
-0.032600	5.472520
-0.032500	92.389099
-0.032400	24.787300
-0.032300	-52.471802
-0.032200	-71.786598
-0.032100	24.787300
-0.032000	-13.842300
-0.031900	44.102100
-0.031800	102.045998
-0.031700	-33.157001
-0.031600	-71.786598
-0.031500	-71.786598
-0.031400	-42.814400
-0.031300	44.102100
-0.031200	-13.842300
-0.031100	-62.129200
-0.031000	-81.444000
-0.030900	5.472520
-0.030800	53.759499
-0.030700	121.361000
-0.030600	44.102100
-0.030500	-81.444000
-0.030400	-129.731003
-0.030300	-71.786598
-0.030200	5.472520
-0.030100	-13.842300
-0.030000	-71.786598
-0.029900	-129.731003
-0.029800	5.472520
-0.029700	44.102100
-0.029600	-13.842300
-0.029500	-91.101402
-0.029400	-149.046005
-0.029300	24.787300
-0.029200	131.018997
-0.029100	-13.842300
-0.029000	5.472520
-0.028900	102.045998
-0.028800	179.306000
-0.028700	102.045998
-0.028600	-91.101402
-0.028500	-100.759003
-0.028400	-13.842300
-0.028300	34.444698
-0.028200	5.472520
-0.028100	24.787300
-0.028000	-52.471802
-0.027900	-81.444000
-0.027800	44.102100
-0.027700	73.074303
-0.027600	-23.499701
-0.027500	-42.814400
-0.027400	-13.842300
-0.027300	-52.471802
-0.027200	5.472520
-0.027100	5.472520
-0.027000	-4.184870
-0.026900	63.416901
-0.026800	82.731697
-0.026700	44.102100
-0.026600	63.416901
-0.026500	63.416901
-0.026400	-13.842300
-0.026300	-71.786598
-0.026200	-62.129200
-0.026100	63.416901
-0.026000	121.361000
-0.025900	-4.184870
-0.025800	-4.184870
-0.025700	-23.499701
-0.025600	44.102100
-0.025500	82.731697
-0.025400	-52.471802
-0.025300	-81.444000
-0.025200	44.102100
-0.025100	140.675995
-0.025000	44.102100
-0.024900	-71.786598
-0.024800	-110.416000
-0.024700	-81.444000
-0.024600	63.416901
-0.024500	102.045998
-0.024400	44.102100
-0.024300	-4.184870
-0.024200	5.472520
-0.024100	82.731697
-0.024000	63.416901
-0.023900	24.787300
-0.023800	-33.157001
-0.023700	-91.101402
-0.023600	-120.073997
-0.023500	44.102100
-0.023400	44.102100
-0.023300	5.472520
-0.023200	82.731697
-0.023100	121.361000
-0.023000	121.361000
-0.022900	5.472520
-0.022800	-91.101402
-0.022700	-110.416000
-0.022600	-4.184870
-0.022500	121.361000
-0.022400	-13.842300
-0.022300	-62.129200
-0.022200	-91.101402
-0.022100	-264.933990
-0.022000	-245.619995
-0.021900	-33.157001
-0.021800	24.787300
-0.021700	24.787300
-0.021600	63.416901
-0.021500	44.102100
-0.021400	53.759499
-0.021300	44.102100
-0.021200	-33.157001
-0.021100	-91.101402
-0.021000	-13.842300
-0.020900	5.472520
-0.020800	24.787300
-0.020700	111.704002
-0.020600	53.759499
-0.020500	-33.157001
-0.020400	-52.471802
-0.020300	-52.471802
-0.020200	-110.416000
-0.020100	-62.129200
-0.020000	-71.786598
-0.019900	-33.157001
-0.019800	-33.157001
-0.019700	24.787300
-0.019600	5.472520
-0.019500	-52.471802
-0.019400	-91.101402
-0.019300	15.129900
-0.019200	150.332993
-0.019100	5.472520
-0.019000	-71.786598
-0.018900	-110.416000
-0.018800	-42.814400
-0.018700	15.129900
-0.018600	34.444698
-0.018500	-52.471802
-0.018400	-52.471802
-0.018300	-4.184870
-0.018200	34.444698
-0.018100	179.306000
-0.018000	131.018997
-0.017900	-62.129200
-0.017800	-33.157001
-0.017700	63.416901
-0.017600	131.018997
-0.017500	102.045998
-0.017400	-42.814400
-0.017300	-42.814400
-0.017200	-91.101402
-0.017100	44.102100
-0.017000	179.306000
-0.016900	24.787300
-0.016800	-52.471802
-0.016700	5.472520
-0.016600	5.472520
-0.016500	5.472520
-0.016400	-33.157001
-0.016300	-71.786598
-0.016200	15.129900
-0.016100	24.787300
-0.016000	-13.842300
-0.015900	-33.157001
-0.015800	-4.184870
-0.015700	-71.786598
-0.015600	-33.157001
-0.015500	44.102100
-0.015400	34.444698
-0.015300	-52.471802
-0.015200	24.787300
-0.015100	53.759499
-0.015000	44.102100
-0.014900	44.102100
-0.014800	5.472520
-0.014700	-52.471802
-0.014600	-42.814400
-0.014500	140.675995
-0.014400	179.306000
-0.014300	-71.786598
-0.014200	-52.471802
-0.014100	159.990997
-0.014000	227.593002
-0.013900	140.675995
-0.013800	44.102100
-0.013700	-13.842300
-0.013600	34.444698
-0.013500	5.472520
-0.013400	-81.444000
-0.013300	-129.731003
-0.013200	-110.416000
-0.013100	-81.444000
-0.013000	-158.703003
-0.012900	-110.416000
-0.012800	44.102100
-0.012700	44.102100
-0.012600	-4.184870
-0.012500	73.074303
-0.012400	159.990997
-0.012300	237.250000
-0.012200	159.990997
-0.012100	73.074303
-0.012000	44.102100
-0.011900	102.045998
-0.011800	121.361000
-0.011700	24.787300
-0.011600	-33.157001
-0.011500	-71.786598
-0.011400	5.472520
-0.011300	-62.129200
-0.011200	-91.101402
-0.011100	-149.046005
-0.011000	-110.416000
-0.010900	-52.471802
-0.010800	24.787300
-0.010700	-62.129200
-0.010600	-91.101402
-0.010500	15.129900
-0.010400	53.759499
-0.010300	63.416901
-0.010200	53.759499
-0.010100	-4.184870
-0.010000	-71.786598
-0.009900	-33.157001
-0.009800	150.332993
-0.009700	44.102100
-0.009600	-71.786598
-0.009500	-4.184870
-0.009400	5.472520
-0.009300	5.472520
-0.009200	-13.842300
-0.009100	-33.157001
-0.009000	24.787300
-0.008900	44.102100
-0.008800	102.045998
-0.008700	131.018997
-0.008600	-62.129200
-0.008500	-91.101402
-0.008400	92.389099
-0.008300	159.990997
-0.008200	44.102100
-0.008100	-52.471802
-0.008000	-52.471802
-0.007900	150.332993
-0.007800	237.250000
-0.007700	63.416901
-0.007600	-100.759003
-0.007500	-81.444000
-0.007400	24.787300
-0.007300	-13.842300
-0.007200	-129.731003
-0.007100	-42.814400
-0.007000	-13.842300
-0.006900	73.074303
-0.006800	159.990997
-0.006700	102.045998
-0.006600	-71.786598
-0.006500	-149.046005
-0.006400	-158.703003
-0.006300	73.074303
-0.006200	102.045998
-0.006100	-33.157001
-0.006000	15.129900
-0.005900	15.129900
-0.005800	73.074303
-0.005700	217.934998
-0.005600	92.389099
-0.005500	92.389099
-0.005400	73.074303
-0.005300	44.102100
-0.005200	121.361000
-0.005100	53.759499
-0.005000	-71.786598
-0.004900	44.102100
-0.004800	102.045998
-0.004700	111.704002
-0.004600	24.787300
-0.004500	-110.416000
-0.004400	-110.416000
-0.004300	-13.842300
-0.004200	44.102100
-0.004100	-71.786598
-0.004000	-33.157001
-0.003900	82.731697
-0.003800	63.416901
-0.003700	-81.444000
-0.003600	63.416901
-0.003500	121.361000
-0.003400	-52.471802
-0.003300	-129.731003
-0.003200	-110.416000
-0.003100	53.759499
-0.003000	102.045998
-0.002900	44.102100
-0.002800	140.675995
-0.002700	179.306000
-0.002600	198.619995
-0.002500	44.102100
-0.002400	-52.471802
-0.002300	-4.184870
-0.002200	24.787300
-0.002100	121.361000
-0.002000	150.332993
-0.001900	102.045998
-0.001800	73.074303
-0.001700	15.129900
-0.001600	92.389099
-0.001500	111.704002
-0.001400	-33.157001
-0.001300	-149.046005
-0.001200	-33.157001
-0.001100	111.704002
-0.001000	159.990997
-0.000900	63.416901
-0.000800	-33.157001
-0.000700	-33.157001
-0.000600	-52.471802
-0.000500	-110.416000
-0.000400	-110.416000
-0.000300	-52.471802
-0.000200	-23.499701
-0.000100	24.787300
0.000000	73.074303
0.000100	121.361000
0.000200	-33.157001
0.000300	-187.675003
0.000400	-149.046005
0.000500	44.102100
0.000600	121.361000
0.000700	44.102100
0.000800	-42.814400
0.000900	-42.814400
0.001000	-52.471802
0.001100	-4.184870
0.001200	82.731697
0.001300	-91.101402
0.001400	-120.073997
0.001500	-71.786598
0.001600	34.444698
0.001700	53.759499
0.001800	-13.842300
0.001900	-71.786598
0.002000	-52.471802
0.002100	24.787300
0.002200	44.102100
0.002300	-71.786598
0.002400	-52.471802
0.002500	-129.731003
0.002600	-91.101402
0.002700	131.018997
0.002800	159.990997
0.002900	-110.416000
0.003000	-197.332993
0.003100	140.675995
0.003200	343.480988
0.003300	121.361000
0.003400	-168.360992
0.003500	-120.073997
0.003600	121.361000
0.003700	102.045998
0.003800	73.074303
0.003900	44.102100
0.004000	-129.731003
0.004100	-13.842300
0.004200	179.306000
0.004300	-13.842300
0.004400	188.962997
0.004500	237.250000
0.004600	169.647995
0.004700	169.647995
0.004800	-110.416000
0.004900	-71.786598
0.005000	121.361000
0.005100	169.647995
0.005200	44.102100
0.005300	-197.332993
0.005400	-187.675003
0.005500	44.102100
0.005600	34.444698
0.005700	24.787300
0.005800	24.787300
0.005900	-71.786598
0.006000	-187.675003
0.006100	-129.731003
0.006200	24.787300
0.006300	44.102100
0.006400	-33.157001
0.006500	5.472520
0.006600	44.102100
0.006700	-110.416000
0.006800	-110.416000
0.006900	53.759499
0.007000	24.787300
0.007100	-129.731003
0.007200	-52.471802
0.007300	198.619995
0.007400	372.453003
0.007500	44.102100
0.007600	-158.703003
0.007700	-149.046005
0.007800	-187.675003
0.007900	15.129900
0.008000	-33.157001
0.008100	-23.499701
0.008200	82.731697
0.008300	150.332993
0.008400	140.675995
0.008500	82.731697
0.008600	82.731697
0.008700	44.102100
0.008800	-4.184870
0.008900	-110.416000
0.009000	-158.703003
0.009100	-52.471802
0.009200	53.759499
0.009300	82.731697
0.009400	121.361000
0.009500	111.704002
0.009600	-110.416000
0.009700	-264.933990
0.009800	-129.731003
0.009900	-52.471802
0.010000	-264.933990
0.010100	-322.878998
0.010200	-245.619995
0.010300	-110.416000
0.010400	198.619995
0.010500	82.731697
0.010600	-91.101402
0.010700	-33.157001
0.010800	-81.444000
0.010900	-33.157001
0.011000	15.129900
0.011100	-42.814400
0.011200	44.102100
0.011300	73.074303
0.011400	-91.101402
0.011500	-4.184870
0.011600	111.704002
0.011700	121.361000
0.011800	314.509003
0.011900	372.453003
0.012000	353.139008
0.012100	237.250000
0.012200	121.361000
0.012300	198.619995
0.012400	188.962997
0.012500	44.102100
0.012600	-71.786598
0.012700	-390.480988
0.012800	-419.453003
0.012900	-573.971008
0.013000	-496.712006
0.013100	-255.276993
0.013200	-264.933990
0.013300	-506.368988
0.013400	-506.368988
0.013500	-168.360992
0.013600	82.731697
0.013700	63.416901
0.013800	44.102100
0.013900	73.074303
0.014000	53.759499
0.014100	15.129900
0.014200	140.675995
0.014300	237.250000
0.014400	420.739990
0.014500	498.000000
0.014600	488.342010
0.014700	372.453003
0.014800	353.139008
0.014900	662.174988
0.015000	874.638000
0.015100	700.804993
0.015200	266.221985
0.015300	82.731697
0.015400	324.165985
0.015500	430.398010
0.015600	82.731697
0.015700	-71.786598
0.015800	198.619995
0.015900	343.480988
0.016000	92.389099
0.016100	-139.388000
0.016200	-33.157001
0.016300	-52.471802
0.016400	5.472520
0.016500	391.768005
0.016600	140.675995
0.016700	-110.416000
0.016800	82.731697
0.016900	-71.786598
0.017000	-303.563995
0.017100	-81.444000
0.017200	82.731697
0.017300	53.759499
0.017400	63.416901
0.017500	44.102100
0.017600	121.361000
0.017700	5.472520
0.017800	-226.304993
0.017900	-458.082001
0.018000	-390.480988
0.018100	-303.563995
0.018200	-226.304993
0.018300	-264.933990
0.018400	-361.507996
0.018500	-216.647003
0.018600	-91.101402
0.018700	-52.471802
0.018800	82.731697
0.018900	63.416901
0.019000	44.102100
0.019100	304.851990
0.019200	333.824005
0.019300	188.962997
0.019400	159.990997
0.019500	198.619995
0.019600	333.824005
0.019700	353.139008
0.019800	217.934998
0.019900	295.194000
0.020000	391.768005
0.020100	623.546021
0.020200	498.000000
0.020300	53.759499
0.020400	-33.157001
0.020500	-187.675003
0.020600	-516.026978
0.020700	-516.026978
0.020800	-351.851013
0.020900	-535.341003
0.021000	-516.026978
0.021100	-361.507996
0.021200	-400.138000
0.021300	-226.304993
0.021400	-62.129200
0.021500	-342.194000
0.021600	-496.712006
0.021700	-235.962006
0.021800	140.675995
0.021900	217.934998
0.022000	285.536987
0.022100	469.027008
0.022200	662.174988
0.022300	652.518005
0.022400	507.657013
0.022500	324.165985
0.022600	82.731697
0.022700	-264.933990
0.022800	-583.627991
0.022900	-477.397003
0.023000	-438.768005
0.023100	-573.971008
0.023200	-573.971008
0.023300	-361.507996
0.023400	-197.332993
0.023500	-158.703003
0.023600	-351.851013
0.023700	-332.536011
0.023800	-71.786598
0.023900	24.787300
0.024000	-13.842300
0.024100	-168.360992
0.024200	-361.507996
0.024300	-554.656006
0.024400	-496.712006
0.024500	-535.341003
0.024600	-747.804016
0.024700	-573.971008
0.024800	-438.768005
0.024900	-361.507996
0.025000	-52.471802
0.025100	159.990997
0.025200	333.824005
0.025300	237.250000
0.025400	179.306000
0.025500	324.165985
0.025600	710.461975
0.025700	913.267029
0.025800	662.174988
0.025900	237.250000
0.026000	159.990997
0.026100	584.916016
0.026200	633.203003
0.026300	208.278000
0.026400	217.934998
0.026500	256.565002
0.026600	227.593002
0.026700	256.565002
0.026800	353.139008
0.026900	440.054993
0.027000	391.768005
0.027100	217.934998
0.027200	-42.814400
0.027300	24.787300
0.027400	266.221985
0.027500	121.361000
0.027600	-33.157001
0.027700	34.444698
0.027800	102.045998
0.027900	-110.416000
0.028000	-120.073997
0.028100	92.389099
0.028200	159.990997
0.028300	411.083008
0.028400	623.546021
0.028500	469.027008
0.028600	469.027008
0.028700	430.398010
0.028800	391.768005
0.028900	517.314026
0.029000	478.684998
0.029100	82.731697
0.029200	121.361000
0.029300	304.851990
0.029400	353.139008
0.029500	430.398010
0.029600	353.139008
0.029700	102.045998
0.029800	-71.786598
0.029900	34.444698
0.030000	-71.786598
0.030100	-429.109985
0.030200	-680.202026
0.030300	-622.257996
0.030400	-554.656006
0.030500	-535.341003
0.030600	-467.739990
0.030700	-264.933990
0.030800	-149.046005
0.030900	-458.082001
0.031000	-516.026978
0.031100	-149.046005
0.031200	-322.878998
0.031300	-583.627991
0.031400	-409.795013
0.031500	-544.999023
0.031600	-689.859985
0.031700	-496.712006
0.031800	-361.507996
0.031900	-264.933990
0.032000	44.102100
0.032100	82.731697
0.032200	-33.157001
0.032300	217.934998
0.032400	246.906998
0.032500	-120.073997
0.032600	102.045998
0.032700	285.536987
0.032800	295.194000
0.032900	507.657013
0.033000	507.657013
0.033100	498.000000
0.033200	720.119995
0.033300	739.434021
0.033400	633.203003
0.033500	710.461975
0.033600	855.322998
0.033700	807.036011
0.033800	546.286011
0.033900	353.139008
0.034000	507.657013
0.034100	449.713013
0.034200	150.332993
0.034300	82.731697
0.034400	5.472520
0.034500	-71.786598
0.034600	-187.675003
0.034700	-264.933990
0.034800	-284.248993
0.034900	-139.388000
0.035000	-71.786598
0.035100	-448.424988
0.035200	-535.341003
0.035300	-264.933990
0.035400	-197.332993
0.035500	-342.194000
0.035600	-631.914978
0.035700	-332.536011
0.035800	-71.786598
0.035900	-110.416000
0.036000	-13.842300
0.036100	-71.786598
0.036200	-168.360992
0.036300	-216.647003
0.036400	-303.563995
0.036500	-448.424988
0.036600	-535.341003
0.036700	-448.424988
0.036800	-342.194000
0.036900	-361.507996
0.037000	-245.619995
0.037100	-197.332993
0.037200	-264.933990
0.037300	-197.332993
0.037400	44.102100
0.037500	121.361000
0.037600	256.565002
0.037700	353.139008
0.037800	256.565002
0.037900	34.444698
0.038000	44.102100
0.038100	304.851990
0.038200	565.601013
0.038300	642.859985
0.038400	526.971985
0.038500	382.110992
0.038600	623.546021
0.038700	353.139008
0.038800	-139.388000
0.038900	-52.471802
0.039000	82.731697
0.039100	73.074303
0.039200	82.731697
0.039300	-81.444000
0.039400	-284.248993
0.039500	-342.194000
0.039600	44.102100
0.039700	217.934998
0.039800	82.731697
0.039900	179.306000
0.040000	-33.157001
0.040100	-400.138000
0.040200	-264.933990
0.040300	15.129900
0.040400	24.787300
0.040500	-52.471802
0.040600	-4.184870
0.040700	24.787300
0.040800	179.306000
0.040900	44.102100
0.041000	-120.073997
0.041100	-71.786598
0.041200	-52.471802
0.041300	-33.157001
0.041400	159.990997
0.041500	179.306000
0.041600	-149.046005
0.041700	-264.933990
0.041800	-187.675003
0.041900	-129.731003
0.042000	-33.157001
0.042100	-71.786598
0.042200	-13.842300
0.042300	140.675995
0.042400	227.593002
0.042500	343.480988
0.042600	526.971985
0.042700	391.768005
0.042800	304.851990
0.042900	362.795990
0.043000	391.768005
0.043100	526.971985
0.043200	526.971985
0.043300	362.795990
0.043400	546.286011
0.043500	768.406006
0.043600	546.286011
0.043700	333.824005
0.043800	314.509003
0.043900	353.139008
0.044000	102.045998
0.044100	-264.933990
0.044200	-458.082001
0.044300	-322.878998
0.044400	-544.999023
0.044500	-979.580994
0.044600	-998.895996
0.044700	-950.609009
0.044800	-979.580994
0.044900	-747.804016
0.045000	-670.544983
0.045100	-728.489014
0.045200	-651.229980
0.045300	-651.229980
0.045400	-573.971008
0.045500	-390.480988
0.045600	-91.101402
0.045700	-52.471802
0.045800	-197.332993
0.045900	-400.138000
0.046000	-187.675003
0.046100	217.934998
0.046200	333.824005
0.046300	275.878998
0.046400	295.194000
0.046500	217.934998
0.046600	179.306000
0.046700	-33.157001
0.046800	-52.471802
0.046900	73.074303
0.047000	140.675995
0.047100	15.129900
0.047200	-71.786598
0.047300	63.416901
0.047400	411.083008
0.047500	517.314026
0.047600	295.194000
0.047700	73.074303
0.047800	82.731697
0.047900	285.536987
0.048000	420.739990
0.048100	333.824005
0.048200	188.962997
0.048300	198.619995
0.048400	304.851990
0.048500	343.480988
0.048600	188.962997
0.048700	217.934998
0.048800	430.398010
0.048900	353.139008
0.049000	353.139008
0.049100	411.083008
0.049200	314.509003
0.049300	353.139008
0.049400	314.509003
0.049500	217.934998
0.049600	237.250000
0.049700	314.509003
0.049800	92.389099
0.049900	-120.073997
0.050000	-226.304993
0.050100	-255.276993
0.050200	-187.675003
0.050300	-313.221008
0.050400	-631.914978
0.050500	-612.601013
0.050600	-429.109985
0.050700	-206.990005
0.050800	-293.907013
0.050900	-458.082001
0.051000	-458.082001
0.051100	-284.248993
0.051200	-149.046005
0.051300	-129.731003
0.051400	-226.304993
0.051500	-226.304993
0.051600	-197.332993
0.051700	-13.842300
0.051800	92.389099
0.051900	275.878998
0.052000	314.509003
0.052100	372.453003
0.052200	507.657013
0.052300	584.916016
0.052400	681.489990
0.052500	594.572998
0.052600	507.657013
0.052700	507.657013
0.052800	372.453003
0.052900	353.139008
0.053000	353.139008
0.053100	266.221985
0.053200	198.619995
0.053300	63.416901
0.053400	-206.990005
0.053500	-284.248993
0.053600	-380.822998
0.053700	-419.453003
0.053800	-400.138000
0.053900	-400.138000
0.054000	-322.878998
0.054100	-187.675003
0.054200	-139.388000
0.054300	-81.444000
0.054400	-42.814400
0.054500	73.074303
0.054600	353.139008
0.054700	314.509003
0.054800	159.990997
0.054900	140.675995
0.055000	5.472520
0.055100	111.704002
0.055200	314.509003
0.055300	169.647995
0.055400	102.045998
0.055500	227.593002
0.055600	150.332993
0.055700	82.731697
0.055800	188.962997
0.055900	159.990997
0.056000	-42.814400
0.056100	-245.619995
0.056200	-187.675003
0.056300	111.704002
0.056400	102.045998
0.056500	-71.786598
0.056600	-158.703003
0.056700	-206.990005
0.056800	-264.933990
0.056900	-168.360992
0.057000	-120.073997
0.057100	-264.933990
0.057200	-264.933990
0.057300	-129.731003
0.057400	-52.471802
0.057500	-13.842300
0.057600	-23.499701
0.057700	-42.814400
0.057800	-81.444000
0.057900	-110.416000
0.058000	-91.101402
0.058100	-168.360992
0.058200	-206.990005
0.058300	-274.592010
0.058400	-139.388000
0.058500	5.472520
0.058600	-52.471802
0.058700	44.102100
0.058800	159.990997
0.058900	63.416901
0.059000	198.619995
0.059100	333.824005
0.059200	382.110992
0.059300	391.768005
0.059400	246.906998
0.059500	227.593002
0.059600	304.851990
0.059700	198.619995
0.059800	150.332993
0.059900	237.250000
0.060000	179.306000
0.060100	73.074303
0.060200	-13.842300
0.060300	-91.101402
0.060400	-264.933990
0.060500	-322.878998
0.060600	-313.221008
0.060700	-303.563995
0.060800	-245.619995
0.060900	-149.046005
0.061000	-226.304993
0.061100	-178.018005
0.061200	-33.157001
0.061300	150.332993
0.061400	198.619995
0.061500	121.361000
0.061600	63.416901
0.061700	82.731697
0.061800	179.306000
0.061900	237.250000
0.062000	198.619995
0.062100	73.074303
0.062200	-33.157001
0.062300	-52.471802
0.062400	-71.786598
0.062500	-71.786598
0.062600	-42.814400
0.062700	102.045998
0.062800	266.221985
0.062900	179.306000
0.063000	140.675995
0.063100	102.045998
0.063200	24.787300
0.063300	-4.184870
0.063400	73.074303
0.063500	-52.471802
0.063600	-158.703003
0.063700	-110.416000
0.063800	-158.703003
0.063900	-149.046005
0.064000	-33.157001
0.064100	5.472520
0.064200	24.787300
0.064300	73.074303
0.064400	266.221985
0.064500	237.250000
0.064600	102.045998
0.064700	5.472520
0.064800	-62.129200
0.064900	34.444698
0.065000	121.361000
0.065100	198.619995
0.065200	198.619995
0.065300	198.619995
0.065400	44.102100
0.065500	44.102100
0.065600	159.990997
0.065700	237.250000
0.065800	198.619995
0.065900	198.619995
0.066000	266.221985
0.066100	237.250000
0.066200	256.565002
0.066300	179.306000
0.066400	63.416901
0.066500	102.045998
0.066600	-42.814400
0.066700	-187.675003
0.066800	-274.592010
0.066900	-187.675003
0.067000	-264.933990
0.067100	-380.822998
0.067200	-284.248993
0.067300	-120.073997
0.067400	-264.933990
0.067500	-322.878998
0.067600	-206.990005
0.067700	-52.471802
0.067800	-129.731003
0.067900	-303.563995
0.068000	-351.851013
0.068100	-245.619995
0.068200	-149.046005
0.068300	-71.786598
0.068400	-71.786598
0.068500	-120.073997
0.068600	-52.471802
0.068700	-4.184870
0.068800	44.102100
0.068900	159.990997
0.069000	44.102100
0.069100	-33.157001
0.069200	159.990997
0.069300	304.851990
0.069400	333.824005
0.069500	353.139008
0.069600	266.221985
0.069700	353.139008
0.069800	440.054993
0.069900	333.824005
0.070000	333.824005
0.070100	411.083008
0.070200	198.619995
0.070300	63.416901
0.070400	102.045998
0.070500	15.129900
0.070600	5.472520
0.070700	24.787300
0.070800	-91.101402
0.070900	-100.759003
0.071000	-129.731003
0.071100	-91.101402
0.071200	-33.157001
0.071300	-13.842300
0.071400	-62.129200
0.071500	-110.416000
0.071600	-110.416000
0.071700	5.472520
0.071800	-33.157001
0.071900	-206.990005
0.072000	-264.933990
0.072100	-129.731003
0.072200	44.102100
0.072300	179.306000
0.072400	102.045998
0.072500	63.416901
0.072600	5.472520
0.072700	24.787300
0.072800	169.647995
0.072900	188.962997
0.073000	-33.157001
0.073100	5.472520
0.073200	102.045998
0.073300	53.759499
0.073400	63.416901
0.073500	102.045998
0.073600	44.102100
0.073700	-149.046005
0.073800	-120.073997
0.073900	82.731697
0.074000	-33.157001
0.074100	-81.444000
0.074200	44.102100
0.074300	-13.842300
0.074400	63.416901
0.074500	82.731697
0.074600	44.102100
0.074700	121.361000
0.074800	179.306000
0.074900	159.990997
0.075000	333.824005
0.075100	353.139008
0.075200	217.934998
0.075300	63.416901
0.075400	-52.471802
0.075500	-23.499701
0.075600	121.361000
0.075700	82.731697
0.075800	121.361000
0.075900	169.647995
0.076000	179.306000
0.076100	275.878998
0.076200	333.824005
0.076300	102.045998
0.076400	5.472520
0.076500	24.787300
0.076600	44.102100
0.076700	159.990997
0.076800	198.619995
0.076900	102.045998
0.077000	5.472520
0.077100	-33.157001
0.077200	44.102100
0.077300	44.102100
0.077400	5.472520
0.077500	5.472520
0.077600	-13.842300
0.077700	82.731697
0.077800	131.018997
0.077900	24.787300
0.078000	-13.842300
0.078100	121.361000
0.078200	121.361000
0.078300	198.619995
0.078400	314.509003
0.078500	159.990997
0.078600	82.731697
0.078700	111.704002
0.078800	140.675995
0.078900	150.332993
0.079000	140.675995
0.079100	24.787300
0.079200	24.787300
0.079300	82.731697
0.079400	111.704002
0.079500	44.102100
0.079600	-33.157001
0.079700	73.074303
0.079800	121.361000
0.079900	111.704002
0.080000	188.962997
0.080100	102.045998
0.080200	15.129900
0.080300	44.102100
0.080400	-13.842300
0.080500	-52.471802
0.080600	111.704002
0.080700	34.444698
0.080800	-158.703003
0.080900	-245.619995
0.081000	-206.990005
0.081100	-206.990005
0.081200	-91.101402
0.081300	-91.101402
0.081400	-168.360992
0.081500	-129.731003
0.081600	-129.731003
0.081700	-13.842300
0.081800	15.129900
0.081900	-71.786598
0.082000	-187.675003
0.082100	-206.990005
0.082200	-13.842300
0.082300	63.416901
0.082400	-71.786598
0.082500	-168.360992
0.082600	-129.731003
0.082700	63.416901
0.082800	198.619995
0.082900	82.731697
0.083000	-62.129200
0.083100	-52.471802
0.083200	-71.786598
0.083300	-4.184870
0.083400	169.647995
0.083500	73.074303
0.083600	-13.842300
0.083700	15.129900
0.083800	73.074303
0.083900	217.934998
0.084000	169.647995
0.084100	-52.471802
0.084200	5.472520
0.084300	63.416901
0.084400	5.472520
0.084500	-4.184870
0.084600	24.787300
0.084700	-129.731003
0.084800	-129.731003
0.084900	44.102100
0.085000	82.731697
0.085100	44.102100
0.085200	44.102100
0.085300	-13.842300
0.085400	-33.157001
0.085500	150.332993
0.085600	188.962997
0.085700	24.787300
0.085800	44.102100
0.085900	63.416901
0.086000	82.731697
0.086100	140.675995
0.086200	44.102100
0.086300	-33.157001
0.086400	-33.157001
0.086500	63.416901
0.086600	159.990997
0.086700	44.102100
0.086800	5.472520
0.086900	44.102100
0.087000	24.787300
0.087100	5.472520
0.087200	102.045998
0.087300	82.731697
0.087400	-71.786598
0.087500	-52.471802
0.087600	-52.471802
0.087700	44.102100
0.087800	82.731697
0.087900	92.389099
0.088000	24.787300
0.088100	-33.157001
0.088200	-4.184870
0.088300	44.102100
0.088400	5.472520
0.088500	-120.073997
0.088600	-129.731003
0.088700	-62.129200
0.088800	121.361000
0.088900	188.962997
0.089000	44.102100
0.089100	-52.471802
0.089200	-71.786598
0.089300	5.472520
0.089400	111.704002
0.089500	24.787300
0.089600	-52.471802
0.089700	-33.157001
0.089800	-100.759003
0.089900	-4.184870
0.090000	102.045998
0.090100	24.787300
0.090200	34.444698
0.090300	53.759499
0.090400	159.990997
0.090500	159.990997
0.090600	82.731697
0.090700	92.389099
0.090800	82.731697
0.090900	82.731697
0.091000	82.731697
0.091100	73.074303
0.091200	-33.157001
0.091300	-71.786598
0.091400	-62.129200
0.091500	-4.184870
0.091600	159.990997
0.091700	208.278000
0.091800	5.472520
0.091900	-110.416000
0.092000	-4.184870
0.092100	73.074303
0.092200	63.416901
0.092300	5.472520
0.092400	121.361000
0.092500	111.704002
0.092600	24.787300
0.092700	63.416901
0.092800	63.416901
0.092900	-33.157001
0.093000	5.472520
0.093100	121.361000
0.093200	179.306000
0.093300	188.962997
0.093400	44.102100
0.093500	-52.471802
0.093600	-33.157001
0.093700	24.787300
0.093800	102.045998
0.093900	217.934998
0.094000	34.444698
0.094100	-206.990005
0.094200	-149.046005
0.094300	-52.471802
0.094400	-33.157001
0.094500	5.472520
0.094600	-13.842300
0.094700	-71.786598
0.094800	-110.416000
0.094900	-33.157001
0.095000	-71.786598
0.095100	-110.416000
0.095200	-81.444000
0.095300	-110.416000
0.095400	-62.129200
0.095500	63.416901
0.095600	-71.786598
0.095700	-110.416000
0.095800	-129.731003
0.095900	-110.416000
0.096000	-33.157001
0.096100	53.759499
0.096200	44.102100
0.096300	5.472520
0.096400	63.416901
0.096500	102.045998
0.096600	150.332993
0.096700	34.444698
0.096800	-71.786598
0.096900	-91.101402
0.097000	-52.471802
0.097100	44.102100
0.097200	188.962997
0.097300	140.675995
0.097400	-4.184870
0.097500	-33.157001
0.097600	-33.157001
0.097700	111.704002
0.097800	188.962997
0.097900	5.472520
0.098000	-42.814400
0.098100	5.472520
0.098200	-13.842300
0.098300	44.102100
0.098400	63.416901
0.098500	44.102100
0.098600	73.074303
0.098700	82.731697
0.098800	-13.842300
0.098900	63.416901
0.099000	44.102100
0.099100	-110.416000
0.099200	-52.471802
0.099300	5.472520
0.099400	34.444698
0.099500	102.045998
0.099600	-23.499701
0.099700	-91.101402
0.099800	-13.842300
0.099900	-4.184870
0.100000	5.472520
0.100100	102.045998
0.100200	15.129900
0.100300	63.416901
0.100400	140.675995
0.100500	82.731697
0.100600	198.619995
0.100700	188.962997
0.100800	63.416901
0.100900	-13.842300
0.101000	44.102100
0.101100	314.509003
0.101200	198.619995
0.101300	-13.842300
0.101400	44.102100
0.101500	73.074303
0.101600	-42.814400
0.101700	-42.814400
0.101800	-4.184870
0.101900	24.787300
0.102000	5.472520
0.102100	24.787300
0.102200	140.675995
0.102300	140.675995
0.102400	102.045998
0.102500	82.731697
0.102600	-52.471802
0.102700	-110.416000
0.102800	-33.157001
0.102900	24.787300
0.103000	-13.842300
0.103100	-91.101402
0.103200	-110.416000
0.103300	44.102100
0.103400	53.759499
0.103500	-42.814400
0.103600	24.787300
0.103700	-52.471802
0.103800	-62.129200
0.103900	44.102100
0.104000	73.074303
0.104100	5.472520
0.104200	5.472520
0.104300	-13.842300
0.104400	5.472520
0.104500	111.704002
0.104600	73.074303
0.104700	-71.786598
0.104800	24.787300
0.104900	131.018997
0.105000	121.361000
0.105100	179.306000
0.105200	92.389099
0.105300	-4.184870
0.105400	-52.471802
0.105500	-81.444000
0.105600	5.472520
0.105700	5.472520
0.105800	-91.101402
0.105900	-168.360992
0.106000	-168.360992
0.106100	5.472520
0.106200	121.361000
0.106300	-33.157001
0.106400	-149.046005
0.106500	-71.786598
0.106600	-71.786598
0.106700	44.102100
0.106800	159.990997
0.106900	44.102100
0.107000	24.787300
0.107100	121.361000
0.107200	150.332993
0.107300	44.102100
0.107400	24.787300
0.107500	44.102100
0.107600	121.361000
0.107700	102.045998
0.107800	159.990997
0.107900	217.934998
0.108000	217.934998
0.108100	63.416901
0.108200	63.416901
0.108300	102.045998
0.108400	82.731697
0.108500	73.074303
0.108600	44.102100
0.108700	-4.184870
0.108800	5.472520
0.108900	63.416901
0.109000	246.906998
0.109100	372.453003
0.109200	314.509003
0.109300	131.018997
0.109400	44.102100
0.109500	44.102100
0.109600	169.647995
0.109700	179.306000
0.109800	179.306000
0.109900	82.731697
0.110000	-13.842300
0.110100	-100.759003
0.110200	5.472520
0.110300	102.045998
0.110400	44.102100
0.110500	-42.814400
0.110600	-81.444000
0.110700	-62.129200
0.110800	121.361000
0.110900	92.389099
0.111000	-33.157001
0.111100	-81.444000
0.111200	24.787300
0.111300	5.472520
0.111400	44.102100
0.111500	24.787300
0.111600	-33.157001
0.111700	5.472520
0.111800	34.444698
0.111900	53.759499
0.112000	44.102100
0.112100	34.444698
0.112200	111.704002
0.112300	44.102100
0.112400	92.389099
0.112500	217.934998
0.112600	198.619995
0.112700	-91.101402
0.112800	-71.786598
0.112900	-13.842300
0.113000	5.472520
0.113100	24.787300
0.113200	-4.184870
0.113300	-33.157001
0.113400	-33.157001
0.113500	44.102100
0.113600	-52.471802
0.113700	-120.073997
0.113800	-71.786598
0.113900	-62.129200
0.114000	24.787300
0.114100	82.731697
0.114200	24.787300
0.114300	5.472520
0.114400	111.704002
0.114500	82.731697
0.114600	121.361000
0.114700	227.593002
0.114800	121.361000
0.114900	63.416901
0.115000	140.675995
0.115100	44.102100
0.115200	44.102100
0.115300	179.306000
0.115400	198.619995
0.115500	121.361000
0.115600	44.102100
0.115700	-4.184870
0.115800	102.045998
0.115900	169.647995
0.116000	140.675995
0.116100	24.787300
0.116200	-91.101402
0.116300	-110.416000
0.116400	-4.184870
0.116500	140.675995
0.116600	73.074303
0.116700	-33.157001
0.116800	-71.786598
0.116900	-62.129200
0.117000	44.102100
0.117100	102.045998
0.117200	44.102100
0.117300	82.731697
0.117400	159.990997
0.117500	140.675995
0.117600	188.962997
0.117700	150.332993
0.117800	82.731697
0.117900	-23.499701
0.118000	-91.101402
0.118100	24.787300
0.118200	34.444698
0.118300	-4.184870
0.118400	5.472520
0.118500	34.444698
0.118600	44.102100
0.118700	-4.184870
0.118800	44.102100
0.118900	63.416901
0.119000	82.731697
0.119100	63.416901
0.119200	44.102100
0.119300	53.759499
0.119400	159.990997
0.119500	5.472520
0.119600	-71.786598
0.119700	-4.184870
0.119800	44.102100
0.119900	5.472520
0.120000	-52.471802
0.120100	-81.444000
0.120200	24.787300
0.120300	63.416901
0.120400	131.018997
0.120500	44.102100
0.120600	-42.814400
0.120700	-62.129200
0.120800	44.102100
0.120900	121.361000
0.121000	179.306000
0.121100	102.045998
0.121200	44.102100
0.121300	-52.471802
0.121400	24.787300
0.121500	131.018997
0.121600	24.787300
0.121700	-71.786598
0.121800	-100.759003
0.121900	-71.786598
0.122000	34.444698
0.122100	73.074303
0.122200	-42.814400
0.122300	-71.786598
0.122400	-149.046005
0.122500	-71.786598
0.122600	34.444698
0.122700	5.472520
0.122800	-129.731003
0.122900	-129.731003
0.123000	-158.703003
0.123100	-52.471802
0.123200	-13.842300
0.123300	-110.416000
0.123400	-33.157001
0.123500	-13.842300
0.123600	102.045998
0.123700	111.704002
0.123800	-23.499701
0.123900	-33.157001
0.124000	-52.471802
0.124100	-120.073997
0.124200	-91.101402
0.124300	15.129900
0.124400	24.787300
0.124500	-42.814400
0.124600	-71.786598
0.124700	-52.471802
0.124800	34.444698
0.124900	15.129900
0.125000	5.472520
0.125100	102.045998
0.125200	-13.842300
0.125300	34.444698
0.125400	92.389099
0.125500	-71.786598
0.125600	-110.416000
0.125700	-71.786598
0.125800	-81.444000
0.125900	-33.157001
0.126000	44.102100
0.126100	44.102100
0.126200	24.787300
0.126300	-13.842300
0.126400	-13.842300
0.126500	44.102100
0.126600	24.787300
0.126700	-91.101402
0.126800	-110.416000
0.126900	-52.471802
0.127000	73.074303
0.127100	63.416901
0.127200	-33.157001
0.127300	-71.786598
0.127400	-52.471802
0.127500	44.102100
0.127600	82.731697
0.127700	24.787300
0.127800	-52.471802
0.127900	-52.471802
0.128000	131.018997
0.128100	217.934998
0.128200	121.361000
0.128300	24.787300
0.128400	44.102100
0.128500	24.787300
0.128600	-110.416000
0.128700	-23.499701
0.128800	5.472520
0.128900	-110.416000
0.129000	5.472520
0.129100	102.045998
0.129200	92.389099
0.129300	-4.184870
0.129400	34.444698
0.129500	-4.184870
0.129600	63.416901
0.129700	179.306000
0.129800	102.045998
0.129900	-91.101402
0.130000	-52.471802
0.130100	5.472520
0.130200	5.472520
0.130300	-52.471802
0.130400	-91.101402
0.130500	24.787300
0.130600	24.787300
0.130700	-52.471802
0.130800	-4.184870
0.130900	63.416901
0.131000	24.787300
0.131100	-81.444000
0.131200	44.102100
0.131300	179.306000
0.131400	198.619995
0.131500	44.102100
0.131600	-33.157001
0.131700	-33.157001
0.131800	-52.471802
0.131900	102.045998
0.132000	159.990997
0.132100	63.416901
0.132200	82.731697
0.132300	44.102100
0.132400	82.731697
0.132500	179.306000
0.132600	140.675995
0.132700	53.759499
0.132800	-13.842300
0.132900	-71.786598
0.133000	-71.786598
0.133100	82.731697
0.133200	44.102100
0.133300	-91.101402
0.133400	-33.157001
0.133500	34.444698
0.133600	34.444698
0.133700	44.102100
0.133800	44.102100
0.133900	-52.471802
0.134000	-71.786598
0.134100	-52.471802
0.134200	-13.842300
0.134300	63.416901
0.134400	34.444698
0.134500	-91.101402
0.134600	-13.842300
0.134700	159.990997
0.134800	159.990997
0.134900	-91.101402
0.135000	-110.416000
0.135100	5.472520
0.135200	44.102100
0.135300	102.045998
0.135400	34.444698
0.135500	-71.786598
0.135600	-62.129200
0.135700	24.787300
0.135800	34.444698
0.135900	102.045998
0.136000	82.731697
0.136100	5.472520
0.136200	24.787300
0.136300	63.416901
0.136400	82.731697
0.136500	159.990997
0.136600	63.416901
0.136700	15.129900
0.136800	24.787300
0.136900	-52.471802
0.137000	82.731697
0.137100	179.306000
0.137200	188.962997
0.137300	102.045998
0.137400	44.102100
0.137500	131.018997
0.137600	188.962997
0.137700	82.731697
0.137800	24.787300
0.137900	44.102100
0.138000	5.472520
0.138100	63.416901
0.138200	179.306000
0.138300	-4.184870
0.138400	-52.471802
0.138500	5.472520
0.138600	63.416901
0.138700	44.102100
0.138800	-33.157001
0.138900	34.444698
0.139000	-71.786598
0.139100	-129.731003
0.139200	44.102100
0.139300	102.045998
0.139400	44.102100
0.139500	5.472520
0.139600	5.472520
0.139700	73.074303
0.139800	159.990997
0.139900	111.704002
0.140000	24.787300
0.140100	-23.499701
0.140200	44.102100
0.140300	92.389099
0.140400	82.731697
0.140500	53.759499
0.140600	82.731697
0.140700	24.787300
0.140800	5.472520
0.140900	44.102100
0.141000	24.787300
0.141100	44.102100
0.141200	82.731697
0.141300	44.102100
0.141400	150.332993
0.141500	159.990997
0.141600	111.704002
0.141700	44.102100
0.141800	44.102100
0.141900	131.018997
0.142000	111.704002
0.142100	-81.444000
0.142200	-71.786598
0.142300	-62.129200
0.142400	-4.184870
0.142500	102.045998
0.142600	82.731697
0.142700	44.102100
0.142800	63.416901
0.142900	-52.471802
0.143000	5.472520
0.143100	121.361000
0.143200	159.990997
0.143300	82.731697
0.143400	34.444698
0.143500	131.018997
0.143600	237.250000
0.143700	188.962997
0.143800	73.074303
0.143900	24.787300
0.144000	24.787300
0.144100	44.102100
0.144200	44.102100
0.144300	121.361000
0.144400	121.361000
0.144500	34.444698
0.144600	-4.184870
0.144700	44.102100
0.144800	102.045998
0.144900	102.045998
0.145000	73.074303
0.145100	-33.157001
0.145200	-81.444000
0.145300	44.102100
0.145400	208.278000
0.145500	198.619995
0.145600	82.731697
0.145700	-23.499701
0.145800	-33.157001
0.145900	5.472520
0.146000	44.102100
0.146100	44.102100
0.146200	82.731697
0.146300	73.074303
0.146400	34.444698
0.146500	-13.842300
0.146600	-33.157001
0.146700	44.102100
0.146800	44.102100
0.146900	-52.471802
0.147000	-42.814400
0.147100	44.102100
0.147200	121.361000
0.147300	82.731697
0.147400	-52.471802
0.147500	-42.814400
0.147600	44.102100
0.147700	53.759499
0.147800	-13.842300
0.147900	44.102100
0.148000	5.472520
0.148100	-52.471802
0.148200	-13.842300
0.148300	102.045998
0.148400	44.102100
0.148500	-33.157001
0.148600	-91.101402
0.148700	-110.416000
0.148800	-13.842300
0.148900	63.416901
0.149000	24.787300
0.149100	-33.157001
0.149200	-42.814400
0.149300	-62.129200
0.149400	-13.842300
0.149500	63.416901
0.149600	121.361000
0.149700	34.444698
0.149800	-13.842300
0.149900	44.102100
0.150000	121.361000
0.150100	82.731697
0.150200	102.045998
0.150300	63.416901
0.150400	63.416901
0.150500	-23.499701
0.150600	-178.018005
0.150700	-206.990005
0.150800	-71.786598
0.150900	44.102100
0.151000	44.102100
0.151100	-33.157001
0.151200	-52.471802
0.151300	5.472520
0.151400	-33.157001
0.151500	63.416901
0.151600	-71.786598
0.151700	-110.416000
0.151800	15.129900
0.151900	-4.184870
0.152000	-4.184870
0.152100	24.787300
0.152200	24.787300
0.152300	-33.157001
0.152400	44.102100
0.152500	140.675995
0.152600	140.675995
0.152700	34.444698
0.152800	-71.786598
0.152900	-13.842300
0.153000	5.472520
0.153100	44.102100
0.153200	44.102100
0.153300	82.731697
0.153400	5.472520
0.153500	24.787300
0.153600	15.129900
0.153700	5.472520
0.153800	-110.416000
0.153900	-52.471802
0.154000	24.787300
0.154100	-33.157001
0.154200	-23.499701
0.154300	121.361000
0.154400	44.102100
0.154500	-91.101402
0.154600	-33.157001
0.154700	82.731697
0.154800	5.472520
0.154900	-33.157001
0.155000	34.444698
0.155100	63.416901
0.155200	-52.471802
0.155300	15.129900
0.155400	111.704002
0.155500	121.361000
0.155600	140.675995
0.155700	102.045998
0.155800	44.102100
0.155900	-23.499701
0.156000	-168.360992
0.156100	-129.731003
0.156200	-187.675003
0.156300	-187.675003
0.156400	-52.471802
0.156500	63.416901
0.156600	24.787300
0.156700	5.472520
0.156800	-71.786598
0.156900	-42.814400
0.157000	-52.471802
0.157100	-110.416000
0.157200	-110.416000
0.157300	-33.157001
0.157400	63.416901
0.157500	73.074303
0.157600	15.129900
0.157700	-4.184870
0.157800	-13.842300
0.157900	-13.842300
0.158000	82.731697
0.158100	82.731697
0.158200	-71.786598
0.158300	-62.129200
0.158400	63.416901
0.158500	159.990997
0.158600	121.361000
0.158700	73.074303
0.158800	-71.786598
0.158900	-139.388000
0.159000	-52.471802
0.159100	-52.471802
0.159200	-149.046005
0.159300	-110.416000
0.159400	-33.157001
0.159500	15.129900
0.159600	-62.129200
0.159700	-71.786598
0.159800	-33.157001
0.159900	-13.842300
0.160000	-4.184870
0.160100	24.787300
0.160200	140.675995
0.160300	-52.471802
0.160400	-149.046005
0.160500	-110.416000
0.160600	-100.759003
0.160700	53.759499
0.160800	82.731697
0.160900	-52.471802
0.161000	-187.675003
0.161100	-206.990005
0.161200	-71.786598
0.161300	44.102100
0.161400	5.472520
0.161500	-33.157001
0.161600	-71.786598
0.161700	44.102100
0.161800	44.102100
0.161900	-13.842300
0.162000	-110.416000
0.162100	-52.471802
0.162200	73.074303
0.162300	63.416901
0.162400	44.102100
0.162500	-42.814400
0.162600	-110.416000
0.162700	44.102100
0.162800	179.306000
0.162900	102.045998
0.163000	140.675995
0.163100	111.704002
0.163200	73.074303
0.163300	-4.184870
0.163400	15.129900
0.163500	15.129900
0.163600	-42.814400
0.163700	44.102100
0.163800	73.074303
0.163900	44.102100
0.164000	-33.157001
0.164100	-33.157001
0.164200	63.416901
0.164300	237.250000
0.164400	275.878998
0.164500	179.306000
0.164600	-33.157001
0.164700	-139.388000
0.164800	34.444698
0.164900	188.962997
0.165000	63.416901
0.165100	-91.101402
0.165200	5.472520
0.165300	102.045998
0.165400	73.074303
0.165500	44.102100
0.165600	44.102100
0.165700	-52.471802
0.165800	-129.731003
0.165900	-110.416000
0.166000	-13.842300
0.166100	-52.471802
0.166200	-100.759003
0.166300	-71.786598
0.166400	15.129900
0.166500	169.647995
0.166600	217.934998
0.166700	-33.157001
0.166800	-168.360992
0.166900	-91.101402
0.167000	-71.786598
0.167100	53.759499
0.167200	-4.184870
0.167300	-23.499701
0.167400	24.787300
0.167500	24.787300
0.167600	15.129900
0.167700	44.102100
0.167800	-4.184870
0.167900	15.129900
0.168000	15.129900
0.168100	-71.786598
0.168200	63.416901
0.168300	188.962997
0.168400	102.045998
0.168500	5.472520
0.168600	-62.129200
0.168700	-42.814400
0.168800	44.102100
0.168900	-13.842300
0.169000	-100.759003
0.169100	15.129900
0.169200	24.787300
0.169300	24.787300
0.169400	82.731697
0.169500	102.045998
0.169600	44.102100
0.169700	-13.842300
0.169800	-23.499701
0.169900	92.389099
0.170000	102.045998
0.170100	121.361000
0.170200	63.416901
0.170300	-13.842300
0.170400	53.759499
0.170500	121.361000
0.170600	44.102100
0.170700	44.102100
0.170800	34.444698
0.170900	44.102100
0.171000	102.045998
0.171100	150.332993
0.171200	44.102100
0.171300	15.129900
0.171400	82.731697
0.171500	63.416901
0.171600	-33.157001
0.171700	-110.416000
0.171800	-91.101402
0.171900	44.102100
0.172000	24.787300
0.172100	159.990997
0.172200	304.851990
0.172300	44.102100
0.172400	-91.101402
0.172500	-129.731003
0.172600	-62.129200
0.172700	5.472520
0.172800	44.102100
0.172900	44.102100
0.173000	5.472520
0.173100	-71.786598
0.173200	24.787300
0.173300	150.332993
0.173400	24.787300
0.173500	-187.675003
0.173600	-110.416000
0.173700	-13.842300
0.173800	-33.157001
0.173900	44.102100
0.174000	63.416901
0.174100	-33.157001
0.174200	-13.842300
0.174300	24.787300
0.174400	24.787300
0.174500	44.102100
0.174600	82.731697
0.174700	82.731697
0.174800	24.787300
0.174900	53.759499
0.175000	44.102100
0.175100	-52.471802
0.175200	-110.416000
0.175300	-62.129200
0.175400	-81.444000
0.175500	5.472520
0.175600	24.787300
0.175700	-13.842300
0.175800	-13.842300
0.175900	-120.073997
0.176000	-71.786598
0.176100	44.102100
0.176200	24.787300
0.176300	24.787300
0.176400	-42.814400
0.176500	-110.416000
0.176600	-42.814400
0.176700	-4.184870
0.176800	-13.842300
0.176900	-13.842300
0.177000	5.472520
0.177100	24.787300
0.177200	44.102100
0.177300	92.389099
0.177400	24.787300
0.177500	-71.786598
0.177600	-4.184870
0.177700	-33.157001
0.177800	24.787300
0.177900	73.074303
0.178000	-4.184870
0.178100	-52.471802
0.178200	-52.471802
0.178300	-52.471802
0.178400	53.759499
0.178500	73.074303
0.178600	-13.842300
0.178700	-110.416000
0.178800	-129.731003
0.178900	5.472520
0.179000	121.361000
0.179100	63.416901
0.179200	5.472520
0.179300	-62.129200
0.179400	-33.157001
0.179500	169.647995
0.179600	82.731697
0.179700	-120.073997
0.179800	-216.647003
0.179900	-110.416000
0.180000	63.416901
0.180100	179.306000
0.180200	44.102100
0.180300	-52.471802
0.180400	5.472520
0.180500	5.472520
0.180600	44.102100
0.180700	169.647995
0.180800	121.361000
0.180900	-71.786598
0.181000	-129.731003
0.181100	-110.416000
0.181200	-110.416000
0.181300	-13.842300
0.181400	-33.157001
0.181500	-91.101402
0.181600	-91.101402
0.181700	-245.619995
0.181800	-91.101402
0.181900	159.990997
0.182000	92.389099
0.182100	24.787300
0.182200	5.472520
0.182300	-110.416000
0.182400	-91.101402
0.182500	24.787300
0.182600	53.759499
0.182700	44.102100
0.182800	-13.842300
0.182900	102.045998
0.183000	140.675995
0.183100	63.416901
0.183200	-110.416000
0.183300	-91.101402
0.183400	63.416901
0.183500	34.444698
0.183600	-33.157001
0.183700	15.129900
0.183800	-139.388000
0.183900	-33.157001
0.184000	63.416901
0.184100	34.444698
0.184200	-4.184870
0.184300	5.472520
0.184400	-33.157001
0.184500	102.045998
0.184600	188.962997
0.184700	179.306000
0.184800	159.990997
0.184900	82.731697
0.185000	34.444698
0.185100	44.102100
0.185200	63.416901
0.185300	44.102100
0.185400	-13.842300
0.185500	5.472520
0.185600	44.102100
0.185700	102.045998
0.185800	159.990997
0.185900	73.074303
0.186000	140.675995
0.186100	159.990997
0.186200	140.675995
0.186300	92.389099
0.186400	-4.184870
0.186500	-33.157001
0.186600	44.102100
0.186700	82.731697
0.186800	111.704002
0.186900	121.361000
0.187000	44.102100
0.187100	-4.184870
0.187200	-13.842300
0.187300	82.731697
0.187400	102.045998
0.187500	-33.157001
0.187600	-33.157001
0.187700	24.787300
0.187800	-33.157001
0.187900	-33.157001
0.188000	44.102100
0.188100	82.731697
0.188200	63.416901
0.188300	73.074303
0.188400	102.045998
0.188500	82.731697
0.188600	-52.471802
0.188700	-81.444000
0.188800	5.472520
0.188900	24.787300
0.189000	-4.184870
0.189100	44.102100
0.189200	-4.184870
0.189300	-4.184870
0.189400	44.102100
0.189500	-33.157001
0.189600	44.102100
0.189700	198.619995
0.189800	102.045998
0.189900	63.416901
0.190000	24.787300
0.190100	5.472520
0.190200	73.074303
0.190300	188.962997
0.190400	179.306000
0.190500	44.102100
0.190600	5.472520
0.190700	-4.184870
0.190800	44.102100
0.190900	159.990997
0.191000	121.361000
0.191100	24.787300
0.191200	-13.842300
0.191300	-33.157001
0.191400	24.787300
0.191500	-52.471802
0.191600	-71.786598
0.191700	-71.786598
0.191800	-13.842300
0.191900	44.102100
0.192000	102.045998
0.192100	102.045998
0.192200	5.472520
0.192300	-91.101402
0.192400	-110.416000
0.192500	-42.814400
0.192600	73.074303
0.192700	44.102100
0.192800	-100.759003
0.192900	-110.416000
0.193000	-42.814400
0.193100	-4.184870
0.193200	24.787300
0.193300	102.045998
0.193400	63.416901
0.193500	24.787300
0.193600	-4.184870
0.193700	15.129900
0.193800	34.444698
0.193900	-42.814400
0.194000	-52.471802
0.194100	53.759499
0.194200	179.306000
0.194300	179.306000
0.194400	34.444698
0.194500	121.361000
0.194600	217.934998
0.194700	227.593002
0.194800	198.619995
0.194900	34.444698
0.195000	-100.759003
0.195100	15.129900
0.195200	73.074303
0.195300	102.045998
0.195400	111.704002
0.195500	150.332993
0.195600	44.102100
0.195700	-33.157001
0.195800	15.129900
0.195900	82.731697
0.196000	53.759499
0.196100	5.472520
0.196200	-23.499701
0.196300	-52.471802
0.196400	15.129900
0.196500	44.102100
0.196600	24.787300
0.196700	34.444698
0.196800	-23.499701
0.196900	-33.157001
0.197000	63.416901
0.197100	150.332993
0.197200	102.045998
0.197300	44.102100
0.197400	-52.471802
0.197500	-33.157001
0.197600	140.675995
0.197700	188.962997
0.197800	-71.786598
0.197900	-206.990005
0.198000	-226.304993
0.198100	-81.444000
0.198200	44.102100
0.198300	140.675995
0.198400	121.361000
0.198500	24.787300
0.198600	44.102100
0.198700	179.306000
0.198800	102.045998
0.198900	-110.416000
0.199000	-13.842300
0.199100	159.990997
0.199200	73.074303
0.199300	44.102100
0.199400	15.129900
0.199500	-23.499701
0.199600	-110.416000
0.199700	-71.786598
0.199800	92.389099
0.199900	82.731697
0.200000	92.389099
0.200100	121.361000
0.200200	82.731697
0.200300	73.074303
0.200400	24.787300
0.200500	44.102100
0.200600	44.102100
0.200700	159.990997
0.200800	217.934998
0.200900	188.962997
0.201000	5.472520
0.201100	-110.416000
0.201200	-42.814400
0.201300	53.759499
0.201400	24.787300
0.201500	-4.184870
0.201600	-42.814400
0.201700	-13.842300
0.201800	15.129900
0.201900	82.731697
0.202000	34.444698
0.202100	-81.444000
0.202200	5.472520
0.202300	-62.129200
0.202400	-52.471802
0.202500	82.731697
0.202600	-33.157001
0.202700	-81.444000
0.202800	-52.471802
0.202900	-52.471802
0.203000	24.787300
0.203100	82.731697
0.203200	63.416901
0.203300	34.444698
0.203400	-13.842300
0.203500	-52.471802
0.203600	73.074303
0.203700	150.332993
0.203800	44.102100
0.203900	44.102100
0.204000	102.045998
0.204100	53.759499
0.204200	82.731697
0.204300	63.416901
0.204400	-4.184870
0.204500	-71.786598
0.204600	-33.157001
0.204700	24.787300
0.204800	-52.471802
0.204900	-206.990005
0.205000	-149.046005
0.205100	-52.471802
0.205200	-4.184870
0.205300	-33.157001
0.205400	-71.786598
0.205500	-62.129200
0.205600	-4.184870
0.205700	-71.786598
0.205800	-149.046005
0.205900	-91.101402
0.206000	-33.157001
0.206100	-33.157001
0.206200	24.787300
0.206300	44.102100
0.206400	73.074303
0.206500	92.389099
0.206600	-23.499701
0.206700	-110.416000
0.206800	15.129900
0.206900	44.102100
0.207000	-71.786598
0.207100	-33.157001
0.207200	-23.499701
0.207300	-110.416000
0.207400	-110.416000
0.207500	82.731697
0.207600	5.472520
0.207700	-100.759003
0.207800	-52.471802
0.207900	-4.184870
0.208000	102.045998
0.208100	111.704002
0.208200	5.472520
0.208300	-13.842300
0.208400	24.787300
0.208500	-13.842300
0.208600	-42.814400
0.208700	44.102100
0.208800	-71.786598
0.208900	-129.731003
0.209000	-91.101402
0.209100	-91.101402
0.209200	34.444698
0.209300	63.416901
0.209400	-33.157001
0.209500	-33.157001
0.209600	24.787300
0.209700	82.731697
0.209800	44.102100
0.209900	-91.101402
0.210000	-149.046005
0.210100	-110.416000
0.210200	-4.184870
0.210300	24.787300
0.210400	-91.101402
0.210500	-71.786598
0.210600	-4.184870
0.210700	-52.471802
0.210800	44.102100
0.210900	5.472520
0.211000	53.759499
0.211100	34.444698
0.211200	73.074303
0.211300	159.990997
0.211400	150.332993
0.211500	73.074303
0.211600	-4.184870
0.211700	-110.416000
0.211800	24.787300
0.211900	131.018997
0.212000	-52.471802
0.212100	-42.814400
0.212200	44.102100
0.212300	73.074303
0.212400	82.731697
0.212500	63.416901
0.212600	82.731697
0.212700	63.416901
0.212800	5.472520
0.212900	63.416901
0.213000	24.787300
0.213100	-52.471802
0.213200	-42.814400
0.213300	34.444698
0.213400	44.102100
0.213500	-4.184870
0.213600	-71.786598
0.213700	-71.786598
0.213800	-71.786598
0.213900	-33.157001
0.214000	121.361000
0.214100	169.647995
0.214200	44.102100
0.214300	-71.786598
0.214400	-33.157001
0.214500	24.787300
0.214600	82.731697
0.214700	198.619995
0.214800	198.619995
0.214900	63.416901
0.215000	24.787300
0.215100	-71.786598
0.215200	5.472520
0.215300	159.990997
0.215400	5.472520
0.215500	-110.416000
0.215600	-13.842300
0.215700	24.787300
0.215800	44.102100
0.215900	150.332993
0.216000	24.787300
0.216100	-110.416000
0.216200	-52.471802
0.216300	102.045998
0.216400	111.704002
0.216500	44.102100
0.216600	-13.842300
0.216700	24.787300
0.216800	102.045998
0.216900	159.990997
0.217000	102.045998
0.217100	121.361000
0.217200	82.731697
0.217300	34.444698
0.217400	169.647995
0.217500	198.619995
0.217600	198.619995
0.217700	73.074303
0.217800	-33.157001
0.217900	121.361000
0.218000	198.619995
0.218100	111.704002
0.218200	82.731697
0.218300	63.416901
0.218400	44.102100
0.218500	-81.444000
0.218600	-33.157001
0.218700	111.704002
0.218800	102.045998
0.218900	5.472520
0.219000	63.416901
0.219100	150.332993
0.219200	266.221985
0.219300	198.619995
0.219400	102.045998
0.219500	44.102100
0.219600	63.416901
0.219700	63.416901
0.219800	63.416901
0.219900	-71.786598
0.220000	-110.416000
0.220100	-129.731003
0.220200	-62.129200
0.220300	102.045998
0.220400	121.361000
0.220500	-13.842300
0.220600	-52.471802
0.220700	44.102100
0.220800	82.731697
0.220900	121.361000
0.221000	82.731697
0.221100	44.102100
0.221200	44.102100
0.221300	44.102100
0.221400	24.787300
0.221500	24.787300
0.221600	24.787300
0.221700	24.787300
0.221800	63.416901
0.221900	217.934998
0.222000	217.934998
0.222100	140.675995
0.222200	44.102100
0.222300	5.472520
0.222400	131.018997
0.222500	121.361000
0.222600	-52.471802
0.222700	24.787300
0.222800	44.102100
0.222900	121.361000
0.223000	198.619995
0.223100	73.074303
0.223200	-71.786598
0.223300	-62.129200
0.223400	44.102100
0.223500	53.759499
0.223600	24.787300
0.223700	82.731697
0.223800	44.102100
0.223900	82.731697
0.224000	179.306000
0.224100	111.704002
0.224200	63.416901
0.224300	53.759499
0.224400	44.102100
0.224500	111.704002
0.224600	102.045998
0.224700	-42.814400
0.224800	-110.416000
0.224900	44.102100
0.225000	150.332993
0.225100	179.306000
0.225200	159.990997
0.225300	63.416901
0.225400	-33.157001
0.225500	-52.471802
0.225600	44.102100
0.225700	82.731697
0.225800	-81.444000
0.225900	-52.471802
0.226000	63.416901
0.226100	44.102100
0.226200	63.416901
0.226300	24.787300
0.226400	-33.157001
0.226500	44.102100
0.226600	53.759499
0.226700	44.102100
0.226800	63.416901
0.226900	-4.184870
0.227000	-13.842300
0.227100	24.787300
0.227200	179.306000
0.227300	198.619995
0.227400	102.045998
0.227500	-4.184870
0.227600	73.074303
0.227700	73.074303
0.227800	82.731697
0.227900	24.787300
0.228000	-42.814400
0.228100	-52.471802
0.228200	-42.814400
0.228300	82.731697
0.228400	102.045998
0.228500	44.102100
0.228600	44.102100
0.228700	-33.157001
0.228800	-100.759003
0.228900	44.102100
0.229000	24.787300
0.229100	-71.786598
0.229200	-129.731003
0.229300	-129.731003
0.229400	-81.444000
0.229500	44.102100
0.229600	53.759499
0.229700	44.102100
0.229800	-71.786598
0.229900	-110.416000
0.230000	-91.101402
0.230100	5.472520
0.230200	-33.157001
0.230300	-81.444000
0.230400	24.787300
0.230500	-33.157001
0.230600	44.102100
0.230700	92.389099
0.230800	73.074303
0.230900	44.102100
0.231000	-13.842300
0.231100	24.787300
0.231200	121.361000
0.231300	44.102100
0.231400	-110.416000
0.231500	5.472520
0.231600	92.389099
0.231700	150.332993
0.231800	111.704002
0.231900	-13.842300
0.232000	-91.101402
0.232100	44.102100
0.232200	102.045998
0.232300	102.045998
0.232400	34.444698
0.232500	44.102100
0.232600	44.102100
0.232700	44.102100
0.232800	82.731697
0.232900	44.102100
0.233000	44.102100
0.233100	159.990997
0.233200	82.731697
0.233300	44.102100
0.233400	73.074303
0.233500	73.074303
0.233600	24.787300
0.233700	-110.416000
0.233800	-158.703003
0.233900	-4.184870
0.234000	63.416901
0.234100	24.787300
0.234200	-4.184870
0.234300	-52.471802
0.234400	-13.842300
0.234500	102.045998
0.234600	44.102100
0.234700	-71.786598
0.234800	-129.731003
0.234900	-81.444000
0.235000	73.074303
0.235100	102.045998
0.235200	44.102100
0.235300	-110.416000
0.235400	-110.416000
0.235500	15.129900
0.235600	82.731697
0.235700	92.389099
0.235800	-13.842300
0.235900	-110.416000
0.236000	-91.101402
0.236100	-52.471802
0.236200	63.416901
0.236300	53.759499
0.236400	-42.814400
0.236500	-52.471802
0.236600	-71.786598
0.236700	-62.129200
0.236800	44.102100
0.236900	-71.786598
0.237000	-110.416000
0.237100	-13.842300
0.237200	24.787300
0.237300	24.787300
0.237400	140.675995
0.237500	92.389099
0.237600	44.102100
0.237700	73.074303
0.237800	111.704002
0.237900	140.675995
0.238000	188.962997
0.238100	-13.842300
0.238200	-110.416000
0.238300	-71.786598
0.238400	-71.786598
0.238500	24.787300
0.238600	92.389099
0.238700	44.102100
0.238800	24.787300
0.238900	-71.786598
0.239000	-13.842300
0.239100	82.731697
0.239200	111.704002
0.239300	73.074303
0.239400	34.444698
0.239500	44.102100
0.239600	121.361000
0.239700	24.787300
0.239800	-33.157001
0.239900	-52.471802
0.240000	-52.471802
0.240100	44.102100
0.240200	73.074303
0.240300	24.787300
0.240400	-71.786598
0.240500	-110.416000
0.240600	-62.129200
0.240700	159.990997
0.240800	179.306000
0.240900	63.416901
0.241000	131.018997
0.241100	82.731697
0.241200	63.416901
0.241300	102.045998
0.241400	44.102100
0.241500	5.472520
0.241600	5.472520
0.241700	53.759499
0.241800	5.472520
0.241900	34.444698
0.242000	159.990997
0.242100	102.045998
0.242200	82.731697
0.242300	73.074303
0.242400	44.102100
0.242500	24.787300
0.242600	44.102100
0.242700	-91.101402
0.242800	-33.157001
0.242900	44.102100
0.243000	-33.157001
0.243100	73.074303
0.243200	44.102100
0.243300	24.787300
0.243400	82.731697
0.243500	131.018997
0.243600	169.647995
0.243700	179.306000
0.243800	169.647995
0.243900	5.472520
0.244000	5.472520
0.244100	102.045998
0.244200	121.361000
0.244300	44.102100
0.244400	53.759499
0.244500	82.731697
0.244600	63.416901
0.244700	24.787300
0.244800	-110.416000
0.244900	-71.786598
0.245000	24.787300
0.245100	102.045998
0.245200	150.332993
0.245300	63.416901
0.245400	-71.786598
0.245500	-33.157001
0.245600	53.759499
0.245700	179.306000
0.245800	150.332993
0.245900	111.704002
0.246000	140.675995
0.246100	5.472520
0.246200	92.389099
0.246300	217.934998
0.246400	24.787300
0.246500	-187.675003
0.246600	-71.786598
0.246700	82.731697
0.246800	82.731697
0.246900	44.102100
0.247000	-62.129200
0.247100	-91.101402
0.247200	44.102100
0.247300	198.619995
0.247400	198.619995
0.247500	140.675995
0.247600	24.787300
0.247700	-52.471802
0.247800	-33.157001
0.247900	102.045998
0.248000	111.704002
0.248100	-13.842300
0.248200	82.731697
0.248300	102.045998
0.248400	140.675995
0.248500	179.306000
0.248600	131.018997
0.248700	-4.184870
0.248800	44.102100
0.248900	179.306000
0.249000	304.851990
0.249100	266.221985
0.249200	198.619995
0.249300	159.990997
0.249400	24.787300
0.249500	-33.157001
0.249600	121.361000
0.249700	159.990997
0.249800	53.759499
0.249900	-52.471802
0.250000	15.129900
0.250100	121.361000
0.250200	102.045998
0.250300	73.074303
0.250400	82.731697
0.250500	5.472520
0.250600	44.102100
0.250700	63.416901
0.250800	179.306000
0.250900	198.619995
0.251000	82.731697
0.251100	73.074303
0.251200	179.306000
0.251300	121.361000
0.251400	-42.814400
0.251500	-129.731003
0.251600	-91.101402
0.251700	-71.786598
0.251800	102.045998
0.251900	227.593002
0.252000	131.018997
0.252100	44.102100
0.252200	24.787300
0.252300	44.102100
0.252400	82.731697
0.252500	44.102100
0.252600	24.787300
0.252700	-71.786598
0.252800	44.102100
0.252900	159.990997
0.253000	121.361000
0.253100	5.472520
0.253200	5.472520
0.253300	-42.814400
0.253400	44.102100
0.253500	111.704002
0.253600	15.129900
0.253700	-120.073997
0.253800	-33.157001
0.253900	102.045998
0.254000	121.361000
0.254100	73.074303
0.254200	-13.842300
0.254300	-81.444000
0.254400	-52.471802
0.254500	102.045998
0.254600	246.906998
0.254700	237.250000
0.254800	82.731697
0.254900	44.102100
0.255000	179.306000
0.255100	179.306000
0.255200	-23.499701
0.255300	-42.814400
0.255400	44.102100
0.255500	73.074303
0.255600	63.416901
0.255700	-4.184870
0.255800	5.472520
0.255900	-33.157001
0.256000	-71.786598
0.256100	63.416901
0.256200	159.990997
0.256300	15.129900
0.256400	-52.471802
0.256500	-23.499701
0.256600	24.787300
0.256700	188.962997
0.256800	237.250000
0.256900	53.759499
0.257000	-33.157001
0.257100	5.472520
0.257200	44.102100
0.257300	102.045998
0.257400	159.990997
0.257500	44.102100
0.257600	-52.471802
0.257700	-71.786598
0.257800	15.129900
0.257900	179.306000
0.258000	140.675995
0.258100	-71.786598
0.258200	-62.129200
0.258300	-4.184870
0.258400	111.704002
0.258500	208.278000
0.258600	24.787300
0.258700	-110.416000
0.258800	-110.416000
0.258900	24.787300
0.259000	82.731697
0.259100	150.332993
0.259200	44.102100
0.259300	-91.101402
0.259400	-13.842300
0.259500	92.389099
0.259600	159.990997
0.259700	63.416901
0.259800	-91.101402
0.259900	-110.416000
0.260000	-149.046005
0.260100	-71.786598
0.260200	-91.101402
0.260300	-52.471802
0.260400	5.472520
0.260500	-13.842300
0.260600	82.731697
0.260700	-13.842300
0.260800	-110.416000
0.260900	-33.157001
0.261000	-52.471802
0.261100	-52.471802
0.261200	-42.814400
0.261300	-62.129200
0.261400	-120.073997
0.261500	-91.101402
0.261600	5.472520
0.261700	44.102100
0.261800	-4.184870
0.261900	-91.101402
0.262000	-100.759003
0.262100	-71.786598
0.262200	44.102100
0.262300	-13.842300
0.262400	-100.759003
0.262500	-120.073997
0.262600	-91.101402
0.262700	5.472520
0.262800	131.018997
0.262900	179.306000
0.263000	121.361000
0.263100	24.787300
0.263200	82.731697
0.263300	-52.471802
0.263400	5.472520
0.263500	24.787300
0.263600	24.787300
0.263700	63.416901
0.263800	34.444698
0.263900	-33.157001
0.264000	82.731697
0.264100	121.361000
0.264200	-33.157001
0.264300	-91.101402
0.264400	-91.101402
0.264500	-71.786598
0.264600	24.787300
0.264700	-4.184870
0.264800	-81.444000
0.264900	-110.416000
0.265000	-110.416000
0.265100	44.102100
0.265200	63.416901
0.265300	-52.471802
0.265400	-33.157001
0.265500	15.129900
0.265600	-91.101402
0.265700	-81.444000
0.265800	34.444698
0.265900	34.444698
0.266000	-110.416000
0.266100	-110.416000
0.266200	15.129900
0.266300	5.472520
0.266400	-110.416000
0.266500	5.472520
0.266600	63.416901
0.266700	5.472520
0.266800	5.472520
0.266900	34.444698
0.267000	34.444698
0.267100	82.731697
0.267200	121.361000
0.267300	44.102100
0.267400	73.074303
0.267500	15.129900
0.267600	-120.073997
0.267700	-110.416000
0.267800	-71.786598
0.267900	5.472520
0.268000	44.102100
0.268100	-33.157001
0.268200	24.787300
0.268300	102.045998
0.268400	179.306000
0.268500	44.102100
0.268600	-52.471802
0.268700	-81.444000
0.268800	-110.416000
0.268900	-62.129200
0.269000	82.731697
0.269100	121.361000
0.269200	44.102100
0.269300	-33.157001
0.269400	-91.101402
0.269500	34.444698
0.269600	102.045998
0.269700	63.416901
0.269800	-13.842300
0.269900	-13.842300
0.270000	44.102100
0.270100	159.990997
0.270200	5.472520
0.270300	-62.129200
0.270400	15.129900
0.270500	44.102100
0.270600	5.472520
0.270700	-4.184870
0.270800	82.731697
0.270900	63.416901
0.271000	-110.416000
0.271100	-110.416000
0.271200	82.731697
0.271300	82.731697
0.271400	44.102100
0.271500	44.102100
0.271600	188.962997
0.271700	217.934998
0.271800	-13.842300
0.271900	-187.675003
0.272000	-91.101402
0.272100	-13.842300
0.272200	-23.499701
0.272300	-23.499701
0.272400	-139.388000
0.272500	-168.360992
0.272600	-91.101402
0.272700	63.416901
0.272800	63.416901
0.272900	-110.416000
0.273000	-33.157001
0.273100	63.416901
0.273200	5.472520
0.273300	111.704002
0.273400	159.990997
0.273500	92.389099
0.273600	82.731697
0.273700	24.787300
0.273800	5.472520
0.273900	208.278000
0.274000	188.962997
0.274100	5.472520
0.274200	44.102100
0.274300	44.102100
0.274400	24.787300
0.274500	5.472520
0.274600	-52.471802
0.274700	-81.444000
0.274800	-110.416000
0.274900	-91.101402
0.275000	63.416901
0.275100	63.416901
0.275200	-52.471802
0.275300	-42.814400
0.275400	82.731697
0.275500	159.990997
0.275600	102.045998
0.275700	-52.471802
0.275800	-42.814400
0.275900	15.129900
0.276000	44.102100
0.276100	150.332993
0.276200	111.704002
0.276300	-4.184870
0.276400	-42.814400
0.276500	5.472520
0.276600	102.045998
0.276700	44.102100
0.276800	-71.786598
0.276900	-129.731003
0.277000	-187.675003
0.277100	-91.101402
0.277200	121.361000
0.277300	140.675995
0.277400	5.472520
0.277500	24.787300
0.277600	15.129900
0.277700	82.731697
0.277800	44.102100
0.277900	5.472520
0.278000	-52.471802
0.278100	-81.444000
0.278200	102.045998
0.278300	121.361000
0.278400	34.444698
0.278500	102.045998
0.278600	82.731697
0.278700	-13.842300
0.278800	44.102100
0.278900	131.018997
0.279000	44.102100
0.279100	-71.786598
0.279200	24.787300
0.279300	82.731697
0.279400	140.675995
0.279500	179.306000
0.279600	44.102100
0.279700	-110.416000
0.279800	-81.444000
0.279900	44.102100
0.280000	82.731697
0.280100	24.787300
0.280200	44.102100
0.280300	44.102100
0.280400	-4.184870
0.280500	34.444698
0.280600	82.731697
0.280700	24.787300
0.280800	-71.786598
0.280900	-110.416000
0.281000	24.787300
0.281100	102.045998
0.281200	150.332993
0.281300	34.444698
0.281400	-4.184870
0.281500	34.444698
0.281600	111.704002
0.281700	179.306000
0.281800	92.389099
0.281900	-52.471802
0.282000	-52.471802
0.282100	-33.157001
0.282200	63.416901
0.282300	102.045998
0.282400	5.472520
0.282500	5.472520
0.282600	44.102100
0.282700	102.045998
0.282800	5.472520
0.282900	-52.471802
0.283000	-110.416000
0.283100	-62.129200
0.283200	111.704002
0.283300	102.045998
0.283400	44.102100
0.283500	63.416901
0.283600	121.361000
0.283700	150.332993
0.283800	140.675995
0.283900	-13.842300
0.284000	-91.101402
0.284100	-52.471802
0.284200	5.472520
0.284300	44.102100
0.284400	102.045998
0.284500	63.416901
0.284600	-71.786598
0.284700	-110.416000
0.284800	-4.184870
0.284900	82.731697
0.285000	159.990997
0.285100	131.018997
0.285200	5.472520
0.285300	-52.471802
0.285400	-71.786598
0.285500	44.102100
0.285600	82.731697
0.285700	111.704002
0.285800	24.787300
0.285900	-100.759003
0.286000	-52.471802
0.286100	121.361000
0.286200	188.962997
0.286300	73.074303
0.286400	44.102100
0.286500	44.102100
0.286600	102.045998
0.286700	150.332993
0.286800	5.472520
0.286900	-91.101402
0.287000	-33.157001
0.287100	24.787300
0.287200	63.416901
0.287300	140.675995
0.287400	73.074303
0.287500	-62.129200
0.287600	-149.046005
0.287700	-62.129200
0.287800	44.102100
0.287900	-52.471802
0.288000	-168.360992
0.288100	-71.786598
0.288200	121.361000
0.288300	159.990997
0.288400	44.102100
0.288500	5.472520
0.288600	53.759499
0.288700	102.045998
0.288800	82.731697
0.288900	24.787300
0.289000	-91.101402
0.289100	5.472520
0.289200	15.129900
0.289300	44.102100
0.289400	82.731697
0.289500	15.129900
0.289600	24.787300
0.289700	102.045998
0.289800	140.675995
0.289900	102.045998
0.290000	-52.471802
0.290100	-110.416000
0.290200	44.102100
0.290300	82.731697
0.290400	63.416901
0.290500	-52.471802
0.290600	-129.731003
0.290700	-158.703003
0.290800	-120.073997
0.290900	-52.471802
0.291000	5.472520
0.291100	-42.814400
0.291200	-120.073997
0.291300	-52.471802
0.291400	-4.184870
0.291500	24.787300
0.291600	15.129900
0.291700	34.444698
0.291800	-33.157001
0.291900	44.102100
0.292000	5.472520
0.292100	-52.471802
0.292200	140.675995
0.292300	295.194000
0.292400	121.361000
0.292500	-4.184870
0.292600	15.129900
0.292700	73.074303
0.292800	63.416901
0.292900	-71.786598
0.293000	-33.157001
0.293100	44.102100
0.293200	24.787300
0.293300	-13.842300
0.293400	24.787300
0.293500	24.787300
0.293600	44.102100
0.293700	82.731697
0.293800	-71.786598
0.293900	-23.499701
0.294000	140.675995
0.294100	82.731697
0.294200	-4.184870
0.294300	-52.471802
0.294400	-71.786598
0.294500	-33.157001
0.294600	-4.184870
0.294700	24.787300
0.294800	5.472520
0.294900	44.102100
0.295000	24.787300
0.295100	5.472520
0.295200	5.472520
0.295300	-42.814400
0.295400	-33.157001
0.295500	53.759499
0.295600	63.416901
0.295700	82.731697
0.295800	15.129900
0.295900	-42.814400
0.296000	-42.814400
0.296100	-149.046005
0.296200	-110.416000
0.296300	-71.786598
0.296400	44.102100
0.296500	5.472520
0.296600	-91.101402
0.296700	-129.731003
0.296800	-52.471802
0.296900	82.731697
0.297000	44.102100
0.297100	-33.157001
0.297200	-13.842300
0.297300	102.045998
0.297400	102.045998
0.297500	-71.786598
0.297600	-91.101402
0.297700	-33.157001
0.297800	63.416901
0.297900	82.731697
0.298000	24.787300
0.298100	5.472520
0.298200	5.472520
0.298300	44.102100
0.298400	92.389099
0.298500	44.102100
0.298600	44.102100
0.298700	44.102100
0.298800	92.389099
0.298900	102.045998
0.299000	102.045998
0.299100	5.472520
0.299200	-71.786598
0.299300	-71.786598
0.299400	-52.471802
0.299500	24.787300
0.299600	121.361000
0.299700	44.102100
0.299800	-52.471802
0.299900	102.045998
