-0.050000	5.135200
-0.049900	0.806433
-0.049800	-0.155515
-0.049700	3.692280
-0.049600	0.325459
-0.049500	2.730330
-0.049400	-0.155515
-0.049300	0.806433
-0.049200	2.730330
-0.049100	-0.155515
-0.049000	3.692280
-0.048900	5.616170
-0.048800	6.097150
-0.048700	7.059100
-0.048600	10.425900
-0.048500	9.944940
-0.048400	6.097150
-0.048300	3.692280
-0.048200	0.806433
-0.048100	-1.598440
-0.048000	2.249360
-0.047900	6.097150
-0.047800	3.692280
-0.047700	3.211300
-0.047600	4.654230
-0.047500	3.692280
-0.047400	1.768380
-0.047300	-0.155515
-0.047200	2.730330
-0.047100	4.173250
-0.047000	6.578120
-0.046900	2.730330
-0.046800	2.249360
-0.046700	5.135200
-0.046600	4.654230
-0.046500	2.730330
-0.046400	2.730330
-0.046300	4.654230
-0.046200	2.730330
-0.046100	2.730330
-0.046000	5.135200
-0.045900	4.654230
-0.045800	-1.598440
-0.045700	-1.117460
-0.045600	0.806433
-0.045500	-0.155515
-0.045400	1.287410
-0.045300	4.173250
-0.045200	4.654230
-0.045100	4.654230
-0.045000	3.692280
-0.044900	2.249360
-0.044800	5.135200
-0.044700	4.654230
-0.044600	0.806433
-0.044500	-0.155515
-0.044400	-0.155515
-0.044300	1.768380
-0.044200	2.249360
-0.044100	3.692280
-0.044000	0.806433
-0.043900	-1.117460
-0.043800	4.654230
-0.043700	6.578120
-0.043600	4.654230
-0.043500	-1.117460
-0.043400	-2.079410
-0.043300	2.730330
-0.043200	-0.155515
-0.043100	-0.155515
-0.043000	4.654230
-0.042900	5.135200
-0.042800	7.540070
-0.042700	7.059100
-0.042600	7.540070
-0.042500	1.768380
-0.042400	-1.117460
-0.042300	3.211300
-0.042200	7.540070
-0.042100	2.730330
-0.042000	0.806433
-0.041900	-0.155515
-0.041800	-0.155515
-0.041700	-1.117460
-0.041600	-1.117460
-0.041500	-1.117460
-0.041400	4.173250
-0.041300	4.654230
-0.041200	4.654230
-0.041100	2.730330
-0.041000	-0.155515
-0.040900	-1.598440
-0.040800	2.730330
-0.040700	0.806433
-0.040600	5.616170
-0.040500	5.616170
-0.040400	1.768380
-0.040300	1.768380
-0.040200	6.578120
-0.040100	7.059100
-0.040000	5.135200
-0.039900	3.692280
-0.039800	4.654230
-0.039700	4.654230
-0.039600	4.654230
-0.039500	-1.117460
-0.039400	-0.636489
-0.039300	4.654230
-0.039200	3.211300
-0.039100	4.173250
-0.039000	4.654230
-0.038900	2.730330
-0.038800	3.692280
-0.038700	-0.636489
-0.038600	1.287410
-0.038500	3.692280
-0.038400	3.692280
-0.038300	3.692280
-0.038200	3.692280
-0.038100	3.692280
-0.038000	1.768380
-0.037900	2.730330
-0.037800	4.173250
-0.037700	4.173250
-0.037600	-1.117460
-0.037500	0.806433
-0.037400	4.654230
-0.037300	1.287410
-0.037200	3.211300
-0.037100	1.768380
-0.037000	0.806433
-0.036900	-0.155515
-0.036800	-2.079410
-0.036700	-3.041360
-0.036600	-1.598440
-0.036500	3.211300
-0.036400	1.768380
-0.036300	-1.117460
-0.036200	3.692280
-0.036100	2.249360
-0.036000	4.173250
-0.035900	3.692280
-0.035800	-0.155515
-0.035700	0.325459
-0.035600	2.249360
-0.035500	4.173250
-0.035400	2.249360
-0.035300	1.768380
-0.035200	3.692280
-0.035100	2.249360
-0.035000	2.730330
-0.034900	2.730330
-0.034800	-0.636489
-0.034700	4.654230
-0.034600	5.616170
-0.034500	2.730330
-0.034400	0.806433
-0.034300	5.616170
-0.034200	6.578120
-0.034100	1.768380
-0.034000	1.768380
-0.033900	1.768380
-0.033800	-0.636489
-0.033700	2.730330
-0.033600	2.249360
-0.033500	-0.155515
-0.033400	-0.636489
-0.033300	2.249360
-0.033200	3.692280
-0.033100	6.097150
-0.033000	5.616170
-0.032900	-0.155515
-0.032800	-2.079410
-0.032700	0.325459
-0.032600	3.211300
-0.032500	6.097150
-0.032400	2.730330
-0.032300	2.249360
-0.032200	5.616170
-0.032100	4.654230
-0.032000	2.249360
-0.031900	6.578120
-0.031800	4.654230
-0.031700	-0.155515
-0.031600	0.806433
-0.031500	3.692280
-0.031400	0.325459
-0.031300	-1.117460
-0.031200	-3.041360
-0.031100	-5.446230
-0.031000	0.806433
-0.030900	2.730330
-0.030800	2.730330
-0.030700	0.806433
-0.030600	-3.041360
-0.030500	-4.484280
-0.030400	2.730330
-0.030300	2.730330
-0.030200	3.211300
-0.030100	2.730330
-0.030000	-1.117460
-0.029900	-0.155515
-0.029800	-1.117460
-0.029700	-2.560380
-0.029600	-1.117460
-0.029500	0.806433
-0.029400	0.325459
-0.029300	-0.155515
-0.029200	1.768380
-0.029100	3.692280
-0.029000	-1.117460
-0.028900	-2.560380
-0.028800	0.806433
-0.028700	2.730330
-0.028600	-2.560380
-0.028500	-1.117460
-0.028400	-3.041360
-0.028300	-0.155515
-0.028200	0.806433
-0.028100	0.325459
-0.028000	4.654230
-0.027900	4.654230
-0.027800	2.730330
-0.027700	-1.117460
-0.027600	-1.117460
-0.027500	-4.003310
-0.027400	-0.155515
-0.027300	1.768380
-0.027200	1.768380
-0.027100	0.325459
-0.027000	0.806433
-0.026900	0.806433
-0.026800	3.211300
-0.026700	1.768380
-0.026600	2.249360
-0.026500	0.806433
-0.026400	-1.117460
-0.026300	0.806433
-0.026200	0.806433
-0.026100	-1.117460
-0.026000	-4.003310
-0.025900	-2.079410
-0.025800	2.730330
-0.025700	-0.155515
-0.025600	2.249360
-0.025500	0.806433
-0.025400	-1.598440
-0.025300	1.768380
-0.025200	2.249360
-0.025100	2.730330
-0.025000	1.768380
-0.024900	2.249360
-0.024800	1.768380
-0.024700	-2.560380
-0.024600	-2.079410
-0.024500	1.768380
-0.024400	0.806433
-0.024300	-4.484280
-0.024200	-1.117460
-0.024100	-0.155515
-0.024000	1.287410
-0.023900	-2.079410
-0.023800	2.249360
-0.023700	5.616170
-0.023600	-2.079410
-0.023500	-4.003310
-0.023400	-0.155515
-0.023300	-0.155515
-0.023200	-0.155515
-0.023100	2.730330
-0.023000	2.249360
-0.022900	1.287410
-0.022800	-1.117460
-0.022700	-1.117460
-0.022600	1.287410
-0.022500	3.692280
-0.022400	-1.598440
-0.022300	-4.003310
-0.022200	-4.484280
-0.022100	-2.560380
-0.022000	0.325459
-0.021900	-0.155515
-0.021800	-4.003310
-0.021700	-4.003310
-0.021600	-3.041360
-0.021500	-2.079410
-0.021400	0.806433
-0.021300	-6.889150
-0.021200	-3.522330
-0.021100	0.806433
-0.021000	-1.598440
-0.020900	-3.041360
-0.020800	0.806433
-0.020700	-2.079410
-0.020600	-5.446230
-0.020500	-2.079410
-0.020400	0.806433
-0.020300	-1.117460
-0.020200	1.768380
-0.020100	1.768380
-0.020000	6.578120
-0.019900	-1.117460
-0.019800	-3.041360
-0.019700	0.806433
-0.019600	2.249360
-0.019500	0.806433
-0.019400	1.768380
-0.019300	4.173250
-0.019200	3.211300
-0.019100	4.654230
-0.019000	-0.636489
-0.018900	-1.598440
-0.018800	-1.598440
-0.018700	-0.155515
-0.018600	-2.079410
-0.018500	0.806433
-0.018400	2.730330
-0.018300	-2.560380
-0.018200	-2.079410
-0.018100	-3.041360
-0.018000	-0.155515
-0.017900	0.806433
-0.017800	-2.079410
-0.017700	-1.598440
-0.017600	1.768380
-0.017500	-1.117460
-0.017400	-2.560380
-0.017300	0.806433
-0.017200	-2.560380
-0.017100	-2.079410
-0.017000	-0.636489
-0.016900	0.806433
-0.016800	-3.522330
-0.016700	-1.117460
-0.016600	-0.155515
-0.016500	-1.117460
-0.016400	-1.117460
-0.016300	2.249360
-0.016200	-1.117460
-0.016100	-4.965250
-0.016000	-4.965250
-0.015900	-0.155515
-0.015800	2.730330
-0.015700	1.768380
-0.015600	0.806433
-0.015500	-0.155515
-0.015400	3.692280
-0.015300	3.692280
-0.015200	-3.041360
-0.015100	0.325459
-0.015000	0.806433
-0.014900	-3.041360
-0.014800	-3.041360
-0.014700	0.806433
-0.014600	1.287410
-0.014500	3.692280
-0.014400	2.730330
-0.014300	-1.117460
-0.014200	-1.117460
-0.014100	-3.041360
-0.014000	-5.927200
-0.013900	-2.560380
-0.013800	0.325459
-0.013700	-5.927200
-0.013600	-5.927200
-0.013500	-5.927200
-0.013400	-4.965250
-0.013300	-7.851100
-0.013200	-4.003310
-0.013100	1.768380
-0.013000	1.287410
-0.012900	-2.079410
-0.012800	-9.774990
-0.012700	-9.774990
-0.012600	-3.041360
-0.012500	-7.851100
-0.012400	-4.965250
-0.012300	-5.927200
-0.012200	-6.889150
-0.012100	-4.484280
-0.012000	-2.079410
-0.011900	-5.927200
-0.011800	-7.370120
-0.011700	-5.446230
-0.011600	-0.155515
-0.011500	-2.079410
-0.011400	-6.889150
-0.011300	-1.117460
-0.011200	-6.889150
-0.011100	-8.813050
-0.011000	-5.446230
-0.010900	-3.041360
-0.010800	-3.041360
-0.010700	-4.484280
-0.010600	-3.041360
-0.010500	-7.851100
-0.010400	-3.522330
-0.010300	-5.446230
-0.010200	-5.927200
-0.010100	-4.965250
-0.010000	-5.927200
-0.009900	-7.370120
-0.009800	-3.041360
-0.009700	-3.522330
-0.009600	-4.965250
-0.009500	-9.774990
-0.009400	-8.813050
-0.009300	-4.484280
-0.009200	-7.851100
-0.009100	-6.889150
-0.009000	-3.041360
-0.008900	-6.408180
-0.008800	-5.446230
-0.008700	-4.965250
-0.008600	-6.889150
-0.008500	-7.370120
-0.008400	-6.889150
-0.008300	-8.332070
-0.008200	-9.774990
-0.008100	-8.813050
-0.008000	-6.889150
-0.007900	-4.003310
-0.007800	-8.332070
-0.007700	-8.332070
-0.007600	-9.774990
-0.007500	-8.813050
-0.007400	-9.774990
-0.007300	-12.660800
-0.007200	-10.256000
-0.007100	-7.851100
-0.007000	-10.736900
-0.006900	-10.256000
-0.006800	-8.813050
-0.006700	-12.179900
-0.006600	-10.736900
-0.006500	-8.332070
-0.006400	-10.736900
-0.006300	-16.508600
-0.006200	-12.660800
-0.006100	-8.813050
-0.006000	-11.698900
-0.005900	-9.774990
-0.005800	-8.813050
-0.005700	-10.736900
-0.005600	-11.698900
-0.005500	-14.584700
-0.005400	-13.141800
-0.005300	-12.660800
-0.005200	-12.179900
-0.005100	-9.294020
-0.005000	-8.813050
-0.004900	-11.698900
-0.004800	-11.217900
-0.004700	-10.256000
-0.004600	-11.698900
-0.004500	-10.736900
-0.004400	-10.736900
-0.004300	-14.584700
-0.004200	-14.584700
-0.004100	-10.736900
-0.004000	-7.851100
-0.003900	-6.889150
-0.003800	-3.041360
-0.003700	-5.927200
-0.003600	-12.660800
-0.003500	-12.660800
-0.003400	-7.851100
-0.003300	-17.470600
-0.003200	-14.584700
-0.003100	-18.432501
-0.003000	-15.065700
-0.002900	-12.179900
-0.002800	-10.256000
-0.002700	-9.774990
-0.002600	-13.622800
-0.002500	-15.546700
-0.002400	-14.584700
-0.002300	-18.432501
-0.002200	-18.432501
-0.002100	-16.989599
-0.002000	-15.546700
-0.001900	-18.432501
-0.001800	-17.470600
-0.001700	-14.584700
-0.001600	-14.584700
-0.001500	-16.508600
-0.001400	-16.508600
-0.001300	-20.356400
-0.001200	-19.394501
-0.001100	-19.394501
-0.001000	-16.508600
-0.000900	-14.584700
-0.000800	-19.394501
-0.000700	-19.394501
-0.000600	-14.584700
-0.000500	-17.470600
-0.000400	-18.913500
-0.000300	-17.470600
-0.000200	-18.432501
-0.000100	-17.470600
0.000000	-19.394501
0.000100	-18.913500
0.000200	-18.432501
0.000300	-20.837400
0.000400	-19.875401
0.000500	-20.837400
0.000600	-17.951599
0.000700	-18.913500
0.000800	-22.280300
0.000900	-19.394501
0.001000	-18.432501
0.001100	-24.204201
0.001200	-21.318399
0.001300	-20.356400
0.001400	-23.242300
0.001500	-22.280300
0.001600	-19.394501
0.001700	-20.356400
0.001800	-20.356400
0.001900	-24.685200
0.002000	-22.761299
0.002100	-23.242300
0.002200	-26.128099
0.002300	-22.280300
0.002400	-19.394501
0.002500	-28.052000
0.002600	-25.166201
0.002700	-18.432501
0.002800	-19.875401
0.002900	-26.128099
0.003000	-28.052000
0.003100	-24.685200
0.003200	-26.128099
0.003300	-27.090099
0.003400	-25.647100
0.003500	-30.456900
0.003600	-32.861698
0.003700	-26.609100
0.003800	-19.394501
0.003900	-23.723200
0.004000	-30.456900
0.004100	-30.937901
0.004200	-39.595402
0.004300	-39.595402
0.004400	-36.709499
0.004500	-33.823700
0.004600	-29.975901
0.004700	-31.899799
0.004800	-30.937901
0.004900	-26.128099
0.005000	-30.937901
0.005100	-34.785599
0.005200	-28.533001
0.005300	-29.975901
0.005400	-42.000301
0.005500	-41.519299
0.005600	-39.114399
0.005700	-35.747601
0.005800	-35.747601
0.005900	-39.114399
0.006000	-38.152500
0.006100	-38.633400
0.006200	-39.595402
0.006300	-43.443199
0.006400	-41.519299
0.006500	-31.899799
0.006600	-29.975901
0.006700	-33.823700
0.006800	-34.785599
0.006900	-34.785599
0.007000	-38.633400
0.007100	-37.671501
0.007200	-34.785599
0.007300	-41.519299
0.007400	-33.823700
0.007500	-26.128099
0.007600	-33.823700
0.007700	-41.519299
0.007800	-40.557301
0.007900	-44.405102
0.008000	-39.595402
0.008100	-39.595402
0.008200	-39.114399
0.008300	-36.228600
0.008400	-29.975901
0.008500	-32.380798
0.008600	-35.747601
0.008700	-38.633400
0.008800	-35.747601
0.008900	-33.823700
0.009000	-31.899799
0.009100	-37.190498
0.009200	-42.481201
0.009300	-42.481201
0.009400	-46.328999
0.009500	-43.443199
0.009600	-44.405102
0.009700	-43.924099
0.009800	-39.595402
0.009900	-41.519299
0.010000	-43.443199
0.010100	-43.443199
0.010200	-53.062698
0.010300	-54.986599
0.010400	-53.062698
0.010500	-53.062698
0.010600	-53.062698
0.010700	-54.024601
0.010800	-53.062698
0.010900	-46.810001
0.011000	-42.000301
0.011100	-33.342701
0.011200	-28.052000
0.011300	-26.128099
0.011400	-29.975901
0.011500	-32.861698
0.011600	-31.899799
0.011700	-29.014000
0.011800	-46.328999
0.011900	-56.910400
0.012000	-57.872398
0.012100	-61.239201
0.012200	-54.986599
0.012300	-53.062698
0.012400	-53.062698
0.012500	-62.682098
0.012600	-81.440102
0.012700	-92.021500
0.012800	-74.225502
0.012900	-53.062698
0.013000	-39.595402
0.013100	-44.405102
0.013200	-41.519299
0.013300	-42.962200
0.013400	-54.505600
0.013500	-58.834301
0.013600	-54.986599
0.013700	-87.692802
0.013800	-158.395996
0.013900	-185.811005
0.014000	-179.078003
0.014100	-179.078003
0.014200	-215.151001
0.014300	-227.656006
0.014400	-179.078003
0.014500	-163.686996
0.014600	-162.725006
0.014700	-167.533997
0.014800	-172.343994
0.014900	-155.990997
0.015000	-150.699997
0.015100	-127.133003
0.015200	-83.845001
0.015300	-46.328999
0.015400	-29.975901
0.015500	-11.698900
0.015600	13.311800
0.015700	35.436600
0.015800	43.132099
0.015900	30.145800
0.016000	-6.889150
0.016100	-53.062698
0.016200	-68.934799
0.016300	-57.872398
0.016400	-33.823700
0.016500	2.730330
0.016600	21.969299
0.016700	30.626801
0.016800	40.246300
0.016900	33.031700
0.017000	33.512699
0.017100	53.713600
0.017200	79.205200
0.017300	109.026001
0.017400	126.821999
0.017500	133.554993
0.017600	129.707001
0.017700	131.149994
0.017800	147.022995
0.017900	156.160995
0.018000	138.365005
0.018100	103.735001
0.018200	75.838402
0.018300	59.485298
0.018400	63.813999
0.018500	75.838402
0.018600	77.281303
0.018700	71.990601
0.018800	65.737900
0.018900	58.523300
0.019000	49.865799
0.019100	45.056000
0.019200	28.222000
0.019300	10.906900
0.019400	8.502020
0.019500	20.045401
0.019600	43.613098
0.019700	67.180801
0.019800	72.952499
0.019900	61.890099
0.020000	48.422901
0.020100	33.031700
0.020200	40.727299
0.020300	60.447201
0.020400	66.218903
0.020500	74.876404
0.020600	81.610100
0.020700	89.305603
0.020800	160.490005
0.020900	550.078979
0.021000	1102.239990
0.021100	846.840027
0.021200	460.136993
0.021300	698.218994
0.021400	981.031006
0.021500	791.528015
0.021600	62.371101
0.021700	-432.550995
0.021800	-272.386993
0.021900	-64.606003
0.022000	242.255005
0.022100	829.525024
0.022200	1028.170044
0.022300	886.760986
0.022400	827.119995
0.022500	793.452026
0.022600	708.799988
0.022700	658.778992
0.022800	619.338989
0.022900	522.663025
0.023000	464.464996
0.023100	461.098999
0.023200	433.683014
0.023300	407.709991
0.023400	393.281006
0.023500	362.498993
0.023600	251.875000
0.023700	137.403000
0.023800	297.085999
0.023900	414.444000
0.024000	359.613007
0.024100	318.730011
0.024200	310.072998
0.024300	290.352997
0.024400	244.660004
0.024500	39.284401
0.024600	164.337997
0.024700	881.950989
0.024800	971.893005
0.024900	682.346985
0.025000	625.111023
0.025100	599.138000
0.025200	520.257996
0.025300	497.171997
0.025400	456.769989
0.025500	395.204987
0.025600	360.575012
0.025700	344.221985
0.025800	309.110992
0.025900	253.798996
0.026000	213.397003
0.026100	205.701004
0.026200	167.703995
0.026300	120.087997
0.026400	105.658997
0.026500	99.887100
0.026600	131.630997
0.026700	129.225998
0.026800	67.661797
0.026900	29.664900
0.027000	11.387900
0.027100	-10.736900
0.027200	-16.989599
0.027300	3.692280
0.027400	12.349800
0.027500	67.661797
0.027600	212.434998
0.027700	297.085999
0.027800	274.000000
0.027900	244.179001
0.028000	267.747009
0.028100	302.377014
0.028200	288.428986
0.028300	170.589996
0.028400	-1149.680054
0.028500	-2890.330078
0.028600	-2237.169922
0.028700	-1045.790039
0.028800	-804.825012
0.028900	-688.909973
0.029000	-472.471985
0.029100	-364.734009
0.029200	-311.346008
0.029300	-256.996002
0.029400	-225.731995
0.029500	-203.608002
0.029600	-190.621002
0.029700	-174.268005
0.029800	-161.281998
0.029900	-137.714005
0.030000	-108.856003
0.030100	-85.768898
0.030200	-73.263603
0.030300	-64.606003
0.030400	-58.834301
0.030500	-53.062698
0.030600	-41.519299
0.030700	-14.584700
0.030800	14.754700
0.030900	40.727299
0.031000	54.675499
0.031100	63.333099
0.031200	70.066704
0.031300	89.305603
0.031400	112.391998
0.031500	135.479004
0.031600	142.212997
0.031700	138.365005
0.031800	131.149994
0.031900	131.630997
0.032000	144.617996
0.032100	161.451996
0.032200	174.919006
0.032300	198.487000
0.032400	210.992004
0.032500	193.195999
0.032600	188.386002
0.032700	187.904999
0.032800	193.195999
0.032900	192.233994
0.033000	202.815994
0.033100	214.839996
0.033200	211.473007
0.033300	193.195999
0.033400	188.386002
0.033500	187.423996
0.033600	187.423996
0.033700	191.272003
0.033800	204.738998
0.033900	216.283005
0.034000	212.434998
0.034100	191.272003
0.034200	174.919006
0.034300	172.994995
0.034400	164.337997
0.034500	151.832001
0.034600	149.908005
0.034700	142.694000
0.034800	130.669006
0.034900	103.253998
0.035000	90.267601
0.035100	101.810997
0.035200	113.353996
0.035300	119.125999
0.035400	126.341003
0.035500	133.074005
0.035600	119.125999
0.035700	91.229500
0.035800	70.066704
0.035900	66.218903
0.036000	58.042301
0.036100	48.903801
0.036200	46.499001
0.036300	64.294998
0.036400	77.281303
0.036500	80.167099
0.036600	89.305603
0.036700	98.925102
0.036800	93.153397
0.036900	81.610100
0.037000	66.699898
0.037100	43.613098
0.037200	25.817101
0.037300	34.474602
0.037400	39.284401
0.037500	37.841400
0.037600	44.094101
0.037700	58.523300
0.037800	65.256897
0.037900	63.333099
0.038000	54.675499
0.038100	43.613098
0.038200	49.865799
0.038300	67.661797
0.038400	79.686203
0.038500	76.800301
0.038600	79.686203
0.038700	71.028603
0.038800	63.333099
0.038900	60.447201
0.039000	61.409199
0.039100	58.523300
0.039200	56.599400
0.039300	49.865799
0.039400	44.094101
0.039500	35.436600
0.039600	34.474602
0.039700	30.626801
0.039800	27.260000
0.039900	31.588800
0.040000	33.031700
0.040100	46.499001
0.040200	52.270699
0.040300	58.042301
0.040400	70.066704
0.040500	81.610100
0.040600	85.938797
0.040700	76.800301
0.040800	72.952499
0.040900	72.471603
0.041000	61.409199
0.041100	58.523300
0.041200	60.447201
0.041300	65.256897
0.041400	79.205200
0.041500	81.610100
0.041600	70.066704
0.041700	66.218903
0.041800	72.471603
0.041900	78.724197
0.042000	84.495903
0.042100	91.229500
0.042200	95.077301
0.042300	96.039299
0.042400	97.001198
0.042500	97.001198
0.042600	87.381798
0.042700	89.305603
0.042800	91.710503
0.042900	85.457901
0.043000	79.205200
0.043100	70.066704
0.043200	63.333099
0.043300	68.623802
0.043400	72.952499
0.043500	72.471603
0.043600	86.419800
0.043700	104.696999
0.043800	117.202003
0.043900	116.239998
0.044000	121.050003
0.044100	127.783997
0.044200	143.175003
0.044300	144.136993
0.044400	133.074005
0.044500	108.544998
0.044600	89.305603
0.044700	104.216003
0.044800	116.721001
0.044900	107.583000
0.045000	112.873001
0.045100	108.064003
0.045200	89.305603
0.045300	87.381798
0.045400	89.305603
0.045500	89.305603
0.045600	78.724197
0.045700	76.800301
0.045800	86.419800
0.045900	83.533997
0.046000	75.838402
0.046100	90.748596
0.046200	98.925102
0.046300	106.621002
0.046400	147.983994
0.046500	165.300003
0.046600	129.707001
0.046700	96.039299
0.046800	90.267601
0.046900	115.278000
0.047000	131.149994
0.047100	125.860001
0.047200	122.973999
0.047300	165.781006
0.047400	220.130997
0.047500	179.729004
0.047600	102.773003
0.047700	127.783997
0.047800	151.350998
0.047900	154.718002
0.048000	181.171997
0.048100	177.804993
0.048200	182.134003
0.048300	199.929993
0.048400	261.013000
0.048500	429.834991
0.048600	305.263000
0.048700	109.507004
0.048800	152.794006
0.048900	152.313004
0.049000	123.935997
0.049100	127.783997
0.049200	84.014900
0.049300	91.229500
0.049400	79.205200
0.049500	12.349800
0.049600	14.273700
0.049700	26.778999
0.049800	66.699898
0.049900	84.976898
0.050000	32.550701
0.050100	21.007299
0.050200	40.246300
0.050300	50.827702
0.050400	60.447201
0.050500	57.561401
0.050600	42.170200
0.050700	42.170200
0.050800	50.827702
0.050900	69.104698
0.051000	76.800301
0.051100	77.762299
0.051200	87.381798
0.051300	90.267601
0.051400	89.305603
0.051500	91.229500
0.051600	97.001198
0.051700	110.469002
0.051800	109.507004
0.051900	108.544998
0.052000	92.191498
0.052100	82.571999
0.052200	76.800301
0.052300	67.180801
0.052400	52.751598
0.052500	51.789700
0.052600	45.056000
0.052700	29.664900
0.052800	34.955601
0.052900	45.056000
0.053000	58.523300
0.053100	69.104698
0.053200	70.066704
0.053300	65.256897
0.053400	69.104698
0.053500	66.218903
0.053600	54.675499
0.053700	52.751598
0.053800	62.371101
0.053900	69.104698
0.054000	70.066704
0.054100	81.610100
0.054200	84.495903
0.054300	94.596397
0.054400	113.353996
0.054500	121.050003
0.054600	113.834999
0.054700	164.819000
0.054800	507.752991
0.054900	421.178009
0.055000	-224.289001
0.055100	-40.557301
0.055200	171.070999
0.055300	29.664900
0.055400	5.616170
0.055500	49.384800
0.055600	40.246300
0.055700	42.170200
0.055800	59.004299
0.055900	62.371101
0.056000	60.447201
0.056100	73.433502
0.056200	98.444199
0.056300	120.087997
0.056400	112.391998
0.056500	118.164001
0.056600	131.630997
0.056700	114.796997
0.056800	102.773003
0.056900	95.077301
0.057000	87.381798
0.057100	76.800301
0.057200	70.066704
0.057300	62.371101
0.057400	58.523300
0.057500	58.523300
0.057600	60.447201
0.057700	57.561401
0.057800	60.447201
0.057900	70.066704
0.058000	73.914497
0.058100	68.142799
0.058200	73.914497
0.058300	85.457901
0.058400	84.495903
0.058500	101.810997
0.058600	121.530998
0.058700	116.239998
0.058800	114.316002
0.058900	273.037994
0.059000	421.658997
0.059100	299.490997
0.059200	193.195999
0.059300	193.195999
0.059400	175.880997
0.059500	146.061005
0.059600	130.669006
0.059700	120.087997
0.059800	117.202003
0.059900	113.834999
0.060000	103.735001
0.060100	90.267601
0.060200	93.153397
0.060300	95.077301
0.060400	73.433502
0.060500	119.125999
0.060600	154.718002
0.060700	119.125999
0.060800	78.724197
0.060900	87.381798
0.061000	103.735001
0.061100	99.887100
0.061200	99.887100
0.061300	101.810997
0.061400	105.658997
0.061500	104.216003
0.061600	100.848999
0.061700	82.091003
0.061800	-70.377701
0.061900	-186.772995
0.062000	-57.872398
0.062100	36.879501
0.062200	27.740999
0.062300	27.740999
0.062400	57.561401
0.062500	64.294998
0.062600	46.979900
0.062700	33.512699
0.062800	-6.889150
0.062900	-8.813050
0.063000	39.284401
0.063100	56.599400
0.063200	43.132099
0.063300	44.094101
0.063400	56.599400
0.063500	54.675499
0.063600	49.865799
0.063700	51.308701
0.063800	57.561401
0.063900	62.852100
0.064000	60.447201
0.064100	54.675499
0.064200	50.827702
0.064300	57.561401
0.064400	81.610100
0.064500	79.686203
0.064600	47.941898
0.064700	29.664900
0.064800	25.336100
0.064900	23.412201
0.065000	18.121500
0.065100	19.083401
0.065200	30.626801
0.065300	35.436600
0.065400	29.664900
0.065500	25.817101
0.065600	33.031700
0.065700	42.651199
0.065800	45.536999
0.065900	42.170200
0.066000	42.170200
0.066100	40.246300
0.066200	43.132099
0.066300	49.384800
0.066400	58.523300
0.066500	63.333099
0.066600	48.903801
0.066700	48.903801
0.066800	48.903801
0.066900	54.675499
0.067000	60.447201
0.067100	62.371101
0.067200	72.952499
0.067300	69.104698
0.067400	48.903801
0.067500	29.664900
0.067600	13.311800
0.067700	9.463970
0.067800	16.197599
0.067900	15.235700
0.068000	35.436600
0.068100	51.789700
0.068200	33.512699
0.068300	5.616170
0.068400	6.097150
0.068500	10.906900
0.068600	10.906900
0.068700	13.311800
0.068800	19.083401
0.068900	35.436600
0.069000	39.284401
0.069100	31.588800
0.069200	27.260000
0.069300	25.817101
0.069400	27.260000
0.069500	30.626801
0.069600	27.740999
0.069700	18.602501
0.069800	6.097150
0.069900	1.768380
0.070000	2.730330
0.070100	1.768380
0.070200	-4.965250
0.070300	-6.889150
0.070400	-4.003310
0.070500	-3.041360
0.070600	-1.598440
0.070700	0.806433
0.070800	2.730330
0.070900	8.502020
0.071000	19.083401
0.071100	26.778999
0.071200	33.512699
0.071300	50.346802
0.071400	61.409199
0.071500	46.979900
0.071600	35.436600
0.071700	38.322399
0.071800	53.713600
0.071900	52.751598
0.072000	39.284401
0.072100	34.474602
0.072200	26.778999
0.072300	18.121500
0.072400	8.021040
0.072500	5.135200
0.072600	-2.079410
0.072700	-1.117460
0.072800	3.692280
0.072900	6.578120
0.073000	9.944940
0.073100	-5.927200
0.073200	-100.197998
0.073300	-42.481201
0.073400	126.821999
0.073500	72.952499
0.073600	-2.079410
0.073700	17.640499
0.073800	23.893200
0.073900	19.083401
0.074000	29.664900
0.074100	40.727299
0.074200	41.689201
0.074300	39.284401
0.074400	38.322399
0.074500	40.246300
0.074600	33.993599
0.074700	44.575100
0.074800	46.979900
0.074900	43.613098
0.075000	37.360500
0.075100	31.588800
0.075200	24.855101
0.075300	18.121500
0.075400	16.197599
0.075500	12.830800
0.075600	10.425900
0.075700	6.097150
0.075800	7.540070
0.075900	11.868800
0.076000	19.564400
0.076100	25.336100
0.076200	23.893200
0.076300	23.412201
0.076400	23.412201
0.076500	21.969299
0.076600	20.045401
0.076700	28.222000
0.076800	50.346802
0.076900	58.523300
0.077000	54.194500
0.077100	50.827702
0.077200	49.865799
0.077300	47.941898
0.077400	52.751598
0.077500	60.928200
0.077600	52.270699
0.077700	42.651199
0.077800	34.474602
0.077900	20.045401
0.078000	17.640499
0.078100	17.159500
0.078200	10.425900
0.078300	17.159500
0.078400	24.855101
0.078500	27.260000
0.078600	27.740999
0.078700	36.398499
0.078800	47.941898
0.078900	52.751598
0.079000	59.485298
0.079100	60.447201
0.079200	64.776001
0.079300	68.142799
0.079400	74.876404
0.079500	74.876404
0.079600	66.218903
0.079700	61.890099
0.079800	62.371101
0.079900	52.751598
0.080000	43.132099
0.080100	29.183901
0.080200	21.969299
0.080300	16.197599
0.080400	10.425900
0.080500	4.654230
0.080600	8.502020
0.080700	12.349800
0.080800	17.159500
0.080900	23.893200
0.081000	22.450300
0.081100	21.007299
0.081200	26.778999
0.081300	46.018002
0.081400	54.194500
0.081500	46.979900
0.081600	48.903801
0.081700	59.485298
0.081800	63.333099
0.081900	60.447201
0.082000	58.523300
0.082100	62.371101
0.082200	64.776001
0.082300	64.776001
0.082400	61.409199
0.082500	58.042301
0.082600	54.675499
0.082700	55.637501
0.082800	61.409199
0.082900	53.713600
0.083000	35.436600
0.083100	27.260000
0.083200	32.550701
0.083300	37.360500
0.083400	23.893200
0.083500	14.754700
0.083600	7.059100
0.083700	8.502020
0.083800	12.349800
0.083900	12.830800
0.084000	11.387900
0.084100	18.121500
0.084200	28.702900
0.084300	31.107800
0.084400	29.664900
0.084500	33.031700
0.084600	41.208199
0.084700	39.284401
0.084800	38.322399
0.084900	40.727299
0.085000	48.903801
0.085100	46.979900
0.085200	46.018002
0.085300	45.056000
0.085400	48.903801
0.085500	41.689201
0.085600	25.817101
0.085700	14.273700
0.085800	7.540070
0.085900	6.578120
0.086000	2.249360
0.086100	0.325459
0.086200	2.730330
0.086300	11.868800
0.086400	16.197599
0.086500	18.121500
0.086600	19.083401
0.086700	23.893200
0.086800	37.360500
0.086900	43.613098
0.087000	45.056000
0.087100	36.398499
0.087200	29.664900
0.087300	34.474602
0.087400	46.979900
0.087500	48.422901
0.087600	40.727299
0.087700	37.360500
0.087800	27.740999
0.087900	14.273700
0.088000	8.021040
0.088100	-4.965250
0.088200	-15.546700
0.088300	-16.508600
0.088400	-15.065700
0.088500	-10.736900
0.088600	-4.965250
0.088700	-4.003310
0.088800	-5.927200
0.088900	-4.965250
0.089000	-0.155515
0.089100	4.654230
0.089200	14.273700
0.089300	27.740999
0.089400	38.322399
0.089500	35.436600
0.089600	31.107800
0.089700	32.550701
0.089800	33.512699
0.089900	27.740999
0.090000	25.336100
0.090100	22.931200
0.090200	20.045401
0.090300	21.969299
0.090400	22.931200
0.090500	18.602501
0.090600	15.235700
0.090700	7.540070
0.090800	-0.155515
0.090900	-4.003310
0.091000	-8.332070
0.091100	-4.484280
0.091200	-4.003310
0.091300	6.578120
0.091400	6.097150
0.091500	-2.079410
0.091600	-1.117460
0.091700	9.944940
0.091800	29.664900
0.091900	32.550701
0.092000	25.336100
0.092100	21.007299
0.092200	20.045401
0.092300	21.969299
0.092400	23.893200
0.092500	21.007299
0.092600	20.526400
0.092700	17.640499
0.092800	8.502020
0.092900	-1.117460
0.093000	-2.079410
0.093100	-4.965250
0.093200	-7.851100
0.093300	-11.217900
0.093400	-5.446230
0.093500	-3.041360
0.093600	-5.927200
0.093700	-8.332070
0.093800	-7.851100
0.093900	-1.117460
0.094000	14.273700
0.094100	16.197599
0.094200	20.045401
0.094300	19.564400
0.094400	21.007299
0.094500	20.526400
0.094600	26.778999
0.094700	27.740999
0.094800	21.969299
0.094900	21.969299
0.095000	23.893200
0.095100	21.969299
0.095200	20.045401
0.095300	25.817101
0.095400	35.436600
0.095500	26.778999
0.095600	7.540070
0.095700	-4.003310
0.095800	-10.736900
0.095900	-17.470600
0.096000	-18.913500
0.096100	-22.280300
0.096200	-27.090099
0.096300	-24.685200
0.096400	-20.356400
0.096500	-18.432501
0.096600	-13.141800
0.096700	-9.774990
0.096800	2.249360
0.096900	12.349800
0.097000	12.349800
0.097100	15.235700
0.097200	22.450300
0.097300	24.855101
0.097400	29.664900
0.097500	31.588800
0.097600	19.083401
0.097700	17.159500
0.097800	20.045401
0.097900	24.374201
0.098000	23.893200
0.098100	17.640499
0.098200	13.792700
0.098300	11.387900
0.098400	23.893200
0.098500	23.893200
0.098600	-1.117460
0.098700	-4.965250
0.098800	-2.079410
0.098900	-0.155515
0.099000	10.425900
0.099100	17.640499
0.099200	19.083401
0.099300	21.007299
0.099400	22.931200
0.099500	19.564400
0.099600	19.083401
0.099700	21.488300
0.099800	22.450300
0.099900	20.526400
0.100000	23.893200
0.100100	22.931200
0.100200	15.235700
0.100300	2.730330
0.100400	-6.889150
0.100500	-10.256000
0.100600	-17.470600
0.100700	-27.090099
0.100800	-28.052000
0.100900	-30.937901
0.101000	-31.899799
0.101100	-18.432501
0.101200	3.692280
0.101300	4.654230
0.101400	-8.332070
0.101500	-10.736900
0.101600	-1.598440
0.101700	14.273700
0.101800	18.121500
0.101900	21.007299
0.102000	21.969299
0.102100	21.969299
0.102200	23.893200
0.102300	25.336100
0.102400	21.007299
0.102500	18.121500
0.102600	22.931200
0.102700	27.740999
0.102800	24.374201
0.102900	21.007299
0.103000	19.083401
0.103100	15.716600
0.103200	4.654230
0.103300	-8.813050
0.103400	-16.508600
0.103500	-18.432501
0.103600	-28.533001
0.103700	-35.747601
0.103800	-29.975901
0.103900	-17.470600
0.104000	-11.698900
0.104100	3.692280
0.104200	28.222000
0.104300	30.145800
0.104400	11.868800
0.104500	4.654230
0.104600	9.463970
0.104700	15.716600
0.104800	22.450300
0.104900	30.626801
0.105000	29.183901
0.105100	21.969299
0.105200	18.602501
0.105300	22.931200
0.105400	23.893200
0.105500	21.007299
0.105600	7.540070
0.105700	-2.079410
0.105800	-3.522330
0.105900	-4.965250
0.106000	-9.774990
0.106100	-13.141800
0.106200	-11.698900
0.106300	-10.736900
0.106400	-4.965250
0.106500	3.692280
0.106600	8.502020
0.106700	14.273700
0.106800	18.121500
0.106900	16.678600
0.107000	20.045401
0.107100	22.450300
0.107200	20.045401
0.107300	16.197599
0.107400	14.273700
0.107500	11.387900
0.107600	11.387900
0.107700	10.906900
0.107800	4.654230
0.107900	-10.736900
0.108000	-19.394501
0.108100	-24.685200
0.108200	-29.975901
0.108300	-34.304699
0.108400	-33.823700
0.108500	-31.899799
0.108600	-29.975901
0.108700	-24.204201
0.108800	-20.356400
0.108900	-18.432501
0.109000	-8.332070
0.109100	-4.484280
0.109200	0.806433
0.109300	16.197599
0.109400	39.284401
0.109500	39.284401
0.109600	17.159500
0.109700	10.425900
0.109800	15.235700
0.109900	17.159500
0.110000	17.159500
0.110100	12.349800
0.110200	9.944940
0.110300	9.944940
0.110400	12.830800
0.110500	11.868800
0.110600	2.730330
0.110700	-18.432501
0.110800	-28.533001
0.110900	-25.166201
0.111000	-25.166201
0.111100	-32.380798
0.111200	-28.533001
0.111300	-17.470600
0.111400	-15.065700
0.111500	-11.698900
0.111600	-10.736900
0.111700	-3.041360
0.111800	5.616170
0.111900	6.578120
0.112000	10.425900
0.112100	13.792700
0.112200	14.273700
0.112300	11.387900
0.112400	12.349800
0.112500	12.349800
0.112600	9.944940
0.112700	12.349800
0.112800	14.273700
0.112900	9.463970
0.113000	-3.041360
0.113100	-8.332070
0.113200	-10.736900
0.113300	-16.508600
0.113400	-16.989599
0.113500	-16.508600
0.113600	-22.280300
0.113700	-23.242300
0.113800	-16.989599
0.113900	-6.889150
0.114000	2.730330
0.114100	6.578120
0.114200	7.059100
0.114300	8.502020
0.114400	8.502020
0.114500	10.425900
0.114600	6.578120
0.114700	6.578120
0.114800	7.540070
0.114900	11.387900
0.115000	17.159500
0.115100	20.045401
0.115200	16.197599
0.115300	8.502020
0.115400	0.806433
0.115500	-10.736900
0.115600	-18.432501
0.115700	-14.584700
0.115800	-18.432501
0.115900	-22.280300
0.116000	-18.432501
0.116100	-11.698900
0.116200	-7.851100
0.116300	-4.484280
0.116400	-4.484280
0.116500	1.768380
0.116600	1.768380
0.116700	10.425900
0.116800	20.045401
0.116900	25.817101
0.117000	25.817101
0.117100	23.893200
0.117200	21.488300
0.117300	21.007299
0.117400	21.488300
0.117500	21.969299
0.117600	21.007299
0.117700	20.045401
0.117800	17.159500
0.117900	18.121500
0.118000	14.273700
0.118100	0.806433
0.118200	-4.965250
0.118300	-10.256000
0.118400	-13.622800
0.118500	-14.103800
0.118600	-18.913500
0.118700	-15.546700
0.118800	-17.470600
0.118900	-6.889150
0.119000	2.249360
0.119100	7.540070
0.119200	7.540070
0.119300	12.830800
0.119400	15.235700
0.119500	13.792700
0.119600	15.235700
0.119700	14.273700
0.119800	14.273700
0.119900	12.349800
0.120000	11.868800
0.120100	13.792700
0.120200	13.311800
0.120300	9.944940
0.120400	2.249360
0.120500	-7.851100
0.120600	-10.256000
0.120700	-13.622800
0.120800	-15.546700
0.120900	-16.508600
0.121000	-13.622800
0.121100	-5.927200
0.121200	-4.965250
0.121300	0.806433
0.121400	10.425900
0.121500	16.197599
0.121600	15.716600
0.121700	18.121500
0.121800	21.007299
0.121900	12.349800
0.122000	5.616170
0.122100	7.059100
0.122200	14.273700
0.122300	10.425900
0.122400	6.578120
0.122500	6.578120
0.122600	8.502020
0.122700	6.578120
0.122800	-4.965250
0.122900	-15.546700
0.123000	-17.470600
0.123100	-23.242300
0.123200	-29.014000
0.123300	-24.204201
0.123400	-18.432501
0.123500	-13.622800
0.123600	-11.698900
0.123700	-13.141800
0.123800	-8.813050
0.123900	-3.522330
0.124000	1.768380
0.124100	6.097150
0.124200	15.235700
0.124300	12.830800
0.124400	8.502020
0.124500	8.502020
0.124600	7.540070
0.124700	8.502020
0.124800	11.868800
0.124900	15.235700
0.125000	11.868800
0.125100	8.502020
0.125200	11.387900
0.125300	6.578120
0.125400	0.806433
0.125500	-1.598440
0.125600	-6.889150
0.125700	-13.622800
0.125800	-15.546700
0.125900	-14.584700
0.126000	-14.584700
0.126100	-12.179900
0.126200	-0.636489
0.126300	1.768380
0.126400	-1.117460
0.126500	4.173250
0.126600	6.578120
0.126700	8.502020
0.126800	7.540070
0.126900	8.021040
0.127000	12.830800
0.127100	12.349800
0.127200	10.425900
0.127300	10.425900
0.127400	8.021040
0.127500	6.578120
0.127600	6.578120
0.127700	6.578120
0.127800	-0.636489
0.127900	-4.965250
0.128000	-6.408180
0.128100	-6.889150
0.128200	-12.660800
0.128300	-16.508600
0.128400	-9.774990
0.128500	-10.256000
0.128600	-7.851100
0.128700	-7.370120
0.128800	-4.003310
0.128900	-8.813050
0.129000	-5.927200
0.129100	-4.003310
0.129200	-3.041360
0.129300	-2.079410
0.129400	-1.117460
0.129500	1.287410
0.129600	-0.636489
0.129700	-1.117460
0.129800	6.097150
0.129900	10.425900
0.130000	4.654230
0.130100	1.768380
0.130200	0.806433
0.130300	0.806433
0.130400	1.768380
0.130500	-3.041360
0.130600	-3.041360
0.130700	2.730330
0.130800	0.325459
0.130900	-1.117460
0.131000	-1.117460
0.131100	4.173250
0.131200	5.135200
0.131300	4.654230
0.131400	4.654230
0.131500	5.135200
0.131600	8.502020
0.131700	3.692280
0.131800	2.730330
0.131900	-0.636489
0.132000	-3.041360
0.132100	-0.155515
0.132200	2.249360
0.132300	-0.636489
0.132400	-2.079410
0.132500	-4.484280
0.132600	-4.965250
0.132700	-2.560380
0.132800	2.730330
0.132900	3.692280
0.133000	2.730330
0.133100	8.502020
0.133200	11.387900
0.133300	4.654230
0.133400	1.768380
0.133500	3.692280
0.133600	1.287410
0.133700	-1.117460
0.133800	-0.155515
0.133900	-3.041360
0.134000	-3.522330
0.134100	-0.636489
0.134200	-0.155515
0.134300	-3.041360
0.134400	3.692280
0.134500	2.730330
0.134600	0.325459
0.134700	2.249360
0.134800	4.654230
0.134900	0.806433
0.135000	-1.117460
0.135100	-1.117460
0.135200	-2.079410
0.135300	-0.155515
0.135400	2.730330
0.135500	1.768380
0.135600	0.806433
0.135700	-2.079410
0.135800	2.730330
0.135900	4.654230
0.136000	3.692280
0.136100	4.654230
0.136200	4.654230
0.136300	5.616170
0.136400	10.425900
0.136500	7.059100
0.136600	0.806433
0.136700	4.654230
0.136800	4.654230
0.136900	3.692280
0.137000	2.249360
0.137100	5.616170
0.137200	4.173250
0.137300	4.654230
0.137400	5.616170
0.137500	7.540070
0.137600	8.502020
0.137700	6.578120
0.137800	8.021040
0.137900	7.540070
0.138000	5.616170
0.138100	6.097150
0.138200	6.578120
0.138300	3.692280
0.138400	2.730330
0.138500	5.616170
0.138600	8.502020
0.138700	4.654230
0.138800	8.502020
0.138900	11.868800
0.139000	12.349800
0.139100	8.502020
0.139200	5.616170
0.139300	4.654230
0.139400	6.097150
0.139500	3.692280
0.139600	2.730330
0.139700	5.616170
0.139800	4.654230
0.139900	3.692280
0.140000	2.730330
0.140100	2.730330
0.140200	6.578120
0.140300	7.059100
0.140400	7.540070
0.140500	4.654230
0.140600	0.806433
0.140700	-1.117460
0.140800	2.249360
0.140900	4.654230
0.141000	6.097150
0.141100	4.654230
0.141200	-3.041360
0.141300	-0.155515
0.141400	4.654230
0.141500	7.540070
0.141600	8.502020
0.141700	7.540070
0.141800	5.616170
0.141900	2.730330
0.142000	4.654230
0.142100	6.578120
0.142200	2.249360
0.142300	2.730330
0.142400	3.211300
0.142500	5.616170
0.142600	2.730330
0.142700	9.463970
0.142800	7.059100
0.142900	4.654230
0.143000	8.502020
0.143100	9.944940
0.143200	8.502020
0.143300	4.654230
0.143400	1.768380
0.143500	3.692280
0.143600	4.654230
0.143700	3.692280
0.143800	7.540070
0.143900	8.021040
0.144000	6.578120
0.144100	6.097150
0.144200	12.349800
0.144300	10.906900
0.144400	4.654230
0.144500	0.806433
0.144600	3.692280
0.144700	2.249360
0.144800	6.578120
0.144900	3.692280
0.145000	4.654230
0.145100	4.654230
0.145200	5.616170
0.145300	7.059100
0.145400	10.425900
0.145500	11.868800
0.145600	8.502020
0.145700	7.540070
0.145800	4.654230
0.145900	2.730330
0.146000	3.692280
0.146100	4.173250
0.146200	4.654230
0.146300	2.730330
0.146400	2.249360
0.146500	4.654230
0.146600	2.730330
0.146700	8.502020
0.146800	6.578120
0.146900	8.021040
0.147000	6.578120
0.147100	-0.155515
0.147200	-0.155515
0.147300	1.768380
0.147400	5.616170
0.147500	1.287410
0.147600	1.768380
0.147700	2.730330
0.147800	4.654230
0.147900	5.135200
0.148000	8.502020
0.148100	5.616170
0.148200	5.135200
0.148300	5.135200
0.148400	3.692280
0.148500	1.768380
0.148600	6.578120
0.148700	2.730330
0.148800	2.249360
0.148900	4.654230
0.149000	4.173250
0.149100	4.173250
0.149200	8.502020
0.149300	12.349800
0.149400	8.502020
0.149500	4.654230
0.149600	4.654230
0.149700	6.578120
0.149800	3.692280
0.149900	1.768380
0.150000	4.173250
0.150100	8.021040
0.150200	8.502020
0.150300	6.578120
0.150400	9.944940
0.150500	8.502020
0.150600	7.540070
0.150700	7.059100
0.150800	7.540070
0.150900	9.944940
0.151000	4.654230
0.151100	4.654230
0.151200	8.502020
0.151300	6.578120
0.151400	4.654230
0.151500	8.021040
0.151600	8.502020
0.151700	6.578120
0.151800	7.059100
0.151900	7.540070
0.152000	8.982990
0.152100	8.502020
0.152200	3.692280
0.152300	3.692280
0.152400	5.616170
0.152500	6.578120
0.152600	13.311800
0.152700	13.311800
0.152800	5.616170
0.152900	6.097150
0.153000	12.349800
0.153100	10.906900
0.153200	7.540070
0.153300	4.654230
0.153400	4.654230
0.153500	5.616170
0.153600	4.654230
0.153700	2.730330
0.153800	3.692280
0.153900	8.502020
0.154000	6.578120
0.154100	4.654230
0.154200	4.654230
0.154300	4.654230
0.154400	4.654230
0.154500	7.540070
0.154600	10.425900
0.154700	8.021040
0.154800	8.021040
0.154900	8.021040
0.155000	6.578120
0.155100	8.502020
0.155200	8.502020
0.155300	6.097150
0.155400	8.502020
0.155500	6.097150
0.155600	2.730330
0.155700	4.654230
0.155800	8.502020
0.155900	11.387900
0.156000	8.502020
0.156100	3.692280
0.156200	7.540070
0.156300	8.502020
0.156400	6.578120
0.156500	5.616170
0.156600	4.654230
0.156700	0.806433
0.156800	6.097150
0.156900	4.654230
0.157000	4.654230
0.157100	12.349800
0.157200	8.502020
0.157300	7.540070
0.157400	6.097150
0.157500	8.502020
0.157600	7.540070
0.157700	6.578120
0.157800	5.135200
0.157900	5.616170
0.158000	6.578120
0.158100	6.578120
0.158200	5.616170
0.158300	11.387900
0.158400	10.906900
0.158500	3.692280
0.158600	1.768380
0.158700	0.806433
0.158800	3.692280
0.158900	3.692280
0.159000	5.616170
0.159100	4.654230
0.159200	2.730330
0.159300	5.616170
0.159400	7.059100
0.159500	7.540070
0.159600	3.692280
0.159700	4.654230
0.159800	8.021040
0.159900	7.540070
0.160000	-0.155515
0.160100	2.249360
0.160200	8.021040
0.160300	8.502020
0.160400	2.730330
0.160500	3.692280
0.160600	7.540070
0.160700	5.616170
0.160800	4.654230
0.160900	8.502020
0.161000	5.616170
0.161100	4.654230
0.161200	8.502020
0.161300	8.982990
0.161400	5.616170
0.161500	5.135200
0.161600	6.097150
0.161700	6.578120
0.161800	5.616170
0.161900	4.654230
0.162000	5.616170
0.162100	10.906900
0.162200	8.502020
0.162300	4.654230
0.162400	6.578120
0.162500	8.502020
0.162600	7.540070
0.162700	7.540070
0.162800	7.540070
0.162900	8.502020
0.163000	9.944940
0.163100	8.502020
0.163200	5.616170
0.163300	5.616170
0.163400	6.578120
0.163500	5.135200
0.163600	5.616170
0.163700	8.502020
0.163800	8.502020
0.163900	6.097150
0.164000	6.578120
0.164100	7.540070
0.164200	9.944940
0.164300	8.502020
0.164400	7.540070
0.164500	9.463970
0.164600	10.425900
0.164700	11.868800
0.164800	6.578120
0.164900	2.730330
0.165000	7.059100
0.165100	8.502020
0.165200	4.654230
0.165300	3.692280
0.165400	0.806433
0.165500	4.654230
0.165600	4.654230
0.165700	3.211300
0.165800	3.692280
0.165900	4.654230
0.166000	9.944940
0.166100	6.578120
0.166200	0.806433
0.166300	3.692280
0.166400	5.616170
0.166500	4.654230
0.166600	4.173250
0.166700	4.654230
0.166800	6.578120
0.166900	10.425900
0.167000	6.578120
0.167100	6.578120
0.167200	5.616170
0.167300	4.654230
0.167400	2.730330
0.167500	0.806433
0.167600	5.135200
0.167700	9.944940
0.167800	6.578120
0.167900	0.806433
0.168000	1.768380
0.168100	4.654230
0.168200	8.502020
0.168300	8.502020
0.168400	2.730330
0.168500	2.730330
0.168600	10.425900
0.168700	4.173250
0.168800	7.540070
0.168900	10.425900
0.169000	10.425900
0.169100	8.502020
0.169200	5.616170
0.169300	6.578120
0.169400	3.692280
0.169500	6.578120
0.169600	6.578120
0.169700	7.540070
0.169800	4.654230
0.169900	4.173250
0.170000	8.982990
0.170100	7.059100
0.170200	4.654230
0.170300	4.654230
0.170400	5.616170
0.170500	4.654230
0.170600	4.654230
0.170700	7.540070
0.170800	7.059100
0.170900	8.502020
0.171000	6.097150
0.171100	7.540070
0.171200	4.654230
0.171300	4.654230
0.171400	7.540070
0.171500	10.425900
0.171600	6.578120
0.171700	3.692280
0.171800	3.692280
0.171900	4.654230
0.172000	4.654230
0.172100	4.654230
0.172200	4.654230
0.172300	4.654230
0.172400	6.578120
0.172500	8.021040
0.172600	8.502020
0.172700	3.211300
0.172800	7.540070
0.172900	6.578120
0.173000	5.616170
0.173100	3.692280
0.173200	3.692280
0.173300	8.021040
0.173400	9.944940
0.173500	9.944940
0.173600	8.021040
0.173700	4.654230
0.173800	5.616170
0.173900	4.654230
0.174000	3.211300
0.174100	3.692280
0.174200	7.540070
0.174300	8.502020
0.174400	3.692280
0.174500	3.692280
0.174600	4.654230
0.174700	7.540070
0.174800	3.692280
0.174900	4.654230
0.175000	9.463970
0.175100	12.349800
0.175200	12.349800
0.175300	9.944940
0.175400	10.906900
0.175500	9.463970
0.175600	6.578120
0.175700	7.059100
0.175800	8.021040
0.175900	8.021040
0.176000	7.540070
0.176100	6.097150
0.176200	6.578120
0.176300	7.540070
0.176400	8.502020
0.176500	7.540070
0.176600	11.868800
0.176700	11.387900
0.176800	8.502020
0.176900	8.502020
0.177000	5.616170
0.177100	5.616170
0.177200	9.463970
0.177300	7.059100
0.177400	5.616170
0.177500	4.654230
0.177600	7.540070
0.177700	4.654230
0.177800	6.097150
0.177900	9.944940
0.178000	6.578120
0.178100	2.730330
0.178200	3.211300
0.178300	6.578120
0.178400	4.654230
0.178500	4.654230
0.178600	2.730330
0.178700	2.730330
0.178800	9.463970
0.178900	10.425900
0.179000	7.059100
0.179100	8.021040
0.179200	11.387900
0.179300	4.654230
0.179400	4.654230
0.179500	4.654230
0.179600	1.768380
0.179700	2.730330
0.179800	3.211300
0.179900	4.654230
0.180000	4.654230
0.180100	6.578120
0.180200	7.059100
0.180300	7.540070
0.180400	6.097150
0.180500	10.906900
0.180600	10.425900
0.180700	4.654230
0.180800	8.502020
0.180900	14.273700
0.181000	11.387900
0.181100	7.540070
0.181200	8.021040
0.181300	10.906900
0.181400	8.021040
0.181500	6.578120
0.181600	8.502020
0.181700	6.578120
0.181800	1.768380
0.181900	3.692280
0.182000	8.502020
0.182100	12.349800
0.182200	8.021040
0.182300	2.249360
0.182400	3.692280
0.182500	6.578120
0.182600	5.135200
0.182700	8.021040
0.182800	6.578120
0.182900	3.211300
0.183000	3.692280
0.183100	6.578120
0.183200	8.502020
0.183300	6.578120
0.183400	6.578120
0.183500	11.387900
0.183600	7.059100
0.183700	5.135200
0.183800	6.097150
0.183900	8.021040
0.184000	6.578120
0.184100	5.616170
0.184200	6.097150
0.184300	4.654230
0.184400	0.806433
0.184500	4.654230
0.184600	4.654230
0.184700	4.654230
0.184800	4.654230
0.184900	4.654230
0.185000	6.578120
0.185100	6.578120
0.185200	7.540070
0.185300	8.502020
0.185400	6.578120
0.185500	5.616170
0.185600	4.654230
0.185700	5.616170
0.185800	6.097150
0.185900	5.616170
0.186000	5.616170
0.186100	7.540070
0.186200	2.730330
0.186300	3.692280
0.186400	7.540070
0.186500	8.502020
0.186600	6.578120
0.186700	7.540070
0.186800	3.692280
0.186900	6.578120
0.187000	6.097150
0.187100	7.540070
0.187200	6.578120
0.187300	10.425900
0.187400	11.387900
0.187500	4.654230
0.187600	1.768380
0.187700	4.173250
0.187800	10.425900
0.187900	8.502020
0.188000	8.021040
0.188100	8.502020
0.188200	9.944940
0.188300	12.349800
0.188400	9.463970
0.188500	5.135200
0.188600	7.540070
0.188700	1.768380
0.188800	3.692280
0.188900	4.654230
0.189000	9.944940
0.189100	12.349800
0.189200	7.540070
0.189300	3.692280
0.189400	4.173250
0.189500	7.540070
0.189600	5.616170
0.189700	4.654230
0.189800	5.135200
0.189900	2.730330
0.190000	3.211300
0.190100	7.540070
0.190200	5.616170
0.190300	8.502020
0.190400	6.578120
0.190500	3.211300
0.190600	-3.041360
0.190700	4.654230
0.190800	3.692280
0.190900	4.654230
0.191000	11.868800
0.191100	12.830800
0.191200	6.578120
0.191300	8.502020
0.191400	12.349800
0.191500	8.502020
0.191600	6.097150
0.191700	5.616170
0.191800	8.021040
0.191900	6.578120
0.192000	4.654230
0.192100	3.692280
0.192200	3.211300
0.192300	5.616170
0.192400	7.540070
0.192500	10.906900
0.192600	11.868800
0.192700	5.135200
0.192800	3.692280
0.192900	4.654230
0.193000	4.654230
0.193100	8.502020
0.193200	9.944940
0.193300	6.578120
0.193400	6.578120
0.193500	8.502020
0.193600	6.097150
0.193700	5.616170
0.193800	6.578120
0.193900	5.616170
0.194000	8.021040
0.194100	5.135200
0.194200	4.654230
0.194300	6.097150
0.194400	8.502020
0.194500	5.616170
0.194600	2.730330
0.194700	0.806433
0.194800	5.616170
0.194900	10.425900
0.195000	10.425900
0.195100	7.540070
0.195200	4.654230
0.195300	6.578120
0.195400	3.692280
0.195500	5.135200
0.195600	6.578120
0.195700	4.654230
0.195800	3.211300
0.195900	-0.155515
0.196000	3.692280
0.196100	9.463970
0.196200	8.021040
0.196300	4.654230
0.196400	6.097150
0.196500	7.540070
0.196600	8.021040
0.196700	8.502020
0.196800	5.616170
0.196900	6.578120
0.197000	4.654230
0.197100	2.730330
0.197200	3.211300
0.197300	5.616170
0.197400	4.654230
0.197500	8.021040
0.197600	6.578120
0.197700	3.692280
0.197800	4.654230
0.197900	7.540070
0.198000	7.059100
0.198100	6.578120
0.198200	7.540070
0.198300	9.463970
0.198400	7.540070
0.198500	4.654230
0.198600	2.730330
0.198700	0.806433
0.198800	4.654230
0.198900	7.540070
0.199000	8.502020
0.199100	6.578120
0.199200	4.654230
0.199300	4.654230
0.199400	6.578120
0.199500	8.021040
0.199600	8.502020
0.199700	6.578120
0.199800	8.021040
0.199900	7.540070
0.200000	7.540070
0.200100	8.502020
0.200200	2.730330
0.200300	-1.117460
0.200400	3.692280
0.200500	6.578120
0.200600	7.059100
0.200700	5.616170
0.200800	8.502020
0.200900	10.425900
0.201000	8.502020
0.201100	4.654230
0.201200	6.578120
0.201300	6.578120
0.201400	4.654230
0.201500	7.540070
0.201600	3.692280
0.201700	5.616170
0.201800	5.616170
0.201900	5.616170
0.202000	6.097150
0.202100	7.540070
0.202200	4.654230
0.202300	4.654230
0.202400	3.692280
0.202500	6.578120
0.202600	4.654230
0.202700	4.654230
0.202800	4.654230
0.202900	6.578120
0.203000	6.578120
0.203100	6.578120
0.203200	10.425900
0.203300	11.868800
0.203400	11.387900
0.203500	6.097150
0.203600	4.654230
0.203700	5.135200
0.203800	9.463970
0.203900	5.616170
0.204000	7.540070
0.204100	4.654230
0.204200	7.540070
0.204300	10.906900
0.204400	8.502020
0.204500	5.616170
0.204600	8.021040
0.204700	8.502020
0.204800	6.578120
0.204900	6.578120
0.205000	8.502020
0.205100	6.578120
0.205200	3.211300
0.205300	5.135200
0.205400	4.654230
0.205500	8.502020
0.205600	11.387900
0.205700	6.578120
0.205800	5.616170
0.205900	8.502020
0.206000	8.502020
0.206100	10.425900
0.206200	8.021040
0.206300	4.654230
0.206400	5.616170
0.206500	10.425900
0.206600	3.692280
0.206700	8.502020
0.206800	4.173250
0.206900	3.211300
0.207000	4.654230
0.207100	8.502020
0.207200	5.616170
0.207300	2.730330
0.207400	4.654230
0.207500	5.616170
0.207600	4.654230
0.207700	8.502020
0.207800	4.654230
0.207900	2.730330
0.208000	3.692280
0.208100	6.578120
0.208200	8.502020
0.208300	4.654230
0.208400	1.768380
0.208500	5.616170
0.208600	12.349800
0.208700	12.349800
0.208800	4.654230
0.208900	8.502020
0.209000	7.540070
0.209100	8.502020
0.209200	8.502020
0.209300	0.806433
0.209400	4.654230
0.209500	11.387900
0.209600	8.021040
0.209700	4.654230
0.209800	4.654230
0.209900	8.502020
0.210000	6.578120
0.210100	3.692280
0.210200	6.578120
0.210300	7.540070
0.210400	7.540070
0.210500	8.021040
0.210600	8.502020
0.210700	4.654230
0.210800	6.578120
0.210900	9.463970
0.211000	9.944940
0.211100	12.349800
0.211200	11.387900
0.211300	5.616170
0.211400	6.097150
0.211500	7.540070
0.211600	11.387900
0.211700	12.349800
0.211800	6.578120
0.211900	5.616170
0.212000	9.944940
0.212100	10.425900
0.212200	4.173250
0.212300	5.616170
0.212400	8.021040
0.212500	9.463970
0.212600	2.249360
0.212700	2.249360
0.212800	5.616170
0.212900	10.906900
0.213000	3.692280
0.213100	-0.155515
0.213200	5.616170
0.213300	5.616170
0.213400	5.616170
0.213500	7.059100
0.213600	4.654230
0.213700	4.654230
0.213800	5.616170
0.213900	7.059100
0.214000	8.502020
0.214100	3.692280
0.214200	5.616170
0.214300	8.502020
0.214400	6.578120
0.214500	7.540070
0.214600	8.502020
0.214700	5.616170
0.214800	6.578120
0.214900	7.540070
0.215000	7.540070
0.215100	5.616170
0.215200	6.578120
0.215300	3.692280
0.215400	5.616170
0.215500	5.135200
0.215600	4.654230
0.215700	3.692280
0.215800	5.616170
0.215900	5.616170
0.216000	4.173250
0.216100	5.616170
0.216200	8.502020
0.216300	6.578120
0.216400	4.654230
0.216500	7.540070
0.216600	5.135200
0.216700	5.616170
0.216800	2.249360
0.216900	1.768380
0.217000	7.540070
0.217100	12.349800
0.217200	9.463970
0.217300	10.425900
0.217400	7.540070
0.217500	4.654230
0.217600	4.654230
0.217700	9.463970
0.217800	11.387900
0.217900	8.021040
0.218000	9.463970
0.218100	8.502020
0.218200	10.425900
0.218300	8.502020
0.218400	10.425900
0.218500	9.944940
0.218600	13.311800
0.218700	10.425900
0.218800	8.502020
0.218900	8.502020
0.219000	8.021040
0.219100	6.097150
0.219200	8.502020
0.219300	8.502020
0.219400	8.502020
0.219500	7.059100
0.219600	6.097150
0.219700	4.173250
0.219800	7.540070
0.219900	10.425900
0.220000	8.502020
0.220100	6.578120
0.220200	8.502020
0.220300	8.502020
0.220400	8.021040
0.220500	4.173250
0.220600	5.616170
0.220700	-1.117460
0.220800	0.806433
0.220900	3.692280
0.221000	8.021040
0.221100	8.502020
0.221200	5.616170
0.221300	6.578120
0.221400	8.502020
0.221500	3.692280
0.221600	5.616170
0.221700	9.944940
0.221800	8.502020
0.221900	0.806433
0.222000	2.730330
0.222100	9.463970
0.222200	7.540070
0.222300	2.730330
0.222400	6.097150
0.222500	4.654230
0.222600	2.730330
0.222700	2.730330
0.222800	8.502020
0.222900	6.097150
0.223000	8.502020
0.223100	6.578120
0.223200	4.654230
0.223300	7.540070
0.223400	8.502020
0.223500	6.578120
0.223600	7.540070
0.223700	7.540070
0.223800	6.097150
0.223900	12.349800
0.224000	6.578120
0.224100	3.692280
0.224200	8.502020
0.224300	6.578120
0.224400	4.654230
0.224500	5.616170
0.224600	6.578120
0.224700	4.654230
0.224800	8.982990
0.224900	8.021040
0.225000	4.173250
0.225100	7.540070
0.225200	11.387900
0.225300	4.654230
0.225400	6.578120
0.225500	6.578120
0.225600	2.730330
0.225700	3.211300
0.225800	4.654230
0.225900	7.059100
0.226000	8.502020
0.226100	7.540070
0.226200	4.654230
0.226300	6.578120
0.226400	8.502020
0.226500	5.616170
0.226600	-3.041360
0.226700	3.692280
0.226800	4.654230
0.226900	2.730330
0.227000	4.654230
0.227100	6.578120
0.227200	4.173250
0.227300	7.540070
0.227400	8.502020
0.227500	3.692280
0.227600	3.692280
0.227700	6.578120
0.227800	8.502020
0.227900	7.540070
0.228000	4.654230
0.228100	6.578120
0.228200	5.135200
0.228300	4.173250
0.228400	4.173250
0.228500	7.540070
0.228600	7.540070
0.228700	-0.155515
0.228800	2.730330
0.228900	4.654230
0.229000	7.059100
0.229100	5.616170
0.229200	5.616170
0.229300	8.021040
0.229400	12.349800
0.229500	8.502020
0.229600	9.463970
0.229700	10.425900
0.229800	11.387900
0.229900	10.906900
0.230000	12.349800
0.230100	7.540070
0.230200	4.654230
0.230300	8.502020
0.230400	4.654230
0.230500	3.692280
0.230600	4.654230
0.230700	9.944940
0.230800	7.540070
0.230900	8.502020
0.231000	7.059100
0.231100	7.540070
0.231200	5.616170
0.231300	7.540070
0.231400	8.502020
0.231500	5.616170
0.231600	7.540070
0.231700	8.502020
0.231800	4.654230
0.231900	3.692280
0.232000	6.578120
0.232100	5.135200
0.232200	4.654230
0.232300	5.616170
0.232400	5.616170
0.232500	4.654230
0.232600	3.211300
0.232700	9.944940
0.232800	6.578120
0.232900	7.540070
0.233000	8.021040
0.233100	8.502020
0.233200	10.425900
0.233300	10.906900
0.233400	8.502020
0.233500	6.578120
0.233600	7.540070
0.233700	8.502020
0.233800	7.059100
0.233900	5.616170
0.234000	4.654230
0.234100	6.578120
0.234200	7.540070
0.234300	4.654230
0.234400	7.540070
0.234500	7.540070
0.234600	6.097150
0.234700	12.349800
0.234800	12.349800
0.234900	7.059100
0.235000	6.578120
0.235100	8.502020
0.235200	7.540070
0.235300	4.654230
0.235400	3.692280
0.235500	5.616170
0.235600	6.097150
0.235700	7.059100
0.235800	3.692280
0.235900	2.730330
0.236000	6.578120
0.236100	8.502020
0.236200	5.135200
0.236300	4.654230
0.236400	8.502020
0.236500	6.578120
0.236600	2.249360
0.236700	9.463970
0.236800	8.502020
0.236900	6.578120
0.237000	7.540070
0.237100	3.692280
0.237200	7.059100
0.237300	8.502020
0.237400	2.730330
0.237500	1.768380
0.237600	4.654230
0.237700	4.654230
0.237800	4.654230
0.237900	9.463970
0.238000	16.678600
0.238100	10.425900
0.238200	1.768380
0.238300	3.692280
0.238400	6.578120
0.238500	5.616170
0.238600	-0.155515
0.238700	4.173250
0.238800	8.502020
0.238900	4.654230
0.239000	4.654230
0.239100	7.540070
0.239200	6.097150
0.239300	7.540070
0.239400	6.097150
0.239500	5.616170
0.239600	4.654230
0.239700	4.654230
0.239800	7.540070
0.239900	12.349800
0.240000	6.578120
0.240100	2.730330
0.240200	7.540070
0.240300	8.021040
0.240400	4.654230
0.240500	-0.155515
0.240600	2.249360
0.240700	3.692280
0.240800	8.021040
0.240900	7.540070
0.241000	8.502020
0.241100	8.502020
0.241200	4.654230
0.241300	0.806433
0.241400	8.982990
0.241500	11.387900
0.241600	6.578120
0.241700	4.654230
0.241800	5.135200
0.241900	8.502020
0.242000	7.540070
0.242100	5.616170
0.242200	6.097150
0.242300	9.944940
0.242400	12.349800
0.242500	5.616170
0.242600	6.578120
0.242700	4.654230
0.242800	11.387900
0.242900	11.868800
0.243000	7.540070
0.243100	4.654230
0.243200	7.540070
0.243300	6.097150
0.243400	4.654230
0.243500	4.654230
0.243600	5.616170
0.243700	3.211300
0.243800	2.249360
0.243900	5.616170
0.244000	7.540070
0.244100	4.654230
0.244200	2.730330
0.244300	3.692280
0.244400	8.502020
0.244500	7.059100
0.244600	8.021040
0.244700	8.502020
0.244800	3.692280
0.244900	-0.155515
0.245000	2.249360
0.245100	8.502020
0.245200	5.616170
0.245300	2.730330
0.245400	3.211300
0.245500	3.692280
0.245600	1.768380
0.245700	4.654230
0.245800	4.173250
0.245900	1.768380
0.246000	2.730330
0.246100	9.944940
0.246200	7.540070
0.246300	4.173250
0.246400	8.021040
0.246500	10.906900
0.246600	9.944940
0.246700	9.463970
0.246800	3.692280
0.246900	2.730330
0.247000	4.654230
0.247100	6.097150
0.247200	8.021040
0.247300	4.654230
0.247400	6.097150
0.247500	7.540070
0.247600	8.502020
0.247700	8.021040
0.247800	7.540070
0.247900	7.540070
0.248000	7.540070
0.248100	6.578120
0.248200	4.654230
0.248300	8.021040
0.248400	8.502020
0.248500	4.654230
0.248600	0.806433
0.248700	7.540070
0.248800	8.021040
0.248900	6.578120
0.249000	7.540070
0.249100	9.463970
0.249200	10.425900
0.249300	7.540070
0.249400	8.502020
0.249500	9.944940
0.249600	4.654230
0.249700	2.249360
0.249800	6.097150
0.249900	8.502020
0.250000	11.868800
0.250100	10.425900
0.250200	5.616170
0.250300	5.135200
0.250400	8.021040
0.250500	8.502020
0.250600	6.578120
0.250700	1.768380
0.250800	5.616170
0.250900	5.616170
0.251000	5.616170
0.251100	8.502020
0.251200	7.059100
0.251300	7.059100
0.251400	7.540070
0.251500	7.540070
0.251600	6.578120
0.251700	5.616170
0.251800	4.654230
0.251900	1.768380
0.252000	4.654230
0.252100	8.502020
0.252200	6.578120
0.252300	4.654230
0.252400	8.502020
0.252500	10.906900
0.252600	12.349800
0.252700	8.502020
0.252800	5.616170
0.252900	5.616170
0.253000	8.502020
0.253100	8.982990
0.253200	6.578120
0.253300	6.097150
0.253400	10.425900
0.253500	9.944940
0.253600	8.502020
0.253700	8.502020
0.253800	9.944940
0.253900	5.616170
0.254000	4.654230
0.254100	7.540070
0.254200	6.578120
0.254300	8.021040
0.254400	8.021040
0.254500	9.463970
0.254600	10.425900
0.254700	8.502020
0.254800	8.502020
0.254900	9.463970
0.255000	6.578120
0.255100	5.616170
0.255200	4.654230
0.255300	2.730330
0.255400	6.097150
0.255500	8.502020
0.255600	6.578120
0.255700	4.173250
0.255800	10.425900
0.255900	12.830800
0.256000	6.578120
0.256100	4.654230
0.256200	6.578120
0.256300	4.654230
0.256400	4.654230
0.256500	5.616170
0.256600	8.502020
0.256700	3.692280
0.256800	2.249360
0.256900	5.616170
0.257000	3.692280
0.257100	4.654230
0.257200	4.173250
0.257300	6.097150
0.257400	6.097150
0.257500	5.616170
0.257600	6.578120
0.257700	6.578120
0.257800	7.540070
0.257900	6.097150
0.258000	2.730330
0.258100	2.249360
0.258200	8.021040
0.258300	8.502020
0.258400	4.173250
0.258500	4.654230
0.258600	2.730330
0.258700	0.806433
0.258800	0.806433
0.258900	4.654230
0.259000	7.540070
0.259100	8.021040
0.259200	8.502020
0.259300	9.463970
0.259400	8.502020
0.259500	6.097150
0.259600	6.097150
0.259700	5.616170
0.259800	3.692280
0.259900	6.097150
0.260000	8.021040
0.260100	5.616170
0.260200	6.578120
0.260300	6.578120
0.260400	3.692280
0.260500	0.806433
0.260600	-5.446230
0.260700	0.325459
0.260800	6.097150
0.260900	7.540070
0.261000	9.463970
0.261100	7.540070
0.261200	3.692280
0.261300	3.211300
0.261400	8.021040
0.261500	9.463970
0.261600	8.502020
0.261700	4.654230
0.261800	7.540070
0.261900	8.021040
0.262000	4.654230
0.262100	2.730330
0.262200	7.540070
0.262300	8.502020
0.262400	8.502020
0.262500	5.616170
0.262600	7.540070
0.262700	8.502020
0.262800	5.616170
0.262900	7.540070
0.263000	4.654230
0.263100	7.540070
0.263200	6.097150
0.263300	4.654230
0.263400	7.540070
0.263500	8.502020
0.263600	4.654230
0.263700	3.692280
0.263800	3.692280
0.263900	6.578120
0.264000	6.097150
0.264100	6.097150
0.264200	4.654230
0.264300	3.211300
0.264400	8.502020
0.264500	7.059100
0.264600	4.173250
0.264700	4.654230
0.264800	4.173250
0.264900	7.059100
0.265000	4.654230
0.265100	3.692280
0.265200	8.502020
0.265300	4.654230
0.265400	2.730330
0.265500	4.654230
0.265600	8.502020
0.265700	8.502020
0.265800	8.502020
0.265900	8.502020
0.266000	5.616170
0.266100	7.540070
0.266200	8.502020
0.266300	6.578120
0.266400	7.540070
0.266500	6.097150
0.266600	5.616170
0.266700	4.654230
0.266800	6.097150
0.266900	4.654230
0.267000	3.692280
0.267100	4.654230
0.267200	8.502020
0.267300	8.502020
0.267400	4.654230
0.267500	4.654230
0.267600	6.097150
0.267700	4.173250
0.267800	3.692280
0.267900	3.692280
0.268000	5.616170
0.268100	8.502020
0.268200	6.578120
0.268300	4.654230
0.268400	5.616170
0.268500	3.211300
0.268600	2.249360
0.268700	6.578120
0.268800	7.059100
0.268900	7.540070
0.269000	1.768380
0.269100	1.768380
0.269200	6.578120
0.269300	7.059100
0.269400	9.463970
0.269500	4.654230
0.269600	4.654230
0.269700	7.540070
0.269800	8.502020
0.269900	7.540070
0.270000	5.135200
0.270100	5.616170
0.270200	5.616170
0.270300	6.578120
0.270400	4.654230
0.270500	4.654230
0.270600	3.692280
0.270700	4.654230
0.270800	2.249360
0.270900	3.692280
0.271000	0.325459
0.271100	3.692280
0.271200	2.730330
0.271300	4.654230
0.271400	3.692280
0.271500	3.692280
0.271600	3.692280
0.271700	4.654230
0.271800	5.616170
0.271900	5.616170
0.272000	6.097150
0.272100	7.059100
0.272200	6.578120
0.272300	3.692280
0.272400	5.135200
0.272500	7.540070
0.272600	0.806433
0.272700	5.135200
0.272800	9.944940
0.272900	8.502020
0.273000	7.540070
0.273100	4.654230
0.273200	6.578120
0.273300	6.578120
0.273400	4.654230
0.273500	7.059100
0.273600	7.540070
0.273700	5.616170
0.273800	7.540070
0.273900	7.059100
0.274000	8.502020
0.274100	4.173250
0.274200	6.097150
0.274300	6.097150
0.274400	4.654230
0.274500	7.059100
0.274600	12.349800
0.274700	7.540070
0.274800	6.097150
0.274900	9.944940
0.275000	6.097150
0.275100	6.097150
0.275200	8.021040
0.275300	6.578120
0.275400	2.730330
0.275500	7.540070
0.275600	7.540070
0.275700	8.021040
0.275800	6.578120
0.275900	6.578120
0.276000	8.502020
0.276100	6.097150
0.276200	7.540070
0.276300	2.730330
0.276400	4.173250
0.276500	6.578120
0.276600	0.325459
0.276700	4.654230
0.276800	2.730330
0.276900	3.692280
0.277000	1.768380
0.277100	-0.155515
0.277200	3.211300
0.277300	8.502020
0.277400	6.097150
0.277500	2.249360
0.277600	6.578120
0.277700	8.502020
0.277800	6.578120
0.277900	3.692280
0.278000	3.692280
0.278100	4.654230
0.278200	6.578120
0.278300	7.540070
0.278400	6.578120
0.278500	7.540070
0.278600	4.654230
0.278700	8.021040
0.278800	8.021040
0.278900	6.578120
0.279000	6.578120
0.279100	7.540070
0.279200	8.982990
0.279300	9.944940
0.279400	7.540070
0.279500	4.654230
0.279600	4.654230
0.279700	7.059100
0.279800	7.540070
0.279900	7.540070
0.280000	8.502020
0.280100	5.616170
0.280200	4.654230
0.280300	7.540070
0.280400	4.654230
0.280500	5.616170
0.280600	8.502020
0.280700	7.540070
0.280800	10.425900
0.280900	9.944940
0.281000	7.059100
0.281100	6.097150
0.281200	7.540070
0.281300	7.540070
0.281400	6.578120
0.281500	6.578120
0.281600	6.578120
0.281700	5.616170
0.281800	2.730330
0.281900	6.578120
0.282000	8.021040
0.282100	9.463970
0.282200	4.654230
0.282300	2.730330
0.282400	-0.155515
0.282500	2.730330
0.282600	8.502020
0.282700	4.654230
0.282800	8.502020
0.282900	6.578120
0.283000	4.654230
0.283100	4.654230
0.283200	6.097150
0.283300	7.540070
0.283400	4.654230
0.283500	4.654230
0.283600	7.059100
0.283700	4.654230
0.283800	6.578120
0.283900	8.502020
0.284000	4.173250
0.284100	2.730330
0.284200	6.578120
0.284300	10.425900
0.284400	6.578120
0.284500	3.692280
0.284600	4.654230
0.284700	11.387900
0.284800	4.654230
0.284900	2.249360
0.285000	6.578120
0.285100	7.540070
0.285200	8.502020
0.285300	7.540070
0.285400	2.730330
0.285500	4.654230
0.285600	8.502020
0.285700	6.578120
0.285800	5.616170
0.285900	5.616170
0.286000	4.654230
0.286100	8.502020
0.286200	12.349800
0.286300	9.944940
0.286400	6.097150
0.286500	3.692280
0.286600	6.578120
0.286700	4.654230
0.286800	7.059100
0.286900	6.578120
0.287000	7.540070
0.287100	8.021040
0.287200	8.502020
0.287300	4.654230
0.287400	4.654230
0.287500	8.502020
0.287600	4.654230
0.287700	2.730330
0.287800	4.173250
0.287900	5.135200
0.288000	4.654230
0.288100	4.654230
0.288200	4.173250
0.288300	4.654230
0.288400	5.135200
0.288500	7.059100
0.288600	8.021040
0.288700	3.692280
0.288800	3.692280
0.288900	6.578120
0.289000	4.173250
0.289100	3.692280
0.289200	6.097150
0.289300	11.387900
0.289400	8.502020
0.289500	4.654230
0.289600	4.654230
0.289700	6.578120
0.289800	8.502020
0.289900	8.021040
0.290000	7.540070
0.290100	8.502020
0.290200	8.502020
0.290300	4.654230
0.290400	2.730330
0.290500	7.540070
0.290600	7.540070
0.290700	6.578120
0.290800	5.616170
0.290900	8.021040
0.291000	8.021040
0.291100	8.502020
0.291200	8.502020
0.291300	4.173250
0.291400	6.578120
0.291500	9.463970
0.291600	6.578120
0.291700	8.502020
0.291800	8.502020
0.291900	4.654230
0.292000	2.730330
0.292100	2.730330
0.292200	-1.117460
0.292300	1.768380
0.292400	4.654230
0.292500	7.540070
0.292600	7.059100
0.292700	6.578120
0.292800	5.616170
0.292900	4.654230
0.293000	4.173250
0.293100	4.654230
0.293200	6.097150
0.293300	8.502020
0.293400	4.654230
0.293500	3.692280
0.293600	2.730330
0.293700	1.287410
0.293800	5.616170
0.293900	6.097150
0.294000	4.654230
0.294100	5.616170
0.294200	7.540070
0.294300	6.578120
0.294400	6.578120
0.294500	12.349800
0.294600	10.425900
0.294700	4.654230
0.294800	5.616170
0.294900	8.502020
0.295000	10.906900
0.295100	11.387900
0.295200	6.578120
0.295300	4.654230
0.295400	10.425900
0.295500	5.135200
0.295600	3.692280
0.295700	10.906900
0.295800	13.311800
0.295900	9.944940
0.296000	6.578120
0.296100	2.730330
0.296200	4.654230
0.296300	6.097150
0.296400	7.059100
0.296500	11.387900
0.296600	8.502020
0.296700	6.578120
0.296800	6.578120
0.296900	3.692280
0.297000	6.578120
0.297100	7.059100
0.297200	5.616170
0.297300	3.211300
0.297400	6.578120
0.297500	6.097150
0.297600	6.578120
0.297700	4.654230
0.297800	5.616170
0.297900	6.578120
0.298000	4.654230
0.298100	4.654230
0.298200	5.616170
0.298300	7.059100
0.298400	6.097150
0.298500	-0.155515
0.298600	0.806433
0.298700	8.502020
0.298800	5.616170
0.298900	4.654230
0.299000	7.540070
0.299100	8.502020
0.299200	6.578120
0.299300	7.540070
0.299400	8.982990
0.299500	9.944940
0.299600	7.540070
0.299700	4.654230
0.299800	9.944940
0.299900	11.868800
