-0.050000	16.905800
-0.049900	95.624702
-0.049800	50.642502
-0.049700	-16.830799
-0.049600	5.660260
-0.049500	28.151400
-0.049400	50.642502
-0.049300	5.660260
-0.049200	16.905800
-0.049100	50.642502
-0.049000	140.606995
-0.048900	28.151400
-0.048800	16.905800
-0.048700	28.151400
-0.048600	28.151400
-0.048500	28.151400
-0.048400	-28.076401
-0.048300	-61.813000
-0.048200	-16.830799
-0.048100	5.660260
-0.048000	28.151400
-0.047900	5.660260
-0.047800	118.115997
-0.047700	50.642502
-0.047600	-16.830799
-0.047500	28.151400
-0.047400	28.151400
-0.047300	-84.304100
-0.047200	-174.268997
-0.047100	-118.041000
-0.047000	-151.776993
-0.046900	-61.813000
-0.046800	-16.830799
-0.046700	-61.813000
-0.046600	-16.830799
-0.046500	50.642502
-0.046400	5.660260
-0.046300	-151.776993
-0.046200	-84.304100
-0.046100	-16.830799
-0.046000	-16.830799
-0.045900	28.151400
-0.045800	73.133598
-0.045700	73.133598
-0.045600	50.642502
-0.045500	28.151400
-0.045400	-16.830799
-0.045300	-106.794998
-0.045200	-84.304100
-0.045100	50.642502
-0.045000	73.133598
-0.044900	50.642502
-0.044800	28.151400
-0.044700	-61.813000
-0.044600	-61.813000
-0.044500	5.660260
-0.044400	28.151400
-0.044300	-16.830799
-0.044200	-84.304100
-0.044100	-61.813000
-0.044000	-84.304100
-0.043900	-151.776993
-0.043800	-106.794998
-0.043700	5.660260
-0.043600	61.888000
-0.043500	28.151400
-0.043400	50.642502
-0.043300	50.642502
-0.043200	-28.076401
-0.043100	-151.776993
-0.043000	-196.759995
-0.042900	5.660260
-0.042800	73.133598
-0.042700	-16.830799
-0.042600	-61.813000
-0.042500	95.624702
-0.042400	95.624702
-0.042300	5.660260
-0.042200	28.151400
-0.042100	5.660260
-0.042000	28.151400
-0.041900	-16.830799
-0.041800	-106.794998
-0.041700	16.905800
-0.041600	61.888000
-0.041500	-16.830799
-0.041400	-61.813000
-0.041300	28.151400
-0.041200	28.151400
-0.041100	-28.076401
-0.041000	-151.776993
-0.040900	-151.776993
-0.040800	-84.304100
-0.040700	73.133598
-0.040600	28.151400
-0.040500	-16.830799
-0.040400	-16.830799
-0.040300	5.660260
-0.040200	-16.830799
-0.040100	-84.304100
-0.040000	-61.813000
-0.039900	-5.585290
-0.039800	50.642502
-0.039700	28.151400
-0.039600	5.660260
-0.039500	28.151400
-0.039400	-16.830799
-0.039300	-61.813000
-0.039200	-95.549698
-0.039100	-16.830799
-0.039000	50.642502
-0.038900	-16.830799
-0.038800	-39.321899
-0.038700	5.660260
-0.038600	-16.830799
-0.038500	-84.304100
-0.038400	-16.830799
-0.038300	5.660260
-0.038200	-106.794998
-0.038100	-118.041000
-0.038000	-84.304100
-0.037900	-151.776993
-0.037800	-151.776993
-0.037700	-16.830799
-0.037600	28.151400
-0.037500	5.660260
-0.037400	-61.813000
-0.037300	-61.813000
-0.037200	-16.830799
-0.037100	-61.813000
-0.037000	-61.813000
-0.036900	-16.830799
-0.036800	-73.058601
-0.036700	-129.285995
-0.036600	-61.813000
-0.036500	73.133598
-0.036400	28.151400
-0.036300	-61.813000
-0.036200	5.660260
-0.036100	5.660260
-0.036000	-106.794998
-0.035900	28.151400
-0.035800	28.151400
-0.035700	73.133598
-0.035600	73.133598
-0.035500	28.151400
-0.035400	-61.813000
-0.035300	5.660260
-0.035200	28.151400
-0.035100	-61.813000
-0.035000	-106.794998
-0.034900	28.151400
-0.034800	28.151400
-0.034700	28.151400
-0.034600	-61.813000
-0.034500	-106.794998
-0.034400	-84.304100
-0.034300	-28.076401
-0.034200	5.660260
-0.034100	73.133598
-0.034000	5.660260
-0.033900	28.151400
-0.033800	118.115997
-0.033700	50.642502
-0.033600	-61.813000
-0.033500	5.660260
-0.033400	73.133598
-0.033300	118.115997
-0.033200	196.835007
-0.033100	163.098007
-0.033000	95.624702
-0.032900	95.624702
-0.032800	118.115997
-0.032700	61.888000
-0.032600	50.642502
-0.032500	28.151400
-0.032400	-39.321899
-0.032300	-16.830799
-0.032200	50.642502
-0.032100	5.660260
-0.032000	-129.285995
-0.031900	-39.321899
-0.031800	95.624702
-0.031700	5.660260
-0.031600	-61.813000
-0.031500	28.151400
-0.031400	-61.813000
-0.031300	-174.268997
-0.031200	-151.776993
-0.031100	-16.830799
-0.031000	-16.830799
-0.030900	-106.794998
-0.030800	-16.830799
-0.030700	174.343994
-0.030600	208.080002
-0.030500	95.624702
-0.030400	-16.830799
-0.030300	-61.813000
-0.030200	5.660260
-0.030100	95.624702
-0.030000	28.151400
-0.029900	16.905800
-0.029800	118.115997
-0.029700	95.624702
-0.029600	-106.794998
-0.029500	-61.813000
-0.029400	28.151400
-0.029300	-5.585290
-0.029200	-16.830799
-0.029100	-16.830799
-0.029000	5.660260
-0.028900	28.151400
-0.028800	-16.830799
-0.028700	-16.830799
-0.028600	-61.813000
-0.028500	5.660260
-0.028400	73.133598
-0.028300	50.642502
-0.028200	73.133598
-0.028100	61.888000
-0.028000	-16.830799
-0.027900	28.151400
-0.027800	28.151400
-0.027700	-16.830799
-0.027600	95.624702
-0.027500	50.642502
-0.027400	-39.321899
-0.027300	5.660260
-0.027200	28.151400
-0.027100	5.660260
-0.027000	5.660260
-0.026900	-61.813000
-0.026800	-61.813000
-0.026700	-16.830799
-0.026600	-16.830799
-0.026500	5.660260
-0.026400	-39.321899
-0.026300	28.151400
-0.026200	95.624702
-0.026100	73.133598
-0.026000	-61.813000
-0.025900	-16.830799
-0.025800	5.660260
-0.025700	-61.813000
-0.025600	28.151400
-0.025500	118.115997
-0.025400	28.151400
-0.025300	-84.304100
-0.025200	-16.830799
-0.025100	28.151400
-0.025000	-16.830799
-0.024900	-106.794998
-0.024800	-106.794998
-0.024700	-61.813000
-0.024600	-61.813000
-0.024500	5.660260
-0.024400	5.660260
-0.024300	5.660260
-0.024200	50.642502
-0.024100	95.624702
-0.024000	28.151400
-0.023900	106.870003
-0.023800	208.080002
-0.023700	28.151400
-0.023600	-106.794998
-0.023500	28.151400
-0.023400	28.151400
-0.023300	-106.794998
-0.023200	-151.776993
-0.023100	16.905800
-0.023000	50.642502
-0.022900	-16.830799
-0.022800	61.888000
-0.022700	28.151400
-0.022600	-129.285995
-0.022500	-106.794998
-0.022400	-61.813000
-0.022300	-5.585290
-0.022200	-61.813000
-0.022100	5.660260
-0.022000	5.660260
-0.021900	28.151400
-0.021800	73.133598
-0.021700	-16.830799
-0.021600	-61.813000
-0.021500	-16.830799
-0.021400	50.642502
-0.021300	73.133598
-0.021200	50.642502
-0.021100	28.151400
-0.021000	-39.321899
-0.020900	5.660260
-0.020800	28.151400
-0.020700	28.151400
-0.020600	-16.830799
-0.020500	28.151400
-0.020400	5.660260
-0.020300	-16.830799
-0.020200	73.133598
-0.020100	95.624702
-0.020000	-16.830799
-0.019900	-39.321899
-0.019800	-16.830799
-0.019700	-16.830799
-0.019600	-16.830799
-0.019500	5.660260
-0.019400	50.642502
-0.019300	28.151400
-0.019200	-16.830799
-0.019100	-16.830799
-0.019000	73.133598
-0.018900	28.151400
-0.018800	28.151400
-0.018700	5.660260
-0.018600	-39.321899
-0.018500	28.151400
-0.018400	28.151400
-0.018300	-16.830799
-0.018200	5.660260
-0.018100	-16.830799
-0.018000	-28.076401
-0.017900	-106.794998
-0.017800	-61.813000
-0.017700	-39.321899
-0.017600	-16.830799
-0.017500	-16.830799
-0.017400	28.151400
-0.017300	73.133598
-0.017200	5.660260
-0.017100	28.151400
-0.017000	73.133598
-0.016900	163.098007
-0.016800	140.606995
-0.016700	95.624702
-0.016600	-39.321899
-0.016500	-61.813000
-0.016400	-16.830799
-0.016300	5.660260
-0.016200	-16.830799
-0.016100	50.642502
-0.016000	-106.794998
-0.015900	5.660260
-0.015800	73.133598
-0.015700	73.133598
-0.015600	50.642502
-0.015500	28.151400
-0.015400	28.151400
-0.015300	50.642502
-0.015200	28.151400
-0.015100	50.642502
-0.015000	50.642502
-0.014900	-16.830799
-0.014800	5.660260
-0.014700	50.642502
-0.014600	50.642502
-0.014500	50.642502
-0.014400	28.151400
-0.014300	5.660260
-0.014200	73.133598
-0.014100	-16.830799
-0.014000	-106.794998
-0.013900	-84.304100
-0.013800	28.151400
-0.013700	-39.321899
-0.013600	-106.794998
-0.013500	-106.794998
-0.013400	16.905800
-0.013300	73.133598
-0.013200	-16.830799
-0.013100	28.151400
-0.013000	73.133598
-0.012900	95.624702
-0.012800	73.133598
-0.012700	-61.813000
-0.012600	-39.321899
-0.012500	50.642502
-0.012400	-16.830799
-0.012300	-106.794998
-0.012200	-39.321899
-0.012100	5.660260
-0.012000	28.151400
-0.011900	73.133598
-0.011800	95.624702
-0.011700	-16.830799
-0.011600	-129.285995
-0.011500	-39.321899
-0.011400	16.905800
-0.011300	-28.076401
-0.011200	-39.321899
-0.011100	28.151400
-0.011000	-61.813000
-0.010900	-84.304100
-0.010800	-16.830799
-0.010700	73.133598
-0.010600	5.660260
-0.010500	-151.776993
-0.010400	-129.285995
-0.010300	-39.321899
-0.010200	-39.321899
-0.010100	-106.794998
-0.010000	5.660260
-0.009900	-73.058601
-0.009800	-151.776993
-0.009700	-61.813000
-0.009600	50.642502
-0.009500	-16.830799
-0.009400	-16.830799
-0.009300	28.151400
-0.009200	5.660260
-0.009100	-16.830799
-0.009000	-39.321899
-0.008900	-84.304100
-0.008800	5.660260
-0.008700	-5.585290
-0.008600	-73.058601
-0.008500	-106.794998
-0.008400	50.642502
-0.008300	73.133598
-0.008200	73.133598
-0.008100	95.624702
-0.008000	118.115997
-0.007900	73.133598
-0.007800	16.905800
-0.007700	-61.813000
-0.007600	-61.813000
-0.007500	73.133598
-0.007400	118.115997
-0.007300	73.133598
-0.007200	73.133598
-0.007100	73.133598
-0.007000	163.098007
-0.006900	118.115997
-0.006800	50.642502
-0.006700	-84.304100
-0.006600	-73.058601
-0.006500	28.151400
-0.006400	-5.585290
-0.006300	-61.813000
-0.006200	50.642502
-0.006100	28.151400
-0.006000	-28.076401
-0.005900	28.151400
-0.005800	73.133598
-0.005700	73.133598
-0.005600	61.888000
-0.005500	5.660260
-0.005400	-39.321899
-0.005300	-16.830799
-0.005200	28.151400
-0.005100	73.133598
-0.005000	95.624702
-0.004900	73.133598
-0.004800	73.133598
-0.004700	73.133598
-0.004600	95.624702
-0.004500	50.642502
-0.004400	-61.813000
-0.004300	28.151400
-0.004200	140.606995
-0.004100	28.151400
-0.004000	-129.285995
-0.003900	-84.304100
-0.003800	-151.776993
-0.003700	-174.268997
-0.003600	-84.304100
-0.003500	5.660260
-0.003400	5.660260
-0.003300	95.624702
-0.003200	73.133598
-0.003100	5.660260
-0.003000	-16.830799
-0.002900	50.642502
-0.002800	28.151400
-0.002700	73.133598
-0.002600	95.624702
-0.002500	61.888000
-0.002400	50.642502
-0.002300	50.642502
-0.002200	50.642502
-0.002100	5.660260
-0.002000	-84.304100
-0.001900	-39.321899
-0.001800	61.888000
-0.001700	50.642502
-0.001600	5.660260
-0.001500	5.660260
-0.001400	-39.321899
-0.001300	28.151400
-0.001200	-16.830799
-0.001100	-5.585290
-0.001000	-84.304100
-0.000900	-106.794998
-0.000800	-84.304100
-0.000700	-61.813000
-0.000600	5.660260
-0.000500	28.151400
-0.000400	28.151400
-0.000300	28.151400
-0.000200	-61.813000
-0.000100	-16.830799
0.000000	-16.830799
0.000100	73.133598
0.000200	50.642502
0.000300	-84.304100
0.000400	-61.813000
0.000500	-16.830799
0.000600	5.660260
0.000700	-16.830799
0.000800	-84.304100
0.000900	-39.321899
0.001000	95.624702
0.001100	106.870003
0.001200	28.151400
0.001300	-61.813000
0.001400	-16.830799
0.001500	208.080002
0.001600	-61.813000
0.001700	-151.776993
0.001800	365.518005
0.001900	73.133598
0.002000	28.151400
0.002100	140.606995
0.002200	185.589005
0.002300	388.009003
0.002400	61.888000
0.002500	5.660260
0.002600	253.061996
0.002700	118.115997
0.002800	253.061996
0.002900	275.553009
0.003000	253.061996
0.003100	163.098007
0.003200	185.589005
0.003300	208.080002
0.003400	163.098007
0.003500	275.553009
0.003600	208.080002
0.003700	118.115997
0.003800	-61.813000
0.003900	-331.705994
0.004000	-264.233002
0.004100	-286.723999
0.004200	-601.598999
0.004300	-736.546021
0.004400	-646.581970
0.004500	-781.528015
0.004600	-1006.440002
0.004700	-1141.390015
0.004800	-1321.310059
0.004900	-893.984009
0.005000	-961.456970
0.005100	-1388.790039
0.005200	-1366.300049
0.005300	-1456.260010
0.005400	-1861.099976
0.005500	-1703.660034
0.005600	-1681.170044
0.005700	-1861.099976
0.005800	-2041.030029
0.005900	-2153.489990
0.006000	-1928.569946
0.006100	-1883.589966
0.006200	-2086.010010
0.006300	-2220.959961
0.006400	-2277.189941
0.006500	-2175.979980
0.006600	-2288.429932
0.006700	-2490.850098
0.006800	-2378.399902
0.006900	-2243.449951
0.007000	-2355.909912
0.007100	-2310.919922
0.007200	-2400.889893
0.007300	-2490.850098
0.007400	-2153.489990
0.007500	-1928.569946
0.007600	-1996.050049
0.007700	-1906.079956
0.007800	-2108.500000
0.007900	-2816.969971
0.008000	-2648.290039
0.008100	-2175.979980
0.008200	-2580.820068
0.008300	-2423.379883
0.008400	-2175.979980
0.008500	-2333.409912
0.008600	-2333.409912
0.008700	-2513.340088
0.008800	-2558.330078
0.008900	-2535.830078
0.009000	-2592.060059
0.009100	-2715.760010
0.009200	-2805.729980
0.009300	-2670.780029
0.009400	-2670.780029
0.009500	-2693.270020
0.009600	-2580.820068
0.009700	-2400.889893
0.009800	-2490.850098
0.009900	-2580.820068
0.010000	-2277.189941
0.010100	-1973.560059
0.010200	-2130.989990
0.010300	-2355.909912
0.010400	-2288.429932
0.010500	-2400.889893
0.010600	-2625.800049
0.010700	-3300.530029
0.010800	-4492.560059
0.010900	-5549.640137
0.011000	-6944.089844
0.011100	-8383.519531
0.011200	-9665.509766
0.011300	-10362.700195
0.011400	-11217.400391
0.011500	-13129.099609
0.011600	-15288.299805
0.011700	-17087.599609
0.011800	-19134.300781
0.011900	-21203.400391
0.012000	-22597.900391
0.012100	-23182.699219
0.012200	-24251.000000
0.012300	-26578.800781
0.012400	-29581.400391
0.012500	-31729.300781
0.012600	-33978.398438
0.012700	-36666.101562
0.012800	-38319.199219
0.012900	-39736.101562
0.013000	-41198.000000
0.013100	-41681.601562
0.013200	-40658.199219
0.013300	-38038.000000
0.013400	-33753.500000
0.013500	-26477.599609
0.013600	-19415.400391
0.013700	-17559.900391
0.013800	-18459.500000
0.013900	-17717.300781
0.014000	-15738.099609
0.014100	-15288.299805
0.014200	-15906.799805
0.014300	-15040.900391
0.014400	-12859.200195
0.014500	-11768.400391
0.014600	-12207.000000
0.014700	-12072.099609
0.014800	-11577.299805
0.014900	-10992.500000
0.015000	-11082.500000
0.015100	-11847.099609
0.015200	-12207.000000
0.015300	-12207.000000
0.015400	-12566.900391
0.015500	-13916.299805
0.015600	-14905.900391
0.015700	-14433.599609
0.015800	-14006.299805
0.015900	-14118.799805
0.016000	-14096.299805
0.016100	-13848.900391
0.016200	-14276.200195
0.016300	-14276.200195
0.016400	-13646.400391
0.016500	-13601.500000
0.016600	-13916.299805
0.016700	-14231.200195
0.016800	-14928.400391
0.016900	-16457.800781
0.017000	-17649.900391
0.017100	-18335.800781
0.017200	-18459.500000
0.017300	-18144.699219
0.017400	-18234.599609
0.017500	-18212.099609
0.017600	-19021.800781
0.017700	-20753.599609
0.017800	-21945.699219
0.017900	-23632.500000
0.018000	-26219.000000
0.018100	-28175.699219
0.018200	-29255.300781
0.018300	-30919.599609
0.018400	-32021.699219
0.018500	-32494.000000
0.018600	-33258.699219
0.018700	-33618.500000
0.018800	-32449.000000
0.018900	-30784.699219
0.019000	-30042.400391
0.019100	-29334.000000
0.019200	-27995.800781
0.019300	-25746.599609
0.019400	-23812.400391
0.019500	-23497.500000
0.019600	-22058.099609
0.019700	-17604.900391
0.019800	-14388.599609
0.019900	-13961.299805
0.020000	-13713.900391
0.020100	-13826.400391
0.020200	-14995.900391
0.020300	-15895.500000
0.020400	-16345.400391
0.020500	-17267.500000
0.020600	-19134.300781
0.020700	-21068.500000
0.020800	-21968.099609
0.020900	-22080.599609
0.021000	-22080.599609
0.021100	-22597.900391
0.021200	-23857.400391
0.021300	-24734.500000
0.021400	-25206.900391
0.021500	-25724.199219
0.021600	-26084.000000
0.021700	-26353.900391
0.021800	-26466.400391
0.021900	-26488.900391
0.022000	-26106.500000
0.022100	-24993.199219
0.022200	-23857.400391
0.022300	-22305.500000
0.022400	-20168.900391
0.022500	-18751.900391
0.022600	-18684.400391
0.022700	-19134.300781
0.022800	-19044.300781
0.022900	-18706.900391
0.023000	-18572.000000
0.023100	-18954.300781
0.023200	-19494.099609
0.023300	-19550.400391
0.023400	-19246.699219
0.023500	-19089.300781
0.023600	-18999.300781
0.023700	-19134.300781
0.023800	-19550.400391
0.023900	-19899.000000
0.024000	-20461.199219
0.024100	-21405.900391
0.024200	-22080.599609
0.024300	-22642.900391
0.024400	-23407.599609
0.024500	-24172.300781
0.024600	-24892.000000
0.024700	-26039.000000
0.024800	-26871.199219
0.024900	-27141.099609
0.025000	-27411.000000
0.025100	-27366.000000
0.025200	-26916.199219
0.025300	-25971.599609
0.025400	-24262.199219
0.025500	-23677.500000
0.025600	-24914.500000
0.025700	-25881.599609
0.025800	-26129.000000
0.025900	-26826.199219
0.026000	-28580.500000
0.026100	-31099.500000
0.026200	-33461.101562
0.026300	-34799.300781
0.026400	-36002.601562
0.026500	-36857.300781
0.026600	-37442.000000
0.026700	-37959.300781
0.026800	-37914.300781
0.026900	-37891.800781
0.027000	-37554.500000
0.027100	-36879.699219
0.027200	-36519.898438
0.027300	-36047.601562
0.027400	-35372.800781
0.027500	-35035.500000
0.027600	-34743.101562
0.027700	-34270.800781
0.027800	-33843.398438
0.027900	-32943.800781
0.028000	-31391.900391
0.028100	-30289.900391
0.028200	-28974.099609
0.028300	-26601.300781
0.028400	-24892.000000
0.028500	-23722.500000
0.028600	-22013.099609
0.028700	-19943.900391
0.028800	-18706.900391
0.028900	-17694.800781
0.029000	-16480.300781
0.029100	-15535.700195
0.029200	-15040.900391
0.029300	-14636.000000
0.029400	-13938.799805
0.029500	-13196.599609
0.029600	-12814.299805
0.029700	-12297.000000
0.029800	-11892.099609
0.029900	-11847.099609
0.030000	-11487.299805
0.030100	-11172.400391
0.030200	-11082.500000
0.030300	-10947.500000
0.030400	-10610.099609
0.030500	-10002.900391
0.030600	-9912.910156
0.030700	-10542.700195
0.030800	-11127.400391
0.030900	-11015.000000
0.031000	-10767.599609
0.031100	-11015.000000
0.031200	-11149.900391
0.031300	-11307.400391
0.031400	-11667.200195
0.031500	-11937.099609
0.031600	-12139.500000
0.031700	-12274.500000
0.031800	-12544.400391
0.031900	-12836.799805
0.032000	-13219.099609
0.032100	-13579.000000
0.032200	-13781.400391
0.032300	-13826.400391
0.032400	-13736.400391
0.032500	-13511.500000
0.032600	-13376.500000
0.032700	-12791.799805
0.032800	-12049.599609
0.032900	-11554.799805
0.033000	-10947.500000
0.033100	-10452.700195
0.033200	-10835.000000
0.033300	-11442.299805
0.033400	-11599.700195
0.033500	-11329.900391
0.033600	-11048.700195
0.033700	-11127.400391
0.033800	-11262.400391
0.033900	-11487.299805
0.034000	-11869.599609
0.034100	-11937.099609
0.034200	-12072.099609
0.034300	-12364.400391
0.034400	-12544.400391
0.034500	-12611.799805
0.034600	-12476.900391
0.034700	-12252.000000
0.034800	-12072.099609
0.034900	-11712.200195
0.035000	-11172.400391
0.035100	-10745.099609
0.035200	-10587.599609
0.035300	-10419.000000
0.035400	-10104.099609
0.035500	-9867.929688
0.035600	-9789.209961
0.035700	-9777.969727
0.035800	-9485.580078
0.035900	-9350.639648
0.036000	-9440.599609
0.036100	-9395.620117
0.036200	-9283.160156
0.036300	-9418.110352
0.036400	-9463.089844
0.036500	-9373.129883
0.036600	-9373.129883
0.036700	-9283.160156
0.036800	-9305.660156
0.036900	-9305.660156
0.037000	-9148.219727
0.037100	-8990.780273
0.037200	-8900.820312
0.037300	-8720.889648
0.037400	-8653.410156
0.037500	-8788.360352
0.037600	-8495.980469
0.037700	-8158.609863
0.037800	-8338.540039
0.037900	-8248.570312
0.038000	-7978.680176
0.038100	-7978.680176
0.038200	-8001.169922
0.038300	-8046.149902
0.038400	-8034.910156
0.038500	-8293.559570
0.038600	-8473.480469
0.038700	-8540.959961
0.038800	-8833.339844
0.038900	-9103.240234
0.039000	-9328.150391
0.039100	-9463.089844
0.039200	-9643.019531
0.039300	-9800.459961
0.039400	-9890.419922
0.039500	-10047.900391
0.039600	-10137.799805
0.039700	-10317.799805
0.039800	-10520.200195
0.039900	-10362.700195
0.040000	-10059.099609
0.040100	-10205.299805
0.040200	-10014.099609
0.040300	-9867.929688
0.040400	-9822.950195
0.040500	-9148.219727
0.040600	-8957.040039
0.040700	-9215.690430
0.040800	-8833.339844
0.040900	-8316.049805
0.041000	-8259.820312
0.041100	-8248.570312
0.041200	-8113.629883
0.041300	-7866.220215
0.041400	-7618.819824
0.041500	-7303.950195
0.041600	-7034.049805
0.041700	-6741.669922
0.041800	-6449.290039
0.041900	-6516.759766
0.042000	-6449.290039
0.042100	-6111.919922
0.042200	-6044.450195
0.042300	-6111.919922
0.042400	-5909.500000
0.042500	-5842.029785
0.042600	-5842.029785
0.042700	-5797.040039
0.042800	-5797.040039
0.042900	-5909.500000
0.043000	-6044.450195
0.043100	-5999.459961
0.043200	-5976.970215
0.043300	-5976.970215
0.043400	-5875.759766
0.043500	-5965.729980
0.043600	-6280.600098
0.043700	-6359.319824
0.043800	-6359.319824
0.043900	-6449.290039
0.044000	-6584.229980
0.044100	-6786.649902
0.044200	-6809.140137
0.044300	-6741.669922
0.044400	-6786.649902
0.044500	-6944.089844
0.044600	-7079.040039
0.044700	-7079.040039
0.044800	-6966.580078
0.044900	-6989.069824
0.045000	-7011.560059
0.045100	-7056.549805
0.045200	-7056.549805
0.045300	-6854.129883
0.045400	-6854.129883
0.045500	-7034.049805
0.045600	-6921.600098
0.045700	-6831.629883
0.045800	-6775.410156
0.045900	-6651.709961
0.046000	-6584.229980
0.046100	-6629.209961
0.046200	-6471.779785
0.046300	-6269.359863
0.046400	-6224.370117
0.046500	-6359.319824
0.046600	-6359.319824
0.046700	-6348.080078
0.046800	-6393.060059
0.046900	-6426.790039
0.047000	-6561.740234
0.047100	-6741.669922
0.047200	-6719.180176
0.047300	-6809.140137
0.047400	-6831.629883
0.047500	-6809.140137
0.047600	-6899.109863
0.047700	-7034.049805
0.047800	-7079.040039
0.047900	-6921.600098
0.048000	-6809.140137
0.048100	-6786.649902
0.048200	-6741.669922
0.048300	-6629.209961
0.048400	-6471.779785
0.048500	-6359.319824
0.048600	-6381.810059
0.048700	-6944.089844
0.048800	-7169.000000
0.048900	-7135.259766
0.049000	-7393.910156
0.049100	-7618.819824
0.049200	-7686.299805
0.049300	-7663.799805
0.049400	-7708.790039
0.049500	-7776.259766
0.049600	-7854.979980
0.049700	-7866.220215
0.049800	-7911.209961
0.049900	-7978.680176
0.050000	-7888.720215
0.050100	-7911.209961
0.050200	-8001.169922
0.050300	-8068.640137
0.050400	-8248.570312
0.050500	-8248.570312
0.050600	-8158.609863
0.050700	-8248.570312
0.050800	-8226.080078
0.050900	-8113.629883
0.051000	-8113.629883
0.051100	-8271.059570
0.051200	-8316.049805
0.051300	-8248.570312
0.051400	-8338.540039
0.051500	-8383.519531
0.051600	-8428.500000
0.051700	-8428.500000
0.051800	-8585.940430
0.051900	-8788.360352
0.052000	-8844.589844
0.052100	-8810.849609
0.052200	-9058.250000
0.052300	-9125.730469
0.052400	-9125.730469
0.052500	-9215.690430
0.052600	-9350.639648
0.052700	-9440.599609
0.052800	-9238.179688
0.052900	-9193.200195
0.053000	-9148.219727
0.053100	-8968.290039
0.053200	-8833.339844
0.053300	-8788.360352
0.053400	-8878.320312
0.053500	-8990.780273
0.053600	-8979.530273
0.053700	-9080.740234
0.053800	-9148.219727
0.053900	-9058.250000
0.054000	-8923.309570
0.054100	-8833.339844
0.054200	-8720.889648
0.054300	-8563.450195
0.054400	-8518.469727
0.054500	-8450.990234
0.054600	-8372.269531
0.054700	-8293.559570
0.054800	-8293.559570
0.054900	-8068.640137
0.055000	-8248.570312
0.055100	-8361.030273
0.055200	-8113.629883
0.055300	-7978.680176
0.055400	-7776.259766
0.055500	-7528.859863
0.055600	-7495.120117
0.055700	-7618.819824
0.055800	-7528.859863
0.055900	-7348.930176
0.056000	-7202.740234
0.056100	-7146.509766
0.056200	-7090.279785
0.056300	-7180.250000
0.056400	-7258.970215
0.056500	-7393.910156
0.056600	-7495.120117
0.056700	-7506.370117
0.056800	-7483.879883
0.056900	-7551.350098
0.057000	-7641.310059
0.057100	-7663.799805
0.057200	-7708.790039
0.057300	-7663.799805
0.057400	-7663.799805
0.057500	-7618.819824
0.057600	-7573.839844
0.057700	-7483.879883
0.057800	-7528.859863
0.057900	-7472.629883
0.058000	-7483.879883
0.058100	-7528.859863
0.058200	-7618.819824
0.058300	-7618.819824
0.058400	-7551.350098
0.058500	-7438.890137
0.058600	-7225.229980
0.058700	-7011.560059
0.058800	-7011.560059
0.058900	-7034.049805
0.059000	-6820.390137
0.059100	-6651.709961
0.059200	-6696.689941
0.059300	-6764.160156
0.059400	-6809.140137
0.059500	-6809.140137
0.059600	-6966.580078
0.059700	-7034.049805
0.059800	-7191.490234
0.059900	-7438.890137
0.060000	-7483.879883
0.060100	-7506.370117
0.060200	-7528.859863
0.060300	-7506.370117
0.060400	-7618.819824
0.060500	-7618.819824
0.060600	-7573.839844
0.060700	-7641.310059
0.060800	-7573.839844
0.060900	-7506.370117
0.061000	-7528.859863
0.061100	-7438.890137
0.061200	-7292.700195
0.061300	-7348.930176
0.061400	-7258.970215
0.061500	-7034.049805
0.061600	-6876.620117
0.061700	-6831.629883
0.061800	-6809.140137
0.061900	-6831.629883
0.062000	-6741.669922
0.062100	-6674.200195
0.062200	-6651.709961
0.062300	-6584.229980
0.062400	-6449.290039
0.062500	-6359.319824
0.062600	-6314.339844
0.062700	-6314.339844
0.062800	-6336.830078
0.062900	-6246.870117
0.063000	-6201.879883
0.063100	-6156.899902
0.063200	-6269.359863
0.063300	-6381.810059
0.063400	-6381.810059
0.063500	-6280.600098
0.063600	-6224.370117
0.063700	-6089.430176
0.063800	-6021.950195
0.063900	-5931.990234
0.064000	-5819.529785
0.064100	-5662.100098
0.064200	-5594.620117
0.064300	-5504.660156
0.064400	-5437.189941
0.064500	-5380.959961
0.064600	-5257.259766
0.064700	-5234.770020
0.064800	-5279.750000
0.064900	-5144.799805
0.065000	-5009.859863
0.065100	-5009.859863
0.065200	-4886.149902
0.065300	-4739.959961
0.065400	-4672.490234
0.065500	-4605.020020
0.065600	-4425.089844
0.065700	-4290.140137
0.065800	-4335.120117
0.065900	-4357.609863
0.066000	-4155.189941
0.066100	-4110.209961
0.066200	-3975.260010
0.066300	-3874.050049
0.066400	-3817.830078
0.066500	-3772.840088
0.066600	-3705.370117
0.066700	-3660.389893
0.066800	-3615.409912
0.066900	-3570.419922
0.067000	-3570.419922
0.067100	-3660.389893
0.067200	-3615.409912
0.067300	-3570.419922
0.067400	-3502.949951
0.067500	-3536.689941
0.067600	-3604.159912
0.067700	-3570.419922
0.067800	-3480.459961
0.067900	-3480.459961
0.068000	-3547.929932
0.068100	-3480.459961
0.068200	-3435.479980
0.068300	-3502.949951
0.068400	-3457.969971
0.068500	-3345.510010
0.068600	-3210.570068
0.068700	-3255.550049
0.068800	-3278.040039
0.068900	-3233.060059
0.069000	-3300.530029
0.069100	-3412.989990
0.069200	-3345.510010
0.069300	-3255.550049
0.069400	-3300.530029
0.069500	-3502.949951
0.069600	-3570.419922
0.069700	-3412.989990
0.069800	-3412.989990
0.069900	-3615.409912
0.070000	-3660.389893
0.070100	-3660.389893
0.070200	-3682.879883
0.070300	-3727.860107
0.070400	-3795.340088
0.070500	-3885.300049
0.070600	-3840.320068
0.070700	-3750.350098
0.070800	-3795.340088
0.070900	-3952.770020
0.071000	-3930.280029
0.071100	-3817.830078
0.071200	-3862.810059
0.071300	-3885.300049
0.071400	-3750.350098
0.071500	-3716.620117
0.071600	-3806.580078
0.071700	-3795.340088
0.071800	-3750.350098
0.071900	-3750.350098
0.072000	-3817.830078
0.072100	-3874.050049
0.072200	-3840.320068
0.072300	-3772.840088
0.072400	-3772.840088
0.072500	-3772.840088
0.072600	-3840.320068
0.072700	-3885.300049
0.072800	-3862.810059
0.072900	-3907.790039
0.073000	-4020.250000
0.073100	-4020.250000
0.073200	-3975.260010
0.073300	-3941.530029
0.073400	-4110.209961
0.073500	-4200.180176
0.073600	-4200.180176
0.073700	-4245.160156
0.073800	-4357.609863
0.073900	-4425.089844
0.074000	-4492.560059
0.074100	-4560.029785
0.074200	-4515.049805
0.074300	-4605.020020
0.074400	-4627.509766
0.074500	-4627.509766
0.074600	-4627.509766
0.074700	-4582.520020
0.074800	-4425.089844
0.074900	-4492.560059
0.075000	-4627.509766
0.075100	-4605.020020
0.075200	-4470.069824
0.075300	-4470.069824
0.075400	-4515.049805
0.075500	-4560.029785
0.075600	-4515.049805
0.075700	-4470.069824
0.075800	-4470.069824
0.075900	-4436.330078
0.076000	-4537.540039
0.076100	-4605.020020
0.076200	-4616.259766
0.076300	-4605.020020
0.076400	-4582.520020
0.076500	-4492.560059
0.076600	-4470.069824
0.076700	-4560.029785
0.076800	-4560.029785
0.076900	-4582.520020
0.077000	-4627.509766
0.077100	-4694.979980
0.077200	-4739.959961
0.077300	-4650.000000
0.077400	-4650.000000
0.077500	-4672.490234
0.077600	-4650.000000
0.077700	-4650.000000
0.077800	-4616.259766
0.077900	-4627.509766
0.078000	-4672.490234
0.078100	-4650.000000
0.078200	-4582.520020
0.078300	-4560.029785
0.078400	-4447.580078
0.078500	-4492.560059
0.078600	-4605.020020
0.078700	-4672.490234
0.078800	-4605.020020
0.078900	-4492.560059
0.079000	-4582.520020
0.079100	-4605.020020
0.079200	-4605.020020
0.079300	-4582.520020
0.079400	-4605.020020
0.079500	-4605.020020
0.079600	-4582.520020
0.079700	-4515.049805
0.079800	-4470.069824
0.079900	-4470.069824
0.080000	-4425.089844
0.080100	-4312.629883
0.080200	-4335.120117
0.080300	-4402.600098
0.080400	-4425.089844
0.080500	-4402.600098
0.080600	-4301.390137
0.080700	-4155.189941
0.080800	-4132.700195
0.080900	-4110.209961
0.081000	-4065.229980
0.081100	-4110.209961
0.081200	-4065.229980
0.081300	-3975.260010
0.081400	-3941.530029
0.081500	-3952.770020
0.081600	-4020.250000
0.081700	-4020.250000
0.081800	-3975.260010
0.081900	-3975.260010
0.082000	-3930.280029
0.082100	-3840.320068
0.082200	-3750.350098
0.082300	-3750.350098
0.082400	-3817.830078
0.082500	-3806.580078
0.082600	-3727.860107
0.082700	-3705.370117
0.082800	-3772.840088
0.082900	-3660.389893
0.083000	-3525.439941
0.083100	-3435.479980
0.083200	-3435.479980
0.083300	-3446.719971
0.083400	-3412.989990
0.083500	-3345.510010
0.083600	-3323.020020
0.083700	-3300.530029
0.083800	-3345.510010
0.083900	-3233.060059
0.084000	-3098.110107
0.084100	-3053.129883
0.084200	-3120.600098
0.084300	-3030.639893
0.084400	-2895.689941
0.084500	-2873.199951
0.084600	-2873.199951
0.084700	-2805.729980
0.084800	-2850.709961
0.084900	-2805.729980
0.085000	-2805.729980
0.085100	-2738.250000
0.085200	-2682.030029
0.085300	-2637.040039
0.085400	-2558.330078
0.085500	-2490.850098
0.085600	-2513.340088
0.085700	-2468.360107
0.085800	-2445.870117
0.085900	-2513.340088
0.086000	-2490.850098
0.086100	-2333.409912
0.086200	-2265.939941
0.086300	-2243.449951
0.086400	-2041.030029
0.086500	-2041.030029
0.086600	-1951.069946
0.086700	-1861.099976
0.086800	-1951.069946
0.086900	-1951.069946
0.087000	-1906.079956
0.087100	-1861.099976
0.087200	-1861.099976
0.087300	-1726.150024
0.087400	-1658.680054
0.087500	-1613.699951
0.087600	-1636.189941
0.087700	-1681.170044
0.087800	-1591.209961
0.087900	-1501.239990
0.088000	-1411.280029
0.088100	-1276.329956
0.088200	-1186.369995
0.088300	-1096.400024
0.088400	-1096.400024
0.088500	-1208.859985
0.088600	-1186.369995
0.088700	-1073.910034
0.088800	-1028.930054
0.088900	-1051.420044
0.089000	-1028.930054
0.089100	-1006.440002
0.089200	-972.703003
0.089300	-871.492981
0.089400	-714.054993
0.089500	-736.546021
0.089600	-860.247009
0.089700	-781.528015
0.089800	-714.054993
0.089900	-736.546021
0.090000	-691.564026
0.090100	-624.091003
0.090200	-601.598999
0.090300	-669.072998
0.090400	-714.054993
0.090500	-691.564026
0.090600	-624.091003
0.090700	-669.072998
0.090800	-624.091003
0.090900	-489.144012
0.091000	-511.635010
0.091100	-556.617004
0.091200	-511.635010
0.091300	-511.635010
0.091400	-489.144012
0.091500	-354.196991
0.091600	-376.687988
0.091700	-477.898010
0.091800	-399.179993
0.091900	-297.970001
0.092000	-354.196991
0.092100	-241.742004
0.092200	-264.233002
0.092300	-376.687988
0.092400	-399.179993
0.092500	-331.705994
0.092600	-264.233002
0.092700	-309.214996
0.092800	-196.759995
0.092900	-151.776993
0.093000	-196.759995
0.093100	-219.251007
0.093200	-219.251007
0.093300	-219.251007
0.093400	-196.759995
0.093500	-309.214996
0.093600	-342.951996
0.093700	-331.705994
0.093800	-264.233002
0.093900	-286.723999
0.094000	-241.742004
0.094100	-309.214996
0.094200	-365.442993
0.094300	-196.759995
0.094400	-39.321899
0.094500	-106.794998
0.094600	-174.268997
0.094700	-174.268997
0.094800	-196.759995
0.094900	-151.776993
0.095000	-151.776993
0.095100	-118.041000
0.095200	-106.794998
0.095300	-174.268997
0.095400	-129.285995
0.095500	-61.813000
0.095600	-106.794998
0.095700	-151.776993
0.095800	-241.742004
0.095900	-196.759995
0.096000	-61.813000
0.096100	-61.813000
0.096200	-95.549698
0.096300	-73.058601
0.096400	-151.776993
0.096500	-185.514008
0.096600	-129.285995
0.096700	-106.794998
0.096800	-151.776993
0.096900	-151.776993
0.097000	-106.794998
0.097100	-61.813000
0.097200	-106.794998
0.097300	-106.794998
0.097400	-129.285995
0.097500	-151.776993
0.097600	-118.041000
0.097700	-84.304100
0.097800	-39.321899
0.097900	-106.794998
0.098000	-84.304100
0.098100	5.660260
0.098200	28.151400
0.098300	28.151400
0.098400	-16.830799
0.098500	61.888000
0.098600	28.151400
0.098700	-16.830799
0.098800	-61.813000
0.098900	-16.830799
0.099000	-84.304100
0.099100	-61.813000
0.099200	16.905800
0.099300	-28.076401
0.099400	-84.304100
0.099500	-61.813000
0.099600	28.151400
0.099700	28.151400
0.099800	5.660260
0.099900	-16.830799
0.100000	28.151400
0.100100	-73.058601
0.100200	-151.776993
0.100300	-106.794998
0.100400	16.905800
0.100500	118.115997
0.100600	118.115997
0.100700	50.642502
0.100800	28.151400
0.100900	28.151400
0.101000	28.151400
0.101100	-106.794998
0.101200	-174.268997
0.101300	-151.776993
0.101400	-151.776993
0.101500	-174.268997
0.101600	-61.813000
0.101700	-61.813000
0.101800	-106.794998
0.101900	-106.794998
0.102000	-61.813000
0.102100	-61.813000
0.102200	-61.813000
0.102300	-16.830799
0.102400	-106.794998
0.102500	-219.251007
0.102600	-196.759995
0.102700	-61.813000
0.102800	-84.304100
0.102900	-174.268997
0.103000	-174.268997
0.103100	-106.794998
0.103200	-106.794998
0.103300	-129.285995
0.103400	-129.285995
0.103500	-84.304100
0.103600	-106.794998
0.103700	-151.776993
0.103800	-151.776993
0.103900	-61.813000
0.104000	-106.794998
0.104100	-129.285995
0.104200	-61.813000
0.104300	-73.058601
0.104400	-151.776993
0.104500	-151.776993
0.104600	-106.794998
0.104700	-84.304100
0.104800	-106.794998
0.104900	-84.304100
0.105000	-16.830799
0.105100	-39.321899
0.105200	-61.813000
0.105300	5.660260
0.105400	5.660260
0.105500	-73.058601
0.105600	-61.813000
0.105700	-16.830799
0.105800	-84.304100
0.105900	-16.830799
0.106000	95.624702
0.106100	73.133598
0.106200	5.660260
0.106300	5.660260
0.106400	-39.321899
0.106500	-61.813000
0.106600	-151.776993
0.106700	-106.794998
0.106800	-16.830799
0.106900	50.642502
0.107000	5.660260
0.107100	-16.830799
0.107200	-84.304100
0.107300	-39.321899
0.107400	16.905800
0.107500	-5.585290
0.107600	28.151400
0.107700	28.151400
0.107800	28.151400
0.107900	28.151400
0.108000	-84.304100
0.108100	-39.321899
0.108200	-84.304100
0.108300	-84.304100
0.108400	-84.304100
0.108500	28.151400
0.108600	163.098007
0.108700	73.133598
0.108800	73.133598
0.108900	151.852005
0.109000	106.870003
0.109100	50.642502
0.109200	28.151400
0.109300	-61.813000
0.109400	28.151400
0.109500	50.642502
0.109600	28.151400
0.109700	-39.321899
0.109800	-73.058601
0.109900	5.660260
0.110000	73.133598
0.110100	5.660260
0.110200	-16.830799
0.110300	-16.830799
0.110400	-16.830799
0.110500	28.151400
0.110600	28.151400
0.110700	5.660260
0.110800	28.151400
0.110900	73.133598
0.111000	28.151400
0.111100	-16.830799
0.111200	-16.830799
0.111300	-61.813000
0.111400	-39.321899
0.111500	28.151400
0.111600	73.133598
0.111700	73.133598
0.111800	84.379097
0.111900	151.852005
0.112000	163.098007
0.112100	50.642502
0.112200	-129.285995
0.112300	-73.058601
0.112400	28.151400
0.112500	118.115997
0.112600	118.115997
0.112700	28.151400
0.112800	50.642502
0.112900	118.115997
0.113000	50.642502
0.113100	118.115997
0.113200	185.589005
0.113300	95.624702
0.113400	5.660260
0.113500	-16.830799
0.113600	28.151400
0.113700	95.624702
0.113800	61.888000
0.113900	73.133598
0.114000	61.888000
0.114100	118.115997
0.114200	95.624702
0.114300	50.642502
0.114400	84.379097
0.114500	50.642502
0.114600	28.151400
0.114700	50.642502
0.114800	-16.830799
0.114900	28.151400
0.115000	61.888000
0.115100	118.115997
0.115200	73.133598
0.115300	5.660260
0.115400	28.151400
0.115500	28.151400
0.115600	28.151400
0.115700	73.133598
0.115800	73.133598
0.115900	73.133598
0.116000	95.624702
0.116100	118.115997
0.116200	140.606995
0.116300	140.606995
0.116400	118.115997
0.116500	61.888000
0.116600	5.660260
0.116700	50.642502
0.116800	106.870003
0.116900	73.133598
0.117000	95.624702
0.117100	73.133598
0.117200	28.151400
0.117300	118.115997
0.117400	-16.830799
0.117500	-84.304100
0.117600	5.660260
0.117700	5.660260
0.117800	-16.830799
0.117900	-151.776993
0.118000	-61.813000
0.118100	-61.813000
0.118200	-61.813000
0.118300	-61.813000
0.118400	-39.321899
0.118500	5.660260
0.118600	28.151400
0.118700	73.133598
0.118800	28.151400
0.118900	-16.830799
0.119000	28.151400
0.119100	50.642502
0.119200	16.905800
0.119300	-16.830799
0.119400	50.642502
0.119500	50.642502
0.119600	5.660260
0.119700	-39.321899
0.119800	-16.830799
0.119900	28.151400
0.120000	73.133598
0.120100	73.133598
0.120200	73.133598
0.120300	28.151400
0.120400	5.660260
0.120500	-61.813000
0.120600	-39.321899
0.120700	50.642502
0.120800	118.115997
0.120900	73.133598
0.121000	50.642502
0.121100	-61.813000
0.121200	-61.813000
0.121300	-84.304100
0.121400	-16.830799
0.121500	28.151400
0.121600	28.151400
0.121700	28.151400
0.121800	50.642502
0.121900	50.642502
0.122000	5.660260
0.122100	-16.830799
0.122200	-28.076401
0.122300	163.098007
0.122400	185.589005
0.122500	28.151400
0.122600	28.151400
0.122700	73.133598
0.122800	-84.304100
0.122900	-129.285995
0.123000	5.660260
0.123100	73.133598
0.123200	-16.830799
0.123300	-106.794998
0.123400	-61.813000
0.123500	118.115997
0.123600	95.624702
0.123700	-61.813000
0.123800	5.660260
0.123900	73.133598
0.124000	118.115997
0.124100	174.343994
0.124200	208.080002
0.124300	118.115997
0.124400	73.133598
0.124500	50.642502
0.124600	5.660260
0.124700	-39.321899
0.124800	61.888000
0.124900	95.624702
0.125000	50.642502
0.125100	73.133598
0.125200	84.379097
0.125300	28.151400
0.125400	118.115997
0.125500	196.835007
0.125600	28.151400
0.125700	-16.830799
0.125800	16.905800
0.125900	-39.321899
0.126000	-61.813000
0.126100	28.151400
0.126200	73.133598
0.126300	-16.830799
0.126400	-106.794998
0.126500	-106.794998
0.126600	-151.776993
0.126700	-106.794998
0.126800	5.660260
0.126900	16.905800
0.127000	28.151400
0.127100	5.660260
0.127200	28.151400
0.127300	28.151400
0.127400	-95.549698
0.127500	-151.776993
0.127600	-61.813000
0.127700	-73.058601
0.127800	-106.794998
0.127900	-16.830799
0.128000	-61.813000
0.128100	-16.830799
0.128200	28.151400
0.128300	28.151400
0.128400	28.151400
0.128500	-84.304100
0.128600	-84.304100
0.128700	5.660260
0.128800	-61.813000
0.128900	16.905800
0.129000	28.151400
0.129100	-151.776993
0.129200	-106.794998
0.129300	-84.304100
0.129400	-129.285995
0.129500	-106.794998
0.129600	-16.830799
0.129700	-16.830799
0.129800	28.151400
0.129900	73.133598
0.130000	-16.830799
0.130100	-61.813000
0.130200	-28.076401
0.130300	-16.830799
0.130400	-16.830799
0.130500	-16.830799
0.130600	5.660260
0.130700	28.151400
0.130800	-16.830799
0.130900	-84.304100
0.131000	5.660260
0.131100	5.660260
0.131200	-84.304100
0.131300	-61.813000
0.131400	5.660260
0.131500	50.642502
0.131600	5.660260
0.131700	28.151400
0.131800	16.905800
0.131900	-16.830799
0.132000	-84.304100
0.132100	-84.304100
0.132200	-61.813000
0.132300	-61.813000
0.132400	-61.813000
0.132500	-106.794998
0.132600	-61.813000
0.132700	5.660260
0.132800	50.642502
0.132900	73.133598
0.133000	118.115997
0.133100	118.115997
0.133200	28.151400
0.133300	118.115997
0.133400	140.606995
0.133500	-16.830799
0.133600	-39.321899
0.133700	118.115997
0.133800	140.606995
0.133900	-118.041000
0.134000	-28.076401
0.134100	73.133598
0.134200	28.151400
0.134300	50.642502
0.134400	28.151400
0.134500	-28.076401
0.134600	-39.321899
0.134700	28.151400
0.134800	73.133598
0.134900	118.115997
0.135000	95.624702
0.135100	28.151400
0.135200	28.151400
0.135300	73.133598
0.135400	73.133598
0.135500	50.642502
0.135600	-16.830799
0.135700	-16.830799
0.135800	5.660260
0.135900	28.151400
0.136000	-39.321899
0.136100	-39.321899
0.136200	50.642502
0.136300	73.133598
0.136400	140.606995
0.136500	73.133598
0.136600	73.133598
0.136700	73.133598
0.136800	118.115997
0.136900	95.624702
0.137000	73.133598
0.137100	73.133598
0.137200	50.642502
0.137300	95.624702
0.137400	118.115997
0.137500	106.870003
0.137600	61.888000
0.137700	73.133598
0.137800	118.115997
0.137900	95.624702
0.138000	73.133598
0.138100	118.115997
0.138200	163.098007
0.138300	185.589005
0.138400	118.115997
0.138500	118.115997
0.138600	28.151400
0.138700	5.660260
0.138800	-39.321899
0.138900	-28.076401
0.139000	28.151400
0.139100	73.133598
0.139200	151.852005
0.139300	163.098007
0.139400	140.606995
0.139500	95.624702
0.139600	16.905800
0.139700	50.642502
0.139800	28.151400
0.139900	5.660260
0.140000	5.660260
0.140100	50.642502
0.140200	50.642502
0.140300	28.151400
0.140400	-61.813000
0.140500	-39.321899
0.140600	151.852005
0.140700	185.589005
0.140800	140.606995
0.140900	28.151400
0.141000	5.660260
0.141100	-61.813000
0.141200	28.151400
0.141300	163.098007
0.141400	208.080002
0.141500	95.624702
0.141600	28.151400
0.141700	-61.813000
0.141800	-16.830799
0.141900	73.133598
0.142000	28.151400
0.142100	28.151400
0.142200	73.133598
0.142300	118.115997
0.142400	50.642502
0.142500	61.888000
0.142600	28.151400
0.142700	-39.321899
0.142800	-61.813000
0.142900	-39.321899
0.143000	5.660260
0.143100	-16.830799
0.143200	-16.830799
0.143300	16.905800
0.143400	95.624702
0.143500	28.151400
0.143600	-61.813000
0.143700	-106.794998
0.143800	-61.813000
0.143900	28.151400
0.144000	95.624702
0.144100	118.115997
0.144200	118.115997
0.144300	28.151400
0.144400	5.660260
0.144500	118.115997
0.144600	118.115997
0.144700	73.133598
0.144800	50.642502
0.144900	-16.830799
0.145000	-61.813000
0.145100	-5.585290
0.145200	118.115997
0.145300	95.624702
0.145400	28.151400
0.145500	50.642502
0.145600	50.642502
0.145700	28.151400
0.145800	5.660260
0.145900	28.151400
0.146000	28.151400
0.146100	-16.830799
0.146200	28.151400
0.146300	95.624702
0.146400	28.151400
0.146500	-16.830799
0.146600	28.151400
0.146700	118.115997
0.146800	50.642502
0.146900	28.151400
0.147000	95.624702
0.147100	73.133598
0.147200	50.642502
0.147300	61.888000
0.147400	28.151400
0.147500	73.133598
0.147600	28.151400
0.147700	28.151400
0.147800	28.151400
0.147900	95.624702
0.148000	151.852005
0.148100	95.624702
0.148200	-61.813000
0.148300	-61.813000
0.148400	5.660260
0.148500	73.133598
0.148600	118.115997
0.148700	118.115997
0.148800	84.379097
0.148900	50.642502
0.149000	73.133598
0.149100	163.098007
0.149200	140.606995
0.149300	73.133598
0.149400	28.151400
0.149500	5.660260
0.149600	5.660260
0.149700	5.660260
0.149800	5.660260
0.149900	95.624702
0.150000	73.133598
0.150100	5.660260
0.150200	16.905800
0.150300	95.624702
0.150400	95.624702
0.150500	28.151400
0.150600	28.151400
0.150700	16.905800
0.150800	118.115997
0.150900	118.115997
0.151000	118.115997
0.151100	118.115997
0.151200	118.115997
0.151300	95.624702
0.151400	106.870003
0.151500	28.151400
0.151600	73.133598
0.151700	95.624702
0.151800	50.642502
0.151900	5.660260
0.152000	-61.813000
0.152100	-28.076401
0.152200	5.660260
0.152300	-16.830799
0.152400	5.660260
0.152500	28.151400
0.152600	50.642502
0.152700	28.151400
0.152800	5.660260
0.152900	28.151400
0.153000	5.660260
0.153100	-16.830799
0.153200	50.642502
0.153300	140.606995
0.153400	95.624702
0.153500	-73.058601
0.153600	-61.813000
0.153700	95.624702
0.153800	140.606995
0.153900	73.133598
0.154000	-16.830799
0.154100	-16.830799
0.154200	118.115997
0.154300	140.606995
0.154400	50.642502
0.154500	73.133598
0.154600	73.133598
0.154700	50.642502
0.154800	163.098007
0.154900	84.379097
0.155000	28.151400
0.155100	28.151400
0.155200	73.133598
0.155300	28.151400
0.155400	73.133598
0.155500	28.151400
0.155600	28.151400
0.155700	73.133598
0.155800	106.870003
0.155900	95.624702
0.156000	95.624702
0.156100	118.115997
0.156200	73.133598
0.156300	73.133598
0.156400	118.115997
0.156500	163.098007
0.156600	73.133598
0.156700	28.151400
0.156800	-5.585290
0.156900	73.133598
0.157000	140.606995
0.157100	73.133598
0.157200	73.133598
0.157300	73.133598
0.157400	118.115997
0.157500	95.624702
0.157600	50.642502
0.157700	73.133598
0.157800	118.115997
0.157900	28.151400
0.158000	73.133598
0.158100	140.606995
0.158200	28.151400
0.158300	-16.830799
0.158400	73.133598
0.158500	106.870003
0.158600	28.151400
0.158700	50.642502
0.158800	-84.304100
0.158900	-118.041000
0.159000	5.660260
0.159100	50.642502
0.159200	61.888000
0.159300	73.133598
0.159400	50.642502
0.159500	28.151400
0.159600	73.133598
0.159700	73.133598
0.159800	95.624702
0.159900	118.115997
0.160000	118.115997
0.160100	16.905800
0.160200	95.624702
0.160300	185.589005
0.160400	73.133598
0.160500	28.151400
0.160600	-16.830799
0.160700	28.151400
0.160800	-16.830799
0.160900	-16.830799
0.161000	5.660260
0.161100	-16.830799
0.161200	-61.813000
0.161300	-61.813000
0.161400	5.660260
0.161500	28.151400
0.161600	-16.830799
0.161700	5.660260
0.161800	28.151400
0.161900	5.660260
0.162000	28.151400
0.162100	118.115997
0.162200	185.589005
0.162300	50.642502
0.162400	73.133598
0.162500	163.098007
0.162600	118.115997
0.162700	73.133598
0.162800	28.151400
0.162900	5.660260
0.163000	73.133598
0.163100	118.115997
0.163200	5.660260
0.163300	-16.830799
0.163400	118.115997
0.163500	118.115997
0.163600	151.852005
0.163700	73.133598
0.163800	-28.076401
0.163900	5.660260
0.164000	-16.830799
0.164100	50.642502
0.164200	50.642502
0.164300	50.642502
0.164400	28.151400
0.164500	28.151400
0.164600	28.151400
0.164700	73.133598
0.164800	118.115997
0.164900	50.642502
0.165000	73.133598
0.165100	73.133598
0.165200	16.905800
0.165300	5.660260
0.165400	5.660260
0.165500	5.660260
0.165600	-16.830799
0.165700	5.660260
0.165800	-16.830799
0.165900	-16.830799
0.166000	-61.813000
0.166100	28.151400
0.166200	140.606995
0.166300	73.133598
0.166400	28.151400
0.166500	50.642502
0.166600	73.133598
0.166700	50.642502
0.166800	5.660260
0.166900	28.151400
0.167000	50.642502
0.167100	-16.830799
0.167200	-61.813000
0.167300	-61.813000
0.167400	-129.285995
0.167500	-61.813000
0.167600	28.151400
0.167700	28.151400
0.167800	61.888000
0.167900	28.151400
0.168000	-16.830799
0.168100	-16.830799
0.168200	28.151400
0.168300	140.606995
0.168400	118.115997
0.168500	5.660260
0.168600	-106.794998
0.168700	-61.813000
0.168800	28.151400
0.168900	-61.813000
0.169000	-16.830799
0.169100	73.133598
0.169200	95.624702
0.169300	50.642502
0.169400	28.151400
0.169500	-16.830799
0.169600	-61.813000
0.169700	-16.830799
0.169800	-106.794998
0.169900	-84.304100
0.170000	118.115997
0.170100	118.115997
0.170200	50.642502
0.170300	5.660260
0.170400	-61.813000
0.170500	95.624702
0.170600	208.080002
0.170700	95.624702
0.170800	50.642502
0.170900	95.624702
0.171000	73.133598
0.171100	118.115997
0.171200	28.151400
0.171300	28.151400
0.171400	28.151400
0.171500	28.151400
0.171600	50.642502
0.171700	163.098007
0.171800	140.606995
0.171900	50.642502
0.172000	-16.830799
0.172100	-39.321899
0.172200	-39.321899
0.172300	-16.830799
0.172400	-39.321899
0.172500	73.133598
0.172600	61.888000
0.172700	28.151400
0.172800	73.133598
0.172900	50.642502
0.173000	118.115997
0.173100	95.624702
0.173200	5.660260
0.173300	-61.813000
0.173400	-16.830799
0.173500	50.642502
0.173600	73.133598
0.173700	73.133598
0.173800	73.133598
0.173900	28.151400
0.174000	28.151400
0.174100	-16.830799
0.174200	-16.830799
0.174300	28.151400
0.174400	28.151400
0.174500	73.133598
0.174600	50.642502
0.174700	50.642502
0.174800	95.624702
0.174900	73.133598
0.175000	39.396900
0.175100	5.660260
0.175200	73.133598
0.175300	61.888000
0.175400	73.133598
0.175500	73.133598
0.175600	95.624702
0.175700	95.624702
0.175800	28.151400
0.175900	28.151400
0.176000	61.888000
0.176100	185.589005
0.176200	140.606995
0.176300	50.642502
0.176400	118.115997
0.176500	73.133598
0.176600	-16.830799
0.176700	28.151400
0.176800	73.133598
0.176900	118.115997
0.177000	118.115997
0.177100	73.133598
0.177200	95.624702
0.177300	208.080002
0.177400	163.098007
0.177500	28.151400
0.177600	-106.794998
0.177700	-73.058601
0.177800	-16.830799
0.177900	50.642502
0.178000	73.133598
0.178100	50.642502
0.178200	-16.830799
0.178300	28.151400
0.178400	73.133598
0.178500	50.642502
0.178600	50.642502
0.178700	61.888000
0.178800	5.660260
0.178900	-16.830799
0.179000	28.151400
0.179100	50.642502
0.179200	163.098007
0.179300	163.098007
0.179400	28.151400
0.179500	28.151400
0.179600	28.151400
0.179700	-106.794998
0.179800	-16.830799
0.179900	28.151400
0.180000	-39.321899
0.180100	16.905800
0.180200	16.905800
0.180300	28.151400
0.180400	5.660260
0.180500	16.905800
0.180600	28.151400
0.180700	5.660260
0.180800	28.151400
0.180900	95.624702
0.181000	73.133598
0.181100	50.642502
0.181200	28.151400
0.181300	28.151400
0.181400	28.151400
0.181500	5.660260
0.181600	28.151400
0.181700	163.098007
0.181800	208.080002
0.181900	118.115997
0.182000	61.888000
0.182100	95.624702
0.182200	95.624702
0.182300	163.098007
0.182400	208.080002
0.182500	196.835007
0.182600	151.852005
0.182700	151.852005
0.182800	95.624702
0.182900	28.151400
0.183000	5.660260
0.183100	-16.830799
0.183200	5.660260
0.183300	-61.813000
0.183400	-16.830799
0.183500	5.660260
0.183600	140.606995
0.183700	106.870003
0.183800	61.888000
0.183900	-28.076401
0.184000	-39.321899
0.184100	-16.830799
0.184200	95.624702
0.184300	95.624702
0.184400	118.115997
0.184500	73.133598
0.184600	50.642502
0.184700	-5.585290
0.184800	-39.321899
0.184900	-16.830799
0.185000	84.379097
0.185100	185.589005
0.185200	95.624702
0.185300	-16.830799
0.185400	-16.830799
0.185500	28.151400
0.185600	73.133598
0.185700	50.642502
0.185800	118.115997
0.185900	118.115997
0.186000	73.133598
0.186100	28.151400
0.186200	28.151400
0.186300	-16.830799
0.186400	28.151400
0.186500	61.888000
0.186600	28.151400
0.186700	28.151400
0.186800	50.642502
0.186900	73.133598
0.187000	28.151400
0.187100	73.133598
0.187200	-61.813000
0.187300	-39.321899
0.187400	50.642502
0.187500	28.151400
0.187600	-16.830799
0.187700	28.151400
0.187800	73.133598
0.187900	50.642502
0.188000	28.151400
0.188100	73.133598
0.188200	28.151400
0.188300	-61.813000
0.188400	-61.813000
0.188500	28.151400
0.188600	28.151400
0.188700	-16.830799
0.188800	73.133598
0.188900	50.642502
0.189000	-73.058601
0.189100	-61.813000
0.189200	-84.304100
0.189300	-16.830799
0.189400	28.151400
0.189500	28.151400
0.189600	73.133598
0.189700	50.642502
0.189800	-16.830799
0.189900	-39.321899
0.190000	-16.830799
0.190100	28.151400
0.190200	5.660260
0.190300	5.660260
0.190400	28.151400
0.190500	-16.830799
0.190600	-28.076401
0.190700	-16.830799
0.190800	-61.813000
0.190900	-129.285995
0.191000	-84.304100
0.191100	-5.585290
0.191200	5.660260
0.191300	-84.304100
0.191400	-28.076401
0.191500	-28.076401
0.191600	-73.058601
0.191700	28.151400
0.191800	61.888000
0.191900	73.133598
0.192000	73.133598
0.192100	50.642502
0.192200	73.133598
0.192300	118.115997
0.192400	73.133598
0.192500	-61.813000
0.192600	-84.304100
0.192700	28.151400
0.192800	73.133598
0.192900	28.151400
0.193000	28.151400
0.193100	73.133598
0.193200	50.642502
0.193300	73.133598
0.193400	140.606995
0.193500	-16.830799
0.193600	-106.794998
0.193700	5.660260
0.193800	118.115997
0.193900	73.133598
0.194000	73.133598
0.194100	106.870003
0.194200	5.660260
0.194300	28.151400
0.194400	73.133598
0.194500	95.624702
0.194600	73.133598
0.194700	73.133598
0.194800	118.115997
0.194900	118.115997
0.195000	28.151400
0.195100	28.151400
0.195200	118.115997
0.195300	28.151400
0.195400	50.642502
0.195500	95.624702
0.195600	50.642502
0.195700	50.642502
0.195800	50.642502
0.195900	28.151400
0.196000	50.642502
0.196100	118.115997
0.196200	50.642502
0.196300	73.133598
0.196400	28.151400
0.196500	28.151400
0.196600	-16.830799
0.196700	-16.830799
0.196800	73.133598
0.196900	28.151400
0.197000	28.151400
0.197100	-39.321899
0.197200	-84.304100
0.197300	-16.830799
0.197400	73.133598
0.197500	73.133598
0.197600	118.115997
0.197700	95.624702
0.197800	16.905800
0.197900	28.151400
0.198000	-16.830799
0.198100	73.133598
0.198200	151.852005
0.198300	163.098007
0.198400	28.151400
0.198500	-5.585290
0.198600	28.151400
0.198700	73.133598
0.198800	95.624702
0.198900	118.115997
0.199000	118.115997
0.199100	73.133598
0.199200	95.624702
0.199300	118.115997
0.199400	73.133598
0.199500	28.151400
0.199600	50.642502
0.199700	73.133598
0.199800	73.133598
0.199900	5.660260
0.200000	-61.813000
0.200100	73.133598
0.200200	73.133598
0.200300	73.133598
0.200400	73.133598
0.200500	50.642502
0.200600	5.660260
0.200700	-28.076401
0.200800	5.660260
0.200900	50.642502
0.201000	28.151400
0.201100	28.151400
0.201200	28.151400
0.201300	50.642502
0.201400	28.151400
0.201500	50.642502
0.201600	50.642502
0.201700	61.888000
0.201800	5.660260
0.201900	-16.830799
0.202000	-16.830799
0.202100	28.151400
0.202200	-16.830799
0.202300	-84.304100
0.202400	-106.794998
0.202500	-84.304100
0.202600	-16.830799
0.202700	95.624702
0.202800	95.624702
0.202900	73.133598
0.203000	28.151400
0.203100	-61.813000
0.203200	-16.830799
0.203300	106.870003
0.203400	95.624702
0.203500	-39.321899
0.203600	-39.321899
0.203700	16.905800
0.203800	28.151400
0.203900	61.888000
0.204000	28.151400
0.204100	61.888000
0.204200	95.624702
0.204300	84.379097
0.204400	95.624702
0.204500	28.151400
0.204600	-39.321899
0.204700	-16.830799
0.204800	95.624702
0.204900	95.624702
0.205000	73.133598
0.205100	28.151400
0.205200	28.151400
0.205300	73.133598
0.205400	95.624702
0.205500	28.151400
0.205600	-16.830799
0.205700	-16.830799
0.205800	28.151400
0.205900	95.624702
0.206000	73.133598
0.206100	-39.321899
0.206200	-39.321899
0.206300	5.660260
0.206400	61.888000
0.206500	140.606995
0.206600	118.115997
0.206700	28.151400
0.206800	5.660260
0.206900	-5.585290
0.207000	-5.585290
0.207100	28.151400
0.207200	95.624702
0.207300	61.888000
0.207400	50.642502
0.207500	-16.830799
0.207600	-61.813000
0.207700	-84.304100
0.207800	28.151400
0.207900	73.133598
0.208000	50.642502
0.208100	-61.813000
0.208200	-16.830799
0.208300	-39.321899
0.208400	-16.830799
0.208500	-5.585290
0.208600	28.151400
0.208700	-61.813000
0.208800	5.660260
0.208900	28.151400
0.209000	95.624702
0.209100	5.660260
0.209200	50.642502
0.209300	140.606995
0.209400	73.133598
0.209500	28.151400
0.209600	118.115997
0.209700	118.115997
0.209800	28.151400
0.209900	28.151400
0.210000	163.098007
0.210100	73.133598
0.210200	50.642502
0.210300	28.151400
0.210400	106.870003
0.210500	163.098007
0.210600	73.133598
0.210700	28.151400
0.210800	-16.830799
0.210900	50.642502
0.211000	185.589005
0.211100	118.115997
0.211200	28.151400
0.211300	5.660260
0.211400	61.888000
0.211500	5.660260
0.211600	73.133598
0.211700	50.642502
0.211800	28.151400
0.211900	73.133598
0.212000	95.624702
0.212100	95.624702
0.212200	50.642502
0.212300	95.624702
0.212400	50.642502
0.212500	5.660260
0.212600	95.624702
0.212700	118.115997
0.212800	28.151400
0.212900	-16.830799
0.213000	118.115997
0.213100	208.080002
0.213200	185.589005
0.213300	73.133598
0.213400	28.151400
0.213500	50.642502
0.213600	73.133598
0.213700	50.642502
0.213800	-16.830799
0.213900	28.151400
0.214000	28.151400
0.214100	28.151400
0.214200	28.151400
0.214300	95.624702
0.214400	28.151400
0.214500	-28.076401
0.214600	-61.813000
0.214700	-16.830799
0.214800	16.905800
0.214900	-16.830799
0.215000	-39.321899
0.215100	5.660260
0.215200	28.151400
0.215300	28.151400
0.215400	28.151400
0.215500	28.151400
0.215600	5.660260
0.215700	-16.830799
0.215800	-84.304100
0.215900	-61.813000
0.216000	5.660260
0.216100	5.660260
0.216200	-39.321899
0.216300	73.133598
0.216400	163.098007
0.216500	-16.830799
0.216600	-118.041000
0.216700	-61.813000
0.216800	-61.813000
0.216900	-106.794998
0.217000	-61.813000
0.217100	-39.321899
0.217200	50.642502
0.217300	28.151400
0.217400	28.151400
0.217500	28.151400
0.217600	28.151400
0.217700	163.098007
0.217800	208.080002
0.217900	196.835007
0.218000	230.570999
0.218100	118.115997
0.218200	118.115997
0.218300	118.115997
0.218400	73.133598
0.218500	-16.830799
0.218600	-39.321899
0.218700	28.151400
0.218800	95.624702
0.218900	28.151400
0.219000	28.151400
0.219100	118.115997
0.219200	50.642502
0.219300	5.660260
0.219400	61.888000
0.219500	50.642502
0.219600	-61.813000
0.219700	-118.041000
0.219800	-61.813000
0.219900	-73.058601
0.220000	-84.304100
0.220100	73.133598
0.220200	163.098007
0.220300	118.115997
0.220400	95.624702
0.220500	73.133598
0.220600	73.133598
0.220700	28.151400
0.220800	28.151400
0.220900	-16.830799
0.221000	28.151400
0.221100	118.115997
0.221200	208.080002
0.221300	208.080002
0.221400	73.133598
0.221500	-61.813000
0.221600	-61.813000
0.221700	-61.813000
0.221800	28.151400
0.221900	50.642502
0.222000	28.151400
0.222100	50.642502
0.222200	28.151400
0.222300	-39.321899
0.222400	-16.830799
0.222500	73.133598
0.222600	61.888000
0.222700	-61.813000
0.222800	5.660260
0.222900	106.870003
0.223000	28.151400
0.223100	-84.304100
0.223200	-84.304100
0.223300	-61.813000
0.223400	28.151400
0.223500	-61.813000
0.223600	-106.794998
0.223700	-61.813000
0.223800	5.660260
0.223900	-16.830799
0.224000	16.905800
0.224100	-16.830799
0.224200	-73.058601
0.224300	73.133598
0.224400	73.133598
0.224500	-73.058601
0.224600	-106.794998
0.224700	73.133598
0.224800	140.606995
0.224900	28.151400
0.225000	-61.813000
0.225100	-61.813000
0.225200	-61.813000
0.225300	5.660260
0.225400	5.660260
0.225500	-151.776993
0.225600	-118.041000
0.225700	28.151400
0.225800	163.098007
0.225900	73.133598
0.226000	5.660260
0.226100	106.870003
0.226200	73.133598
0.226300	28.151400
0.226400	28.151400
0.226500	28.151400
0.226600	28.151400
0.226700	16.905800
0.226800	5.660260
0.226900	28.151400
0.227000	28.151400
0.227100	5.660260
0.227200	50.642502
0.227300	95.624702
0.227400	118.115997
0.227500	50.642502
0.227600	28.151400
0.227700	-16.830799
0.227800	73.133598
0.227900	118.115997
0.228000	5.660260
0.228100	-61.813000
0.228200	28.151400
0.228300	28.151400
0.228400	-118.041000
0.228500	-129.285995
0.228600	5.660260
0.228700	28.151400
0.228800	-61.813000
0.228900	-84.304100
0.229000	5.660260
0.229100	28.151400
0.229200	28.151400
0.229300	73.133598
0.229400	73.133598
0.229500	-16.830799
0.229600	28.151400
0.229700	50.642502
0.229800	73.133598
0.229900	28.151400
0.230000	118.115997
0.230100	73.133598
0.230200	-16.830799
0.230300	-61.813000
0.230400	5.660260
0.230500	5.660260
0.230600	-16.830799
0.230700	-28.076401
0.230800	-5.585290
0.230900	28.151400
0.231000	50.642502
0.231100	73.133598
0.231200	73.133598
0.231300	28.151400
0.231400	-16.830799
0.231500	73.133598
0.231600	50.642502
0.231700	73.133598
0.231800	118.115997
0.231900	151.852005
0.232000	50.642502
0.232100	-16.830799
0.232200	-61.813000
0.232300	118.115997
0.232400	163.098007
0.232500	95.624702
0.232600	73.133598
0.232700	50.642502
0.232800	-16.830799
0.232900	28.151400
0.233000	95.624702
0.233100	118.115997
0.233200	95.624702
0.233300	163.098007
0.233400	140.606995
0.233500	28.151400
0.233600	28.151400
0.233700	16.905800
0.233800	28.151400
0.233900	140.606995
0.234000	163.098007
0.234100	28.151400
0.234200	50.642502
0.234300	28.151400
0.234400	61.888000
0.234500	50.642502
0.234600	28.151400
0.234700	5.660260
0.234800	50.642502
0.234900	73.133598
0.235000	28.151400
0.235100	28.151400
0.235200	-16.830799
0.235300	-39.321899
0.235400	28.151400
0.235500	5.660260
0.235600	-84.304100
0.235700	-28.076401
0.235800	5.660260
0.235900	-16.830799
0.236000	28.151400
0.236100	-16.830799
0.236200	50.642502
0.236300	118.115997
0.236400	50.642502
0.236500	16.905800
0.236600	28.151400
0.236700	118.115997
0.236800	174.343994
0.236900	118.115997
0.237000	28.151400
0.237100	28.151400
0.237200	118.115997
0.237300	118.115997
0.237400	-61.813000
0.237500	28.151400
0.237600	73.133598
0.237700	-16.830799
0.237800	-5.585290
0.237900	95.624702
0.238000	118.115997
0.238100	208.080002
0.238200	118.115997
0.238300	118.115997
0.238400	95.624702
0.238500	28.151400
0.238600	28.151400
0.238700	163.098007
0.238800	208.080002
0.238900	50.642502
0.239000	-16.830799
0.239100	-5.585290
0.239200	-16.830799
0.239300	-16.830799
0.239400	-73.058601
0.239500	-39.321899
0.239600	28.151400
0.239700	-16.830799
0.239800	-174.268997
0.239900	-39.321899
0.240000	50.642502
0.240100	50.642502
0.240200	84.379097
0.240300	28.151400
0.240400	-61.813000
0.240500	61.888000
0.240600	73.133598
0.240700	28.151400
0.240800	95.624702
0.240900	73.133598
0.241000	50.642502
0.241100	-39.321899
0.241200	-16.830799
0.241300	28.151400
0.241400	5.660260
0.241500	28.151400
0.241600	-16.830799
0.241700	28.151400
0.241800	73.133598
0.241900	73.133598
0.242000	-16.830799
0.242100	-16.830799
0.242200	-16.830799
0.242300	-16.830799
0.242400	61.888000
0.242500	28.151400
0.242600	28.151400
0.242700	28.151400
0.242800	73.133598
0.242900	95.624702
0.243000	-16.830799
0.243100	28.151400
0.243200	95.624702
0.243300	28.151400
0.243400	5.660260
0.243500	28.151400
0.243600	140.606995
0.243700	151.852005
0.243800	73.133598
0.243900	163.098007
0.244000	73.133598
0.244100	28.151400
0.244200	28.151400
0.244300	-39.321899
0.244400	50.642502
0.244500	-16.830799
0.244600	-106.794998
0.244700	-16.830799
0.244800	5.660260
0.244900	-84.304100
0.245000	-84.304100
0.245100	-61.813000
0.245200	28.151400
0.245300	28.151400
0.245400	28.151400
0.245500	118.115997
0.245600	163.098007
0.245700	5.660260
0.245800	-16.830799
0.245900	-61.813000
0.246000	-16.830799
0.246100	28.151400
0.246200	118.115997
0.246300	118.115997
0.246400	73.133598
0.246500	5.660260
0.246600	84.379097
0.246700	73.133598
0.246800	28.151400
0.246900	-61.813000
0.247000	-39.321899
0.247100	-16.830799
0.247200	-61.813000
0.247300	-61.813000
0.247400	-16.830799
0.247500	50.642502
0.247600	28.151400
0.247700	118.115997
0.247800	95.624702
0.247900	-61.813000
0.248000	-129.285995
0.248100	-151.776993
0.248200	50.642502
0.248300	61.888000
0.248400	-16.830799
0.248500	-84.304100
0.248600	28.151400
0.248700	73.133598
0.248800	-39.321899
0.248900	-61.813000
0.249000	28.151400
0.249100	118.115997
0.249200	118.115997
0.249300	84.379097
0.249400	16.905800
0.249500	-39.321899
0.249600	-84.304100
0.249700	-39.321899
0.249800	-61.813000
0.249900	-151.776993
0.250000	5.660260
0.250100	95.624702
0.250200	163.098007
0.250300	-16.830799
0.250400	-16.830799
0.250500	5.660260
0.250600	28.151400
0.250700	118.115997
0.250800	118.115997
0.250900	28.151400
0.251000	5.660260
0.251100	-16.830799
0.251200	-84.304100
0.251300	-39.321899
0.251400	5.660260
0.251500	-61.813000
0.251600	-84.304100
0.251700	5.660260
0.251800	118.115997
0.251900	163.098007
0.252000	73.133598
0.252100	-39.321899
0.252200	16.905800
0.252300	73.133598
0.252400	28.151400
0.252500	-106.794998
0.252600	-84.304100
0.252700	73.133598
0.252800	95.624702
0.252900	28.151400
0.253000	28.151400
0.253100	118.115997
0.253200	118.115997
0.253300	73.133598
0.253400	73.133598
0.253500	118.115997
0.253600	73.133598
0.253700	61.888000
0.253800	28.151400
0.253900	5.660260
0.254000	-5.585290
0.254100	28.151400
0.254200	28.151400
0.254300	28.151400
0.254400	118.115997
0.254500	208.080002
0.254600	163.098007
0.254700	5.660260
0.254800	-16.830799
0.254900	95.624702
0.255000	95.624702
0.255100	73.133598
0.255200	73.133598
0.255300	73.133598
0.255400	50.642502
0.255500	-39.321899
0.255600	-16.830799
0.255700	-16.830799
0.255800	28.151400
0.255900	95.624702
0.256000	28.151400
0.256100	50.642502
0.256200	118.115997
0.256300	28.151400
0.256400	-16.830799
0.256500	28.151400
0.256600	73.133598
0.256700	61.888000
0.256800	118.115997
0.256900	118.115997
0.257000	95.624702
0.257100	95.624702
0.257200	28.151400
0.257300	118.115997
0.257400	95.624702
0.257500	73.133598
0.257600	118.115997
0.257700	163.098007
0.257800	50.642502
0.257900	50.642502
0.258000	-16.830799
0.258100	28.151400
0.258200	28.151400
0.258300	16.905800
0.258400	-5.585290
0.258500	28.151400
0.258600	50.642502
0.258700	-16.830799
0.258800	-84.304100
0.258900	28.151400
0.259000	16.905800
0.259100	28.151400
0.259200	118.115997
0.259300	151.852005
0.259400	174.343994
0.259500	140.606995
0.259600	50.642502
0.259700	73.133598
0.259800	28.151400
0.259900	28.151400
0.260000	5.660260
0.260100	5.660260
0.260200	28.151400
0.260300	73.133598
0.260400	61.888000
0.260500	28.151400
0.260600	28.151400
0.260700	28.151400
0.260800	73.133598
0.260900	163.098007
0.261000	185.589005
0.261100	50.642502
0.261200	73.133598
0.261300	5.660260
0.261400	-106.794998
0.261500	-151.776993
0.261600	5.660260
0.261700	95.624702
0.261800	73.133598
0.261900	5.660260
0.262000	-61.813000
0.262100	-61.813000
0.262200	5.660260
0.262300	-106.794998
0.262400	-118.041000
0.262500	5.660260
0.262600	118.115997
0.262700	61.888000
0.262800	28.151400
0.262900	73.133598
0.263000	50.642502
0.263100	28.151400
0.263200	50.642502
0.263300	118.115997
0.263400	84.379097
0.263500	118.115997
0.263600	118.115997
0.263700	-39.321899
0.263800	-61.813000
0.263900	118.115997
0.264000	208.080002
0.264100	5.660260
0.264200	-61.813000
0.264300	28.151400
0.264400	95.624702
0.264500	28.151400
0.264600	-61.813000
0.264700	-106.794998
0.264800	-16.830799
0.264900	28.151400
0.265000	28.151400
0.265100	5.660260
0.265200	-16.830799
0.265300	-5.585290
0.265400	28.151400
0.265500	-16.830799
0.265600	28.151400
0.265700	73.133598
0.265800	-61.813000
0.265900	-84.304100
0.266000	28.151400
0.266100	140.606995
0.266200	73.133598
0.266300	163.098007
0.266400	140.606995
0.266500	28.151400
0.266600	73.133598
0.266700	28.151400
0.266800	73.133598
0.266900	118.115997
0.267000	50.642502
0.267100	28.151400
0.267200	-16.830799
0.267300	28.151400
0.267400	28.151400
0.267500	-16.830799
0.267600	28.151400
0.267700	163.098007
0.267800	140.606995
0.267900	50.642502
0.268000	28.151400
0.268100	5.660260
0.268200	95.624702
0.268300	185.589005
0.268400	185.589005
0.268500	163.098007
0.268600	50.642502
0.268700	28.151400
0.268800	5.660260
0.268900	28.151400
0.269000	73.133598
0.269100	28.151400
0.269200	-16.830799
0.269300	50.642502
0.269400	95.624702
0.269500	73.133598
0.269600	140.606995
0.269700	5.660260
0.269800	-16.830799
0.269900	95.624702
0.270000	95.624702
0.270100	95.624702
0.270200	-16.830799
0.270300	-61.813000
0.270400	-16.830799
0.270500	84.379097
0.270600	185.589005
0.270700	95.624702
0.270800	-16.830799
0.270900	5.660260
0.271000	28.151400
0.271100	28.151400
0.271200	73.133598
0.271300	50.642502
0.271400	73.133598
0.271500	106.870003
0.271600	73.133598
0.271700	50.642502
0.271800	50.642502
0.271900	5.660260
0.272000	28.151400
0.272100	163.098007
0.272200	185.589005
0.272300	95.624702
0.272400	95.624702
0.272500	106.870003
0.272600	50.642502
0.272700	73.133598
0.272800	73.133598
0.272900	-16.830799
0.273000	-61.813000
0.273100	28.151400
0.273200	28.151400
0.273300	-5.585290
0.273400	28.151400
0.273500	118.115997
0.273600	73.133598
0.273700	50.642502
0.273800	73.133598
0.273900	95.624702
0.274000	163.098007
0.274100	95.624702
0.274200	106.870003
0.274300	50.642502
0.274400	73.133598
0.274500	140.606995
0.274600	28.151400
0.274700	-16.830799
0.274800	-28.076401
0.274900	-61.813000
0.275000	-61.813000
0.275100	5.660260
0.275200	73.133598
0.275300	73.133598
0.275400	28.151400
0.275500	118.115997
0.275600	61.888000
0.275700	106.870003
0.275800	163.098007
0.275900	95.624702
0.276000	73.133598
0.276100	118.115997
0.276200	-16.830799
0.276300	-16.830799
0.276400	16.905800
0.276500	50.642502
0.276600	28.151400
0.276700	185.589005
0.276800	95.624702
0.276900	-84.304100
0.277000	-16.830799
0.277100	118.115997
0.277200	73.133598
0.277300	-106.794998
0.277400	-106.794998
0.277500	-16.830799
0.277600	-16.830799
0.277700	5.660260
0.277800	5.660260
0.277900	95.624702
0.278000	95.624702
0.278100	140.606995
0.278200	95.624702
0.278300	-16.830799
0.278400	-61.813000
0.278500	28.151400
0.278600	5.660260
0.278700	-61.813000
0.278800	5.660260
0.278900	28.151400
0.279000	28.151400
0.279100	95.624702
0.279200	163.098007
0.279300	106.870003
0.279400	5.660260
0.279500	50.642502
0.279600	28.151400
0.279700	5.660260
0.279800	73.133598
0.279900	28.151400
0.280000	-16.830799
0.280100	39.396900
0.280200	163.098007
0.280300	118.115997
0.280400	28.151400
0.280500	50.642502
0.280600	118.115997
0.280700	118.115997
0.280800	95.624702
0.280900	118.115997
0.281000	140.606995
0.281100	50.642502
0.281200	-39.321899
0.281300	-16.830799
0.281400	163.098007
0.281500	118.115997
0.281600	50.642502
0.281700	50.642502
0.281800	28.151400
0.281900	-61.813000
0.282000	73.133598
0.282100	106.870003
0.282200	73.133598
0.282300	-16.830799
0.282400	73.133598
0.282500	95.624702
0.282600	73.133598
0.282700	28.151400
0.282800	-16.830799
0.282900	28.151400
0.283000	118.115997
0.283100	118.115997
0.283200	118.115997
0.283300	95.624702
0.283400	50.642502
0.283500	28.151400
0.283600	50.642502
0.283700	73.133598
0.283800	5.660260
0.283900	-61.813000
0.284000	-39.321899
0.284100	28.151400
0.284200	5.660260
0.284300	28.151400
0.284400	73.133598
0.284500	73.133598
0.284600	28.151400
0.284700	-16.830799
0.284800	5.660260
0.284900	73.133598
0.285000	106.870003
0.285100	50.642502
0.285200	28.151400
0.285300	95.624702
0.285400	73.133598
0.285500	16.905800
0.285600	28.151400
0.285700	73.133598
0.285800	28.151400
0.285900	73.133598
0.286000	-16.830799
0.286100	28.151400
0.286200	185.589005
0.286300	140.606995
0.286400	28.151400
0.286500	28.151400
0.286600	5.660260
0.286700	-16.830799
0.286800	118.115997
0.286900	73.133598
0.287000	5.660260
0.287100	-61.813000
0.287200	28.151400
0.287300	118.115997
0.287400	140.606995
0.287500	118.115997
0.287600	28.151400
0.287700	5.660260
0.287800	28.151400
0.287900	-16.830799
0.288000	16.905800
0.288100	61.888000
0.288200	95.624702
0.288300	118.115997
0.288400	50.642502
0.288500	-61.813000
0.288600	-84.304100
0.288700	28.151400
0.288800	28.151400
0.288900	5.660260
0.289000	73.133598
0.289100	28.151400
0.289200	50.642502
0.289300	118.115997
0.289400	151.852005
0.289500	50.642502
0.289600	28.151400
0.289700	73.133598
0.289800	28.151400
0.289900	5.660260
0.290000	16.905800
0.290100	28.151400
0.290200	-16.830799
0.290300	-28.076401
0.290400	28.151400
0.290500	50.642502
0.290600	-16.830799
0.290700	28.151400
0.290800	73.133598
0.290900	61.888000
0.291000	73.133598
0.291100	28.151400
0.291200	28.151400
0.291300	50.642502
0.291400	28.151400
0.291500	61.888000
0.291600	73.133598
0.291700	28.151400
0.291800	-39.321899
0.291900	-106.794998
0.292000	-106.794998
0.292100	28.151400
0.292200	50.642502
0.292300	-106.794998
0.292400	-106.794998
0.292500	16.905800
0.292600	28.151400
0.292700	73.133598
0.292800	140.606995
0.292900	28.151400
0.293000	28.151400
0.293100	50.642502
0.293200	28.151400
0.293300	-16.830799
0.293400	-16.830799
0.293500	73.133598
0.293600	163.098007
0.293700	208.080002
0.293800	185.589005
0.293900	73.133598
0.294000	5.660260
0.294100	-39.321899
0.294200	28.151400
0.294300	95.624702
0.294400	163.098007
0.294500	50.642502
0.294600	-16.830799
0.294700	73.133598
0.294800	50.642502
0.294900	-16.830799
0.295000	28.151400
0.295100	28.151400
0.295200	5.660260
0.295300	5.660260
0.295400	5.660260
0.295500	16.905800
0.295600	-5.585290
0.295700	28.151400
0.295800	61.888000
0.295900	73.133598
0.296000	28.151400
0.296100	-61.813000
0.296200	-61.813000
0.296300	28.151400
0.296400	28.151400
0.296500	5.660260
0.296600	28.151400
0.296700	61.888000
0.296800	28.151400
0.296900	5.660260
0.297000	61.888000
0.297100	118.115997
0.297200	118.115997
0.297300	140.606995
0.297400	5.660260
0.297500	-16.830799
0.297600	-16.830799
0.297700	73.133598
0.297800	106.870003
0.297900	50.642502
0.298000	5.660260
0.298100	118.115997
0.298200	73.133598
0.298300	73.133598
0.298400	50.642502
0.298500	28.151400
0.298600	-39.321899
0.298700	-16.830799
0.298800	-16.830799
0.298900	-84.304100
0.299000	28.151400
0.299100	28.151400
0.299200	-39.321899
0.299300	-16.830799
0.299400	28.151400
0.299500	28.151400
0.299600	28.151400
0.299700	73.133598
0.299800	50.642502
0.299900	28.151400
