-0.050000	-4.637120
-0.049900	6.725140
-0.049800	-1.673050
-0.049700	-5.131130
-0.049600	0.797004
-0.049500	-5.131130
-0.049400	-8.095190
-0.049300	-2.167060
-0.049200	-2.167060
-0.049100	6.725140
-0.049000	1.291020
-0.048900	-0.191018
-0.048800	-5.625140
-0.048700	-8.095190
-0.048600	-4.637120
-0.048500	1.785030
-0.048400	5.243100
-0.048300	-0.685029
-0.048200	-2.167060
-0.048100	-4.143110
-0.048000	-8.589200
-0.047900	-3.155080
-0.047800	-12.047300
-0.047700	-7.107170
-0.047600	2.773050
-0.047500	-2.167060
-0.047400	-16.987400
-0.047300	-13.035300
-0.047200	4.749090
-0.047100	1.291020
-0.047000	-14.023300
-0.046900	-7.107170
-0.046800	-6.119150
-0.046700	-8.095190
-0.046600	-4.637120
-0.046500	3.761070
-0.046400	3.761070
-0.046300	-13.035300
-0.046200	-8.589200
-0.046100	-8.589200
-0.046000	-11.553300
-0.045900	11.171200
-0.045800	10.677200
-0.045700	-15.999400
-0.045600	-11.059300
-0.045500	0.302993
-0.045400	-1.179040
-0.045300	-5.131130
-0.045200	-1.673050
-0.045100	-0.191018
-0.045000	4.749090
-0.044900	-0.685029
-0.044800	-9.083220
-0.044700	-5.131130
-0.044600	2.773050
-0.044500	-5.131130
-0.044400	1.291020
-0.044300	0.797004
-0.044200	-19.457399
-0.044100	-14.023300
-0.044000	3.267060
-0.043900	8.701180
-0.043800	5.243100
-0.043700	-2.167060
-0.043600	-10.071200
-0.043500	-9.577230
-0.043400	-4.143110
-0.043300	-3.155080
-0.043200	-0.685029
-0.043100	-3.155080
-0.043000	-2.167060
-0.042900	-6.119150
-0.042800	-7.107170
-0.042700	-4.143110
-0.042600	-4.637120
-0.042500	-11.553300
-0.042400	-8.095190
-0.042300	-0.191018
-0.042200	4.749090
-0.042100	-13.035300
-0.042000	-8.095190
-0.041900	7.219150
-0.041800	-7.107170
-0.041700	-24.397600
-0.041600	-7.601180
-0.041500	-5.131130
-0.041400	-6.119150
-0.041300	4.255080
-0.041200	-7.601180
-0.041100	-5.131130
-0.041000	7.713160
-0.040900	0.302993
-0.040800	0.797004
-0.040700	-0.685029
-0.040600	-13.035300
-0.040500	-2.167060
-0.040400	0.797004
-0.040300	-10.565200
-0.040200	6.725140
-0.040100	7.713160
-0.040000	-11.059300
-0.039900	-9.577230
-0.039800	2.279040
-0.039700	2.279040
-0.039600	-1.673050
-0.039500	-2.167060
-0.039400	-0.191018
-0.039300	7.219150
-0.039200	0.797004
-0.039100	-15.999400
-0.039000	-9.083220
-0.038900	3.267060
-0.038800	7.713160
-0.038700	7.713160
-0.038600	2.773050
-0.038500	0.302993
-0.038400	-3.155080
-0.038300	-1.673050
-0.038200	4.749090
-0.038100	2.279040
-0.038000	4.255080
-0.037900	-3.649090
-0.037800	2.773050
-0.037700	-7.107170
-0.037600	-0.685029
-0.037500	7.219150
-0.037400	-5.131130
-0.037300	-1.673050
-0.037200	0.797004
-0.037100	-3.155080
-0.037000	0.797004
-0.036900	5.737110
-0.036800	7.713160
-0.036700	6.725140
-0.036600	-3.155080
-0.036500	-0.685029
-0.036400	2.773050
-0.036300	-1.179040
-0.036200	2.773050
-0.036100	11.171200
-0.036000	-5.131130
-0.035900	-2.661070
-0.035800	8.701180
-0.035700	7.713160
-0.035600	-1.179040
-0.035500	-2.661070
-0.035400	4.749090
-0.035300	11.665200
-0.035200	4.749090
-0.035100	-2.661070
-0.035000	6.231130
-0.034900	4.749090
-0.034800	-1.179040
-0.034700	3.267060
-0.034600	1.785030
-0.034500	-0.685029
-0.034400	2.773050
-0.034300	5.737110
-0.034200	16.605400
-0.034100	5.243100
-0.034000	-7.107170
-0.033900	-6.119150
-0.033800	13.147300
-0.033700	14.629300
-0.033600	-3.155080
-0.033500	-4.143110
-0.033400	12.653300
-0.033300	-0.191018
-0.033200	-1.673050
-0.033100	6.725140
-0.033000	5.737110
-0.032900	-0.191018
-0.032800	3.761070
-0.032700	12.653300
-0.032600	-2.661070
-0.032500	-1.179040
-0.032400	1.785030
-0.032300	6.725140
-0.032200	-4.637120
-0.032100	-1.673050
-0.032000	10.677200
-0.031900	0.797004
-0.031800	1.785030
-0.031700	-6.119150
-0.031600	-10.071200
-0.031500	1.291020
-0.031400	11.665200
-0.031300	14.629300
-0.031200	-0.191018
-0.031100	-6.119150
-0.031000	-5.131130
-0.030900	-7.601180
-0.030800	1.291020
-0.030700	2.773050
-0.030600	-11.059300
-0.030500	-5.131130
-0.030400	-8.095190
-0.030300	-9.083220
-0.030200	0.797004
-0.030100	-10.565200
-0.030000	-11.059300
-0.029900	-3.155080
-0.029800	-2.661070
-0.029700	4.255080
-0.029600	4.255080
-0.029500	0.302993
-0.029400	4.749090
-0.029300	1.785030
-0.029200	-3.155080
-0.029100	-2.167060
-0.029000	-14.517300
-0.028900	-11.059300
-0.028800	-0.191018
-0.028700	1.785030
-0.028600	-1.179040
-0.028500	4.749090
-0.028400	-3.155080
-0.028300	-8.589200
-0.028200	-0.191018
-0.028100	3.267060
-0.028000	-0.685029
-0.027900	0.302993
-0.027800	-3.649090
-0.027700	-0.191018
-0.027600	4.749090
-0.027500	1.785030
-0.027400	-2.167060
-0.027300	-4.637120
-0.027200	-11.553300
-0.027100	-3.155080
-0.027000	-1.673050
-0.026900	0.797004
-0.026800	9.689200
-0.026700	-6.119150
-0.026600	-18.963400
-0.026500	-1.179040
-0.026400	11.665200
-0.026300	-8.095190
-0.026200	-3.155080
-0.026100	-0.191018
-0.026000	6.725140
-0.025900	-3.155080
-0.025800	2.773050
-0.025700	-1.179040
-0.025600	0.302993
-0.025500	3.267060
-0.025400	2.773050
-0.025300	-7.601180
-0.025200	-5.131130
-0.025100	10.677200
-0.025000	6.231130
-0.024900	7.219150
-0.024800	-2.661070
-0.024700	-7.601180
-0.024600	7.713160
-0.024500	-0.191018
-0.024400	-25.385599
-0.024300	-8.095190
-0.024200	5.737110
-0.024100	-5.131130
-0.024000	-2.661070
-0.023900	-6.119150
-0.023800	-11.059300
-0.023700	-9.083220
-0.023600	-6.613160
-0.023500	-4.637120
-0.023400	0.797004
-0.023300	-1.179040
-0.023200	-5.131130
-0.023100	-10.565200
-0.023000	-8.095190
-0.022900	-6.119150
-0.022800	4.749090
-0.022700	8.701180
-0.022600	-7.107170
-0.022500	-20.939501
-0.022400	-1.179040
-0.022300	-2.167060
-0.022200	2.773050
-0.022100	-0.685029
-0.022000	-11.059300
-0.021900	-10.071200
-0.021800	-4.143110
-0.021700	4.749090
-0.021600	-2.661070
-0.021500	-18.469400
-0.021400	-9.083220
-0.021300	-5.131130
-0.021200	-11.059300
-0.021100	-9.577230
-0.021000	-2.167060
-0.020900	-3.155080
-0.020800	5.243100
-0.020700	3.267060
-0.020600	-13.035300
-0.020500	-18.469400
-0.020400	3.761070
-0.020300	1.785030
-0.020200	-10.071200
-0.020100	-11.059300
-0.020000	-4.143110
-0.019900	5.737110
-0.019800	-3.649090
-0.019700	-6.613160
-0.019600	-5.625140
-0.019500	-5.625140
-0.019400	-2.167060
-0.019300	-1.673050
-0.019200	4.255080
-0.019100	9.689200
-0.019000	-10.071200
-0.018900	-13.529300
-0.018800	6.725140
-0.018700	-2.661070
-0.018600	3.267060
-0.018500	-4.143110
-0.018400	-13.035300
-0.018300	-2.661070
-0.018200	9.195190
-0.018100	-8.589200
-0.018000	-9.083220
-0.017900	7.713160
-0.017800	8.701180
-0.017700	15.617300
-0.017600	-1.179040
-0.017500	-6.613160
-0.017400	4.255080
-0.017300	-2.167060
-0.017200	-9.083220
-0.017100	5.737110
-0.017000	10.183200
-0.016900	-1.179040
-0.016800	3.267060
-0.016700	7.713160
-0.016600	-0.685029
-0.016500	1.785030
-0.016400	0.797004
-0.016300	-13.035300
-0.016200	-8.095190
-0.016100	5.737110
-0.016000	15.123300
-0.015900	4.749090
-0.015800	-13.035300
-0.015700	-2.167060
-0.015600	10.183200
-0.015500	0.302993
-0.015400	-3.649090
-0.015300	9.689200
-0.015200	-5.131130
-0.015100	-7.107170
-0.015000	8.701180
-0.014900	-1.179040
-0.014800	-0.191018
-0.014700	8.701180
-0.014600	8.701180
-0.014500	-6.119150
-0.014400	-2.167060
-0.014300	7.713160
-0.014200	12.653300
-0.014100	-0.191018
-0.014000	-0.191018
-0.013900	9.689200
-0.013800	7.713160
-0.013700	-2.661070
-0.013600	-3.155080
-0.013500	5.243100
-0.013400	13.147300
-0.013300	-0.191018
-0.013200	7.219150
-0.013100	5.243100
-0.013000	-2.167060
-0.012900	15.617300
-0.012800	9.195190
-0.012700	-11.059300
-0.012600	-2.167060
-0.012500	13.641300
-0.012400	11.665200
-0.012300	0.797004
-0.012200	5.243100
-0.012100	-4.143110
-0.012000	-3.155080
-0.011900	15.617300
-0.011800	16.111300
-0.011700	-1.179040
-0.011600	9.689200
-0.011500	4.749090
-0.011400	-6.613160
-0.011300	8.207170
-0.011200	13.641300
-0.011100	6.725140
-0.011000	-0.191018
-0.010900	-1.179040
-0.010800	7.713160
-0.010700	5.737110
-0.010600	4.749090
-0.010500	4.749090
-0.010400	7.713160
-0.010300	16.605400
-0.010200	-2.661070
-0.010100	-7.107170
-0.010000	3.267060
-0.009900	8.701180
-0.009800	13.641300
-0.009700	-1.179040
-0.009600	-3.155080
-0.009500	9.195190
-0.009400	-0.191018
-0.009300	1.785030
-0.009200	6.231130
-0.009100	-13.529300
-0.009000	-5.131130
-0.008900	14.629300
-0.008800	-1.179040
-0.008700	-15.999400
-0.008600	-7.107170
-0.008500	1.291020
-0.008400	-2.661070
-0.008300	2.773050
-0.008200	-4.637120
-0.008100	-0.191018
-0.008000	-3.649090
-0.007900	-1.179040
-0.007800	0.302993
-0.007700	-10.565200
-0.007600	-2.167060
-0.007500	-4.143110
-0.007400	-9.577230
-0.007300	-5.131130
-0.007200	-9.083220
-0.007100	-3.155080
-0.007000	12.159300
-0.006900	-2.661070
-0.006800	-15.505400
-0.006700	-9.577230
-0.006600	10.677200
-0.006500	4.749090
-0.006400	-7.107170
-0.006300	-20.939501
-0.006200	-10.565200
-0.006100	-0.191018
-0.006000	2.773050
-0.005900	-8.095190
-0.005800	0.302993
-0.005700	4.749090
-0.005600	-9.577230
-0.005500	-16.493401
-0.005400	-8.095190
-0.005300	2.773050
-0.005200	3.267060
-0.005100	-6.613160
-0.005000	10.677200
-0.004900	4.255080
-0.004800	2.773050
-0.004700	11.665200
-0.004600	0.302993
-0.004500	-7.107170
-0.004400	6.231130
-0.004300	9.689200
-0.004200	-16.987400
-0.004100	-15.999400
-0.004000	-1.179040
-0.003900	0.797004
-0.003800	-0.191018
-0.003700	-2.167060
-0.003600	-10.071200
-0.003500	-12.047300
-0.003400	3.267060
-0.003300	2.773050
-0.003200	-8.095190
-0.003100	-16.987400
-0.003000	-8.095190
-0.002900	-0.685029
-0.002800	9.195190
-0.002700	-14.023300
-0.002600	-17.975401
-0.002500	-7.107170
-0.002400	-7.107170
-0.002300	-9.577230
-0.002200	-14.023300
-0.002100	-10.071200
-0.002000	0.797004
-0.001900	0.302993
-0.001800	-15.011300
-0.001700	-2.661070
-0.001600	2.279040
-0.001500	-1.673050
-0.001400	-1.179040
-0.001300	-5.131130
-0.001200	-1.179040
-0.001100	2.773050
-0.001000	1.785030
-0.000900	9.689200
-0.000800	-2.167060
-0.000700	-16.987400
-0.000600	-7.601180
-0.000500	9.195190
-0.000400	-6.119150
-0.000300	-13.035300
-0.000200	2.773050
-0.000100	-5.131130
0.000000	-3.649090
0.000100	4.255080
0.000200	-8.095190
0.000300	-0.191018
0.000400	3.761070
0.000500	-14.023300
0.000600	-8.589200
0.000700	10.677200
0.000800	1.785030
0.000900	-11.553300
0.001000	-17.481400
0.001100	-9.083220
0.001200	6.725140
0.001300	15.617300
0.001400	6.231130
0.001500	-4.637120
0.001600	-12.047300
0.001700	-0.191018
0.001800	-4.143110
0.001900	1.291020
0.002000	9.689200
0.002100	-3.155080
0.002200	-15.999400
0.002300	-2.661070
0.002400	4.749090
0.002500	2.773050
0.002600	-4.143110
0.002700	-5.625140
0.002800	-3.649090
0.002900	6.231130
0.003000	4.749090
0.003100	6.725140
0.003200	-9.577230
0.003300	-13.035300
0.003400	-8.095190
0.003500	-6.119150
0.003600	-5.131130
0.003700	-5.131130
0.003800	-6.613160
0.003900	-1.673050
0.004000	-14.023300
0.004100	-1.179040
0.004200	-7.107170
0.004300	-4.637120
0.004400	-10.071200
0.004500	-6.119150
0.004600	-0.685029
0.004700	-8.095190
0.004800	-17.481400
0.004900	-9.083220
0.005000	-6.119150
0.005100	-8.095190
0.005200	-2.661070
0.005300	8.701180
0.005400	0.302993
0.005500	-6.119150
0.005600	-11.553300
0.005700	-7.107170
0.005800	2.773050
0.005900	-2.167060
0.006000	-5.625140
0.006100	1.785030
0.006200	6.725140
0.006300	10.677200
0.006400	-0.191018
0.006500	-11.059300
0.006600	-3.649090
0.006700	6.725140
0.006800	6.725140
0.006900	5.737110
0.007000	7.219150
0.007100	16.605400
0.007200	9.689200
0.007300	-13.035300
0.007400	-1.673050
0.007500	13.641300
0.007600	6.725140
0.007700	8.701180
0.007800	-1.673050
0.007900	6.725140
0.008000	1.291020
0.008100	-9.577230
0.008200	0.302993
0.008300	-4.637120
0.008400	-11.553300
0.008500	-8.095190
0.008600	0.302993
0.008700	4.255080
0.008800	-14.023300
0.008900	-13.035300
0.009000	-6.119150
0.009100	0.797004
0.009200	-6.613160
0.009300	1.785030
0.009400	-1.179040
0.009500	-6.119150
0.009600	-3.649090
0.009700	-2.167060
0.009800	3.267060
0.009900	4.255080
0.010000	-8.095190
0.010100	-0.191018
0.010200	-5.131130
0.010300	-9.083220
0.010400	9.689200
0.010500	4.255080
0.010600	-13.035300
0.010700	-0.191018
0.010800	9.689200
0.010900	-1.179040
0.011000	-2.661070
0.011100	-0.191018
0.011200	-0.191018
0.011300	6.231130
0.011400	12.653300
0.011500	-5.625140
0.011600	-3.649090
0.011700	-0.191018
0.011800	-0.191018
0.011900	-9.083220
0.012000	-16.987400
0.012100	-15.999400
0.012200	-10.565200
0.012300	-13.035300
0.012400	-13.035300
0.012500	-9.083220
0.012600	-24.891600
0.012700	-22.915501
0.012800	0.797004
0.012900	1.291020
0.013000	-2.661070
0.013100	-0.191018
0.013200	-2.661070
0.013300	-17.975401
0.013400	-15.011300
0.013500	-3.155080
0.013600	-2.167060
0.013700	-3.155080
0.013800	-4.637120
0.013900	-12.541300
0.014000	-7.107170
0.014100	1.785030
0.014200	2.773050
0.014300	0.302993
0.014400	-0.685029
0.014500	-1.673050
0.014600	3.267060
0.014700	-11.059300
0.014800	-16.987400
0.014900	-4.143110
0.015000	-2.167060
0.015100	-24.891600
0.015200	-14.023300
0.015300	-15.999400
0.015400	-14.023300
0.015500	-7.601180
0.015600	-9.083220
0.015700	-9.577230
0.015800	8.207170
0.015900	-3.649090
0.016000	-1.179040
0.016100	-8.589200
0.016200	-26.373600
0.016300	-15.011300
0.016400	-2.661070
0.016500	-19.951500
0.016600	-18.469400
0.016700	-7.601180
0.016800	8.701180
0.016900	-3.155080
0.017000	-5.131130
0.017100	5.737110
0.017200	-3.649090
0.017300	-8.095190
0.017400	2.279040
0.017500	8.701180
0.017600	4.749090
0.017700	-9.083220
0.017800	-10.071200
0.017900	-0.685029
0.018000	3.761070
0.018100	5.737110
0.018200	-5.625140
0.018300	-15.011300
0.018400	-1.179040
0.018500	10.677200
0.018600	8.701180
0.018700	4.749090
0.018800	-1.179040
0.018900	-6.119150
0.019000	10.677200
0.019100	24.015499
0.019200	0.302993
0.019300	8.207170
0.019400	31.425699
0.019500	2.773050
0.019600	-8.095190
0.019700	0.797004
0.019800	2.773050
0.019900	-10.565200
0.020000	-6.119150
0.020100	-0.191018
0.020200	4.255080
0.020300	4.255080
0.020400	7.219150
0.020500	-11.553300
0.020600	-5.625140
0.020700	15.617300
0.020800	7.713160
0.020900	-1.179040
0.021000	10.677200
0.021100	5.243100
0.021200	20.063400
0.021300	8.207170
0.021400	-3.649090
0.021500	1.785030
0.021600	3.761070
0.021700	4.749090
0.021800	-15.999400
0.021900	-15.999400
0.022000	-5.131130
0.022100	-19.951500
0.022200	-16.493401
0.022300	-0.191018
0.022400	5.737110
0.022500	-5.131130
0.022600	-11.553300
0.022700	-13.035300
0.022800	-11.059300
0.022900	-26.867599
0.023000	-33.289799
0.023100	-31.313700
0.023200	-30.819700
0.023300	-26.867599
0.023400	-30.819700
0.023500	-35.759800
0.023600	-37.735901
0.023700	-20.939501
0.023800	-36.747799
0.023900	-40.699902
0.024000	-20.939501
0.024100	-29.337700
0.024200	-40.699902
0.024300	-32.795700
0.024400	-26.867599
0.024500	-47.616100
0.024600	-44.652000
0.024700	-37.735901
0.024800	-32.301701
0.024900	-40.699902
0.025000	-42.675999
0.025100	-37.735901
0.025200	-41.687901
0.025300	-46.133999
0.025400	-30.819700
0.025500	-31.807699
0.025600	-34.771801
0.025700	-21.927500
0.025800	-40.699902
0.025900	-38.723900
0.026000	-23.903500
0.026100	-34.277802
0.026200	-30.819700
0.026300	-34.771801
0.026400	-52.556198
0.026500	-43.169998
0.026600	-30.325701
0.026700	-34.771801
0.026800	-39.711899
0.026900	-31.807699
0.027000	-49.098099
0.027100	-38.723900
0.027200	-15.011300
0.027300	-29.831699
0.027400	-33.289799
0.027500	-41.687901
0.027600	-39.217899
0.027700	-25.879601
0.027800	-22.915501
0.027900	-28.843700
0.028000	-20.939501
0.028100	-30.325701
0.028200	-32.795700
0.028300	-32.795700
0.028400	-21.927500
0.028500	22.039499
0.028600	25.003500
0.028700	1.785030
0.028800	-1.179040
0.028900	3.267060
0.029000	-11.059300
0.029100	-13.035300
0.029200	-0.685029
0.029300	-5.625140
0.029400	-19.457399
0.029500	-8.095190
0.029600	-9.083220
0.029700	-12.541300
0.029800	-5.131130
0.029900	6.725140
0.030000	-8.095190
0.030100	-6.613160
0.030200	7.713160
0.030300	6.725140
0.030400	9.689200
0.030500	9.689200
0.030600	5.243100
0.030700	10.677200
0.030800	7.713160
0.030900	1.291020
0.031000	-2.167060
0.031100	6.231130
0.031200	21.545500
0.031300	29.943701
0.031400	18.581400
0.031500	6.231130
0.031600	20.557400
0.031700	39.329899
0.031800	45.751999
0.031900	24.509501
0.032000	21.051500
0.032100	36.859798
0.032200	43.282001
0.032300	43.776001
0.032400	36.365799
0.032500	24.509501
0.032600	35.871799
0.032700	32.413700
0.032800	23.521500
0.032900	13.147300
0.033000	20.063400
0.033100	25.497601
0.033200	20.557400
0.033300	20.063400
0.033400	23.521500
0.033500	19.569401
0.033600	16.605400
0.033700	24.015499
0.033800	29.943701
0.033900	17.099400
0.034000	16.605400
0.034100	24.015499
0.034200	20.063400
0.034300	11.171200
0.034400	13.641300
0.034500	26.485600
0.034600	23.521500
0.034700	8.701180
0.034800	7.713160
0.034900	3.761070
0.035000	7.219150
0.035100	14.135300
0.035200	12.653300
0.035300	11.171200
0.035400	10.677200
0.035500	18.581400
0.035600	8.701180
0.035700	-15.999400
0.035800	-3.649090
0.035900	13.641300
0.036000	-5.131130
0.036100	-8.095190
0.036200	1.291020
0.036300	4.749090
0.036400	-10.071200
0.036500	-1.179040
0.036600	6.231130
0.036700	-0.191018
0.036800	-0.191018
0.036900	4.749090
0.037000	-7.107170
0.037100	2.773050
0.037200	16.605400
0.037300	1.291020
0.037400	-0.191018
0.037500	10.677200
0.037600	-2.167060
0.037700	-3.649090
0.037800	8.701180
0.037900	11.171200
0.038000	-8.095190
0.038100	-6.613160
0.038200	9.689200
0.038300	-3.155080
0.038400	-23.903500
0.038500	-9.083220
0.038600	15.617300
0.038700	-2.167060
0.038800	-19.951500
0.038900	-3.649090
0.039000	-11.553300
0.039100	-22.915501
0.039200	-8.095190
0.039300	-5.131130
0.039400	-15.011300
0.039500	-10.071200
0.039600	-5.131130
0.039700	-10.071200
0.039800	-15.999400
0.039900	-11.553300
0.040000	-1.179040
0.040100	-5.131130
0.040200	-5.131130
0.040300	2.773050
0.040400	-7.601180
0.040500	1.785030
0.040600	-2.661070
0.040700	-23.903500
0.040800	-11.553300
0.040900	5.737110
0.041000	-16.987400
0.041100	-15.011300
0.041200	-5.131130
0.041300	-5.131130
0.041400	1.785030
0.041500	-3.649090
0.041600	-15.999400
0.041700	-6.119150
0.041800	8.701180
0.041900	13.641300
0.042000	11.171200
0.042100	-5.131130
0.042200	-0.191018
0.042300	6.725140
0.042400	-9.083220
0.042500	-5.131130
0.042600	17.099400
0.042700	10.677200
0.042800	-7.107170
0.042900	3.267060
0.043000	15.617300
0.043100	16.111300
0.043200	-0.191018
0.043300	-2.661070
0.043400	7.713160
0.043500	16.111300
0.043600	6.725140
0.043700	8.701180
0.043800	25.003500
0.043900	7.713160
0.044000	-8.095190
0.044100	-10.565200
0.044200	-1.179040
0.044300	1.291020
0.044400	3.267060
0.044500	0.302993
0.044600	-1.179040
0.044700	-1.179040
0.044800	-3.649090
0.044900	4.749090
0.045000	12.653300
0.045100	14.629300
0.045200	-3.155080
0.045300	-11.553300
0.045400	-5.625140
0.045500	-1.179040
0.045600	1.785030
0.045700	-3.155080
0.045800	-15.011300
0.045900	-3.155080
0.046000	13.147300
0.046100	11.665200
0.046200	-3.649090
0.046300	2.773050
0.046400	15.617300
0.046500	10.183200
0.046600	8.701180
0.046700	10.183200
0.046800	-3.649090
0.046900	-11.059300
0.047000	-2.167060
0.047100	-3.155080
0.047200	-6.613160
0.047300	-1.673050
0.047400	2.279040
0.047500	-26.373600
0.047600	-25.879601
0.047700	5.737110
0.047800	-10.565200
0.047900	-9.083220
0.048000	0.302993
0.048100	-9.577230
0.048200	-20.939501
0.048300	-16.987400
0.048400	-40.699902
0.048500	-219.037994
0.048600	-304.996002
0.048700	108.490997
0.048800	209.270004
0.048900	38.341801
0.049000	7.713160
0.049100	1.785030
0.049200	-9.083220
0.049300	31.919701
0.049400	41.305901
0.049500	-3.649090
0.049600	-38.229900
0.049700	-13.035300
0.049800	40.811901
0.049900	22.533501
0.050000	-9.577230
0.050100	-8.095190
0.050200	-1.179040
0.050300	2.773050
0.050400	-0.685029
0.050500	-1.179040
0.050600	5.243100
0.050700	-5.131130
0.050800	-9.577230
0.050900	-7.107170
0.051000	-0.685029
0.051100	4.255080
0.051200	-3.155080
0.051300	-4.637120
0.051400	0.797004
0.051500	-7.107170
0.051600	-0.191018
0.051700	7.713160
0.051800	-8.095190
0.051900	-0.191018
0.052000	-2.661070
0.052100	0.302993
0.052200	2.279040
0.052300	5.737110
0.052400	9.689200
0.052500	5.737110
0.052600	11.665200
0.052700	8.701180
0.052800	-0.685029
0.052900	3.267060
0.053000	-1.179040
0.053100	0.797004
0.053200	8.701180
0.053300	17.593399
0.053400	10.677200
0.053500	-7.107170
0.053600	2.773050
0.053700	17.099400
0.053800	16.605400
0.053900	-1.179040
0.054000	-5.131130
0.054100	11.665200
0.054200	10.677200
0.054300	4.255080
0.054400	17.593399
0.054500	5.243100
0.054600	8.207170
0.054700	27.473600
0.054800	-23.409500
0.054900	-172.600998
0.055000	-53.544201
0.055100	132.203995
0.055200	56.620201
0.055300	-11.059300
0.055400	5.737110
0.055500	5.737110
0.055600	-11.059300
0.055700	-3.155080
0.055800	1.785030
0.055900	10.183200
0.056000	5.737110
0.056100	10.677200
0.056200	1.785030
0.056300	-4.143110
0.056400	-1.673050
0.056500	-0.191018
0.056600	4.749090
0.056700	-7.601180
0.056800	-6.613160
0.056900	7.713160
0.057000	-1.179040
0.057100	0.302993
0.057200	14.629300
0.057300	11.171200
0.057400	-9.083220
0.057500	-2.167060
0.057600	22.039499
0.057700	2.773050
0.057800	-17.975401
0.057900	-2.167060
0.058000	8.701180
0.058100	-3.155080
0.058200	-3.155080
0.058300	6.725140
0.058400	0.797004
0.058500	-7.107170
0.058600	-0.191018
0.058700	8.207170
0.058800	-1.179040
0.058900	-26.373600
0.059000	-47.616100
0.059100	-38.229900
0.059200	-11.553300
0.059300	0.797004
0.059400	-15.999400
0.059500	-11.059300
0.059600	-15.999400
0.059700	-3.155080
0.059800	0.797004
0.059900	-2.167060
0.060000	2.773050
0.060100	-5.131130
0.060200	-3.649090
0.060300	-0.191018
0.060400	6.231130
0.060500	15.123300
0.060600	12.159300
0.060700	2.773050
0.060800	0.302993
0.060900	-1.179040
0.061000	-0.191018
0.061100	-11.553300
0.061200	-10.071200
0.061300	-0.685029
0.061400	2.279040
0.061500	-8.095190
0.061600	-9.577230
0.061700	-3.155080
0.061800	7.713160
0.061900	31.425699
0.062000	38.341801
0.062100	4.749090
0.062200	1.291020
0.062300	2.773050
0.062400	-7.107170
0.062500	12.159300
0.062600	6.725140
0.062700	-17.975401
0.062800	-16.493401
0.062900	-3.649090
0.063000	8.207170
0.063100	9.689200
0.063200	0.797004
0.063300	7.713160
0.063400	2.773050
0.063500	-13.035300
0.063600	-8.589200
0.063700	4.749090
0.063800	-7.107170
0.063900	-6.119150
0.064000	9.689200
0.064100	1.291020
0.064200	-2.167060
0.064300	9.689200
0.064400	2.773050
0.064500	4.749090
0.064600	14.629300
0.064700	-6.613160
0.064800	-7.107170
0.064900	4.749090
0.065000	6.231130
0.065100	8.701180
0.065200	-0.685029
0.065300	-6.613160
0.065400	-5.625140
0.065500	-1.179040
0.065600	3.761070
0.065700	-13.035300
0.065800	-12.047300
0.065900	1.785030
0.066000	7.713160
0.066100	-2.661070
0.066200	-14.023300
0.066300	-0.685029
0.066400	-9.083220
0.066500	-4.143110
0.066600	1.785030
0.066700	-18.963400
0.066800	-13.035300
0.066900	6.231130
0.067000	-1.179040
0.067100	-1.179040
0.067200	-6.119150
0.067300	-4.637120
0.067400	12.159300
0.067500	-0.685029
0.067600	-11.553300
0.067700	-9.083220
0.067800	0.797004
0.067900	4.255080
0.068000	4.749090
0.068100	10.677200
0.068200	6.725140
0.068300	-9.577230
0.068400	0.302993
0.068500	2.773050
0.068600	3.267060
0.068700	0.797004
0.068800	-7.107170
0.068900	-13.035300
0.069000	-6.119150
0.069100	-0.685029
0.069200	-3.155080
0.069300	1.291020
0.069400	7.219150
0.069500	-6.613160
0.069600	-2.661070
0.069700	-8.095190
0.069800	-7.107170
0.069900	6.231130
0.070000	2.773050
0.070100	-9.083220
0.070200	-2.661070
0.070300	4.749090
0.070400	7.713160
0.070500	5.243100
0.070600	10.183200
0.070700	-0.685029
0.070800	-1.179040
0.070900	6.725140
0.071000	-0.191018
0.071100	0.302993
0.071200	0.302993
0.071300	8.701180
0.071400	-2.167060
0.071500	-21.927500
0.071600	-19.951500
0.071700	-9.577230
0.071800	-8.095190
0.071900	-3.649090
0.072000	8.701180
0.072100	-0.191018
0.072200	-8.095190
0.072300	-10.071200
0.072400	-2.167060
0.072500	-3.649090
0.072600	-1.673050
0.072700	1.785030
0.072800	-12.047300
0.072900	-9.083220
0.073000	-5.131130
0.073100	-9.577230
0.073200	-17.481400
0.073300	-15.011300
0.073400	-5.131130
0.073500	9.195190
0.073600	7.713160
0.073700	-13.035300
0.073800	-14.023300
0.073900	-12.541300
0.074000	-5.131130
0.074100	2.773050
0.074200	-6.119150
0.074300	-7.601180
0.074400	5.737110
0.074500	2.773050
0.074600	-15.999400
0.074700	-9.577230
0.074800	7.219150
0.074900	-9.577230
0.075000	-18.469400
0.075100	-5.131130
0.075200	-1.673050
0.075300	1.785030
0.075400	-8.095190
0.075500	1.785030
0.075600	-3.649090
0.075700	-8.095190
0.075800	4.255080
0.075900	-9.083220
0.076000	-2.167060
0.076100	-5.625140
0.076200	-7.107170
0.076300	7.219150
0.076400	1.291020
0.076500	-22.421499
0.076600	-18.963400
0.076700	-1.179040
0.076800	-0.685029
0.076900	-5.625140
0.077000	0.797004
0.077100	9.195190
0.077200	-11.059300
0.077300	-17.975401
0.077400	-0.191018
0.077500	-8.095190
0.077600	-7.107170
0.077700	-14.517300
0.077800	-14.517300
0.077900	-3.649090
0.078000	-0.191018
0.078100	0.797004
0.078200	1.785030
0.078300	10.677200
0.078400	6.725140
0.078500	-7.107170
0.078600	-15.999400
0.078700	-16.493401
0.078800	-4.637120
0.078900	6.231130
0.079000	-0.191018
0.079100	-11.553300
0.079200	-12.541300
0.079300	-0.191018
0.079400	9.689200
0.079500	-4.637120
0.079600	-21.927500
0.079700	-7.107170
0.079800	-3.155080
0.079900	-6.119150
0.080000	0.797004
0.080100	4.749090
0.080200	3.267060
0.080300	5.737110
0.080400	7.713160
0.080500	7.713160
0.080600	13.641300
0.080700	11.171200
0.080800	-2.661070
0.080900	-13.035300
0.081000	1.785030
0.081100	14.629300
0.081200	6.725140
0.081300	-8.095190
0.081400	-1.179040
0.081500	7.713160
0.081600	11.665200
0.081700	-4.637120
0.081800	0.797004
0.081900	-2.661070
0.082000	2.773050
0.082100	-5.131130
0.082200	1.785030
0.082300	-2.167060
0.082400	-6.119150
0.082500	6.725140
0.082600	1.291020
0.082700	-2.661070
0.082800	10.677200
0.082900	7.219150
0.083000	4.255080
0.083100	-10.071200
0.083200	-7.107170
0.083300	6.231130
0.083400	8.701180
0.083500	0.797004
0.083600	-7.107170
0.083700	0.797004
0.083800	-3.649090
0.083900	2.279040
0.084000	6.725140
0.084100	-3.155080
0.084200	8.701180
0.084300	0.797004
0.084400	-7.107170
0.084500	-1.179040
0.084600	-2.167060
0.084700	-2.167060
0.084800	-13.035300
0.084900	-19.457399
0.085000	-5.625140
0.085100	8.701180
0.085200	-2.167060
0.085300	-15.999400
0.085400	-6.119150
0.085500	0.797004
0.085600	-1.179040
0.085700	-3.649090
0.085800	4.749090
0.085900	0.302993
0.086000	-7.107170
0.086100	-3.649090
0.086200	0.797004
0.086300	-3.649090
0.086400	-5.131130
0.086500	-9.083220
0.086600	-13.035300
0.086700	-7.601180
0.086800	9.195190
0.086900	0.797004
0.087000	-19.457399
0.087100	-9.083220
0.087200	2.773050
0.087300	-3.155080
0.087400	-8.095190
0.087500	-2.661070
0.087600	-0.191018
0.087700	-4.637120
0.087800	0.302993
0.087900	2.773050
0.088000	9.195190
0.088100	-1.179040
0.088200	5.737110
0.088300	8.701180
0.088400	-2.167060
0.088500	-3.649090
0.088600	-6.119150
0.088700	-1.179040
0.088800	1.785030
0.088900	2.773050
0.089000	5.243100
0.089100	-10.565200
0.089200	-7.601180
0.089300	3.267060
0.089400	8.701180
0.089500	-4.143110
0.089600	-3.649090
0.089700	5.737110
0.089800	-15.999400
0.089900	-15.999400
0.090000	-1.673050
0.090100	1.785030
0.090200	7.219150
0.090300	-8.095190
0.090400	-13.035300
0.090500	-2.661070
0.090600	-7.107170
0.090700	-2.661070
0.090800	-7.107170
0.090900	-6.119150
0.091000	1.785030
0.091100	-2.167060
0.091200	-1.179040
0.091300	15.123300
0.091400	10.183200
0.091500	-1.179040
0.091600	-6.613160
0.091700	-19.457399
0.091800	-15.999400
0.091900	-2.167060
0.092000	5.243100
0.092100	-3.155080
0.092200	-18.963400
0.092300	-13.529300
0.092400	-5.131130
0.092500	-11.059300
0.092600	-8.095190
0.092700	-3.155080
0.092800	-7.107170
0.092900	-0.191018
0.093000	-3.155080
0.093100	3.267060
0.093200	0.797004
0.093300	-8.589200
0.093400	-1.179040
0.093500	-2.661070
0.093600	-1.673050
0.093700	-8.095190
0.093800	-15.999400
0.093900	-9.083220
0.094000	-4.143110
0.094100	0.797004
0.094200	-13.035300
0.094300	-18.469400
0.094400	-7.601180
0.094500	0.302993
0.094600	-15.999400
0.094700	-6.119150
0.094800	-11.059300
0.094900	-16.987400
0.095000	-2.167060
0.095100	-14.023300
0.095200	-15.999400
0.095300	-1.673050
0.095400	-3.649090
0.095500	-1.179040
0.095600	-6.613160
0.095700	-10.071200
0.095800	-2.167060
0.095900	10.677200
0.096000	8.207170
0.096100	0.302993
0.096200	-6.613160
0.096300	7.219150
0.096400	13.641300
0.096500	-1.179040
0.096600	-3.649090
0.096700	7.219150
0.096800	-4.637120
0.096900	-10.071200
0.097000	3.267060
0.097100	-0.191018
0.097200	-7.601180
0.097300	-2.167060
0.097400	2.279040
0.097500	9.195190
0.097600	8.701180
0.097700	11.665200
0.097800	-5.131130
0.097900	-5.131130
0.098000	8.207170
0.098100	13.641300
0.098200	6.725140
0.098300	-0.191018
0.098400	13.641300
0.098500	17.593399
0.098600	3.761070
0.098700	1.785030
0.098800	4.749090
0.098900	1.785030
0.099000	-11.059300
0.099100	-11.059300
0.099200	7.713160
0.099300	-1.179040
0.099400	-11.553300
0.099500	-3.649090
0.099600	2.773050
0.099700	-0.191018
0.099800	-6.613160
0.099900	-8.095190
0.100000	-2.167060
0.100100	0.797004
0.100200	8.701180
0.100300	18.087400
0.100400	8.207170
0.100500	-1.673050
0.100600	6.231130
0.100700	-2.661070
0.100800	4.749090
0.100900	10.677200
0.101000	1.785030
0.101100	0.302993
0.101200	-3.649090
0.101300	-0.191018
0.101400	4.255080
0.101500	0.797004
0.101600	4.749090
0.101700	-5.625140
0.101800	2.773050
0.101900	7.219150
0.102000	-3.649090
0.102100	-15.999400
0.102200	-5.131130
0.102300	1.785030
0.102400	0.797004
0.102500	-0.191018
0.102600	-15.011300
0.102700	-5.131130
0.102800	-7.107170
0.102900	-5.131130
0.103000	-7.107170
0.103100	2.279040
0.103200	-1.179040
0.103300	-2.167060
0.103400	-0.191018
0.103500	8.701180
0.103600	12.159300
0.103700	1.785030
0.103800	-4.637120
0.103900	4.749090
0.104000	13.147300
0.104100	-0.191018
0.104200	1.291020
0.104300	12.159300
0.104400	9.689200
0.104500	-13.529300
0.104600	-14.023300
0.104700	4.749090
0.104800	13.147300
0.104900	0.797004
0.105000	-0.191018
0.105100	-11.059300
0.105200	-11.553300
0.105300	2.773050
0.105400	14.135300
0.105500	-4.637120
0.105600	-21.927500
0.105700	-7.601180
0.105800	7.713160
0.105900	4.255080
0.106000	-15.011300
0.106100	-6.613160
0.106200	9.689200
0.106300	-3.155080
0.106400	-10.071200
0.106500	-0.191018
0.106600	4.255080
0.106700	-9.577230
0.106800	-2.167060
0.106900	-11.553300
0.107000	-13.035300
0.107100	0.797004
0.107200	-6.119150
0.107300	-14.023300
0.107400	-14.023300
0.107500	-7.601180
0.107600	2.279040
0.107700	1.291020
0.107800	-9.083220
0.107900	-11.059300
0.108000	4.255080
0.108100	-7.107170
0.108200	-5.131130
0.108300	18.581400
0.108400	12.653300
0.108500	-13.035300
0.108600	-8.095190
0.108700	1.785030
0.108800	2.773050
0.108900	10.677200
0.109000	6.725140
0.109100	-3.155080
0.109200	-8.095190
0.109300	-2.167060
0.109400	-4.637120
0.109500	-0.191018
0.109600	0.797004
0.109700	0.797004
0.109800	0.797004
0.109900	2.773050
0.110000	-2.661070
0.110100	-3.155080
0.110200	1.291020
0.110300	-8.095190
0.110400	-16.987400
0.110500	-20.445499
0.110600	0.302993
0.110700	17.593399
0.110800	4.255080
0.110900	-16.493401
0.111000	-6.613160
0.111100	12.653300
0.111200	16.605400
0.111300	4.255080
0.111400	6.725140
0.111500	-6.613160
0.111600	-8.095190
0.111700	6.725140
0.111800	13.147300
0.111900	4.255080
0.112000	-6.119150
0.112100	-8.095190
0.112200	-9.083220
0.112300	-7.107170
0.112400	3.761070
0.112500	2.279040
0.112600	-11.059300
0.112700	-3.155080
0.112800	10.183200
0.112900	-10.071200
0.113000	-19.951500
0.113100	-1.179040
0.113200	1.785030
0.113300	1.785030
0.113400	12.159300
0.113500	-4.143110
0.113600	-5.131130
0.113700	-3.155080
0.113800	-5.131130
0.113900	-5.131130
0.114000	-7.107170
0.114100	-5.131130
0.114200	-5.131130
0.114300	-10.071200
0.114400	-9.577230
0.114500	-3.155080
0.114600	-0.685029
0.114700	-11.059300
0.114800	-7.601180
0.114900	-5.131130
0.115000	4.749090
0.115100	6.725140
0.115200	-14.517300
0.115300	-10.071200
0.115400	7.713160
0.115500	10.677200
0.115600	4.255080
0.115700	5.737110
0.115800	-1.179040
0.115900	10.677200
0.116000	5.737110
0.116100	-0.191018
0.116200	3.761070
0.116300	6.725140
0.116400	7.219150
0.116500	13.641300
0.116600	0.797004
0.116700	-3.155080
0.116800	7.713160
0.116900	8.701180
0.117000	-8.589200
0.117100	-1.179040
0.117200	-3.649090
0.117300	-5.131130
0.117400	4.749090
0.117500	7.713160
0.117600	-10.071200
0.117700	-1.179040
0.117800	0.797004
0.117900	-13.529300
0.118000	-10.565200
0.118100	0.797004
0.118200	12.653300
0.118300	-1.179040
0.118400	-14.517300
0.118500	-6.119150
0.118600	1.291020
0.118700	-7.601180
0.118800	-16.987400
0.118900	-10.071200
0.119000	2.279040
0.119100	-8.095190
0.119200	-16.987400
0.119300	-8.095190
0.119400	-0.685029
0.119500	-8.095190
0.119600	-0.191018
0.119700	2.279040
0.119800	-8.589200
0.119900	-20.445499
0.120000	-5.625140
0.120100	0.797004
0.120200	2.773050
0.120300	15.123300
0.120400	1.291020
0.120500	-9.577230
0.120600	-7.107170
0.120700	-6.119150
0.120800	0.797004
0.120900	7.713160
0.121000	-2.167060
0.121100	-1.179040
0.121200	13.641300
0.121300	1.785030
0.121400	-15.505400
0.121500	-18.963400
0.121600	-2.167060
0.121700	-12.541300
0.121800	-11.553300
0.121900	8.701180
0.122000	5.243100
0.122100	-11.553300
0.122200	-13.035300
0.122300	-15.011300
0.122400	-16.493401
0.122500	-5.131130
0.122600	-13.529300
0.122700	-15.999400
0.122800	-5.625140
0.122900	6.725140
0.123000	12.159300
0.123100	4.749090
0.123200	-6.119150
0.123300	-0.685029
0.123400	-1.673050
0.123500	7.713160
0.123600	2.773050
0.123700	-15.011300
0.123800	-9.083220
0.123900	0.797004
0.124000	8.701180
0.124100	13.641300
0.124200	-0.191018
0.124300	-17.481400
0.124400	-10.565200
0.124500	-2.167060
0.124600	-3.155080
0.124700	1.785030
0.124800	8.701180
0.124900	4.749090
0.125000	9.689200
0.125100	7.713160
0.125200	-9.083220
0.125300	-5.625140
0.125400	-1.179040
0.125500	0.797004
0.125600	8.701180
0.125700	7.713160
0.125800	2.773050
0.125900	4.255080
0.126000	6.725140
0.126100	5.737110
0.126200	6.725140
0.126300	8.207170
0.126400	9.195190
0.126500	8.701180
0.126600	-2.167060
0.126700	2.279040
0.126800	3.761070
0.126900	7.713160
0.127000	-2.167060
0.127100	-0.191018
0.127200	2.773050
0.127300	-8.095190
0.127400	-0.191018
0.127500	-1.179040
0.127600	-6.119150
0.127700	0.302993
0.127800	14.629300
0.127900	10.677200
0.128000	-5.131130
0.128100	0.797004
0.128200	11.665200
0.128300	9.195190
0.128400	8.701180
0.128500	13.641300
0.128600	-2.167060
0.128700	2.773050
0.128800	4.749090
0.128900	1.291020
0.129000	-3.649090
0.129100	0.302993
0.129200	-2.167060
0.129300	4.255080
0.129400	-0.191018
0.129500	0.797004
0.129600	12.653300
0.129700	-0.191018
0.129800	-2.167060
0.129900	-1.179040
0.130000	-2.167060
0.130100	0.797004
0.130200	8.207170
0.130300	1.785030
0.130400	-7.107170
0.130500	-10.071200
0.130600	-1.179040
0.130700	1.785030
0.130800	-2.661070
0.130900	-5.131130
0.131000	-1.179040
0.131100	3.761070
0.131200	-8.589200
0.131300	-5.625140
0.131400	1.785030
0.131500	6.725140
0.131600	13.641300
0.131700	-3.155080
0.131800	-5.131130
0.131900	1.785030
0.132000	4.255080
0.132100	-3.649090
0.132200	-8.589200
0.132300	-7.107170
0.132400	4.749090
0.132500	2.773050
0.132600	-0.191018
0.132700	-1.179040
0.132800	-0.685029
0.132900	-11.059300
0.133000	-15.505400
0.133100	4.255080
0.133200	-5.131130
0.133300	-11.059300
0.133400	-0.191018
0.133500	0.302993
0.133600	-0.191018
0.133700	-15.999400
0.133800	-10.565200
0.133900	1.785030
0.134000	2.773050
0.134100	7.713160
0.134200	-4.143110
0.134300	0.797004
0.134400	2.773050
0.134500	-2.167060
0.134600	-3.155080
0.134700	-7.107170
0.134800	-13.035300
0.134900	-14.023300
0.135000	1.785030
0.135100	-4.143110
0.135200	-9.083220
0.135300	-2.167060
0.135400	-5.625140
0.135500	1.785030
0.135600	-7.107170
0.135700	-2.167060
0.135800	-1.673050
0.135900	-1.179040
0.136000	5.737110
0.136100	0.797004
0.136200	-3.155080
0.136300	1.785030
0.136400	7.219150
0.136500	2.279040
0.136600	8.701180
0.136700	5.737110
0.136800	-11.059300
0.136900	-15.011300
0.137000	-0.191018
0.137100	7.713160
0.137200	6.725140
0.137300	-4.143110
0.137400	-2.167060
0.137500	6.725140
0.137600	-5.625140
0.137700	-2.661070
0.137800	20.063400
0.137900	5.243100
0.138000	-16.987400
0.138100	-3.649090
0.138200	5.737110
0.138300	5.737110
0.138400	1.291020
0.138500	-2.661070
0.138600	0.797004
0.138700	1.785030
0.138800	4.255080
0.138900	-6.119150
0.139000	-1.179040
0.139100	-3.649090
0.139200	4.749090
0.139300	-1.673050
0.139400	-11.059300
0.139500	-0.191018
0.139600	4.749090
0.139700	-7.107170
0.139800	-0.191018
0.139900	12.159300
0.140000	-7.601180
0.140100	-10.565200
0.140200	6.725140
0.140300	2.773050
0.140400	-8.095190
0.140500	-14.517300
0.140600	-5.131130
0.140700	-0.191018
0.140800	4.749090
0.140900	-2.167060
0.141000	-14.023300
0.141100	-21.927500
0.141200	-11.553300
0.141300	-3.649090
0.141400	-1.179040
0.141500	-10.071200
0.141600	-13.035300
0.141700	-3.155080
0.141800	-0.685029
0.141900	-1.673050
0.142000	9.195190
0.142100	1.291020
0.142200	-7.107170
0.142300	-11.553300
0.142400	-7.601180
0.142500	-10.565200
0.142600	-6.119150
0.142700	9.689200
0.142800	-0.191018
0.142900	-8.589200
0.143000	-0.191018
0.143100	8.701180
0.143200	3.761070
0.143300	7.713160
0.143400	9.195190
0.143500	10.183200
0.143600	-4.637120
0.143700	-1.179040
0.143800	2.773050
0.143900	7.713160
0.144000	-1.179040
0.144100	5.737110
0.144200	10.677200
0.144300	9.689200
0.144400	-5.131130
0.144500	-7.107170
0.144600	4.749090
0.144700	12.653300
0.144800	11.665200
0.144900	-7.107170
0.145000	-1.179040
0.145100	10.677200
0.145200	8.701180
0.145300	2.279040
0.145400	5.737110
0.145500	6.231130
0.145600	7.713160
0.145700	15.123300
0.145800	-0.685029
0.145900	-1.673050
0.146000	12.159300
0.146100	-0.685029
0.146200	-5.625140
0.146300	9.689200
0.146400	2.279040
0.146500	-16.987400
0.146600	-1.179040
0.146700	-5.131130
0.146800	-4.637120
0.146900	8.701180
0.147000	4.749090
0.147100	-11.059300
0.147200	-17.481400
0.147300	-9.083220
0.147400	6.725140
0.147500	-0.191018
0.147600	-10.071200
0.147700	-5.625140
0.147800	-9.083220
0.147900	-5.625140
0.148000	-10.565200
0.148100	-3.155080
0.148200	-14.023300
0.148300	-15.999400
0.148400	-5.131130
0.148500	0.302993
0.148600	5.243100
0.148700	-1.673050
0.148800	-7.107170
0.148900	-9.083220
0.149000	1.291020
0.149100	-3.155080
0.149200	-14.517300
0.149300	-5.131130
0.149400	5.737110
0.149500	6.725140
0.149600	4.749090
0.149700	-10.071200
0.149800	-13.529300
0.149900	-2.661070
0.150000	5.737110
0.150100	-13.529300
0.150200	-11.553300
0.150300	0.302993
0.150400	-0.191018
0.150500	-12.541300
0.150600	-8.095190
0.150700	0.797004
0.150800	-9.083220
0.150900	-5.131130
0.151000	-0.191018
0.151100	-5.131130
0.151200	-2.661070
0.151300	0.302993
0.151400	0.797004
0.151500	9.195190
0.151600	2.773050
0.151700	-16.987400
0.151800	-3.649090
0.151900	10.677200
0.152000	-8.095190
0.152100	-9.083220
0.152200	-0.191018
0.152300	5.243100
0.152400	5.243100
0.152500	-5.625140
0.152600	-8.095190
0.152700	0.797004
0.152800	-5.625140
0.152900	-17.481400
0.153000	-8.095190
0.153100	4.749090
0.153200	-6.613160
0.153300	-7.107170
0.153400	-8.589200
0.153500	-4.143110
0.153600	-5.131130
0.153700	0.302993
0.153800	-7.601180
0.153900	-10.565200
0.154000	-0.191018
0.154100	-1.179040
0.154200	-3.155080
0.154300	-3.155080
0.154400	1.785030
0.154500	8.701180
0.154600	-5.131130
0.154700	-10.071200
0.154800	-0.191018
0.154900	12.653300
0.155000	1.785030
0.155100	-15.011300
0.155200	-6.613160
0.155300	9.195190
0.155400	-4.143110
0.155500	-3.649090
0.155600	7.219150
0.155700	10.183200
0.155800	-7.601180
0.155900	-7.107170
0.156000	5.737110
0.156100	8.207170
0.156200	13.641300
0.156300	-1.673050
0.156400	-2.167060
0.156500	-5.131130
0.156600	-17.975401
0.156700	-11.553300
0.156800	-6.119150
0.156900	-7.107170
0.157000	2.773050
0.157100	6.725140
0.157200	-13.035300
0.157300	-14.517300
0.157400	-2.661070
0.157500	-1.673050
0.157600	-15.011300
0.157700	-8.095190
0.157800	4.749090
0.157900	-9.083220
0.158000	-13.035300
0.158100	2.773050
0.158200	-0.191018
0.158300	-18.963400
0.158400	-2.661070
0.158500	-3.649090
0.158600	-15.999400
0.158700	1.785030
0.158800	2.279040
0.158900	6.725140
0.159000	-2.167060
0.159100	-19.457399
0.159200	-12.541300
0.159300	-0.191018
0.159400	0.302993
0.159500	-3.649090
0.159600	-3.649090
0.159700	5.737110
0.159800	6.725140
0.159900	-8.095190
0.160000	-12.541300
0.160100	-5.131130
0.160200	-0.191018
0.160300	-6.119150
0.160400	-6.613160
0.160500	-1.179040
0.160600	7.713160
0.160700	1.291020
0.160800	-11.553300
0.160900	1.785030
0.161000	7.713160
0.161100	-15.999400
0.161200	-20.445499
0.161300	-8.095190
0.161400	-9.083220
0.161500	-9.083220
0.161600	-7.601180
0.161700	-2.167060
0.161800	-1.179040
0.161900	2.773050
0.162000	-13.035300
0.162100	-14.023300
0.162200	-3.155080
0.162300	0.302993
0.162400	-0.191018
0.162500	-2.661070
0.162600	6.725140
0.162700	-0.191018
0.162800	-17.975401
0.162900	-1.179040
0.163000	-0.191018
0.163100	-2.661070
0.163200	-9.577230
0.163300	-3.155080
0.163400	10.677200
0.163500	-11.059300
0.163600	-10.071200
0.163700	-4.143110
0.163800	-3.155080
0.163900	2.773050
0.164000	-10.565200
0.164100	1.785030
0.164200	1.291020
0.164300	-16.987400
0.164400	-16.493401
0.164500	-1.179040
0.164600	-3.155080
0.164700	-4.143110
0.164800	-9.083220
0.164900	-14.023300
0.165000	-7.601180
0.165100	-4.143110
0.165200	-7.107170
0.165300	1.785030
0.165400	12.653300
0.165500	-4.637120
0.165600	-1.673050
0.165700	6.725140
0.165800	7.713160
0.165900	-1.179040
0.166000	0.797004
0.166100	5.243100
0.166200	14.629300
0.166300	7.219150
0.166400	-7.107170
0.166500	-11.059300
0.166600	-2.661070
0.166700	3.761070
0.166800	-0.191018
0.166900	-7.107170
0.167000	-0.191018
0.167100	2.773050
0.167200	-15.999400
0.167300	-11.059300
0.167400	1.785030
0.167500	-1.673050
0.167600	-4.143110
0.167700	-11.059300
0.167800	-9.083220
0.167900	-6.613160
0.168000	-6.613160
0.168100	-1.673050
0.168200	7.219150
0.168300	-8.095190
0.168400	-10.565200
0.168500	6.231130
0.168600	-11.059300
0.168700	-13.035300
0.168800	6.231130
0.168900	0.797004
0.169000	-14.517300
0.169100	-10.565200
0.169200	2.279040
0.169300	-14.517300
0.169400	-17.481400
0.169500	0.797004
0.169600	18.087400
0.169700	7.713160
0.169800	-15.011300
0.169900	-7.107170
0.170000	-0.685029
0.170100	0.302993
0.170200	10.183200
0.170300	5.737110
0.170400	-10.071200
0.170500	-15.505400
0.170600	-2.167060
0.170700	11.665200
0.170800	-5.131130
0.170900	-18.963400
0.171000	-1.673050
0.171100	-1.179040
0.171200	-20.939501
0.171300	-7.107170
0.171400	12.653300
0.171500	-1.179040
0.171600	-11.059300
0.171700	1.785030
0.171800	-5.625140
0.171900	-8.589200
0.172000	-0.191018
0.172100	9.195190
0.172200	-1.673050
0.172300	-15.999400
0.172400	2.279040
0.172500	-1.179040
0.172600	-0.191018
0.172700	-11.059300
0.172800	-13.035300
0.172900	4.255080
0.173000	15.617300
0.173100	7.713160
0.173200	-1.673050
0.173300	-4.143110
0.173400	-11.553300
0.173500	-6.119150
0.173600	5.243100
0.173700	8.701180
0.173800	1.785030
0.173900	-1.179040
0.174000	9.689200
0.174100	21.051500
0.174200	9.195190
0.174300	-7.107170
0.174400	10.677200
0.174500	9.689200
0.174600	-9.577230
0.174700	-3.649090
0.174800	6.231130
0.174900	7.219150
0.175000	-5.131130
0.175100	-0.191018
0.175200	0.797004
0.175300	10.183200
0.175400	2.773050
0.175500	-13.035300
0.175600	-6.119150
0.175700	-2.661070
0.175800	-2.661070
0.175900	-4.637120
0.176000	0.797004
0.176100	5.737110
0.176200	6.231130
0.176300	-3.155080
0.176400	-10.071200
0.176500	0.302993
0.176600	-3.649090
0.176700	-7.107170
0.176800	-5.131130
0.176900	-15.999400
0.177000	-11.553300
0.177100	1.785030
0.177200	-9.083220
0.177300	-6.613160
0.177400	-8.095190
0.177500	-4.637120
0.177600	8.701180
0.177700	1.291020
0.177800	-10.565200
0.177900	-17.975401
0.178000	1.785030
0.178100	-3.155080
0.178200	-15.999400
0.178300	0.302993
0.178400	10.677200
0.178500	-2.167060
0.178600	-15.999400
0.178700	-1.673050
0.178800	0.797004
0.178900	-0.191018
0.179000	5.737110
0.179100	9.195190
0.179200	-10.565200
0.179300	-7.107170
0.179400	5.737110
0.179500	4.255080
0.179600	-8.095190
0.179700	-1.179040
0.179800	4.749090
0.179900	-10.565200
0.180000	-8.589200
0.180100	-3.155080
0.180200	-2.167060
0.180300	-11.553300
0.180400	-3.155080
0.180500	-9.577230
0.180600	-12.047300
0.180700	-1.673050
0.180800	-1.179040
0.180900	1.291020
0.181000	-5.131130
0.181100	-8.095190
0.181200	4.749090
0.181300	-9.083220
0.181400	-6.119150
0.181500	9.195190
0.181600	7.219150
0.181700	-8.095190
0.181800	-14.023300
0.181900	1.291020
0.182000	-1.179040
0.182100	2.773050
0.182200	-1.673050
0.182300	-11.553300
0.182400	-4.143110
0.182500	1.785030
0.182600	-4.143110
0.182700	-4.143110
0.182800	0.797004
0.182900	-9.083220
0.183000	-8.095190
0.183100	-5.625140
0.183200	2.279040
0.183300	1.785030
0.183400	-11.059300
0.183500	-4.143110
0.183600	-1.673050
0.183700	-6.613160
0.183800	0.797004
0.183900	-3.155080
0.184000	-8.095190
0.184100	-5.131130
0.184200	0.302993
0.184300	6.231130
0.184400	-8.095190
0.184500	-5.131130
0.184600	-6.119150
0.184700	-0.685029
0.184800	-9.577230
0.184900	-7.601180
0.185000	3.267060
0.185100	9.195190
0.185200	-11.553300
0.185300	-17.481400
0.185400	1.785030
0.185500	2.773050
0.185600	-13.529300
0.185700	-5.131130
0.185800	0.797004
0.185900	-6.119150
0.186000	-0.191018
0.186100	-7.107170
0.186200	-8.095190
0.186300	8.701180
0.186400	1.785030
0.186500	-14.023300
0.186600	-13.035300
0.186700	-1.673050
0.186800	-1.179040
0.186900	-5.131130
0.187000	-4.143110
0.187100	-3.155080
0.187200	1.291020
0.187300	8.701180
0.187400	13.147300
0.187500	-4.143110
0.187600	-1.179040
0.187700	13.641300
0.187800	-0.191018
0.187900	-8.589200
0.188000	2.279040
0.188100	-0.685029
0.188200	-1.179040
0.188300	2.279040
0.188400	-6.119150
0.188500	-5.131130
0.188600	0.797004
0.188700	-3.155080
0.188800	-8.095190
0.188900	-5.625140
0.189000	12.159300
0.189100	1.785030
0.189200	-14.517300
0.189300	-2.661070
0.189400	-2.167060
0.189500	-8.095190
0.189600	-7.601180
0.189700	-6.119150
0.189800	0.797004
0.189900	-12.047300
0.190000	-6.119150
0.190100	-1.179040
0.190200	2.773050
0.190300	-5.131130
0.190400	0.797004
0.190500	0.797004
0.190600	-3.155080
0.190700	-0.191018
0.190800	1.785030
0.190900	4.749090
0.191000	4.749090
0.191100	9.689200
0.191200	0.797004
0.191300	-13.529300
0.191400	4.749090
0.191500	14.629300
0.191600	-5.131130
0.191700	-16.987400
0.191800	-20.939501
0.191900	-10.565200
0.192000	-1.179040
0.192100	1.785030
0.192200	-0.191018
0.192300	5.737110
0.192400	-5.131130
0.192500	-14.517300
0.192600	-5.131130
0.192700	4.255080
0.192800	7.219150
0.192900	-3.155080
0.193000	-14.023300
0.193100	-3.155080
0.193200	8.701180
0.193300	-10.071200
0.193400	-8.095190
0.193500	-0.685029
0.193600	-3.155080
0.193700	0.797004
0.193800	8.207170
0.193900	-2.661070
0.194000	-0.191018
0.194100	-7.107170
0.194200	-11.059300
0.194300	-2.661070
0.194400	1.291020
0.194500	8.701180
0.194600	-11.059300
0.194700	-14.023300
0.194800	2.773050
0.194900	-3.649090
0.195000	4.749090
0.195100	-2.661070
0.195200	-8.589200
0.195300	3.267060
0.195400	-5.131130
0.195500	0.302993
0.195600	-3.649090
0.195700	-15.011300
0.195800	-11.059300
0.195900	-6.119150
0.196000	-3.155080
0.196100	7.219150
0.196200	7.713160
0.196300	-4.143110
0.196400	4.749090
0.196500	2.773050
0.196600	-13.529300
0.196700	-8.095190
0.196800	-1.179040
0.196900	2.279040
0.197000	1.785030
0.197100	-0.191018
0.197200	4.749090
0.197300	10.183200
0.197400	3.267060
0.197500	-0.191018
0.197600	-1.673050
0.197700	-5.131130
0.197800	-0.191018
0.197900	8.701180
0.198000	8.207170
0.198100	-8.095190
0.198200	3.267060
0.198300	8.701180
0.198400	7.713160
0.198500	-2.661070
0.198600	-1.179040
0.198700	-5.625140
0.198800	-6.613160
0.198900	0.302993
0.199000	6.725140
0.199100	-5.625140
0.199200	-9.083220
0.199300	-5.131130
0.199400	1.291020
0.199500	13.641300
0.199600	-3.155080
0.199700	-9.083220
0.199800	-8.095190
0.199900	-9.577230
0.200000	-1.673050
0.200100	-1.179040
0.200200	-7.107170
0.200300	-4.637120
0.200400	-4.637120
0.200500	-6.119150
0.200600	1.785030
0.200700	9.689200
0.200800	-3.155080
0.200900	0.797004
0.201000	3.267060
0.201100	6.231130
0.201200	-1.179040
0.201300	-9.083220
0.201400	1.785030
0.201500	8.701180
0.201600	6.231130
0.201700	-8.095190
0.201800	-10.071200
0.201900	5.737110
0.202000	0.302993
0.202100	-10.071200
0.202200	-8.095190
0.202300	2.773050
0.202400	-7.107170
0.202500	-3.649090
0.202600	-8.589200
0.202700	-11.059300
0.202800	4.255080
0.202900	13.641300
0.203000	-5.131130
0.203100	-7.107170
0.203200	-4.637120
0.203300	0.797004
0.203400	-7.601180
0.203500	-5.131130
0.203600	0.797004
0.203700	-12.541300
0.203800	-11.059300
0.203900	-2.661070
0.204000	1.291020
0.204100	5.737110
0.204200	-8.095190
0.204300	-7.601180
0.204400	6.725140
0.204500	-6.613160
0.204600	-7.107170
0.204700	14.629300
0.204800	-0.685029
0.204900	-18.963400
0.205000	-5.625140
0.205100	9.689200
0.205200	11.665200
0.205300	-1.179040
0.205400	-4.637120
0.205500	-0.685029
0.205600	-3.155080
0.205700	-5.131130
0.205800	8.701180
0.205900	-6.613160
0.206000	-5.131130
0.206100	4.749090
0.206200	7.713160
0.206300	5.243100
0.206400	11.171200
0.206500	0.797004
0.206600	-6.119150
0.206700	0.797004
0.206800	12.653300
0.206900	12.653300
0.207000	-5.131130
0.207100	-2.661070
0.207200	2.773050
0.207300	-0.685029
0.207400	0.797004
0.207500	0.302993
0.207600	-5.625140
0.207700	-1.673050
0.207800	4.749090
0.207900	6.725140
0.208000	-1.673050
0.208100	-7.107170
0.208200	-4.143110
0.208300	-11.553300
0.208400	-12.541300
0.208500	-4.637120
0.208600	5.737110
0.208700	0.797004
0.208800	-14.023300
0.208900	-11.059300
0.209000	0.302993
0.209100	-6.119150
0.209200	-1.673050
0.209300	-3.155080
0.209400	3.267060
0.209500	-5.625140
0.209600	-17.975401
0.209700	-14.023300
0.209800	3.267060
0.209900	-4.637120
0.210000	-2.167060
0.210100	9.195190
0.210200	-9.083220
0.210300	-9.083220
0.210400	1.785030
0.210500	-1.179040
0.210600	-7.107170
0.210700	-4.143110
0.210800	-3.155080
0.210900	-3.649090
0.211000	-2.167060
0.211100	7.713160
0.211200	-2.661070
0.211300	-5.625140
0.211400	-4.143110
0.211500	-1.673050
0.211600	-0.191018
0.211700	-0.685029
0.211800	-2.661070
0.211900	-1.673050
0.212000	14.629300
0.212100	8.207170
0.212200	-13.035300
0.212300	-1.179040
0.212400	-9.577230
0.212500	-6.119150
0.212600	4.749090
0.212700	4.749090
0.212800	-7.107170
0.212900	-15.999400
0.213000	-4.637120
0.213100	3.267060
0.213200	-10.565200
0.213300	-11.059300
0.213400	-8.589200
0.213500	-5.131130
0.213600	1.291020
0.213700	8.207170
0.213800	6.725140
0.213900	-3.649090
0.214000	3.267060
0.214100	-3.155080
0.214200	-5.131130
0.214300	4.749090
0.214400	1.785030
0.214500	4.749090
0.214600	-1.179040
0.214700	-3.155080
0.214800	6.231130
0.214900	-4.143110
0.215000	-2.167060
0.215100	9.689200
0.215200	4.255080
0.215300	-3.155080
0.215400	-8.095190
0.215500	0.302993
0.215600	1.785030
0.215700	-5.131130
0.215800	-6.613160
0.215900	2.773050
0.216000	10.183200
0.216100	-5.131130
0.216200	-12.047300
0.216300	-2.167060
0.216400	2.279040
0.216500	-15.999400
0.216600	-13.529300
0.216700	12.159300
0.216800	1.291020
0.216900	-10.071200
0.217000	-13.529300
0.217100	-21.433500
0.217200	-11.059300
0.217300	-3.155080
0.217400	-2.167060
0.217500	-0.191018
0.217600	-4.143110
0.217700	-3.155080
0.217800	5.243100
0.217900	1.785030
0.218000	-10.565200
0.218100	-13.035300
0.218200	-2.167060
0.218300	-2.167060
0.218400	-11.059300
0.218500	-6.119150
0.218600	4.255080
0.218700	16.605400
0.218800	7.219150
0.218900	-8.589200
0.219000	-8.095190
0.219100	0.797004
0.219200	1.785030
0.219300	-14.023300
0.219400	-3.649090
0.219500	-1.179040
0.219600	-0.191018
0.219700	8.701180
0.219800	-9.083220
0.219900	-10.565200
0.220000	7.219150
0.220100	0.797004
0.220200	-16.987400
0.220300	-6.613160
0.220400	7.219150
0.220500	-4.143110
0.220600	-7.107170
0.220700	6.725140
0.220800	6.725140
0.220900	-8.589200
0.221000	-8.095190
0.221100	2.773050
0.221200	-3.649090
0.221300	-3.155080
0.221400	8.207170
0.221500	-3.155080
0.221600	4.255080
0.221700	-7.107170
0.221800	-10.071200
0.221900	5.737110
0.222000	6.725140
0.222100	-8.095190
0.222200	-7.107170
0.222300	1.785030
0.222400	-1.673050
0.222500	-17.481400
0.222600	-9.083220
0.222700	1.785030
0.222800	-11.553300
0.222900	-13.035300
0.223000	-14.023300
0.223100	-10.071200
0.223200	4.255080
0.223300	-7.107170
0.223400	-8.095190
0.223500	5.737110
0.223600	4.749090
0.223700	-0.191018
0.223800	8.701180
0.223900	22.533501
0.224000	9.689200
0.224100	-7.107170
0.224200	0.302993
0.224300	8.701180
0.224400	6.725140
0.224500	5.243100
0.224600	8.701180
0.224700	20.063400
0.224800	6.725140
0.224900	-5.625140
0.225000	12.159300
0.225100	3.267060
0.225200	-7.601180
0.225300	11.665200
0.225400	14.629300
0.225500	-12.541300
0.225600	-8.095190
0.225700	2.279040
0.225800	3.267060
0.225900	6.725140
0.226000	16.605400
0.226100	2.773050
0.226200	-14.517300
0.226300	-7.107170
0.226400	0.797004
0.226500	-0.191018
0.226600	0.302993
0.226700	1.785030
0.226800	6.725140
0.226900	4.749090
0.227000	-10.565200
0.227100	-21.927500
0.227200	-6.119150
0.227300	5.243100
0.227400	-11.059300
0.227500	-2.661070
0.227600	-6.119150
0.227700	-9.083220
0.227800	-0.191018
0.227900	-10.565200
0.228000	-9.083220
0.228100	1.785030
0.228200	-10.071200
0.228300	-9.083220
0.228400	5.243100
0.228500	-5.131130
0.228600	-5.131130
0.228700	4.255080
0.228800	4.255080
0.228900	-0.191018
0.229000	-8.095190
0.229100	-7.107170
0.229200	2.773050
0.229300	6.231130
0.229400	-7.107170
0.229500	-15.011300
0.229600	-3.155080
0.229700	-1.179040
0.229800	-8.095190
0.229900	-3.155080
0.230000	5.243100
0.230100	12.653300
0.230200	6.725140
0.230300	-5.625140
0.230400	-15.011300
0.230500	-8.095190
0.230600	0.797004
0.230700	5.243100
0.230800	4.749090
0.230900	-8.095190
0.231000	-8.095190
0.231100	1.785030
0.231200	1.291020
0.231300	3.267060
0.231400	4.749090
0.231500	-10.565200
0.231600	-10.565200
0.231700	5.737110
0.231800	4.255080
0.231900	-1.179040
0.232000	-7.601180
0.232100	-0.685029
0.232200	14.629300
0.232300	-2.661070
0.232400	-7.601180
0.232500	8.701180
0.232600	2.279040
0.232700	-13.529300
0.232800	-5.131130
0.232900	-5.131130
0.233000	-18.469400
0.233100	-14.023300
0.233200	-2.167060
0.233300	9.195190
0.233400	0.302993
0.233500	-13.035300
0.233600	-14.023300
0.233700	-21.927500
0.233800	-10.071200
0.233900	5.737110
0.234000	-15.999400
0.234100	-16.987400
0.234200	-4.143110
0.234300	-5.131130
0.234400	-1.673050
0.234500	4.255080
0.234600	1.785030
0.234700	-3.649090
0.234800	-6.613160
0.234900	-9.577230
0.235000	-3.155080
0.235100	0.797004
0.235200	9.689200
0.235300	1.785030
0.235400	1.785030
0.235500	-6.119150
0.235600	-5.131130
0.235700	6.231130
0.235800	6.725140
0.235900	1.291020
0.236000	4.749090
0.236100	-1.179040
0.236200	-1.179040
0.236300	-11.553300
0.236400	-9.577230
0.236500	7.713160
0.236600	7.713160
0.236700	4.749090
0.236800	4.749090
0.236900	3.761070
0.237000	-12.541300
0.237100	-9.083220
0.237200	-0.191018
0.237300	0.797004
0.237400	-15.999400
0.237500	-8.095190
0.237600	10.183200
0.237700	0.302993
0.237800	-13.035300
0.237900	-7.107170
0.238000	-12.047300
0.238100	-13.035300
0.238200	3.267060
0.238300	13.147300
0.238400	-1.179040
0.238500	-14.023300
0.238600	-8.095190
0.238700	1.785030
0.238800	12.159300
0.238900	3.761070
0.239000	-16.987400
0.239100	-8.095190
0.239200	3.761070
0.239300	1.785030
0.239400	-2.661070
0.239500	2.279040
0.239600	7.713160
0.239700	9.689200
0.239800	2.773050
0.239900	-13.035300
0.240000	-7.107170
0.240100	1.785030
0.240200	1.785030
0.240300	-1.179040
0.240400	7.713160
0.240500	-4.637120
0.240600	-11.059300
0.240700	-2.661070
0.240800	-13.035300
0.240900	-10.565200
0.241000	10.677200
0.241100	7.713160
0.241200	-12.047300
0.241300	-8.095190
0.241400	3.267060
0.241500	6.725140
0.241600	-10.071200
0.241700	-13.035300
0.241800	-8.589200
0.241900	6.725140
0.242000	11.665200
0.242100	-3.155080
0.242200	-11.059300
0.242300	-0.685029
0.242400	1.785030
0.242500	-0.191018
0.242600	8.701180
0.242700	-4.637120
0.242800	-17.975401
0.242900	-0.191018
0.243000	7.219150
0.243100	8.701180
0.243200	0.797004
0.243300	-9.083220
0.243400	-13.035300
0.243500	-6.119150
0.243600	-3.649090
0.243700	-3.155080
0.243800	-6.613160
0.243900	-8.095190
0.244000	-1.673050
0.244100	9.195190
0.244200	-6.119150
0.244300	-5.625140
0.244400	-11.059300
0.244500	-8.095190
0.244600	-1.179040
0.244700	-2.167060
0.244800	-0.191018
0.244900	4.255080
0.245000	-3.649090
0.245100	-1.673050
0.245200	6.725140
0.245300	-0.191018
0.245400	2.773050
0.245500	11.665200
0.245600	-3.155080
0.245700	-4.637120
0.245800	0.797004
0.245900	0.797004
0.246000	3.761070
0.246100	5.737110
0.246200	6.725140
0.246300	8.701180
0.246400	4.255080
0.246500	7.713160
0.246600	11.665200
0.246700	0.302993
0.246800	1.785030
0.246900	-8.095190
0.247000	-3.155080
0.247100	-0.191018
0.247200	1.785030
0.247300	-5.131130
0.247400	1.291020
0.247500	13.641300
0.247600	4.255080
0.247700	-15.999400
0.247800	-9.083220
0.247900	6.725140
0.248000	7.713160
0.248100	-0.685029
0.248200	-11.059300
0.248300	-6.119150
0.248400	6.725140
0.248500	-0.685029
0.248600	1.291020
0.248700	-9.083220
0.248800	-5.131130
0.248900	4.749090
0.249000	9.689200
0.249100	6.231130
0.249200	-13.035300
0.249300	-9.083220
0.249400	7.713160
0.249500	16.111300
0.249600	4.749090
0.249700	-2.167060
0.249800	-13.529300
0.249900	-7.107170
0.250000	4.255080
0.250100	1.291020
0.250200	1.291020
0.250300	-6.613160
0.250400	-0.685029
0.250500	7.219150
0.250600	-12.541300
0.250700	-11.553300
0.250800	9.195190
0.250900	-10.071200
0.251000	-11.059300
0.251100	-4.637120
0.251200	1.291020
0.251300	13.641300
0.251400	-1.673050
0.251500	-15.999400
0.251600	0.302993
0.251700	5.243100
0.251800	-2.661070
0.251900	-5.131130
0.252000	8.207170
0.252100	-1.179040
0.252200	-20.445499
0.252300	-9.083220
0.252400	6.725140
0.252500	-0.191018
0.252600	-5.625140
0.252700	0.797004
0.252800	10.677200
0.252900	-2.661070
0.253000	-16.987400
0.253100	-2.167060
0.253200	5.243100
0.253300	-3.155080
0.253400	3.267060
0.253500	-10.071200
0.253600	-8.589200
0.253700	7.219150
0.253800	3.761070
0.253900	-15.505400
0.254000	-11.553300
0.254100	-0.685029
0.254200	1.785030
0.254300	7.713160
0.254400	-8.095190
0.254500	-15.011300
0.254600	-5.131130
0.254700	-1.179040
0.254800	-0.191018
0.254900	-8.589200
0.255000	0.797004
0.255100	5.737110
0.255200	-9.083220
0.255300	-20.445499
0.255400	-9.577230
0.255500	3.267060
0.255600	5.737110
0.255700	-7.107170
0.255800	-15.011300
0.255900	0.797004
0.256000	-8.095190
0.256100	-15.011300
0.256200	-1.179040
0.256300	7.713160
0.256400	-5.131130
0.256500	-1.673050
0.256600	-9.083220
0.256700	-10.565200
0.256800	5.243100
0.256900	-4.143110
0.257000	4.255080
0.257100	0.797004
0.257200	-0.191018
0.257300	11.171200
0.257400	6.725140
0.257500	14.629300
0.257600	16.111300
0.257700	-3.155080
0.257800	-0.191018
0.257900	-1.179040
0.258000	0.797004
0.258100	16.605400
0.258200	4.749090
0.258300	-18.963400
0.258400	-9.577230
0.258500	6.725140
0.258600	4.749090
0.258700	2.279040
0.258800	7.713160
0.258900	18.087400
0.259000	7.713160
0.259100	-14.023300
0.259200	-11.059300
0.259300	1.291020
0.259400	10.677200
0.259500	1.785030
0.259600	-7.107170
0.259700	-1.179040
0.259800	4.255080
0.259900	-5.625140
0.260000	-17.975401
0.260100	-5.131130
0.260200	-0.685029
0.260300	-1.179040
0.260400	-8.589200
0.260500	-8.589200
0.260600	2.279040
0.260700	8.207170
0.260800	-11.059300
0.260900	-11.059300
0.261000	7.713160
0.261100	-3.155080
0.261200	-3.649090
0.261300	6.725140
0.261400	10.183200
0.261500	-3.649090
0.261600	-4.637120
0.261700	0.302993
0.261800	0.302993
0.261900	5.737110
0.262000	-2.661070
0.262100	-2.661070
0.262200	-5.625140
0.262300	0.797004
0.262400	-2.167060
0.262500	-2.661070
0.262600	6.231130
0.262700	-4.143110
0.262800	-6.119150
0.262900	12.653300
0.263000	9.689200
0.263100	-8.095190
0.263200	-8.095190
0.263300	-0.191018
0.263400	-7.107170
0.263500	-9.083220
0.263600	-1.673050
0.263700	4.749090
0.263800	1.291020
0.263900	-1.179040
0.264000	-8.095190
0.264100	-9.577230
0.264200	-3.155080
0.264300	8.207170
0.264400	-1.179040
0.264500	-6.613160
0.264600	-1.673050
0.264700	-6.119150
0.264800	-11.553300
0.264900	0.302993
0.265000	-7.107170
0.265100	-14.023300
0.265200	-0.685029
0.265300	-3.155080
0.265400	-7.107170
0.265500	-2.167060
0.265600	1.785030
0.265700	16.605400
0.265800	13.641300
0.265900	-3.155080
0.266000	-15.999400
0.266100	-4.143110
0.266200	15.617300
0.266300	0.797004
0.266400	1.291020
0.266500	-1.179040
0.266600	-1.179040
0.266700	15.617300
0.266800	6.725140
0.266900	-15.505400
0.267000	-1.179040
0.267100	1.291020
0.267200	-2.167060
0.267300	4.749090
0.267400	4.255080
0.267500	6.231130
0.267600	7.713160
0.267700	8.701180
0.267800	4.749090
0.267900	-10.071200
0.268000	3.267060
0.268100	-1.673050
0.268200	-11.059300
0.268300	-1.179040
0.268400	6.725140
0.268500	-13.035300
0.268600	-17.481400
0.268700	-1.673050
0.268800	5.243100
0.268900	6.725140
0.269000	-8.589200
0.269100	-14.023300
0.269200	-5.625140
0.269300	-1.179040
0.269400	-4.637120
0.269500	-0.685029
0.269600	-3.649090
0.269700	-1.179040
0.269800	0.797004
0.269900	-11.059300
0.270000	-16.987400
0.270100	-4.637120
0.270200	5.243100
0.270300	2.279040
0.270400	1.785030
0.270500	-5.625140
0.270600	-8.095190
0.270700	-1.179040
0.270800	5.243100
0.270900	1.785030
0.271000	-15.011300
0.271100	-11.059300
0.271200	1.785030
0.271300	0.302993
0.271400	-1.673050
0.271500	-0.191018
0.271600	4.255080
0.271700	-5.131130
0.271800	-8.589200
0.271900	-3.155080
0.272000	0.302993
0.272100	9.195190
0.272200	-6.119150
0.272300	-11.059300
0.272400	-1.179040
0.272500	7.713160
0.272600	-4.143110
0.272700	-15.999400
0.272800	-4.637120
0.272900	11.665200
0.273000	2.773050
0.273100	-9.083220
0.273200	-16.987400
0.273300	-3.649090
0.273400	10.183200
0.273500	-8.095190
0.273600	-5.131130
0.273700	-8.589200
0.273800	-8.589200
0.273900	1.785030
0.274000	6.725140
0.274100	-0.191018
0.274200	-8.095190
0.274300	-1.179040
0.274400	5.737110
0.274500	-6.119150
0.274600	-8.589200
0.274700	-6.613160
0.274800	-3.155080
0.274900	-2.167060
0.275000	-0.191018
0.275100	-3.649090
0.275200	-1.179040
0.275300	9.195190
0.275400	4.749090
0.275500	0.797004
0.275600	5.737110
0.275700	-3.155080
0.275800	-1.673050
0.275900	8.207170
0.276000	-0.191018
0.276100	-5.625140
0.276200	2.773050
0.276300	-1.179040
0.276400	-11.059300
0.276500	-7.601180
0.276600	-0.685029
0.276700	5.737110
0.276800	-8.095190
0.276900	-20.939501
0.277000	-10.565200
0.277100	2.279040
0.277200	7.713160
0.277300	-0.191018
0.277400	-6.119150
0.277500	-9.083220
0.277600	-15.011300
0.277700	-5.131130
0.277800	1.291020
0.277900	-3.649090
0.278000	0.797004
0.278100	-2.167060
0.278200	-2.661070
0.278300	1.291020
0.278400	-9.083220
0.278500	-7.107170
0.278600	4.749090
0.278700	0.797004
0.278800	-0.191018
0.278900	2.773050
0.279000	3.267060
0.279100	6.725140
0.279200	-0.685029
0.279300	-1.179040
0.279400	2.773050
0.279500	7.219150
0.279600	16.605400
0.279700	2.773050
0.279800	-3.649090
0.279900	-1.179040
0.280000	-1.179040
0.280100	1.785030
0.280200	-5.131130
0.280300	-2.167060
0.280400	1.785030
0.280500	-1.673050
0.280600	-1.179040
0.280700	-1.179040
0.280800	-7.107170
0.280900	3.267060
0.281000	10.677200
0.281100	0.797004
0.281200	-12.047300
0.281300	2.279040
0.281400	-3.649090
0.281500	-15.999400
0.281600	-1.179040
0.281700	0.302993
0.281800	-5.131130
0.281900	-2.167060
0.282000	-0.191018
0.282100	5.737110
0.282200	-13.035300
0.282300	-14.023300
0.282400	4.749090
0.282500	7.713160
0.282600	-3.649090
0.282700	-18.963400
0.282800	-9.083220
0.282900	6.725140
0.283000	-11.059300
0.283100	-15.999400
0.283200	-2.661070
0.283300	0.797004
0.283400	2.773050
0.283500	8.701180
0.283600	-8.095190
0.283700	-1.179040
0.283800	2.279040
0.283900	-4.143110
0.284000	-10.071200
0.284100	-4.143110
0.284200	5.737110
0.284300	5.737110
0.284400	-0.191018
0.284500	-1.673050
0.284600	5.243100
0.284700	12.159300
0.284800	0.797004
0.284900	-6.119150
0.285000	9.689200
0.285100	2.773050
0.285200	-15.011300
0.285300	-4.143110
0.285400	9.689200
0.285500	-1.179040
0.285600	-3.649090
0.285700	7.713160
0.285800	8.207170
0.285900	-11.059300
0.286000	-12.047300
0.286100	1.785030
0.286200	2.773050
0.286300	8.701180
0.286400	-6.119150
0.286500	-14.023300
0.286600	-5.131130
0.286700	-0.191018
0.286800	4.255080
0.286900	1.785030
0.287000	-11.059300
0.287100	-7.601180
0.287200	-2.167060
0.287300	-8.095190
0.287400	-3.155080
0.287500	-3.649090
0.287600	-5.131130
0.287700	2.773050
0.287800	7.219150
0.287900	-6.119150
0.288000	-5.131130
0.288100	-7.107170
0.288200	-6.613160
0.288300	1.291020
0.288400	7.713160
0.288500	1.785030
0.288600	-8.095190
0.288700	1.785030
0.288800	-1.179040
0.288900	-16.987400
0.289000	-8.095190
0.289100	-0.191018
0.289200	4.255080
0.289300	2.773050
0.289400	-1.179040
0.289500	1.785030
0.289600	7.713160
0.289700	-4.143110
0.289800	-12.541300
0.289900	5.243100
0.290000	6.231130
0.290100	-11.059300
0.290200	-9.083220
0.290300	9.689200
0.290400	0.797004
0.290500	-9.577230
0.290600	-16.987400
0.290700	-13.035300
0.290800	-2.661070
0.290900	-2.661070
0.291000	-3.649090
0.291100	5.243100
0.291200	-1.179040
0.291300	-14.517300
0.291400	4.255080
0.291500	9.689200
0.291600	7.713160
0.291700	0.797004
0.291800	2.279040
0.291900	15.617300
0.292000	8.207170
0.292100	-7.601180
0.292200	7.713160
0.292300	15.123300
0.292400	-0.191018
0.292500	-9.083220
0.292600	4.749090
0.292700	1.785030
0.292800	-0.685029
0.292900	7.713160
0.293000	-2.167060
0.293100	-0.191018
0.293200	16.111300
0.293300	-2.167060
0.293400	-6.613160
0.293500	11.171200
0.293600	18.087400
0.293700	2.279040
0.293800	-1.673050
0.293900	6.725140
0.294000	-5.131130
0.294100	-15.505400
0.294200	-5.131130
0.294300	-6.613160
0.294400	-7.107170
0.294500	0.797004
0.294600	-6.119150
0.294700	-9.577230
0.294800	-3.155080
0.294900	-0.191018
0.295000	4.749090
0.295100	10.677200
0.295200	-8.095190
0.295300	-9.083220
0.295400	13.147300
0.295500	7.713160
0.295600	-6.613160
0.295700	-18.963400
0.295800	-4.637120
0.295900	4.749090
0.296000	-9.083220
0.296100	-8.095190
0.296200	0.797004
0.296300	0.797004
0.296400	3.761070
0.296500	8.701180
0.296600	-1.673050
0.296700	-15.999400
0.296800	-6.613160
0.296900	-0.191018
0.297000	-4.637120
0.297100	-15.999400
0.297200	-9.083220
0.297300	12.159300
0.297400	5.243100
0.297500	-15.999400
0.297600	-6.119150
0.297700	13.147300
0.297800	-7.601180
0.297900	-13.035300
0.298000	4.255080
0.298100	6.725140
0.298200	0.302993
0.298300	-10.565200
0.298400	-6.119150
0.298500	-0.191018
0.298600	5.243100
0.298700	2.279040
0.298800	4.255080
0.298900	-6.119150
0.299000	-13.035300
0.299100	-0.685029
0.299200	-1.179040
0.299300	-5.131130
0.299400	-5.625140
0.299500	4.255080
0.299600	15.617300
0.299700	-0.191018
0.299800	-7.107170
0.299900	-3.155080
