-0.050000	2.728470
-0.049900	2.728470
-0.049800	3.211380
-0.049700	5.625960
-0.049600	1.762640
-0.049500	-3.066510
-0.049400	0.313895
-0.049300	1.762640
-0.049200	2.728470
-0.049100	1.762640
-0.049000	1.762640
-0.048900	-0.169020
-0.048800	0.313895
-0.048700	1.762640
-0.048600	3.694300
-0.048500	3.694300
-0.048400	2.728470
-0.048300	5.143040
-0.048200	8.040530
-0.048100	6.108870
-0.048000	-1.134850
-0.047900	0.796810
-0.047800	2.728470
-0.047700	0.796810
-0.047600	3.694300
-0.047500	5.625960
-0.047400	4.177210
-0.047300	0.796810
-0.047200	-4.032340
-0.047100	-4.998170
-0.047000	4.177210
-0.046900	6.591790
-0.046800	0.796810
-0.046700	-5.964000
-0.046600	-2.583600
-0.046500	4.177210
-0.046400	4.177210
-0.046300	0.313895
-0.046200	-0.169020
-0.046100	1.762640
-0.046000	1.762640
-0.045900	5.143040
-0.045800	8.523450
-0.045700	5.625960
-0.045600	5.625960
-0.045500	3.694300
-0.045400	2.728470
-0.045300	8.523450
-0.045200	8.040530
-0.045100	3.694300
-0.045000	2.728470
-0.044900	1.762640
-0.044800	1.762640
-0.044700	-1.617770
-0.044600	-0.169020
-0.044500	2.245550
-0.044400	0.796810
-0.044300	-1.134850
-0.044200	-2.583600
-0.044100	-0.169020
-0.044000	2.728470
-0.043900	3.694300
-0.043800	3.211380
-0.043700	2.728470
-0.043600	1.762640
-0.043500	0.313895
-0.043400	-3.549430
-0.043300	-0.169020
-0.043200	1.762640
-0.043100	3.694300
-0.043000	1.762640
-0.042900	-1.134850
-0.042800	-0.169020
-0.042700	-1.134850
-0.042600	-0.651935
-0.042500	0.313895
-0.042400	-2.100680
-0.042300	0.313895
-0.042200	1.762640
-0.042100	-1.134850
-0.042000	-1.134850
-0.041900	6.591790
-0.041800	2.728470
-0.041700	0.313895
-0.041600	-0.169020
-0.041500	1.762640
-0.041400	1.762640
-0.041300	-1.617770
-0.041200	-3.549430
-0.041100	-0.169020
-0.041000	2.728470
-0.040900	1.762640
-0.040800	-1.134850
-0.040700	0.313895
-0.040600	0.796810
-0.040500	0.796810
-0.040400	0.796810
-0.040300	1.762640
-0.040200	2.728470
-0.040100	-2.100680
-0.040000	-1.134850
-0.039900	-1.134850
-0.039800	-3.066510
-0.039700	1.762640
-0.039600	-0.169020
-0.039500	-3.066510
-0.039400	-0.169020
-0.039300	3.211380
-0.039200	-0.651935
-0.039100	-3.066510
-0.039000	-1.134850
-0.038900	-0.169020
-0.038800	-0.651935
-0.038700	-5.481090
-0.038600	-0.169020
-0.038500	4.660130
-0.038400	1.762640
-0.038300	-3.066510
-0.038200	1.762640
-0.038100	3.694300
-0.038000	4.177210
-0.037900	-0.169020
-0.037800	-3.066510
-0.037700	-4.998170
-0.037600	-1.617770
-0.037500	0.796810
-0.037400	-2.100680
-0.037300	-2.100680
-0.037200	0.796810
-0.037100	-0.169020
-0.037000	0.313895
-0.036900	1.762640
-0.036800	1.762640
-0.036700	3.211380
-0.036600	2.728470
-0.036500	3.694300
-0.036400	2.245550
-0.036300	0.796810
-0.036200	-2.100680
-0.036100	1.762640
-0.036000	2.728470
-0.035900	-0.169020
-0.035800	1.762640
-0.035700	5.625960
-0.035600	6.591790
-0.035500	1.762640
-0.035400	2.728470
-0.035300	4.177210
-0.035200	2.728470
-0.035100	-3.066510
-0.035000	-4.998170
-0.034900	0.796810
-0.034800	2.245550
-0.034700	1.762640
-0.034600	-1.134850
-0.034500	-0.169020
-0.034400	3.211380
-0.034300	2.728470
-0.034200	-1.134850
-0.034100	0.796810
-0.034000	5.625960
-0.033900	2.728470
-0.033800	0.313895
-0.033700	-1.134850
-0.033600	0.313895
-0.033500	3.694300
-0.033400	3.694300
-0.033300	-1.134850
-0.033200	-3.549430
-0.033100	0.796810
-0.033000	1.762640
-0.032900	-5.964000
-0.032800	-5.481090
-0.032700	3.694300
-0.032600	5.143040
-0.032500	0.796810
-0.032400	-0.169020
-0.032300	-0.169020
-0.032200	-2.100680
-0.032100	-2.100680
-0.032000	0.796810
-0.031900	-0.169020
-0.031800	-0.169020
-0.031700	-1.134850
-0.031600	-2.100680
-0.031500	-3.066510
-0.031400	-1.134850
-0.031300	2.245550
-0.031200	1.762640
-0.031100	2.245550
-0.031000	1.762640
-0.030900	0.796810
-0.030800	1.762640
-0.030700	1.762640
-0.030600	3.694300
-0.030500	1.279720
-0.030400	-1.134850
-0.030300	3.694300
-0.030200	7.074700
-0.030100	3.694300
-0.030000	-0.169020
-0.029900	-2.100680
-0.029800	-1.134850
-0.029700	-0.651935
-0.029600	-1.134850
-0.029500	-2.583600
-0.029400	1.762640
-0.029300	7.074700
-0.029200	-0.169020
-0.029100	-5.964000
-0.029000	0.796810
-0.028900	1.762640
-0.028800	-1.134850
-0.028700	-0.169020
-0.028600	-2.100680
-0.028500	-4.032340
-0.028400	-0.169020
-0.028300	3.694300
-0.028200	3.694300
-0.028100	4.177210
-0.028000	6.591790
-0.027900	6.591790
-0.027800	-0.169020
-0.027700	2.245550
-0.027600	2.728470
-0.027500	1.762640
-0.027400	1.762640
-0.027300	1.762640
-0.027200	2.245550
-0.027100	1.762640
-0.027000	3.211380
-0.026900	2.728470
-0.026800	3.211380
-0.026700	-0.169020
-0.026600	-4.032340
-0.026500	-4.032340
-0.026400	2.245550
-0.026300	2.728470
-0.026200	0.313895
-0.026100	0.796810
-0.026000	5.625960
-0.025900	9.006360
-0.025800	3.211380
-0.025700	0.796810
-0.025600	1.762640
-0.025500	-0.169020
-0.025400	-4.998170
-0.025300	-1.134850
-0.025200	4.660130
-0.025100	4.660130
-0.025000	0.313895
-0.024900	-4.032340
-0.024800	-4.998170
-0.024700	-4.032340
-0.024600	-1.134850
-0.024500	0.796810
-0.024400	1.762640
-0.024300	1.762640
-0.024200	-2.100680
-0.024100	-4.998170
-0.024000	-3.066510
-0.023900	1.762640
-0.023800	-2.100680
-0.023700	-5.964000
-0.023600	-6.446920
-0.023500	-4.032340
-0.023400	-2.100680
-0.023300	1.762640
-0.023200	0.313895
-0.023100	-3.066510
-0.023000	-1.134850
-0.022900	-1.134850
-0.022800	-3.066510
-0.022700	-5.481090
-0.022600	0.796810
-0.022500	4.660130
-0.022400	4.660130
-0.022300	3.211380
-0.022200	0.796810
-0.022100	0.796810
-0.022000	1.762640
-0.021900	1.762640
-0.021800	0.313895
-0.021700	2.728470
-0.021600	6.591790
-0.021500	3.694300
-0.021400	-0.169020
-0.021300	-2.583600
-0.021200	1.762640
-0.021100	-1.617770
-0.021000	-2.100680
-0.020900	0.796810
-0.020800	2.728470
-0.020700	1.279720
-0.020600	-1.134850
-0.020500	-1.134850
-0.020400	1.762640
-0.020300	-0.169020
-0.020200	-2.100680
-0.020100	-0.169020
-0.020000	-0.169020
-0.019900	-4.032340
-0.019800	-2.100680
-0.019700	-4.998170
-0.019600	-1.134850
-0.019500	1.762640
-0.019400	1.762640
-0.019300	0.796810
-0.019200	0.796810
-0.019100	0.796810
-0.019000	-1.617770
-0.018900	-4.998170
-0.018800	-4.998170
-0.018700	-4.032340
-0.018600	-1.134850
-0.018500	-0.169020
-0.018400	2.728470
-0.018300	2.728470
-0.018200	-4.032340
-0.018100	-7.895660
-0.018000	-3.066510
-0.017900	0.313895
-0.017800	0.313895
-0.017700	-0.169020
-0.017600	-1.134850
-0.017500	-4.032340
-0.017400	-4.998170
-0.017300	-2.100680
-0.017200	-1.134850
-0.017100	-0.169020
-0.017000	1.762640
-0.016900	-1.134850
-0.016800	-3.066510
-0.016700	1.762640
-0.016600	2.728470
-0.016500	-0.169020
-0.016400	-4.032340
-0.016300	-3.066510
-0.016200	-2.100680
-0.016100	-2.100680
-0.016000	-4.998170
-0.015900	-7.895660
-0.015800	-2.100680
-0.015700	0.313895
-0.015600	-2.100680
-0.015500	-3.549430
-0.015400	-4.032340
-0.015300	-0.169020
-0.015200	2.245550
-0.015100	-3.066510
-0.015000	-2.100680
-0.014900	1.762640
-0.014800	-0.169020
-0.014700	-2.100680
-0.014600	-2.100680
-0.014500	0.796810
-0.014400	0.796810
-0.014300	0.796810
-0.014200	3.694300
-0.014100	4.177210
-0.014000	-0.169020
-0.013900	0.313895
-0.013800	1.762640
-0.013700	0.313895
-0.013600	-0.651935
-0.013500	-1.134850
-0.013400	-2.100680
-0.013300	-2.583600
-0.013200	0.313895
-0.013100	-0.169020
-0.013000	1.762640
-0.012900	-3.066510
-0.012800	-2.100680
-0.012700	2.728470
-0.012600	6.591790
-0.012500	4.660130
-0.012400	1.762640
-0.012300	2.728470
-0.012200	3.211380
-0.012100	1.762640
-0.012000	2.728470
-0.011900	0.796810
-0.011800	-1.134850
-0.011700	-2.100680
-0.011600	-1.617770
-0.011500	-3.066510
-0.011400	-6.929830
-0.011300	-4.515260
-0.011200	-3.066510
-0.011100	-1.617770
-0.011000	-1.134850
-0.010900	-2.100680
-0.010800	-5.964000
-0.010700	-8.378580
-0.010600	-4.032340
-0.010500	1.762640
-0.010400	1.762640
-0.010300	-0.169020
-0.010200	-1.134850
-0.010100	0.796810
-0.010000	2.728470
-0.009900	-3.066510
-0.009800	-4.515260
-0.009700	-1.134850
-0.009600	-4.998170
-0.009500	-8.861490
-0.009400	-3.066510
-0.009300	-4.032340
-0.009200	-7.412750
-0.009100	-5.964000
-0.009000	-4.998170
-0.008900	-3.066510
-0.008800	-3.066510
-0.008700	-7.895660
-0.008600	-5.964000
-0.008500	-4.032340
-0.008400	-1.617770
-0.008300	-1.134850
-0.008200	1.762640
-0.008100	1.762640
-0.008000	-3.549430
-0.007900	-5.964000
-0.007800	-4.032340
-0.007700	-3.066510
-0.007600	-2.100680
-0.007500	-4.032340
-0.007400	-1.134850
-0.007300	0.796810
-0.007200	-0.651935
-0.007100	-1.134850
-0.007000	-8.861490
-0.006900	-5.964000
-0.006800	1.279720
-0.006700	-1.134850
-0.006600	-4.998170
-0.006500	-4.032340
-0.006400	-3.066510
-0.006300	-3.066510
-0.006200	-1.134850
-0.006100	0.313895
-0.006000	-0.169020
-0.005900	-3.549430
-0.005800	-4.515260
-0.005700	-3.549430
-0.005600	-1.134850
-0.005500	-4.032340
-0.005400	-7.895660
-0.005300	-9.827320
-0.005200	-7.895660
-0.005100	-2.100680
-0.005000	1.762640
-0.004900	-3.066510
-0.004800	-6.929830
-0.004700	-5.964000
-0.004600	-6.929830
-0.004500	-6.446920
-0.004400	-5.964000
-0.004300	-3.066510
-0.004200	-1.134850
-0.004100	-3.549430
-0.004000	-4.998170
-0.003900	-5.964000
-0.003800	-6.929830
-0.003700	-5.964000
-0.003600	-4.998170
-0.003500	-5.481090
-0.003400	-5.481090
-0.003300	-8.861490
-0.003200	-11.759000
-0.003100	-11.759000
-0.003000	-6.929830
-0.002900	-4.032340
-0.002800	-4.998170
-0.002700	-3.549430
-0.002600	-1.134850
-0.002500	-3.549430
-0.002400	-5.964000
-0.002300	-2.100680
-0.002200	-1.617770
-0.002100	-5.964000
-0.002000	-7.895660
-0.001900	-4.032340
-0.001800	-4.032340
-0.001700	-7.895660
-0.001600	-9.344410
-0.001500	-7.895660
-0.001400	-5.964000
-0.001300	-4.998170
-0.001200	-8.861490
-0.001100	-9.827320
-0.001000	-8.861490
-0.000900	-7.895660
-0.000800	-6.929830
-0.000700	-11.759000
-0.000600	-9.827320
-0.000500	-5.964000
-0.000400	-4.998170
-0.000300	-4.998170
-0.000200	-4.998170
-0.000100	-9.827320
0.000000	-13.690600
0.000100	-8.861490
0.000200	-5.481090
0.000300	-7.412750
0.000400	-9.827320
0.000500	-6.929830
0.000600	-5.964000
0.000700	-7.895660
0.000800	-11.759000
0.000900	-9.344410
0.001000	-5.964000
0.001100	-4.998170
0.001200	-1.134850
0.001300	-4.998170
0.001400	-10.793200
0.001500	-8.861490
0.001600	-4.032340
0.001700	-11.759000
0.001800	-5.964000
0.001900	-0.651935
0.002000	-12.241900
0.002100	-7.412750
0.002200	-1.617770
0.002300	-0.651935
0.002400	-5.964000
0.002500	-7.895660
0.002600	-5.964000
0.002700	2.245550
0.002800	1.762640
0.002900	-4.032340
0.003000	-5.964000
0.003100	-4.998170
0.003200	-7.412750
0.003300	-7.412750
0.003400	-4.032340
0.003500	-5.964000
0.003600	-9.827320
0.003700	-10.793200
0.003800	-5.964000
0.003900	-3.549430
0.004000	-9.827320
0.004100	-9.344410
0.004200	-7.895660
0.004300	-7.412750
0.004400	-4.998170
0.004500	-7.895660
0.004600	-7.895660
0.004700	-2.100680
0.004800	3.211380
0.004900	-2.100680
0.005000	-9.827320
0.005100	-2.100680
0.005200	3.694300
0.005300	-1.617770
0.005400	-5.964000
0.005500	-8.861490
0.005600	-15.622300
0.005700	-12.724800
0.005800	-4.998170
0.005900	-6.929830
0.006000	-13.207700
0.006100	0.796810
0.006200	8.040530
0.006300	2.245550
0.006400	-2.583600
0.006500	1.762640
0.006600	9.972190
0.006700	6.591790
0.006800	-3.066510
0.006900	1.762640
0.007000	6.591790
0.007100	4.660130
0.007200	6.591790
0.007300	11.420900
0.007400	10.455100
0.007500	9.489280
0.007600	9.489280
0.007700	4.660130
0.007800	-0.651935
0.007900	-5.964000
0.008000	-3.549430
0.008100	2.728470
0.008200	7.557620
0.008300	12.386800
0.008400	12.869700
0.008500	8.040530
0.008600	5.625960
0.008700	3.694300
0.008800	-0.169020
0.008900	9.489280
0.009000	13.835500
0.009100	9.489280
0.009200	17.215900
0.009300	17.698799
0.009400	14.318400
0.009500	6.591790
0.009600	1.762640
0.009700	6.108870
0.009800	16.250099
0.009900	15.284300
0.010000	14.318400
0.010100	9.489280
0.010200	7.557620
0.010300	1.762640
0.010400	-5.964000
0.010500	-7.895660
0.010600	-3.066510
0.010700	-4.998170
0.010800	-10.793200
0.010900	-16.588100
0.011000	-27.212299
0.011100	-31.075600
0.011200	-18.519800
0.011300	-9.827320
0.011400	-10.793200
0.011500	-1.134850
0.011600	3.694300
0.011700	2.245550
0.011800	3.694300
0.011900	18.664700
0.012000	25.908400
0.012100	27.840000
0.012200	30.737499
0.012300	34.600899
0.012400	45.224998
0.012500	49.088299
0.012600	48.122501
0.012700	52.951599
0.012800	66.473198
0.012900	64.541603
0.013000	54.400398
0.013100	51.985802
0.013200	47.156601
0.013300	35.566700
0.013400	32.669201
0.013500	42.327499
0.013600	48.122501
0.013700	43.293301
0.013800	31.703400
0.013900	23.976700
0.014000	14.318400
0.014100	5.625960
0.014200	15.284300
0.014300	50.054100
0.014400	81.926498
0.014500	79.994904
0.014600	66.956200
0.014700	46.190800
0.014800	29.771700
0.014900	7.557620
0.015000	-17.554001
0.015100	-25.280600
0.015200	-10.793200
0.015300	6.591790
0.015400	10.938000
0.015500	7.557620
0.015600	-20.934401
0.015700	-47.977600
0.015800	-39.285099
0.015900	-20.451500
0.016000	1.762640
0.016100	14.318400
0.016200	12.386800
0.016300	6.591790
0.016400	-2.100680
0.016500	-20.451500
0.016600	-11.759000
0.016700	9.972190
0.016800	31.220501
0.016900	40.395802
0.017000	51.985802
0.017100	51.020000
0.017200	36.532501
0.017300	33.152100
0.017400	36.532501
0.017500	33.634998
0.017600	25.908400
0.017700	-3.066510
0.017800	-32.041401
0.017900	-32.041401
0.018000	-29.143900
0.018100	-21.417299
0.018200	2.245550
0.018300	23.976700
0.018400	25.908400
0.018500	26.874201
0.018600	31.703400
0.018700	26.874201
0.018800	28.805901
0.018900	54.400398
0.019000	74.199898
0.019100	64.541603
0.019200	44.259201
0.019300	26.874201
0.019400	23.010900
0.019500	20.596300
0.019600	39.912899
0.019700	69.370697
0.019800	70.336601
0.019900	53.917500
0.020000	48.122501
0.020100	53.917500
0.020200	51.020000
0.020300	51.985802
0.020400	73.717003
0.020500	90.619003
0.020600	79.028999
0.020700	65.990303
0.020800	50.537102
0.020900	50.054100
0.021000	90.619003
0.021100	94.482300
0.021200	69.370697
0.021300	80.477798
0.021400	101.242996
0.021500	94.482300
0.021600	67.439102
0.021700	37.015400
0.021800	38.464199
0.021900	39.430000
0.022000	35.083801
0.022100	50.054100
0.022200	53.434502
0.022300	46.673698
0.022400	52.468700
0.022500	80.960701
0.022600	92.550697
0.022700	92.550697
0.022800	94.482300
0.022900	78.063202
0.023000	53.917500
0.023100	48.122501
0.023200	42.327499
0.023300	42.327499
0.023400	51.985802
0.023500	40.395802
0.023600	23.010900
0.023700	1.762640
0.023800	-7.895660
0.023900	-8.378580
0.024000	-4.032340
0.024100	-3.066510
0.024200	6.591790
0.024300	11.903900
0.024400	9.006360
0.024500	-1.134850
0.024600	-7.895660
0.024700	17.215900
0.024800	25.425501
0.024900	14.801300
0.025000	19.630501
0.025100	36.532501
0.025200	40.395802
0.025300	48.122501
0.025400	75.165703
0.025500	80.960701
0.025600	77.097397
0.025700	52.951599
0.025800	35.566700
0.025900	35.566700
0.026000	43.293301
0.026100	50.054100
0.026200	53.917500
0.026300	48.122501
0.026400	45.224998
0.026500	43.293301
0.026600	45.224998
0.026700	41.361698
0.026800	40.395802
0.026900	58.746601
0.027000	68.404900
0.027100	64.541603
0.027200	46.190800
0.027300	2.728470
0.027400	-12.724800
0.027500	-4.998170
0.027600	10.455100
0.027700	26.874201
0.027800	25.425501
0.027900	6.591790
0.028000	-12.724800
0.028100	-21.900200
0.028200	-24.314800
0.028300	-15.622300
0.028400	-40.250999
0.028500	-97.717903
0.028600	-119.931999
0.028700	-126.693001
0.028800	-126.693001
0.028900	-112.205002
0.029000	-86.127899
0.029100	-56.187199
0.029200	-43.631401
0.029300	-40.250999
0.029400	-49.909302
0.029500	-69.708801
0.029600	-72.606300
0.029700	-59.084702
0.029800	-38.802200
0.029900	-23.348900
0.030000	-26.246401
0.030100	-28.178101
0.030200	-23.831900
0.030300	-28.178101
0.030400	-32.041401
0.030500	-27.695200
0.030600	-23.348900
0.030700	-15.622300
0.030800	-17.554001
0.030900	-38.319302
0.031000	-33.973099
0.031100	-4.998170
0.031200	-5.964000
0.031300	-11.276100
0.031400	-4.998170
0.031500	-11.276100
0.031600	-17.070999
0.031700	-22.383101
0.031800	-20.451500
0.031900	-11.276100
0.032000	-24.314800
0.032100	-34.938900
0.032200	-18.519800
0.032300	-7.895660
0.032400	-10.793200
0.032500	-13.690600
0.032600	-22.383101
0.032700	-28.178101
0.032800	-22.383101
0.032900	-29.143900
0.033000	-32.041401
0.033100	-30.109800
0.033200	-26.246401
0.033300	-13.690600
0.033400	-9.344410
0.033500	-16.588100
0.033600	-19.002701
0.033700	-22.383101
0.033800	-17.070999
0.033900	-11.276100
0.034000	-0.169020
0.034100	5.143040
0.034200	0.796810
0.034300	-3.066510
0.034400	-8.861490
0.034500	-6.446920
0.034600	-1.134850
0.034700	-3.066510
0.034800	-7.412750
0.034900	-1.134850
0.035000	9.489280
0.035100	11.903900
0.035200	10.938000
0.035300	5.625960
0.035400	-0.169020
0.035500	-7.895660
0.035600	-11.759000
0.035700	-7.412750
0.035800	-15.622300
0.035900	-21.900200
0.036000	-20.451500
0.036100	-10.310200
0.036200	-7.412750
0.036300	-12.724800
0.036400	-6.929830
0.036500	-1.134850
0.036600	-4.032340
0.036700	-5.964000
0.036800	-16.588100
0.036900	-26.246401
0.037000	-20.934401
0.037100	-3.066510
0.037200	6.108870
0.037300	-2.583600
0.037400	-6.446920
0.037500	6.591790
0.037600	15.284300
0.037700	15.284300
0.037800	11.420900
0.037900	14.318400
0.038000	9.489280
0.038100	2.728470
0.038200	9.972190
0.038300	12.869700
0.038400	1.762640
0.038500	-4.032340
0.038600	9.489280
0.038700	12.386800
0.038800	3.694300
0.038900	-3.549430
0.039000	-7.895660
0.039100	-3.066510
0.039200	4.660130
0.039300	3.694300
0.039400	8.523450
0.039500	6.108870
0.039600	-5.964000
0.039700	1.762640
0.039800	10.455100
0.039900	5.625960
0.040000	4.660130
0.040100	2.728470
0.040200	-13.207700
0.040300	-7.895660
0.040400	6.591790
0.040500	2.728470
0.040600	-4.032340
0.040700	6.591790
0.040800	15.284300
0.040900	-6.929830
0.041000	-23.348900
0.041100	-6.929830
0.041200	10.455100
0.041300	9.489280
0.041400	2.728470
0.041500	-8.861490
0.041600	-30.109800
0.041700	-32.524300
0.041800	-12.724800
0.041900	2.245550
0.042000	6.591790
0.042100	15.767200
0.042200	17.215900
0.042300	9.489280
0.042400	9.972190
0.042500	9.489280
0.042600	2.728470
0.042700	15.284300
0.042800	37.498299
0.042900	35.083801
0.043000	26.874201
0.043100	14.318400
0.043200	3.211380
0.043300	4.660130
0.043400	18.181700
0.043500	25.908400
0.043600	24.942600
0.043700	12.386800
0.043800	-4.032340
0.043900	-8.861490
0.044000	-7.895660
0.044100	-14.656500
0.044200	-8.861490
0.044300	8.523450
0.044400	15.284300
0.044500	4.660130
0.044600	-10.793200
0.044700	-17.554001
0.044800	-1.134850
0.044900	13.352600
0.045000	18.181700
0.045100	16.250099
0.045200	8.523450
0.045300	-3.066510
0.045400	-7.895660
0.045500	-7.895660
0.045600	-0.169020
0.045700	12.386800
0.045800	15.284300
0.045900	6.108870
0.046000	-18.036900
0.046100	-36.870602
0.046200	-42.182598
0.046300	-23.348900
0.046400	0.796810
0.046500	1.762640
0.046600	-10.310200
0.046700	-16.588100
0.046800	-19.002701
0.046900	-8.861490
0.047000	9.489280
0.047100	15.284300
0.047200	2.245550
0.047300	-5.964000
0.047400	-12.241900
0.047500	-13.690600
0.047600	-17.070999
0.047700	-24.314800
0.047800	-15.622300
0.047900	-9.827320
0.048000	-14.656500
0.048100	-25.280600
0.048200	-49.426399
0.048300	-60.050499
0.048400	-44.597198
0.048500	-39.768101
0.048600	-38.319302
0.048700	-44.597198
0.048800	-51.358002
0.048900	-52.323799
0.049000	-61.499199
0.049100	-76.469597
0.049200	-69.225899
0.049300	-47.494701
0.049400	-50.392200
0.049500	-60.050499
0.049600	-53.289700
0.049700	-45.080101
0.049800	-58.601700
0.049900	-63.430901
0.050000	-56.187199
0.050100	-52.323799
0.050200	-63.430901
0.050300	-70.191704
0.050400	-68.742996
0.050500	-69.708801
0.050600	-72.606300
0.050700	-76.952499
0.050800	-80.332901
0.050900	-86.127899
0.051000	-99.649498
0.051100	-103.996002
0.051200	-96.751999
0.051300	-96.751999
0.051400	-99.649498
0.051500	-97.234901
0.051600	-103.513000
0.051700	-112.205002
0.051800	-114.137001
0.051900	-107.859001
0.052000	-106.410004
0.052100	-102.546997
0.052200	-98.683701
0.052300	-97.717903
0.052400	-103.996002
0.052500	-105.444000
0.052600	-101.581001
0.052700	-96.751999
0.052800	-86.610802
0.052900	-76.952499
0.053000	-83.230400
0.053100	-94.820396
0.053200	-96.751999
0.053300	-95.786201
0.053400	-96.751999
0.053500	-99.166603
0.053600	-113.170998
0.053700	-127.658997
0.053800	-118.000000
0.053900	-116.069000
0.054000	-135.384995
0.054100	-132.488007
0.054200	-138.283005
0.054300	-141.179993
0.054400	-140.214005
0.054500	-132.488007
0.054600	-119.931999
0.054700	-128.623993
0.054800	-135.384995
0.054900	-119.448997
0.055000	-107.375999
0.055100	-114.137001
0.055200	-111.722000
0.055300	-118.000000
0.055400	-133.936005
0.055500	-144.078003
0.055600	-146.009003
0.055700	-143.112000
0.055800	-142.145996
0.055900	-136.350998
0.056000	-133.453995
0.056100	-125.726997
0.056200	-119.448997
0.056300	-130.556000
0.056400	-148.906998
0.056500	-139.731003
0.056600	-124.761002
0.056700	-121.863998
0.056800	-121.863998
0.056900	-122.829002
0.057000	-123.794998
0.057100	-119.931999
0.057200	-120.898003
0.057300	-127.176003
0.057400	-131.522003
0.057500	-132.970993
0.057600	-135.384995
0.057700	-130.556000
0.057800	-130.556000
0.057900	-140.214005
0.058000	-146.009003
0.058100	-143.112000
0.058200	-136.350998
0.058300	-133.453995
0.058400	-141.179993
0.058500	-138.283005
0.058600	-134.901993
0.058700	-130.556000
0.058800	-129.106995
0.058900	-135.384995
0.059000	-131.522003
0.059100	-125.726997
0.059200	-121.863998
0.059300	-122.347000
0.059400	-124.761002
0.059500	-129.589996
0.059600	-127.658997
0.059700	-129.589996
0.059800	-132.970993
0.059900	-134.419006
0.060000	-132.488007
0.060100	-129.589996
0.060200	-128.141006
0.060300	-120.898003
0.060400	-125.726997
0.060500	-129.589996
0.060600	-116.069000
0.060700	-98.683701
0.060800	-97.234901
0.060900	-108.824997
0.061000	-113.170998
0.061100	-109.307999
0.061200	-110.757004
0.061300	-116.069000
0.061400	-116.069000
0.061500	-124.761002
0.061600	-137.317001
0.061700	-131.522003
0.061800	-119.448997
0.061900	-123.794998
0.062000	-131.522003
0.062100	-129.589996
0.062200	-121.863998
0.062300	-111.238998
0.062400	-100.614998
0.062500	-100.614998
0.062600	-98.683701
0.062700	-97.717903
0.062800	-98.683701
0.062900	-95.786201
0.063000	-96.751999
0.063100	-105.444000
0.063200	-98.683701
0.063300	-90.957001
0.063400	-89.991203
0.063500	-92.888702
0.063600	-101.581001
0.063700	-105.444000
0.063800	-101.581001
0.063900	-87.093697
0.064000	-81.298698
0.064100	-88.059601
0.064200	-88.059601
0.064300	-85.644997
0.064400	-87.093697
0.064500	-85.162102
0.064600	-84.196198
0.064700	-83.230400
0.064800	-83.713303
0.064900	-78.401299
0.065000	-77.918297
0.065100	-83.230400
0.065200	-85.644997
0.065300	-81.298698
0.065400	-77.435402
0.065500	-73.572098
0.065600	-70.191704
0.065700	-67.777100
0.065800	-67.294197
0.065900	-67.777100
0.066000	-62.948002
0.066100	-65.845497
0.066200	-66.811302
0.066300	-67.777100
0.066400	-67.777100
0.066500	-62.948002
0.066600	-61.982101
0.066700	-63.913799
0.066800	-67.777100
0.066900	-67.777100
0.067000	-67.777100
0.067100	-65.845497
0.067200	-65.845497
0.067300	-60.050499
0.067400	-55.704201
0.067500	-57.153000
0.067600	-61.982101
0.067700	-63.913799
0.067800	-59.084702
0.067900	-53.289700
0.068000	-50.392200
0.068100	-44.597198
0.068200	-42.665501
0.068300	-47.494701
0.068400	-46.528900
0.068500	-44.597198
0.068600	-43.631401
0.068700	-42.665501
0.068800	-39.768101
0.068900	-36.870602
0.069000	-34.938900
0.069100	-38.802200
0.069200	-38.319302
0.069300	-40.733898
0.069400	-43.631401
0.069500	-41.699699
0.069600	-41.699699
0.069700	-43.631401
0.069800	-43.631401
0.069900	-38.802200
0.070000	-42.665501
0.070100	-44.597198
0.070200	-44.597198
0.070300	-44.597198
0.070400	-46.528900
0.070500	-49.426399
0.070600	-48.460499
0.070700	-48.460499
0.070800	-45.563000
0.070900	-49.426399
0.071000	-54.255501
0.071100	-49.426399
0.071200	-43.148499
0.071300	-46.528900
0.071400	-56.187199
0.071500	-60.050499
0.071600	-56.187199
0.071700	-50.875099
0.071800	-50.392200
0.071900	-51.358002
0.072000	-51.358002
0.072100	-47.977600
0.072200	-50.392200
0.072300	-51.358002
0.072400	-49.426399
0.072500	-48.460499
0.072600	-46.528900
0.072700	-47.977600
0.072800	-50.392200
0.072900	-44.597198
0.073000	-38.802200
0.073100	-40.733898
0.073200	-45.563000
0.073300	-41.699699
0.073400	-43.631401
0.073500	-47.494701
0.073600	-51.358002
0.073700	-47.011799
0.073800	-43.631401
0.073900	-42.665501
0.074000	-46.528900
0.074100	-44.597198
0.074200	-40.733898
0.074300	-45.563000
0.074400	-47.494701
0.074500	-46.528900
0.074600	-45.563000
0.074700	-45.563000
0.074800	-46.528900
0.074900	-42.665501
0.075000	-43.148499
0.075100	-43.631401
0.075200	-45.563000
0.075300	-45.563000
0.075400	-44.597198
0.075500	-42.665501
0.075600	-43.148499
0.075700	-44.597198
0.075800	-43.631401
0.075900	-46.045898
0.076000	-51.358002
0.076100	-46.528900
0.076200	-38.802200
0.076300	-36.387600
0.076400	-39.285099
0.076500	-41.699699
0.076600	-43.631401
0.076700	-38.802200
0.076800	-36.870602
0.076900	-40.250999
0.077000	-38.802200
0.077100	-37.836399
0.077200	-34.938900
0.077300	-34.938900
0.077400	-36.870602
0.077500	-36.870602
0.077600	-35.904701
0.077700	-36.870602
0.077800	-37.836399
0.077900	-38.802200
0.078000	-38.802200
0.078100	-36.870602
0.078200	-38.802200
0.078300	-38.319302
0.078400	-35.904701
0.078500	-33.007198
0.078600	-30.109800
0.078700	-30.592699
0.078800	-28.178101
0.078900	-25.763500
0.079000	-31.075600
0.079100	-34.938900
0.079200	-33.007198
0.079300	-28.660999
0.079400	-22.383101
0.079500	-22.383101
0.079600	-25.280600
0.079700	-24.314800
0.079800	-27.695200
0.079900	-30.592699
0.080000	-29.143900
0.080100	-29.143900
0.080200	-25.280600
0.080300	-22.383101
0.080400	-24.797701
0.080500	-27.212299
0.080600	-27.695200
0.080700	-25.280600
0.080800	-23.348900
0.080900	-20.934401
0.081000	-23.348900
0.081100	-25.280600
0.081200	-25.763500
0.081300	-22.383101
0.081400	-17.554001
0.081500	-18.519800
0.081600	-23.348900
0.081700	-21.417299
0.081800	-16.588100
0.081900	-19.002701
0.082000	-25.763500
0.082100	-27.212299
0.082200	-25.280600
0.082300	-16.588100
0.082400	-19.002701
0.082500	-20.934401
0.082600	-19.968500
0.082700	-21.417299
0.082800	-18.519800
0.082900	-16.588100
0.083000	-19.002701
0.083100	-18.519800
0.083200	-19.485600
0.083300	-20.451500
0.083400	-20.451500
0.083500	-18.036900
0.083600	-20.451500
0.083700	-22.865999
0.083800	-22.383101
0.083900	-16.588100
0.084000	-18.519800
0.084100	-22.383101
0.084200	-22.383101
0.084300	-19.485600
0.084400	-18.519800
0.084500	-15.622300
0.084600	-18.519800
0.084700	-21.417299
0.084800	-19.485600
0.084900	-15.622300
0.085000	-18.519800
0.085100	-21.417299
0.085200	-22.383101
0.085300	-20.934401
0.085400	-19.002701
0.085500	-19.485600
0.085600	-20.451500
0.085700	-21.417299
0.085800	-21.417299
0.085900	-19.002701
0.086000	-18.519800
0.086100	-19.485600
0.086200	-22.383101
0.086300	-19.485600
0.086400	-20.934401
0.086500	-22.383101
0.086600	-23.348900
0.086700	-18.519800
0.086800	-15.622300
0.086900	-19.002701
0.087000	-18.036900
0.087100	-16.588100
0.087200	-15.622300
0.087300	-16.588100
0.087400	-12.724800
0.087500	-10.793200
0.087600	-10.310200
0.087700	-11.759000
0.087800	-13.690600
0.087900	-12.724800
0.088000	-8.861490
0.088100	-8.861490
0.088200	-13.690600
0.088300	-12.724800
0.088400	-8.378580
0.088500	-11.759000
0.088600	-14.656500
0.088700	-10.793200
0.088800	-11.759000
0.088900	-10.793200
0.089000	-10.793200
0.089100	-11.759000
0.089200	-10.793200
0.089300	-11.276100
0.089400	-13.690600
0.089500	-12.724800
0.089600	-7.895660
0.089700	-4.998170
0.089800	-5.481090
0.089900	-11.759000
0.090000	-11.276100
0.090100	-4.998170
0.090200	-3.549430
0.090300	-11.276100
0.090400	-12.724800
0.090500	-7.895660
0.090600	-4.998170
0.090700	-7.895660
0.090800	-13.690600
0.090900	-11.759000
0.091000	-5.964000
0.091100	-5.964000
0.091200	-10.310200
0.091300	-8.861490
0.091400	-5.964000
0.091500	-5.481090
0.091600	-7.895660
0.091700	-9.827320
0.091800	-4.515260
0.091900	0.796810
0.092000	-2.100680
0.092100	-5.964000
0.092200	-1.134850
0.092300	2.728470
0.092400	-1.134850
0.092500	-3.549430
0.092600	-3.066510
0.092700	-1.134850
0.092800	-3.066510
0.092900	-4.998170
0.093000	-5.964000
0.093100	-1.134850
0.093200	-3.549430
0.093300	-5.964000
0.093400	-3.066510
0.093500	-2.100680
0.093600	-3.549430
0.093700	-1.134850
0.093800	1.762640
0.093900	-0.169020
0.094000	-4.032340
0.094100	-4.998170
0.094200	0.796810
0.094300	-1.134850
0.094400	-4.032340
0.094500	-2.100680
0.094600	-4.998170
0.094700	-5.481090
0.094800	1.762640
0.094900	8.040530
0.095000	4.177210
0.095100	0.313895
0.095200	1.762640
0.095300	4.660130
0.095400	3.211380
0.095500	6.108870
0.095600	4.660130
0.095700	0.796810
0.095800	2.245550
0.095900	6.591790
0.096000	4.660130
0.096100	4.660130
0.096200	4.660130
0.096300	3.211380
0.096400	2.728470
0.096500	4.177210
0.096600	1.762640
0.096700	0.796810
0.096800	0.313895
0.096900	4.660130
0.097000	3.694300
0.097100	1.762640
0.097200	2.728470
0.097300	2.728470
0.097400	2.728470
0.097500	2.728470
0.097600	-0.169020
0.097700	-4.998170
0.097800	-2.100680
0.097900	1.762640
0.098000	-1.134850
0.098100	-2.100680
0.098200	-4.032340
0.098300	-4.032340
0.098400	4.660130
0.098500	11.903900
0.098600	8.040530
0.098700	6.591790
0.098800	6.591790
0.098900	8.040530
0.099000	9.006360
0.099100	8.523450
0.099200	7.557620
0.099300	9.006360
0.099400	9.489280
0.099500	4.660130
0.099600	4.177210
0.099700	7.074700
0.099800	6.591790
0.099900	8.040530
0.100000	7.557620
0.100100	4.660130
0.100200	3.694300
0.100300	3.694300
0.100400	3.694300
0.100500	7.074700
0.100600	8.040530
0.100700	2.728470
0.100800	-1.134850
0.100900	-3.066510
0.101000	0.796810
0.101100	4.177210
0.101200	7.557620
0.101300	8.523450
0.101400	6.108870
0.101500	4.660130
0.101600	3.211380
0.101700	1.762640
0.101800	2.245550
0.101900	1.762640
0.102000	2.728470
0.102100	-0.169020
0.102200	1.762640
0.102300	1.762640
0.102400	-0.169020
0.102500	-2.100680
0.102600	-1.134850
0.102700	4.177210
0.102800	5.625960
0.102900	-0.169020
0.103000	-1.617770
0.103100	3.694300
0.103200	4.660130
0.103300	-0.169020
0.103400	-3.549430
0.103500	-2.100680
0.103600	-0.169020
0.103700	-1.134850
0.103800	-4.032340
0.103900	-5.964000
0.104000	-2.100680
0.104100	1.762640
0.104200	4.177210
0.104300	0.796810
0.104400	-4.515260
0.104500	-1.617770
0.104600	-0.169020
0.104700	-3.066510
0.104800	-2.100680
0.104900	2.728470
0.105000	-0.169020
0.105100	-1.134850
0.105200	4.177210
0.105300	4.660130
0.105400	-1.134850
0.105500	-5.481090
0.105600	-2.100680
0.105700	1.762640
0.105800	2.728470
0.105900	1.762640
0.106000	-2.100680
0.106100	-0.169020
0.106200	1.762640
0.106300	-1.134850
0.106400	-1.134850
0.106500	0.313895
0.106600	2.728470
0.106700	3.694300
0.106800	1.762640
0.106900	1.762640
0.107000	0.796810
0.107100	0.313895
0.107200	3.694300
0.107300	7.074700
0.107400	1.762640
0.107500	0.313895
0.107600	-1.134850
0.107700	0.313895
0.107800	1.762640
0.107900	0.796810
0.108000	3.694300
0.108100	1.762640
0.108200	4.660130
0.108300	8.523450
0.108400	7.557620
0.108500	4.660130
0.108600	-0.169020
0.108700	-3.066510
0.108800	-2.100680
0.108900	-4.032340
0.109000	-10.793200
0.109100	-7.412750
0.109200	-1.617770
0.109300	-3.549430
0.109400	-4.515260
0.109500	-0.169020
0.109600	1.762640
0.109700	-0.169020
0.109800	-1.134850
0.109900	0.313895
0.110000	2.245550
0.110100	2.728470
0.110200	1.762640
0.110300	-1.617770
0.110400	-0.169020
0.110500	1.762640
0.110600	2.728470
0.110700	1.762640
0.110800	-0.169020
0.110900	4.660130
0.111000	6.591790
0.111100	1.762640
0.111200	0.313895
0.111300	4.177210
0.111400	6.108870
0.111500	5.143040
0.111600	1.762640
0.111700	1.762640
0.111800	4.660130
0.111900	3.694300
0.112000	1.762640
0.112100	-1.134850
0.112200	1.762640
0.112300	2.728470
0.112400	0.796810
0.112500	-0.169020
0.112600	-0.169020
0.112700	-0.169020
0.112800	-0.169020
0.112900	-0.169020
0.113000	2.728470
0.113100	5.625960
0.113200	-0.169020
0.113300	0.313895
0.113400	3.211380
0.113500	3.694300
0.113600	4.660130
0.113700	5.625960
0.113800	3.694300
0.113900	1.762640
0.114000	2.728470
0.114100	0.796810
0.114200	-2.583600
0.114300	-1.617770
0.114400	2.728470
0.114500	1.279720
0.114600	-3.549430
0.114700	-3.066510
0.114800	-6.929830
0.114900	-5.964000
0.115000	-3.549430
0.115100	-3.066510
0.115200	-5.964000
0.115300	-5.964000
0.115400	-8.861490
0.115500	-9.827320
0.115600	-9.827320
0.115700	-10.793200
0.115800	-5.964000
0.115900	-2.583600
0.116000	-8.861490
0.116100	-17.070999
0.116200	-11.759000
0.116300	-7.412750
0.116400	-9.344410
0.116500	-13.690600
0.116600	-12.241900
0.116700	-7.895660
0.116800	-5.964000
0.116900	-5.964000
0.117000	-12.241900
0.117100	-13.690600
0.117200	-12.724800
0.117300	-8.861490
0.117400	-8.861490
0.117500	-12.724800
0.117600	-8.861490
0.117700	-6.929830
0.117800	-7.895660
0.117900	-4.515260
0.118000	0.313895
0.118100	-1.134850
0.118200	-2.100680
0.118300	-4.032340
0.118400	-1.134850
0.118500	4.177210
0.118600	4.660130
0.118700	2.728470
0.118800	0.796810
0.118900	1.762640
0.119000	4.660130
0.119100	3.694300
0.119200	1.279720
0.119300	0.313895
0.119400	-1.617770
0.119500	-2.100680
0.119600	-1.617770
0.119700	1.762640
0.119800	0.796810
0.119900	-4.998170
0.120000	-5.964000
0.120100	-5.964000
0.120200	-3.066510
0.120300	1.762640
0.120400	-1.134850
0.120500	-3.066510
0.120600	5.143040
0.120700	7.557620
0.120800	2.728470
0.120900	5.625960
0.121000	6.108870
0.121100	1.762640
0.121200	0.796810
0.121300	0.796810
0.121400	2.728470
0.121500	2.728470
0.121600	6.591790
0.121700	3.694300
0.121800	3.694300
0.121900	9.489280
0.122000	9.489280
0.122100	6.591790
0.122200	6.591790
0.122300	5.143040
0.122400	6.108870
0.122500	5.625960
0.122600	-0.169020
0.122700	-1.134850
0.122800	3.694300
0.122900	4.660130
0.123000	2.728470
0.123100	4.177210
0.123200	4.660130
0.123300	2.728470
0.123400	0.313895
0.123500	5.625960
0.123600	9.489280
0.123700	5.625960
0.123800	3.211380
0.123900	1.762640
0.124000	2.245550
0.124100	9.489280
0.124200	10.938000
0.124300	5.143040
0.124400	4.660130
0.124500	8.523450
0.124600	7.557620
0.124700	1.762640
0.124800	3.211380
0.124900	5.625960
0.125000	4.660130
0.125100	3.694300
0.125200	2.728470
0.125300	0.796810
0.125400	4.660130
0.125500	6.591790
0.125600	1.762640
0.125700	2.245550
0.125800	6.591790
0.125900	5.625960
0.126000	2.245550
0.126100	7.557620
0.126200	11.903900
0.126300	13.352600
0.126400	13.835500
0.126500	8.523450
0.126600	4.660130
0.126700	7.557620
0.126800	8.523450
0.126900	2.728470
0.127000	3.694300
0.127100	9.489280
0.127200	10.455100
0.127300	8.040530
0.127400	3.211380
0.127500	3.694300
0.127600	8.523450
0.127700	4.660130
0.127800	2.728470
0.127900	5.625960
0.128000	6.108870
0.128100	6.591790
0.128200	10.455100
0.128300	12.386800
0.128400	13.352600
0.128500	14.318400
0.128600	11.903900
0.128700	9.006360
0.128800	4.660130
0.128900	4.660130
0.129000	7.557620
0.129100	7.557620
0.129200	9.972190
0.129300	10.455100
0.129400	5.625960
0.129500	4.177210
0.129600	5.625960
0.129700	4.660130
0.129800	10.455100
0.129900	10.938000
0.130000	4.177210
0.130100	4.660130
0.130200	8.523450
0.130300	8.040530
0.130400	3.694300
0.130500	3.694300
0.130600	7.074700
0.130700	7.557620
0.130800	9.489280
0.130900	9.489280
0.131000	9.972190
0.131100	9.006360
0.131200	5.625960
0.131300	6.591790
0.131400	7.557620
0.131500	7.557620
0.131600	7.557620
0.131700	10.455100
0.131800	9.489280
0.131900	6.108870
0.132000	7.557620
0.132100	8.523450
0.132200	6.108870
0.132300	6.591790
0.132400	5.625960
0.132500	3.694300
0.132600	4.177210
0.132700	7.557620
0.132800	7.557620
0.132900	2.245550
0.133000	2.245550
0.133100	8.523450
0.133200	8.523450
0.133300	10.455100
0.133400	7.074700
0.133500	1.762640
0.133600	3.694300
0.133700	8.040530
0.133800	9.006360
0.133900	4.660130
0.134000	5.625960
0.134100	3.211380
0.134200	1.762640
0.134300	-1.134850
0.134400	0.796810
0.134500	7.557620
0.134600	4.660130
0.134700	-3.066510
0.134800	4.660130
0.134900	7.557620
0.135000	3.694300
0.135100	2.728470
0.135200	1.762640
0.135300	4.177210
0.135400	1.279720
0.135500	-0.169020
0.135600	0.313895
0.135700	2.728470
0.135800	6.591790
0.135900	4.660130
0.136000	2.728470
0.136100	6.591790
0.136200	8.040530
0.136300	6.591790
0.136400	5.625960
0.136500	4.660130
0.136600	1.279720
0.136700	1.762640
0.136800	1.762640
0.136900	0.796810
0.137000	7.557620
0.137100	4.660130
0.137200	0.796810
0.137300	2.728470
0.137400	-0.169020
0.137500	1.762640
0.137600	6.591790
0.137700	3.694300
0.137800	2.728470
0.137900	6.591790
0.138000	4.177210
0.138100	1.762640
0.138200	4.177210
0.138300	0.796810
0.138400	1.762640
0.138500	8.523450
0.138600	6.108870
0.138700	-0.169020
0.138800	-0.169020
0.138900	4.177210
0.139000	6.108870
0.139100	1.762640
0.139200	0.313895
0.139300	0.796810
0.139400	-0.169020
0.139500	3.694300
0.139600	9.972190
0.139700	6.591790
0.139800	1.762640
0.139900	3.694300
0.140000	5.625960
0.140100	3.694300
0.140200	3.694300
0.140300	4.660130
0.140400	3.694300
0.140500	1.279720
0.140600	2.728470
0.140700	7.557620
0.140800	8.040530
0.140900	2.245550
0.141000	3.694300
0.141100	4.660130
0.141200	6.591790
0.141300	4.660130
0.141400	3.211380
0.141500	3.694300
0.141600	6.591790
0.141700	7.074700
0.141800	6.591790
0.141900	6.591790
0.142000	8.040530
0.142100	9.489280
0.142200	8.523450
0.142300	3.211380
0.142400	10.455100
0.142500	10.455100
0.142600	5.625960
0.142700	3.694300
0.142800	4.660130
0.142900	4.660130
0.143000	1.762640
0.143100	2.728470
0.143200	5.625960
0.143300	7.557620
0.143400	2.728470
0.143500	3.211380
0.143600	6.591790
0.143700	5.625960
0.143800	1.762640
0.143900	2.728470
0.144000	7.557620
0.144100	8.523450
0.144200	7.557620
0.144300	4.177210
0.144400	7.557620
0.144500	9.489280
0.144600	7.557620
0.144700	0.796810
0.144800	4.660130
0.144900	7.557620
0.145000	4.660130
0.145100	4.660130
0.145200	5.625960
0.145300	1.762640
0.145400	2.728470
0.145500	4.660130
0.145600	6.591790
0.145700	6.591790
0.145800	1.762640
0.145900	2.728470
0.146000	4.660130
0.146100	4.660130
0.146200	2.728470
0.146300	3.694300
0.146400	6.591790
0.146500	3.694300
0.146600	1.762640
0.146700	2.728470
0.146800	9.006360
0.146900	7.557620
0.147000	4.177210
0.147100	0.796810
0.147200	-0.169020
0.147300	1.762640
0.147400	2.728470
0.147500	1.762640
0.147600	3.694300
0.147700	9.489280
0.147800	5.143040
0.147900	2.728470
0.148000	1.762640
0.148100	6.591790
0.148200	5.625960
0.148300	0.796810
0.148400	2.245550
0.148500	3.211380
0.148600	0.796810
0.148700	1.762640
0.148800	-0.169020
0.148900	3.694300
0.149000	8.523450
0.149100	9.489280
0.149200	5.625960
0.149300	1.762640
0.149400	3.694300
0.149500	7.074700
0.149600	8.040530
0.149700	6.108870
0.149800	3.694300
0.149900	2.728470
0.150000	1.762640
0.150100	1.762640
0.150200	3.694300
0.150300	8.040530
0.150400	6.591790
0.150500	2.728470
0.150600	2.245550
0.150700	5.625960
0.150800	8.523450
0.150900	2.728470
0.151000	1.762640
0.151100	2.728470
0.151200	7.557620
0.151300	6.591790
0.151400	5.625960
0.151500	3.694300
0.151600	5.143040
0.151700	6.591790
0.151800	8.040530
0.151900	2.728470
0.152000	6.108870
0.152100	8.523450
0.152200	1.762640
0.152300	-3.066510
0.152400	0.796810
0.152500	4.660130
0.152600	2.728470
0.152700	3.211380
0.152800	4.660130
0.152900	7.557620
0.153000	7.074700
0.153100	6.591790
0.153200	4.660130
0.153300	6.108870
0.153400	7.557620
0.153500	4.177210
0.153600	3.694300
0.153700	8.523450
0.153800	9.972190
0.153900	5.625960
0.154000	2.728470
0.154100	4.177210
0.154200	8.523450
0.154300	3.694300
0.154400	4.660130
0.154500	6.108870
0.154600	6.591790
0.154700	5.625960
0.154800	3.694300
0.154900	3.211380
0.155000	5.625960
0.155100	4.660130
0.155200	4.660130
0.155300	7.557620
0.155400	6.108870
0.155500	5.625960
0.155600	3.694300
0.155700	-1.134850
0.155800	-2.100680
0.155900	0.796810
0.156000	4.660130
0.156100	5.625960
0.156200	-0.169020
0.156300	0.796810
0.156400	3.694300
0.156500	1.762640
0.156600	1.762640
0.156700	0.796810
0.156800	5.625960
0.156900	7.557620
0.157000	1.279720
0.157100	-3.066510
0.157200	0.796810
0.157300	3.694300
0.157400	6.591790
0.157500	2.245550
0.157600	1.762640
0.157700	2.245550
0.157800	3.694300
0.157900	2.728470
0.158000	6.108870
0.158100	3.694300
0.158200	2.245550
0.158300	1.762640
0.158400	1.762640
0.158500	2.728470
0.158600	3.694300
0.158700	2.728470
0.158800	-0.651935
0.158900	-0.169020
0.159000	2.728470
0.159100	2.245550
0.159200	1.279720
0.159300	1.762640
0.159400	-3.066510
0.159500	-0.169020
0.159600	6.108870
0.159700	4.177210
0.159800	-0.169020
0.159900	1.279720
0.160000	2.728470
0.160100	1.762640
0.160200	2.245550
0.160300	3.694300
0.160400	1.762640
0.160500	-1.134850
0.160600	1.762640
0.160700	1.762640
0.160800	0.796810
0.160900	2.728470
0.161000	1.762640
0.161100	0.796810
0.161200	3.694300
0.161300	4.660130
0.161400	4.660130
0.161500	4.660130
0.161600	3.694300
0.161700	8.040530
0.161800	9.489280
0.161900	6.108870
0.162000	2.728470
0.162100	5.625960
0.162200	6.591790
0.162300	1.762640
0.162400	0.313895
0.162500	3.211380
0.162600	7.557620
0.162700	6.591790
0.162800	5.625960
0.162900	7.557620
0.163000	6.591790
0.163100	4.177210
0.163200	3.694300
0.163300	3.694300
0.163400	3.694300
0.163500	8.523450
0.163600	9.489280
0.163700	4.177210
0.163800	0.796810
0.163900	5.625960
0.164000	5.625960
0.164100	3.694300
0.164200	5.625960
0.164300	4.660130
0.164400	5.625960
0.164500	7.557620
0.164600	3.694300
0.164700	-0.651935
0.164800	5.625960
0.164900	8.523450
0.165000	5.625960
0.165100	0.796810
0.165200	3.694300
0.165300	6.591790
0.165400	1.762640
0.165500	1.762640
0.165600	8.523450
0.165700	11.420900
0.165800	7.557620
0.165900	4.177210
0.166000	4.660130
0.166100	7.557620
0.166200	2.728470
0.166300	4.660130
0.166400	4.660130
0.166500	7.557620
0.166600	3.694300
0.166700	6.591790
0.166800	3.694300
0.166900	3.694300
0.167000	1.762640
0.167100	2.728470
0.167200	5.625960
0.167300	2.728470
0.167400	6.591790
0.167500	9.489280
0.167600	5.625960
0.167700	6.591790
0.167800	3.694300
0.167900	4.660130
0.168000	1.762640
0.168100	1.762640
0.168200	3.694300
0.168300	2.728470
0.168400	1.762640
0.168500	2.728470
0.168600	0.796810
0.168700	3.694300
0.168800	3.211380
0.168900	4.177210
0.169000	4.660130
0.169100	2.728470
0.169200	2.728470
0.169300	-0.169020
0.169400	1.762640
0.169500	0.796810
0.169600	4.660130
0.169700	4.660130
0.169800	0.313895
0.169900	-1.134850
0.170000	1.762640
0.170100	1.762640
0.170200	2.245550
0.170300	1.762640
0.170400	3.694300
0.170500	4.660130
0.170600	3.694300
0.170700	-0.169020
0.170800	-1.617770
0.170900	1.762640
0.171000	2.728470
0.171100	2.728470
0.171200	2.728470
0.171300	5.625960
0.171400	4.660130
0.171500	-0.169020
0.171600	-4.998170
0.171700	-2.100680
0.171800	3.694300
0.171900	3.694300
0.172000	-0.169020
0.172100	-0.169020
0.172200	1.762640
0.172300	2.728470
0.172400	3.694300
0.172500	-1.617770
0.172600	-2.100680
0.172700	3.211380
0.172800	4.660130
0.172900	3.694300
0.173000	2.728470
0.173100	1.762640
0.173200	2.728470
0.173300	0.796810
0.173400	1.762640
0.173500	4.660130
0.173600	8.523450
0.173700	6.591790
0.173800	0.796810
0.173900	-0.651935
0.174000	5.625960
0.174100	7.557620
0.174200	4.660130
0.174300	1.762640
0.174400	2.245550
0.174500	3.211380
0.174600	2.728470
0.174700	2.728470
0.174800	2.728470
0.174900	6.591790
0.175000	8.040530
0.175100	4.660130
0.175200	1.279720
0.175300	6.591790
0.175400	3.694300
0.175500	-0.169020
0.175600	-0.169020
0.175700	3.694300
0.175800	4.177210
0.175900	3.694300
0.176000	1.762640
0.176100	4.177210
0.176200	5.625960
0.176300	1.279720
0.176400	2.245550
0.176500	2.728470
0.176600	-0.169020
0.176700	-2.100680
0.176800	1.762640
0.176900	3.694300
0.177000	4.660130
0.177100	7.074700
0.177200	3.694300
0.177300	-2.100680
0.177400	-0.169020
0.177500	-0.169020
0.177600	-4.032340
0.177700	1.762640
0.177800	4.660130
0.177900	3.694300
0.178000	3.694300
0.178100	2.728470
0.178200	-1.134850
0.178300	0.796810
0.178400	3.694300
0.178500	1.762640
0.178600	-1.134850
0.178700	-0.651935
0.178800	4.177210
0.178900	4.660130
0.179000	1.279720
0.179100	1.762640
0.179200	5.625960
0.179300	4.177210
0.179400	1.762640
0.179500	2.728470
0.179600	6.108870
0.179700	6.591790
0.179800	2.728470
0.179900	-0.169020
0.180000	2.245550
0.180100	6.591790
0.180200	6.591790
0.180300	7.557620
0.180400	-1.134850
0.180500	-5.964000
0.180600	0.796810
0.180700	6.108870
0.180800	7.557620
0.180900	7.074700
0.181000	5.625960
0.181100	3.694300
0.181200	-1.134850
0.181300	1.762640
0.181400	6.591790
0.181500	4.177210
0.181600	3.694300
0.181700	4.177210
0.181800	2.728470
0.181900	4.660130
0.182000	6.591790
0.182100	1.762640
0.182200	1.762640
0.182300	2.728470
0.182400	0.796810
0.182500	-2.100680
0.182600	3.694300
0.182700	6.108870
0.182800	3.694300
0.182900	2.728470
0.183000	0.313895
0.183100	0.796810
0.183200	5.625960
0.183300	6.591790
0.183400	4.660130
0.183500	5.143040
0.183600	4.660130
0.183700	3.694300
0.183800	6.591790
0.183900	7.557620
0.184000	8.523450
0.184100	7.557620
0.184200	2.245550
0.184300	2.728470
0.184400	5.625960
0.184500	3.694300
0.184600	1.762640
0.184700	4.660130
0.184800	8.523450
0.184900	5.625960
0.185000	4.177210
0.185100	4.660130
0.185200	3.694300
0.185300	5.143040
0.185400	3.694300
0.185500	1.279720
0.185600	-0.169020
0.185700	2.728470
0.185800	3.694300
0.185900	3.694300
0.186000	0.313895
0.186100	0.313895
0.186200	1.762640
0.186300	3.694300
0.186400	2.728470
0.186500	0.796810
0.186600	-2.100680
0.186700	-3.549430
0.186800	2.245550
0.186900	5.625960
0.187000	4.177210
0.187100	3.211380
0.187200	3.694300
0.187300	1.762640
0.187400	2.728470
0.187500	7.074700
0.187600	8.040530
0.187700	3.694300
0.187800	1.762640
0.187900	4.660130
0.188000	3.211380
0.188100	3.211380
0.188200	-1.134850
0.188300	-1.134850
0.188400	2.728470
0.188500	2.728470
0.188600	-0.169020
0.188700	1.762640
0.188800	1.762640
0.188900	3.694300
0.189000	2.728470
0.189100	-0.169020
0.189200	-0.651935
0.189300	7.074700
0.189400	4.660130
0.189500	-0.169020
0.189600	-0.651935
0.189700	0.796810
0.189800	4.660130
0.189900	-0.169020
0.190000	-3.066510
0.190100	4.660130
0.190200	4.660130
0.190300	-1.617770
0.190400	-2.100680
0.190500	2.728470
0.190600	6.591790
0.190700	2.245550
0.190800	2.245550
0.190900	-0.169020
0.191000	-1.617770
0.191100	-2.100680
0.191200	0.313895
0.191300	1.762640
0.191400	0.796810
0.191500	-1.134850
0.191600	-2.100680
0.191700	-4.032340
0.191800	-3.066510
0.191900	-0.169020
0.192000	0.313895
0.192100	2.728470
0.192200	4.660130
0.192300	3.694300
0.192400	-1.617770
0.192500	-2.100680
0.192600	-3.549430
0.192700	-4.032340
0.192800	-1.134850
0.192900	0.796810
0.193000	0.313895
0.193100	0.796810
0.193200	-0.169020
0.193300	1.762640
0.193400	2.728470
0.193500	0.796810
0.193600	1.762640
0.193700	0.796810
0.193800	-0.651935
0.193900	-0.169020
0.194000	-4.032340
0.194100	-2.100680
0.194200	1.762640
0.194300	2.728470
0.194400	-1.134850
0.194500	-0.169020
0.194600	2.245550
0.194700	1.762640
0.194800	3.694300
0.194900	8.040530
0.195000	5.625960
0.195100	1.762640
0.195200	-1.134850
0.195300	2.728470
0.195400	6.591790
0.195500	1.762640
0.195600	-2.100680
0.195700	-1.134850
0.195800	-0.169020
0.195900	1.762640
0.196000	1.762640
0.196100	-0.169020
0.196200	0.796810
0.196300	3.694300
0.196400	6.591790
0.196500	1.762640
0.196600	-2.100680
0.196700	-1.134850
0.196800	-1.617770
0.196900	-2.100680
0.197000	-0.651935
0.197100	1.762640
0.197200	3.694300
0.197300	3.694300
0.197400	2.728470
0.197500	3.211380
0.197600	4.660130
0.197700	6.591790
0.197800	2.728470
0.197900	-0.169020
0.198000	1.762640
0.198100	7.074700
0.198200	2.728470
0.198300	1.279720
0.198400	3.694300
0.198500	2.245550
0.198600	3.211380
0.198700	1.762640
0.198800	-1.134850
0.198900	0.796810
0.199000	4.177210
0.199100	1.762640
0.199200	-1.617770
0.199300	1.762640
0.199400	3.694300
0.199500	1.762640
0.199600	-1.134850
0.199700	1.762640
0.199800	4.660130
0.199900	2.728470
0.200000	-0.169020
0.200100	0.313895
0.200200	1.762640
0.200300	0.313895
0.200400	-2.100680
0.200500	0.313895
0.200600	-0.651935
0.200700	2.728470
0.200800	5.625960
0.200900	4.660130
0.201000	2.245550
0.201100	2.728470
0.201200	3.694300
0.201300	4.660130
0.201400	3.694300
0.201500	4.660130
0.201600	1.762640
0.201700	-1.134850
0.201800	1.762640
0.201900	4.660130
0.202000	6.108870
0.202100	6.591790
0.202200	2.245550
0.202300	0.796810
0.202400	6.591790
0.202500	2.728470
0.202600	2.728470
0.202700	-1.617770
0.202800	-0.169020
0.202900	4.177210
0.203000	3.694300
0.203100	0.796810
0.203200	2.245550
0.203300	3.694300
0.203400	1.279720
0.203500	-0.169020
0.203600	-1.134850
0.203700	1.762640
0.203800	-0.169020
0.203900	-0.169020
0.204000	1.762640
0.204100	0.796810
0.204200	3.211380
0.204300	1.762640
0.204400	1.762640
0.204500	-1.134850
0.204600	3.211380
0.204700	5.625960
0.204800	3.694300
0.204900	1.762640
0.205000	0.313895
0.205100	1.762640
0.205200	2.728470
0.205300	-0.169020
0.205400	0.796810
0.205500	3.694300
0.205600	1.762640
0.205700	1.762640
0.205800	1.762640
0.205900	1.762640
0.206000	2.728470
0.206100	4.177210
0.206200	0.796810
0.206300	-0.169020
0.206400	3.211380
0.206500	2.728470
0.206600	3.694300
0.206700	2.728470
0.206800	3.694300
0.206900	5.143040
0.207000	4.177210
0.207100	1.762640
0.207200	0.796810
0.207300	4.660130
0.207400	7.074700
0.207500	1.762640
0.207600	6.591790
0.207700	8.040530
0.207800	5.625960
0.207900	0.313895
0.208000	1.762640
0.208100	5.625960
0.208200	1.762640
0.208300	1.762640
0.208400	1.762640
0.208500	2.245550
0.208600	3.694300
0.208700	3.694300
0.208800	0.313895
0.208900	-1.134850
0.209000	1.279720
0.209100	3.694300
0.209200	2.728470
0.209300	-0.169020
0.209400	-0.169020
0.209500	1.762640
0.209600	0.313895
0.209700	1.762640
0.209800	2.728470
0.209900	1.762640
0.210000	-1.134850
0.210100	1.762640
0.210200	4.660130
0.210300	2.245550
0.210400	-0.169020
0.210500	2.245550
0.210600	1.762640
0.210700	4.660130
0.210800	7.557620
0.210900	3.694300
0.211000	0.796810
0.211100	1.762640
0.211200	0.796810
0.211300	3.694300
0.211400	5.625960
0.211500	2.728470
0.211600	1.762640
0.211700	2.728470
0.211800	3.694300
0.211900	-0.651935
0.212000	-1.134850
0.212100	-0.651935
0.212200	-0.169020
0.212300	1.279720
0.212400	2.728470
0.212500	-1.134850
0.212600	-4.998170
0.212700	-1.617770
0.212800	3.694300
0.212900	4.177210
0.213000	3.211380
0.213100	2.728470
0.213200	2.728470
0.213300	1.762640
0.213400	1.762640
0.213500	3.694300
0.213600	-0.169020
0.213700	-4.998170
0.213800	-2.100680
0.213900	2.728470
0.214000	1.762640
0.214100	0.796810
0.214200	-0.169020
0.214300	0.796810
0.214400	3.211380
0.214500	2.728470
0.214600	-0.169020
0.214700	2.245550
0.214800	6.108870
0.214900	5.625960
0.215000	3.694300
0.215100	4.177210
0.215200	2.728470
0.215300	1.762640
0.215400	-0.169020
0.215500	-2.100680
0.215600	5.625960
0.215700	3.694300
0.215800	0.796810
0.215900	-1.134850
0.216000	-0.169020
0.216100	-0.169020
0.216200	1.762640
0.216300	-2.100680
0.216400	-1.134850
0.216500	4.177210
0.216600	4.660130
0.216700	1.279720
0.216800	0.313895
0.216900	6.108870
0.217000	8.523450
0.217100	1.279720
0.217200	-3.549430
0.217300	1.279720
0.217400	7.557620
0.217500	2.245550
0.217600	0.796810
0.217700	3.211380
0.217800	1.762640
0.217900	1.762640
0.218000	3.694300
0.218100	-2.100680
0.218200	-3.066510
0.218300	0.796810
0.218400	1.762640
0.218500	1.762640
0.218600	-0.169020
0.218700	5.625960
0.218800	9.006360
0.218900	-0.169020
0.219000	-1.134850
0.219100	7.557620
0.219200	5.625960
0.219300	0.313895
0.219400	0.796810
0.219500	5.625960
0.219600	4.660130
0.219700	2.728470
0.219800	-0.169020
0.219900	2.245550
0.220000	2.728470
0.220100	2.245550
0.220200	0.313895
0.220300	5.625960
0.220400	8.523450
0.220500	5.625960
0.220600	2.728470
0.220700	6.591790
0.220800	9.972190
0.220900	6.591790
0.221000	3.211380
0.221100	0.796810
0.221200	1.762640
0.221300	3.211380
0.221400	7.557620
0.221500	3.694300
0.221600	-1.134850
0.221700	3.694300
0.221800	6.591790
0.221900	3.694300
0.222000	1.279720
0.222100	2.728470
0.222200	1.762640
0.222300	3.694300
0.222400	4.660130
0.222500	2.728470
0.222600	2.728470
0.222700	3.694300
0.222800	5.625960
0.222900	6.108870
0.223000	6.108870
0.223100	3.694300
0.223200	1.762640
0.223300	4.177210
0.223400	2.728470
0.223500	-1.134850
0.223600	3.694300
0.223700	5.625960
0.223800	3.694300
0.223900	1.279720
0.224000	3.694300
0.224100	1.762640
0.224200	-2.100680
0.224300	1.279720
0.224400	2.728470
0.224500	2.728470
0.224600	-2.100680
0.224700	-3.549430
0.224800	2.728470
0.224900	5.625960
0.225000	0.313895
0.225100	1.762640
0.225200	2.728470
0.225300	8.523450
0.225400	6.591790
0.225500	-1.134850
0.225600	-4.032340
0.225700	-0.169020
0.225800	3.694300
0.225900	7.557620
0.226000	4.660130
0.226100	3.694300
0.226200	4.660130
0.226300	1.762640
0.226400	1.762640
0.226500	1.762640
0.226600	1.762640
0.226700	1.762640
0.226800	-2.100680
0.226900	-1.134850
0.227000	2.728470
0.227100	0.313895
0.227200	-0.169020
0.227300	-3.066510
0.227400	1.762640
0.227500	4.660130
0.227600	1.762640
0.227700	-1.134850
0.227800	1.762640
0.227900	9.489280
0.228000	7.557620
0.228100	2.728470
0.228200	0.796810
0.228300	-0.169020
0.228400	3.694300
0.228500	3.211380
0.228600	1.762640
0.228700	3.211380
0.228800	2.728470
0.228900	0.796810
0.229000	2.728470
0.229100	-1.134850
0.229200	1.762640
0.229300	2.728470
0.229400	4.660130
0.229500	5.143040
0.229600	5.625960
0.229700	2.728470
0.229800	5.625960
0.229900	4.660130
0.230000	-0.169020
0.230100	0.313895
0.230200	1.762640
0.230300	2.728470
0.230400	-1.134850
0.230500	2.728470
0.230600	2.245550
0.230700	-1.134850
0.230800	-1.134850
0.230900	-0.169020
0.231000	1.762640
0.231100	3.694300
0.231200	4.660130
0.231300	3.694300
0.231400	3.211380
0.231500	-0.169020
0.231600	-0.651935
0.231700	2.728470
0.231800	4.660130
0.231900	1.762640
0.232000	-1.134850
0.232100	4.660130
0.232200	1.762640
0.232300	-0.169020
0.232400	-1.134850
0.232500	0.796810
0.232600	2.245550
0.232700	0.796810
0.232800	1.762640
0.232900	2.728470
0.233000	3.211380
0.233100	-1.617770
0.233200	-3.066510
0.233300	-1.134850
0.233400	0.313895
0.233500	3.694300
0.233600	4.660130
0.233700	1.762640
0.233800	3.694300
0.233900	7.557620
0.234000	6.591790
0.234100	0.313895
0.234200	-0.169020
0.234300	6.591790
0.234400	7.557620
0.234500	1.762640
0.234600	1.279720
0.234700	1.762640
0.234800	2.728470
0.234900	1.762640
0.235000	0.796810
0.235100	-0.169020
0.235200	1.762640
0.235300	1.762640
0.235400	-0.169020
0.235500	-3.066510
0.235600	1.762640
0.235700	3.694300
0.235800	-1.134850
0.235900	-4.032340
0.236000	0.796810
0.236100	0.313895
0.236200	-0.651935
0.236300	1.762640
0.236400	1.762640
0.236500	1.762640
0.236600	-0.169020
0.236700	-1.134850
0.236800	-3.549430
0.236900	-1.134850
0.237000	1.762640
0.237100	-0.169020
0.237200	-0.169020
0.237300	6.591790
0.237400	5.625960
0.237500	-1.134850
0.237600	0.796810
0.237700	7.074700
0.237800	3.694300
0.237900	0.796810
0.238000	-1.617770
0.238100	3.694300
0.238200	7.557620
0.238300	2.728470
0.238400	-3.066510
0.238500	-1.134850
0.238600	6.108870
0.238700	4.660130
0.238800	0.796810
0.238900	0.796810
0.239000	-1.134850
0.239100	-0.651935
0.239200	3.694300
0.239300	6.591790
0.239400	5.143040
0.239500	1.762640
0.239600	1.762640
0.239700	5.625960
0.239800	4.660130
0.239900	0.313895
0.240000	3.694300
0.240100	2.728470
0.240200	-2.100680
0.240300	-1.134850
0.240400	3.694300
0.240500	2.728470
0.240600	1.762640
0.240700	-2.100680
0.240800	0.796810
0.240900	6.591790
0.241000	3.211380
0.241100	3.694300
0.241200	-0.651935
0.241300	0.796810
0.241400	2.728470
0.241500	2.728470
0.241600	0.796810
0.241700	3.694300
0.241800	8.523450
0.241900	2.245550
0.242000	-1.617770
0.242100	-0.169020
0.242200	-1.134850
0.242300	0.313895
0.242400	0.796810
0.242500	1.279720
0.242600	-1.134850
0.242700	-0.169020
0.242800	0.313895
0.242900	-0.651935
0.243000	3.211380
0.243100	4.660130
0.243200	3.694300
0.243300	3.694300
0.243400	3.211380
0.243500	2.728470
0.243600	4.177210
0.243700	8.040530
0.243800	5.625960
0.243900	3.694300
0.244000	-0.169020
0.244100	1.762640
0.244200	0.796810
0.244300	2.728470
0.244400	2.728470
0.244500	0.313895
0.244600	-4.998170
0.244700	-1.134850
0.244800	4.177210
0.244900	5.625960
0.245000	2.728470
0.245100	4.660130
0.245200	6.591790
0.245300	4.660130
0.245400	5.625960
0.245500	3.694300
0.245600	2.728470
0.245700	2.728470
0.245800	1.762640
0.245900	0.796810
0.246000	2.728470
0.246100	2.245550
0.246200	-0.651935
0.246300	0.796810
0.246400	3.694300
0.246500	2.728470
0.246600	2.728470
0.246700	3.694300
0.246800	3.694300
0.246900	0.796810
0.247000	2.245550
0.247100	1.762640
0.247200	1.762640
0.247300	3.211380
0.247400	-0.169020
0.247500	-2.100680
0.247600	-0.169020
0.247700	-0.169020
0.247800	1.762640
0.247900	4.660130
0.248000	1.762640
0.248100	-4.998170
0.248200	-2.100680
0.248300	-3.549430
0.248400	-0.169020
0.248500	-1.134850
0.248600	-4.032340
0.248700	-1.134850
0.248800	8.040530
0.248900	6.591790
0.249000	1.762640
0.249100	4.177210
0.249200	3.694300
0.249300	2.728470
0.249400	-0.169020
0.249500	2.728470
0.249600	9.489280
0.249700	6.591790
0.249800	0.796810
0.249900	1.279720
0.250000	3.694300
0.250100	1.762640
0.250200	0.796810
0.250300	-3.066510
0.250400	-1.134850
0.250500	0.313895
0.250600	-0.169020
0.250700	-2.100680
0.250800	-3.066510
0.250900	0.313895
0.251000	1.762640
0.251100	-1.134850
0.251200	-3.066510
0.251300	2.728470
0.251400	5.625960
0.251500	3.694300
0.251600	2.245550
0.251700	-1.617770
0.251800	0.796810
0.251900	1.762640
0.252000	-0.651935
0.252100	-3.066510
0.252200	3.694300
0.252300	8.040530
0.252400	1.762640
0.252500	0.796810
0.252600	1.762640
0.252700	1.762640
0.252800	-0.169020
0.252900	-1.134850
0.253000	-1.134850
0.253100	4.177210
0.253200	6.591790
0.253300	3.694300
0.253400	-1.134850
0.253500	-1.134850
0.253600	4.177210
0.253700	-0.169020
0.253800	-3.066510
0.253900	0.313895
0.254000	2.728470
0.254100	5.625960
0.254200	2.728470
0.254300	2.728470
0.254400	2.245550
0.254500	2.245550
0.254600	3.694300
0.254700	3.211380
0.254800	3.211380
0.254900	0.796810
0.255000	0.796810
0.255100	1.762640
0.255200	1.762640
0.255300	-0.169020
0.255400	0.796810
0.255500	0.796810
0.255600	-0.169020
0.255700	0.796810
0.255800	1.762640
0.255900	3.694300
0.256000	3.694300
0.256100	3.694300
0.256200	2.728470
0.256300	4.660130
0.256400	1.762640
0.256500	-4.032340
0.256600	-2.100680
0.256700	2.728470
0.256800	4.660130
0.256900	2.728470
0.257000	-2.583600
0.257100	1.762640
0.257200	3.694300
0.257300	2.728470
0.257400	0.796810
0.257500	3.694300
0.257600	6.591790
0.257700	3.694300
0.257800	-0.169020
0.257900	-1.617770
0.258000	2.728470
0.258100	5.625960
0.258200	3.694300
0.258300	-0.169020
0.258400	-1.134850
0.258500	1.762640
0.258600	4.660130
0.258700	4.660130
0.258800	1.762640
0.258900	2.728470
0.259000	3.694300
0.259100	5.625960
0.259200	0.796810
0.259300	0.796810
0.259400	7.557620
0.259500	7.557620
0.259600	2.728470
0.259700	-0.169020
0.259800	4.660130
0.259900	7.074700
0.260000	1.762640
0.260100	1.762640
0.260200	2.728470
0.260300	2.728470
0.260400	3.694300
0.260500	5.625960
0.260600	4.660130
0.260700	6.591790
0.260800	3.211380
0.260900	1.762640
0.261000	3.694300
0.261100	8.523450
0.261200	7.557620
0.261300	4.177210
0.261400	1.762640
0.261500	4.660130
0.261600	5.625960
0.261700	1.762640
0.261800	-1.134850
0.261900	0.796810
0.262000	6.591790
0.262100	3.211380
0.262200	1.762640
0.262300	3.694300
0.262400	4.660130
0.262500	2.728470
0.262600	-5.964000
0.262700	-5.964000
0.262800	2.245550
0.262900	1.762640
0.263000	-3.066510
0.263100	-0.651935
0.263200	-0.169020
0.263300	1.762640
0.263400	-0.169020
0.263500	-2.100680
0.263600	-2.100680
0.263700	-4.032340
0.263800	-2.100680
0.263900	1.762640
0.264000	4.660130
0.264100	5.143040
0.264200	2.728470
0.264300	1.762640
0.264400	2.728470
0.264500	2.245550
0.264600	1.279720
0.264700	1.762640
0.264800	3.694300
0.264900	4.177210
0.265000	1.279720
0.265100	0.796810
0.265200	0.796810
0.265300	2.728470
0.265400	1.762640
0.265500	-1.134850
0.265600	-1.134850
0.265700	2.728470
0.265800	1.762640
0.265900	-0.169020
0.266000	-1.134850
0.266100	-1.134850
0.266200	4.660130
0.266300	3.694300
0.266400	1.762640
0.266500	-4.032340
0.266600	-2.100680
0.266700	1.762640
0.266800	0.796810
0.266900	-3.066510
0.267000	-1.134850
0.267100	-4.032340
0.267200	-4.032340
0.267300	-1.134850
0.267400	-1.134850
0.267500	-0.169020
0.267600	0.796810
0.267700	1.762640
0.267800	0.796810
0.267900	2.728470
0.268000	4.660130
0.268100	1.762640
0.268200	-0.651935
0.268300	-1.617770
0.268400	-2.100680
0.268500	-4.998170
0.268600	-5.964000
0.268700	-2.100680
0.268800	0.313895
0.268900	1.762640
0.269000	0.313895
0.269100	-0.169020
0.269200	-0.169020
0.269300	0.796810
0.269400	1.762640
0.269500	1.762640
0.269600	1.762640
0.269700	4.660130
0.269800	1.762640
0.269900	-0.169020
0.270000	-1.617770
0.270100	-0.169020
0.270200	1.279720
0.270300	-1.617770
0.270400	-1.617770
0.270500	-4.032340
0.270600	1.762640
0.270700	3.694300
0.270800	0.796810
0.270900	-1.134850
0.271000	-1.617770
0.271100	0.796810
0.271200	1.762640
0.271300	-0.169020
0.271400	-0.651935
0.271500	1.279720
0.271600	1.762640
0.271700	-0.169020
0.271800	0.313895
0.271900	0.796810
0.272000	1.762640
0.272100	-0.169020
0.272200	-1.134850
0.272300	2.728470
0.272400	7.557620
0.272500	5.625960
0.272600	-3.066510
0.272700	-4.515260
0.272800	0.796810
0.272900	1.762640
0.273000	-0.169020
0.273100	2.728470
0.273200	4.660130
0.273300	1.279720
0.273400	-4.032340
0.273500	-0.169020
0.273600	3.694300
0.273700	5.143040
0.273800	1.762640
0.273900	-1.617770
0.274000	0.796810
0.274100	1.762640
0.274200	1.762640
0.274300	-2.100680
0.274400	-4.032340
0.274500	-1.134850
0.274600	-0.169020
0.274700	0.796810
0.274800	0.796810
0.274900	3.694300
0.275000	4.660130
0.275100	2.245550
0.275200	2.728470
0.275300	1.762640
0.275400	-2.100680
0.275500	-3.066510
0.275600	0.796810
0.275700	2.728470
0.275800	2.728470
0.275900	4.177210
0.276000	0.796810
0.276100	-1.134850
0.276200	0.313895
0.276300	3.694300
0.276400	4.660130
0.276500	0.796810
0.276600	0.796810
0.276700	-0.169020
0.276800	0.796810
0.276900	1.762640
0.277000	5.625960
0.277100	2.728470
0.277200	-2.583600
0.277300	-4.515260
0.277400	-1.617770
0.277500	4.660130
0.277600	2.245550
0.277700	0.796810
0.277800	-3.066510
0.277900	-0.169020
0.278000	1.762640
0.278100	-1.617770
0.278200	-0.169020
0.278300	4.660130
0.278400	4.660130
0.278500	0.313895
0.278600	-4.998170
0.278700	-1.134850
0.278800	0.796810
0.278900	-2.100680
0.279000	-4.032340
0.279100	-4.998170
0.279200	-2.100680
0.279300	2.245550
0.279400	1.762640
0.279500	-1.617770
0.279600	1.762640
0.279700	6.591790
0.279800	4.660130
0.279900	-1.134850
0.280000	-2.100680
0.280100	1.762640
0.280200	3.694300
0.280300	-2.100680
0.280400	-6.929830
0.280500	-3.549430
0.280600	0.313895
0.280700	0.796810
0.280800	-0.169020
0.280900	0.313895
0.281000	3.694300
0.281100	-0.169020
0.281200	0.796810
0.281300	1.762640
0.281400	0.796810
0.281500	2.728470
0.281600	2.728470
0.281700	-1.134850
0.281800	0.796810
0.281900	2.245550
0.282000	-3.066510
0.282100	-4.998170
0.282200	0.796810
0.282300	0.796810
0.282400	-4.032340
0.282500	-4.998170
0.282600	0.313895
0.282700	1.762640
0.282800	1.762640
0.282900	1.762640
0.283000	2.728470
0.283100	3.694300
0.283200	-2.100680
0.283300	-4.998170
0.283400	-0.169020
0.283500	2.728470
0.283600	1.762640
0.283700	-1.134850
0.283800	0.796810
0.283900	6.108870
0.284000	2.728470
0.284100	1.762640
0.284200	1.762640
0.284300	1.762640
0.284400	3.211380
0.284500	1.762640
0.284600	-1.134850
0.284700	0.796810
0.284800	1.762640
0.284900	3.211380
0.285000	2.728470
0.285100	2.728470
0.285200	0.796810
0.285300	5.625960
0.285400	3.211380
0.285500	-1.134850
0.285600	-2.100680
0.285700	3.694300
0.285800	3.211380
0.285900	-0.169020
0.286000	1.762640
0.286100	0.796810
0.286200	0.796810
0.286300	2.728470
0.286400	3.211380
0.286500	3.694300
0.286600	0.313895
0.286700	0.313895
0.286800	-3.066510
0.286900	1.762640
0.287000	6.591790
0.287100	5.625960
0.287200	2.728470
0.287300	0.796810
0.287400	1.762640
0.287500	2.728470
0.287600	-0.169020
0.287700	0.313895
0.287800	1.762640
0.287900	1.762640
0.288000	-0.169020
0.288100	-0.169020
0.288200	-2.100680
0.288300	1.762640
0.288400	2.728470
0.288500	-1.134850
0.288600	1.762640
0.288700	3.694300
0.288800	1.762640
0.288900	0.796810
0.289000	-3.066510
0.289100	0.313895
0.289200	3.694300
0.289300	4.660130
0.289400	1.762640
0.289500	-5.964000
0.289600	-4.032340
0.289700	0.313895
0.289800	-0.169020
0.289900	-3.066510
0.290000	-2.100680
0.290100	-1.134850
0.290200	0.313895
0.290300	-0.169020
0.290400	4.177210
0.290500	4.177210
0.290600	2.245550
0.290700	1.762640
0.290800	2.728470
0.290900	-0.169020
0.291000	1.762640
0.291100	4.177210
0.291200	-0.169020
0.291300	-1.134850
0.291400	-3.066510
0.291500	-2.100680
0.291600	-0.169020
0.291700	-0.651935
0.291800	0.796810
0.291900	0.796810
0.292000	-5.964000
0.292100	-5.964000
0.292200	1.762640
0.292300	5.143040
0.292400	1.762640
0.292500	-4.032340
0.292600	-1.134850
0.292700	-0.169020
0.292800	0.796810
0.292900	0.313895
0.293000	0.313895
0.293100	-0.651935
0.293200	-1.134850
0.293300	1.762640
0.293400	1.762640
0.293500	-1.617770
0.293600	2.245550
0.293700	1.762640
0.293800	0.313895
0.293900	0.313895
0.294000	2.728470
0.294100	3.694300
0.294200	2.728470
0.294300	0.796810
0.294400	0.796810
0.294500	-2.100680
0.294600	-4.032340
0.294700	-2.100680
0.294800	1.279720
0.294900	2.728470
0.295000	2.245550
0.295100	-1.134850
0.295200	2.728470
0.295300	5.625960
0.295400	0.796810
0.295500	-2.100680
0.295600	2.728470
0.295700	5.625960
0.295800	1.762640
0.295900	0.313895
0.296000	-0.169020
0.296100	0.796810
0.296200	-1.134850
0.296300	-4.032340
0.296400	-4.032340
0.296500	0.313895
0.296600	-0.169020
0.296700	-4.998170
0.296800	-0.169020
0.296900	2.728470
0.297000	2.728470
0.297100	2.728470
0.297200	-0.169020
0.297300	0.796810
0.297400	1.762640
0.297500	1.762640
0.297600	-2.100680
0.297700	-2.100680
0.297800	1.762640
0.297900	2.728470
0.298000	0.313895
0.298100	-2.100680
0.298200	-0.169020
0.298300	2.245550
0.298400	-0.651935
0.298500	-1.134850
0.298600	-0.169020
0.298700	1.762640
0.298800	-1.617770
0.298900	0.796810
0.299000	8.523450
0.299100	7.557620
0.299200	1.762640
0.299300	1.762640
0.299400	2.728470
0.299500	2.245550
0.299600	2.728470
0.299700	-2.100680
0.299800	-2.100680
0.299900	-0.169020
