-0.050000	15.637500
-0.049900	12.650700
-0.049800	14.641900
-0.049700	15.637500
-0.049600	25.593500
-0.049500	21.611099
-0.049400	15.637500
-0.049300	15.637500
-0.049200	14.641900
-0.049100	15.139700
-0.049000	18.126499
-0.048900	15.637500
-0.048800	15.637500
-0.048700	17.628700
-0.048600	15.637500
-0.048500	15.637500
-0.048400	11.655100
-0.048300	12.650700
-0.048200	15.637500
-0.048100	15.637500
-0.048000	13.646300
-0.047900	14.641900
-0.047800	19.122101
-0.047700	15.637500
-0.047600	15.637500
-0.047500	9.166140
-0.047400	4.685950
-0.047300	7.174940
-0.047200	15.637500
-0.047100	15.637500
-0.047000	15.637500
-0.046900	15.637500
-0.046800	19.122101
-0.046700	11.655100
-0.046600	6.677140
-0.046500	15.637500
-0.046400	17.628700
-0.046300	15.637500
-0.046200	14.641900
-0.046100	11.655100
-0.046000	11.655100
-0.045900	15.637500
-0.045800	15.637500
-0.045700	15.637500
-0.045600	9.663940
-0.045500	12.650700
-0.045400	13.646300
-0.045300	15.637500
-0.045200	13.646300
-0.045100	12.650700
-0.045000	15.637500
-0.044900	17.628700
-0.044800	12.152900
-0.044700	13.646300
-0.044600	13.148500
-0.044500	11.655100
-0.044400	15.637500
-0.044300	11.655100
-0.044200	11.655100
-0.044100	12.650700
-0.044000	11.655100
-0.043900	13.646300
-0.043800	11.655100
-0.043700	3.690350
-0.043600	3.690350
-0.043500	12.650700
-0.043400	11.655100
-0.043300	15.637500
-0.043200	11.655100
-0.043100	9.663940
-0.043000	11.655100
-0.042900	7.672740
-0.042800	1.699150
-0.042700	4.685950
-0.042600	5.681550
-0.042500	10.659500
-0.042400	15.637500
-0.042300	18.624300
-0.042200	11.655100
-0.042100	13.646300
-0.042000	12.650700
-0.041900	3.690350
-0.041800	3.690350
-0.041700	9.663940
-0.041600	10.659500
-0.041500	13.646300
-0.041400	14.641900
-0.041300	12.152900
-0.041200	9.663940
-0.041100	6.179340
-0.041000	4.685950
-0.040900	4.685950
-0.040800	4.685950
-0.040700	11.655100
-0.040600	9.663940
-0.040500	9.663940
-0.040400	13.646300
-0.040300	7.672740
-0.040200	6.677140
-0.040100	2.694750
-0.040000	1.699150
-0.039900	5.681550
-0.039800	11.655100
-0.039700	7.672740
-0.039600	3.690350
-0.039500	5.681550
-0.039400	12.650700
-0.039300	8.668340
-0.039200	2.694750
-0.039100	5.183750
-0.039000	3.690350
-0.038900	7.672740
-0.038800	9.663940
-0.038700	5.681550
-0.038600	7.672740
-0.038500	11.655100
-0.038400	10.659500
-0.038300	5.183750
-0.038200	-0.292042
-0.038100	-2.781040
-0.038000	5.681550
-0.037900	3.690350
-0.037800	7.174940
-0.037700	3.690350
-0.037600	7.672740
-0.037500	3.690350
-0.037400	1.699150
-0.037300	-2.781040
-0.037200	-5.270030
-0.037100	-4.274430
-0.037000	-1.287640
-0.036900	1.699150
-0.036800	7.672740
-0.036700	11.655100
-0.036600	8.668340
-0.036500	3.690350
-0.036400	-0.292042
-0.036300	-6.265630
-0.036200	-5.270030
-0.036100	-5.767830
-0.036000	-1.287640
-0.035900	3.192550
-0.035800	4.685950
-0.035700	5.681550
-0.035600	3.690350
-0.035500	3.690350
-0.035400	-0.292042
-0.035300	-2.283240
-0.035200	0.703556
-0.035100	-0.292042
-0.035000	3.192550
-0.034900	3.690350
-0.034800	7.672740
-0.034700	1.699150
-0.034600	3.690350
-0.034500	-0.292042
-0.034400	-2.283240
-0.034300	3.690350
-0.034200	5.681550
-0.034100	5.681550
-0.034000	7.672740
-0.033900	9.663940
-0.033800	11.655100
-0.033700	7.672740
-0.033600	-0.789841
-0.033500	-1.287640
-0.033400	3.690350
-0.033300	6.677140
-0.033200	7.174940
-0.033100	6.179340
-0.033000	11.655100
-0.032900	8.668340
-0.032800	6.677140
-0.032700	8.668340
-0.032600	3.690350
-0.032500	3.690350
-0.032400	9.166140
-0.032300	9.663940
-0.032200	11.655100
-0.032100	13.646300
-0.032000	13.646300
-0.031900	13.148500
-0.031800	11.655100
-0.031700	12.650700
-0.031600	10.659500
-0.031500	7.672740
-0.031400	5.681550
-0.031300	5.681550
-0.031200	14.641900
-0.031100	17.628700
-0.031000	15.637500
-0.030900	11.655100
-0.030800	10.659500
-0.030700	7.672740
-0.030600	7.672740
-0.030500	11.655100
-0.030400	11.655100
-0.030300	13.646300
-0.030200	15.139700
-0.030100	18.624300
-0.030000	17.628700
-0.029900	7.672740
-0.029800	6.677140
-0.029700	7.672740
-0.029600	9.663940
-0.029500	11.655100
-0.029400	15.637500
-0.029300	13.646300
-0.029200	13.646300
-0.029100	11.655100
-0.029000	15.139700
-0.028900	13.646300
-0.028800	11.655100
-0.028700	9.663940
-0.028600	11.655100
-0.028500	15.637500
-0.028400	15.637500
-0.028300	9.166140
-0.028200	7.672740
-0.028100	5.681550
-0.028000	-0.292042
-0.027900	3.690350
-0.027800	14.641900
-0.027700	9.663940
-0.027600	7.672740
-0.027500	11.655100
-0.027400	12.650700
-0.027300	10.659500
-0.027200	3.690350
-0.027100	-4.274430
-0.027000	-2.283240
-0.026900	-0.292042
-0.026800	-0.292042
-0.026700	2.694750
-0.026600	2.694750
-0.026500	6.677140
-0.026400	10.659500
-0.026300	7.672740
-0.026200	1.699150
-0.026100	-6.265630
-0.026000	-8.256830
-0.025900	-0.292042
-0.025800	3.690350
-0.025700	-0.292042
-0.025600	4.685950
-0.025500	7.672740
-0.025400	5.681550
-0.025300	-2.283240
-0.025200	-7.261230
-0.025100	1.699150
-0.025000	5.681550
-0.024900	5.681550
-0.024800	1.699150
-0.024700	-1.287640
-0.024600	5.681550
-0.024500	4.685950
-0.024400	1.699150
-0.024300	-0.292042
-0.024200	-4.274430
-0.024100	3.690350
-0.024000	-0.292042
-0.023900	4.685950
-0.023800	3.690350
-0.023700	4.685950
-0.023600	3.690350
-0.023500	1.699150
-0.023400	-0.292042
-0.023300	-0.292042
-0.023200	-0.789841
-0.023100	1.699150
-0.023000	5.183750
-0.022900	7.672740
-0.022800	3.690350
-0.022700	-2.283240
-0.022600	-0.292042
-0.022500	-4.274430
-0.022400	-6.763430
-0.022300	-1.287640
-0.022200	2.694750
-0.022100	-1.785440
-0.022000	-32.151199
-0.021900	-89.895897
-0.021800	-130.218002
-0.021700	-153.613998
-0.021600	-152.619003
-0.021500	-131.710999
-0.021400	-84.917900
-0.021300	-30.160000
-0.021200	4.685950
-0.021100	3.690350
-0.021000	-21.697399
-0.020900	-51.067501
-0.020800	-65.005898
-0.020700	-50.071899
-0.020600	-27.173201
-0.020500	-14.230400
-0.020400	-5.270030
-0.020300	-22.195200
-0.020200	-42.107201
-0.020100	-43.600601
-0.020000	-28.168800
-0.019900	-10.745800
-0.019800	-2.283240
-0.019700	-10.248000
-0.019600	-16.221600
-0.019500	-24.186399
-0.019400	-28.168800
-0.019300	-21.199600
-0.019200	-16.221600
-0.019100	-17.715000
-0.019000	-21.199600
-0.018900	-19.208401
-0.018800	-14.230400
-0.018700	-17.217199
-0.018600	-17.217199
-0.018500	-16.221600
-0.018400	-25.181999
-0.018300	-19.208401
-0.018200	-4.274430
-0.018100	-4.274430
-0.018000	-6.265630
-0.017900	-8.256830
-0.017800	1.699150
-0.017700	5.681550
-0.017600	7.672740
-0.017500	1.699150
-0.017400	3.690350
-0.017300	20.615499
-0.017200	22.606701
-0.017100	12.650700
-0.017000	15.637500
-0.016900	3.690350
-0.016800	-5.270030
-0.016700	-1.287640
-0.016600	3.690350
-0.016500	2.694750
-0.016400	9.663940
-0.016300	11.655100
-0.016200	3.690350
-0.016100	6.677140
-0.016000	3.690350
-0.015900	-14.230400
-0.015800	-24.186399
-0.015700	-17.217199
-0.015600	-1.287640
-0.015500	11.655100
-0.015400	15.637500
-0.015300	17.628700
-0.015200	9.663940
-0.015100	5.681550
-0.015000	5.681550
-0.014900	5.183750
-0.014800	9.663940
-0.014700	19.619900
-0.014600	20.615499
-0.014500	18.624300
-0.014400	13.646300
-0.014300	10.659500
-0.014200	22.606701
-0.014100	29.575899
-0.014000	27.584700
-0.013900	26.589100
-0.013800	19.619900
-0.013700	10.659500
-0.013600	10.659500
-0.013500	13.646300
-0.013400	23.602301
-0.013300	18.624300
-0.013200	7.672740
-0.013100	1.699150
-0.013000	3.690350
-0.012900	2.694750
-0.012800	2.694750
-0.012700	9.663940
-0.012600	14.641900
-0.012500	15.637500
-0.012400	11.157300
-0.012300	13.148500
-0.012200	10.659500
-0.012100	7.672740
-0.012000	1.699150
-0.011900	3.690350
-0.011800	7.672740
-0.011700	2.694750
-0.011600	3.690350
-0.011500	-1.287640
-0.011400	-4.274430
-0.011300	-10.248000
-0.011200	-11.243600
-0.011100	-6.265630
-0.011000	-4.274430
-0.010900	-0.292042
-0.010800	0.703556
-0.010700	-4.274430
-0.010600	1.699150
-0.010500	3.690350
-0.010400	2.694750
-0.010300	0.703556
-0.010200	-2.283240
-0.010100	-4.274430
-0.010000	-10.248000
-0.009900	-7.261230
-0.009800	-6.763430
-0.009700	-10.248000
-0.009600	-10.248000
-0.009500	-8.256830
-0.009400	-11.243600
-0.009300	-10.248000
-0.009200	-4.274430
-0.009100	3.690350
-0.009000	0.703556
-0.008900	-2.283240
-0.008800	-4.274430
-0.008700	-2.283240
-0.008600	-2.283240
-0.008500	1.699150
-0.008400	-2.283240
-0.008300	2.694750
-0.008200	1.699150
-0.008100	-0.292042
-0.008000	3.690350
-0.007900	2.694750
-0.007800	7.672740
-0.007700	5.681550
-0.007600	5.681550
-0.007500	7.672740
-0.007400	7.672740
-0.007300	9.663940
-0.007200	7.672740
-0.007100	5.681550
-0.007000	10.161700
-0.006900	7.672740
-0.006800	7.672740
-0.006700	12.650700
-0.006600	15.637500
-0.006500	13.148500
-0.006400	15.637500
-0.006300	11.655100
-0.006200	9.166140
-0.006100	6.677140
-0.006000	10.659500
-0.005900	11.655100
-0.005800	11.157300
-0.005700	13.646300
-0.005600	13.646300
-0.005500	13.646300
-0.005400	12.650700
-0.005300	9.663940
-0.005200	9.663940
-0.005100	11.655100
-0.005000	13.646300
-0.004900	13.148500
-0.004800	11.655100
-0.004700	17.628700
-0.004600	11.655100
-0.004500	4.685950
-0.004400	9.663940
-0.004300	15.637500
-0.004200	14.641900
-0.004100	13.646300
-0.004000	6.677140
-0.003900	3.690350
-0.003800	7.672740
-0.003700	15.637500
-0.003600	19.619900
-0.003500	11.157300
-0.003400	9.663940
-0.003300	9.663940
-0.003200	7.672740
-0.003100	3.690350
-0.003000	9.663940
-0.002900	10.659500
-0.002800	7.672740
-0.002700	4.685950
-0.002600	12.650700
-0.002500	3.690350
-0.002400	3.690350
-0.002300	5.681550
-0.002200	3.690350
-0.002100	3.690350
-0.002000	4.685950
-0.001900	6.179340
-0.001800	6.677140
-0.001700	5.183750
-0.001600	11.655100
-0.001500	11.655100
-0.001400	5.681550
-0.001300	3.690350
-0.001200	5.681550
-0.001100	4.685950
-0.001000	6.677140
-0.000900	2.694750
-0.000800	5.681550
-0.000700	4.685950
-0.000600	11.655100
-0.000500	11.655100
-0.000400	5.681550
-0.000300	5.681550
-0.000200	5.183750
-0.000100	1.699150
0.000000	-0.292042
0.000100	-0.292042
0.000200	1.201350
0.000300	7.672740
0.000400	9.663940
0.000500	10.659500
0.000600	3.690350
0.000700	-6.265630
0.000800	13.148500
0.000900	11.655100
0.001000	-0.292042
0.001100	7.174940
0.001200	-4.274430
0.001300	-5.270030
0.001400	11.157300
0.001500	7.672740
0.001600	-2.283240
0.001700	-0.292042
0.001800	9.663940
0.001900	11.655100
0.002000	8.668340
0.002100	-2.781040
0.002200	7.672740
0.002300	5.681550
0.002400	7.672740
0.002500	9.166140
0.002600	-4.274430
0.002700	2.694750
0.002800	11.655100
0.002900	5.681550
0.003000	-5.270030
0.003100	-9.252420
0.003200	5.681550
0.003300	19.619900
0.003400	15.139700
0.003500	3.690350
0.003600	-0.292042
0.003700	7.174940
0.003800	1.699150
0.003900	-3.278840
0.004000	3.690350
0.004100	15.637500
0.004200	13.646300
0.004300	3.690350
0.004400	-0.292042
0.004500	3.690350
0.004600	1.201350
0.004700	1.699150
0.004800	2.196950
0.004900	1.699150
0.005000	4.685950
0.005100	1.699150
0.005200	-2.283240
0.005300	-1.287640
0.005400	4.685950
0.005500	5.681550
0.005600	7.672740
0.005700	-0.292042
0.005800	0.703556
0.005900	1.699150
0.006000	1.201350
0.006100	-0.292042
0.006200	3.690350
0.006300	2.694750
0.006400	-1.287640
0.006500	-4.274430
0.006600	-4.274430
0.006700	-1.785440
0.006800	-2.283240
0.006900	-2.283240
0.007000	0.703556
0.007100	2.694750
0.007200	-0.292042
0.007300	1.699150
0.007400	-0.292042
0.007500	-4.274430
0.007600	7.672740
0.007700	6.677140
0.007800	-2.283240
0.007900	-3.278840
0.008000	-6.265630
0.008100	-3.278840
0.008200	2.694750
0.008300	-4.274430
0.008400	-0.292042
0.008500	-0.292042
0.008600	-2.283240
0.008700	-0.292042
0.008800	-0.292042
0.008900	5.681550
0.009000	3.690350
0.009100	1.699150
0.009200	2.694750
0.009300	-0.292042
0.009400	-2.283240
0.009500	10.659500
0.009600	11.655100
0.009700	6.677140
0.009800	9.663940
0.009900	11.655100
0.010000	18.624300
0.010100	12.650700
0.010200	4.188150
0.010300	10.659500
0.010400	11.655100
0.010500	21.611099
0.010600	14.641900
0.010700	13.646300
0.010800	9.663940
0.010900	3.690350
0.011000	10.659500
0.011100	11.655100
0.011200	12.650700
0.011300	9.663940
0.011400	9.663940
0.011500	15.637500
0.011600	8.668340
0.011700	3.690350
0.011800	15.637500
0.011900	12.650700
0.012000	15.637500
0.012100	18.624300
0.012200	12.650700
0.012300	11.655100
0.012400	15.637500
0.012500	10.659500
0.012600	3.690350
0.012700	-3.278840
0.012800	14.641900
0.012900	13.646300
0.013000	2.694750
0.013100	7.672740
0.013200	26.589100
0.013300	33.558300
0.013400	42.518700
0.013500	38.536301
0.013600	40.527500
0.013700	54.465801
0.013800	54.465801
0.013900	29.575899
0.014000	25.593500
0.014100	27.584700
0.014200	32.562698
0.014300	35.549500
0.014400	23.602301
0.014500	22.108900
0.014600	46.501099
0.014700	56.457001
0.014800	60.439400
0.014900	55.461399
0.015000	42.518700
0.015100	23.602301
0.015200	2.196950
0.015300	-12.239200
0.015400	-6.763430
0.015500	12.650700
0.015600	34.553902
0.015700	39.531898
0.015800	31.567101
0.015900	22.606701
0.016000	19.619900
0.016100	19.619900
0.016200	30.571501
0.016300	32.562698
0.016400	26.589100
0.016500	22.108900
0.016600	11.655100
0.016700	-5.270030
0.016800	-17.217199
0.016900	-17.217199
0.017000	-16.221600
0.017100	7.672740
0.017200	35.549500
0.017300	43.514301
0.017400	27.584700
0.017500	21.611099
0.017600	17.628700
0.017700	7.672740
0.017800	5.681550
0.017900	13.646300
0.018000	22.606701
0.018100	22.606701
0.018200	15.637500
0.018300	11.655100
0.018400	10.659500
0.018500	8.668340
0.018600	9.663940
0.018700	5.183750
0.018800	-4.274430
0.018900	-6.265630
0.019000	-4.274430
0.019100	-18.212799
0.019200	-18.212799
0.019300	-13.234800
0.019400	-17.217199
0.019500	-23.190800
0.019600	-10.248000
0.019700	-4.274430
0.019800	-0.292042
0.019900	3.192550
0.020000	11.655100
0.020100	19.619900
0.020200	21.611099
0.020300	21.611099
0.020400	29.575899
0.020500	35.549500
0.020600	31.567101
0.020700	3.690350
0.020800	-24.186399
0.020900	-148.636002
0.021000	-178.503998
0.021100	45.505501
0.021200	110.219002
0.021300	1.699150
0.021400	-36.133598
0.021500	-5.270030
0.021600	115.196999
0.021700	196.835999
0.021800	109.223999
0.021900	21.611099
0.022000	34.553902
0.022100	79.355797
0.022200	106.237000
0.022300	134.113998
0.022400	159.003998
0.022500	168.960007
0.022600	162.488007
0.022700	136.104996
0.022800	120.175003
0.022900	91.303001
0.023000	79.355797
0.023100	78.360199
0.023200	62.430599
0.023300	41.523102
0.023400	41.523102
0.023500	45.505501
0.023600	43.514301
0.023700	43.514301
0.023800	73.382202
0.023900	109.223999
0.024000	125.153000
0.024100	111.214996
0.024200	82.342598
0.024300	63.426201
0.024400	51.479099
0.024500	30.571501
0.024600	27.584700
0.024700	71.390999
0.024800	97.276604
0.024900	83.338203
0.025000	71.390999
0.025100	68.902000
0.025200	61.435001
0.025300	51.479099
0.025400	47.496700
0.025500	58.448200
0.025600	66.413002
0.025700	65.417397
0.025800	55.461399
0.025900	66.413002
0.026000	72.884399
0.026100	71.390999
0.026200	76.369003
0.026300	85.329399
0.026400	93.294197
0.026500	97.276604
0.026600	91.303001
0.026700	88.814003
0.026800	95.285400
0.026900	113.206001
0.027000	123.162003
0.027100	119.180000
0.027200	98.769997
0.027300	92.298599
0.027400	101.757004
0.027500	114.699997
0.027600	109.223999
0.027700	98.272202
0.027800	87.320602
0.027900	77.364601
0.028000	46.501099
0.028100	31.567101
0.028200	34.553902
0.028300	15.637500
0.028400	-89.895897
0.028500	-253.173996
0.028600	-244.214005
0.028700	-136.688995
0.028800	-59.032299
0.028900	-28.168800
0.029000	-19.208401
0.029100	-24.684200
0.029200	-35.138000
0.029300	-46.089600
0.029400	-36.133598
0.029500	-32.151199
0.029600	-16.221600
0.029700	-10.248000
0.029800	-6.265630
0.029900	-11.243600
0.030000	-18.212799
0.030100	-27.173201
0.030200	-24.186399
0.030300	-12.239200
0.030400	1.699150
0.030500	3.690350
0.030600	-2.283240
0.030700	-4.274430
0.030800	-8.256830
0.030900	-12.239200
0.031000	-4.274430
0.031100	-9.252420
0.031200	-4.274430
0.031300	-1.287640
0.031400	-5.767830
0.031500	-12.239200
0.031600	-17.217199
0.031700	-11.243600
0.031800	-13.234800
0.031900	-10.745800
0.032000	-8.256830
0.032100	-11.243600
0.032200	-14.230400
0.032300	-20.204000
0.032400	-16.221600
0.032500	-17.217199
0.032600	-7.261230
0.032700	-1.287640
0.032800	-6.265630
0.032900	-14.230400
0.033000	-10.248000
0.033100	-16.221600
0.033200	-16.221600
0.033300	-11.243600
0.033400	-4.274430
0.033500	1.201350
0.033600	3.192550
0.033700	-1.287640
0.033800	-0.292042
0.033900	-0.292042
0.034000	-8.256830
0.034100	-11.243600
0.034200	-9.750220
0.034300	-17.217199
0.034400	-18.212799
0.034500	-16.221600
0.034600	-12.239200
0.034700	-11.243600
0.034800	-12.239200
0.034900	-17.217199
0.035000	-16.221600
0.035100	-13.234800
0.035200	-19.208401
0.035300	-20.204000
0.035400	-6.265630
0.035500	-5.270030
0.035600	-12.239200
0.035700	-10.248000
0.035800	-10.248000
0.035900	-8.256830
0.036000	-9.750220
0.036100	-6.763430
0.036200	2.694750
0.036300	-8.754630
0.036400	-13.732600
0.036500	-12.239200
0.036600	-4.274430
0.036700	-0.292042
0.036800	0.703556
0.036900	-4.274430
0.037000	-8.256830
0.037100	-18.212799
0.037200	-21.199600
0.037300	-22.195200
0.037400	-14.230400
0.037500	-5.270030
0.037600	-4.274430
0.037700	-10.248000
0.037800	-10.248000
0.037900	-8.256830
0.038000	-4.772230
0.038100	-8.256830
0.038200	-4.274430
0.038300	-10.248000
0.038400	-16.221600
0.038500	-21.199600
0.038600	-20.204000
0.038700	-16.719400
0.038800	-10.248000
0.038900	-12.239200
0.039000	-16.221600
0.039100	-16.719400
0.039200	-14.230400
0.039300	-16.221600
0.039400	-14.230400
0.039500	-12.239200
0.039600	-9.252420
0.039700	-4.274430
0.039800	2.196950
0.039900	3.690350
0.040000	-6.265630
0.040100	-10.745800
0.040200	-14.230400
0.040300	-10.248000
0.040400	-5.767830
0.040500	-1.287640
0.040600	-4.274430
0.040700	0.703556
0.040800	4.685950
0.040900	7.672740
0.041000	4.685950
0.041100	2.694750
0.041200	10.659500
0.041300	2.694750
0.041400	-1.287640
0.041500	-2.283240
0.041600	-0.292042
0.041700	3.192550
0.041800	5.681550
0.041900	9.663940
0.042000	11.655100
0.042100	11.655100
0.042200	17.628700
0.042300	11.655100
0.042400	7.672740
0.042500	11.655100
0.042600	11.655100
0.042700	3.690350
0.042800	3.690350
0.042900	1.699150
0.043000	0.703556
0.043100	7.672740
0.043200	11.157300
0.043300	1.699150
0.043400	3.192550
0.043500	5.183750
0.043600	9.663940
0.043700	6.677140
0.043800	-6.265630
0.043900	-6.763430
0.044000	-6.265630
0.044100	-2.283240
0.044200	-1.785440
0.044300	-1.287640
0.044400	1.699150
0.044500	-0.789841
0.044600	-0.292042
0.044700	-1.287640
0.044800	-4.274430
0.044900	-4.274430
0.045000	3.690350
0.045100	5.681550
0.045200	5.681550
0.045300	4.685950
0.045400	-1.287640
0.045500	-2.283240
0.045600	3.690350
0.045700	3.690350
0.045800	3.690350
0.045900	4.685950
0.046000	-1.287640
0.046100	-6.763430
0.046200	-11.243600
0.046300	-10.248000
0.046400	-4.274430
0.046500	1.699150
0.046600	3.690350
0.046700	-0.292042
0.046800	-4.274430
0.046900	-5.270030
0.047000	-4.274430
0.047100	1.699150
0.047200	-3.278840
0.047300	-2.283240
0.047400	-0.292042
0.047500	-8.256830
0.047600	-8.256830
0.047700	-2.781040
0.047800	-4.274430
0.047900	-1.287640
0.048000	-2.283240
0.048100	-4.274430
0.048200	2.694750
0.048300	10.161700
0.048400	23.602301
0.048500	96.280998
0.048600	147.056000
0.048700	19.619900
0.048800	-60.027901
0.048900	-25.181999
0.049000	-10.248000
0.049100	-34.142399
0.049200	-26.177601
0.049300	-13.234800
0.049400	-10.248000
0.049500	-8.256830
0.049600	-20.204000
0.049700	-28.168800
0.049800	-20.204000
0.049900	-14.230400
0.050000	-11.243600
0.050100	-8.256830
0.050200	-4.772230
0.050300	-5.270030
0.050400	-8.256830
0.050500	-11.243600
0.050600	-13.732600
0.050700	-10.248000
0.050800	-6.265630
0.050900	-4.274430
0.051000	-2.283240
0.051100	-5.270030
0.051200	-8.256830
0.051300	-6.265630
0.051400	-8.256830
0.051500	-6.265630
0.051600	-1.287640
0.051700	-0.292042
0.051800	2.694750
0.051900	3.690350
0.052000	0.703556
0.052100	-5.270030
0.052200	-7.261230
0.052300	-5.767830
0.052400	-0.292042
0.052500	-4.274430
0.052600	-4.274430
0.052700	-2.781040
0.052800	-2.283240
0.052900	-2.781040
0.053000	-1.287640
0.053100	-1.287640
0.053200	-1.287640
0.053300	-3.278840
0.053400	-4.274430
0.053500	-8.256830
0.053600	-0.292042
0.053700	4.685950
0.053800	6.677140
0.053900	2.196950
0.054000	4.685950
0.054100	-0.292042
0.054200	1.699150
0.054300	-0.292042
0.054400	-0.292042
0.054500	2.694750
0.054600	9.663940
0.054700	13.646300
0.054800	52.474701
0.054900	109.223999
0.055000	18.624300
0.055100	-51.565300
0.055200	-5.270030
0.055300	5.681550
0.055400	-2.283240
0.055500	1.699150
0.055600	7.672740
0.055700	5.681550
0.055800	-0.292042
0.055900	-2.283240
0.056000	0.703556
0.056100	3.690350
0.056200	4.685950
0.056300	7.672740
0.056400	3.690350
0.056500	2.694750
0.056600	9.663940
0.056700	9.663940
0.056800	10.659500
0.056900	7.672740
0.057000	7.672740
0.057100	1.699150
0.057200	1.699150
0.057300	-0.292042
0.057400	2.694750
0.057500	2.694750
0.057600	-2.283240
0.057700	-2.283240
0.057800	3.690350
0.057900	5.681550
0.058000	-2.283240
0.058100	-0.292042
0.058200	3.690350
0.058300	2.694750
0.058400	-0.292042
0.058500	-4.274430
0.058600	-5.270030
0.058700	3.690350
0.058800	2.694750
0.058900	2.694750
0.059000	3.690350
0.059100	1.699150
0.059200	1.699150
0.059300	-0.292042
0.059400	3.690350
0.059500	4.685950
0.059600	3.690350
0.059700	3.690350
0.059800	2.196950
0.059900	-1.287640
0.060000	-3.278840
0.060100	-2.283240
0.060200	-6.265630
0.060300	-10.248000
0.060400	-2.283240
0.060500	-0.292042
0.060600	-2.283240
0.060700	-3.278840
0.060800	-9.750220
0.060900	-5.270030
0.061000	-4.274430
0.061100	-4.274430
0.061200	-7.261230
0.061300	-14.230400
0.061400	-4.274430
0.061500	-4.274430
0.061600	-8.754630
0.061700	-9.252420
0.061800	-8.256830
0.061900	-9.252420
0.062000	-8.256830
0.062100	1.699150
0.062200	-1.287640
0.062300	-8.256830
0.062400	-10.248000
0.062500	-0.292042
0.062600	2.694750
0.062700	1.699150
0.062800	-3.278840
0.062900	-4.274430
0.063000	-8.256830
0.063100	-6.265630
0.063200	-6.763430
0.063300	-6.265630
0.063400	-8.256830
0.063500	-4.274430
0.063600	-2.283240
0.063700	-2.283240
0.063800	-12.239200
0.063900	-12.239200
0.064000	-3.278840
0.064100	3.690350
0.064200	3.690350
0.064300	0.703556
0.064400	-5.270030
0.064500	-6.265630
0.064600	-6.265630
0.064700	-1.287640
0.064800	5.681550
0.064900	9.663940
0.065000	3.690350
0.065100	-1.287640
0.065200	-0.292042
0.065300	2.694750
0.065400	2.694750
0.065500	-1.785440
0.065600	1.699150
0.065700	9.663940
0.065800	3.690350
0.065900	2.694750
0.066000	-0.292042
0.066100	-4.274430
0.066200	1.699150
0.066300	5.183750
0.066400	1.699150
0.066500	0.703556
0.066600	4.685950
0.066700	3.690350
0.066800	0.703556
0.066900	-2.283240
0.067000	-1.287640
0.067100	-2.283240
0.067200	2.196950
0.067300	3.690350
0.067400	2.694750
0.067500	3.192550
0.067600	1.699150
0.067700	4.685950
0.067800	1.699150
0.067900	-4.772230
0.068000	-6.763430
0.068100	-2.781040
0.068200	-2.283240
0.068300	3.690350
0.068400	10.659500
0.068500	8.668340
0.068600	1.699150
0.068700	3.690350
0.068800	-0.789841
0.068900	2.694750
0.069000	3.690350
0.069100	2.694750
0.069200	5.681550
0.069300	8.668340
0.069400	6.677140
0.069500	2.694750
0.069600	1.201350
0.069700	3.690350
0.069800	3.690350
0.069900	5.681550
0.070000	7.174940
0.070100	3.690350
0.070200	4.685950
0.070300	-2.283240
0.070400	-1.287640
0.070500	2.694750
0.070600	2.694750
0.070700	2.694750
0.070800	3.690350
0.070900	3.690350
0.071000	3.690350
0.071100	2.196950
0.071200	5.681550
0.071300	2.694750
0.071400	3.690350
0.071500	3.690350
0.071600	3.690350
0.071700	3.690350
0.071800	5.681550
0.071900	6.677140
0.072000	9.663940
0.072100	5.681550
0.072200	7.672740
0.072300	3.690350
0.072400	2.694750
0.072500	2.694750
0.072600	3.690350
0.072700	-0.292042
0.072800	3.690350
0.072900	9.663940
0.073000	8.170540
0.073100	9.166140
0.073200	7.672740
0.073300	-5.270030
0.073400	-11.243600
0.073500	-0.292042
0.073600	3.690350
0.073700	3.690350
0.073800	2.694750
0.073900	4.685950
0.074000	7.672740
0.074100	5.681550
0.074200	3.690350
0.074300	3.690350
0.074400	7.672740
0.074500	10.659500
0.074600	10.161700
0.074700	3.690350
0.074800	5.681550
0.074900	3.690350
0.075000	-1.287640
0.075100	-0.789841
0.075200	7.672740
0.075300	11.655100
0.075400	9.663940
0.075500	5.183750
0.075600	5.681550
0.075700	11.655100
0.075800	10.659500
0.075900	7.672740
0.076000	3.690350
0.076100	-0.292042
0.076200	11.655100
0.076300	6.677140
0.076400	3.690350
0.076500	4.685950
0.076600	2.694750
0.076700	7.672740
0.076800	1.699150
0.076900	1.699150
0.077000	6.677140
0.077100	7.672740
0.077200	11.157300
0.077300	9.663940
0.077400	11.655100
0.077500	9.663940
0.077600	9.663940
0.077700	7.672740
0.077800	3.690350
0.077900	2.694750
0.078000	4.685950
0.078100	5.681550
0.078200	9.663940
0.078300	13.646300
0.078400	10.659500
0.078500	11.655100
0.078600	6.677140
0.078700	7.672740
0.078800	9.663940
0.078900	7.672740
0.079000	7.672740
0.079100	10.659500
0.079200	11.157300
0.079300	14.641900
0.079400	11.655100
0.079500	11.655100
0.079600	5.681550
0.079700	14.641900
0.079800	11.655100
0.079900	10.659500
0.080000	7.672740
0.080100	11.655100
0.080200	18.624300
0.080300	13.646300
0.080400	9.166140
0.080500	6.677140
0.080600	10.659500
0.080700	10.659500
0.080800	7.672740
0.080900	11.655100
0.081000	13.646300
0.081100	11.655100
0.081200	11.655100
0.081300	10.659500
0.081400	11.655100
0.081500	11.655100
0.081600	7.672740
0.081700	11.655100
0.081800	14.641900
0.081900	18.624300
0.082000	15.637500
0.082100	12.650700
0.082200	15.139700
0.082300	15.637500
0.082400	11.655100
0.082500	10.659500
0.082600	15.637500
0.082700	15.637500
0.082800	14.641900
0.082900	18.624300
0.083000	15.637500
0.083100	19.619900
0.083200	15.637500
0.083300	14.641900
0.083400	13.646300
0.083500	15.139700
0.083600	15.637500
0.083700	15.637500
0.083800	12.650700
0.083900	15.637500
0.084000	18.624300
0.084100	14.641900
0.084200	13.646300
0.084300	15.637500
0.084400	18.624300
0.084500	15.637500
0.084600	15.637500
0.084700	15.637500
0.084800	15.637500
0.084900	11.655100
0.085000	15.139700
0.085100	15.637500
0.085200	11.655100
0.085300	9.663940
0.085400	11.655100
0.085500	12.650700
0.085600	13.646300
0.085700	13.646300
0.085800	13.646300
0.085900	11.655100
0.086000	13.646300
0.086100	15.637500
0.086200	15.637500
0.086300	15.637500
0.086400	15.637500
0.086500	15.637500
0.086600	18.624300
0.086700	15.139700
0.086800	14.641900
0.086900	18.624300
0.087000	13.646300
0.087100	11.655100
0.087200	13.148500
0.087300	9.663940
0.087400	13.646300
0.087500	13.646300
0.087600	13.646300
0.087700	11.655100
0.087800	11.655100
0.087900	11.655100
0.088000	12.650700
0.088100	11.655100
0.088200	9.166140
0.088300	15.637500
0.088400	13.646300
0.088500	9.663940
0.088600	9.663940
0.088700	8.668340
0.088800	3.192550
0.088900	7.672740
0.089000	8.668340
0.089100	5.183750
0.089200	3.690350
0.089300	6.677140
0.089400	11.655100
0.089500	11.655100
0.089600	9.663940
0.089700	12.650700
0.089800	12.650700
0.089900	11.655100
0.090000	12.650700
0.090100	15.637500
0.090200	15.139700
0.090300	18.624300
0.090400	15.637500
0.090500	21.113300
0.090600	17.628700
0.090700	13.646300
0.090800	13.646300
0.090900	12.650700
0.091000	11.655100
0.091100	13.646300
0.091200	8.668340
0.091300	1.699150
0.091400	11.157300
0.091500	13.646300
0.091600	11.655100
0.091700	14.641900
0.091800	12.650700
0.091900	19.122101
0.092000	15.637500
0.092100	13.148500
0.092200	7.672740
0.092300	6.677140
0.092400	10.659500
0.092500	13.646300
0.092600	15.637500
0.092700	15.637500
0.092800	15.637500
0.092900	10.659500
0.093000	15.637500
0.093100	11.655100
0.093200	15.637500
0.093300	14.641900
0.093400	15.637500
0.093500	9.663940
0.093600	7.174940
0.093700	10.659500
0.093800	13.646300
0.093900	13.646300
0.094000	15.637500
0.094100	15.637500
0.094200	15.637500
0.094300	14.641900
0.094400	14.641900
0.094500	15.637500
0.094600	18.624300
0.094700	15.637500
0.094800	13.646300
0.094900	15.637500
0.095000	18.126499
0.095100	15.637500
0.095200	18.624300
0.095300	15.637500
0.095400	14.641900
0.095500	14.641900
0.095600	14.641900
0.095700	13.646300
0.095800	11.157300
0.095900	11.655100
0.096000	13.148500
0.096100	7.672740
0.096200	9.663940
0.096300	11.655100
0.096400	11.655100
0.096500	12.650700
0.096600	13.148500
0.096700	18.624300
0.096800	14.641900
0.096900	11.655100
0.097000	14.641900
0.097100	15.637500
0.097200	11.655100
0.097300	11.655100
0.097400	14.641900
0.097500	14.641900
0.097600	19.619900
0.097700	19.619900
0.097800	15.637500
0.097900	21.611099
0.098000	23.602301
0.098100	21.611099
0.098200	21.611099
0.098300	15.637500
0.098400	13.646300
0.098500	17.628700
0.098600	21.611099
0.098700	20.615499
0.098800	15.637500
0.098900	17.628700
0.099000	23.104500
0.099100	24.597900
0.099200	25.593500
0.099300	15.637500
0.099400	21.611099
0.099500	19.619900
0.099600	19.619900
0.099700	18.624300
0.099800	15.637500
0.099900	21.611099
0.100000	23.602301
0.100100	19.619900
0.100200	26.091299
0.100300	23.602301
0.100400	18.624300
0.100500	19.619900
0.100600	15.637500
0.100700	11.157300
0.100800	13.646300
0.100900	15.637500
0.101000	19.619900
0.101100	17.628700
0.101200	18.624300
0.101300	10.659500
0.101400	15.637500
0.101500	11.655100
0.101600	11.655100
0.101700	15.637500
0.101800	15.637500
0.101900	15.637500
0.102000	15.637500
0.102100	15.637500
0.102200	11.655100
0.102300	14.641900
0.102400	11.655100
0.102500	13.148500
0.102600	13.646300
0.102700	11.655100
0.102800	9.663940
0.102900	7.672740
0.103000	13.148500
0.103100	7.672740
0.103200	11.655100
0.103300	13.646300
0.103400	11.655100
0.103500	12.650700
0.103600	10.659500
0.103700	11.655100
0.103800	11.655100
0.103900	5.183750
0.104000	2.694750
0.104100	0.703556
0.104200	3.690350
0.104300	4.685950
0.104400	9.663940
0.104500	7.672740
0.104600	6.677140
0.104700	6.677140
0.104800	9.663940
0.104900	9.663940
0.105000	6.677140
0.105100	3.690350
0.105200	3.690350
0.105300	4.685950
0.105400	2.694750
0.105500	2.694750
0.105600	5.681550
0.105700	3.690350
0.105800	2.694750
0.105900	-0.292042
0.106000	-1.287640
0.106100	1.699150
0.106200	2.694750
0.106300	-1.287640
0.106400	2.694750
0.106500	3.690350
0.106600	4.685950
0.106700	-1.287640
0.106800	1.699150
0.106900	-1.287640
0.107000	1.699150
0.107100	2.196950
0.107200	1.699150
0.107300	5.681550
0.107400	4.685950
0.107500	3.690350
0.107600	7.672740
0.107700	3.690350
0.107800	3.690350
0.107900	-3.278840
0.108000	-0.292042
0.108100	-0.292042
0.108200	-0.292042
0.108300	-4.274430
0.108400	-2.283240
0.108500	-1.287640
0.108600	-0.292042
0.108700	1.699150
0.108800	-0.292042
0.108900	-3.278840
0.109000	-0.292042
0.109100	2.196950
0.109200	5.183750
0.109300	2.196950
0.109400	1.699150
0.109500	3.690350
0.109600	2.694750
0.109700	7.672740
0.109800	9.663940
0.109900	7.672740
0.110000	4.685950
0.110100	3.690350
0.110200	1.699150
0.110300	1.699150
0.110400	1.201350
0.110500	-0.292042
0.110600	2.694750
0.110700	3.690350
0.110800	-2.283240
0.110900	-4.274430
0.111000	-5.270030
0.111100	-4.772230
0.111200	-4.274430
0.111300	-2.283240
0.111400	-4.274430
0.111500	-4.772230
0.111600	-3.278840
0.111700	-4.274430
0.111800	-6.265630
0.111900	-3.278840
0.112000	-4.274430
0.112100	-4.274430
0.112200	-5.270030
0.112300	-4.274430
0.112400	-4.274430
0.112500	1.699150
0.112600	-2.283240
0.112700	-2.283240
0.112800	-2.781040
0.112900	-2.283240
0.113000	-5.270030
0.113100	-8.754630
0.113200	-12.737000
0.113300	-12.239200
0.113400	-4.274430
0.113500	2.694750
0.113600	-7.261230
0.113700	-5.270030
0.113800	-4.274430
0.113900	-6.265630
0.114000	-4.274430
0.114100	-6.265630
0.114200	-1.785440
0.114300	3.192550
0.114400	3.690350
0.114500	3.690350
0.114600	3.690350
0.114700	0.703556
0.114800	1.699150
0.114900	-2.283240
0.115000	-2.283240
0.115100	-6.763430
0.115200	-2.283240
0.115300	3.690350
0.115400	-1.287640
0.115500	-2.283240
0.115600	-1.785440
0.115700	-3.278840
0.115800	-6.763430
0.115900	-8.256830
0.116000	-0.292042
0.116100	-0.292042
0.116200	-0.789841
0.116300	-5.270030
0.116400	-0.292042
0.116500	3.690350
0.116600	3.690350
0.116700	2.694750
0.116800	7.672740
0.116900	10.659500
0.117000	6.677140
0.117100	3.690350
0.117200	5.183750
0.117300	10.659500
0.117400	7.672740
0.117500	3.192550
0.117600	3.690350
0.117700	9.663940
0.117800	3.690350
0.117900	-0.292042
0.118000	-0.292042
0.118100	7.174940
0.118200	7.174940
0.118300	6.677140
0.118400	-0.292042
0.118500	3.690350
0.118600	5.681550
0.118700	5.681550
0.118800	7.672740
0.118900	7.672740
0.119000	2.694750
0.119100	-0.292042
0.119200	3.690350
0.119300	5.681550
0.119400	-0.292042
0.119500	-2.283240
0.119600	3.192550
0.119700	7.174940
0.119800	7.672740
0.119900	6.677140
0.120000	5.183750
0.120100	6.677140
0.120200	7.672740
0.120300	8.668340
0.120400	7.174940
0.120500	5.681550
0.120600	4.685950
0.120700	3.690350
0.120800	-2.283240
0.120900	2.694750
0.121000	1.699150
0.121100	-2.283240
0.121200	1.699150
0.121300	9.663940
0.121400	11.157300
0.121500	9.663940
0.121600	7.672740
0.121700	9.166140
0.121800	11.655100
0.121900	9.663940
0.122000	11.655100
0.122100	14.641900
0.122200	15.139700
0.122300	9.663940
0.122400	9.663940
0.122500	15.637500
0.122600	11.655100
0.122700	13.148500
0.122800	8.668340
0.122900	14.641900
0.123000	12.650700
0.123100	7.672740
0.123200	7.672740
0.123300	7.672740
0.123400	9.166140
0.123500	9.663940
0.123600	8.668340
0.123700	11.655100
0.123800	15.637500
0.123900	15.637500
0.124000	11.655100
0.124100	11.655100
0.124200	10.161700
0.124300	10.659500
0.124400	15.637500
0.124500	15.139700
0.124600	15.637500
0.124700	15.637500
0.124800	15.637500
0.124900	13.646300
0.125000	18.624300
0.125100	15.637500
0.125200	9.663940
0.125300	11.157300
0.125400	10.659500
0.125500	11.655100
0.125600	12.650700
0.125700	13.646300
0.125800	9.663940
0.125900	5.681550
0.126000	13.646300
0.126100	15.637500
0.126200	13.148500
0.126300	9.663940
0.126400	11.157300
0.126500	10.659500
0.126600	11.655100
0.126700	15.637500
0.126800	19.619900
0.126900	17.130899
0.127000	18.624300
0.127100	15.637500
0.127200	19.619900
0.127300	19.619900
0.127400	18.624300
0.127500	15.637500
0.127600	13.646300
0.127700	13.148500
0.127800	15.637500
0.127900	13.148500
0.128000	11.655100
0.128100	9.166140
0.128200	10.659500
0.128300	9.166140
0.128400	9.166140
0.128500	11.655100
0.128600	11.655100
0.128700	13.646300
0.128800	9.166140
0.128900	10.659500
0.129000	15.637500
0.129100	12.650700
0.129200	10.659500
0.129300	11.655100
0.129400	13.646300
0.129500	12.650700
0.129600	13.646300
0.129700	11.655100
0.129800	8.668340
0.129900	3.690350
0.130000	10.659500
0.130100	14.641900
0.130200	9.663940
0.130300	11.655100
0.130400	11.655100
0.130500	10.659500
0.130600	10.659500
0.130700	18.624300
0.130800	15.637500
0.130900	15.637500
0.131000	13.148500
0.131100	13.646300
0.131200	9.166140
0.131300	15.637500
0.131400	14.641900
0.131500	14.641900
0.131600	15.139700
0.131700	14.144100
0.131800	17.628700
0.131900	11.655100
0.132000	11.655100
0.132100	15.139700
0.132200	24.597900
0.132300	15.139700
0.132400	3.690350
0.132500	8.668340
0.132600	12.650700
0.132700	3.690350
0.132800	5.681550
0.132900	11.655100
0.133000	11.655100
0.133100	9.663940
0.133200	9.663940
0.133300	9.663940
0.133400	13.148500
0.133500	13.646300
0.133600	9.663940
0.133700	8.668340
0.133800	15.637500
0.133900	15.637500
0.134000	13.646300
0.134100	15.637500
0.134200	15.637500
0.134300	11.655100
0.134400	14.641900
0.134500	11.655100
0.134600	11.655100
0.134700	11.655100
0.134800	10.659500
0.134900	18.624300
0.135000	13.646300
0.135100	18.624300
0.135200	15.637500
0.135300	14.641900
0.135400	12.650700
0.135500	11.655100
0.135600	15.139700
0.135700	11.655100
0.135800	11.655100
0.135900	9.663940
0.136000	12.650700
0.136100	7.672740
0.136200	10.659500
0.136300	11.655100
0.136400	7.672740
0.136500	6.677140
0.136600	11.655100
0.136700	12.650700
0.136800	10.161700
0.136900	15.637500
0.137000	16.633101
0.137100	10.659500
0.137200	7.672740
0.137300	5.681550
0.137400	17.628700
0.137500	15.139700
0.137600	5.681550
0.137700	6.677140
0.137800	7.672740
0.137900	12.650700
0.138000	7.672740
0.138100	10.161700
0.138200	13.646300
0.138300	19.122101
0.138400	13.148500
0.138500	15.637500
0.138600	13.646300
0.138700	11.655100
0.138800	6.677140
0.138900	9.663940
0.139000	10.659500
0.139100	9.663940
0.139200	9.663940
0.139300	1.699150
0.139400	7.672740
0.139500	8.668340
0.139600	9.663940
0.139700	11.655100
0.139800	9.663940
0.139900	7.672740
0.140000	13.148500
0.140100	11.655100
0.140200	15.637500
0.140300	10.659500
0.140400	13.646300
0.140500	11.655100
0.140600	5.681550
0.140700	10.659500
0.140800	15.637500
0.140900	14.641900
0.141000	5.681550
0.141100	7.672740
0.141200	11.655100
0.141300	9.663940
0.141400	15.637500
0.141500	10.659500
0.141600	15.637500
0.141700	15.637500
0.141800	7.672740
0.141900	9.166140
0.142000	11.655100
0.142100	11.157300
0.142200	11.655100
0.142300	14.641900
0.142400	14.641900
0.142500	6.677140
0.142600	11.655100
0.142700	13.646300
0.142800	9.663940
0.142900	9.663940
0.143000	11.655100
0.143100	13.646300
0.143200	12.650700
0.143300	9.663940
0.143400	13.148500
0.143500	14.144100
0.143600	11.655100
0.143700	7.672740
0.143800	10.659500
0.143900	15.637500
0.144000	13.646300
0.144100	6.677140
0.144200	7.672740
0.144300	9.166140
0.144400	7.672740
0.144500	9.166140
0.144600	13.646300
0.144700	6.677140
0.144800	8.668340
0.144900	6.677140
0.145000	9.663940
0.145100	4.685950
0.145200	6.677140
0.145300	5.681550
0.145400	2.694750
0.145500	1.699150
0.145600	5.681550
0.145700	1.699150
0.145800	-0.292042
0.145900	-2.781040
0.146000	1.699150
0.146100	1.699150
0.146200	3.192550
0.146300	3.690350
0.146400	1.699150
0.146500	2.694750
0.146600	1.699150
0.146700	-5.270030
0.146800	-6.265630
0.146900	-4.274430
0.147000	-2.283240
0.147100	3.690350
0.147200	2.694750
0.147300	5.183750
0.147400	-0.292042
0.147500	-4.274430
0.147600	-0.292042
0.147700	-3.278840
0.147800	3.690350
0.147900	7.672740
0.148000	3.690350
0.148100	-2.283240
0.148200	-2.781040
0.148300	-4.274430
0.148400	-0.292042
0.148500	1.699150
0.148600	-0.292042
0.148700	-2.283240
0.148800	-3.278840
0.148900	1.699150
0.149000	2.694750
0.149100	-0.292042
0.149200	-2.283240
0.149300	0.703556
0.149400	-2.283240
0.149500	-3.278840
0.149600	-3.278840
0.149700	-1.287640
0.149800	-2.283240
0.149900	-4.274430
0.150000	-2.283240
0.150100	-3.278840
0.150200	0.703556
0.150300	-1.287640
0.150400	-4.274430
0.150500	1.699150
0.150600	1.699150
0.150700	3.690350
0.150800	-0.292042
0.150900	-0.292042
0.151000	3.690350
0.151100	-0.292042
0.151200	-1.287640
0.151300	2.694750
0.151400	10.659500
0.151500	5.681550
0.151600	4.685950
0.151700	6.677140
0.151800	2.694750
0.151900	5.681550
0.152000	4.685950
0.152100	-0.292042
0.152200	2.694750
0.152300	8.668340
0.152400	7.672740
0.152500	-0.292042
0.152600	-0.789841
0.152700	-1.287640
0.152800	1.201350
0.152900	-0.292042
0.153000	1.699150
0.153100	3.690350
0.153200	5.681550
0.153300	6.677140
0.153400	1.699150
0.153500	4.685950
0.153600	10.659500
0.153700	7.672740
0.153800	6.677140
0.153900	6.677140
0.154000	6.677140
0.154100	15.637500
0.154200	10.659500
0.154300	3.690350
0.154400	3.690350
0.154500	9.663940
0.154600	12.650700
0.154700	7.672740
0.154800	3.690350
0.154900	8.668340
0.155000	11.655100
0.155100	9.663940
0.155200	6.677140
0.155300	5.681550
0.155400	7.672740
0.155500	7.174940
0.155600	7.672740
0.155700	9.663940
0.155800	6.677140
0.155900	9.663940
0.156000	3.690350
0.156100	6.677140
0.156200	6.677140
0.156300	7.174940
0.156400	6.677140
0.156500	11.655100
0.156600	5.681550
0.156700	3.690350
0.156800	6.677140
0.156900	10.659500
0.157000	13.148500
0.157100	11.655100
0.157200	9.663940
0.157300	13.646300
0.157400	12.650700
0.157500	10.161700
0.157600	10.659500
0.157700	12.650700
0.157800	12.650700
0.157900	6.677140
0.158000	5.681550
0.158100	6.677140
0.158200	10.659500
0.158300	7.672740
0.158400	11.655100
0.158500	13.646300
0.158600	14.144100
0.158700	10.659500
0.158800	5.183750
0.158900	5.681550
0.159000	8.668340
0.159100	11.655100
0.159200	11.655100
0.159300	7.672740
0.159400	9.663940
0.159500	7.672740
0.159600	4.685950
0.159700	3.690350
0.159800	10.659500
0.159900	7.672740
0.160000	6.677140
0.160100	14.641900
0.160200	10.659500
0.160300	14.641900
0.160400	7.672740
0.160500	5.681550
0.160600	7.672740
0.160700	10.659500
0.160800	4.685950
0.160900	6.677140
0.161000	7.672740
0.161100	11.157300
0.161200	10.659500
0.161300	11.655100
0.161400	14.641900
0.161500	11.655100
0.161600	9.663940
0.161700	11.655100
0.161800	9.663940
0.161900	7.672740
0.162000	7.672740
0.162100	9.663940
0.162200	9.663940
0.162300	12.650700
0.162400	15.637500
0.162500	15.139700
0.162600	9.663940
0.162700	7.672740
0.162800	11.157300
0.162900	11.655100
0.163000	8.668340
0.163100	11.655100
0.163200	14.641900
0.163300	5.681550
0.163400	7.672740
0.163500	3.690350
0.163600	3.690350
0.163700	10.659500
0.163800	9.663940
0.163900	9.166140
0.164000	3.690350
0.164100	-0.292042
0.164200	4.685950
0.164300	7.672740
0.164400	9.663940
0.164500	7.672740
0.164600	5.681550
0.164700	7.672740
0.164800	10.659500
0.164900	9.166140
0.165000	6.179340
0.165100	6.677140
0.165200	10.659500
0.165300	10.659500
0.165400	10.659500
0.165500	9.663940
0.165600	9.663940
0.165700	14.641900
0.165800	11.655100
0.165900	7.672740
0.166000	1.699150
0.166100	3.690350
0.166200	10.659500
0.166300	9.166140
0.166400	11.655100
0.166500	11.655100
0.166600	10.659500
0.166700	11.157300
0.166800	11.157300
0.166900	7.672740
0.167000	9.663940
0.167100	5.681550
0.167200	4.685950
0.167300	8.668340
0.167400	9.663940
0.167500	9.663940
0.167600	9.663940
0.167700	5.681550
0.167800	7.672740
0.167900	3.690350
0.168000	3.690350
0.168100	9.663940
0.168200	14.641900
0.168300	10.659500
0.168400	7.672740
0.168500	10.659500
0.168600	11.655100
0.168700	10.659500
0.168800	10.161700
0.168900	7.672740
0.169000	7.672740
0.169100	10.659500
0.169200	10.659500
0.169300	14.641900
0.169400	10.659500
0.169500	7.672740
0.169600	2.694750
0.169700	0.703556
0.169800	6.677140
0.169900	5.681550
0.170000	6.677140
0.170100	5.681550
0.170200	3.690350
0.170300	2.694750
0.170400	5.183750
0.170500	7.672740
0.170600	2.694750
0.170700	4.685950
0.170800	4.685950
0.170900	7.672740
0.171000	7.672740
0.171100	11.655100
0.171200	5.681550
0.171300	3.690350
0.171400	3.690350
0.171500	-1.287640
0.171600	1.699150
0.171700	5.681550
0.171800	10.659500
0.171900	8.668340
0.172000	5.681550
0.172100	2.694750
0.172200	0.703556
0.172300	3.192550
0.172400	-0.292042
0.172500	0.703556
0.172600	3.690350
0.172700	1.201350
0.172800	-2.283240
0.172900	1.201350
0.173000	-0.292042
0.173100	0.703556
0.173200	-2.283240
0.173300	2.694750
0.173400	5.681550
0.173500	5.681550
0.173600	2.694750
0.173700	6.677140
0.173800	3.690350
0.173900	3.690350
0.174000	-3.278840
0.174100	-0.789841
0.174200	-0.292042
0.174300	7.174940
0.174400	12.650700
0.174500	8.668340
0.174600	8.668340
0.174700	1.699150
0.174800	-1.287640
0.174900	-0.292042
0.175000	-0.292042
0.175100	-0.292042
0.175200	9.663940
0.175300	11.655100
0.175400	9.663940
0.175500	4.685950
0.175600	3.192550
0.175700	-0.789841
0.175800	3.690350
0.175900	2.694750
0.176000	-0.292042
0.176100	7.672740
0.176200	11.655100
0.176300	6.677140
0.176400	4.685950
0.176500	6.677140
0.176600	3.690350
0.176700	-0.292042
0.176800	2.694750
0.176900	3.690350
0.177000	3.690350
0.177100	3.690350
0.177200	7.672740
0.177300	4.685950
0.177400	7.174940
0.177500	3.690350
0.177600	7.174940
0.177700	9.663940
0.177800	-0.292042
0.177900	6.179340
0.178000	7.174940
0.178100	0.703556
0.178200	7.672740
0.178300	6.677140
0.178400	5.681550
0.178500	-4.274430
0.178600	-3.278840
0.178700	9.166140
0.178800	6.677140
0.178900	2.694750
0.179000	4.685950
0.179100	6.677140
0.179200	1.201350
0.179300	3.192550
0.179400	3.690350
0.179500	5.681550
0.179600	7.672740
0.179700	11.655100
0.179800	6.677140
0.179900	6.677140
0.180000	3.690350
0.180100	-0.292042
0.180200	7.672740
0.180300	6.677140
0.180400	5.681550
0.180500	5.681550
0.180600	3.690350
0.180700	4.685950
0.180800	-0.789841
0.180900	3.690350
0.181000	-0.292042
0.181100	-0.292042
0.181200	1.699150
0.181300	-2.283240
0.181400	7.672740
0.181500	11.655100
0.181600	11.655100
0.181700	7.672740
0.181800	5.183750
0.181900	5.681550
0.182000	-1.287640
0.182100	-0.292042
0.182200	7.672740
0.182300	7.672740
0.182400	3.690350
0.182500	10.659500
0.182600	6.677140
0.182700	6.677140
0.182800	9.663940
0.182900	9.663940
0.183000	12.650700
0.183100	13.646300
0.183200	11.655100
0.183300	13.646300
0.183400	8.668340
0.183500	11.655100
0.183600	13.646300
0.183700	11.655100
0.183800	9.663940
0.183900	9.166140
0.184000	13.646300
0.184100	11.655100
0.184200	13.646300
0.184300	11.655100
0.184400	12.650700
0.184500	15.637500
0.184600	11.655100
0.184700	14.641900
0.184800	17.628700
0.184900	18.624300
0.185000	21.113300
0.185100	23.602301
0.185200	13.646300
0.185300	12.650700
0.185400	15.637500
0.185500	14.641900
0.185600	15.637500
0.185700	21.611099
0.185800	24.597900
0.185900	19.619900
0.186000	15.637500
0.186100	18.624300
0.186200	19.619900
0.186300	19.619900
0.186400	13.646300
0.186500	15.637500
0.186600	18.624300
0.186700	18.624300
0.186800	15.139700
0.186900	11.655100
0.187000	13.646300
0.187100	15.637500
0.187200	19.619900
0.187300	18.624300
0.187400	15.637500
0.187500	17.628700
0.187600	18.624300
0.187700	11.655100
0.187800	11.655100
0.187900	11.655100
0.188000	9.663940
0.188100	7.672740
0.188200	9.663940
0.188300	15.637500
0.188400	13.646300
0.188500	13.646300
0.188600	11.655100
0.188700	15.637500
0.188800	12.650700
0.188900	11.157300
0.189000	10.659500
0.189100	9.663940
0.189200	7.672740
0.189300	6.677140
0.189400	5.681550
0.189500	-0.292042
0.189600	1.699150
0.189700	3.690350
0.189800	2.694750
0.189900	10.659500
0.190000	13.646300
0.190100	11.655100
0.190200	10.659500
0.190300	7.672740
0.190400	9.663940
0.190500	7.672740
0.190600	5.681550
0.190700	3.690350
0.190800	1.699150
0.190900	7.672740
0.191000	7.672740
0.191100	3.690350
0.191200	-0.292042
0.191300	3.690350
0.191400	-2.283240
0.191500	-2.283240
0.191600	0.703556
0.191700	-0.292042
0.191800	1.699150
0.191900	-0.292042
0.192000	2.694750
0.192100	3.690350
0.192200	0.703556
0.192300	-0.292042
0.192400	-1.287640
0.192500	0.703556
0.192600	-1.287640
0.192700	-2.283240
0.192800	-1.287640
0.192900	1.699150
0.193000	-0.292042
0.193100	0.703556
0.193200	6.677140
0.193300	5.183750
0.193400	-0.292042
0.193500	1.699150
0.193600	1.201350
0.193700	-2.283240
0.193800	-4.274430
0.193900	-1.287640
0.194000	-2.283240
0.194100	1.699150
0.194200	0.703556
0.194300	3.690350
0.194400	3.690350
0.194500	0.703556
0.194600	-0.292042
0.194700	6.677140
0.194800	4.685950
0.194900	1.201350
0.195000	1.699150
0.195100	2.694750
0.195200	5.681550
0.195300	2.694750
0.195400	1.699150
0.195500	3.690350
0.195600	-0.292042
0.195700	1.699150
0.195800	-2.781040
0.195900	-1.287640
0.196000	-4.274430
0.196100	-0.292042
0.196200	-1.287640
0.196300	3.690350
0.196400	1.699150
0.196500	1.699150
0.196600	-2.283240
0.196700	0.703556
0.196800	5.183750
0.196900	6.677140
0.197000	1.699150
0.197100	-0.292042
0.197200	-0.292042
0.197300	7.174940
0.197400	5.681550
0.197500	3.690350
0.197600	4.685950
0.197700	3.690350
0.197800	3.690350
0.197900	2.196950
0.198000	-0.292042
0.198100	-0.292042
0.198200	-0.292042
0.198300	0.703556
0.198400	2.694750
0.198500	1.699150
0.198600	1.699150
0.198700	-0.292042
0.198800	-1.287640
0.198900	2.694750
0.199000	3.690350
0.199100	-0.292042
0.199200	4.685950
0.199300	6.677140
0.199400	3.690350
0.199500	5.681550
0.199600	3.690350
0.199700	0.703556
0.199800	2.694750
0.199900	-0.292042
0.200000	2.196950
0.200100	-0.292042
0.200200	-0.292042
0.200300	-0.292042
0.200400	1.699150
0.200500	3.690350
0.200600	1.699150
0.200700	3.690350
0.200800	3.192550
0.200900	-1.287640
0.201000	-1.287640
0.201100	3.690350
0.201200	5.681550
0.201300	3.690350
0.201400	3.690350
0.201500	6.677140
0.201600	4.685950
0.201700	6.677140
0.201800	3.192550
0.201900	1.699150
0.202000	-0.292042
0.202100	1.699150
0.202200	1.699150
0.202300	-0.292042
0.202400	-0.292042
0.202500	3.690350
0.202600	3.690350
0.202700	-1.287640
0.202800	3.690350
0.202900	3.690350
0.203000	3.690350
0.203100	5.183750
0.203200	2.694750
0.203300	5.183750
0.203400	5.681550
0.203500	3.690350
0.203600	0.703556
0.203700	3.690350
0.203800	4.188150
0.203900	6.677140
0.204000	5.681550
0.204100	3.690350
0.204200	5.681550
0.204300	5.681550
0.204400	5.681550
0.204500	7.672740
0.204600	6.677140
0.204700	9.663940
0.204800	9.663940
0.204900	5.681550
0.205000	2.694750
0.205100	1.201350
0.205200	3.690350
0.205300	4.685950
0.205400	5.681550
0.205500	9.663940
0.205600	11.655100
0.205700	5.681550
0.205800	6.677140
0.205900	4.685950
0.206000	5.681550
0.206100	7.672740
0.206200	0.703556
0.206300	3.192550
0.206400	5.681550
0.206500	9.663940
0.206600	9.663940
0.206700	5.681550
0.206800	5.681550
0.206900	7.672740
0.207000	4.685950
0.207100	7.672740
0.207200	7.672740
0.207300	7.672740
0.207400	5.681550
0.207500	9.663940
0.207600	12.650700
0.207700	7.672740
0.207800	8.668340
0.207900	11.655100
0.208000	7.672740
0.208100	3.690350
0.208200	6.677140
0.208300	7.672740
0.208400	10.659500
0.208500	9.663940
0.208600	6.677140
0.208700	9.663940
0.208800	9.663940
0.208900	9.663940
0.209000	7.672740
0.209100	7.672740
0.209200	10.659500
0.209300	9.166140
0.209400	5.681550
0.209500	10.659500
0.209600	14.641900
0.209700	11.655100
0.209800	15.637500
0.209900	13.646300
0.210000	9.663940
0.210100	9.663940
0.210200	13.646300
0.210300	12.650700
0.210400	10.659500
0.210500	7.672740
0.210600	7.672740
0.210700	7.672740
0.210800	10.659500
0.210900	9.663940
0.211000	9.663940
0.211100	11.655100
0.211200	9.663940
0.211300	9.663940
0.211400	11.157300
0.211500	10.659500
0.211600	8.668340
0.211700	10.659500
0.211800	15.637500
0.211900	13.646300
0.212000	12.650700
0.212100	11.655100
0.212200	10.659500
0.212300	9.663940
0.212400	9.663940
0.212500	7.672740
0.212600	13.646300
0.212700	11.655100
0.212800	12.650700
0.212900	13.148500
0.213000	11.655100
0.213100	6.677140
0.213200	12.650700
0.213300	15.637500
0.213400	14.144100
0.213500	10.659500
0.213600	11.655100
0.213700	9.663940
0.213800	10.659500
0.213900	9.663940
0.214000	6.677140
0.214100	9.663940
0.214200	7.672740
0.214300	8.668340
0.214400	11.655100
0.214500	8.668340
0.214600	8.668340
0.214700	10.659500
0.214800	11.655100
0.214900	11.655100
0.215000	10.659500
0.215100	11.655100
0.215200	11.655100
0.215300	7.672740
0.215400	5.681550
0.215500	6.677140
0.215600	9.663940
0.215700	11.157300
0.215800	7.672740
0.215900	8.668340
0.216000	7.672740
0.216100	5.681550
0.216200	5.681550
0.216300	6.677140
0.216400	11.655100
0.216500	10.659500
0.216600	13.646300
0.216700	14.144100
0.216800	9.663940
0.216900	7.672740
0.217000	7.672740
0.217100	11.655100
0.217200	9.663940
0.217300	10.659500
0.217400	11.655100
0.217500	10.659500
0.217600	7.672740
0.217700	7.672740
0.217800	10.659500
0.217900	5.681550
0.218000	4.685950
0.218100	7.672740
0.218200	10.659500
0.218300	11.655100
0.218400	14.641900
0.218500	12.650700
0.218600	6.677140
0.218700	3.690350
0.218800	5.681550
0.218900	8.668340
0.219000	10.659500
0.219100	9.663940
0.219200	10.161700
0.219300	13.646300
0.219400	14.641900
0.219500	14.641900
0.219600	11.655100
0.219700	8.668340
0.219800	7.672740
0.219900	3.690350
0.220000	3.690350
0.220100	9.663940
0.220200	11.655100
0.220300	7.672740
0.220400	9.663940
0.220500	7.672740
0.220600	7.174940
0.220700	10.659500
0.220800	11.655100
0.220900	8.668340
0.221000	2.694750
0.221100	5.183750
0.221200	6.677140
0.221300	11.655100
0.221400	10.659500
0.221500	6.677140
0.221600	2.694750
0.221700	5.681550
0.221800	7.672740
0.221900	7.174940
0.222000	7.672740
0.222100	7.174940
0.222200	9.663940
0.222300	7.672740
0.222400	10.161700
0.222500	6.677140
0.222600	7.672740
0.222700	7.174940
0.222800	6.677140
0.222900	3.690350
0.223000	6.677140
0.223100	3.690350
0.223200	3.690350
0.223300	7.174940
0.223400	10.659500
0.223500	6.677140
0.223600	3.690350
0.223700	10.659500
0.223800	7.672740
0.223900	6.677140
0.224000	3.690350
0.224100	1.699150
0.224200	1.699150
0.224300	3.690350
0.224400	3.690350
0.224500	3.690350
0.224600	3.690350
0.224700	3.690350
0.224800	2.694750
0.224900	5.681550
0.225000	5.681550
0.225100	3.690350
0.225200	6.677140
0.225300	8.668340
0.225400	4.685950
0.225500	3.690350
0.225600	7.672740
0.225700	7.672740
0.225800	11.655100
0.225900	11.655100
0.226000	10.659500
0.226100	7.174940
0.226200	10.659500
0.226300	5.681550
0.226400	7.672740
0.226500	7.672740
0.226600	10.659500
0.226700	7.672740
0.226800	13.646300
0.226900	13.646300
0.227000	13.646300
0.227100	9.663940
0.227200	11.655100
0.227300	13.148500
0.227400	7.672740
0.227500	7.672740
0.227600	11.655100
0.227700	11.655100
0.227800	13.646300
0.227900	11.655100
0.228000	11.655100
0.228100	14.641900
0.228200	11.655100
0.228300	13.646300
0.228400	18.624300
0.228500	15.637500
0.228600	13.646300
0.228700	14.641900
0.228800	15.637500
0.228900	13.646300
0.229000	11.655100
0.229100	11.655100
0.229200	12.650700
0.229300	13.646300
0.229400	14.641900
0.229500	14.641900
0.229600	15.637500
0.229700	15.637500
0.229800	15.637500
0.229900	11.157300
0.230000	13.646300
0.230100	15.637500
0.230200	15.637500
0.230300	12.650700
0.230400	13.148500
0.230500	10.659500
0.230600	11.655100
0.230700	10.659500
0.230800	9.663940
0.230900	6.677140
0.231000	6.677140
0.231100	7.672740
0.231200	8.668340
0.231300	6.677140
0.231400	9.663940
0.231500	13.148500
0.231600	11.655100
0.231700	7.672740
0.231800	6.677140
0.231900	3.690350
0.232000	5.681550
0.232100	3.690350
0.232200	1.699150
0.232300	6.677140
0.232400	5.681550
0.232500	5.681550
0.232600	3.690350
0.232700	3.690350
0.232800	0.703556
0.232900	-1.287640
0.233000	-0.292042
0.233100	-0.292042
0.233200	3.690350
0.233300	1.699150
0.233400	1.699150
0.233500	-0.292042
0.233600	-0.292042
0.233700	3.690350
0.233800	3.690350
0.233900	1.699150
0.234000	-4.274430
0.234100	-0.292042
0.234200	1.699150
0.234300	-4.274430
0.234400	-4.274430
0.234500	-2.283240
0.234600	-0.292042
0.234700	-3.278840
0.234800	-4.274430
0.234900	-5.767830
0.235000	2.694750
0.235100	1.699150
0.235200	-1.287640
0.235300	-4.274430
0.235400	-7.261230
0.235500	-5.270030
0.235600	-2.283240
0.235700	-0.292042
0.235800	-3.278840
0.235900	-4.274430
0.236000	-5.270030
0.236100	-5.270030
0.236200	-4.274430
0.236300	-4.274430
0.236400	-4.274430
0.236500	-4.274430
0.236600	-2.283240
0.236700	-2.283240
0.236800	-2.283240
0.236900	-2.283240
0.237000	-2.283240
0.237100	-4.274430
0.237200	-2.283240
0.237300	-0.292042
0.237400	-4.274430
0.237500	-2.283240
0.237600	-4.772230
0.237700	-3.278840
0.237800	-0.292042
0.237900	2.694750
0.238000	-2.283240
0.238100	-2.283240
0.238200	-9.252420
0.238300	-9.252420
0.238400	-6.265630
0.238500	0.703556
0.238600	1.699150
0.238700	-1.287640
0.238800	-4.274430
0.238900	-4.274430
0.239000	-4.274430
0.239100	-2.781040
0.239200	-0.292042
0.239300	-0.292042
0.239400	3.690350
0.239500	2.694750
0.239600	3.690350
0.239700	6.677140
0.239800	3.690350
0.239900	-1.287640
0.240000	-0.292042
0.240100	3.690350
0.240200	4.685950
0.240300	-0.292042
0.240400	0.703556
0.240500	-0.789841
0.240600	2.196950
0.240700	2.694750
0.240800	1.699150
0.240900	-2.283240
0.241000	-0.292042
0.241100	1.699150
0.241200	4.685950
0.241300	3.690350
0.241400	2.694750
0.241500	-1.785440
0.241600	-1.287640
0.241700	-2.283240
0.241800	-5.270030
0.241900	-2.283240
0.242000	1.201350
0.242100	-0.292042
0.242200	-0.292042
0.242300	3.690350
0.242400	-0.292042
0.242500	3.690350
0.242600	3.690350
0.242700	5.183750
0.242800	3.690350
0.242900	1.201350
0.243000	-4.274430
0.243100	-1.287640
0.243200	3.690350
0.243300	7.672740
0.243400	4.685950
0.243500	4.685950
0.243600	1.699150
0.243700	3.690350
0.243800	5.183750
0.243900	5.183750
0.244000	-1.287640
0.244100	-2.283240
0.244200	-4.274430
0.244300	0.205757
0.244400	5.681550
0.244500	7.672740
0.244600	4.685950
0.244700	3.690350
0.244800	3.690350
0.244900	-0.292042
0.245000	-2.283240
0.245100	2.196950
0.245200	5.681550
0.245300	5.681550
0.245400	2.694750
0.245500	3.690350
0.245600	4.685950
0.245700	5.681550
0.245800	1.699150
0.245900	1.699150
0.246000	-1.287640
0.246100	1.699150
0.246200	7.672740
0.246300	6.677140
0.246400	5.681550
0.246500	5.681550
0.246600	3.690350
0.246700	-0.292042
0.246800	-0.292042
0.246900	1.699150
0.247000	5.681550
0.247100	3.690350
0.247200	3.690350
0.247300	3.690350
0.247400	1.699150
0.247500	3.690350
0.247600	3.690350
0.247700	1.699150
0.247800	3.690350
0.247900	7.672740
0.248000	7.174940
0.248100	1.699150
0.248200	2.196950
0.248300	2.694750
0.248400	0.703556
0.248500	1.699150
0.248600	-1.287640
0.248700	4.685950
0.248800	5.681550
0.248900	3.690350
0.249000	3.690350
0.249100	5.681550
0.249200	1.699150
0.249300	2.694750
0.249400	7.672740
0.249500	9.166140
0.249600	1.699150
0.249700	0.703556
0.249800	11.655100
0.249900	14.641900
0.250000	10.659500
0.250100	7.672740
0.250200	5.681550
0.250300	11.157300
0.250400	6.677140
0.250500	3.690350
0.250600	7.672740
0.250700	11.655100
0.250800	7.672740
0.250900	5.681550
0.251000	11.655100
0.251100	10.659500
0.251200	3.690350
0.251300	3.192550
0.251400	9.663940
0.251500	14.641900
0.251600	15.637500
0.251700	10.659500
0.251800	7.672740
0.251900	5.681550
0.252000	10.161700
0.252100	8.668340
0.252200	7.672740
0.252300	5.681550
0.252400	10.659500
0.252500	11.655100
0.252600	11.655100
0.252700	8.668340
0.252800	9.663940
0.252900	10.659500
0.253000	9.663940
0.253100	6.677140
0.253200	7.672740
0.253300	13.646300
0.253400	13.646300
0.253500	10.161700
0.253600	11.655100
0.253700	12.650700
0.253800	11.655100
0.253900	8.668340
0.254000	9.663940
0.254100	11.655100
0.254200	14.641900
0.254300	11.655100
0.254400	11.655100
0.254500	9.663940
0.254600	10.659500
0.254700	8.668340
0.254800	10.659500
0.254900	11.157300
0.255000	9.663940
0.255100	9.663940
0.255200	11.655100
0.255300	9.166140
0.255400	7.672740
0.255500	11.157300
0.255600	11.655100
0.255700	3.690350
0.255800	5.681550
0.255900	4.685950
0.256000	11.655100
0.256100	11.655100
0.256200	10.659500
0.256300	7.672740
0.256400	10.659500
0.256500	8.668340
0.256600	11.157300
0.256700	9.663940
0.256800	5.681550
0.256900	5.681550
0.257000	9.166140
0.257100	8.668340
0.257200	5.681550
0.257300	5.681550
0.257400	7.672740
0.257500	3.690350
0.257600	5.681550
0.257700	3.690350
0.257800	7.672740
0.257900	7.672740
0.258000	4.685950
0.258100	5.681550
0.258200	5.681550
0.258300	5.681550
0.258400	-4.274430
0.258500	1.699150
0.258600	1.699150
0.258700	5.681550
0.258800	3.690350
0.258900	3.690350
0.259000	3.192550
0.259100	-1.287640
0.259200	-0.292042
0.259300	4.685950
0.259400	5.681550
0.259500	2.694750
0.259600	6.677140
0.259700	7.672740
0.259800	3.690350
0.259900	-0.292042
0.260000	-0.292042
0.260100	2.694750
0.260200	1.201350
0.260300	2.694750
0.260400	3.690350
0.260500	5.681550
0.260600	3.690350
0.260700	6.677140
0.260800	5.681550
0.260900	3.690350
0.261000	3.690350
0.261100	-3.278840
0.261200	-0.292042
0.261300	9.663940
0.261400	5.183750
0.261500	1.699150
0.261600	7.174940
0.261700	5.681550
0.261800	3.690350
0.261900	3.690350
0.262000	4.685950
0.262100	2.694750
0.262200	3.690350
0.262300	8.668340
0.262400	11.655100
0.262500	3.690350
0.262600	3.690350
0.262700	7.672740
0.262800	11.655100
0.262900	-2.283240
0.263000	-4.274430
0.263100	-0.292042
0.263200	9.166140
0.263300	9.663940
0.263400	2.694750
0.263500	4.685950
0.263600	6.677140
0.263700	1.699150
0.263800	-1.287640
0.263900	1.699150
0.264000	5.681550
0.264100	3.690350
0.264200	3.690350
0.264300	3.690350
0.264400	7.672740
0.264500	7.672740
0.264600	5.681550
0.264700	0.703556
0.264800	1.699150
0.264900	3.690350
0.265000	5.681550
0.265100	3.690350
0.265200	5.681550
0.265300	7.672740
0.265400	1.699150
0.265500	0.703556
0.265600	5.183750
0.265700	4.685950
0.265800	-0.292042
0.265900	3.690350
0.266000	5.183750
0.266100	4.685950
0.266200	10.161700
0.266300	10.659500
0.266400	6.677140
0.266500	1.699150
0.266600	2.694750
0.266700	1.699150
0.266800	3.690350
0.266900	6.677140
0.267000	5.681550
0.267100	6.677140
0.267200	7.672740
0.267300	5.183750
0.267400	1.699150
0.267500	0.703556
0.267600	3.690350
0.267700	11.655100
0.267800	11.655100
0.267900	3.690350
0.268000	0.703556
0.268100	7.672740
0.268200	9.663940
0.268300	5.681550
0.268400	5.681550
0.268500	8.668340
0.268600	7.672740
0.268700	7.672740
0.268800	7.672740
0.268900	9.663940
0.269000	5.183750
0.269100	10.659500
0.269200	4.685950
0.269300	1.699150
0.269400	5.183750
0.269500	4.685950
0.269600	6.677140
0.269700	7.672740
0.269800	3.690350
0.269900	5.681550
0.270000	6.677140
0.270100	4.685950
0.270200	8.668340
0.270300	5.681550
0.270400	5.681550
0.270500	7.672740
0.270600	9.663940
0.270700	7.672740
0.270800	9.663940
0.270900	10.659500
0.271000	7.672740
0.271100	10.659500
0.271200	13.646300
0.271300	13.148500
0.271400	11.655100
0.271500	14.144100
0.271600	15.637500
0.271700	17.628700
0.271800	13.646300
0.271900	7.672740
0.272000	11.655100
0.272100	15.637500
0.272200	15.637500
0.272300	15.637500
0.272400	15.637500
0.272500	14.641900
0.272600	11.655100
0.272700	9.663940
0.272800	10.659500
0.272900	14.641900
0.273000	15.637500
0.273100	13.646300
0.273200	11.655100
0.273300	11.655100
0.273400	13.646300
0.273500	10.659500
0.273600	8.668340
0.273700	5.183750
0.273800	4.685950
0.273900	9.663940
0.274000	14.641900
0.274100	9.663940
0.274200	11.157300
0.274300	11.655100
0.274400	9.663940
0.274500	5.681550
0.274600	7.174940
0.274700	3.690350
0.274800	9.663940
0.274900	10.659500
0.275000	8.668340
0.275100	6.677140
0.275200	9.663940
0.275300	3.690350
0.275400	1.699150
0.275500	4.685950
0.275600	7.672740
0.275700	5.681550
0.275800	2.694750
0.275900	-2.283240
0.276000	-2.283240
0.276100	2.694750
0.276200	2.694750
0.276300	-8.256830
0.276400	-0.292042
0.276500	4.685950
0.276600	1.699150
0.276700	-2.283240
0.276800	-0.292042
0.276900	-2.283240
0.277000	-5.270030
0.277100	-10.248000
0.277200	-10.248000
0.277300	-4.772230
0.277400	-1.287640
0.277500	3.690350
0.277600	-1.287640
0.277700	-7.261230
0.277800	-1.287640
0.277900	-5.270030
0.278000	-9.252420
0.278100	-10.248000
0.278200	-4.772230
0.278300	-4.274430
0.278400	-4.274430
0.278500	-10.248000
0.278600	-8.256830
0.278700	-2.283240
0.278800	-4.772230
0.278900	-12.239200
0.279000	-12.239200
0.279100	-14.230400
0.279200	-10.248000
0.279300	-8.256830
0.279400	-6.265630
0.279500	-6.763430
0.279600	-6.763430
0.279700	-12.239200
0.279800	-16.221600
0.279900	-16.221600
0.280000	-12.239200
0.280100	-5.270030
0.280200	-4.274430
0.280300	-10.248000
0.280400	-12.239200
0.280500	-6.265630
0.280600	-8.256830
0.280700	-8.256830
0.280800	-9.252420
0.280900	-8.256830
0.281000	-6.265630
0.281100	-6.763430
0.281200	-9.750220
0.281300	-5.270030
0.281400	-3.278840
0.281500	-6.763430
0.281600	-13.234800
0.281700	-10.745800
0.281800	-6.265630
0.281900	-2.283240
0.282000	-6.265630
0.282100	-2.283240
0.282200	-8.256830
0.282300	-10.248000
0.282400	-10.745800
0.282500	-10.248000
0.282600	-13.234800
0.282700	-13.234800
0.282800	-7.261230
0.282900	-6.265630
0.283000	-8.256830
0.283100	-5.270030
0.283200	-3.278840
0.283300	-6.265630
0.283400	-12.239200
0.283500	-12.239200
0.283600	-8.256830
0.283700	-6.265630
0.283800	-8.256830
0.283900	-6.265630
0.284000	-6.265630
0.284100	-8.256830
0.284200	-8.256830
0.284300	-8.256830
0.284400	-8.256830
0.284500	-2.283240
0.284600	-2.283240
0.284700	-4.274430
0.284800	-7.261230
0.284900	-6.265630
0.285000	-6.265630
0.285100	-4.274430
0.285200	-6.265630
0.285300	-10.248000
0.285400	-10.248000
0.285500	-4.772230
0.285600	-1.287640
0.285700	-2.283240
0.285800	-4.274430
0.285900	-3.278840
0.286000	-4.274430
0.286100	-4.274430
0.286200	-8.256830
0.286300	-6.265630
0.286400	-2.283240
0.286500	-0.292042
0.286600	-0.292042
0.286700	-4.274430
0.286800	-4.274430
0.286900	-1.287640
0.287000	-5.270030
0.287100	-9.252420
0.287200	-6.265630
0.287300	-2.283240
0.287400	-3.278840
0.287500	-2.781040
0.287600	-4.274430
0.287700	-8.256830
0.287800	-2.283240
0.287900	-1.287640
0.288000	-2.283240
0.288100	-2.283240
0.288200	-0.292042
0.288300	-4.274430
0.288400	-5.270030
0.288500	-6.265630
0.288600	-2.283240
0.288700	1.699150
0.288800	-0.292042
0.288900	-6.265630
0.289000	-4.274430
0.289100	-4.274430
0.289200	-4.274430
0.289300	-4.274430
0.289400	-7.261230
0.289500	-8.256830
0.289600	-0.292042
0.289700	6.677140
0.289800	2.694750
0.289900	-8.256830
0.290000	-6.265630
0.290100	-3.278840
0.290200	-2.283240
0.290300	-4.274430
0.290400	-4.274430
0.290500	-1.287640
0.290600	-2.283240
0.290700	-6.265630
0.290800	-6.265630
0.290900	-7.261230
0.291000	-4.274430
0.291100	-4.274430
0.291200	-4.274430
0.291300	-4.274430
0.291400	-6.265630
0.291500	-6.265630
0.291600	-4.274430
0.291700	-6.265630
0.291800	-3.278840
0.291900	-4.274430
0.292000	-2.283240
0.292100	-4.274430
0.292200	-4.274430
0.292300	-4.274430
0.292400	-0.292042
0.292500	-0.789841
0.292600	1.201350
0.292700	-3.278840
0.292800	-4.772230
0.292900	-6.265630
0.293000	-0.789841
0.293100	5.681550
0.293200	3.690350
0.293300	7.672740
0.293400	-4.274430
0.293500	-3.278840
0.293600	3.690350
0.293700	5.681550
0.293800	0.703556
0.293900	-1.287640
0.294000	-0.292042
0.294100	-0.292042
0.294200	2.694750
0.294300	-2.283240
0.294400	2.694750
0.294500	7.672740
0.294600	4.685950
0.294700	1.699150
0.294800	-0.292042
0.294900	5.681550
0.295000	6.677140
0.295100	1.699150
0.295200	2.694750
0.295300	5.681550
0.295400	7.672740
0.295500	5.681550
0.295600	5.681550
0.295700	5.183750
0.295800	5.681550
0.295900	8.668340
0.296000	7.672740
0.296100	4.685950
0.296200	2.694750
0.296300	11.655100
0.296400	10.659500
0.296500	9.663940
0.296600	13.646300
0.296700	10.659500
0.296800	15.637500
0.296900	13.646300
0.297000	10.659500
0.297100	12.650700
0.297200	15.139700
0.297300	11.655100
0.297400	10.161700
0.297500	13.148500
0.297600	15.637500
0.297700	13.646300
0.297800	17.628700
0.297900	15.637500
0.298000	15.637500
0.298100	13.646300
0.298200	15.637500
0.298300	15.637500
0.298400	19.619900
0.298500	21.611099
0.298600	21.611099
0.298700	15.637500
0.298800	14.641900
0.298900	19.122101
0.299000	21.611099
0.299100	22.606701
0.299200	15.637500
0.299300	15.637500
0.299400	15.637500
0.299500	22.108900
0.299600	22.606701
0.299700	21.611099
0.299800	24.597900
0.299900	19.619900
