-0.050000	0.027891
-0.049900	-0.019117
-0.049800	0.004387
-0.049700	0.051395
-0.049600	0.074899
-0.049500	0.192419
-0.049400	0.051395
-0.049300	0.051395
-0.049200	0.004387
-0.049100	0.004387
-0.049000	-0.066125
-0.048900	0.004387
-0.048800	0.027891
-0.048700	0.098403
-0.048600	0.051395
-0.048500	0.098403
-0.048400	-0.019117
-0.048300	-0.042621
-0.048200	0.051395
-0.048100	0.004387
-0.048000	-0.019117
-0.047900	-0.019117
-0.047800	0.027891
-0.047700	-0.019117
-0.047600	0.004387
-0.047500	0.027891
-0.047400	0.145411
-0.047300	0.098403
-0.047200	-0.042621
-0.047100	0.145411
-0.047000	0.121907
-0.046900	-0.019117
-0.046800	0.051395
-0.046700	0.051395
-0.046600	-0.042621
-0.046500	0.074899
-0.046400	0.098403
-0.046300	0.145411
-0.046200	0.121907
-0.046100	0.098403
-0.046000	-0.089629
-0.045900	0.004387
-0.045800	0.098403
-0.045700	0.121907
-0.045600	0.145411
-0.045500	0.051395
-0.045400	0.027891
-0.045300	0.004387
-0.045200	0.074899
-0.045100	0.098403
-0.045000	0.051395
-0.044900	0.004387
-0.044800	0.051395
-0.044700	0.074899
-0.044600	0.121907
-0.044500	0.074899
-0.044400	0.121907
-0.044300	0.121907
-0.044200	0.074899
-0.044100	0.192419
-0.044000	0.239427
-0.043900	0.192419
-0.043800	0.074899
-0.043700	0.074899
-0.043600	0.098403
-0.043500	0.121907
-0.043400	0.027891
-0.043300	0.121907
-0.043200	0.004387
-0.043100	-0.089629
-0.043000	-0.066125
-0.042900	0.051395
-0.042800	0.074899
-0.042700	0.121907
-0.042600	0.074899
-0.042500	0.121907
-0.042400	0.027891
-0.042300	0.004387
-0.042200	0.051395
-0.042100	0.145411
-0.042000	0.145411
-0.041900	0.121907
-0.041800	0.098403
-0.041700	0.027891
-0.041600	0.051395
-0.041500	0.121907
-0.041400	0.074899
-0.041300	0.074899
-0.041200	0.051395
-0.041100	0.004387
-0.041000	0.121907
-0.040900	0.074899
-0.040800	0.051395
-0.040700	0.051395
-0.040600	0.215923
-0.040500	0.098403
-0.040400	0.027891
-0.040300	0.004387
-0.040200	0.051395
-0.040100	-0.042621
-0.040000	-0.042621
-0.039900	-0.042621
-0.039800	0.074899
-0.039700	0.121907
-0.039600	0.027891
-0.039500	0.004387
-0.039400	-0.089629
-0.039300	0.004387
-0.039200	0.098403
-0.039100	0.027891
-0.039000	0.027891
-0.038900	0.004387
-0.038800	0.145411
-0.038700	0.051395
-0.038600	-0.019117
-0.038500	-0.042621
-0.038400	0.215923
-0.038300	0.098403
-0.038200	0.004387
-0.038100	0.098403
-0.038000	0.027891
-0.037900	0.051395
-0.037800	-0.089629
-0.037700	-0.042621
-0.037600	-0.042621
-0.037500	-0.089629
-0.037400	-0.042621
-0.037300	-0.019117
-0.037200	-0.019117
-0.037100	0.239427
-0.037000	-0.019117
-0.036900	0.051395
-0.036800	0.168915
-0.036700	0.121907
-0.036600	0.145411
-0.036500	0.074899
-0.036400	0.051395
-0.036300	-0.066125
-0.036200	0.004387
-0.036100	0.121907
-0.036000	0.004387
-0.035900	0.004387
-0.035800	0.074899
-0.035700	0.145411
-0.035600	0.145411
-0.035500	0.098403
-0.035400	-0.042621
-0.035300	-0.042621
-0.035200	-0.089629
-0.035100	0.004387
-0.035000	-0.066125
-0.034900	-0.019117
-0.034800	0.004387
-0.034700	0.051395
-0.034600	0.074899
-0.034500	0.168915
-0.034400	0.145411
-0.034300	0.051395
-0.034200	0.027891
-0.034100	0.074899
-0.034000	0.121907
-0.033900	0.074899
-0.033800	0.051395
-0.033700	-0.066125
-0.033600	-0.019117
-0.033500	0.074899
-0.033400	-0.066125
-0.033300	-0.089629
-0.033200	0.027891
-0.033100	0.121907
-0.033000	0.004387
-0.032900	-0.113133
-0.032800	0.027891
-0.032700	0.051395
-0.032600	0.051395
-0.032500	-0.066125
-0.032400	0.004387
-0.032300	0.051395
-0.032200	0.074899
-0.032100	0.051395
-0.032000	0.098403
-0.031900	-0.019117
-0.031800	-0.019117
-0.031700	-0.042621
-0.031600	-0.089629
-0.031500	0.027891
-0.031400	0.074899
-0.031300	-0.019117
-0.031200	0.027891
-0.031100	0.074899
-0.031000	0.004387
-0.030900	-0.042621
-0.030800	-0.019117
-0.030700	0.004387
-0.030600	0.074899
-0.030500	-0.019117
-0.030400	-0.066125
-0.030300	0.051395
-0.030200	0.145411
-0.030100	-0.136637
-0.030000	-0.019117
-0.029900	-0.042621
-0.029800	0.051395
-0.029700	-0.042621
-0.029600	0.145411
-0.029500	0.051395
-0.029400	-0.066125
-0.029300	-0.042621
-0.029200	0.192419
-0.029100	0.004387
-0.029000	0.051395
-0.028900	0.004387
-0.028800	-0.136637
-0.028700	0.074899
-0.028600	-0.042621
-0.028500	-0.113133
-0.028400	0.004387
-0.028300	0.051395
-0.028200	0.051395
-0.028100	-0.136637
-0.028000	-0.019117
-0.027900	0.004387
-0.027800	0.004387
-0.027700	-0.066125
-0.027600	-0.089629
-0.027500	0.004387
-0.027400	-0.019117
-0.027300	0.074899
-0.027200	-0.066125
-0.027100	-0.019117
-0.027000	0.004387
-0.026900	0.004387
-0.026800	0.051395
-0.026700	0.051395
-0.026600	-0.042621
-0.026500	-0.089629
-0.026400	-0.042621
-0.026300	-0.042621
-0.026200	-0.089629
-0.026100	-0.066125
-0.026000	-0.066125
-0.025900	-0.113133
-0.025800	-0.113133
-0.025700	0.145411
-0.025600	0.098403
-0.025500	0.074899
-0.025400	-0.113133
-0.025300	-0.183645
-0.025200	-0.042621
-0.025100	0.027891
-0.025000	0.004387
-0.024900	-0.113133
-0.024800	0.004387
-0.024700	-0.136637
-0.024600	-0.160141
-0.024500	-0.160141
-0.024400	-0.042621
-0.024300	0.027891
-0.024200	-0.042621
-0.024100	0.004387
-0.024000	-0.019117
-0.023900	0.051395
-0.023800	0.051395
-0.023700	0.027891
-0.023600	-0.136637
-0.023500	-0.160141
-0.023400	-0.042621
-0.023300	0.051395
-0.023200	0.051395
-0.023100	0.027891
-0.023000	0.027891
-0.022900	-0.019117
-0.022800	-0.042621
-0.022700	0.004387
-0.022600	0.051395
-0.022500	-0.066125
-0.022400	-0.089629
-0.022300	0.004387
-0.022200	0.051395
-0.022100	0.051395
-0.022000	0.145411
-0.021900	0.004387
-0.021800	0.004387
-0.021700	0.027891
-0.021600	-0.113133
-0.021500	-0.160141
-0.021400	-0.042621
-0.021300	-0.019117
-0.021200	-0.042621
-0.021100	-0.019117
-0.021000	-0.042621
-0.020900	-0.089629
-0.020800	-0.089629
-0.020700	-0.066125
-0.020600	-0.066125
-0.020500	-0.042621
-0.020400	-0.136637
-0.020300	-0.042621
-0.020200	0.004387
-0.020100	0.074899
-0.020000	0.027891
-0.019900	-0.136637
-0.019800	-0.136637
-0.019700	-0.089629
-0.019600	0.051395
-0.019500	-0.066125
-0.019400	-0.066125
-0.019300	-0.066125
-0.019200	-0.042621
-0.019100	-0.089629
-0.019000	0.121907
-0.018900	0.051395
-0.018800	-0.066125
-0.018700	0.004387
-0.018600	0.027891
-0.018500	0.051395
-0.018400	0.004387
-0.018300	-0.066125
-0.018200	0.051395
-0.018100	-0.042621
-0.018000	0.027891
-0.017900	-0.113133
-0.017800	-0.042621
-0.017700	-0.042621
-0.017600	0.051395
-0.017500	-0.042621
-0.017400	-0.042621
-0.017300	-0.042621
-0.017200	-0.042621
-0.017100	-0.066125
-0.017000	-0.089629
-0.016900	0.051395
-0.016800	0.027891
-0.016700	-0.113133
-0.016600	-0.019117
-0.016500	0.027891
-0.016400	0.051395
-0.016300	-0.042621
-0.016200	-0.089629
-0.016100	-0.042621
-0.016000	-0.066125
-0.015900	-0.066125
-0.015800	0.051395
-0.015700	-0.089629
-0.015600	0.051395
-0.015500	0.051395
-0.015400	-0.042621
-0.015300	0.051395
-0.015200	-0.019117
-0.015100	-0.136637
-0.015000	-0.042621
-0.014900	0.004387
-0.014800	0.074899
-0.014700	-0.019117
-0.014600	0.098403
-0.014500	0.121907
-0.014400	0.121907
-0.014300	-0.019117
-0.014200	0.051395
-0.014100	0.051395
-0.014000	0.027891
-0.013900	0.074899
-0.013800	0.051395
-0.013700	-0.066125
-0.013600	-0.136637
-0.013500	0.051395
-0.013400	0.027891
-0.013300	-0.066125
-0.013200	-0.042621
-0.013100	0.027891
-0.013000	0.004387
-0.012900	0.051395
-0.012800	0.027891
-0.012700	0.004387
-0.012600	0.027891
-0.012500	0.145411
-0.012400	0.051395
-0.012300	0.004387
-0.012200	-0.113133
-0.012100	0.051395
-0.012000	0.027891
-0.011900	-0.042621
-0.011800	0.027891
-0.011700	0.004387
-0.011600	-0.066125
-0.011500	-0.066125
-0.011400	-0.019117
-0.011300	0.004387
-0.011200	0.004387
-0.011100	-0.019117
-0.011000	0.074899
-0.010900	0.145411
-0.010800	-0.019117
-0.010700	0.027891
-0.010600	-0.066125
-0.010500	-0.019117
-0.010400	-0.042621
-0.010300	-0.019117
-0.010200	0.098403
-0.010100	0.051395
-0.010000	0.145411
-0.009900	0.192419
-0.009800	0.215923
-0.009700	0.027891
-0.009600	-0.066125
-0.009500	0.074899
-0.009400	0.168915
-0.009300	0.145411
-0.009200	0.074899
-0.009100	0.004387
-0.009000	0.051395
-0.008900	0.074899
-0.008800	0.027891
-0.008700	0.004387
-0.008600	0.098403
-0.008500	0.027891
-0.008400	0.074899
-0.008300	-0.042621
-0.008200	0.192419
-0.008100	0.051395
-0.008000	0.027891
-0.007900	0.051395
-0.007800	0.074899
-0.007700	0.004387
-0.007600	0.027891
-0.007500	0.004387
-0.007400	0.098403
-0.007300	0.145411
-0.007200	0.004387
-0.007100	0.004387
-0.007000	0.004387
-0.006900	0.098403
-0.006800	0.074899
-0.006700	0.098403
-0.006600	0.027891
-0.006500	0.145411
-0.006400	0.121907
-0.006300	0.027891
-0.006200	0.027891
-0.006100	0.051395
-0.006000	0.051395
-0.005900	0.074899
-0.005800	0.027891
-0.005700	0.051395
-0.005600	0.051395
-0.005500	0.098403
-0.005400	0.051395
-0.005300	-0.019117
-0.005200	0.027891
-0.005100	0.027891
-0.005000	0.027891
-0.004900	0.098403
-0.004800	0.074899
-0.004700	0.098403
-0.004600	0.192419
-0.004500	0.098403
-0.004400	0.074899
-0.004300	0.051395
-0.004200	0.168915
-0.004100	0.168915
-0.004000	-0.042621
-0.003900	0.098403
-0.003800	0.145411
-0.003700	0.121907
-0.003600	0.004387
-0.003500	0.051395
-0.003400	0.074899
-0.003300	-0.019117
-0.003200	0.004387
-0.003100	0.051395
-0.003000	0.121907
-0.002900	0.004387
-0.002800	0.121907
-0.002700	0.098403
-0.002600	0.098403
-0.002500	0.145411
-0.002400	0.004387
-0.002300	0.121907
-0.002200	0.074899
-0.002100	0.051395
-0.002000	0.074899
-0.001900	0.074899
-0.001800	0.051395
-0.001700	0.051395
-0.001600	0.051395
-0.001500	0.098403
-0.001400	0.168915
-0.001300	0.145411
-0.001200	0.121907
-0.001100	0.098403
-0.001000	0.145411
-0.000900	0.074899
-0.000800	0.262931
-0.000700	0.027891
-0.000600	0.051395
-0.000500	0.074899
-0.000400	-0.066125
-0.000300	-0.066125
-0.000200	0.098403
-0.000100	0.145411
0.000000	0.051395
0.000100	0.027891
0.000200	0.121907
0.000300	0.145411
0.000400	0.098403
0.000500	0.004387
0.000600	0.004387
0.000700	0.145411
0.000800	0.098403
0.000900	0.074899
0.001000	0.074899
0.001100	0.145411
0.001200	0.145411
0.001300	0.004387
0.001400	0.074899
0.001500	0.074899
0.001600	0.074899
0.001700	0.004387
0.001800	0.098403
0.001900	0.121907
0.002000	0.168915
0.002100	0.074899
0.002200	-0.042621
0.002300	0.145411
0.002400	0.145411
0.002500	0.145411
0.002600	0.098403
0.002700	0.027891
0.002800	0.074899
0.002900	0.192419
0.003000	0.121907
0.003100	0.192419
0.003200	0.051395
0.003300	0.074899
0.003400	0.004387
0.003500	0.121907
0.003600	0.121907
0.003700	0.121907
0.003800	-0.019117
0.003900	0.168915
0.004000	0.074899
0.004100	0.098403
0.004200	0.168915
0.004300	0.262931
0.004400	0.145411
0.004500	0.051395
0.004600	0.168915
0.004700	0.192419
0.004800	0.168915
0.004900	0.051395
0.005000	0.074899
0.005100	0.192419
0.005200	0.192419
0.005300	0.121907
0.005400	0.074899
0.005500	0.074899
0.005600	0.168915
0.005700	0.192419
0.005800	0.239427
0.005900	0.098403
0.006000	0.098403
0.006100	0.145411
0.006200	0.145411
0.006300	0.215923
0.006400	0.121907
0.006500	0.098403
0.006600	0.145411
0.006700	0.215923
0.006800	0.168915
0.006900	0.192419
0.007000	0.192419
0.007100	0.239427
0.007200	0.192419
0.007300	0.215923
0.007400	0.286435
0.007500	0.121907
0.007600	0.051395
0.007700	0.098403
0.007800	0.239427
0.007900	0.121907
0.008000	0.145411
0.008100	0.145411
0.008200	0.145411
0.008300	0.098403
0.008400	0.145411
0.008500	0.215923
0.008600	0.215923
0.008700	0.239427
0.008800	0.262931
0.008900	0.262931
0.009000	0.286435
0.009100	0.333443
0.009200	0.239427
0.009300	0.239427
0.009400	0.145411
0.009500	0.239427
0.009600	0.215923
0.009700	0.192419
0.009800	0.239427
0.009900	0.239427
0.010000	0.239427
0.010100	0.192419
0.010200	0.286435
0.010300	0.286435
0.010400	0.192419
0.010500	0.168915
0.010600	0.168915
0.010700	0.168915
0.010800	0.145411
0.010900	0.145411
0.011000	0.145411
0.011100	0.051395
0.011200	0.098403
0.011300	-0.066125
0.011400	0.027891
0.011500	0.098403
0.011600	0.098403
0.011700	-0.066125
0.011800	0.074899
0.011900	0.192419
0.012000	0.192419
0.012100	0.168915
0.012200	0.051395
0.012300	0.239427
0.012400	0.333443
0.012500	0.262931
0.012600	0.121907
0.012700	0.004387
0.012800	0.239427
0.012900	0.145411
0.013000	0.074899
0.013100	0.051395
0.013200	0.004387
0.013300	0.098403
0.013400	0.309939
0.013500	0.333443
0.013600	0.262931
0.013700	0.074899
0.013800	0.192419
0.013900	0.121907
0.014000	0.262931
0.014100	0.309939
0.014200	0.145411
0.014300	0.121907
0.014400	0.286435
0.014500	0.333443
0.014600	0.239427
0.014700	0.121907
0.014800	0.145411
0.014900	0.074899
0.015000	0.098403
0.015100	0.051395
0.015200	0.192419
0.015300	0.004387
0.015400	0.239427
0.015500	0.145411
0.015600	0.121907
0.015700	0.168915
0.015800	0.168915
0.015900	0.121907
0.016000	0.145411
0.016100	0.192419
0.016200	0.262931
0.016300	0.192419
0.016400	0.145411
0.016500	0.145411
0.016600	0.145411
0.016700	0.168915
0.016800	0.192419
0.016900	0.286435
0.017000	0.333443
0.017100	0.333443
0.017200	0.333443
0.017300	0.286435
0.017400	0.380451
0.017500	0.356947
0.017600	0.403955
0.017700	0.333443
0.017800	0.192419
0.017900	0.074899
0.018000	0.004387
0.018100	0.145411
0.018200	0.168915
0.018300	0.074899
0.018400	0.145411
0.018500	0.262931
0.018600	0.309939
0.018700	0.262931
0.018800	0.286435
0.018900	0.333443
0.019000	0.309939
0.019100	0.309939
0.019200	0.309939
0.019300	0.309939
0.019400	0.474467
0.019500	0.638995
0.019600	0.733011
0.019700	0.686003
0.019800	0.568483
0.019900	0.427459
0.020000	0.380451
0.020100	0.333443
0.020200	0.591987
0.020300	0.921043
0.020400	0.827027
0.020500	0.780019
0.020600	0.686003
0.020700	0.944547
0.020800	1.179590
0.020900	1.344120
0.021000	1.273600
0.021100	1.438130
0.021200	1.555650
0.021300	1.391120
0.021400	0.850531
0.021500	0.733011
0.021600	1.344120
0.021700	1.720180
0.021800	1.438130
0.021900	1.438130
0.022000	1.884710
0.022100	1.861200
0.022200	1.320610
0.022300	0.803523
0.022400	0.803523
0.022500	1.485140
0.022600	2.119750
0.022700	1.626160
0.022800	0.215923
0.022900	-1.358840
0.023000	-2.745580
0.023100	-4.014800
0.023200	-5.048970
0.023300	-6.365200
0.023400	-8.104490
0.023500	-9.256190
0.023600	-10.243400
0.023700	-11.418600
0.023800	-13.016800
0.023900	-14.168500
0.024000	-14.873600
0.024100	-15.343700
0.024200	-15.531800
0.024300	-15.226200
0.024400	-14.309500
0.024500	-13.439900
0.024600	-12.452700
0.024700	-11.465600
0.024800	-10.666400
0.024900	-9.773280
0.025000	-8.786110
0.025100	-7.939960
0.025200	-6.929290
0.025300	-6.200670
0.025400	-5.589560
0.025500	-4.672910
0.025600	-3.685740
0.025700	-2.769080
0.025800	-1.781920
0.025900	-0.865261
0.026000	-0.113133
0.026100	0.333443
0.026200	0.756515
0.026300	1.179590
0.026400	1.532150
0.026500	2.002230
0.026600	2.519320
0.026700	2.848370
0.026800	2.754360
0.026900	2.566320
0.027000	2.871880
0.027100	3.318450
0.027200	3.718020
0.027300	4.446640
0.027400	5.386800
0.027500	6.115430
0.027600	6.750040
0.027700	6.773540
0.027800	6.726530
0.027900	6.656020
0.028000	6.585510
0.028100	5.645350
0.028200	4.752200
0.028300	3.859040
0.028400	3.529990
0.028500	3.553490
0.028600	3.741520
0.028700	3.859040
0.028800	4.141090
0.028900	4.235110
0.029000	3.929560
0.029100	3.341960
0.029200	2.542820
0.029300	1.320610
0.029400	-0.183645
0.029500	-1.311840
0.029600	-2.228490
0.029700	-2.675070
0.029800	-3.427200
0.029900	-3.732750
0.030000	-3.544720
0.030100	-2.839600
0.030200	-2.299000
0.030300	-1.922940
0.030400	-1.711400
0.030500	-1.170810
0.030600	-0.301165
0.030700	0.168915
0.030800	-0.089629
0.030900	-0.136637
0.031000	0.027891
0.031100	0.051395
0.031200	-0.254157
0.031300	-0.630221
0.031400	-1.100300
0.031500	-1.640890
0.031600	-2.228490
0.031700	-3.098140
0.031800	-4.367360
0.031900	-5.190000
0.032000	-5.660080
0.032100	-6.999800
0.032200	-8.128000
0.032300	-8.645080
0.032400	-9.209180
0.032500	-9.655760
0.032600	-9.561740
0.032700	-9.138670
0.032800	-8.386540
0.032900	-7.399370
0.033000	-6.459210
0.033100	-5.448540
0.033200	-4.954960
0.033300	-4.484880
0.033400	-4.038300
0.033500	-3.779760
0.033600	-3.850270
0.033700	-3.803260
0.033800	-3.850270
0.033900	-4.132320
0.034000	-4.179320
0.034100	-4.320350
0.034200	-4.437870
0.034300	-4.907950
0.034400	-5.660080
0.034500	-4.837440
0.034600	-3.074640
0.034700	-3.873770
0.034800	-6.482720
0.034900	-6.858780
0.035000	-5.589560
0.035100	-5.354520
0.035200	-6.294680
0.035300	-6.788270
0.035400	-6.999800
0.035500	-7.446380
0.035600	-7.798940
0.035700	-8.128000
0.035800	-8.386540
0.035900	-8.598080
0.036000	-8.974140
0.036100	-9.138670
0.036200	-9.350200
0.036300	-9.608750
0.036400	-9.890800
0.036500	-10.243400
0.036600	-10.760400
0.036700	-11.230500
0.036800	-11.489100
0.036900	-11.489100
0.037000	-11.559600
0.037100	-11.583100
0.037200	-11.606600
0.037300	-11.653600
0.037400	-11.771100
0.037500	-11.982700
0.037600	-12.100200
0.037700	-11.912100
0.037800	-10.760400
0.037900	-11.113000
0.038000	-12.523200
0.038100	-13.204900
0.038200	-13.134300
0.038300	-13.016800
0.038400	-12.476200
0.038500	-12.476200
0.038600	-12.311700
0.038700	-11.606600
0.038800	-11.841600
0.038900	-12.546700
0.039000	-13.134300
0.039100	-13.087300
0.039200	-13.134300
0.039300	-13.980500
0.039400	-14.732600
0.039500	-14.521100
0.039600	-13.674900
0.039700	-12.993300
0.039800	-12.899300
0.039900	-13.157900
0.040000	-13.533900
0.040100	-13.251900
0.040200	-13.016800
0.040300	-13.204900
0.040400	-13.369400
0.040500	-13.369400
0.040600	-13.439900
0.040700	-13.298900
0.040800	-13.251900
0.040900	-13.557400
0.041000	-13.910000
0.041100	-14.239000
0.041200	-14.756100
0.041300	-14.944200
0.041400	-15.085200
0.041500	-15.555300
0.041600	-16.072300
0.041700	-16.377899
0.041800	-16.354401
0.041900	-16.307400
0.042000	-16.612900
0.042100	-17.153500
0.042200	-17.835100
0.042300	-17.952700
0.042400	-17.999701
0.042500	-17.952700
0.042600	-18.328699
0.042700	-18.939800
0.042800	-19.409901
0.042900	-19.574400
0.043000	-19.739000
0.043100	-19.879999
0.043200	-20.044500
0.043300	-20.091499
0.043400	-20.491100
0.043500	-20.890699
0.043600	-21.196199
0.043700	-21.313700
0.043800	-21.196199
0.043900	-20.655600
0.044000	-19.974001
0.044100	-18.939800
0.044200	-17.835100
0.044300	-16.424900
0.044400	-14.497600
0.044500	-11.794600
0.044600	-9.068160
0.044700	-6.482720
0.044800	-4.085310
0.044900	-1.382350
0.045000	1.414630
0.045100	4.141090
0.045200	6.373970
0.045300	8.089760
0.045400	9.547010
0.045500	11.027800
0.045600	12.320500
0.045700	13.425200
0.045800	14.529900
0.045900	15.470000
0.046000	16.762699
0.046100	17.984900
0.046200	19.324699
0.046300	20.452900
0.046400	21.722099
0.046500	22.779800
0.046600	23.884501
0.046700	24.472099
0.046800	24.895100
0.046900	25.177200
0.047000	25.130199
0.047100	25.341700
0.047200	25.788300
0.047300	25.905800
0.047400	25.788300
0.047500	25.835300
0.047600	25.858801
0.047700	25.694300
0.047800	25.482700
0.047900	25.553200
0.048000	25.623699
0.048100	25.106701
0.048200	24.589600
0.048300	24.166500
0.048400	23.649401
0.048500	23.132299
0.048600	22.638700
0.048700	22.356701
0.048800	22.121700
0.048900	21.745600
0.049000	21.393000
0.049100	20.969999
0.049200	20.734900
0.049300	20.546900
0.049400	20.311800
0.049500	20.006300
0.049600	20.194300
0.049700	20.828899
0.049800	21.111000
0.049900	20.969999
0.050000	20.922899
0.050100	21.416500
0.050200	22.286200
0.050300	23.320400
0.050400	24.448500
0.050500	25.764799
0.050600	27.151501
0.050700	28.538200
0.050800	29.807501
0.050900	30.912100
0.051000	31.852301
0.051100	33.027500
0.051200	33.873699
0.051300	34.484798
0.051400	35.236900
0.051500	35.965500
0.051600	36.811699
0.051700	37.704800
0.051800	38.621498
0.051900	39.561600
0.052000	40.337299
0.052100	41.112900
0.052200	41.794498
0.052300	42.640598
0.052400	43.604301
0.052500	44.332901
0.052600	44.967499
0.052700	45.437599
0.052800	45.508099
0.052900	45.860699
0.053000	46.283798
0.053100	46.589298
0.053200	46.918400
0.053300	47.059399
0.053400	47.223900
0.053500	47.082901
0.053600	47.012402
0.053700	46.847900
0.053800	47.176899
0.053900	47.153400
0.054000	46.824402
0.054100	46.800900
0.054200	47.059399
0.054300	47.482498
0.054400	47.623501
0.054500	47.459000
0.054600	47.317902
0.054700	47.153400
0.054800	47.106400
0.054900	47.035900
0.055000	47.129902
0.055100	47.200401
0.055200	47.200401
0.055300	47.270901
0.055400	47.482498
0.055500	47.670502
0.055600	47.834999
0.055700	48.422600
0.055800	48.939701
0.055900	48.728199
0.056000	48.493099
0.056100	48.775200
0.056200	49.292301
0.056300	49.644798
0.056400	49.903400
0.056500	50.232399
0.056600	50.537998
0.056700	50.867001
0.056800	50.937599
0.056900	51.219601
0.057000	51.525200
0.057100	51.995201
0.057200	52.324299
0.057300	52.911900
0.057400	53.076401
0.057500	52.653301
0.057600	53.640499
0.057700	54.322102
0.057800	54.181099
0.057900	54.486698
0.058000	55.779400
0.058100	55.802898
0.058200	55.003700
0.058300	56.061401
0.058400	57.377701
0.058500	57.894699
0.058600	58.270802
0.058700	58.458801
0.058800	58.646900
0.058900	58.834900
0.059000	59.516499
0.059100	60.292099
0.059200	60.433201
0.059300	60.456699
0.059400	61.279301
0.059500	61.749401
0.059600	62.031399
0.059700	61.960899
0.059800	62.172501
0.059900	62.266499
0.060000	62.478001
0.060100	62.454498
0.060200	62.407501
0.060300	62.243000
0.060400	62.219501
0.060500	62.290001
0.060600	62.102001
0.060700	61.796398
0.060800	61.913898
0.060900	61.866901
0.061000	61.772900
0.061100	61.514400
0.061200	61.420300
0.061300	61.373299
0.061400	61.279301
0.061500	61.161800
0.061600	60.785702
0.061700	60.738701
0.061800	60.644699
0.061900	60.456699
0.062000	60.480202
0.062100	60.174599
0.062200	59.939602
0.062300	59.892601
0.062400	59.986599
0.062500	59.916100
0.062600	59.963100
0.062700	59.657501
0.062800	59.540001
0.062900	59.328499
0.063000	59.469501
0.063100	59.375500
0.063200	59.257999
0.063300	59.164001
0.063400	59.257999
0.063500	59.187500
0.063600	58.999401
0.063700	58.905399
0.063800	58.858398
0.063900	58.858398
0.064000	58.717400
0.064100	58.717400
0.064200	58.764400
0.064300	58.552898
0.064400	58.458801
0.064500	58.529301
0.064600	58.388302
0.064700	58.411800
0.064800	58.458801
0.064900	58.576401
0.065000	58.576401
0.065100	58.482300
0.065200	58.458801
0.065300	58.388302
0.065400	58.364799
0.065500	58.435299
0.065600	58.364799
0.065700	58.341301
0.065800	58.364799
0.065900	58.341301
0.066000	58.294300
0.066100	57.965302
0.066200	58.059299
0.066300	58.035801
0.066400	57.988800
0.066500	57.636200
0.066600	57.354099
0.066700	57.072102
0.066800	56.860600
0.066900	56.813599
0.067000	56.531502
0.067100	56.202499
0.067200	55.732399
0.067300	55.473801
0.067400	55.097801
0.067500	54.956699
0.067600	54.674702
0.067700	54.204601
0.067800	53.781502
0.067900	53.358501
0.068000	53.546501
0.068100	53.922600
0.068200	53.405499
0.068300	52.700401
0.068400	52.629799
0.068500	52.723900
0.068600	52.864899
0.068700	53.052898
0.068800	53.217400
0.068900	53.358501
0.069000	53.546501
0.069100	53.828499
0.069200	54.016602
0.069300	54.275101
0.069400	54.439701
0.069500	54.721699
0.069600	55.144798
0.069700	55.027302
0.069800	55.074299
0.069900	55.262299
0.070000	55.426800
0.070100	55.309299
0.070200	55.356300
0.070300	55.332802
0.070400	55.356300
0.070500	55.191799
0.070600	55.191799
0.070700	55.121300
0.070800	55.097801
0.070900	54.956699
0.071000	54.933201
0.071100	54.674702
0.071200	54.439701
0.071300	54.228100
0.071400	54.157600
0.071500	54.110600
0.071600	53.922600
0.071700	53.899101
0.071800	53.664001
0.071900	53.382000
0.072000	53.287998
0.072100	53.287998
0.072200	52.982399
0.072300	52.864899
0.072400	52.747398
0.072500	52.465302
0.072600	52.183300
0.072700	51.854198
0.072800	51.783699
0.072900	52.206799
0.073000	52.277302
0.073100	51.995201
0.073200	51.431099
0.073300	51.219601
0.073400	51.290100
0.073500	51.172600
0.073600	50.679001
0.073700	50.514500
0.073800	50.420502
0.073900	50.326500
0.074000	50.185398
0.074100	50.067902
0.074200	49.809399
0.074300	49.597801
0.074400	49.409801
0.074500	49.010201
0.074600	48.728199
0.074700	48.563702
0.074800	48.328602
0.074900	48.093601
0.075000	47.787998
0.075100	47.388500
0.075200	47.294399
0.075300	47.223900
0.075400	47.153400
0.075500	47.106400
0.075600	46.777302
0.075700	46.589298
0.075800	46.448299
0.075900	46.307301
0.076000	46.236801
0.076100	46.166199
0.076200	46.213299
0.076300	45.931198
0.076400	45.672699
0.076500	45.766701
0.076600	45.531601
0.076700	45.296600
0.076800	45.132099
0.076900	45.132099
0.077000	44.944000
0.077100	44.944000
0.077200	44.803001
0.077300	44.544498
0.077400	44.285900
0.077500	43.956902
0.077600	43.768799
0.077700	43.510300
0.077800	43.345798
0.077900	43.157700
0.078000	42.899200
0.078100	42.617100
0.078200	42.523102
0.078300	42.217602
0.078400	41.747501
0.078500	41.183399
0.078600	41.018902
0.078700	40.760300
0.078800	40.525299
0.078900	40.266701
0.079000	40.125702
0.079100	39.961201
0.079200	39.679100
0.079300	39.350101
0.079400	39.044498
0.079500	38.762501
0.079600	38.574501
0.079700	38.433399
0.079800	38.198399
0.079900	37.939800
0.080000	37.540298
0.080100	37.093700
0.080200	36.741100
0.080300	36.506100
0.080400	36.459099
0.080500	36.130001
0.080600	35.730499
0.080700	35.424900
0.080800	35.119400
0.080900	34.743301
0.081000	34.414200
0.081100	34.179199
0.081200	33.779598
0.081300	33.474098
0.081400	33.098000
0.081500	32.698502
0.081600	32.275398
0.081700	31.805300
0.081800	31.452700
0.081900	30.794600
0.082000	30.324499
0.082100	29.924999
0.082200	29.854500
0.082300	29.572399
0.082400	29.360901
0.082500	29.360901
0.082600	29.196400
0.082700	28.914301
0.082800	28.773300
0.082900	28.420700
0.083000	27.950600
0.083100	27.363001
0.083200	26.751900
0.083300	26.211300
0.083400	25.905800
0.083500	25.482700
0.083600	25.083200
0.083700	24.754101
0.083800	24.448500
0.083900	24.260500
0.084000	24.025499
0.084100	23.696400
0.084200	23.202801
0.084300	22.521200
0.084400	22.239201
0.084500	21.910101
0.084600	21.675100
0.084700	21.063999
0.084800	20.382401
0.084900	20.053301
0.085000	19.677200
0.085100	19.160101
0.085200	18.854601
0.085300	18.619600
0.085400	18.384501
0.085500	18.008499
0.085600	17.702900
0.085700	17.538401
0.085800	17.373800
0.085900	16.997801
0.086000	16.692200
0.086100	16.410200
0.086200	16.292700
0.086300	16.128099
0.086400	16.245701
0.086500	16.433701
0.086600	16.457199
0.086700	16.292700
0.086800	16.151600
0.086900	15.799100
0.087000	15.446500
0.087100	15.164500
0.087200	14.764900
0.087300	14.600400
0.087400	14.365300
0.087500	13.989300
0.087600	13.683700
0.087700	13.495700
0.087800	13.284100
0.087900	13.166600
0.088000	12.908100
0.088100	12.908100
0.088200	12.602500
0.088300	12.391000
0.088400	12.320500
0.088500	12.226500
0.088600	11.991400
0.088700	11.850400
0.088800	11.662400
0.088900	11.497800
0.089000	11.286300
0.089100	11.145300
0.089200	10.792700
0.089300	10.581200
0.089400	10.487200
0.089500	10.557700
0.089600	10.440200
0.089700	10.299100
0.089800	10.416700
0.089900	9.876070
0.090000	9.382480
0.090100	9.100440
0.090200	9.053430
0.090300	8.982920
0.090400	9.100440
0.090500	9.029920
0.090600	8.700870
0.090700	8.559840
0.090800	8.207280
0.090900	7.807720
0.091000	7.643190
0.091100	7.572680
0.091200	7.455160
0.091300	7.596180
0.091400	7.502160
0.091500	7.102600
0.091600	6.726530
0.091700	6.562000
0.091800	6.609010
0.091900	6.420980
0.092000	6.138930
0.092100	5.762870
0.092200	5.598340
0.092300	5.504320
0.092400	5.222280
0.092500	4.987240
0.092600	4.916720
0.092700	4.611170
0.092800	4.517160
0.092900	4.446640
0.093000	4.211600
0.093100	3.859040
0.093200	3.788530
0.093300	3.600500
0.093400	3.412470
0.093500	3.247940
0.093600	3.036400
0.093700	2.895380
0.093800	2.636840
0.093900	2.542820
0.094000	2.495810
0.094100	2.401800
0.094200	2.143250
0.094300	2.096240
0.094400	2.072740
0.094500	1.931720
0.094600	1.626160
0.094700	1.579160
0.094800	1.508640
0.094900	1.367620
0.095000	1.250100
0.095100	1.203090
0.095200	1.203090
0.095300	1.085570
0.095400	0.827027
0.095500	0.827027
0.095600	0.686003
0.095700	0.145411
0.095800	0.309939
0.095900	0.591987
0.096000	0.662499
0.096100	0.638995
0.096200	0.615491
0.096300	0.662499
0.096400	0.733011
0.096500	0.591987
0.096600	0.074899
0.096700	-0.207149
0.096800	-0.489197
0.096900	-0.489197
0.097000	-0.324669
0.097100	-0.254157
0.097200	-0.324669
0.097300	-0.395181
0.097400	-0.465693
0.097500	-0.653725
0.097600	-0.771245
0.097700	-0.771245
0.097800	-0.888765
0.097900	-1.123800
0.098000	-1.100300
0.098100	-1.053290
0.098200	-1.123800
0.098300	-1.194320
0.098400	-1.241320
0.098500	-1.570380
0.098600	-1.570380
0.098700	-1.711400
0.098800	-1.734910
0.098900	-1.687900
0.099000	-1.899440
0.099100	-2.228490
0.099200	-2.157980
0.099300	-2.416520
0.099400	-2.510540
0.099500	-2.510540
0.099600	-2.463530
0.099700	-2.534040
0.099800	-2.534040
0.099900	-2.722080
0.100000	-2.933610
0.100100	-2.839600
0.100200	-2.769080
0.100300	-2.792590
0.100400	-2.933610
0.100500	-3.004120
0.100600	-3.450700
0.100700	-3.991290
0.100800	-3.967790
0.100900	-3.051130
0.101000	-2.628060
0.101100	-3.286170
0.101200	-3.051130
0.101300	-2.510540
0.101400	-2.957120
0.101500	-3.732750
0.101600	-3.732750
0.101700	-3.615230
0.101800	-3.967790
0.101900	-4.038300
0.102000	-3.309680
0.102100	-2.980620
0.102200	-3.051130
0.102300	-3.239160
0.102400	-3.427200
0.102500	-3.662240
0.102600	-3.568220
0.102700	-3.591720
0.102800	-3.756250
0.102900	-3.591720
0.103000	-3.004120
0.103100	-2.839600
0.103200	-2.886600
0.103300	-2.980620
0.103400	-3.333180
0.103500	-3.615230
0.103600	-3.779760
0.103700	-3.826760
0.103800	-3.803260
0.103900	-3.803260
0.104000	-3.615230
0.104100	-3.333180
0.104200	-3.380190
0.104300	-3.497710
0.104400	-3.756250
0.104500	-3.920780
0.104600	-4.273340
0.104700	-4.296840
0.104800	-4.367360
0.104900	-4.155820
0.105000	-4.108810
0.105100	-4.014800
0.105200	-3.850270
0.105300	-3.873770
0.105400	-3.873770
0.105500	-3.944280
0.105600	-3.803260
0.105700	-3.803260
0.105800	-4.085310
0.105900	-4.367360
0.106000	-4.508380
0.106100	-4.672910
0.106200	-4.414360
0.106300	-3.779760
0.106400	-3.615230
0.106500	-4.108810
0.106600	-4.367360
0.106700	-4.273340
0.106800	-4.202830
0.106900	-4.179320
0.107000	-4.296840
0.107100	-4.273340
0.107200	-3.850270
0.107300	-3.685740
0.107400	-3.944280
0.107500	-4.014800
0.107600	-3.803260
0.107700	-3.944280
0.107800	-3.991290
0.107900	-4.038300
0.108000	-4.320350
0.108100	-4.602400
0.108200	-4.790430
0.108300	-4.837440
0.108400	-4.978460
0.108500	-4.907950
0.108600	-4.954960
0.108700	-5.331020
0.108800	-6.153660
0.108900	-6.365200
0.109000	-5.613070
0.109100	-4.602400
0.109200	-4.978460
0.109300	-5.871610
0.109400	-6.435710
0.109500	-5.730590
0.109600	-5.213500
0.109700	-5.519050
0.109800	-5.918620
0.109900	-5.918620
0.110000	-5.871610
0.110100	-5.730590
0.110200	-5.425040
0.110300	-5.448540
0.110400	-5.519050
0.110500	-5.284010
0.110600	-5.072480
0.110700	-5.072480
0.110800	-5.119480
0.110900	-4.931450
0.111000	-4.860940
0.111100	-4.907950
0.111200	-4.978460
0.111300	-5.048970
0.111400	-5.448540
0.111500	-5.378030
0.111600	-5.284010
0.111700	-5.213500
0.111800	-5.237000
0.111900	-5.378030
0.112000	-5.166490
0.112100	-4.719920
0.112200	-4.625900
0.112300	-4.766920
0.112400	-5.048970
0.112500	-4.790430
0.112600	-4.743420
0.112700	-4.978460
0.112800	-5.025470
0.112900	-4.884440
0.113000	-4.954960
0.113100	-5.001960
0.113200	-5.048970
0.113300	-4.884440
0.113400	-4.578890
0.113500	-4.390860
0.113600	-4.625900
0.113700	-4.555390
0.113800	-4.719920
0.113900	-5.095980
0.114000	-5.237000
0.114100	-5.119480
0.114200	-4.931450
0.114300	-4.766920
0.114400	-4.743420
0.114500	-4.508380
0.114600	-4.508380
0.114700	-4.602400
0.114800	-4.555390
0.114900	-4.555390
0.115000	-4.508380
0.115100	-4.578890
0.115200	-4.719920
0.115300	-4.813930
0.115400	-4.743420
0.115500	-4.602400
0.115600	-4.743420
0.115700	-4.672910
0.115800	-4.625900
0.115900	-4.461370
0.116000	-4.484880
0.116100	-4.296840
0.116200	-4.202830
0.116300	-4.508380
0.116400	-4.578890
0.116500	-4.625900
0.116600	-4.625900
0.116700	-4.813930
0.116800	-5.119480
0.116900	-5.190000
0.117000	-5.048970
0.117100	-5.025470
0.117200	-5.095980
0.117300	-4.978460
0.117400	-4.649400
0.117500	-4.884440
0.117600	-5.237000
0.117700	-5.425040
0.117800	-5.260510
0.117900	-4.672910
0.118000	-4.226330
0.118100	-4.672910
0.118200	-4.860940
0.118300	-4.649400
0.118400	-4.649400
0.118500	-4.743420
0.118600	-4.649400
0.118700	-4.555390
0.118800	-4.555390
0.118900	-4.578890
0.119000	-4.978460
0.119100	-4.837440
0.119200	-4.625900
0.119300	-4.367360
0.119400	-4.296840
0.119500	-4.484880
0.119600	-4.390860
0.119700	-4.508380
0.119800	-4.461370
0.119900	-4.649400
0.120000	-4.790430
0.120100	-5.001960
0.120200	-4.978460
0.120300	-4.931450
0.120400	-4.907950
0.120500	-4.860940
0.120600	-4.931450
0.120700	-4.766920
0.120800	-4.508380
0.120900	-4.508380
0.121000	-4.719920
0.121100	-4.743420
0.121200	-4.602400
0.121300	-4.672910
0.121400	-4.931450
0.121500	-4.813930
0.121600	-4.555390
0.121700	-4.461370
0.121800	-4.531880
0.121900	-4.649400
0.122000	-4.790430
0.122100	-5.001960
0.122200	-4.790430
0.122300	-4.625900
0.122400	-4.813930
0.122500	-5.048970
0.122600	-4.931450
0.122700	-4.602400
0.122800	-4.414360
0.122900	-4.249840
0.123000	-4.179320
0.123100	-4.202830
0.123200	-4.273340
0.123300	-4.390860
0.123400	-4.719920
0.123500	-5.025470
0.123600	-5.190000
0.123700	-5.142990
0.123800	-4.978460
0.123900	-4.978460
0.124000	-5.095980
0.124100	-5.025470
0.124200	-4.954960
0.124300	-4.813930
0.124400	-4.813930
0.124500	-4.813930
0.124600	-4.625900
0.124700	-4.672910
0.124800	-4.954960
0.124900	-5.095980
0.125000	-5.001960
0.125100	-5.166490
0.125200	-5.142990
0.125300	-4.931450
0.125400	-4.837440
0.125500	-4.813930
0.125600	-4.884440
0.125700	-5.025470
0.125800	-5.001960
0.125900	-4.813930
0.126000	-4.884440
0.126100	-5.025470
0.126200	-4.978460
0.126300	-5.213500
0.126400	-5.166490
0.126500	-4.978460
0.126600	-5.048970
0.126700	-5.095980
0.126800	-4.860940
0.126900	-4.766920
0.127000	-5.095980
0.127100	-5.378030
0.127200	-5.448540
0.127300	-5.119480
0.127400	-4.696410
0.127500	-4.414360
0.127600	-4.390860
0.127700	-4.743420
0.127800	-4.907950
0.127900	-4.931450
0.128000	-4.649400
0.128100	-4.649400
0.128200	-4.555390
0.128300	-4.226330
0.128400	-4.296840
0.128500	-4.484880
0.128600	-4.390860
0.128700	-4.108810
0.128800	-4.014800
0.128900	-3.920780
0.129000	-4.014800
0.129100	-4.437870
0.129200	-4.461370
0.129300	-4.155820
0.129400	-4.038300
0.129500	-4.038300
0.129600	-4.085310
0.129700	-4.108810
0.129800	-3.920780
0.129900	-3.803260
0.130000	-3.732750
0.130100	-3.497710
0.130200	-3.403690
0.130300	-3.168650
0.130400	-3.098140
0.130500	-3.286170
0.130600	-3.333180
0.130700	-3.333180
0.130800	-3.333180
0.130900	-3.685740
0.131000	-3.803260
0.131100	-4.108810
0.131200	-4.085310
0.131300	-3.732750
0.131400	-3.779760
0.131500	-3.756250
0.131600	-3.826760
0.131700	-3.450700
0.131800	-3.286170
0.131900	-3.145150
0.132000	-2.839600
0.132100	-2.510540
0.132200	-2.651560
0.132300	-2.886600
0.132400	-3.027630
0.132500	-3.074640
0.132600	-2.980620
0.132700	-2.839600
0.132800	-2.816090
0.132900	-3.121640
0.133000	-3.121640
0.133100	-3.098140
0.133200	-3.427200
0.133300	-4.085310
0.133400	-4.414360
0.133500	-3.991290
0.133600	-3.074640
0.133700	-3.074640
0.133800	-3.309680
0.133900	-3.168650
0.134000	-2.839600
0.134100	-2.863100
0.134200	-3.074640
0.134300	-3.333180
0.134400	-3.427200
0.134500	-2.933610
0.134600	-2.886600
0.134700	-2.933610
0.134800	-2.863100
0.134900	-2.722080
0.135000	-2.745580
0.135100	-2.463530
0.135200	-2.722080
0.135300	-3.121640
0.135400	-3.474200
0.135500	-3.591720
0.135600	-3.098140
0.135700	-2.604560
0.135800	-2.416520
0.135900	-2.534040
0.136000	-2.581050
0.136100	-2.534040
0.136200	-2.393020
0.136300	-2.628060
0.136400	-2.557550
0.136500	-2.416520
0.136600	-2.346010
0.136700	-2.369520
0.136800	-2.416520
0.136900	-2.322510
0.137000	-2.393020
0.137100	-2.275500
0.137200	-2.181480
0.137300	-2.299000
0.137400	-2.181480
0.137500	-2.087470
0.137600	-2.040460
0.137700	-1.969950
0.137800	-2.110970
0.137900	-1.875930
0.138000	-1.711400
0.138100	-1.664400
0.138200	-1.711400
0.138300	-1.664400
0.138400	-1.405850
0.138500	-1.288330
0.138600	-1.123800
0.138700	-1.217820
0.138800	-1.499870
0.138900	-1.499870
0.139000	-1.241320
0.139100	-1.147310
0.139200	-1.006280
0.139300	-0.982781
0.139400	-1.217820
0.139500	-1.546880
0.139600	-1.264830
0.139700	-0.700733
0.139800	-0.348173
0.139900	-0.395181
0.140000	-0.489197
0.140100	-0.418685
0.140200	-0.442189
0.140300	-0.183645
0.140400	-0.019117
0.140500	-0.066125
0.140600	0.004387
0.140700	0.286435
0.140800	0.615491
0.140900	0.521475
0.141000	0.262931
0.141100	0.544979
0.141200	0.850531
0.141300	0.568483
0.141400	0.262931
0.141500	0.074899
0.141600	0.027891
0.141700	0.403955
0.141800	0.780019
0.141900	0.709507
0.142000	0.450963
0.142100	0.356947
0.142200	0.309939
0.142300	0.591987
0.142400	0.662499
0.142500	0.591987
0.142600	0.450963
0.142700	0.568483
0.142800	0.615491
0.142900	0.662499
0.143000	0.709507
0.143100	0.662499
0.143200	0.591987
0.143300	0.756515
0.143400	0.803523
0.143500	0.897539
0.143600	0.662499
0.143700	0.309939
0.143800	0.333443
0.143900	0.098403
0.144000	-0.042621
0.144100	0.356947
0.144200	0.450963
0.144300	0.756515
0.144400	1.320610
0.144500	0.756515
0.144600	0.192419
0.144700	-0.042621
0.144800	0.168915
0.144900	0.333443
0.145000	0.098403
0.145100	-0.066125
0.145200	0.356947
0.145300	0.850531
0.145400	0.921043
0.145500	0.874035
0.145600	0.921043
0.145700	0.944547
0.145800	0.968051
0.145900	0.968051
0.146000	0.756515
0.146100	0.874035
0.146200	1.250100
0.146300	1.344120
0.146400	1.226600
0.146500	1.414630
0.146600	1.461640
0.146700	1.273600
0.146800	1.109080
0.146900	1.649670
0.147000	2.213760
0.147100	2.307780
0.147200	2.166760
0.147300	2.143250
0.147400	2.566320
0.147500	3.083410
0.147600	3.200930
0.147700	2.918880
0.147800	2.636840
0.147900	2.613330
0.148000	2.448800
0.148100	2.472310
0.148200	2.401800
0.148300	2.213760
0.148400	2.096240
0.148500	2.166760
0.148600	2.166760
0.148700	2.025730
0.148800	2.025730
0.148900	1.908210
0.149000	1.720180
0.149100	1.884710
0.149200	2.260770
0.149300	1.931720
0.149400	1.978720
0.149500	2.448800
0.149600	1.955220
0.149700	1.203090
0.149800	0.921043
0.149900	1.461640
0.150000	2.072740
0.150100	2.260770
0.150200	1.908210
0.150300	1.720180
0.150400	1.743680
0.150500	1.861200
0.150600	1.485140
0.150700	1.297110
0.150800	1.508640
0.150900	1.837700
0.151000	1.555650
0.151100	1.320610
0.151200	1.579160
0.151300	1.532150
0.151400	1.391120
0.151500	1.438130
0.151600	1.649670
0.151700	2.072740
0.151800	2.307780
0.151900	1.790690
0.152000	1.179590
0.152100	1.320610
0.152200	1.743680
0.152300	1.626160
0.152400	1.226600
0.152500	1.203090
0.152600	1.297110
0.152700	1.038560
0.152800	0.944547
0.152900	1.273600
0.153000	1.508640
0.153100	1.461640
0.153200	1.367620
0.153300	1.226600
0.153400	1.109080
0.153500	1.179590
0.153600	1.344120
0.153700	1.109080
0.153800	0.991555
0.153900	0.968051
0.154000	1.156080
0.154100	1.203090
0.154200	1.438130
0.154300	1.226600
0.154400	1.226600
0.154500	1.226600
0.154600	1.273600
0.154700	1.179590
0.154800	0.897539
0.154900	0.497971
0.155000	0.568483
0.155100	0.968051
0.155200	1.203090
0.155300	0.991555
0.155400	1.038560
0.155500	1.062070
0.155600	1.015060
0.155700	0.897539
0.155800	1.109080
0.155900	1.132580
0.156000	0.827027
0.156100	0.615491
0.156200	0.662499
0.156300	0.544979
0.156400	0.544979
0.156500	0.145411
0.156600	-0.183645
0.156700	0.074899
0.156800	0.544979
0.156900	0.756515
0.157000	0.497971
0.157100	0.239427
0.157200	0.121907
0.157300	0.004387
0.157400	0.450963
0.157500	1.038560
0.157600	1.085570
0.157700	0.497971
0.157800	0.027891
0.157900	0.192419
0.158000	0.145411
0.158100	0.215923
0.158200	0.450963
0.158300	0.756515
0.158400	0.568483
0.158500	0.380451
0.158600	0.333443
0.158700	0.309939
0.158800	-0.136637
0.158900	-0.230653
0.159000	0.121907
0.159100	0.544979
0.159200	0.568483
0.159300	0.309939
0.159400	0.215923
0.159500	0.098403
0.159600	0.027891
0.159700	0.192419
0.159800	0.638995
0.159900	0.803523
0.160000	0.591987
0.160100	0.380451
0.160200	0.051395
0.160300	-0.324669
0.160400	-0.324669
0.160500	-0.348173
0.160600	-0.465693
0.160700	-0.371677
0.160800	-0.301165
0.160900	-0.160141
0.161000	-0.207149
0.161100	-0.348173
0.161200	-0.583213
0.161300	-0.653725
0.161400	-0.747741
0.161500	-0.606717
0.161600	-0.559709
0.161700	-0.630221
0.161800	-0.935773
0.161900	-1.076800
0.162000	-1.100300
0.162100	-1.123800
0.162200	-1.006280
0.162300	-1.006280
0.162400	-1.029790
0.162500	-1.076800
0.162600	-1.100300
0.162700	-1.006280
0.162800	-1.076800
0.162900	-1.264830
0.163000	-1.194320
0.163100	-1.335340
0.163200	-1.570380
0.163300	-1.640890
0.163400	-1.570380
0.163500	-1.452860
0.163600	-1.405850
0.163700	-1.311840
0.163800	-0.724237
0.163900	-0.583213
0.164000	-1.100300
0.164100	-1.640890
0.164200	-1.734910
0.164300	-1.593880
0.164400	-1.311840
0.164500	-1.170810
0.164600	-1.546880
0.164700	-1.734910
0.164800	-1.687900
0.164900	-1.523370
0.165000	-1.288330
0.165100	-1.194320
0.165200	-1.452860
0.165300	-1.828920
0.165400	-2.110970
0.165500	-2.110970
0.165600	-2.110970
0.165700	-1.852430
0.165800	-1.758410
0.165900	-1.946440
0.166000	-1.875930
0.166100	-1.781920
0.166200	-1.617390
0.166300	-1.617390
0.166400	-1.805420
0.166500	-1.852430
0.166600	-1.781920
0.166700	-1.828920
0.166800	-1.711400
0.166900	-1.687900
0.167000	-1.758410
0.167100	-2.134480
0.167200	-2.675070
0.167300	-2.510540
0.167400	-1.899440
0.167500	-2.393020
0.167600	-3.027630
0.167700	-2.557550
0.167800	-2.440030
0.167900	-2.957120
0.168000	-2.463530
0.168100	-1.499870
0.168200	-1.899440
0.168300	-2.440030
0.168400	-1.640890
0.168500	-1.570380
0.168600	-2.322510
0.168700	-2.816090
0.168800	-2.087470
0.168900	-1.499870
0.169000	-1.147310
0.169100	-1.617390
0.169200	-2.393020
0.169300	-2.063960
0.169400	-1.664400
0.169500	-2.581050
0.169600	-2.839600
0.169700	-2.651560
0.169800	-2.557550
0.169900	-2.369520
0.170000	-2.181480
0.170100	-2.157980
0.170200	-2.204990
0.170300	-2.299000
0.170400	-2.252000
0.170500	-2.252000
0.170600	-2.393020
0.170700	-2.463530
0.170800	-2.440030
0.170900	-2.369520
0.171000	-2.675070
0.171100	-2.886600
0.171200	-2.675070
0.171300	-2.957120
0.171400	-2.816090
0.171500	-2.769080
0.171600	-2.792590
0.171700	-2.839600
0.171800	-2.722080
0.171900	-2.628060
0.172000	-2.651560
0.172100	-2.604560
0.172200	-2.581050
0.172300	-2.604560
0.172400	-2.346010
0.172500	-2.463530
0.172600	-2.604560
0.172700	-2.604560
0.172800	-2.393020
0.172900	-2.157980
0.173000	-2.134480
0.173100	-2.275500
0.173200	-2.463530
0.173300	-2.487040
0.173400	-2.604560
0.173500	-2.510540
0.173600	-2.369520
0.173700	-2.557550
0.173800	-2.722080
0.173900	-2.557550
0.174000	-2.369520
0.174100	-2.487040
0.174200	-2.534040
0.174300	-2.440030
0.174400	-2.534040
0.174500	-2.534040
0.174600	-2.487040
0.174700	-2.369520
0.174800	-2.322510
0.174900	-2.204990
0.175000	-2.181480
0.175100	-2.228490
0.175200	-2.393020
0.175300	-2.369520
0.175400	-2.440030
0.175500	-2.463530
0.175600	-2.228490
0.175700	-1.922940
0.175800	-1.946440
0.175900	-2.134480
0.176000	-2.346010
0.176100	-2.134480
0.176200	-2.134480
0.176300	-2.369520
0.176400	-2.322510
0.176500	-2.204990
0.176600	-2.110970
0.176700	-2.134480
0.176800	-2.063960
0.176900	-2.063960
0.177000	-1.993450
0.177100	-1.922940
0.177200	-1.875930
0.177300	-1.828920
0.177400	-1.805420
0.177500	-1.687900
0.177600	-1.617390
0.177700	-1.593880
0.177800	-1.499870
0.177900	-1.382350
0.178000	-1.429360
0.178100	-1.405850
0.178200	-1.147310
0.178300	-0.888765
0.178400	-0.653725
0.178500	-0.583213
0.178600	-0.606717
0.178700	-0.630221
0.178800	-0.747741
0.178900	-0.841757
0.179000	-0.677229
0.179100	-0.442189
0.179200	-0.442189
0.179300	-0.606717
0.179400	-0.512701
0.179500	-0.301165
0.179600	-0.230653
0.179700	-0.089629
0.179800	-0.160141
0.179900	-0.089629
0.180000	-0.113133
0.180100	0.027891
0.180200	0.098403
0.180300	0.145411
0.180400	0.145411
0.180500	0.004387
0.180600	-0.254157
0.180700	-0.230653
0.180800	-0.254157
0.180900	-0.230653
0.181000	-0.207149
0.181100	-0.113133
0.181200	0.027891
0.181300	0.145411
0.181400	0.262931
0.181500	0.380451
0.181600	0.474467
0.181700	0.333443
0.181800	0.098403
0.181900	0.145411
0.182000	0.262931
0.182100	0.286435
0.182200	0.192419
0.182300	0.168915
0.182400	0.192419
0.182500	0.262931
0.182600	0.286435
0.182700	0.380451
0.182800	0.215923
0.182900	0.286435
0.183000	0.309939
0.183100	0.403955
0.183200	0.333443
0.183300	0.380451
0.183400	0.403955
0.183500	0.450963
0.183600	0.427459
0.183700	0.474467
0.183800	0.521475
0.183900	0.615491
0.184000	0.615491
0.184100	0.591987
0.184200	0.686003
0.184300	0.521475
0.184400	0.474467
0.184500	0.521475
0.184600	0.497971
0.184700	0.544979
0.184800	0.756515
0.184900	0.944547
0.185000	0.874035
0.185100	0.709507
0.185200	0.662499
0.185300	0.803523
0.185400	0.780019
0.185500	0.850531
0.185600	0.827027
0.185700	0.827027
0.185800	1.015060
0.185900	0.944547
0.186000	0.850531
0.186100	1.038560
0.186200	1.085570
0.186300	1.297110
0.186400	1.555650
0.186500	1.696680
0.186600	1.884710
0.186700	1.555650
0.186800	1.508640
0.186900	1.532150
0.187000	1.720180
0.187100	1.767190
0.187200	1.837700
0.187300	1.884710
0.187400	1.955220
0.187500	1.884710
0.187600	1.908210
0.187700	2.025730
0.187800	2.072740
0.187900	2.025730
0.188000	2.049240
0.188100	2.072740
0.188200	2.166760
0.188300	2.237270
0.188400	2.260770
0.188500	2.166760
0.188600	2.307780
0.188700	2.378290
0.188800	2.307780
0.188900	2.284280
0.189000	2.378290
0.189100	2.472310
0.189200	2.448800
0.189300	2.425300
0.189400	2.425300
0.189500	2.495810
0.189600	2.566320
0.189700	2.566320
0.189800	2.566320
0.189900	2.495810
0.190000	2.589830
0.190100	2.542820
0.190200	2.589830
0.190300	2.542820
0.190400	2.354790
0.190500	2.378290
0.190600	2.378290
0.190700	2.589830
0.190800	2.472310
0.190900	2.354790
0.191000	2.284280
0.191100	2.166760
0.191200	2.354790
0.191300	2.284280
0.191400	2.213760
0.191500	2.260770
0.191600	2.237270
0.191700	2.284280
0.191800	2.260770
0.191900	2.260770
0.192000	2.354790
0.192100	2.354790
0.192200	2.237270
0.192300	2.354790
0.192400	2.213760
0.192500	2.213760
0.192600	2.213760
0.192700	2.143250
0.192800	2.331280
0.192900	2.284280
0.193000	2.143250
0.193100	2.143250
0.193200	2.237270
0.193300	2.260770
0.193400	2.166760
0.193500	2.213760
0.193600	2.213760
0.193700	2.166760
0.193800	2.284280
0.193900	2.166760
0.194000	2.143250
0.194100	2.119750
0.194200	2.284280
0.194300	2.166760
0.194400	2.096240
0.194500	2.119750
0.194600	2.049240
0.194700	1.978720
0.194800	2.260770
0.194900	2.025730
0.195000	1.743680
0.195100	1.978720
0.195200	2.166760
0.195300	1.884710
0.195400	1.720180
0.195500	1.649670
0.195600	1.649670
0.195700	1.579160
0.195800	1.720180
0.195900	1.908210
0.196000	1.790690
0.196100	1.696680
0.196200	1.649670
0.196300	1.767190
0.196400	1.602660
0.196500	1.532150
0.196600	1.461640
0.196700	1.508640
0.196800	1.649670
0.196900	1.602660
0.197000	1.649670
0.197100	1.649670
0.197200	1.626160
0.197300	1.555650
0.197400	1.297110
0.197500	1.344120
0.197600	1.508640
0.197700	1.414630
0.197800	1.297110
0.197900	1.344120
0.198000	1.414630
0.198100	1.438130
0.198200	1.391120
0.198300	1.250100
0.198400	1.250100
0.198500	1.109080
0.198600	1.156080
0.198700	1.367620
0.198800	1.532150
0.198900	1.485140
0.199000	1.438130
0.199100	1.203090
0.199200	1.062070
0.199300	1.085570
0.199400	1.203090
0.199500	1.156080
0.199600	1.273600
0.199700	1.203090
0.199800	1.320610
0.199900	1.203090
0.200000	1.179590
0.200100	1.062070
0.200200	1.273600
0.200300	1.344120
0.200400	1.038560
0.200500	1.038560
0.200600	1.015060
0.200700	1.015060
0.200800	1.226600
0.200900	1.203090
0.201000	1.038560
0.201100	1.109080
0.201200	1.203090
0.201300	1.156080
0.201400	1.085570
0.201500	1.038560
0.201600	1.132580
0.201700	1.085570
0.201800	1.085570
0.201900	1.109080
0.202000	1.226600
0.202100	1.179590
0.202200	1.062070
0.202300	0.991555
0.202400	0.968051
0.202500	0.968051
0.202600	1.062070
0.202700	1.132580
0.202800	1.226600
0.202900	1.203090
0.203000	1.109080
0.203100	1.085570
0.203200	1.179590
0.203300	1.062070
0.203400	1.085570
0.203500	1.109080
0.203600	1.226600
0.203700	1.203090
0.203800	1.156080
0.203900	1.085570
0.204000	1.085570
0.204100	1.109080
0.204200	1.062070
0.204300	0.874035
0.204400	1.038560
0.204500	1.179590
0.204600	1.085570
0.204700	1.109080
0.204800	1.132580
0.204900	1.062070
0.205000	0.991555
0.205100	0.991555
0.205200	1.038560
0.205300	1.038560
0.205400	1.085570
0.205500	0.991555
0.205600	0.991555
0.205700	1.062070
0.205800	1.156080
0.205900	1.250100
0.206000	1.297110
0.206100	1.132580
0.206200	1.273600
0.206300	0.897539
0.206400	0.874035
0.206500	0.897539
0.206600	1.038560
0.206700	1.109080
0.206800	1.297110
0.206900	1.344120
0.207000	1.344120
0.207100	1.203090
0.207200	1.179590
0.207300	1.179590
0.207400	1.109080
0.207500	0.968051
0.207600	1.015060
0.207700	1.015060
0.207800	1.015060
0.207900	1.156080
0.208000	1.226600
0.208100	1.391120
0.208200	1.414630
0.208300	1.273600
0.208400	1.203090
0.208500	1.179590
0.208600	1.015060
0.208700	1.038560
0.208800	1.156080
0.208900	1.273600
0.209000	1.203090
0.209100	1.085570
0.209200	0.968051
0.209300	0.944547
0.209400	0.803523
0.209500	0.756515
0.209600	0.709507
0.209700	0.544979
0.209800	0.544979
0.209900	0.850531
0.210000	0.850531
0.210100	0.780019
0.210200	1.015060
0.210300	1.062070
0.210400	1.015060
0.210500	1.156080
0.210600	1.414630
0.210700	1.438130
0.210800	1.461640
0.210900	1.508640
0.211000	1.438130
0.211100	1.438130
0.211200	1.485140
0.211300	1.884710
0.211400	2.119750
0.211500	2.049240
0.211600	2.237270
0.211700	2.072740
0.211800	1.978720
0.211900	1.790690
0.212000	1.955220
0.212100	1.955220
0.212200	2.049240
0.212300	2.166760
0.212400	2.331280
0.212500	2.284280
0.212600	2.213760
0.212700	2.166760
0.212800	2.190260
0.212900	2.307780
0.213000	2.331280
0.213100	2.260770
0.213200	2.119750
0.213300	2.025730
0.213400	2.119750
0.213500	2.190260
0.213600	2.260770
0.213700	2.354790
0.213800	2.284280
0.213900	1.931720
0.214000	1.720180
0.214100	2.260770
0.214200	2.425300
0.214300	2.401800
0.214400	2.425300
0.214500	2.542820
0.214600	2.448800
0.214700	2.260770
0.214800	2.190260
0.214900	2.354790
0.215000	2.237270
0.215100	2.143250
0.215200	2.307780
0.215300	2.519320
0.215400	2.472310
0.215500	2.566320
0.215600	2.589830
0.215700	2.566320
0.215800	2.495810
0.215900	2.566320
0.216000	2.848370
0.216100	2.777860
0.216200	2.730850
0.216300	2.824870
0.216400	2.589830
0.216500	2.331280
0.216600	2.119750
0.216700	2.942390
0.216800	3.577000
0.216900	3.435970
0.217000	2.683840
0.217100	2.354790
0.217200	2.448800
0.217300	2.801360
0.217400	3.224440
0.217500	3.812040
0.217600	4.047080
0.217700	3.412470
0.217800	2.472310
0.217900	2.237270
0.218000	2.777860
0.218100	3.153920
0.218200	2.942390
0.218300	2.777860
0.218400	3.106920
0.218500	3.318450
0.218600	3.341960
0.218700	3.083410
0.218800	3.294950
0.218900	3.647510
0.219000	3.835540
0.219100	3.600500
0.219200	3.247940
0.219300	2.989400
0.219400	3.506480
0.219500	4.000070
0.219600	3.812040
0.219700	3.647510
0.219800	3.624000
0.219900	3.153920
0.220000	3.177430
0.220100	3.388960
0.220200	3.412470
0.220300	3.412470
0.220400	3.506480
0.220500	3.788530
0.220600	3.835540
0.220700	3.694520
0.220800	3.812040
0.220900	3.953060
0.221000	3.765030
0.221100	3.812040
0.221200	3.741520
0.221300	3.741520
0.221400	3.882550
0.221500	3.835540
0.221600	3.765030
0.221700	3.765030
0.221800	3.718020
0.221900	3.765030
0.222000	3.812040
0.222100	3.906050
0.222200	4.000070
0.222300	4.047080
0.222400	3.953060
0.222500	3.906050
0.222600	4.023570
0.222700	4.070580
0.222800	4.094080
0.222900	4.141090
0.223000	4.070580
0.223100	4.070580
0.223200	3.906050
0.223300	3.976560
0.223400	4.047080
0.223500	4.141090
0.223600	4.117590
0.223700	4.164600
0.223800	4.329120
0.223900	4.188100
0.224000	4.235110
0.224100	4.211600
0.224200	4.141090
0.224300	4.235110
0.224400	4.282120
0.224500	4.258610
0.224600	4.211600
0.224700	4.188100
0.224800	4.399640
0.224900	4.399640
0.225000	4.423140
0.225100	4.399640
0.225200	4.423140
0.225300	4.470150
0.225400	4.540660
0.225500	4.352630
0.225600	4.258610
0.225700	4.305620
0.225800	4.470150
0.225900	4.446640
0.226000	4.517160
0.226100	4.470150
0.226200	4.470150
0.226300	4.470150
0.226400	4.423140
0.226500	4.376130
0.226600	4.517160
0.226700	4.540660
0.226800	4.564160
0.226900	4.493650
0.227000	4.540660
0.227100	4.564160
0.227200	4.446640
0.227300	4.352630
0.227400	4.517160
0.227500	4.517160
0.227600	4.493650
0.227700	4.470150
0.227800	4.517160
0.227900	4.540660
0.228000	4.540660
0.228100	4.564160
0.228200	4.540660
0.228300	4.423140
0.228400	4.423140
0.228500	4.446640
0.228600	4.470150
0.228700	4.705190
0.228800	4.540660
0.228900	4.517160
0.229000	4.423140
0.229100	4.517160
0.229200	4.517160
0.229300	4.564160
0.229400	4.470150
0.229500	4.470150
0.229600	4.305620
0.229700	4.305620
0.229800	4.470150
0.229900	4.470150
0.230000	4.423140
0.230100	4.258610
0.230200	4.258610
0.230300	4.470150
0.230400	4.305620
0.230500	4.282120
0.230600	4.282120
0.230700	4.117590
0.230800	3.953060
0.230900	4.047080
0.231000	4.094080
0.231100	3.929560
0.231200	4.141090
0.231300	4.188100
0.231400	4.094080
0.231500	4.047080
0.231600	4.070580
0.231700	4.047080
0.231800	3.835540
0.231900	3.835540
0.232000	3.694520
0.232100	3.882550
0.232200	3.835540
0.232300	3.906050
0.232400	3.929560
0.232500	3.765030
0.232600	3.671010
0.232700	3.788530
0.232800	3.788530
0.232900	3.741520
0.233000	3.647510
0.233100	3.647510
0.233200	3.624000
0.233300	3.694520
0.233400	3.577000
0.233500	3.553490
0.233600	3.624000
0.233700	3.577000
0.233800	3.624000
0.233900	3.482980
0.234000	3.671010
0.234100	3.647510
0.234200	3.624000
0.234300	3.482980
0.234400	3.388960
0.234500	3.459480
0.234600	3.318450
0.234700	3.388960
0.234800	3.318450
0.234900	3.365460
0.235000	3.294950
0.235100	3.365460
0.235200	3.294950
0.235300	3.177430
0.235400	3.177430
0.235500	3.130420
0.235600	2.895380
0.235700	2.895380
0.235800	2.942390
0.235900	2.942390
0.236000	2.942390
0.236100	2.895380
0.236200	2.824870
0.236300	2.707350
0.236400	2.707350
0.236500	2.683840
0.236600	2.613330
0.236700	2.636840
0.236800	2.636840
0.236900	2.613330
0.237000	2.425300
0.237100	2.401800
0.237200	2.495810
0.237300	2.448800
0.237400	2.378290
0.237500	2.448800
0.237600	2.119750
0.237700	2.025730
0.237800	2.190260
0.237900	2.049240
0.238000	1.931720
0.238100	1.978720
0.238200	1.931720
0.238300	1.955220
0.238400	1.908210
0.238500	1.884710
0.238600	1.884710
0.238700	1.814200
0.238800	1.908210
0.238900	1.814200
0.239000	1.673170
0.239100	1.649670
0.239200	1.579160
0.239300	1.673170
0.239400	1.696680
0.239500	1.696680
0.239600	1.579160
0.239700	1.438130
0.239800	1.438130
0.239900	1.508640
0.240000	1.579160
0.240100	1.461640
0.240200	1.391120
0.240300	1.297110
0.240400	1.273600
0.240500	1.250100
0.240600	1.297110
0.240700	1.273600
0.240800	1.179590
0.240900	1.179590
0.241000	1.203090
0.241100	1.226600
0.241200	1.273600
0.241300	1.156080
0.241400	0.944547
0.241500	0.827027
0.241600	0.921043
0.241700	0.991555
0.241800	0.827027
0.241900	0.827027
0.242000	0.850531
0.242100	0.780019
0.242200	0.733011
0.242300	0.709507
0.242400	0.709507
0.242500	0.686003
0.242600	0.662499
0.242700	0.662499
0.242800	0.709507
0.242900	0.521475
0.243000	0.615491
0.243100	0.427459
0.243200	0.474467
0.243300	0.450963
0.243400	0.380451
0.243500	0.497971
0.243600	0.380451
0.243700	0.333443
0.243800	0.356947
0.243900	0.239427
0.244000	0.074899
0.244100	0.145411
0.244200	0.098403
0.244300	0.262931
0.244400	0.074899
0.244500	0.074899
0.244600	0.027891
0.244700	-0.066125
0.244800	0.004387
0.244900	-0.089629
0.245000	-0.089629
0.245100	-0.066125
0.245200	-0.066125
0.245300	-0.160141
0.245400	-0.160141
0.245500	-0.160141
0.245600	-0.348173
0.245700	-0.160141
0.245800	-0.113133
0.245900	-0.183645
0.246000	-0.207149
0.246100	-0.395181
0.246200	-0.324669
0.246300	-0.277661
0.246400	-0.230653
0.246500	-0.301165
0.246600	-0.254157
0.246700	-0.301165
0.246800	-0.230653
0.246900	-0.277661
0.247000	-0.301165
0.247100	-0.136637
0.247200	-0.324669
0.247300	-0.277661
0.247400	-0.371677
0.247500	-0.301165
0.247600	-0.136637
0.247700	-0.301165
0.247800	-0.371677
0.247900	-0.277661
0.248000	-0.254157
0.248100	-0.230653
0.248200	-0.183645
0.248300	-0.136637
0.248400	-0.207149
0.248500	-0.348173
0.248600	-0.301165
0.248700	-0.230653
0.248800	-0.371677
0.248900	-0.277661
0.249000	-0.254157
0.249100	-0.395181
0.249200	-0.418685
0.249300	-0.489197
0.249400	-0.442189
0.249500	-0.418685
0.249600	-0.465693
0.249700	-0.583213
0.249800	-0.583213
0.249900	-0.536205
0.250000	-0.606717
0.250100	-0.489197
0.250200	-0.418685
0.250300	-0.395181
0.250400	-0.442189
0.250500	-0.418685
0.250600	-0.465693
0.250700	-0.512701
0.250800	-0.559709
0.250900	-0.559709
0.251000	-0.489197
0.251100	-0.512701
0.251200	-0.536205
0.251300	-0.465693
0.251400	-0.371677
0.251500	-0.418685
0.251600	-0.606717
0.251700	-0.583213
0.251800	-0.606717
0.251900	-0.700733
0.252000	-0.794749
0.252100	-0.606717
0.252200	-0.700733
0.252300	-0.606717
0.252400	-0.771245
0.252500	-0.677229
0.252600	-0.630221
0.252700	-0.630221
0.252800	-0.747741
0.252900	-0.653725
0.253000	-0.841757
0.253100	-0.771245
0.253200	-0.841757
0.253300	-1.029790
0.253400	-1.076800
0.253500	-0.841757
0.253600	-0.935773
0.253700	-0.794749
0.253800	-0.677229
0.253900	-0.888765
0.254000	-0.724237
0.254100	-0.677229
0.254200	-0.653725
0.254300	-0.724237
0.254400	-0.724237
0.254500	-0.583213
0.254600	-0.465693
0.254700	-0.559709
0.254800	-0.418685
0.254900	-0.489197
0.255000	-0.559709
0.255100	-0.536205
0.255200	-0.583213
0.255300	-0.465693
0.255400	-0.442189
0.255500	-0.348173
0.255600	-0.606717
0.255700	-0.583213
0.255800	-0.559709
0.255900	-0.559709
0.256000	-0.818253
0.256100	-0.982781
0.256200	-0.912269
0.256300	-0.888765
0.256400	-0.865261
0.256500	-0.888765
0.256600	-0.959277
0.256700	-1.076800
0.256800	-1.217820
0.256900	-1.311840
0.257000	-1.429360
0.257100	-1.311840
0.257200	-0.841757
0.257300	-0.677229
0.257400	-0.418685
0.257500	-0.207149
0.257600	-0.089629
0.257700	-0.113133
0.257800	-0.089629
0.257900	-0.089629
0.258000	-0.136637
0.258100	-0.371677
0.258200	-0.489197
0.258300	-0.371677
0.258400	-0.230653
0.258500	-0.183645
0.258600	-0.230653
0.258700	-0.418685
0.258800	-0.583213
0.258900	-0.442189
0.259000	-0.489197
0.259100	-0.606717
0.259200	-0.536205
0.259300	-0.465693
0.259400	-0.512701
0.259500	-0.465693
0.259600	-0.442189
0.259700	-0.371677
0.259800	-0.324669
0.259900	-0.324669
0.260000	-0.277661
0.260100	-0.395181
0.260200	-0.536205
0.260300	-0.677229
0.260400	-0.677229
0.260500	-0.865261
0.260600	-1.006280
0.260700	-1.123800
0.260800	-1.217820
0.260900	-1.217820
0.261000	-1.170810
0.261100	-1.053290
0.261200	-1.029790
0.261300	-1.147310
0.261400	-1.217820
0.261500	-1.194320
0.261600	-1.147310
0.261700	-1.217820
0.261800	-1.076800
0.261900	-1.100300
0.262000	-1.123800
0.262100	-1.217820
0.262200	-1.335340
0.262300	-1.311840
0.262400	-1.499870
0.262500	-1.593880
0.262600	-1.452860
0.262700	-1.358840
0.262800	-1.382350
0.262900	-1.288330
0.263000	-1.264830
0.263100	-1.194320
0.263200	-1.123800
0.263300	-1.147310
0.263400	-1.405850
0.263500	-1.288330
0.263600	-1.288330
0.263700	-1.194320
0.263800	-0.982781
0.263900	-0.700733
0.264000	-0.653725
0.264100	-0.653725
0.264200	-0.559709
0.264300	-0.465693
0.264400	-0.395181
0.264500	-0.418685
0.264600	-0.324669
0.264700	-0.277661
0.264800	-0.136637
0.264900	-0.019117
0.265000	0.074899
0.265100	-0.042621
0.265200	0.074899
0.265300	0.004387
0.265400	0.121907
0.265500	0.004387
0.265600	0.121907
0.265700	0.239427
0.265800	0.239427
0.265900	0.262931
0.266000	0.403955
0.266100	0.262931
0.266200	0.333443
0.266300	0.380451
0.266400	0.286435
0.266500	0.145411
0.266600	0.145411
0.266700	0.098403
0.266800	0.074899
0.266900	0.192419
0.267000	0.145411
0.267100	0.145411
0.267200	0.286435
0.267300	0.098403
0.267400	0.074899
0.267500	0.098403
0.267600	0.215923
0.267700	0.145411
0.267800	0.051395
0.267900	0.098403
0.268000	0.051395
0.268100	0.027891
0.268200	-0.042621
0.268300	-0.089629
0.268400	0.027891
0.268500	-0.136637
0.268600	0.004387
0.268700	0.027891
0.268800	0.004387
0.268900	0.027891
0.269000	-0.042621
0.269100	-0.183645
0.269200	-0.230653
0.269300	-0.160141
0.269400	-0.183645
0.269500	-0.136637
0.269600	-0.113133
0.269700	-0.136637
0.269800	-0.136637
0.269900	-0.136637
0.270000	-0.066125
0.270100	-0.254157
0.270200	-0.066125
0.270300	-0.136637
0.270400	-0.136637
0.270500	-0.183645
0.270600	0.051395
0.270700	-0.042621
0.270800	-0.066125
0.270900	-0.136637
0.271000	-0.042621
0.271100	-0.113133
0.271200	-0.136637
0.271300	-0.113133
0.271400	-0.089629
0.271500	0.004387
0.271600	-0.042621
0.271700	-0.160141
0.271800	-0.136637
0.271900	-0.136637
0.272000	-0.089629
0.272100	-0.277661
0.272200	-0.583213
0.272300	-0.489197
0.272400	-0.324669
0.272500	-0.371677
0.272600	-0.395181
0.272700	-0.442189
0.272800	-0.512701
0.272900	-0.465693
0.273000	-0.489197
0.273100	-0.677229
0.273200	-0.724237
0.273300	-0.747741
0.273400	-0.794749
0.273500	-0.771245
0.273600	-0.559709
0.273700	-0.606717
0.273800	-0.794749
0.273900	-1.053290
0.274000	-0.935773
0.274100	-1.053290
0.274200	-1.076800
0.274300	-1.241320
0.274400	-1.123800
0.274500	-0.865261
0.274600	-0.465693
0.274700	-0.512701
0.274800	-0.606717
0.274900	-0.512701
0.275000	-0.818253
0.275100	-0.935773
0.275200	-0.841757
0.275300	-0.583213
0.275400	-0.630221
0.275500	-0.653725
0.275600	-0.606717
0.275700	-0.747741
0.275800	-0.935773
0.275900	-0.724237
0.276000	-0.747741
0.276100	-0.865261
0.276200	-0.841757
0.276300	-0.818253
0.276400	-0.653725
0.276500	-0.583213
0.276600	-0.371677
0.276700	-0.559709
0.276800	-0.700733
0.276900	-0.653725
0.277000	-0.512701
0.277100	-0.465693
0.277200	-0.489197
0.277300	-0.512701
0.277400	-0.442189
0.277500	-0.442189
0.277600	-0.465693
0.277700	-0.536205
0.277800	-0.395181
0.277900	-0.465693
0.278000	-0.536205
0.278100	-0.606717
0.278200	-0.653725
0.278300	-0.559709
0.278400	-0.512701
0.278500	-0.465693
0.278600	-0.512701
0.278700	-0.536205
0.278800	-0.559709
0.278900	-0.512701
0.279000	-0.489197
0.279100	-0.536205
0.279200	-0.559709
0.279300	-0.747741
0.279400	-0.630221
0.279500	-0.559709
0.279600	-0.677229
0.279700	-0.771245
0.279800	-0.747741
0.279900	-0.700733
0.280000	-0.653725
0.280100	-0.606717
0.280200	-0.747741
0.280300	-0.700733
0.280400	-0.653725
0.280500	-0.653725
0.280600	-0.818253
0.280700	-0.818253
0.280800	-0.841757
0.280900	-0.865261
0.281000	-0.747741
0.281100	-0.841757
0.281200	-0.888765
0.281300	-0.794749
0.281400	-0.747741
0.281500	-0.771245
0.281600	-0.865261
0.281700	-0.935773
0.281800	-0.865261
0.281900	-0.794749
0.282000	-0.935773
0.282100	-0.959277
0.282200	-0.935773
0.282300	-0.865261
0.282400	-0.935773
0.282500	-0.912269
0.282600	-0.841757
0.282700	-0.888765
0.282800	-1.006280
0.282900	-0.959277
0.283000	-0.794749
0.283100	-0.982781
0.283200	-0.959277
0.283300	-0.912269
0.283400	-0.982781
0.283500	-0.982781
0.283600	-1.006280
0.283700	-1.006280
0.283800	-0.982781
0.283900	-0.865261
0.284000	-1.029790
0.284100	-0.935773
0.284200	-1.006280
0.284300	-1.076800
0.284400	-1.100300
0.284500	-1.076800
0.284600	-1.123800
0.284700	-1.123800
0.284800	-1.170810
0.284900	-1.100300
0.285000	-1.076800
0.285100	-0.982781
0.285200	-1.053290
0.285300	-1.147310
0.285400	-1.147310
0.285500	-1.264830
0.285600	-1.241320
0.285700	-1.288330
0.285800	-1.264830
0.285900	-1.288330
0.286000	-1.382350
0.286100	-1.264830
0.286200	-1.288330
0.286300	-1.241320
0.286400	-1.217820
0.286500	-1.311840
0.286600	-1.288330
0.286700	-1.264830
0.286800	-1.264830
0.286900	-1.264830
0.287000	-1.452860
0.287100	-1.429360
0.287200	-1.429360
0.287300	-1.452860
0.287400	-1.499870
0.287500	-1.429360
0.287600	-1.452860
0.287700	-1.429360
0.287800	-1.429360
0.287900	-1.382350
0.288000	-1.546880
0.288100	-1.476360
0.288200	-1.358840
0.288300	-1.382350
0.288400	-1.429360
0.288500	-1.499870
0.288600	-1.523370
0.288700	-1.499870
0.288800	-1.429360
0.288900	-1.429360
0.289000	-1.288330
0.289100	-1.429360
0.289200	-1.452860
0.289300	-1.499870
0.289400	-1.405850
0.289500	-1.382350
0.289600	-1.241320
0.289700	-1.358840
0.289800	-1.382350
0.289900	-1.382350
0.290000	-1.476360
0.290100	-1.452860
0.290200	-1.476360
0.290300	-1.452860
0.290400	-1.335340
0.290500	-1.382350
0.290600	-1.358840
0.290700	-1.335340
0.290800	-1.452860
0.290900	-1.429360
0.291000	-1.429360
0.291100	-1.429360
0.291200	-1.476360
0.291300	-1.546880
0.291400	-1.476360
0.291500	-1.452860
0.291600	-1.546880
0.291700	-1.452860
0.291800	-1.382350
0.291900	-1.452860
0.292000	-1.593880
0.292100	-1.640890
0.292200	-1.546880
0.292300	-1.593880
0.292400	-1.405850
0.292500	-1.452860
0.292600	-1.593880
0.292700	-1.546880
0.292800	-1.405850
0.292900	-1.429360
0.293000	-1.405850
0.293100	-1.358840
0.293200	-1.476360
0.293300	-1.664400
0.293400	-1.476360
0.293500	-1.358840
0.293600	-1.429360
0.293700	-1.476360
0.293800	-1.405850
0.293900	-1.358840
0.294000	-1.358840
0.294100	-1.405850
0.294200	-1.217820
0.294300	-1.335340
0.294400	-1.170810
0.294500	-1.264830
0.294600	-1.217820
0.294700	-1.217820
0.294800	-1.147310
0.294900	-1.076800
0.295000	-1.076800
0.295100	-1.006280
0.295200	-1.029790
0.295300	-1.029790
0.295400	-0.888765
0.295500	-0.771245
0.295600	-0.818253
0.295700	-0.794749
0.295800	-0.630221
0.295900	-0.630221
0.296000	-0.724237
0.296100	-0.724237
0.296200	-0.677229
0.296300	-0.700733
0.296400	-0.677229
0.296500	-0.630221
0.296600	-0.606717
0.296700	-0.559709
0.296800	-0.536205
0.296900	-0.559709
0.297000	-0.465693
0.297100	-0.559709
0.297200	-0.418685
0.297300	-0.489197
0.297400	-0.536205
0.297500	-0.536205
0.297600	-0.371677
0.297700	-0.442189
0.297800	-0.418685
0.297900	-0.395181
0.298000	-0.277661
0.298100	-0.277661
0.298200	-0.207149
0.298300	-0.254157
0.298400	-0.160141
0.298500	-0.254157
0.298600	-0.277661
0.298700	-0.230653
0.298800	-0.136637
0.298900	-0.113133
0.299000	-0.160141
0.299100	-0.066125
0.299200	-0.160141
0.299300	-0.230653
0.299400	-0.136637
0.299500	-0.183645
0.299600	-0.066125
0.299700	-0.066125
0.299800	-0.136637
0.299900	-0.183645
