-0.050000	3.968810
-0.049900	3.968810
-0.049800	0.983494
-0.049700	-0.011610
-0.049600	1.978600
-0.049500	1.978600
-0.049400	3.968810
-0.049300	1.978600
-0.049200	1.978600
-0.049100	-2.996920
-0.049000	-0.011610
-0.048900	-2.996920
-0.048800	-5.982230
-0.048700	1.978600
-0.048600	-0.011610
-0.048500	-2.001820
-0.048400	3.471250
-0.048300	4.963910
-0.048200	1.978600
-0.048100	0.485942
-0.048000	5.461460
-0.047900	2.973700
-0.047800	1.978600
-0.047700	0.983494
-0.047600	3.471250
-0.047500	-2.001820
-0.047400	-2.001820
-0.047300	1.978600
-0.047200	3.471250
-0.047100	-2.996920
-0.047000	-4.987130
-0.046900	-2.996920
-0.046800	3.968810
-0.046700	1.978600
-0.046600	-3.992030
-0.046500	-2.001820
-0.046400	1.978600
-0.046300	1.978600
-0.046200	-4.987130
-0.046100	-2.001820
-0.046000	1.978600
-0.045900	5.959010
-0.045800	1.978600
-0.045700	-2.001820
-0.045600	5.959010
-0.045500	1.978600
-0.045400	-3.992030
-0.045300	-0.011610
-0.045200	-0.011610
-0.045100	-2.001820
-0.045000	6.954120
-0.044900	5.959010
-0.044800	5.959010
-0.044700	5.959010
-0.044600	1.978600
-0.044500	-1.006710
-0.044400	-2.001820
-0.044300	0.983494
-0.044200	1.978600
-0.044100	1.978600
-0.044000	1.978600
-0.043900	1.978600
-0.043800	1.978600
-0.043700	1.978600
-0.043600	-2.001820
-0.043500	0.983494
-0.043400	1.978600
-0.043300	-2.001820
-0.043200	1.978600
-0.043100	5.959010
-0.043000	1.978600
-0.042900	-2.001820
-0.042800	2.973700
-0.042700	-0.011610
-0.042600	-2.001820
-0.042500	-2.996920
-0.042400	-2.001820
-0.042300	1.978600
-0.042200	-2.001820
-0.042100	-4.987130
-0.042000	0.983494
-0.041900	4.963910
-0.041800	-0.011610
-0.041700	-6.479790
-0.041600	1.978600
-0.041500	1.978600
-0.041400	-2.499370
-0.041300	-0.011610
-0.041200	1.978600
-0.041100	1.978600
-0.041000	0.983494
-0.040900	1.978600
-0.040800	-0.011610
-0.040700	3.968810
-0.040600	3.968810
-0.040500	-0.011610
-0.040400	1.978600
-0.040300	3.471250
-0.040200	1.978600
-0.040100	1.978600
-0.040000	-3.992030
-0.039900	-2.996920
-0.039800	0.983494
-0.039700	-2.996920
-0.039600	-3.992030
-0.039500	1.978600
-0.039400	-0.011610
-0.039300	-5.982230
-0.039200	2.973700
-0.039100	3.968810
-0.039000	-3.992030
-0.038900	-6.479790
-0.038800	0.485942
-0.038700	1.978600
-0.038600	-3.992030
-0.038500	-3.992030
-0.038400	1.978600
-0.038300	5.959010
-0.038200	1.481050
-0.038100	0.983494
-0.038000	0.983494
-0.037900	-0.011610
-0.037800	1.978600
-0.037700	-1.006710
-0.037600	2.973700
-0.037500	3.471250
-0.037400	4.963910
-0.037300	6.954120
-0.037200	1.978600
-0.037100	1.978600
-0.037000	-2.996920
-0.036900	-2.996920
-0.036800	-3.992030
-0.036700	-2.001820
-0.036600	-0.509162
-0.036500	1.978600
-0.036400	1.978600
-0.036300	-3.992030
-0.036200	-2.001820
-0.036100	5.959010
-0.036000	3.968810
-0.035900	-3.992030
-0.035800	-3.992030
-0.035700	5.461460
-0.035600	1.978600
-0.035500	1.978600
-0.035400	1.978600
-0.035300	-2.001820
-0.035200	-6.977340
-0.035100	-2.001820
-0.035000	0.983494
-0.034900	-2.001820
-0.034800	-1.006710
-0.034700	-2.001820
-0.034600	1.978600
-0.034500	7.949220
-0.034400	3.968810
-0.034300	-2.001820
-0.034200	-2.996920
-0.034100	1.978600
-0.034000	1.978600
-0.033900	-2.001820
-0.033800	1.978600
-0.033700	5.959010
-0.033600	-0.011610
-0.033500	1.978600
-0.033400	-0.011610
-0.033300	-2.996920
-0.033200	-0.011610
-0.033100	3.968810
-0.033000	0.983494
-0.032900	1.978600
-0.032800	-2.001820
-0.032700	-6.977340
-0.032600	-5.982230
-0.032500	1.978600
-0.032400	-0.011610
-0.032300	-2.499370
-0.032200	-5.982230
-0.032100	-5.982230
-0.032000	3.968810
-0.031900	-0.509162
-0.031800	-0.011610
-0.031700	5.959010
-0.031600	1.978600
-0.031500	-9.962650
-0.031400	-0.011610
-0.031300	5.959010
-0.031200	0.983494
-0.031100	-0.011610
-0.031000	1.978600
-0.030900	-2.996920
-0.030800	-2.001820
-0.030700	1.978600
-0.030600	-0.011610
-0.030500	2.973700
-0.030400	-2.001820
-0.030300	-3.992030
-0.030200	3.968810
-0.030100	4.963910
-0.030000	-1.006710
-0.029900	-2.001820
-0.029800	-2.001820
-0.029700	-0.011610
-0.029600	-3.992030
-0.029500	-0.011610
-0.029400	2.476150
-0.029300	0.983494
-0.029200	-3.992030
-0.029100	0.485942
-0.029000	5.959010
-0.028900	0.983494
-0.028800	-2.996920
-0.028700	4.963910
-0.028600	1.978600
-0.028500	-0.011610
-0.028400	3.968810
-0.028300	-0.011610
-0.028200	-5.982230
-0.028100	-3.992030
-0.028000	-0.011610
-0.027900	-2.001820
-0.027800	1.978600
-0.027700	1.978600
-0.027600	-2.001820
-0.027500	1.978600
-0.027400	-3.992030
-0.027300	-5.982230
-0.027200	-2.996920
-0.027100	4.466360
-0.027000	-0.011610
-0.026900	-3.992030
-0.026800	-2.001820
-0.026700	3.968810
-0.026600	0.983494
-0.026500	-0.011610
-0.026400	-2.001820
-0.026300	4.963910
-0.026200	2.973700
-0.026100	-2.001820
-0.026000	2.476150
-0.025900	3.968810
-0.025800	-0.011610
-0.025700	-0.011610
-0.025600	2.973700
-0.025500	-0.011610
-0.025400	-2.001820
-0.025300	-0.011610
-0.025200	1.978600
-0.025100	-2.996920
-0.025000	-3.992030
-0.024900	-2.001820
-0.024800	-2.499370
-0.024700	3.968810
-0.024600	1.978600
-0.024500	-2.001820
-0.024400	-2.001820
-0.024300	3.968810
-0.024200	7.949220
-0.024100	1.978600
-0.024000	-2.996920
-0.023900	-2.996920
-0.023800	1.978600
-0.023700	-2.001820
-0.023600	1.978600
-0.023500	-0.011610
-0.023400	3.968810
-0.023300	-5.982230
-0.023200	1.978600
-0.023100	3.968810
-0.023000	-3.992030
-0.022900	-3.992030
-0.022800	0.983494
-0.022700	-0.011610
-0.022600	-2.001820
-0.022500	1.481050
-0.022400	0.485942
-0.022300	2.973700
-0.022200	1.978600
-0.022100	-2.996920
-0.022000	-2.996920
-0.021900	-2.001820
-0.021800	-5.982230
-0.021700	-6.977340
-0.021600	-5.982230
-0.021500	-8.967550
-0.021400	-5.982230
-0.021300	-1.006710
-0.021200	-2.001820
-0.021100	-7.972440
-0.021000	-2.996920
-0.020900	1.978600
-0.020800	1.978600
-0.020700	1.978600
-0.020600	3.968810
-0.020500	0.983494
-0.020400	1.978600
-0.020300	0.983494
-0.020200	4.963910
-0.020100	5.959010
-0.020000	3.968810
-0.019900	-2.001820
-0.019800	-0.011610
-0.019700	1.978600
-0.019600	1.978600
-0.019500	-2.001820
-0.019400	-3.992030
-0.019300	3.968810
-0.019200	3.968810
-0.019100	0.485942
-0.019000	-0.011610
-0.018900	-2.001820
-0.018800	-5.982230
-0.018700	-2.001820
-0.018600	-0.509162
-0.018500	-5.982230
-0.018400	-5.982230
-0.018300	3.968810
-0.018200	1.978600
-0.018100	-0.011610
-0.018000	0.983494
-0.017900	0.983494
-0.017800	-2.001820
-0.017700	0.983494
-0.017600	-2.001820
-0.017500	-2.001820
-0.017400	0.485942
-0.017300	-4.489580
-0.017200	1.978600
-0.017100	-2.001820
-0.017000	-2.996920
-0.016900	4.466360
-0.016800	3.968810
-0.016700	-0.011610
-0.016600	-5.982230
-0.016500	-3.992030
-0.016400	-1.006710
-0.016300	-2.001820
-0.016200	-2.996920
-0.016100	-5.982230
-0.016000	-5.982230
-0.015900	-0.011610
-0.015800	-0.011610
-0.015700	-11.952900
-0.015600	-5.982230
-0.015500	3.968810
-0.015400	-0.011610
-0.015300	-2.001820
-0.015200	0.983494
-0.015100	-0.011610
-0.015000	0.983494
-0.014900	0.983494
-0.014800	-0.011610
-0.014700	9.939430
-0.014600	8.944330
-0.014500	0.983494
-0.014400	3.968810
-0.014300	5.959010
-0.014200	1.978600
-0.014100	-0.011610
-0.014000	1.978600
-0.013900	3.968810
-0.013800	-0.011610
-0.013700	-2.001820
-0.013600	-1.006710
-0.013500	-2.001820
-0.013400	1.978600
-0.013300	-2.499370
-0.013200	1.978600
-0.013100	7.949220
-0.013000	-2.499370
-0.012900	-5.982230
-0.012800	-2.001820
-0.012700	1.978600
-0.012600	1.978600
-0.012500	-0.509162
-0.012400	-2.001820
-0.012300	1.978600
-0.012200	5.959010
-0.012100	0.983494
-0.012000	-2.996920
-0.011900	1.978600
-0.011800	2.476150
-0.011700	1.978600
-0.011600	-2.001820
-0.011500	1.978600
-0.011400	4.963910
-0.011300	0.983494
-0.011200	-2.001820
-0.011100	7.949220
-0.011000	9.441880
-0.010900	0.983494
-0.010800	2.973700
-0.010700	7.949220
-0.010600	-0.011610
-0.010500	-5.982230
-0.010400	-2.499370
-0.010300	0.983494
-0.010200	0.983494
-0.010100	3.471250
-0.010000	0.983494
-0.009900	-0.011610
-0.009800	-0.011610
-0.009700	-2.996920
-0.009600	-0.011610
-0.009500	4.963910
-0.009400	3.968810
-0.009300	-0.011610
-0.009200	2.973700
-0.009100	3.471250
-0.009000	-0.011610
-0.008900	4.963910
-0.008800	0.983494
-0.008700	-2.001820
-0.008600	-0.011610
-0.008500	4.466360
-0.008400	5.959010
-0.008300	3.968810
-0.008200	-2.001820
-0.008100	-2.001820
-0.008000	1.978600
-0.007900	5.461460
-0.007800	-0.011610
-0.007700	1.481050
-0.007600	0.983494
-0.007500	-2.001820
-0.007400	-2.001820
-0.007300	0.983494
-0.007200	-3.992030
-0.007100	1.978600
-0.007000	5.959010
-0.006900	3.968810
-0.006800	1.978600
-0.006700	-0.011610
-0.006600	3.968810
-0.006500	5.959010
-0.006400	0.983494
-0.006300	-3.992030
-0.006200	0.983494
-0.006100	-0.011610
-0.006000	-5.982230
-0.005900	-5.982230
-0.005800	1.978600
-0.005700	2.476150
-0.005600	-2.001820
-0.005500	-5.982230
-0.005400	-5.982230
-0.005300	-0.011610
-0.005200	-2.001820
-0.005100	0.983494
-0.005000	-0.011610
-0.004900	-2.001820
-0.004800	-2.499370
-0.004700	-5.982230
-0.004600	-2.996920
-0.004500	-0.011610
-0.004400	-0.011610
-0.004300	1.978600
-0.004200	4.963910
-0.004100	1.978600
-0.004000	2.973700
-0.003900	1.978600
-0.003800	1.978600
-0.003700	7.949220
-0.003600	0.983494
-0.003500	3.968810
-0.003400	3.968810
-0.003300	5.959010
-0.003200	4.466360
-0.003100	4.963910
-0.003000	-0.509162
-0.002900	-3.494470
-0.002800	1.978600
-0.002700	-2.001820
-0.002600	-2.001820
-0.002500	-0.011610
-0.002400	2.973700
-0.002300	3.968810
-0.002200	9.939430
-0.002100	1.978600
-0.002000	-2.001820
-0.001900	1.978600
-0.001800	3.968810
-0.001700	-1.006710
-0.001600	-2.996920
-0.001500	5.959010
-0.001400	4.963910
-0.001300	-0.011610
-0.001200	-2.996920
-0.001100	-0.011610
-0.001000	1.978600
-0.000900	-2.001820
-0.000800	-0.011610
-0.000700	7.451670
-0.000600	1.978600
-0.000500	-1.006710
-0.000400	1.978600
-0.000300	3.968810
-0.000200	-3.992030
-0.000100	3.968810
0.000000	-0.011610
0.000100	-6.977340
0.000200	-0.011610
0.000300	-3.992030
0.000400	-3.992030
0.000500	-0.011610
0.000600	0.983494
0.000700	-3.992030
0.000800	9.939430
0.000900	5.959010
0.001000	-17.923500
0.001100	-14.938200
0.001200	1.978600
0.001300	7.949220
0.001400	0.485942
0.001500	-13.943100
0.001600	-6.977340
0.001700	4.963910
0.001800	-0.011610
0.001900	-23.894100
0.002000	-33.845100
0.002100	-5.982230
0.002200	5.959010
0.002300	8.944330
0.002400	7.949220
0.002500	21.880699
0.002600	29.841499
0.002700	-13.943100
0.002800	-2.996920
0.002900	-3.992030
0.003000	-7.474890
0.003100	7.949220
0.003200	22.875799
0.003300	-3.992030
0.003400	-18.918600
0.003500	-3.992030
0.003600	12.924700
0.003700	-0.011610
0.003800	-13.943100
0.003900	-16.928400
0.004000	-21.903900
0.004100	-24.889200
0.004200	-21.903900
0.004300	-12.948000
0.004400	-9.962650
0.004500	-2.499370
0.004600	-7.972440
0.004700	-14.938200
0.004800	-17.923500
0.004900	-21.903900
0.005000	-22.899000
0.005100	-11.952900
0.005200	-10.957800
0.005300	-20.908800
0.005400	-13.943100
0.005500	-9.962650
0.005600	-12.948000
0.005700	7.949220
0.005800	12.427200
0.005900	3.471250
0.006000	1.978600
0.006100	-0.011610
0.006200	-0.011610
0.006300	3.968810
0.006400	11.929600
0.006500	5.959010
0.006600	9.939430
0.006700	6.954120
0.006800	-2.001820
0.006900	-11.952900
0.007000	-14.938200
0.007100	-5.982230
0.007200	-0.011610
0.007300	4.963910
0.007400	9.939430
0.007500	1.978600
0.007600	-3.992030
0.007700	-5.982230
0.007800	-15.933300
0.007900	-11.952900
0.008000	-6.977340
0.008100	-15.933300
0.008200	-8.967550
0.008300	-12.450400
0.008400	-23.894100
0.008500	-15.933300
0.008600	-17.923500
0.008700	-23.894100
0.008800	-33.845100
0.008900	-25.884300
0.009000	-29.864700
0.009100	-38.820702
0.009200	-31.854900
0.009300	-31.854900
0.009400	-29.864700
0.009500	-11.952900
0.009600	-21.903900
0.009700	-31.854900
0.009800	-21.903900
0.009900	-27.874500
0.010000	-40.810902
0.010100	-26.879400
0.010200	-21.903900
0.010300	-9.962650
0.010400	-4.987130
0.010500	-4.489580
0.010600	-2.001820
0.010700	-9.962650
0.010800	-5.982230
0.010900	-15.933300
0.011000	-32.352501
0.011100	-27.377001
0.011200	-25.884300
0.011300	-55.737400
0.011400	-86.585701
0.011500	-113.453003
0.011600	-133.356003
0.011700	-170.173996
0.011800	-183.110992
0.011900	-171.667007
0.012000	-177.139999
0.012100	-186.095993
0.012200	-177.139999
0.012300	-164.203995
0.012400	-151.266998
0.012500	-142.311005
0.012600	-125.394997
0.012700	-113.453003
0.012800	-105.492996
0.012900	-105.492996
0.013000	-83.600304
0.013100	-66.683601
0.013200	-80.614998
0.013300	-97.531799
0.013400	-83.102798
0.013500	-51.757000
0.013600	-38.820702
0.013700	-31.854900
0.013800	-29.864700
0.013900	-47.776600
0.014000	-37.825600
0.014100	-23.894100
0.014200	-56.732498
0.014300	-58.722698
0.014400	-34.840199
0.014500	-14.938200
0.014600	6.954120
0.014700	-8.967550
0.014800	-20.411200
0.014900	-14.938200
0.015000	-8.967550
0.015100	-11.952900
0.015200	-17.923500
0.015300	-31.854900
0.015400	-39.815800
0.015500	-33.845100
0.015600	-47.776600
0.015700	-41.806000
0.015800	-29.864700
0.015900	-26.879400
0.016000	-21.903900
0.016100	-2.996920
0.016200	35.314602
0.016300	39.792599
0.016400	37.802299
0.016500	21.880699
0.016600	-16.928400
0.016700	-47.776600
0.016800	-73.649300
0.016900	-87.580803
0.017000	-105.492996
0.017100	-91.561203
0.017200	-73.649300
0.017300	-53.747200
0.017400	-50.761902
0.017500	-59.717800
0.017600	-73.649300
0.017700	-87.580803
0.017800	-87.580803
0.017900	-90.566101
0.018000	-99.522003
0.018100	-89.570999
0.018200	-82.605202
0.018300	-75.639503
0.018400	-58.225201
0.018500	-47.776600
0.018600	-47.776600
0.018700	-35.835400
0.018800	-31.854900
0.018900	-42.801102
0.019000	-74.644402
0.019100	-92.556297
0.019200	-85.590599
0.019300	-73.649300
0.019400	-49.766800
0.019500	-25.884300
0.019600	8.944330
0.019700	13.919800
0.019800	5.959010
0.019900	25.861099
0.020000	22.875799
0.020100	-3.992030
0.020200	-5.982230
0.020300	-3.992030
0.020400	-14.440600
0.020500	-19.913700
0.020600	-22.899000
0.020700	-25.884300
0.020800	-21.903900
0.020900	-17.923500
0.021000	-65.688499
0.021100	-66.683601
0.021200	-3.992030
0.021300	-18.421000
0.021400	-62.703201
0.021500	-49.766800
0.021600	-2.499370
0.021700	28.846399
0.021800	19.392900
0.021900	9.939430
0.022000	-13.943100
0.022100	-21.903900
0.022200	-13.943100
0.022300	-23.894100
0.022400	-38.323101
0.022500	-37.825600
0.022600	-39.815800
0.022700	-65.688499
0.022800	-87.580803
0.022900	-77.629700
0.023000	-75.639503
0.023100	-73.649300
0.023200	-53.747200
0.023300	-59.717800
0.023400	-73.649300
0.023500	-74.644402
0.023600	-82.605202
0.023700	-85.590599
0.023800	-81.610100
0.023900	-77.629700
0.024000	-83.600304
0.024100	-97.531799
0.024200	-125.394997
0.024300	-146.292007
0.024400	-151.266998
0.024500	-161.218002
0.024600	-174.651993
0.024700	-170.173996
0.024800	-137.335999
0.024900	-131.365005
0.025000	-141.315994
0.025100	-138.330994
0.025200	-127.385002
0.025300	-127.385002
0.025400	-133.356003
0.025500	-153.257996
0.025600	-193.061996
0.025700	-229.880997
0.025800	-250.778000
0.025900	-258.739014
0.026000	-248.787994
0.026100	-240.826996
0.026200	-248.787994
0.026300	-254.757996
0.026400	-282.621002
0.026500	-314.962006
0.026600	-328.395996
0.026700	-342.326996
0.026800	-349.292999
0.026900	-366.209991
0.027000	-386.609985
0.027100	-398.053009
0.027200	-411.984985
0.027300	-413.975006
0.027400	-398.053009
0.027500	-396.062988
0.027600	-393.078003
0.027700	-378.151001
0.027800	-401.039001
0.027900	-427.906006
0.028000	-427.906006
0.028100	-408.003998
0.028200	-396.062988
0.028300	-393.078003
0.028400	-391.087006
0.028500	-391.087006
0.028600	-431.886993
0.028700	-455.769012
0.028800	-429.897003
0.028900	-392.083008
0.029000	-357.253998
0.029100	-338.346985
0.029200	-356.259003
0.029300	-373.175995
0.029400	-384.122009
0.029500	-372.181000
0.029600	-353.273987
0.029700	-330.385986
0.029800	-298.542999
0.029900	-290.582001
0.030000	-305.509003
0.030100	-305.509003
0.030200	-307.498993
0.030300	-293.070007
0.030400	-256.747986
0.030500	-229.880997
0.030600	-224.904999
0.030700	-236.845993
0.030800	-245.802002
0.030900	-256.747986
0.031000	-250.778000
0.031100	-230.876007
0.031200	-212.964005
0.031300	-197.042007
0.031400	-198.037003
0.031500	-210.973999
0.031600	-206.992996
0.031700	-218.934006
0.031800	-222.914993
0.031900	-227.889999
0.032000	-252.768005
0.032100	-278.640991
0.032200	-294.562012
0.032300	-308.493988
0.032400	-308.493988
0.032500	-309.489014
0.032600	-310.484009
0.032700	-308.493988
0.032800	-294.562012
0.032900	-306.503998
0.033000	-320.434998
0.033100	-302.523010
0.033200	-299.537994
0.033300	-296.553009
0.033400	-285.605988
0.033500	-277.645996
0.033600	-270.679993
0.033700	-268.690002
0.033800	-268.690002
0.033900	-291.576996
0.034000	-314.463989
0.034100	-334.367004
0.034200	-352.278015
0.034300	-358.248993
0.034400	-356.259003
0.034500	-347.303009
0.034600	-342.326996
0.034700	-350.287994
0.034800	-342.326996
0.034900	-360.239014
0.035000	-382.131989
0.035100	-392.083008
0.035200	-384.122009
0.035300	-366.209991
0.035400	-345.312988
0.035500	-330.385986
0.035600	-338.346985
0.035700	-344.317993
0.035800	-340.337006
0.035900	-344.317993
0.036000	-338.346985
0.036100	-318.445007
0.036200	-302.523010
0.036300	-296.553009
0.036400	-287.098999
0.036500	-292.571991
0.036600	-288.093994
0.036700	-276.651001
0.036800	-250.778000
0.036900	-232.865997
0.037000	-214.953995
0.037100	-202.018005
0.037200	-208.983002
0.037300	-213.959000
0.037400	-205.003006
0.037500	-187.091003
0.037600	-171.169006
0.037700	-147.287003
0.037800	-131.365005
0.037900	-121.414001
0.038000	-111.462997
0.038100	-118.429001
0.038200	-115.444000
0.038300	-103.501999
0.038400	-93.551399
0.038500	-77.629700
0.038600	-62.205601
0.038700	-62.703201
0.038800	-66.683601
0.038900	-57.727600
0.039000	-44.293701
0.039100	-43.796200
0.039200	-43.796200
0.039300	-39.815800
0.039400	-43.796200
0.039500	-43.796200
0.039600	-39.815800
0.039700	-40.810902
0.039800	-37.825600
0.039900	-37.825600
0.040000	-46.781502
0.040100	-47.776600
0.040200	-51.757000
0.040300	-57.727600
0.040400	-53.747200
0.040500	-42.801102
0.040600	-35.835400
0.040700	-42.801102
0.040800	-42.801102
0.040900	-50.761902
0.041000	-66.683601
0.041100	-64.693398
0.041200	-57.727600
0.041300	-51.757000
0.041400	-46.781502
0.041500	-45.786400
0.041600	-53.747200
0.041700	-43.796200
0.041800	-33.845100
0.041900	-33.845100
0.042000	-21.903900
0.042100	-17.923500
0.042200	-13.943100
0.042300	-13.943100
0.042400	-19.913700
0.042500	-21.903900
0.042600	-15.933300
0.042700	-15.933300
0.042800	-9.962650
0.042900	-15.933300
0.043000	-14.938200
0.043100	-18.918600
0.043200	-33.845100
0.043300	-29.864700
0.043400	-23.894100
0.043500	-23.894100
0.043600	-20.908800
0.043700	-29.864700
0.043800	-34.342701
0.043900	-34.342701
0.044000	-29.864700
0.044100	-28.372101
0.044200	-23.894100
0.044300	-15.933300
0.044400	-15.933300
0.044500	-25.884300
0.044600	-29.864700
0.044700	-37.825600
0.044800	-53.747200
0.044900	-55.737400
0.045000	-62.205601
0.045100	-75.639503
0.045200	-91.561203
0.045300	-93.551399
0.045400	-89.570999
0.045500	-93.551399
0.045600	-88.575897
0.045700	-91.561203
0.045800	-86.585701
0.045900	-86.585701
0.046000	-94.546501
0.046100	-104.498001
0.046200	-117.433998
0.046300	-115.444000
0.046400	-109.473000
0.046500	-102.507004
0.046600	-95.541603
0.046700	-105.989998
0.046800	-121.414001
0.046900	-126.389999
0.047000	-137.335999
0.047100	-135.345993
0.047200	-133.852997
0.047300	-143.307007
0.047400	-150.272003
0.047500	-155.248001
0.047600	-164.203995
0.047700	-177.139999
0.047800	-176.145004
0.047900	-175.149994
0.048000	-181.121002
0.048100	-174.651993
0.048200	-173.160004
0.048300	-177.139999
0.048400	-165.199005
0.048500	-145.296997
0.048600	-101.512001
0.048700	-133.356003
0.048800	-196.544998
0.048900	-184.106003
0.049000	-179.130005
0.049100	-187.091003
0.049200	-183.608002
0.049300	-185.100998
0.049400	-185.100998
0.049500	-177.139999
0.049600	-191.072006
0.049700	-197.042007
0.049800	-189.080994
0.049900	-204.007996
0.050000	-212.964005
0.050100	-201.022995
0.050200	-201.022995
0.050300	-208.983002
0.050400	-201.022995
0.050500	-194.057007
0.050600	-197.042007
0.050700	-196.046997
0.050800	-197.042007
0.050900	-205.003006
0.051000	-216.944000
0.051100	-219.929993
0.051200	-222.417007
0.051300	-224.904999
0.051400	-222.914993
0.051500	-218.934006
0.051600	-217.938995
0.051700	-212.964005
0.051800	-213.959000
0.051900	-214.953995
0.052000	-213.959000
0.052100	-212.964005
0.052200	-211.968994
0.052300	-209.979004
0.052400	-205.003006
0.052500	-210.973999
0.052600	-216.944000
0.052700	-225.899994
0.052800	-224.904999
0.052900	-213.959000
0.053000	-211.968994
0.053100	-218.934006
0.053200	-220.925003
0.053300	-221.919998
0.053400	-226.895004
0.053500	-224.904999
0.053600	-228.886002
0.053700	-232.865997
0.053800	-224.904999
0.053900	-222.914993
0.054000	-216.944000
0.054100	-209.979004
0.054200	-208.983002
0.054300	-199.031998
0.054400	-198.037003
0.054500	-191.072006
0.054600	-194.057007
0.054700	-183.110992
0.054800	-173.160004
0.054900	-153.257996
0.055000	-136.341003
0.055100	-149.276993
0.055200	-161.716003
0.055300	-153.257996
0.055400	-138.330994
0.055500	-133.356003
0.055600	-125.394997
0.055700	-109.473000
0.055800	-97.531799
0.055900	-95.541603
0.056000	-85.590599
0.056100	-81.610100
0.056200	-87.580803
0.056300	-78.624802
0.056400	-62.703201
0.056500	-51.757000
0.056600	-47.776600
0.056700	-52.752102
0.056800	-51.757000
0.056900	-57.727600
0.057000	-60.215401
0.057100	-59.717800
0.057200	-67.678703
0.057300	-73.649300
0.057400	-73.649300
0.057500	-81.610100
0.057600	-83.600304
0.057700	-86.585701
0.057800	-89.570999
0.057900	-88.575897
0.058000	-91.561203
0.058100	-87.580803
0.058200	-91.561203
0.058300	-94.546501
0.058400	-99.522003
0.058500	-102.507004
0.058600	-107.483002
0.058700	-117.433998
0.058800	-127.385002
0.058900	-133.356003
0.059000	-137.335999
0.059100	-140.320999
0.059200	-133.356003
0.059300	-135.345993
0.059400	-141.315994
0.059500	-141.315994
0.059600	-145.296997
0.059700	-149.276993
0.059800	-149.774994
0.059900	-157.238007
0.060000	-161.218002
0.060100	-165.199005
0.060200	-165.199005
0.060300	-161.218002
0.060400	-177.139999
0.060500	-173.160004
0.060600	-176.145004
0.060700	-180.623001
0.060800	-176.145004
0.060900	-176.145004
0.061000	-182.115997
0.061100	-187.091003
0.061200	-197.042007
0.061300	-201.022995
0.061400	-207.988007
0.061500	-216.944000
0.061600	-212.964005
0.061700	-213.959000
0.061800	-221.919998
0.061900	-222.914993
0.062000	-225.899994
0.062100	-236.845993
0.062200	-236.845993
0.062300	-235.354004
0.062400	-235.850998
0.062500	-240.826996
0.062600	-235.850998
0.062700	-238.837006
0.062800	-242.817001
0.062900	-237.841003
0.063000	-232.865997
0.063100	-234.856003
0.063200	-233.860992
0.063300	-225.899994
0.063400	-225.403000
0.063500	-221.421997
0.063600	-217.938995
0.063700	-220.925003
0.063800	-214.953995
0.063900	-207.988007
0.064000	-211.470993
0.064100	-208.983002
0.064200	-203.013000
0.064300	-199.031998
0.064400	-202.018005
0.064500	-201.022995
0.064600	-189.080994
0.064700	-189.080994
0.064800	-185.100998
0.064900	-190.076004
0.065000	-191.072006
0.065100	-185.100998
0.065200	-177.139999
0.065300	-173.656998
0.065400	-171.169006
0.065500	-169.179001
0.065600	-173.160004
0.065700	-179.130005
0.065800	-171.169006
0.065900	-166.692001
0.066000	-169.179001
0.066100	-165.199005
0.066200	-163.209000
0.066300	-161.218002
0.066400	-163.209000
0.066500	-163.209000
0.066600	-157.238007
0.066700	-157.238007
0.066800	-149.276993
0.066900	-151.266998
0.067000	-153.257996
0.067100	-150.272003
0.067200	-157.238007
0.067300	-161.218002
0.067400	-154.253006
0.067500	-149.276993
0.067600	-147.287003
0.067700	-146.292007
0.067800	-153.257996
0.067900	-158.233002
0.068000	-153.257996
0.068100	-155.248001
0.068200	-165.199005
0.068300	-157.238007
0.068400	-154.253006
0.068500	-153.755005
0.068600	-156.242996
0.068700	-160.223007
0.068800	-173.160004
0.068900	-173.160004
0.069000	-165.199005
0.069100	-169.179001
0.069200	-170.173996
0.069300	-179.130005
0.069400	-179.628006
0.069500	-177.139999
0.069600	-185.100998
0.069700	-187.091003
0.069800	-186.593994
0.069900	-195.052002
0.070000	-195.052002
0.070100	-198.037003
0.070200	-208.983002
0.070300	-207.490997
0.070400	-216.944000
0.070500	-220.925003
0.070600	-212.964005
0.070700	-222.914993
0.070800	-230.876007
0.070900	-235.850998
0.071000	-231.871002
0.071100	-235.850998
0.071200	-244.807007
0.071300	-244.807007
0.071400	-244.807007
0.071500	-245.802002
0.071600	-245.802002
0.071700	-245.802002
0.071800	-253.763000
0.071900	-254.757996
0.072000	-252.768005
0.072100	-252.768005
0.072200	-246.796997
0.072300	-252.768005
0.072400	-252.768005
0.072500	-251.274994
0.072600	-243.811996
0.072700	-252.768005
0.072800	-252.768005
0.072900	-251.274994
0.073000	-248.787994
0.073100	-252.768005
0.073200	-246.796997
0.073300	-243.811996
0.073400	-241.822006
0.073500	-245.304993
0.073600	-244.807007
0.073700	-240.826996
0.073800	-236.845993
0.073900	-230.876007
0.074000	-232.865997
0.074100	-233.363007
0.074200	-228.886002
0.074300	-230.876007
0.074400	-232.865997
0.074500	-224.904999
0.074600	-222.914993
0.074700	-222.914993
0.074800	-216.944000
0.074900	-206.992996
0.075000	-212.964005
0.075100	-213.959000
0.075200	-206.992996
0.075300	-205.003006
0.075400	-201.022995
0.075500	-199.031998
0.075600	-193.061996
0.075700	-188.085999
0.075800	-189.080994
0.075900	-190.076004
0.076000	-179.130005
0.076100	-173.160004
0.076200	-167.188995
0.076300	-164.203995
0.076400	-162.214005
0.076500	-156.242996
0.076600	-149.276993
0.076700	-145.296997
0.076800	-137.335999
0.076900	-139.326004
0.077000	-137.335999
0.077100	-128.380005
0.077200	-131.365005
0.077300	-134.350998
0.077400	-123.902000
0.077500	-125.394997
0.077600	-124.400002
0.077700	-116.439003
0.077800	-123.404999
0.077900	-121.414001
0.078000	-113.453003
0.078100	-114.448997
0.078200	-117.433998
0.078300	-109.473000
0.078400	-109.473000
0.078500	-105.492996
0.078600	-107.483002
0.078700	-103.501999
0.078800	-106.487999
0.078900	-107.483002
0.079000	-101.512001
0.079100	-100.516998
0.079200	-103.501999
0.079300	-96.039101
0.079400	-93.551399
0.079500	-95.541603
0.079600	-92.556297
0.079700	-86.585701
0.079800	-97.531799
0.079900	-98.526901
0.080000	-85.590599
0.080100	-82.107697
0.080200	-82.605202
0.080300	-79.619904
0.080400	-80.117500
0.080500	-83.600304
0.080600	-78.624802
0.080700	-81.610100
0.080800	-73.649300
0.080900	-67.678703
0.081000	-68.673798
0.081100	-69.668900
0.081200	-66.683601
0.081300	-66.185997
0.081400	-63.698299
0.081500	-63.698299
0.081600	-61.708099
0.081700	-65.688499
0.081800	-63.698299
0.081900	-62.205601
0.082000	-57.727600
0.082100	-53.747200
0.082200	-55.737400
0.082300	-53.747200
0.082400	-51.757000
0.082500	-43.796200
0.082600	-40.810902
0.082700	-43.796200
0.082800	-41.806000
0.082900	-47.776600
0.083000	-43.796200
0.083100	-41.806000
0.083200	-46.781502
0.083300	-44.293701
0.083400	-43.298599
0.083500	-46.283901
0.083600	-46.781502
0.083700	-41.806000
0.083800	-41.806000
0.083900	-41.806000
0.084000	-41.806000
0.084100	-45.786400
0.084200	-38.820702
0.084300	-39.815800
0.084400	-45.786400
0.084500	-45.786400
0.084600	-41.806000
0.084700	-28.372101
0.084800	-29.864700
0.084900	-37.825600
0.085000	-29.864700
0.085100	-30.859800
0.085200	-33.845100
0.085300	-28.869600
0.085400	-31.854900
0.085500	-37.825600
0.085600	-33.845100
0.085700	-35.835400
0.085800	-35.835400
0.085900	-31.854900
0.086000	-27.874500
0.086100	-29.864700
0.086200	-29.864700
0.086300	-25.884300
0.086400	-29.864700
0.086500	-29.864700
0.086600	-27.874500
0.086700	-25.884300
0.086800	-29.864700
0.086900	-21.903900
0.087000	-17.923500
0.087100	-27.874500
0.087200	-22.899000
0.087300	-18.421000
0.087400	-22.899000
0.087500	-21.903900
0.087600	-20.908800
0.087700	-23.894100
0.087800	-13.943100
0.087900	-18.421000
0.088000	-19.913700
0.088100	-12.450400
0.088200	-17.923500
0.088300	-17.923500
0.088400	-14.938200
0.088500	-12.948000
0.088600	-7.972440
0.088700	-15.933300
0.088800	-13.943100
0.088900	-13.943100
0.089000	-12.948000
0.089100	-13.943100
0.089200	-13.943100
0.089300	-12.948000
0.089400	-9.962650
0.089500	-13.943100
0.089600	-8.967550
0.089700	-6.977340
0.089800	-11.952900
0.089900	-11.952900
0.090000	-4.987130
0.090100	-10.957800
0.090200	-13.943100
0.090300	-8.967550
0.090400	-11.952900
0.090500	-9.962650
0.090600	-9.962650
0.090700	-10.957800
0.090800	-10.957800
0.090900	-10.957800
0.091000	-11.952900
0.091100	-12.948000
0.091200	-7.972440
0.091300	-11.952900
0.091400	-9.962650
0.091500	-9.962650
0.091600	-8.469990
0.091700	-7.474890
0.091800	-12.948000
0.091900	-5.982230
0.092000	-0.011610
0.092100	-3.992030
0.092200	-5.982230
0.092300	-3.992030
0.092400	-7.972440
0.092500	-4.987130
0.092600	-2.001820
0.092700	-2.001820
0.092800	-9.962650
0.092900	-10.957800
0.093000	-4.987130
0.093100	-7.972440
0.093200	-8.967550
0.093300	-2.996920
0.093400	-1.006710
0.093500	-5.982230
0.093600	-8.967550
0.093700	-11.952900
0.093800	-3.992030
0.093900	-3.992030
0.094000	-6.977340
0.094100	-3.992030
0.094200	-3.992030
0.094300	-4.987130
0.094400	-5.982230
0.094500	-4.987130
0.094600	-9.962650
0.094700	-3.992030
0.094800	-3.992030
0.094900	-4.987130
0.095000	-2.001820
0.095100	-3.992030
0.095200	-3.992030
0.095300	-5.982230
0.095400	-5.982230
0.095500	-2.001820
0.095600	-5.982230
0.095700	-0.011610
0.095800	1.978600
0.095900	-9.962650
0.096000	-5.982230
0.096100	3.968810
0.096200	1.978600
0.096300	-3.992030
0.096400	4.963910
0.096500	1.978600
0.096600	1.978600
0.096700	1.978600
0.096800	3.968810
0.096900	7.451670
0.097000	9.939430
0.097100	7.949220
0.097200	0.983494
0.097300	-2.996920
0.097400	1.978600
0.097500	1.978600
0.097600	-0.011610
0.097700	-0.011610
0.097800	4.963910
0.097900	2.973700
0.098000	-0.011610
0.098100	1.978600
0.098200	1.978600
0.098300	3.968810
0.098400	0.983494
0.098500	3.968810
0.098600	-2.001820
0.098700	1.481050
0.098800	8.944330
0.098900	2.973700
0.099000	-1.006710
0.099100	2.973700
0.099200	7.949220
0.099300	5.959010
0.099400	3.968810
0.099500	7.949220
0.099600	-0.011610
0.099700	2.973700
0.099800	3.968810
0.099900	8.446770
0.100000	7.949220
0.100100	1.481050
0.100200	-0.011610
0.100300	-0.011610
0.100400	-0.011610
0.100500	-5.982230
0.100600	-6.977340
0.100700	-2.001820
0.100800	0.983494
0.100900	3.471250
0.101000	-5.982230
0.101100	-5.982230
0.101200	-3.992030
0.101300	-11.952900
0.101400	-11.952900
0.101500	-5.982230
0.101600	-6.977340
0.101700	-2.001820
0.101800	-9.962650
0.101900	-10.957800
0.102000	-2.996920
0.102100	-4.489580
0.102200	-6.977340
0.102300	-0.011610
0.102400	-2.001820
0.102500	-2.001820
0.102600	-0.011610
0.102700	-3.992030
0.102800	0.983494
0.102900	-3.992030
0.103000	-0.011610
0.103100	-3.494470
0.103200	-7.972440
0.103300	-4.987130
0.103400	-5.982230
0.103500	-11.952900
0.103600	-3.992030
0.103700	-5.982230
0.103800	-6.977340
0.103900	-2.001820
0.104000	-2.996920
0.104100	-5.982230
0.104200	-3.992030
0.104300	-9.962650
0.104400	-9.962650
0.104500	-8.967550
0.104600	-9.962650
0.104700	-13.943100
0.104800	-9.962650
0.104900	-9.962650
0.105000	-10.957800
0.105100	-6.977340
0.105200	-11.952900
0.105300	-7.972440
0.105400	-9.962650
0.105500	-6.479790
0.105600	-5.982230
0.105700	-11.952900
0.105800	-9.962650
0.105900	-4.987130
0.106000	-13.943100
0.106100	-7.972440
0.106200	-7.972440
0.106300	-21.903900
0.106400	-13.943100
0.106500	-4.489580
0.106600	-10.957800
0.106700	-7.972440
0.106800	-1.006710
0.106900	-9.962650
0.107000	-9.962650
0.107100	-3.992030
0.107200	-9.962650
0.107300	-9.962650
0.107400	-5.982230
0.107500	-10.957800
0.107600	-11.952900
0.107700	-7.474890
0.107800	-9.962650
0.107900	-9.962650
0.108000	-11.952900
0.108100	-15.933300
0.108200	-9.962650
0.108300	-11.952900
0.108400	-17.923500
0.108500	-15.933300
0.108600	-12.450400
0.108700	-14.938200
0.108800	-17.923500
0.108900	-17.923500
0.109000	-9.962650
0.109100	-15.933300
0.109200	-9.962650
0.109300	-7.972440
0.109400	-17.923500
0.109500	-22.899000
0.109600	-17.923500
0.109700	-17.923500
0.109800	-17.923500
0.109900	-16.430799
0.110000	-17.923500
0.110100	-13.943100
0.110200	-14.938200
0.110300	-18.918600
0.110400	-15.933300
0.110500	-11.952900
0.110600	-15.933300
0.110700	-16.430799
0.110800	-13.943100
0.110900	-17.923500
0.111000	-13.943100
0.111100	-15.435700
0.111200	-15.933300
0.111300	-17.923500
0.111400	-14.938200
0.111500	-13.943100
0.111600	-14.938200
0.111700	-16.928400
0.111800	-15.933300
0.111900	-9.962650
0.112000	-13.943100
0.112100	-12.948000
0.112200	-3.992030
0.112300	-7.972440
0.112400	-11.952900
0.112500	-9.962650
0.112600	-8.967550
0.112700	-3.992030
0.112800	-4.489580
0.112900	-5.982230
0.113000	-5.982230
0.113100	-4.489580
0.113200	-5.982230
0.113300	-13.943100
0.113400	-7.474890
0.113500	-9.962650
0.113600	-13.943100
0.113700	-4.987130
0.113800	-7.972440
0.113900	-7.972440
0.114000	-0.011610
0.114100	-5.982230
0.114200	-11.952900
0.114300	-5.982230
0.114400	-9.962650
0.114500	-4.489580
0.114600	1.978600
0.114700	3.968810
0.114800	-3.992030
0.114900	-3.992030
0.115000	-2.499370
0.115100	-6.977340
0.115200	-9.962650
0.115300	-0.011610
0.115400	-2.996920
0.115500	-11.952900
0.115600	-3.494470
0.115700	-6.977340
0.115800	-10.957800
0.115900	-2.001820
0.116000	-3.992030
0.116100	-14.938200
0.116200	-5.982230
0.116300	-6.977340
0.116400	-13.943100
0.116500	-14.938200
0.116600	-11.952900
0.116700	-5.982230
0.116800	-5.982230
0.116900	-0.011610
0.117000	-2.996920
0.117100	-9.962650
0.117200	-3.992030
0.117300	-6.977340
0.117400	-4.987130
0.117500	3.968810
0.117600	-1.006710
0.117700	-6.977340
0.117800	-4.489580
0.117900	-5.982230
0.118000	-5.982230
0.118100	-0.011610
0.118200	-5.982230
0.118300	-9.962650
0.118400	-3.992030
0.118500	3.968810
0.118600	-4.987130
0.118700	-6.479790
0.118800	-1.006710
0.118900	-7.972440
0.119000	-9.962650
0.119100	-2.001820
0.119200	-3.992030
0.119300	-9.962650
0.119400	-5.982230
0.119500	-3.992030
0.119600	-6.977340
0.119700	1.481050
0.119800	-2.001820
0.119900	-5.982230
0.120000	-5.982230
0.120100	-2.001820
0.120200	-7.972440
0.120300	-9.962650
0.120400	-3.992030
0.120500	-2.001820
0.120600	-5.982230
0.120700	-5.982230
0.120800	-4.987130
0.120900	-3.992030
0.121000	-10.957800
0.121100	-9.962650
0.121200	-9.962650
0.121300	-11.952900
0.121400	-3.992030
0.121500	-5.982230
0.121600	-9.962650
0.121700	-7.972440
0.121800	-9.962650
0.121900	-3.992030
0.122000	-5.982230
0.122100	-7.972440
0.122200	-2.499370
0.122300	-9.962650
0.122400	-6.977340
0.122500	-2.996920
0.122600	-5.982230
0.122700	-5.982230
0.122800	-2.001820
0.122900	1.978600
0.123000	-7.972440
0.123100	-3.992030
0.123200	1.481050
0.123300	-7.972440
0.123400	-10.460200
0.123500	-3.992030
0.123600	-9.962650
0.123700	-9.962650
0.123800	-3.494470
0.123900	-5.982230
0.124000	-2.499370
0.124100	0.485942
0.124200	-5.982230
0.124300	-2.996920
0.124400	3.968810
0.124500	2.973700
0.124600	2.476150
0.124700	-2.001820
0.124800	0.983494
0.124900	-2.001820
0.125000	-2.001820
0.125100	1.978600
0.125200	-3.992030
0.125300	-1.006710
0.125400	-1.006710
0.125500	-3.992030
0.125600	-2.996920
0.125700	-4.987130
0.125800	-6.977340
0.125900	-3.992030
0.126000	-2.996920
0.126100	-2.996920
0.126200	-2.001820
0.126300	-6.977340
0.126400	-7.972440
0.126500	-6.479790
0.126600	-6.977340
0.126700	-0.011610
0.126800	1.978600
0.126900	1.978600
0.127000	1.481050
0.127100	9.939430
0.127200	3.968810
0.127300	0.983494
0.127400	9.939430
0.127500	4.963910
0.127600	8.944330
0.127700	8.446770
0.127800	4.963910
0.127900	1.978600
0.128000	3.968810
0.128100	1.978600
0.128200	-2.001820
0.128300	-5.982230
0.128400	-4.489580
0.128500	-7.972440
0.128600	-2.001820
0.128700	3.968810
0.128800	-0.011610
0.128900	3.968810
0.129000	-0.011610
0.129100	-0.011610
0.129200	3.968810
0.129300	2.973700
0.129400	-3.992030
0.129500	-0.011610
0.129600	1.978600
0.129700	0.983494
0.129800	-1.006710
0.129900	-2.996920
0.130000	-5.982230
0.130100	-3.992030
0.130200	-2.001820
0.130300	-0.011610
0.130400	-0.011610
0.130500	-2.001820
0.130600	-4.987130
0.130700	-5.982230
0.130800	-0.011610
0.130900	-0.011610
0.131000	-5.982230
0.131100	-0.011610
0.131200	-3.992030
0.131300	-5.982230
0.131400	0.983494
0.131500	1.978600
0.131600	-2.499370
0.131700	-2.001820
0.131800	5.959010
0.131900	-3.992030
0.132000	-7.972440
0.132100	-5.982230
0.132200	-2.001820
0.132300	-6.977340
0.132400	-5.982230
0.132500	-0.011610
0.132600	-3.992030
0.132700	-2.001820
0.132800	-5.982230
0.132900	-2.001820
0.133000	-3.992030
0.133100	-5.982230
0.133200	-7.972440
0.133300	-7.972440
0.133400	-9.962650
0.133500	-7.972440
0.133600	-4.987130
0.133700	-5.982230
0.133800	-2.001820
0.133900	1.978600
0.134000	-3.992030
0.134100	-5.982230
0.134200	-0.011610
0.134300	-3.992030
0.134400	-3.992030
0.134500	-9.962650
0.134600	-5.982230
0.134700	-5.982230
0.134800	-3.992030
0.134900	-0.011610
0.135000	-0.011610
0.135100	-1.006710
0.135200	1.978600
0.135300	-0.011610
0.135400	-3.992030
0.135500	-6.977340
0.135600	-2.499370
0.135700	3.968810
0.135800	-3.992030
0.135900	-2.001820
0.136000	-2.001820
0.136100	-5.982230
0.136200	-1.006710
0.136300	-2.001820
0.136400	-5.982230
0.136500	-0.011610
0.136600	1.978600
0.136700	-2.001820
0.136800	-2.001820
0.136900	-0.011610
0.137000	-2.996920
0.137100	-1.006710
0.137200	-4.489580
0.137300	-5.982230
0.137400	1.978600
0.137500	-0.011610
0.137600	-0.011610
0.137700	-5.982230
0.137800	-9.962650
0.137900	-2.001820
0.138000	-2.001820
0.138100	-6.977340
0.138200	-5.982230
0.138300	-2.001820
0.138400	-3.992030
0.138500	-2.001820
0.138600	-5.982230
0.138700	-3.992030
0.138800	-2.996920
0.138900	-1.006710
0.139000	-2.001820
0.139100	-3.992030
0.139200	-5.982230
0.139300	1.978600
0.139400	-2.001820
0.139500	-7.972440
0.139600	-4.987130
0.139700	-3.992030
0.139800	-5.982230
0.139900	-2.001820
0.140000	-0.011610
0.140100	-7.972440
0.140200	-2.001820
0.140300	0.983494
0.140400	-5.982230
0.140500	-5.982230
0.140600	-6.977340
0.140700	-2.001820
0.140800	-3.992030
0.140900	-0.509162
0.141000	-5.982230
0.141100	-5.982230
0.141200	1.978600
0.141300	1.978600
0.141400	-4.489580
0.141500	1.978600
0.141600	1.978600
0.141700	-3.992030
0.141800	-0.011610
0.141900	-0.011610
0.142000	-2.996920
0.142100	-0.011610
0.142200	-1.006710
0.142300	-3.992030
0.142400	5.959010
0.142500	7.949220
0.142600	-5.982230
0.142700	-5.982230
0.142800	0.485942
0.142900	-7.972440
0.143000	-8.967550
0.143100	4.963910
0.143200	1.481050
0.143300	-0.509162
0.143400	3.968810
0.143500	-0.011610
0.143600	-0.011610
0.143700	1.978600
0.143800	1.978600
0.143900	1.978600
0.144000	9.939430
0.144100	9.939430
0.144200	-1.006710
0.144300	-5.982230
0.144400	-2.001820
0.144500	-0.011610
0.144600	-1.006710
0.144700	7.949220
0.144800	1.978600
0.144900	-2.996920
0.145000	3.471250
0.145100	0.983494
0.145200	-2.001820
0.145300	8.944330
0.145400	2.973700
0.145500	-2.996920
0.145600	-1.006710
0.145700	1.978600
0.145800	-2.001820
0.145900	1.978600
0.146000	-3.992030
0.146100	-5.982230
0.146200	0.983494
0.146300	-2.996920
0.146400	-5.982230
0.146500	0.983494
0.146600	1.978600
0.146700	-9.962650
0.146800	-9.962650
0.146900	-3.992030
0.147000	-2.001820
0.147100	-2.001820
0.147200	1.978600
0.147300	-5.982230
0.147400	-6.977340
0.147500	1.978600
0.147600	0.983494
0.147700	-7.972440
0.147800	-5.982230
0.147900	3.471250
0.148000	-3.992030
0.148100	0.485942
0.148200	-0.011610
0.148300	-5.982230
0.148400	-0.011610
0.148500	4.963910
0.148600	-0.011610
0.148700	-0.011610
0.148800	-0.509162
0.148900	1.481050
0.149000	-3.992030
0.149100	-2.001820
0.149200	0.485942
0.149300	-6.977340
0.149400	-2.996920
0.149500	-0.011610
0.149600	-6.479790
0.149700	-2.001820
0.149800	-3.992030
0.149900	-3.992030
0.150000	5.959010
0.150100	0.983494
0.150200	-2.001820
0.150300	-3.992030
0.150400	-2.001820
0.150500	4.963910
0.150600	1.978600
0.150700	0.983494
0.150800	-2.996920
0.150900	-2.996920
0.151000	-2.001820
0.151100	-3.992030
0.151200	2.476150
0.151300	-0.011610
0.151400	-1.006710
0.151500	-5.982230
0.151600	-7.972440
0.151700	-1.006710
0.151800	-2.001820
0.151900	-0.011610
0.152000	-2.001820
0.152100	-3.992030
0.152200	-1.006710
0.152300	7.949220
0.152400	3.968810
0.152500	3.968810
0.152600	4.963910
0.152700	1.978600
0.152800	-0.011610
0.152900	-1.006710
0.153000	2.476150
0.153100	-2.001820
0.153200	1.978600
0.153300	1.978600
0.153400	-2.001820
0.153500	4.963910
0.153600	7.949220
0.153700	-6.977340
0.153800	-2.001820
0.153900	3.471250
0.154000	-3.992030
0.154100	-1.006710
0.154200	1.978600
0.154300	1.978600
0.154400	1.978600
0.154500	1.978600
0.154600	5.959010
0.154700	-2.001820
0.154800	-0.011610
0.154900	-5.982230
0.155000	0.983494
0.155100	-3.494470
0.155200	-7.972440
0.155300	-2.001820
0.155400	-4.987130
0.155500	-2.001820
0.155600	3.968810
0.155700	-3.992030
0.155800	1.978600
0.155900	0.983494
0.156000	-5.982230
0.156100	-0.011610
0.156200	0.983494
0.156300	-2.001820
0.156400	-2.001820
0.156500	1.978600
0.156600	0.983494
0.156700	-3.992030
0.156800	0.983494
0.156900	-0.011610
0.157000	-2.001820
0.157100	0.983494
0.157200	-0.011610
0.157300	-5.982230
0.157400	-2.996920
0.157500	-4.987130
0.157600	2.973700
0.157700	2.973700
0.157800	-5.982230
0.157900	-2.499370
0.158000	1.978600
0.158100	-2.001820
0.158200	1.481050
0.158300	5.959010
0.158400	0.983494
0.158500	-2.001820
0.158600	-3.992030
0.158700	-2.996920
0.158800	-2.001820
0.158900	-2.001820
0.159000	-0.011610
0.159100	0.983494
0.159200	0.983494
0.159300	-2.001820
0.159400	-2.001820
0.159500	-1.006710
0.159600	-0.011610
0.159700	-0.011610
0.159800	-3.992030
0.159900	-2.996920
0.160000	2.973700
0.160100	-5.982230
0.160200	-5.982230
0.160300	1.481050
0.160400	-3.992030
0.160500	-5.982230
0.160600	-5.982230
0.160700	-5.982230
0.160800	-2.001820
0.160900	1.978600
0.161000	-5.982230
0.161100	-4.987130
0.161200	1.978600
0.161300	-5.982230
0.161400	-5.982230
0.161500	3.968810
0.161600	-3.992030
0.161700	-2.996920
0.161800	5.959010
0.161900	1.978600
0.162000	-1.006710
0.162100	1.978600
0.162200	1.978600
0.162300	-3.992030
0.162400	3.968810
0.162500	5.959010
0.162600	3.968810
0.162700	-2.996920
0.162800	-0.011610
0.162900	3.471250
0.163000	-0.011610
0.163100	5.959010
0.163200	2.973700
0.163300	-2.001820
0.163400	0.983494
0.163500	-0.011610
0.163600	-3.992030
0.163700	-2.001820
0.163800	-0.011610
0.163900	-2.996920
0.164000	-2.001820
0.164100	-3.992030
0.164200	-2.001820
0.164300	5.959010
0.164400	-0.011610
0.164500	-2.499370
0.164600	3.471250
0.164700	1.978600
0.164800	1.978600
0.164900	1.978600
0.165000	-2.001820
0.165100	-4.987130
0.165200	-3.992030
0.165300	-0.011610
0.165400	0.983494
0.165500	1.481050
0.165600	0.983494
0.165700	-2.996920
0.165800	0.983494
0.165900	2.973700
0.166000	1.978600
0.166100	5.959010
0.166200	0.983494
0.166300	-2.001820
0.166400	-2.001820
0.166500	5.959010
0.166600	3.968810
0.166700	-2.001820
0.166800	-3.992030
0.166900	3.968810
0.167000	-0.011610
0.167100	-2.001820
0.167200	3.968810
0.167300	3.968810
0.167400	-5.982230
0.167500	3.968810
0.167600	5.959010
0.167700	-2.001820
0.167800	-0.011610
0.167900	-0.011610
0.168000	-7.972440
0.168100	-2.001820
0.168200	-2.001820
0.168300	-5.982230
0.168400	-2.996920
0.168500	-5.982230
0.168600	1.978600
0.168700	0.983494
0.168800	8.446770
0.168900	1.978600
0.169000	-3.992030
0.169100	1.978600
0.169200	3.968810
0.169300	-2.001820
0.169400	-0.011610
0.169500	1.978600
0.169600	-3.992030
0.169700	-1.006710
0.169800	-0.011610
0.169900	-3.494470
0.170000	3.968810
0.170100	0.983494
0.170200	-0.011610
0.170300	5.959010
0.170400	7.949220
0.170500	1.978600
0.170600	4.963910
0.170700	3.968810
0.170800	1.978600
0.170900	-2.001820
0.171000	2.476150
0.171100	2.476150
0.171200	-2.001820
0.171300	-2.001820
0.171400	-0.509162
0.171500	-3.992030
0.171600	-1.006710
0.171700	0.983494
0.171800	-3.992030
0.171900	-2.001820
0.172000	-2.001820
0.172100	-6.977340
0.172200	-1.006710
0.172300	0.983494
0.172400	-2.001820
0.172500	-4.987130
0.172600	-1.006710
0.172700	-2.001820
0.172800	-7.972440
0.172900	-0.011610
0.173000	-2.001820
0.173100	-3.992030
0.173200	1.978600
0.173300	-0.011610
0.173400	-2.996920
0.173500	-2.996920
0.173600	-3.992030
0.173700	-2.001820
0.173800	1.978600
0.173900	1.978600
0.174000	1.978600
0.174100	1.978600
0.174200	-2.996920
0.174300	0.485942
0.174400	1.978600
0.174500	1.978600
0.174600	1.978600
0.174700	-2.001820
0.174800	3.968810
0.174900	1.978600
0.175000	1.978600
0.175100	-2.996920
0.175200	1.978600
0.175300	1.978600
0.175400	3.968810
0.175500	1.978600
0.175600	-0.011610
0.175700	-2.001820
0.175800	0.983494
0.175900	1.978600
0.176000	1.978600
0.176100	-2.001820
0.176200	-0.011610
0.176300	0.983494
0.176400	-3.992030
0.176500	1.978600
0.176600	-2.001820
0.176700	-0.011610
0.176800	0.983494
0.176900	-2.996920
0.177000	3.968810
0.177100	1.978600
0.177200	1.978600
0.177300	-2.001820
0.177400	-2.001820
0.177500	0.983494
0.177600	3.968810
0.177700	1.978600
0.177800	2.973700
0.177900	-0.011610
0.178000	1.978600
0.178100	3.968810
0.178200	-0.011610
0.178300	3.968810
0.178400	1.978600
0.178500	1.978600
0.178600	4.963910
0.178700	9.939430
0.178800	1.978600
0.178900	-3.992030
0.179000	-0.011610
0.179100	4.963910
0.179200	1.978600
0.179300	1.978600
0.179400	2.973700
0.179500	1.978600
0.179600	2.973700
0.179700	-0.011610
0.179800	1.978600
0.179900	-2.001820
0.180000	-2.001820
0.180100	3.471250
0.180200	2.973700
0.180300	-5.982230
0.180400	-2.001820
0.180500	-0.011610
0.180600	-2.996920
0.180700	-2.001820
0.180800	-3.494470
0.180900	-0.011610
0.181000	0.983494
0.181100	3.968810
0.181200	5.461460
0.181300	3.968810
0.181400	-1.006710
0.181500	-2.001820
0.181600	1.978600
0.181700	-0.011610
0.181800	-0.011610
0.181900	3.968810
0.182000	1.978600
0.182100	0.983494
0.182200	2.973700
0.182300	-2.996920
0.182400	-9.962650
0.182500	-7.972440
0.182600	5.959010
0.182700	-2.001820
0.182800	-1.006710
0.182900	4.963910
0.183000	1.978600
0.183100	1.978600
0.183200	4.466360
0.183300	-1.006710
0.183400	1.978600
0.183500	1.978600
0.183600	1.978600
0.183700	3.968810
0.183800	0.983494
0.183900	-1.006710
0.184000	0.983494
0.184100	-3.992030
0.184200	0.983494
0.184300	5.959010
0.184400	-5.982230
0.184500	-2.001820
0.184600	0.485942
0.184700	1.978600
0.184800	0.983494
0.184900	0.983494
0.185000	-1.006710
0.185100	-2.001820
0.185200	-1.006710
0.185300	3.968810
0.185400	1.481050
0.185500	-2.001820
0.185600	1.978600
0.185700	-3.992030
0.185800	-2.001820
0.185900	-2.001820
0.186000	0.983494
0.186100	5.959010
0.186200	1.978600
0.186300	-3.992030
0.186400	1.978600
0.186500	3.968810
0.186600	-2.001820
0.186700	-0.011610
0.186800	-0.011610
0.186900	-3.992030
0.187000	-3.992030
0.187100	2.973700
0.187200	-2.001820
0.187300	-4.987130
0.187400	-0.011610
0.187500	-2.001820
0.187600	-2.001820
0.187700	3.471250
0.187800	4.963910
0.187900	1.978600
0.188000	-2.001820
0.188100	-5.982230
0.188200	-4.489580
0.188300	-6.977340
0.188400	-5.982230
0.188500	4.963910
0.188600	1.978600
0.188700	-0.011610
0.188800	-2.001820
0.188900	-1.006710
0.189000	-2.001820
0.189100	4.963910
0.189200	1.978600
0.189300	-3.992030
0.189400	3.471250
0.189500	4.963910
0.189600	1.978600
0.189700	5.959010
0.189800	-0.011610
0.189900	0.983494
0.190000	3.968810
0.190100	-2.996920
0.190200	-0.011610
0.190300	3.471250
0.190400	1.978600
0.190500	-2.001820
0.190600	-2.996920
0.190700	-2.001820
0.190800	-5.982230
0.190900	3.968810
0.191000	4.963910
0.191100	-1.006710
0.191200	-3.992030
0.191300	-0.011610
0.191400	4.963910
0.191500	-0.011610
0.191600	-2.996920
0.191700	0.983494
0.191800	-3.992030
0.191900	1.978600
0.192000	5.959010
0.192100	-1.006710
0.192200	1.978600
0.192300	5.461460
0.192400	-2.001820
0.192500	-2.001820
0.192600	-0.509162
0.192700	-5.484680
0.192800	-10.957800
0.192900	-4.987130
0.193000	-2.001820
0.193100	-7.972440
0.193200	-2.996920
0.193300	-0.011610
0.193400	-2.996920
0.193500	0.983494
0.193600	1.978600
0.193700	-5.982230
0.193800	1.978600
0.193900	-0.011610
0.194000	-4.489580
0.194100	-3.992030
0.194200	-3.992030
0.194300	-2.996920
0.194400	-1.006710
0.194500	-2.001820
0.194600	-2.001820
0.194700	-3.992030
0.194800	3.968810
0.194900	-0.011610
0.195000	-3.992030
0.195100	-2.001820
0.195200	-4.987130
0.195300	-0.011610
0.195400	4.963910
0.195500	-2.001820
0.195600	-2.499370
0.195700	5.959010
0.195800	-0.011610
0.195900	-0.011610
0.196000	1.978600
0.196100	-0.011610
0.196200	2.973700
0.196300	-2.996920
0.196400	-2.996920
0.196500	-2.001820
0.196600	-2.001820
0.196700	1.978600
0.196800	-2.001820
0.196900	1.978600
0.197000	-0.011610
0.197100	-3.992030
0.197200	-0.011610
0.197300	-0.011610
0.197400	-2.001820
0.197500	1.978600
0.197600	3.968810
0.197700	1.978600
0.197800	1.481050
0.197900	-2.001820
0.198000	1.978600
0.198100	3.968810
0.198200	1.978600
0.198300	3.968810
0.198400	5.959010
0.198500	-0.011610
0.198600	1.978600
0.198700	-6.977340
0.198800	-0.011610
0.198900	1.978600
0.199000	1.978600
0.199100	3.968810
0.199200	-3.992030
0.199300	-3.992030
0.199400	1.978600
0.199500	1.978600
0.199600	-0.011610
0.199700	2.973700
0.199800	1.978600
0.199900	0.983494
0.200000	0.983494
0.200100	3.471250
0.200200	0.983494
0.200300	5.461460
0.200400	5.959010
0.200500	3.968810
0.200600	1.978600
0.200700	-0.011610
0.200800	4.963910
0.200900	-2.996920
0.201000	-4.489580
0.201100	-2.996920
0.201200	-5.982230
0.201300	1.481050
0.201400	3.968810
0.201500	-2.001820
0.201600	-2.996920
0.201700	4.963910
0.201800	1.978600
0.201900	5.461460
0.202000	0.983494
0.202100	-0.011610
0.202200	0.983494
0.202300	3.968810
0.202400	1.978600
0.202500	-5.982230
0.202600	-2.001820
0.202700	-0.011610
0.202800	3.968810
0.202900	-0.011610
0.203000	-0.011610
0.203100	3.968810
0.203200	0.983494
0.203300	-2.001820
0.203400	5.959010
0.203500	5.959010
0.203600	-1.006710
0.203700	6.954120
0.203800	3.968810
0.203900	-0.011610
0.204000	1.978600
0.204100	5.461460
0.204200	-2.001820
0.204300	4.963910
0.204400	5.959010
0.204500	1.978600
0.204600	8.944330
0.204700	5.959010
0.204800	-0.011610
0.204900	-2.001820
0.205000	4.963910
0.205100	0.983494
0.205200	-0.011610
0.205300	1.481050
0.205400	-0.011610
0.205500	-0.011610
0.205600	2.973700
0.205700	0.983494
0.205800	-3.992030
0.205900	4.963910
0.206000	3.968810
0.206100	-6.977340
0.206200	-3.992030
0.206300	1.978600
0.206400	-0.011610
0.206500	1.978600
0.206600	5.959010
0.206700	4.466360
0.206800	-2.001820
0.206900	-2.001820
0.207000	-0.509162
0.207100	-3.992030
0.207200	-0.011610
0.207300	3.968810
0.207400	-2.001820
0.207500	7.949220
0.207600	5.959010
0.207700	-4.987130
0.207800	1.978600
0.207900	-2.001820
0.208000	-5.982230
0.208100	-0.011610
0.208200	1.978600
0.208300	-6.977340
0.208400	-2.001820
0.208500	0.983494
0.208600	-2.996920
0.208700	-2.996920
0.208800	2.973700
0.208900	-3.992030
0.209000	-7.972440
0.209100	1.978600
0.209200	-2.001820
0.209300	-6.977340
0.209400	1.978600
0.209500	3.968810
0.209600	-2.001820
0.209700	-0.011610
0.209800	-6.977340
0.209900	-9.962650
0.210000	-0.011610
0.210100	0.983494
0.210200	-2.996920
0.210300	1.978600
0.210400	-0.011610
0.210500	-0.011610
0.210600	3.968810
0.210700	5.959010
0.210800	-0.011610
0.210900	1.978600
0.211000	1.978600
0.211100	-5.982230
0.211200	-3.992030
0.211300	3.968810
0.211400	0.983494
0.211500	-2.001820
0.211600	1.978600
0.211700	1.978600
0.211800	-7.972440
0.211900	-1.006710
0.212000	0.485942
0.212100	-2.001820
0.212200	1.978600
0.212300	-0.509162
0.212400	-3.992030
0.212500	-2.001820
0.212600	-2.001820
0.212700	-5.982230
0.212800	-5.982230
0.212900	-2.001820
0.213000	-5.982230
0.213100	-2.001820
0.213200	4.466360
0.213300	-0.011610
0.213400	-3.992030
0.213500	-2.001820
0.213600	-1.006710
0.213700	-2.996920
0.213800	-1.006710
0.213900	-0.509162
0.214000	-2.001820
0.214100	1.978600
0.214200	0.983494
0.214300	1.978600
0.214400	1.978600
0.214500	3.968810
0.214600	3.968810
0.214700	-0.011610
0.214800	-0.011610
0.214900	-2.001820
0.215000	-0.011610
0.215100	0.983494
0.215200	-3.992030
0.215300	-2.996920
0.215400	-0.011610
0.215500	-0.011610
0.215600	4.963910
0.215700	-2.996920
0.215800	-2.996920
0.215900	0.983494
0.216000	-5.982230
0.216100	-3.992030
0.216200	1.978600
0.216300	1.978600
0.216400	1.978600
0.216500	-4.489580
0.216600	-3.992030
0.216700	-2.996920
0.216800	4.963910
0.216900	-2.001820
0.217000	-5.982230
0.217100	3.968810
0.217200	0.485942
0.217300	-5.982230
0.217400	2.973700
0.217500	1.978600
0.217600	-5.982230
0.217700	-0.011610
0.217800	1.978600
0.217900	-5.982230
0.218000	3.968810
0.218100	1.978600
0.218200	-4.987130
0.218300	-0.011610
0.218400	-0.011610
0.218500	-0.011610
0.218600	-2.001820
0.218700	3.968810
0.218800	1.978600
0.218900	1.978600
0.219000	1.481050
0.219100	-0.011610
0.219200	0.983494
0.219300	1.978600
0.219400	1.978600
0.219500	-5.982230
0.219600	-0.011610
0.219700	-0.011610
0.219800	1.978600
0.219900	-0.011610
0.220000	4.963910
0.220100	1.978600
0.220200	0.983494
0.220300	3.968810
0.220400	-0.509162
0.220500	-2.001820
0.220600	0.983494
0.220700	-1.006710
0.220800	-0.011610
0.220900	5.959010
0.221000	-0.011610
0.221100	3.968810
0.221200	9.939430
0.221300	-2.001820
0.221400	-2.499370
0.221500	3.968810
0.221600	-2.001820
0.221700	2.973700
0.221800	1.978600
0.221900	-1.006710
0.222000	-0.011610
0.222100	-2.001820
0.222200	-0.011610
0.222300	5.461460
0.222400	2.973700
0.222500	3.471250
0.222600	0.485942
0.222700	0.983494
0.222800	1.978600
0.222900	1.978600
0.223000	5.959010
0.223100	1.978600
0.223200	-2.996920
0.223300	1.978600
0.223400	10.437000
0.223500	-2.499370
0.223600	-0.011610
0.223700	7.949220
0.223800	1.978600
0.223900	-2.001820
0.224000	7.949220
0.224100	1.978600
0.224200	-5.982230
0.224300	1.978600
0.224400	-0.011610
0.224500	-2.001820
0.224600	1.978600
0.224700	5.959010
0.224800	-2.001820
0.224900	-2.001820
0.225000	5.959010
0.225100	0.983494
0.225200	-1.006710
0.225300	3.968810
0.225400	1.978600
0.225500	3.968810
0.225600	1.978600
0.225700	1.978600
0.225800	-2.001820
0.225900	-3.992030
0.226000	1.978600
0.226100	3.471250
0.226200	-4.987130
0.226300	2.476150
0.226400	1.978600
0.226500	-0.011610
0.226600	5.959010
0.226700	-2.001820
0.226800	-1.006710
0.226900	1.978600
0.227000	1.978600
0.227100	2.973700
0.227200	0.983494
0.227300	-0.011610
0.227400	1.978600
0.227500	1.978600
0.227600	3.968810
0.227700	4.963910
0.227800	0.983494
0.227900	3.968810
0.228000	-1.006710
0.228100	-0.509162
0.228200	1.978600
0.228300	1.978600
0.228400	-2.001820
0.228500	-4.987130
0.228600	1.978600
0.228700	1.978600
0.228800	-0.011610
0.228900	3.968810
0.229000	4.963910
0.229100	-0.011610
0.229200	3.968810
0.229300	3.968810
0.229400	1.978600
0.229500	4.963910
0.229600	3.968810
0.229700	-3.992030
0.229800	-2.001820
0.229900	5.461460
0.230000	-1.006710
0.230100	0.983494
0.230200	1.978600
0.230300	-2.001820
0.230400	1.978600
0.230500	3.968810
0.230600	1.978600
0.230700	-2.001820
0.230800	2.973700
0.230900	3.968810
0.231000	3.968810
0.231100	3.968810
0.231200	-2.001820
0.231300	-0.509162
0.231400	-2.001820
0.231500	-3.992030
0.231600	1.978600
0.231700	1.978600
0.231800	3.968810
0.231900	4.963910
0.232000	3.968810
0.232100	-0.011610
0.232200	-0.011610
0.232300	5.959010
0.232400	-2.001820
0.232500	-5.982230
0.232600	-2.996920
0.232700	5.461460
0.232800	0.983494
0.232900	1.978600
0.233000	-2.996920
0.233100	1.978600
0.233200	5.959010
0.233300	-3.992030
0.233400	-3.992030
0.233500	-0.011610
0.233600	4.963910
0.233700	4.963910
0.233800	-2.996920
0.233900	0.983494
0.234000	3.968810
0.234100	-2.001820
0.234200	-0.011610
0.234300	1.978600
0.234400	-2.001820
0.234500	-5.484680
0.234600	2.973700
0.234700	1.978600
0.234800	1.978600
0.234900	0.983494
0.235000	-2.001820
0.235100	-2.001820
0.235200	-5.982230
0.235300	-4.489580
0.235400	-2.001820
0.235500	-5.982230
0.235600	-5.982230
0.235700	0.983494
0.235800	-2.001820
0.235900	-2.001820
0.236000	3.471250
0.236100	-0.011610
0.236200	2.973700
0.236300	-2.001820
0.236400	-2.001820
0.236500	0.983494
0.236600	1.978600
0.236700	-1.006710
0.236800	-2.001820
0.236900	1.978600
0.237000	-0.011610
0.237100	-0.011610
0.237200	0.983494
0.237300	-0.011610
0.237400	-2.001820
0.237500	-2.996920
0.237600	-2.001820
0.237700	-0.011610
0.237800	-0.011610
0.237900	-3.992030
0.238000	1.978600
0.238100	0.983494
0.238200	-3.992030
0.238300	4.963910
0.238400	4.963910
0.238500	-0.011610
0.238600	-2.001820
0.238700	-0.011610
0.238800	-2.001820
0.238900	5.959010
0.239000	5.959010
0.239100	0.983494
0.239200	3.968810
0.239300	0.983494
0.239400	-5.982230
0.239500	-2.001820
0.239600	-1.006710
0.239700	-2.001820
0.239800	-0.011610
0.239900	0.983494
0.240000	-2.001820
0.240100	1.978600
0.240200	0.983494
0.240300	-0.011610
0.240400	-0.011610
0.240500	3.471250
0.240600	3.968810
0.240700	-0.011610
0.240800	0.983494
0.240900	1.978600
0.241000	-2.996920
0.241100	0.485942
0.241200	1.978600
0.241300	1.978600
0.241400	7.949220
0.241500	3.968810
0.241600	0.485942
0.241700	-0.011610
0.241800	1.978600
0.241900	2.973700
0.242000	5.959010
0.242100	0.983494
0.242200	-3.992030
0.242300	2.973700
0.242400	2.973700
0.242500	1.978600
0.242600	1.978600
0.242700	2.973700
0.242800	-7.972440
0.242900	-5.982230
0.243000	3.968810
0.243100	-2.499370
0.243200	-3.992030
0.243300	3.968810
0.243400	4.963910
0.243500	-2.001820
0.243600	2.476150
0.243700	-2.001820
0.243800	-2.996920
0.243900	3.968810
0.244000	2.973700
0.244100	0.983494
0.244200	-0.011610
0.244300	-0.011610
0.244400	4.963910
0.244500	3.968810
0.244600	5.959010
0.244700	1.978600
0.244800	3.968810
0.244900	4.963910
0.245000	7.949220
0.245100	2.476150
0.245200	-2.001820
0.245300	1.978600
0.245400	1.481050
0.245500	2.973700
0.245600	5.959010
0.245700	-2.001820
0.245800	-4.987130
0.245900	0.983494
0.246000	5.461460
0.246100	1.978600
0.246200	6.954120
0.246300	-2.996920
0.246400	-3.992030
0.246500	-2.499370
0.246600	-3.992030
0.246700	-6.977340
0.246800	0.983494
0.246900	7.451670
0.247000	1.978600
0.247100	3.968810
0.247200	5.959010
0.247300	0.983494
0.247400	5.959010
0.247500	7.949220
0.247600	-2.996920
0.247700	2.973700
0.247800	5.959010
0.247900	-3.992030
0.248000	-2.499370
0.248100	7.451670
0.248200	1.978600
0.248300	1.978600
0.248400	1.978600
0.248500	-0.011610
0.248600	-3.992030
0.248700	1.978600
0.248800	1.978600
0.248900	-6.977340
0.249000	3.968810
0.249100	1.978600
0.249200	-3.992030
0.249300	4.963910
0.249400	-0.011610
0.249500	1.978600
0.249600	7.949220
0.249700	-0.011610
0.249800	-3.992030
0.249900	1.978600
0.250000	1.978600
0.250100	1.978600
0.250200	9.939430
0.250300	1.481050
0.250400	-6.977340
0.250500	-3.992030
0.250600	-0.011610
0.250700	-3.992030
0.250800	-5.982230
0.250900	-1.006710
0.251000	0.983494
0.251100	0.983494
0.251200	0.983494
0.251300	-2.001820
0.251400	-2.001820
0.251500	3.968810
0.251600	-5.982230
0.251700	-2.996920
0.251800	3.968810
0.251900	-1.006710
0.252000	-5.982230
0.252100	1.978600
0.252200	0.983494
0.252300	-2.001820
0.252400	5.959010
0.252500	5.959010
0.252600	1.978600
0.252700	3.968810
0.252800	6.954120
0.252900	0.983494
0.253000	-2.001820
0.253100	-2.001820
0.253200	-3.992030
0.253300	2.973700
0.253400	-0.011610
0.253500	-1.006710
0.253600	7.949220
0.253700	1.978600
0.253800	-3.992030
0.253900	1.978600
0.254000	-2.499370
0.254100	-2.996920
0.254200	-0.011610
0.254300	-3.992030
0.254400	-3.992030
0.254500	-7.972440
0.254600	-5.982230
0.254700	-2.001820
0.254800	-2.001820
0.254900	3.968810
0.255000	-2.001820
0.255100	-0.011610
0.255200	3.968810
0.255300	-3.992030
0.255400	3.968810
0.255500	5.959010
0.255600	1.978600
0.255700	0.983494
0.255800	-2.001820
0.255900	0.983494
0.256000	0.983494
0.256100	-2.996920
0.256200	3.968810
0.256300	5.959010
0.256400	-0.011610
0.256500	0.983494
0.256600	-2.001820
0.256700	-2.001820
0.256800	-0.011610
0.256900	4.963910
0.257000	-2.996920
0.257100	-2.001820
0.257200	1.978600
0.257300	-5.982230
0.257400	-3.992030
0.257500	3.968810
0.257600	-3.992030
0.257700	-2.996920
0.257800	-2.996920
0.257900	-2.001820
0.258000	2.973700
0.258100	5.959010
0.258200	-2.996920
0.258300	-3.992030
0.258400	4.963910
0.258500	3.968810
0.258600	3.968810
0.258700	0.983494
0.258800	-3.992030
0.258900	-0.011610
0.259000	-0.011610
0.259100	-4.987130
0.259200	1.481050
0.259300	-0.011610
0.259400	-2.001820
0.259500	-0.011610
0.259600	-2.996920
0.259700	-5.982230
0.259800	-4.489580
0.259900	0.983494
0.260000	-2.001820
0.260100	1.978600
0.260200	3.968810
0.260300	-0.011610
0.260400	0.983494
0.260500	-3.992030
0.260600	-0.011610
0.260700	-5.982230
0.260800	-2.996920
0.260900	5.461460
0.261000	1.978600
0.261100	-0.011610
0.261200	-0.011610
0.261300	-2.001820
0.261400	-2.996920
0.261500	-5.982230
0.261600	-0.011610
0.261700	1.978600
0.261800	-2.001820
0.261900	1.978600
0.262000	3.968810
0.262100	-2.001820
0.262200	1.978600
0.262300	4.963910
0.262400	-2.001820
0.262500	-5.982230
0.262600	6.954120
0.262700	3.968810
0.262800	-0.011610
0.262900	-0.011610
0.263000	3.968810
0.263100	1.978600
0.263200	-0.011610
0.263300	0.983494
0.263400	-2.001820
0.263500	-0.011610
0.263600	-0.011610
0.263700	-2.499370
0.263800	1.978600
0.263900	-0.011610
0.264000	-1.006710
0.264100	5.959010
0.264200	1.978600
0.264300	-2.001820
0.264400	8.944330
0.264500	9.939430
0.264600	-2.001820
0.264700	-0.011610
0.264800	5.959010
0.264900	-2.499370
0.265000	-2.001820
0.265100	2.973700
0.265200	1.481050
0.265300	3.968810
0.265400	-0.011610
0.265500	-3.992030
0.265600	-0.011610
0.265700	-0.011610
0.265800	1.978600
0.265900	1.978600
0.266000	-0.011610
0.266100	5.959010
0.266200	-0.011610
0.266300	4.963910
0.266400	0.983494
0.266500	-5.982230
0.266600	3.968810
0.266700	3.968810
0.266800	7.949220
0.266900	-0.011610
0.267000	3.471250
0.267100	1.978600
0.267200	-2.001820
0.267300	4.963910
0.267400	1.978600
0.267500	-2.996920
0.267600	3.968810
0.267700	-1.006710
0.267800	-3.992030
0.267900	3.471250
0.268000	0.983494
0.268100	-2.001820
0.268200	0.983494
0.268300	-0.011610
0.268400	-0.011610
0.268500	2.973700
0.268600	-0.011610
0.268700	-1.504270
0.268800	1.978600
0.268900	1.978600
0.269000	1.978600
0.269100	1.978600
0.269200	4.963910
0.269300	8.446770
0.269400	-3.992030
0.269500	-5.982230
0.269600	-3.992030
0.269700	-2.001820
0.269800	-2.996920
0.269900	1.978600
0.270000	-0.011610
0.270100	-0.509162
0.270200	5.959010
0.270300	3.968810
0.270400	-3.992030
0.270500	-2.996920
0.270600	1.481050
0.270700	-3.992030
0.270800	-2.001820
0.270900	5.959010
0.271000	-0.011610
0.271100	1.978600
0.271200	-2.001820
0.271300	-5.982230
0.271400	-1.006710
0.271500	1.978600
0.271600	-2.996920
0.271700	1.978600
0.271800	-2.001820
0.271900	-2.996920
0.272000	2.973700
0.272100	4.963910
0.272200	-5.982230
0.272300	-3.992030
0.272400	-0.011610
0.272500	-5.982230
0.272600	2.973700
0.272700	5.461460
0.272800	-3.992030
0.272900	3.471250
0.273000	3.968810
0.273100	-2.001820
0.273200	-3.992030
0.273300	4.963910
0.273400	1.978600
0.273500	-3.992030
0.273600	4.963910
0.273700	1.481050
0.273800	-0.509162
0.273900	3.968810
0.274000	-1.006710
0.274100	-5.982230
0.274200	1.978600
0.274300	4.963910
0.274400	1.978600
0.274500	1.978600
0.274600	-1.006710
0.274700	1.978600
0.274800	-2.001820
0.274900	-0.011610
0.275000	1.978600
0.275100	0.983494
0.275200	-2.001820
0.275300	-2.001820
0.275400	4.963910
0.275500	-3.992030
0.275600	-5.982230
0.275700	-3.992030
0.275800	-9.962650
0.275900	-2.001820
0.276000	1.978600
0.276100	-0.011610
0.276200	-0.011610
0.276300	-1.006710
0.276400	-2.996920
0.276500	-2.996920
0.276600	-2.001820
0.276700	-2.499370
0.276800	-5.982230
0.276900	-2.001820
0.277000	-2.996920
0.277100	0.983494
0.277200	3.968810
0.277300	-2.001820
0.277400	-3.992030
0.277500	-0.011610
0.277600	-0.011610
0.277700	-0.011610
0.277800	1.978600
0.277900	-2.001820
0.278000	3.471250
0.278100	2.973700
0.278200	-2.996920
0.278300	-0.011610
0.278400	1.978600
0.278500	1.978600
0.278600	1.978600
0.278700	0.983494
0.278800	-2.001820
0.278900	-3.992030
0.279000	-2.001820
0.279100	-4.987130
0.279200	-5.982230
0.279300	1.978600
0.279400	0.983494
0.279500	-5.982230
0.279600	-2.001820
0.279700	0.983494
0.279800	-2.001820
0.279900	-0.011610
0.280000	0.983494
0.280100	-2.001820
0.280200	2.973700
0.280300	1.978600
0.280400	1.978600
0.280500	-2.001820
0.280600	-3.992030
0.280700	-3.494470
0.280800	-2.499370
0.280900	1.978600
0.281000	1.978600
0.281100	-2.001820
0.281200	-2.996920
0.281300	3.968810
0.281400	1.978600
0.281500	-3.992030
0.281600	-2.001820
0.281700	1.978600
0.281800	1.978600
0.281900	8.446770
0.282000	-0.011610
0.282100	-2.001820
0.282200	1.978600
0.282300	-0.011610
0.282400	0.983494
0.282500	1.978600
0.282600	-2.996920
0.282700	-3.992030
0.282800	-2.001820
0.282900	-0.011610
0.283000	-2.001820
0.283100	1.978600
0.283200	-0.011610
0.283300	-2.499370
0.283400	1.978600
0.283500	0.485942
0.283600	-2.001820
0.283700	3.968810
0.283800	1.978600
0.283900	-0.011610
0.284000	-0.011610
0.284100	0.983494
0.284200	-0.011610
0.284300	-0.011610
0.284400	-2.001820
0.284500	-0.011610
0.284600	4.963910
0.284700	1.978600
0.284800	2.973700
0.284900	7.451670
0.285000	-2.996920
0.285100	-3.992030
0.285200	5.461460
0.285300	-0.011610
0.285400	3.471250
0.285500	5.959010
0.285600	-2.001820
0.285700	-3.992030
0.285800	3.471250
0.285900	-2.001820
0.286000	-2.996920
0.286100	7.949220
0.286200	-2.001820
0.286300	-2.996920
0.286400	-2.001820
0.286500	-5.982230
0.286600	-2.001820
0.286700	-0.011610
0.286800	1.978600
0.286900	-4.489580
0.287000	-0.011610
0.287100	3.968810
0.287200	-2.996920
0.287300	-0.011610
0.287400	3.968810
0.287500	-0.011610
0.287600	-2.001820
0.287700	0.983494
0.287800	-2.001820
0.287900	-2.001820
0.288000	0.983494
0.288100	-2.996920
0.288200	-0.011610
0.288300	5.959010
0.288400	-2.001820
0.288500	-5.982230
0.288600	1.978600
0.288700	6.954120
0.288800	-2.001820
0.288900	1.978600
0.289000	3.968810
0.289100	-3.992030
0.289200	-2.001820
0.289300	-0.011610
0.289400	-2.001820
0.289500	-5.982230
0.289600	-0.011610
0.289700	0.983494
0.289800	5.959010
0.289900	5.959010
0.290000	-0.011610
0.290100	-2.001820
0.290200	2.973700
0.290300	0.983494
0.290400	-5.982230
0.290500	-2.499370
0.290600	-2.001820
0.290700	-1.006710
0.290800	-2.001820
0.290900	1.978600
0.291000	-2.001820
0.291100	-1.006710
0.291200	0.485942
0.291300	-2.996920
0.291400	1.481050
0.291500	3.968810
0.291600	-2.001820
0.291700	1.978600
0.291800	0.983494
0.291900	-1.006710
0.292000	-1.006710
0.292100	-3.992030
0.292200	0.983494
0.292300	-0.011610
0.292400	-2.001820
0.292500	-3.992030
0.292600	1.978600
0.292700	1.978600
0.292800	-1.006710
0.292900	1.978600
0.293000	-5.982230
0.293100	-6.977340
0.293200	-0.011610
0.293300	-4.987130
0.293400	-0.011610
0.293500	7.949220
0.293600	-2.001820
0.293700	-2.001820
0.293800	2.973700
0.293900	-2.001820
0.294000	-0.509162
0.294100	9.939430
0.294200	5.959010
0.294300	-0.011610
0.294400	5.959010
0.294500	1.481050
0.294600	-0.011610
0.294700	1.978600
0.294800	3.968810
0.294900	-3.992030
0.295000	3.968810
0.295100	5.959010
0.295200	-3.992030
0.295300	0.983494
0.295400	-2.996920
0.295500	-2.001820
0.295600	0.485942
0.295700	-2.001820
0.295800	-2.001820
0.295900	-0.011610
0.296000	-2.996920
0.296100	-2.499370
0.296200	0.983494
0.296300	-0.011610
0.296400	1.978600
0.296500	-5.982230
0.296600	-5.982230
0.296700	0.983494
0.296800	-2.001820
0.296900	2.973700
0.297000	-2.001820
0.297100	0.983494
0.297200	7.949220
0.297300	2.973700
0.297400	-0.011610
0.297500	3.968810
0.297600	5.959010
0.297700	5.959010
0.297800	3.968810
0.297900	-0.011610
0.298000	0.983494
0.298100	-1.006710
0.298200	-1.006710
0.298300	-2.001820
0.298400	3.471250
0.298500	3.968810
0.298600	1.978600
0.298700	-0.011610
0.298800	13.422300
0.298900	3.968810
0.299000	-3.992030
0.299100	4.963910
0.299200	-2.001820
0.299300	-5.982230
0.299400	1.978600
0.299500	1.978600
0.299600	1.978600
0.299700	1.978600
0.299800	-2.001820
0.299900	3.968810
