-0.050000	-3.264940
-0.049900	-4.218670
-0.049800	-4.218670
-0.049700	-4.218670
-0.049600	-6.126140
-0.049500	-5.172410
-0.049400	-7.079870
-0.049300	-0.403747
-0.049200	-1.357480
-0.049100	0.073119
-0.049000	0.549985
-0.048900	-0.403747
-0.048800	-0.403747
-0.048700	0.549985
-0.048600	1.503720
-0.048500	4.841780
-0.048400	2.457450
-0.048300	-1.357480
-0.048200	0.549985
-0.048100	-5.172410
-0.048000	-4.218670
-0.047900	0.549985
-0.047800	-2.311210
-0.047700	-2.311210
-0.047600	1.503720
-0.047500	3.411180
-0.047400	0.549985
-0.047300	-1.357480
-0.047200	-3.264940
-0.047100	-2.311210
-0.047000	-0.880613
-0.046900	0.549985
-0.046800	2.457450
-0.046700	0.549985
-0.046600	-2.311210
-0.046500	-2.311210
-0.046400	2.457450
-0.046300	5.318650
-0.046200	-0.403747
-0.046100	1.503720
-0.046000	4.364910
-0.045900	3.411180
-0.045800	-1.357480
-0.045700	-7.079870
-0.045600	0.073119
-0.045500	-1.357480
-0.045400	-4.218670
-0.045300	-1.357480
-0.045200	-4.218670
-0.045100	-4.218670
-0.045000	3.411180
-0.044900	-0.403747
-0.044800	-0.880613
-0.044700	0.549985
-0.044600	2.457450
-0.044500	0.549985
-0.044400	-3.264940
-0.044300	1.503720
-0.044200	-0.880613
-0.044100	1.503720
-0.044000	2.457450
-0.043900	2.457450
-0.043800	1.026850
-0.043700	0.073119
-0.043600	-2.311210
-0.043500	0.549985
-0.043400	1.026850
-0.043300	-1.834340
-0.043200	0.549985
-0.043100	1.026850
-0.043000	8.179840
-0.042900	4.364910
-0.042800	-2.311210
-0.042700	-5.649270
-0.042600	-2.311210
-0.042500	1.026850
-0.042400	2.457450
-0.042300	-2.311210
-0.042200	-4.218670
-0.042100	0.549985
-0.042000	0.073119
-0.041900	1.980580
-0.041800	-1.357480
-0.041700	1.026850
-0.041600	1.026850
-0.041500	-5.172410
-0.041400	-6.126140
-0.041300	-4.218670
-0.041200	-2.311210
-0.041100	-0.880613
-0.041000	3.411180
-0.040900	0.549985
-0.040800	-2.311210
-0.040700	-2.311210
-0.040600	1.026850
-0.040500	3.888050
-0.040400	-0.403747
-0.040300	-0.403747
-0.040200	4.364910
-0.040100	3.411180
-0.040000	-0.403747
-0.039900	-1.357480
-0.039800	-1.834340
-0.039700	-0.403747
-0.039600	-2.311210
-0.039500	2.457450
-0.039400	2.457450
-0.039300	1.026850
-0.039200	4.364910
-0.039100	-2.311210
-0.039000	-0.403747
-0.038900	-1.357480
-0.038800	-1.357480
-0.038700	-2.311210
-0.038600	-0.403747
-0.038500	-2.311210
-0.038400	-0.403747
-0.038300	0.549985
-0.038200	3.411180
-0.038100	5.318650
-0.038000	-0.403747
-0.037900	1.503720
-0.037800	-1.357480
-0.037700	-2.311210
-0.037600	-0.880613
-0.037500	2.934320
-0.037400	3.888050
-0.037300	-2.788080
-0.037200	-4.695540
-0.037100	1.980580
-0.037000	5.318650
-0.036900	3.411180
-0.036800	1.980580
-0.036700	-2.311210
-0.036600	-2.311210
-0.036500	1.980580
-0.036400	2.934320
-0.036300	-5.172410
-0.036200	-4.218670
-0.036100	-4.218670
-0.036000	-0.403747
-0.035900	0.549985
-0.035800	1.980580
-0.035700	-0.880613
-0.035600	-1.357480
-0.035500	-2.311210
-0.035400	-0.403747
-0.035300	2.457450
-0.035200	3.411180
-0.035100	0.073119
-0.035000	-0.403747
-0.034900	1.503720
-0.034800	5.318650
-0.034700	4.364910
-0.034600	3.411180
-0.034500	1.980580
-0.034400	-1.357480
-0.034300	-4.218670
-0.034200	0.549985
-0.034100	0.549985
-0.034000	-2.788080
-0.033900	-2.788080
-0.033800	-2.311210
-0.033700	-7.079870
-0.033600	-4.218670
-0.033500	0.073119
-0.033400	1.980580
-0.033300	2.457450
-0.033200	0.549985
-0.033100	-3.264940
-0.033000	-1.357480
-0.032900	2.457450
-0.032800	5.795510
-0.032700	4.364910
-0.032600	1.503720
-0.032500	1.503720
-0.032400	-3.264940
-0.032300	-0.880613
-0.032200	-0.880613
-0.032100	1.503720
-0.032000	-2.311210
-0.031900	-2.788080
-0.031800	-6.603000
-0.031700	-2.311210
-0.031600	-2.788080
-0.031500	-0.403747
-0.031400	3.411180
-0.031300	4.364910
-0.031200	0.549985
-0.031100	-2.311210
-0.031000	2.457450
-0.030900	6.272380
-0.030800	3.888050
-0.030700	2.457450
-0.030600	-0.403747
-0.030500	-5.172410
-0.030400	-0.403747
-0.030300	3.888050
-0.030200	0.549985
-0.030100	1.503720
-0.030000	-2.311210
-0.029900	0.073119
-0.029800	2.457450
-0.029700	-1.357480
-0.029600	0.549985
-0.029500	1.026850
-0.029400	-4.695540
-0.029300	-4.218670
-0.029200	-0.403747
-0.029100	-0.880613
-0.029000	-0.880613
-0.028900	-2.311210
-0.028800	0.549985
-0.028700	3.411180
-0.028600	-4.218670
-0.028500	-2.311210
-0.028400	0.073119
-0.028300	-0.403747
-0.028200	-2.788080
-0.028100	-3.264940
-0.028000	-2.311210
-0.027900	1.980580
-0.027800	2.934320
-0.027700	2.934320
-0.027600	0.549985
-0.027500	2.457450
-0.027400	4.364910
-0.027300	4.364910
-0.027200	3.411180
-0.027100	3.411180
-0.027000	3.888050
-0.026900	4.364910
-0.026800	1.026850
-0.026700	2.457450
-0.026600	-1.357480
-0.026500	-3.264940
-0.026400	-4.218670
-0.026300	-4.218670
-0.026200	0.549985
-0.026100	3.411180
-0.026000	4.364910
-0.025900	-0.403747
-0.025800	-1.357480
-0.025700	0.549985
-0.025600	-3.741810
-0.025500	-5.172410
-0.025400	-1.834340
-0.025300	2.934320
-0.025200	0.073119
-0.025100	-1.834340
-0.025000	-1.357480
-0.024900	-0.403747
-0.024800	3.411180
-0.024700	-0.403747
-0.024600	-0.880613
-0.024500	2.457450
-0.024400	3.411180
-0.024300	-0.403747
-0.024200	3.888050
-0.024100	1.026850
-0.024000	-0.403747
-0.023900	-3.741810
-0.023800	-2.311210
-0.023700	-0.403747
-0.023600	-2.311210
-0.023500	-6.126140
-0.023400	-2.311210
-0.023300	4.841780
-0.023200	7.226110
-0.023100	0.549985
-0.023000	3.411180
-0.022900	6.272380
-0.022800	3.411180
-0.022700	1.503720
-0.022600	0.549985
-0.022500	3.888050
-0.022400	3.888050
-0.022300	-1.357480
-0.022200	-1.357480
-0.022100	-0.403747
-0.022000	1.503720
-0.021900	0.549985
-0.021800	-1.834340
-0.021700	-2.311210
-0.021600	2.457450
-0.021500	0.549985
-0.021400	1.503720
-0.021300	-2.311210
-0.021200	0.073119
-0.021100	5.318650
-0.021000	-0.403747
-0.020900	-10.417900
-0.020800	-3.264940
-0.020700	2.457450
-0.020600	4.364910
-0.020500	2.457450
-0.020400	0.073119
-0.020300	-4.695540
-0.020200	-7.079870
-0.020100	2.457450
-0.020000	3.888050
-0.019900	-0.403747
-0.019800	-1.357480
-0.019700	-1.357480
-0.019600	-0.880613
-0.019500	-2.311210
-0.019400	-1.834340
-0.019300	-1.834340
-0.019200	0.073119
-0.019100	-2.788080
-0.019000	-3.264940
-0.018900	-7.556740
-0.018800	-2.311210
-0.018700	-2.788080
-0.018600	0.549985
-0.018500	2.934320
-0.018400	0.549985
-0.018300	-3.264940
-0.018200	-0.403747
-0.018100	1.503720
-0.018000	2.457450
-0.017900	-2.788080
-0.017800	1.980580
-0.017700	-2.311210
-0.017600	-6.126140
-0.017500	0.549985
-0.017400	-1.357480
-0.017300	-2.311210
-0.017200	0.549985
-0.017100	2.457450
-0.017000	0.549985
-0.016900	0.073119
-0.016800	2.457450
-0.016700	3.411180
-0.016600	-4.695540
-0.016500	-5.172410
-0.016400	1.503720
-0.016300	0.549985
-0.016200	1.026850
-0.016100	3.411180
-0.016000	4.364910
-0.015900	1.026850
-0.015800	0.549985
-0.015700	-3.264940
-0.015600	-2.788080
-0.015500	0.549985
-0.015400	-2.311210
-0.015300	-2.311210
-0.015200	-4.218670
-0.015100	-3.741810
-0.015000	-0.403747
-0.014900	-1.834340
-0.014800	2.457450
-0.014700	3.411180
-0.014600	-1.357480
-0.014500	0.549985
-0.014400	2.457450
-0.014300	3.411180
-0.014200	-0.403747
-0.014100	-2.311210
-0.014000	-5.172410
-0.013900	-2.311210
-0.013800	0.549985
-0.013700	2.934320
-0.013600	-2.311210
-0.013500	-2.311210
-0.013400	-2.311210
-0.013300	0.549985
-0.013200	2.934320
-0.013100	5.318650
-0.013000	3.411180
-0.012900	3.411180
-0.012800	0.549985
-0.012700	-2.311210
-0.012600	0.549985
-0.012500	0.549985
-0.012400	5.318650
-0.012300	6.272380
-0.012200	-0.403747
-0.012100	-0.403747
-0.012000	-4.695540
-0.011900	-3.264940
-0.011800	0.549985
-0.011700	2.457450
-0.011600	-5.172410
-0.011500	-2.311210
-0.011400	1.503720
-0.011300	-1.357480
-0.011200	-0.403747
-0.011100	-0.403747
-0.011000	5.318650
-0.010900	5.318650
-0.010800	2.934320
-0.010700	1.980580
-0.010600	-0.403747
-0.010500	1.026850
-0.010400	0.549985
-0.010300	-3.741810
-0.010200	-6.603000
-0.010100	-0.403747
-0.010000	-1.357480
-0.009900	-5.172410
-0.009800	0.549985
-0.009700	2.457450
-0.009600	6.272380
-0.009500	0.073119
-0.009400	-2.311210
-0.009300	-1.357480
-0.009200	3.411180
-0.009100	2.457450
-0.009000	2.457450
-0.008900	4.841780
-0.008800	-0.880613
-0.008700	0.549985
-0.008600	5.318650
-0.008500	4.364910
-0.008400	-1.357480
-0.008300	0.549985
-0.008200	-1.357480
-0.008100	-3.264940
-0.008000	0.073119
-0.007900	2.457450
-0.007800	-2.311210
-0.007700	-7.079870
-0.007600	-3.741810
-0.007500	1.026850
-0.007400	1.503720
-0.007300	-1.834340
-0.007200	-2.311210
-0.007100	-0.880613
-0.007000	-0.403747
-0.006900	0.073119
-0.006800	-1.357480
-0.006700	-0.403747
-0.006600	1.980580
-0.006500	-3.264940
-0.006400	-2.311210
-0.006300	-5.172410
-0.006200	-7.079870
-0.006100	0.549985
-0.006000	3.888050
-0.005900	3.888050
-0.005800	-3.264940
-0.005700	-7.079870
-0.005600	3.411180
-0.005500	0.073119
-0.005400	1.503720
-0.005300	0.549985
-0.005200	4.841780
-0.005100	5.318650
-0.005000	-0.880613
-0.004900	-8.033600
-0.004800	0.549985
-0.004700	4.364910
-0.004600	0.549985
-0.004500	-1.357480
-0.004400	-2.311210
-0.004300	-3.264940
-0.004200	-3.264940
-0.004100	-1.834340
-0.004000	-0.403747
-0.003900	1.026850
-0.003800	-2.311210
-0.003700	-2.311210
-0.003600	3.411180
-0.003500	3.411180
-0.003400	3.411180
-0.003300	1.503720
-0.003200	3.411180
-0.003100	-2.311210
-0.003000	-1.834340
-0.002900	-1.357480
-0.002800	-6.126140
-0.002700	-4.695540
-0.002600	-4.218670
-0.002500	-4.695540
-0.002400	-4.218670
-0.002300	-6.126140
-0.002200	-7.079870
-0.002100	-1.357480
-0.002000	-2.788080
-0.001900	3.411180
-0.001800	1.026850
-0.001700	-2.788080
-0.001600	-3.264940
-0.001500	-5.172410
-0.001400	-4.218670
-0.001300	0.549985
-0.001200	2.457450
-0.001100	1.503720
-0.001000	-0.403747
-0.000900	2.457450
-0.000800	6.272380
-0.000700	-1.357480
-0.000600	-1.357480
-0.000500	0.073119
-0.000400	-0.880613
-0.000300	-2.788080
-0.000200	-1.357480
-0.000100	-1.834340
0.000000	1.026850
0.000100	1.980580
0.000200	-5.172410
0.000300	-8.987330
0.000400	-3.264940
0.000500	-1.357480
0.000600	-2.311210
0.000700	-2.311210
0.000800	-1.357480
0.000900	1.503720
0.001000	-1.357480
0.001100	-1.357480
0.001200	-2.311210
0.001300	-3.741810
0.001400	-7.079870
0.001500	-2.311210
0.001600	-3.264940
0.001700	-5.649270
0.001800	-4.218670
0.001900	-9.941070
0.002000	-14.709700
0.002100	-5.172410
0.002200	-7.556740
0.002300	-15.663500
0.002400	-11.848500
0.002500	-8.987330
0.002600	-6.603000
0.002700	-4.218670
0.002800	-9.941070
0.002900	-11.848500
0.003000	-6.126140
0.003100	-1.834340
0.003200	-7.556740
0.003300	-6.603000
0.003400	-3.264940
0.003500	-6.126140
0.003600	-9.941070
0.003700	-8.987330
0.003800	-9.464200
0.003900	-14.709700
0.004000	-9.941070
0.004100	-2.311210
0.004200	-9.941070
0.004300	-1.357480
0.004400	5.318650
0.004500	-2.311210
0.004600	-8.033600
0.004700	-5.172410
0.004800	-9.941070
0.004900	-11.371700
0.005000	-5.649270
0.005100	-5.172410
0.005200	-7.556740
0.005300	-8.987330
0.005400	-8.033600
0.005500	-4.218670
0.005600	-5.172410
0.005700	-10.417900
0.005800	-8.033600
0.005900	-6.126140
0.006000	-4.218670
0.006100	-4.218670
0.006200	-6.603000
0.006300	-10.894800
0.006400	-11.848500
0.006500	-8.987330
0.006600	-0.403747
0.006700	-5.649270
0.006800	-4.218670
0.006900	0.549985
0.007000	-5.172410
0.007100	-6.126140
0.007200	-5.649270
0.007300	-10.417900
0.007400	-11.371700
0.007500	-11.848500
0.007600	-14.709700
0.007700	-12.802300
0.007800	-11.371700
0.007900	-10.894800
0.008000	-9.941070
0.008100	-12.802300
0.008200	-18.524700
0.008300	-15.663500
0.008400	-7.556740
0.008500	-7.079870
0.008600	-6.126140
0.008700	-15.186600
0.008800	-21.385900
0.008900	-13.756000
0.009000	-15.663500
0.009100	-12.802300
0.009200	-15.663500
0.009300	-25.200800
0.009400	-25.200800
0.009500	-25.677601
0.009600	-22.816401
0.009700	-15.663500
0.009800	-8.033600
0.009900	-6.126140
0.010000	-3.264940
0.010100	-9.941070
0.010200	-17.094101
0.010300	-18.524700
0.010400	-16.617201
0.010500	-13.756000
0.010600	-15.663500
0.010700	-16.617201
0.010800	-17.570900
0.010900	-20.432100
0.011000	-14.709700
0.011100	-13.756000
0.011200	-15.663500
0.011300	-10.894800
0.011400	2.457450
0.011500	-2.311210
0.011600	0.549985
0.011700	1.503720
0.011800	-3.741810
0.011900	-5.172410
0.012000	-4.218670
0.012100	0.549985
0.012200	-2.311210
0.012300	-6.603000
0.012400	2.457450
0.012500	16.763399
0.012600	18.670900
0.012700	21.532101
0.012800	22.485800
0.012900	21.532101
0.013000	18.670900
0.013100	5.318650
0.013200	-7.079870
0.013300	-12.802300
0.013400	-17.570900
0.013500	-13.756000
0.013600	-8.033600
0.013700	-10.894800
0.013800	-11.371700
0.013900	-4.218670
0.014000	5.795510
0.014100	10.087300
0.014200	13.425400
0.014300	20.578400
0.014400	20.101500
0.014500	15.332800
0.014600	17.717199
0.014700	11.517900
0.014800	2.457450
0.014900	-1.357480
0.015000	-5.172410
0.015100	-10.417900
0.015200	-7.079870
0.015300	-8.510470
0.015400	-5.649270
0.015500	-5.172410
0.015600	-7.556740
0.015700	1.026850
0.015800	7.226110
0.015900	7.226110
0.016000	11.041000
0.016100	9.133570
0.016200	9.133570
0.016300	9.133570
0.016400	8.179840
0.016500	5.795510
0.016600	0.073119
0.016700	-7.556740
0.016800	-9.464200
0.016900	-17.094101
0.017000	-24.723900
0.017100	-34.738098
0.017200	-41.414200
0.017300	-38.076199
0.017400	-38.076199
0.017500	-42.368000
0.017600	-45.229198
0.017700	-33.784401
0.017800	-21.862700
0.017900	-16.617201
0.018000	-8.987330
0.018100	-2.788080
0.018200	1.503720
0.018300	-7.079870
0.018400	-17.570900
0.018500	-22.339600
0.018600	-20.432100
0.018700	-17.570900
0.018800	-10.894800
0.018900	-5.172410
0.019000	-3.264940
0.019100	-1.357480
0.019200	-1.357480
0.019300	-12.802300
0.019400	-22.339600
0.019500	-20.909000
0.019600	-12.802300
0.019700	-18.524700
0.019800	-26.631399
0.019900	-29.015699
0.020000	-33.784401
0.020100	-35.691799
0.020200	-39.983601
0.020300	-45.229198
0.020400	-38.553001
0.020500	-26.631399
0.020600	-22.339600
0.020700	-17.094101
0.020800	-11.371700
0.020900	-16.617201
0.021000	-60.488899
0.021100	-81.471001
0.021200	-21.385900
0.021300	-0.880613
0.021400	-25.200800
0.021500	-9.464200
0.021600	64.926903
0.021700	119.765999
0.021800	107.367996
0.021900	70.172401
0.022000	39.176102
0.022100	-16.617201
0.022200	-43.321701
0.022300	-9.941070
0.022400	20.578400
0.022500	19.624599
0.022600	21.532101
0.022700	37.745499
0.022800	43.467899
0.022900	52.051498
0.023000	62.542599
0.023100	64.449997
0.023200	73.987297
0.023300	92.108299
0.023400	96.876900
0.023500	100.692001
0.023600	111.182999
0.023700	120.242996
0.023800	101.168999
0.023900	73.987297
0.024000	64.449997
0.024100	70.172401
0.024200	70.172401
0.024300	70.172401
0.024400	70.172401
0.024500	72.079903
0.024600	79.709702
0.024700	14.856000
0.024800	-18.524700
0.024900	17.717199
0.025000	30.115700
0.025100	26.777599
0.025200	34.884300
0.025300	29.638800
0.025400	22.485800
0.025500	34.884300
0.025600	36.791801
0.025700	38.222401
0.025800	47.759701
0.025900	49.667198
0.026000	49.667198
0.026100	46.329102
0.026200	40.606701
0.026300	34.884300
0.026400	32.500000
0.026500	39.653000
0.026600	42.991100
0.026700	37.745499
0.026800	38.699299
0.026900	43.467899
0.027000	43.467899
0.027100	40.606701
0.027200	32.023102
0.027300	33.930599
0.027400	31.069401
0.027500	22.485800
0.027600	21.532101
0.027700	13.902200
0.027800	22.962700
0.027900	40.129902
0.028000	49.190300
0.028100	58.250801
0.028200	70.172401
0.028300	78.755997
0.028400	158.869003
0.028500	335.786987
0.028600	303.837006
0.028700	123.581001
0.028800	45.375401
0.028900	40.129902
0.029000	26.777599
0.029100	18.194000
0.029200	16.763399
0.029300	15.332800
0.029400	10.087300
0.029500	8.656710
0.029600	8.179840
0.029700	5.318650
0.029800	-8.987330
0.029900	-13.279100
0.030000	-16.617201
0.030100	-27.108200
0.030200	-38.076199
0.030300	-42.368000
0.030400	-49.520901
0.030500	-54.766499
0.030600	-51.905300
0.030700	-51.905300
0.030800	-49.997799
0.030900	-45.229198
0.031000	-53.335899
0.031100	-51.905300
0.031200	-49.997799
0.031300	-56.673901
0.031400	-68.118698
0.031500	-73.841103
0.031600	-73.841103
0.031700	-77.655998
0.031800	-87.193398
0.031900	-86.716499
0.032000	-88.147102
0.032100	-96.730698
0.032200	-100.545998
0.032300	-103.406998
0.032400	-113.898003
0.032500	-118.667000
0.032600	-115.328003
0.032700	-108.652000
0.032800	-105.314003
0.032900	-108.175003
0.033000	-103.406998
0.033100	-95.776901
0.033200	-88.147102
0.033300	-78.132896
0.033400	-56.673901
0.033500	-44.275398
0.033600	-37.599300
0.033700	-32.830601
0.033800	-28.062000
0.033900	-27.108200
0.034000	-27.108200
0.034100	-27.108200
0.034200	-42.368000
0.034300	-57.627701
0.034400	-59.535099
0.034500	-62.396301
0.034600	-66.211304
0.034700	-70.502998
0.034800	-74.794800
0.034900	-72.887398
0.035000	-66.688103
0.035100	-62.396301
0.035200	-60.488899
0.035300	-54.766499
0.035400	-44.275398
0.035500	-29.969400
0.035600	-24.723900
0.035700	-31.876900
0.035800	-38.553001
0.035900	-40.460499
0.036000	-30.923201
0.036100	-23.293301
0.036200	-24.247000
0.036300	-24.247000
0.036400	-22.339600
0.036500	-25.200800
0.036600	-23.770201
0.036700	-13.279100
0.036800	-11.371700
0.036900	-9.941070
0.037000	-8.033600
0.037100	-7.079870
0.037200	-7.079870
0.037300	-3.264940
0.037400	-5.172410
0.037500	0.549985
0.037600	10.087300
0.037700	15.332800
0.037800	14.856000
0.037900	13.902200
0.038000	9.610440
0.038100	2.457450
0.038200	-0.403747
0.038300	0.073119
0.038400	2.457450
0.038500	9.133570
0.038600	6.272380
0.038700	-0.403747
0.038800	-10.894800
0.038900	-23.293301
0.039000	-26.154499
0.039100	-24.247000
0.039200	-28.062000
0.039300	-26.154499
0.039400	-23.770201
0.039500	-31.876900
0.039600	-37.599300
0.039700	-36.168701
0.039800	-38.076199
0.039900	-33.784401
0.040000	-32.830601
0.040100	-29.969400
0.040200	-31.876900
0.040300	-34.738098
0.040400	-36.168701
0.040500	-29.492599
0.040600	-20.909000
0.040700	-17.094101
0.040800	-17.570900
0.040900	-17.570900
0.041000	-18.524700
0.041100	-26.154499
0.041200	-22.816401
0.041300	-17.094101
0.041400	-19.001499
0.041500	-14.709700
0.041600	-9.941070
0.041700	-13.279100
0.041800	-10.894800
0.041900	-12.325400
0.042000	-15.663500
0.042100	-10.417900
0.042200	-6.126140
0.042300	0.549985
0.042400	5.318650
0.042500	-0.403747
0.042600	1.980580
0.042700	-0.403747
0.042800	-1.357480
0.042900	6.272380
0.043000	7.226110
0.043100	1.503720
0.043200	-10.417900
0.043300	-18.047800
0.043400	-18.524700
0.043500	-18.524700
0.043600	-19.001499
0.043700	-19.478399
0.043800	-22.816401
0.043900	-24.247000
0.044000	-23.293301
0.044100	-26.154499
0.044200	-25.200800
0.044300	-30.446301
0.044400	-29.492599
0.044500	-29.015699
0.044600	-29.015699
0.044700	-22.339600
0.044800	-14.232900
0.044900	-16.140301
0.045000	-9.941070
0.045100	-3.264940
0.045200	-7.079870
0.045300	-3.741810
0.045400	-1.357480
0.045500	-6.603000
0.045600	-12.802300
0.045700	-8.987330
0.045800	-8.033600
0.045900	-24.247000
0.046000	-28.062000
0.046100	-17.570900
0.046200	-11.848500
0.046300	-11.848500
0.046400	-14.232900
0.046500	-11.848500
0.046600	5.318650
0.046700	9.133570
0.046800	-4.218670
0.046900	-7.079870
0.047000	-9.941070
0.047100	-8.033600
0.047200	-0.403747
0.047300	-2.788080
0.047400	2.457450
0.047500	11.041000
0.047600	2.457450
0.047700	-0.403747
0.047800	0.549985
0.047900	-2.788080
0.048000	15.809700
0.048100	21.532101
0.048200	8.179840
0.048300	12.948500
0.048400	51.574600
0.048500	242.798004
0.048600	227.537994
0.048700	-176.843994
0.048800	-142.509995
0.048900	20.578400
0.049000	1.503720
0.049100	-1.357480
0.049200	1.980580
0.049300	-35.215000
0.049400	-30.446301
0.049500	-6.126140
0.049600	22.485800
0.049700	12.948500
0.049800	-38.076199
0.049900	-30.446301
0.050000	-3.741810
0.050100	-8.033600
0.050200	-11.848500
0.050300	-9.941070
0.050400	-10.417900
0.050500	-5.172410
0.050600	-0.403747
0.050700	-3.264940
0.050800	-2.311210
0.050900	-4.218670
0.051000	-2.311210
0.051100	-2.311210
0.051200	-5.649270
0.051300	-10.894800
0.051400	-9.941070
0.051500	-9.941070
0.051600	-17.570900
0.051700	-24.247000
0.051800	-22.339600
0.051900	-19.478399
0.052000	-12.802300
0.052100	-7.079870
0.052200	-2.311210
0.052300	1.503720
0.052400	5.318650
0.052500	-1.357480
0.052600	0.073119
0.052700	4.841780
0.052800	5.318650
0.052900	5.318650
0.053000	-0.403747
0.053100	-1.357480
0.053200	-0.403747
0.053300	-8.033600
0.053400	-11.848500
0.053500	-8.987330
0.053600	-1.834340
0.053700	7.226110
0.053800	7.702980
0.053900	1.026850
0.054000	-1.357480
0.054100	-2.311210
0.054200	-2.311210
0.054300	-5.172410
0.054400	-14.232900
0.054500	-6.603000
0.054600	1.980580
0.054700	-5.649270
0.054800	46.806000
0.054900	218.477997
0.055000	-28.062000
0.055100	-238.837006
0.055200	-66.211304
0.055300	21.532101
0.055400	-23.770201
0.055500	-22.816401
0.055600	-0.403747
0.055700	-9.941070
0.055800	-19.001499
0.055900	-15.663500
0.056000	-16.617201
0.056100	-15.663500
0.056200	-15.663500
0.056300	-13.279100
0.056400	-9.941070
0.056500	-12.802300
0.056600	-20.432100
0.056700	-13.279100
0.056800	-3.741810
0.056900	-2.311210
0.057000	-7.079870
0.057100	-10.894800
0.057200	-8.987330
0.057300	-3.264940
0.057400	-1.357480
0.057500	-1.834340
0.057600	1.026850
0.057700	6.272380
0.057800	2.457450
0.057900	3.411180
0.058000	8.179840
0.058100	3.888050
0.058200	1.980580
0.058300	0.073119
0.058400	-0.403747
0.058500	-7.079870
0.058600	-12.325400
0.058700	-5.649270
0.058800	2.934320
0.058900	8.656710
0.059000	35.361198
0.059100	40.606701
0.059200	11.517900
0.059300	-4.695540
0.059400	-4.695540
0.059500	-0.880613
0.059600	5.318650
0.059700	4.841780
0.059800	2.934320
0.059900	1.503720
0.060000	-0.880613
0.060100	-2.311210
0.060200	-1.357480
0.060300	6.272380
0.060400	-5.172410
0.060500	-26.631399
0.060600	-29.015699
0.060700	-8.033600
0.060800	-0.403747
0.060900	-3.264940
0.061000	-0.403747
0.061100	3.411180
0.061200	4.364910
0.061300	-2.311210
0.061400	-5.172410
0.061500	-1.357480
0.061600	3.888050
0.061700	1.503720
0.061800	-14.232900
0.061900	-39.983601
0.062000	-28.538799
0.062100	1.503720
0.062200	6.272380
0.062300	3.888050
0.062400	-6.603000
0.062500	-8.987330
0.062600	0.549985
0.062700	3.411180
0.062800	10.564200
0.062900	9.133570
0.063000	-0.403747
0.063100	-1.834340
0.063200	-0.403747
0.063300	2.934320
0.063400	4.841780
0.063500	10.087300
0.063600	11.517900
0.063700	11.517900
0.063800	9.133570
0.063900	6.272380
0.064000	-2.311210
0.064100	-7.079870
0.064200	-8.033600
0.064300	-7.079870
0.064400	-17.570900
0.064500	-25.677601
0.064600	-23.770201
0.064700	-21.385900
0.064800	-16.617201
0.064900	-10.894800
0.065000	-7.079870
0.065100	0.073119
0.065200	2.457450
0.065300	2.457450
0.065400	-2.311210
0.065500	-8.033600
0.065600	-8.987330
0.065700	-12.802300
0.065800	-11.371700
0.065900	-4.218670
0.066000	-3.264940
0.066100	-1.357480
0.066200	-2.311210
0.066300	-8.033600
0.066400	-10.894800
0.066500	-8.510470
0.066600	-2.788080
0.066700	4.364910
0.066800	7.226110
0.066900	3.411180
0.067000	-2.311210
0.067100	-8.987330
0.067200	-8.033600
0.067300	-4.218670
0.067400	-4.218670
0.067500	-3.264940
0.067600	-2.311210
0.067700	-7.556740
0.067800	-7.556740
0.067900	-4.218670
0.068000	-14.709700
0.068100	-25.200800
0.068200	-8.033600
0.068300	12.948500
0.068400	13.902200
0.068500	6.749240
0.068600	5.318650
0.068700	-0.403747
0.068800	-1.834340
0.068900	-2.311210
0.069000	-3.741810
0.069100	-5.172410
0.069200	-4.218670
0.069300	-9.941070
0.069400	-14.709700
0.069500	-8.987330
0.069600	-6.126140
0.069700	-9.464200
0.069800	-10.894800
0.069900	-8.033600
0.070000	-2.311210
0.070100	-1.357480
0.070200	-8.033600
0.070300	-8.033600
0.070400	-2.311210
0.070500	-2.311210
0.070600	-1.357480
0.070700	-2.311210
0.070800	0.073119
0.070900	0.549985
0.071000	-0.880613
0.071100	-2.311210
0.071200	-0.880613
0.071300	-3.741810
0.071400	-10.417900
0.071500	-8.033600
0.071600	-3.741810
0.071700	0.549985
0.071800	-8.033600
0.071900	-9.941070
0.072000	-2.788080
0.072100	-0.403747
0.072200	1.503720
0.072300	6.272380
0.072400	5.318650
0.072500	3.411180
0.072600	1.026850
0.072700	-0.403747
0.072800	0.549985
0.072900	4.364910
0.073000	6.749240
0.073100	10.087300
0.073200	28.208200
0.073300	28.685101
0.073400	-31.876900
0.073500	-28.062000
0.073600	11.994800
0.073700	8.179840
0.073800	1.503720
0.073900	5.795510
0.074000	2.457450
0.074100	0.549985
0.074200	-0.880613
0.074300	-7.079870
0.074400	-5.172410
0.074500	0.073119
0.074600	-1.357480
0.074700	-8.033600
0.074800	-7.556740
0.074900	-9.941070
0.075000	-12.802300
0.075100	-11.371700
0.075200	-10.894800
0.075300	-9.941070
0.075400	-4.218670
0.075500	-5.172410
0.075600	-7.556740
0.075700	-10.894800
0.075800	-9.941070
0.075900	-4.695540
0.076000	-1.357480
0.076100	-3.741810
0.076200	-4.218670
0.076300	-6.126140
0.076400	-5.649270
0.076500	-6.126140
0.076600	-3.264940
0.076700	-1.357480
0.076800	-9.941070
0.076900	-12.325400
0.077000	-8.033600
0.077100	-11.848500
0.077200	-15.663500
0.077300	-19.001499
0.077400	-16.617201
0.077500	-18.524700
0.077600	-17.094101
0.077700	-15.663500
0.077800	-12.802300
0.077900	-10.417900
0.078000	-9.941070
0.078100	-8.987330
0.078200	-8.033600
0.078300	-7.079870
0.078400	0.549985
0.078500	0.549985
0.078600	3.411180
0.078700	2.457450
0.078800	-1.357480
0.078900	0.073119
0.079000	-4.218670
0.079100	-2.311210
0.079200	-1.834340
0.079300	-2.788080
0.079400	-3.264940
0.079500	-9.941070
0.079600	-8.987330
0.079700	-6.603000
0.079800	-6.126140
0.079900	-7.079870
0.080000	-6.603000
0.080100	-8.987330
0.080200	-9.941070
0.080300	-9.941070
0.080400	-10.894800
0.080500	-8.987330
0.080600	-2.311210
0.080700	-0.403747
0.080800	-1.357480
0.080900	-3.264940
0.081000	-6.603000
0.081100	-6.126140
0.081200	-7.556740
0.081300	-8.987330
0.081400	-8.987330
0.081500	-8.510470
0.081600	-7.079870
0.081700	-7.079870
0.081800	-10.417900
0.081900	-11.371700
0.082000	-11.848500
0.082100	-8.987330
0.082200	-8.033600
0.082300	-13.756000
0.082400	-8.033600
0.082500	-8.033600
0.082600	-12.325400
0.082700	-14.709700
0.082800	-18.524700
0.082900	-16.617201
0.083000	-8.987330
0.083100	-11.848500
0.083200	-15.663500
0.083300	-20.432100
0.083400	-18.047800
0.083500	-12.802300
0.083600	-13.279100
0.083700	-13.279100
0.083800	-7.556740
0.083900	-2.788080
0.084000	-5.172410
0.084100	-4.218670
0.084200	-1.357480
0.084300	-5.172410
0.084400	-7.079870
0.084500	-6.126140
0.084600	-8.510470
0.084700	-9.941070
0.084800	-10.894800
0.084900	-11.371700
0.085000	-10.894800
0.085100	-8.033600
0.085200	-7.556740
0.085300	-8.510470
0.085400	-9.941070
0.085500	-12.802300
0.085600	-9.941070
0.085700	-2.788080
0.085800	-3.741810
0.085900	-5.172410
0.086000	-1.357480
0.086100	-2.788080
0.086200	-2.788080
0.086300	-0.880613
0.086400	1.026850
0.086500	2.457450
0.086600	3.411180
0.086700	-0.880613
0.086800	-8.987330
0.086900	-11.848500
0.087000	-8.033600
0.087100	-3.741810
0.087200	-8.033600
0.087300	-8.510470
0.087400	-8.510470
0.087500	-13.279100
0.087600	-8.987330
0.087700	-4.218670
0.087800	-10.894800
0.087900	-7.079870
0.088000	-6.126140
0.088100	-3.741810
0.088200	-0.403747
0.088300	-1.834340
0.088400	-1.357480
0.088500	3.411180
0.088600	5.318650
0.088700	6.272380
0.088800	3.411180
0.088900	-3.264940
0.089000	-5.649270
0.089100	1.980580
0.089200	3.888050
0.089300	0.549985
0.089400	-7.079870
0.089500	-8.987330
0.089600	-7.556740
0.089700	-6.603000
0.089800	-16.140301
0.089900	-10.894800
0.090000	-4.218670
0.090100	-8.033600
0.090200	-7.079870
0.090300	-9.941070
0.090400	-12.802300
0.090500	-5.172410
0.090600	-8.033600
0.090700	-9.941070
0.090800	-8.033600
0.090900	-10.894800
0.091000	-5.172410
0.091100	-3.741810
0.091200	-8.987330
0.091300	-11.848500
0.091400	-6.603000
0.091500	-5.172410
0.091600	-0.880613
0.091700	-0.880613
0.091800	-11.371700
0.091900	-12.802300
0.092000	-9.941070
0.092100	-7.556740
0.092200	-3.264940
0.092300	-2.311210
0.092400	-2.311210
0.092500	-2.311210
0.092600	-5.172410
0.092700	-11.848500
0.092800	-12.802300
0.092900	-10.894800
0.093000	-6.603000
0.093100	2.457450
0.093200	7.226110
0.093300	7.226110
0.093400	2.457450
0.093500	-1.357480
0.093600	3.888050
0.093700	5.795510
0.093800	12.471600
0.093900	12.948500
0.094000	9.610440
0.094100	10.087300
0.094200	4.364910
0.094300	2.934320
0.094400	3.411180
0.094500	0.549985
0.094600	0.549985
0.094700	3.411180
0.094800	2.457450
0.094900	-1.834340
0.095000	-2.788080
0.095100	-1.834340
0.095200	-1.834340
0.095300	-2.788080
0.095400	-8.987330
0.095500	-6.126140
0.095600	-7.556740
0.095700	-4.218670
0.095800	2.457450
0.095900	0.549985
0.096000	2.457450
0.096100	4.364910
0.096200	4.364910
0.096300	8.179840
0.096400	6.272380
0.096500	6.272380
0.096600	10.087300
0.096700	11.994800
0.096800	11.994800
0.096900	12.948500
0.097000	9.133570
0.097100	4.364910
0.097200	-0.403747
0.097300	-7.079870
0.097400	-7.556740
0.097500	-2.311210
0.097600	2.934320
0.097700	2.457450
0.097800	-0.403747
0.097900	-1.357480
0.098000	-2.788080
0.098100	-5.172410
0.098200	-1.357480
0.098300	-1.357480
0.098400	-15.663500
0.098500	-23.293301
0.098600	-4.218670
0.098700	11.994800
0.098800	8.179840
0.098900	7.226110
0.099000	7.702980
0.099100	2.934320
0.099200	-2.311210
0.099300	1.026850
0.099400	7.226110
0.099500	5.795510
0.099600	3.411180
0.099700	0.549985
0.099800	3.411180
0.099900	1.503720
0.100000	-4.218670
0.100100	-4.695540
0.100200	0.073119
0.100300	-0.403747
0.100400	-2.311210
0.100500	-2.311210
0.100600	-0.403747
0.100700	4.364910
0.100800	10.087300
0.100900	11.994800
0.101000	14.856000
0.101100	4.841780
0.101200	-7.556740
0.101300	-3.264940
0.101400	3.888050
0.101500	6.272380
0.101600	6.749240
0.101700	7.702980
0.101800	6.272380
0.101900	1.980580
0.102000	-0.403747
0.102100	2.934320
0.102200	-2.311210
0.102300	-1.357480
0.102400	2.457450
0.102500	2.457450
0.102600	3.411180
0.102700	-5.172410
0.102800	-7.079870
0.102900	-0.403747
0.103000	-4.218670
0.103100	-7.079870
0.103200	-8.987330
0.103300	-5.172410
0.103400	2.457450
0.103500	3.888050
0.103600	7.226110
0.103700	13.425400
0.103800	11.517900
0.103900	11.517900
0.104000	11.041000
0.104100	0.549985
0.104200	-17.094101
0.104300	-12.325400
0.104400	4.364910
0.104500	7.226110
0.104600	3.411180
0.104700	-0.880613
0.104800	-0.880613
0.104900	-1.357480
0.105000	4.364910
0.105100	5.318650
0.105200	-0.403747
0.105300	0.073119
0.105400	-5.172410
0.105500	-11.848500
0.105600	-7.556740
0.105700	-5.649270
0.105800	-3.741810
0.105900	3.411180
0.106000	1.980580
0.106100	1.980580
0.106200	5.318650
0.106300	3.411180
0.106400	2.934320
0.106500	4.364910
0.106600	7.226110
0.106700	9.133570
0.106800	3.888050
0.106900	-4.218670
0.107000	1.503720
0.107100	1.980580
0.107200	-0.403747
0.107300	-4.218670
0.107400	-4.218670
0.107500	-4.218670
0.107600	-3.264940
0.107700	-7.079870
0.107800	-2.311210
0.107900	0.549985
0.108000	-3.264940
0.108100	1.026850
0.108200	7.226110
0.108300	8.179840
0.108400	6.749240
0.108500	5.318650
0.108600	7.226110
0.108700	7.226110
0.108800	5.318650
0.108900	10.087300
0.109000	11.517900
0.109100	4.364910
0.109200	-0.880613
0.109300	-2.311210
0.109400	-10.894800
0.109500	-11.848500
0.109600	-0.403747
0.109700	9.133570
0.109800	9.133570
0.109900	5.318650
0.110000	7.702980
0.110100	6.272380
0.110200	1.026850
0.110300	1.503720
0.110400	-0.403747
0.110500	-3.264940
0.110600	1.503720
0.110700	7.226110
0.110800	6.272380
0.110900	7.226110
0.111000	7.702980
0.111100	9.133570
0.111200	11.994800
0.111300	6.272380
0.111400	6.272380
0.111500	7.226110
0.111600	6.749240
0.111700	6.272380
0.111800	2.934320
0.111900	1.026850
0.112000	2.934320
0.112100	2.457450
0.112200	1.503720
0.112300	-0.403747
0.112400	-3.264940
0.112500	-2.311210
0.112600	-0.880613
0.112700	-1.834340
0.112800	-2.788080
0.112900	-1.357480
0.113000	-2.311210
0.113100	2.457450
0.113200	4.841780
0.113300	2.934320
0.113400	3.411180
0.113500	1.980580
0.113600	-0.403747
0.113700	5.318650
0.113800	5.318650
0.113900	1.503720
0.114000	-0.403747
0.114100	-1.357480
0.114200	-2.311210
0.114300	-2.311210
0.114400	-0.880613
0.114500	-2.311210
0.114600	-4.695540
0.114700	-2.311210
0.114800	-0.403747
0.114900	-2.311210
0.115000	-3.264940
0.115100	-1.357480
0.115200	-2.311210
0.115300	-0.403747
0.115400	-0.403747
0.115500	0.549985
0.115600	0.549985
0.115700	4.841780
0.115800	11.041000
0.115900	11.994800
0.116000	11.517900
0.116100	8.179840
0.116200	5.318650
0.116300	6.272380
0.116400	6.272380
0.116500	5.318650
0.116600	9.133570
0.116700	6.272380
0.116800	5.795510
0.116900	5.795510
0.117000	2.457450
0.117100	2.457450
0.117200	-2.311210
0.117300	-0.403747
0.117400	3.411180
0.117500	1.503720
0.117600	-2.311210
0.117700	-5.172410
0.117800	-8.033600
0.117900	-8.033600
0.118000	-8.033600
0.118100	-3.264940
0.118200	-0.403747
0.118300	-0.403747
0.118400	5.318650
0.118500	5.318650
0.118600	5.318650
0.118700	10.087300
0.118800	15.809700
0.118900	13.902200
0.119000	12.471600
0.119100	5.318650
0.119200	-1.357480
0.119300	-1.357480
0.119400	0.073119
0.119500	-1.357480
0.119600	-4.695540
0.119700	-4.218670
0.119800	3.411180
0.119900	3.411180
0.120000	-1.357480
0.120100	-2.311210
0.120200	-3.264940
0.120300	-9.464200
0.120400	-8.987330
0.120500	-1.357480
0.120600	3.888050
0.120700	4.841780
0.120800	-0.403747
0.120900	3.411180
0.121000	6.272380
0.121100	9.133570
0.121200	9.133570
0.121300	3.411180
0.121400	4.841780
0.121500	7.702980
0.121600	6.272380
0.121700	-2.311210
0.121800	-1.834340
0.121900	2.457450
0.122000	2.934320
0.122100	2.934320
0.122200	3.411180
0.122300	2.457450
0.122400	1.503720
0.122500	-3.741810
0.122600	-2.788080
0.122700	-2.311210
0.122800	-2.311210
0.122900	-2.311210
0.123000	0.549985
0.123100	4.364910
0.123200	7.702980
0.123300	5.318650
0.123400	7.226110
0.123500	8.656710
0.123600	7.226110
0.123700	1.503720
0.123800	-0.403747
0.123900	0.549985
0.124000	1.026850
0.124100	-2.311210
0.124200	-1.357480
0.124300	0.549985
0.124400	-3.741810
0.124500	-5.172410
0.124600	-0.403747
0.124700	-0.403747
0.124800	-2.311210
0.124900	-4.218670
0.125000	-8.033600
0.125100	-6.126140
0.125200	-5.649270
0.125300	-7.079870
0.125400	-6.603000
0.125500	-6.126140
0.125600	-3.264940
0.125700	-3.741810
0.125800	-2.311210
0.125900	-0.880613
0.126000	-2.311210
0.126100	-2.311210
0.126200	-1.357480
0.126300	-1.357480
0.126400	2.457450
0.126500	4.364910
0.126600	-2.311210
0.126700	-3.741810
0.126800	-1.357480
0.126900	-3.264940
0.127000	-6.603000
0.127100	-8.033600
0.127200	-3.264940
0.127300	2.457450
0.127400	0.073119
0.127500	-0.403747
0.127600	1.980580
0.127700	-7.079870
0.127800	-8.987330
0.127900	-3.264940
0.128000	-1.834340
0.128100	-8.033600
0.128200	-8.987330
0.128300	-1.834340
0.128400	3.411180
0.128500	2.457450
0.128600	5.795510
0.128700	5.318650
0.128800	3.411180
0.128900	0.549985
0.129000	-3.741810
0.129100	1.503720
0.129200	0.549985
0.129300	-8.033600
0.129400	-3.741810
0.129500	-1.834340
0.129600	-3.741810
0.129700	-6.603000
0.129800	-7.079870
0.129900	-9.941070
0.130000	-4.218670
0.130100	-4.695540
0.130200	-7.556740
0.130300	-2.311210
0.130400	-0.403747
0.130500	-0.403747
0.130600	-0.880613
0.130700	-1.357480
0.130800	-4.218670
0.130900	-7.079870
0.131000	-3.264940
0.131100	-2.311210
0.131200	-2.788080
0.131300	-4.695540
0.131400	-4.218670
0.131500	-8.033600
0.131600	-11.371700
0.131700	-8.987330
0.131800	-8.033600
0.131900	-2.311210
0.132000	-3.264940
0.132100	1.503720
0.132200	3.411180
0.132300	-2.311210
0.132400	-4.218670
0.132500	-0.403747
0.132600	-2.311210
0.132700	-2.788080
0.132800	-3.264940
0.132900	-7.079870
0.133000	-5.649270
0.133100	-4.218670
0.133200	-1.834340
0.133300	-3.264940
0.133400	-4.218670
0.133500	-4.218670
0.133600	-2.788080
0.133700	-2.311210
0.133800	-1.357480
0.133900	0.073119
0.134000	-2.311210
0.134100	-6.126140
0.134200	-2.788080
0.134300	3.888050
0.134400	-2.311210
0.134500	-7.079870
0.134600	-2.311210
0.134700	-1.357480
0.134800	-2.311210
0.134900	0.549985
0.135000	1.503720
0.135100	2.457450
0.135200	5.318650
0.135300	2.934320
0.135400	3.411180
0.135500	7.226110
0.135600	2.457450
0.135700	-1.357480
0.135800	-1.357480
0.135900	-3.264940
0.136000	-8.033600
0.136100	-4.695540
0.136200	-5.649270
0.136300	-0.880613
0.136400	0.073119
0.136500	-6.126140
0.136600	-6.126140
0.136700	-6.126140
0.136800	-2.311210
0.136900	-0.403747
0.137000	-1.834340
0.137100	-3.264940
0.137200	-7.556740
0.137300	-9.941070
0.137400	-8.987330
0.137500	-5.172410
0.137600	-4.218670
0.137700	-9.941070
0.137800	-9.941070
0.137900	-1.357480
0.138000	2.457450
0.138100	-1.834340
0.138200	-3.741810
0.138300	-1.357480
0.138400	-5.172410
0.138500	-11.371700
0.138600	-12.802300
0.138700	-7.079870
0.138800	-3.741810
0.138900	-5.172410
0.139000	-4.218670
0.139100	-7.079870
0.139200	-10.417900
0.139300	-4.218670
0.139400	-2.311210
0.139500	-7.079870
0.139600	-8.987330
0.139700	-5.172410
0.139800	-2.311210
0.139900	-2.311210
0.140000	-6.603000
0.140100	-5.172410
0.140200	-5.172410
0.140300	-10.894800
0.140400	-8.033600
0.140500	-6.126140
0.140600	-4.695540
0.140700	-1.357480
0.140800	-2.311210
0.140900	-5.172410
0.141000	-8.510470
0.141100	-5.649270
0.141200	-3.264940
0.141300	-3.264940
0.141400	-6.126140
0.141500	-6.126140
0.141600	-5.172410
0.141700	-8.987330
0.141800	-11.848500
0.141900	-8.033600
0.142000	-9.464200
0.142100	-7.079870
0.142200	-3.741810
0.142300	-3.264940
0.142400	-5.649270
0.142500	-3.741810
0.142600	-6.126140
0.142700	-7.079870
0.142800	-4.218670
0.142900	-3.741810
0.143000	-6.603000
0.143100	-8.033600
0.143200	-4.218670
0.143300	-2.311210
0.143400	-2.788080
0.143500	-3.264940
0.143600	-8.987330
0.143700	-9.941070
0.143800	-7.079870
0.143900	-7.556740
0.144000	-7.079870
0.144100	-6.126140
0.144200	-8.987330
0.144300	-5.649270
0.144400	-4.695540
0.144500	-7.556740
0.144600	-9.464200
0.144700	-10.417900
0.144800	-10.894800
0.144900	-3.264940
0.145000	-2.311210
0.145100	-2.311210
0.145200	-2.311210
0.145300	-2.311210
0.145400	-2.311210
0.145500	-7.079870
0.145600	-6.126140
0.145700	-5.172410
0.145800	-5.172410
0.145900	-4.218670
0.146000	-1.357480
0.146100	-5.172410
0.146200	-2.311210
0.146300	1.026850
0.146400	-5.649270
0.146500	-8.987330
0.146600	-9.941070
0.146700	-14.232900
0.146800	-2.788080
0.146900	-1.834340
0.147000	-5.172410
0.147100	-2.311210
0.147200	-3.741810
0.147300	-6.603000
0.147400	-2.311210
0.147500	-2.311210
0.147600	-6.126140
0.147700	-1.357480
0.147800	-3.741810
0.147900	-2.311210
0.148000	-2.311210
0.148100	-7.079870
0.148200	-4.695540
0.148300	-3.264940
0.148400	-2.311210
0.148500	-2.311210
0.148600	-3.264940
0.148700	-3.741810
0.148800	-5.649270
0.148900	-4.218670
0.149000	-4.218670
0.149100	-10.894800
0.149200	-13.279100
0.149300	-12.325400
0.149400	-4.218670
0.149500	-0.403747
0.149600	-0.880613
0.149700	-1.357480
0.149800	0.549985
0.149900	-2.311210
0.150000	-5.172410
0.150100	-1.357480
0.150200	-4.218670
0.150300	-6.126140
0.150400	-5.172410
0.150500	-2.788080
0.150600	2.457450
0.150700	3.411180
0.150800	0.073119
0.150900	2.457450
0.151000	2.457450
0.151100	3.888050
0.151200	3.411180
0.151300	-2.788080
0.151400	-8.033600
0.151500	-3.741810
0.151600	0.073119
0.151700	2.457450
0.151800	-1.357480
0.151900	-2.311210
0.152000	2.934320
0.152100	-0.880613
0.152200	-8.033600
0.152300	-1.357480
0.152400	1.503720
0.152500	0.073119
0.152600	0.073119
0.152700	-2.311210
0.152800	-2.311210
0.152900	-3.264940
0.153000	0.549985
0.153100	2.934320
0.153200	-4.218670
0.153300	-6.126140
0.153400	0.073119
0.153500	-0.880613
0.153600	-2.311210
0.153700	-0.403747
0.153800	-5.172410
0.153900	-7.079870
0.154000	-9.941070
0.154100	-10.417900
0.154200	-5.172410
0.154300	-6.603000
0.154400	-6.603000
0.154500	-4.218670
0.154600	-4.695540
0.154700	-2.311210
0.154800	-5.172410
0.154900	-9.464200
0.155000	-8.033600
0.155100	-8.033600
0.155200	-5.649270
0.155300	-2.788080
0.155400	-4.695540
0.155500	-2.311210
0.155600	2.457450
0.155700	-1.834340
0.155800	-6.126140
0.155900	-5.172410
0.156000	-6.126140
0.156100	-2.788080
0.156200	-3.264940
0.156300	-2.311210
0.156400	0.549985
0.156500	1.980580
0.156600	-0.403747
0.156700	-4.218670
0.156800	-0.880613
0.156900	0.549985
0.157000	-2.788080
0.157100	-7.556740
0.157200	-8.987330
0.157300	-4.218670
0.157400	-0.403747
0.157500	-2.311210
0.157600	-2.311210
0.157700	-2.311210
0.157800	-6.603000
0.157900	-5.172410
0.158000	-3.264940
0.158100	-8.033600
0.158200	-3.264940
0.158300	-4.218670
0.158400	-4.218670
0.158500	-5.172410
0.158600	-0.403747
0.158700	-1.357480
0.158800	1.026850
0.158900	-2.788080
0.159000	-1.357480
0.159100	2.457450
0.159200	-3.264940
0.159300	-2.788080
0.159400	-1.357480
0.159500	-2.311210
0.159600	-5.172410
0.159700	-5.172410
0.159800	-3.741810
0.159900	-1.357480
0.160000	-0.403747
0.160100	-5.649270
0.160200	-3.741810
0.160300	-2.311210
0.160400	-2.311210
0.160500	2.457450
0.160600	4.364910
0.160700	-3.264940
0.160800	-1.357480
0.160900	1.980580
0.161000	-2.311210
0.161100	-3.741810
0.161200	-0.403747
0.161300	0.549985
0.161400	-0.880613
0.161500	-1.357480
0.161600	0.073119
0.161700	-2.311210
0.161800	-5.172410
0.161900	-2.788080
0.162000	-6.603000
0.162100	-8.033600
0.162200	-3.264940
0.162300	-1.834340
0.162400	0.549985
0.162500	-1.357480
0.162600	-2.311210
0.162700	-1.357480
0.162800	-2.311210
0.162900	-0.403747
0.163000	3.411180
0.163100	0.549985
0.163200	-0.403747
0.163300	1.980580
0.163400	-0.403747
0.163500	-2.788080
0.163600	0.549985
0.163700	-1.357480
0.163800	-2.788080
0.163900	-2.311210
0.164000	-0.403747
0.164100	-1.357480
0.164200	-3.741810
0.164300	-2.311210
0.164400	-1.357480
0.164500	-2.311210
0.164600	-2.311210
0.164700	-2.311210
0.164800	-3.264940
0.164900	0.549985
0.165000	-2.311210
0.165100	-7.079870
0.165200	0.549985
0.165300	-0.403747
0.165400	-4.218670
0.165500	2.934320
0.165600	-1.357480
0.165700	-3.741810
0.165800	-8.033600
0.165900	-8.510470
0.166000	-6.126140
0.166100	-4.218670
0.166200	-3.264940
0.166300	0.073119
0.166400	0.073119
0.166500	-4.695540
0.166600	-5.649270
0.166700	-2.311210
0.166800	0.549985
0.166900	1.026850
0.167000	0.549985
0.167100	-0.880613
0.167200	-2.311210
0.167300	-1.357480
0.167400	-2.311210
0.167500	-3.741810
0.167600	-0.880613
0.167700	-2.788080
0.167800	-4.695540
0.167900	2.457450
0.168000	3.888050
0.168100	-5.172410
0.168200	-6.126140
0.168300	-1.357480
0.168400	-2.311210
0.168500	1.026850
0.168600	0.073119
0.168700	-1.834340
0.168800	-0.403747
0.168900	1.503720
0.169000	-0.403747
0.169100	-1.357480
0.169200	-2.311210
0.169300	-3.264940
0.169400	-5.172410
0.169500	-4.218670
0.169600	-7.079870
0.169700	-9.941070
0.169800	-3.264940
0.169900	4.364910
0.170000	5.318650
0.170100	1.503720
0.170200	0.073119
0.170300	1.026850
0.170400	3.411180
0.170500	-1.357480
0.170600	-8.033600
0.170700	-5.172410
0.170800	-5.172410
0.170900	-6.126140
0.171000	-1.357480
0.171100	-2.311210
0.171200	-5.172410
0.171300	-7.079870
0.171400	-1.357480
0.171500	0.549985
0.171600	-4.218670
0.171700	-3.264940
0.171800	-0.403747
0.171900	0.549985
0.172000	-2.311210
0.172100	-3.264940
0.172200	-2.311210
0.172300	-2.311210
0.172400	-2.311210
0.172500	-2.311210
0.172600	-0.403747
0.172700	0.073119
0.172800	0.549985
0.172900	-1.834340
0.173000	-2.788080
0.173100	1.503720
0.173200	-2.311210
0.173300	-3.741810
0.173400	-2.311210
0.173500	-3.264940
0.173600	0.073119
0.173700	-0.880613
0.173800	-2.788080
0.173900	-2.788080
0.174000	-2.311210
0.174100	-2.311210
0.174200	-2.311210
0.174300	-4.695540
0.174400	-0.880613
0.174500	-1.357480
0.174600	-6.126140
0.174700	-2.788080
0.174800	-2.311210
0.174900	-0.403747
0.175000	-1.357480
0.175100	-6.126140
0.175200	-5.172410
0.175300	-1.834340
0.175400	-0.403747
0.175500	-0.403747
0.175600	-8.033600
0.175700	-5.172410
0.175800	-4.218670
0.175900	-5.172410
0.176000	0.549985
0.176100	2.457450
0.176200	-1.834340
0.176300	0.549985
0.176400	-0.880613
0.176500	-4.218670
0.176600	-6.603000
0.176700	-4.218670
0.176800	-5.172410
0.176900	-0.403747
0.177000	-1.357480
0.177100	-2.311210
0.177200	-0.403747
0.177300	-0.880613
0.177400	3.888050
0.177500	0.549985
0.177600	-5.172410
0.177700	-3.264940
0.177800	-3.264940
0.177900	0.073119
0.178000	1.026850
0.178100	-2.311210
0.178200	-2.311210
0.178300	0.073119
0.178400	-0.403747
0.178500	-2.311210
0.178600	-3.741810
0.178700	-0.403747
0.178800	1.503720
0.178900	-2.311210
0.179000	1.026850
0.179100	-2.311210
0.179200	-4.695540
0.179300	-5.172410
0.179400	-6.126140
0.179500	-8.033600
0.179600	-4.218670
0.179700	-3.264940
0.179800	3.411180
0.179900	2.934320
0.180000	-4.695540
0.180100	-5.649270
0.180200	-3.741810
0.180300	-5.172410
0.180400	-1.357480
0.180500	-0.403747
0.180600	-1.357480
0.180700	-3.264940
0.180800	-3.264940
0.180900	-2.311210
0.181000	-3.741810
0.181100	-2.311210
0.181200	-3.264940
0.181300	-4.218670
0.181400	0.549985
0.181500	-3.264940
0.181600	-5.172410
0.181700	-2.311210
0.181800	-1.357480
0.181900	-0.403747
0.182000	-0.403747
0.182100	-1.357480
0.182200	1.503720
0.182300	-1.357480
0.182400	-0.403747
0.182500	-0.403747
0.182600	-1.357480
0.182700	-1.357480
0.182800	4.841780
0.182900	6.272380
0.183000	4.364910
0.183100	2.457450
0.183200	-4.218670
0.183300	-4.218670
0.183400	1.503720
0.183500	-1.834340
0.183600	-5.172410
0.183700	2.934320
0.183800	2.934320
0.183900	-0.403747
0.184000	-2.311210
0.184100	-3.264940
0.184200	-6.126140
0.184300	-5.172410
0.184400	1.503720
0.184500	-1.834340
0.184600	-3.264940
0.184700	-0.403747
0.184800	1.980580
0.184900	-2.311210
0.185000	0.073119
0.185100	-1.834340
0.185200	-1.357480
0.185300	1.503720
0.185400	-4.695540
0.185500	-1.834340
0.185600	2.457450
0.185700	0.073119
0.185800	-1.834340
0.185900	1.026850
0.186000	1.980580
0.186100	2.457450
0.186200	1.980580
0.186300	-1.357480
0.186400	-2.311210
0.186500	-2.311210
0.186600	0.073119
0.186700	3.411180
0.186800	2.457450
0.186900	-2.311210
0.187000	-3.741810
0.187100	-3.264940
0.187200	-0.403747
0.187300	5.795510
0.187400	2.457450
0.187500	-2.311210
0.187600	-2.311210
0.187700	-1.357480
0.187800	-3.264940
0.187900	-4.218670
0.188000	-0.403747
0.188100	3.411180
0.188200	1.026850
0.188300	-0.403747
0.188400	-1.834340
0.188500	-3.741810
0.188600	-2.311210
0.188700	3.888050
0.188800	1.980580
0.188900	-2.311210
0.189000	-4.218670
0.189100	-2.788080
0.189200	0.549985
0.189300	-0.403747
0.189400	-0.403747
0.189500	2.457450
0.189600	-0.403747
0.189700	-1.357480
0.189800	0.549985
0.189900	-0.403747
0.190000	-2.788080
0.190100	-4.695540
0.190200	0.549985
0.190300	3.888050
0.190400	0.549985
0.190500	-3.741810
0.190600	-3.741810
0.190700	-2.788080
0.190800	-1.357480
0.190900	1.503720
0.191000	1.980580
0.191100	-0.403747
0.191200	-2.311210
0.191300	0.549985
0.191400	2.457450
0.191500	1.980580
0.191600	4.364910
0.191700	3.888050
0.191800	-1.357480
0.191900	-3.741810
0.192000	-2.788080
0.192100	-0.403747
0.192200	-1.357480
0.192300	-1.834340
0.192400	-0.403747
0.192500	2.457450
0.192600	0.549985
0.192700	0.073119
0.192800	0.549985
0.192900	-0.403747
0.193000	-0.403747
0.193100	-1.834340
0.193200	-2.311210
0.193300	-5.172410
0.193400	-3.264940
0.193500	-1.834340
0.193600	-0.880613
0.193700	-3.741810
0.193800	-7.556740
0.193900	-5.172410
0.194000	2.934320
0.194100	2.457450
0.194200	-2.311210
0.194300	-3.741810
0.194400	-2.311210
0.194500	-2.311210
0.194600	-2.788080
0.194700	0.549985
0.194800	2.457450
0.194900	-0.403747
0.195000	-1.357480
0.195100	-4.218670
0.195200	-2.311210
0.195300	3.411180
0.195400	4.364910
0.195500	2.934320
0.195600	3.411180
0.195700	-4.695540
0.195800	-4.695540
0.195900	-3.264940
0.196000	-4.218670
0.196100	-5.172410
0.196200	-3.264940
0.196300	-1.357480
0.196400	-0.880613
0.196500	-1.357480
0.196600	-5.172410
0.196700	0.073119
0.196800	3.411180
0.196900	-0.403747
0.197000	2.934320
0.197100	-0.403747
0.197200	-0.880613
0.197300	2.457450
0.197400	3.411180
0.197500	-0.880613
0.197600	4.364910
0.197700	-0.403747
0.197800	-4.695540
0.197900	0.549985
0.198000	-3.264940
0.198100	-6.126140
0.198200	-8.033600
0.198300	-2.788080
0.198400	1.026850
0.198500	-2.311210
0.198600	-4.218670
0.198700	-1.357480
0.198800	-3.264940
0.198900	-4.695540
0.199000	-3.741810
0.199100	-2.788080
0.199200	-1.357480
0.199300	0.549985
0.199400	-2.788080
0.199500	-0.880613
0.199600	0.549985
0.199700	-2.311210
0.199800	0.073119
0.199900	-0.403747
0.200000	-3.741810
0.200100	-1.357480
0.200200	-3.264940
0.200300	-4.218670
0.200400	-2.311210
0.200500	-6.126140
0.200600	-6.126140
0.200700	-5.649270
0.200800	-7.079870
0.200900	-0.880613
0.201000	-0.403747
0.201100	-2.311210
0.201200	-5.172410
0.201300	-8.510470
0.201400	-8.033600
0.201500	-8.033600
0.201600	-9.941070
0.201700	-0.403747
0.201800	0.549985
0.201900	-3.264940
0.202000	-1.834340
0.202100	-5.172410
0.202200	-4.218670
0.202300	2.457450
0.202400	-2.311210
0.202500	-6.126140
0.202600	-3.264940
0.202700	-2.788080
0.202800	-0.403747
0.202900	0.549985
0.203000	-1.357480
0.203100	-2.311210
0.203200	-6.603000
0.203300	-7.079870
0.203400	-0.403747
0.203500	0.549985
0.203600	-2.311210
0.203700	-1.834340
0.203800	-2.311210
0.203900	-3.264940
0.204000	-4.695540
0.204100	-3.264940
0.204200	2.457450
0.204300	-0.403747
0.204400	-3.264940
0.204500	-2.311210
0.204600	0.549985
0.204700	2.457450
0.204800	-2.311210
0.204900	-1.834340
0.205000	-1.357480
0.205100	-3.264940
0.205200	-1.357480
0.205300	-0.880613
0.205400	-1.357480
0.205500	-0.403747
0.205600	-1.357480
0.205700	-5.172410
0.205800	-1.357480
0.205900	5.318650
0.206000	-1.357480
0.206100	-1.357480
0.206200	-1.357480
0.206300	-4.218670
0.206400	-3.741810
0.206500	-3.264940
0.206600	-4.218670
0.206700	-0.403747
0.206800	-2.311210
0.206900	-4.218670
0.207000	-0.880613
0.207100	2.934320
0.207200	3.411180
0.207300	-0.403747
0.207400	-2.311210
0.207500	-2.311210
0.207600	-6.603000
0.207700	-4.218670
0.207800	-6.603000
0.207900	-5.649270
0.208000	-2.311210
0.208100	1.026850
0.208200	0.073119
0.208300	-1.834340
0.208400	-1.357480
0.208500	2.457450
0.208600	-1.357480
0.208700	-4.695540
0.208800	-0.403747
0.208900	2.457450
0.209000	-1.357480
0.209100	-2.311210
0.209200	-4.218670
0.209300	-4.218670
0.209400	2.457450
0.209500	2.457450
0.209600	-2.788080
0.209700	-4.218670
0.209800	-0.403747
0.209900	-2.311210
0.210000	-2.311210
0.210100	1.503720
0.210200	0.073119
0.210300	-3.741810
0.210400	-5.649270
0.210500	-3.264940
0.210600	-0.880613
0.210700	-2.311210
0.210800	-2.311210
0.210900	-0.403747
0.211000	-2.788080
0.211100	-4.218670
0.211200	-0.880613
0.211300	-1.357480
0.211400	-2.311210
0.211500	1.026850
0.211600	-1.834340
0.211700	-3.741810
0.211800	-5.172410
0.211900	-3.741810
0.212000	0.549985
0.212100	-0.403747
0.212200	-2.311210
0.212300	-2.311210
0.212400	-3.741810
0.212500	-3.741810
0.212600	-3.264940
0.212700	-5.172410
0.212800	-5.172410
0.212900	-4.218670
0.213000	-4.218670
0.213100	0.549985
0.213200	0.549985
0.213300	-3.264940
0.213400	0.549985
0.213500	-5.172410
0.213600	-13.756000
0.213700	-9.941070
0.213800	-5.172410
0.213900	-1.357480
0.214000	-0.880613
0.214100	-4.218670
0.214200	-4.218670
0.214300	-6.126140
0.214400	-3.264940
0.214500	2.934320
0.214600	2.457450
0.214700	-0.880613
0.214800	0.073119
0.214900	0.073119
0.215000	0.073119
0.215100	-5.172410
0.215200	-5.649270
0.215300	-1.357480
0.215400	1.026850
0.215500	2.457450
0.215600	0.073119
0.215700	-1.357480
0.215800	1.503720
0.215900	-0.403747
0.216000	-2.311210
0.216100	-4.218670
0.216200	-7.079870
0.216300	-2.311210
0.216400	-0.880613
0.216500	-2.311210
0.216600	-3.264940
0.216700	-5.172410
0.216800	-7.079870
0.216900	-5.172410
0.217000	-5.172410
0.217100	-1.834340
0.217200	3.411180
0.217300	-0.403747
0.217400	-5.649270
0.217500	-4.695540
0.217600	-7.079870
0.217700	-1.834340
0.217800	0.073119
0.217900	-0.880613
0.218000	-4.695540
0.218100	-5.649270
0.218200	-3.741810
0.218300	0.549985
0.218400	-0.403747
0.218500	-2.311210
0.218600	-0.403747
0.218700	-2.311210
0.218800	-4.695540
0.218900	-1.357480
0.219000	1.980580
0.219100	0.549985
0.219200	-0.403747
0.219300	-1.357480
0.219400	-4.218670
0.219500	-7.079870
0.219600	-8.033600
0.219700	-5.649270
0.219800	-2.311210
0.219900	-3.264940
0.220000	-3.741810
0.220100	-1.357480
0.220200	-1.357480
0.220300	-0.403747
0.220400	1.503720
0.220500	-1.357480
0.220600	-7.079870
0.220700	-5.649270
0.220800	-1.357480
0.220900	0.549985
0.221000	-0.403747
0.221100	-4.695540
0.221200	-1.834340
0.221300	-0.880613
0.221400	-4.218670
0.221500	-1.357480
0.221600	-2.311210
0.221700	-8.033600
0.221800	-6.126140
0.221900	-1.357480
0.222000	-0.403747
0.222100	-5.172410
0.222200	-8.033600
0.222300	0.549985
0.222400	-1.357480
0.222500	-4.218670
0.222600	-0.403747
0.222700	-3.264940
0.222800	-6.126140
0.222900	-8.987330
0.223000	-6.126140
0.223100	-1.357480
0.223200	2.457450
0.223300	1.026850
0.223400	-2.311210
0.223500	-3.264940
0.223600	-0.403747
0.223700	-1.357480
0.223800	-1.357480
0.223900	-0.403747
0.224000	1.980580
0.224100	-1.357480
0.224200	3.411180
0.224300	3.411180
0.224400	-2.788080
0.224500	-3.264940
0.224600	-4.695540
0.224700	-11.848500
0.224800	-8.033600
0.224900	-2.311210
0.225000	-1.357480
0.225100	-3.264940
0.225200	-6.126140
0.225300	-6.126140
0.225400	-4.218670
0.225500	-4.218670
0.225600	-4.218670
0.225700	-4.218670
0.225800	-0.403747
0.225900	3.411180
0.226000	-5.172410
0.226100	-4.218670
0.226200	-0.403747
0.226300	0.549985
0.226400	-0.880613
0.226500	-4.695540
0.226600	-1.357480
0.226700	5.318650
0.226800	0.549985
0.226900	-3.741810
0.227000	1.026850
0.227100	-2.311210
0.227200	-5.172410
0.227300	-2.311210
0.227400	-2.311210
0.227500	-2.788080
0.227600	-4.695540
0.227700	-1.834340
0.227800	-1.357480
0.227900	-6.603000
0.228000	-6.603000
0.228100	-4.218670
0.228200	-0.403747
0.228300	3.411180
0.228400	-1.357480
0.228500	-3.264940
0.228600	-0.403747
0.228700	1.026850
0.228800	2.457450
0.228900	3.411180
0.229000	2.457450
0.229100	1.980580
0.229200	0.549985
0.229300	-2.311210
0.229400	-1.834340
0.229500	1.503720
0.229600	-1.834340
0.229700	-4.218670
0.229800	-5.172410
0.229900	-5.172410
0.230000	-3.741810
0.230100	-6.126140
0.230200	-2.311210
0.230300	-1.834340
0.230400	-4.218670
0.230500	0.549985
0.230600	-0.403747
0.230700	-3.264940
0.230800	-2.311210
0.230900	-3.264940
0.231000	-1.357480
0.231100	-2.788080
0.231200	-2.311210
0.231300	2.457450
0.231400	-2.788080
0.231500	-2.311210
0.231600	5.795510
0.231700	3.888050
0.231800	1.980580
0.231900	3.411180
0.232000	1.503720
0.232100	0.073119
0.232200	-1.357480
0.232300	-4.218670
0.232400	-4.695540
0.232500	-8.033600
0.232600	-2.311210
0.232700	1.980580
0.232800	-2.311210
0.232900	-2.311210
0.233000	0.549985
0.233100	3.411180
0.233200	3.411180
0.233300	-3.264940
0.233400	-4.218670
0.233500	-0.403747
0.233600	-1.357480
0.233700	-2.311210
0.233800	-2.788080
0.233900	1.026850
0.234000	4.364910
0.234100	3.411180
0.234200	3.411180
0.234300	3.888050
0.234400	-2.311210
0.234500	3.411180
0.234600	3.411180
0.234700	-1.834340
0.234800	-1.357480
0.234900	0.073119
0.235000	2.457450
0.235100	3.888050
0.235200	-0.403747
0.235300	-2.311210
0.235400	-0.403747
0.235500	-2.788080
0.235600	-2.311210
0.235700	-1.357480
0.235800	-4.218670
0.235900	-5.172410
0.236000	-3.264940
0.236100	-2.311210
0.236200	0.549985
0.236300	-3.741810
0.236400	-8.033600
0.236500	-4.218670
0.236600	-5.172410
0.236700	-8.033600
0.236800	-8.033600
0.236900	-6.126140
0.237000	-2.311210
0.237100	3.411180
0.237200	1.980580
0.237300	3.411180
0.237400	2.457450
0.237500	-1.357480
0.237600	-2.311210
0.237700	-5.649270
0.237800	-5.172410
0.237900	-4.218670
0.238000	-5.172410
0.238100	-7.556740
0.238200	-2.311210
0.238300	-0.403747
0.238400	-2.788080
0.238500	-2.311210
0.238600	-4.218670
0.238700	-7.079870
0.238800	-2.311210
0.238900	2.457450
0.239000	1.980580
0.239100	-0.403747
0.239200	-3.264940
0.239300	-5.649270
0.239400	-2.788080
0.239500	-1.834340
0.239600	-2.311210
0.239700	-5.649270
0.239800	-4.218670
0.239900	1.026850
0.240000	1.503720
0.240100	-2.788080
0.240200	0.073119
0.240300	5.318650
0.240400	1.026850
0.240500	-4.218670
0.240600	-2.788080
0.240700	-3.264940
0.240800	-5.172410
0.240900	-3.264940
0.241000	-0.880613
0.241100	3.888050
0.241200	-0.403747
0.241300	-3.741810
0.241400	-1.834340
0.241500	-3.264940
0.241600	-5.172410
0.241700	-2.311210
0.241800	-4.218670
0.241900	-3.264940
0.242000	-3.264940
0.242100	-2.788080
0.242200	-1.357480
0.242300	-3.264940
0.242400	-1.357480
0.242500	-0.403747
0.242600	-2.788080
0.242700	-2.311210
0.242800	-0.880613
0.242900	-0.880613
0.243000	0.073119
0.243100	0.549985
0.243200	-0.403747
0.243300	-1.357480
0.243400	-1.357480
0.243500	-3.264940
0.243600	-5.172410
0.243700	-1.834340
0.243800	2.934320
0.243900	-2.311210
0.244000	-4.695540
0.244100	-0.403747
0.244200	0.073119
0.244300	2.457450
0.244400	-0.403747
0.244500	-0.403747
0.244600	2.934320
0.244700	-0.880613
0.244800	-4.695540
0.244900	-5.172410
0.245000	-5.649270
0.245100	1.026850
0.245200	2.457450
0.245300	0.549985
0.245400	2.457450
0.245500	-2.311210
0.245600	1.026850
0.245700	1.026850
0.245800	-3.264940
0.245900	-3.264940
0.246000	-3.264940
0.246100	-6.603000
0.246200	-2.311210
0.246300	0.073119
0.246400	-5.172410
0.246500	-4.218670
0.246600	-0.403747
0.246700	0.073119
0.246800	-2.311210
0.246900	-2.788080
0.247000	-2.788080
0.247100	0.549985
0.247200	-1.357480
0.247300	-2.311210
0.247400	-3.264940
0.247500	-5.172410
0.247600	-2.788080
0.247700	-1.357480
0.247800	-0.403747
0.247900	1.026850
0.248000	-2.311210
0.248100	-4.695540
0.248200	-3.741810
0.248300	-4.218670
0.248400	-3.264940
0.248500	-2.311210
0.248600	-0.403747
0.248700	2.457450
0.248800	-0.880613
0.248900	-6.603000
0.249000	-6.126140
0.249100	-6.126140
0.249200	-6.126140
0.249300	-0.403747
0.249400	0.073119
0.249500	-5.649270
0.249600	-7.556740
0.249700	-4.695540
0.249800	-3.741810
0.249900	-4.218670
0.250000	-1.357480
0.250100	1.026850
0.250200	0.073119
0.250300	0.549985
0.250400	2.457450
0.250500	-0.403747
0.250600	0.549985
0.250700	0.073119
0.250800	-3.741810
0.250900	-3.264940
0.251000	-4.218670
0.251100	-3.264940
0.251200	-2.788080
0.251300	-6.126140
0.251400	-3.264940
0.251500	-4.218670
0.251600	-10.894800
0.251700	-5.172410
0.251800	1.026850
0.251900	-2.311210
0.252000	-0.403747
0.252100	3.411180
0.252200	-0.880613
0.252300	1.503720
0.252400	2.457450
0.252500	-0.403747
0.252600	-4.218670
0.252700	-7.079870
0.252800	-1.357480
0.252900	-0.880613
0.253000	3.411180
0.253100	7.226110
0.253200	-2.788080
0.253300	-2.788080
0.253400	1.980580
0.253500	1.980580
0.253600	-1.357480
0.253700	-1.834340
0.253800	-3.264940
0.253900	-5.172410
0.254000	-5.649270
0.254100	-0.403747
0.254200	-1.357480
0.254300	-7.079870
0.254400	-2.788080
0.254500	-2.311210
0.254600	-4.695540
0.254700	-6.126140
0.254800	-7.079870
0.254900	-5.649270
0.255000	-3.264940
0.255100	0.549985
0.255200	0.549985
0.255300	1.503720
0.255400	0.549985
0.255500	-3.741810
0.255600	-2.311210
0.255700	-3.264940
0.255800	1.026850
0.255900	-0.403747
0.256000	-4.218670
0.256100	-2.311210
0.256200	1.503720
0.256300	-0.880613
0.256400	3.411180
0.256500	2.457450
0.256600	-0.403747
0.256700	0.073119
0.256800	-3.741810
0.256900	-4.218670
0.257000	-0.403747
0.257100	1.503720
0.257200	0.549985
0.257300	-2.311210
0.257400	-1.834340
0.257500	-1.357480
0.257600	-4.695540
0.257700	-2.311210
0.257800	0.549985
0.257900	-2.311210
0.258000	-2.311210
0.258100	-1.357480
0.258200	1.503720
0.258300	5.318650
0.258400	4.364910
0.258500	-0.403747
0.258600	-2.311210
0.258700	-1.357480
0.258800	3.411180
0.258900	1.503720
0.259000	0.549985
0.259100	0.549985
0.259200	1.026850
0.259300	-0.403747
0.259400	0.549985
0.259500	4.364910
0.259600	3.411180
0.259700	1.026850
0.259800	-2.311210
0.259900	-2.788080
0.260000	1.980580
0.260100	-1.357480
0.260200	-1.357480
0.260300	-1.357480
0.260400	-2.788080
0.260500	0.549985
0.260600	3.411180
0.260700	0.073119
0.260800	-0.880613
0.260900	-3.264940
0.261000	-1.357480
0.261100	-2.311210
0.261200	-1.357480
0.261300	-1.357480
0.261400	0.073119
0.261500	-1.357480
0.261600	-4.218670
0.261700	-2.311210
0.261800	0.549985
0.261900	1.503720
0.262000	-2.311210
0.262100	-4.218670
0.262200	-4.218670
0.262300	-4.218670
0.262400	1.503720
0.262500	2.457450
0.262600	-5.172410
0.262700	-5.172410
0.262800	-1.357480
0.262900	-0.403747
0.263000	-0.880613
0.263100	-1.357480
0.263200	-1.357480
0.263300	-4.218670
0.263400	-4.218670
0.263500	0.549985
0.263600	-1.834340
0.263700	-1.834340
0.263800	-0.403747
0.263900	2.457450
0.264000	5.318650
0.264100	-0.403747
0.264200	-3.264940
0.264300	-1.834340
0.264400	-3.264940
0.264500	-1.357480
0.264600	-2.311210
0.264700	-4.218670
0.264800	-1.834340
0.264900	-2.311210
0.265000	-5.172410
0.265100	-7.079870
0.265200	-6.126140
0.265300	-4.218670
0.265400	1.026850
0.265500	2.934320
0.265600	0.073119
0.265700	-2.311210
0.265800	-6.603000
0.265900	-1.357480
0.266000	-0.403747
0.266100	-0.403747
0.266200	0.549985
0.266300	0.549985
0.266400	-1.834340
0.266500	-3.264940
0.266600	-1.357480
0.266700	0.073119
0.266800	1.980580
0.266900	2.457450
0.267000	0.549985
0.267100	-4.218670
0.267200	-5.172410
0.267300	1.503720
0.267400	2.457450
0.267500	-2.311210
0.267600	-1.357480
0.267700	-5.172410
0.267800	-4.218670
0.267900	0.549985
0.268000	0.073119
0.268100	-3.264940
0.268200	-2.311210
0.268300	-3.741810
0.268400	-2.311210
0.268500	-1.357480
0.268600	0.549985
0.268700	1.503720
0.268800	-1.834340
0.268900	-3.741810
0.269000	-1.357480
0.269100	0.073119
0.269200	2.457450
0.269300	-0.403747
0.269400	-1.357480
0.269500	-0.880613
0.269600	0.549985
0.269700	0.073119
0.269800	-1.834340
0.269900	-5.172410
0.270000	-2.311210
0.270100	-3.741810
0.270200	-8.033600
0.270300	-3.741810
0.270400	-7.079870
0.270500	-8.987330
0.270600	-3.741810
0.270700	-6.603000
0.270800	-1.834340
0.270900	4.364910
0.271000	-1.357480
0.271100	-5.649270
0.271200	-3.264940
0.271300	-5.649270
0.271400	-3.741810
0.271500	-5.172410
0.271600	-9.941070
0.271700	-2.311210
0.271800	0.549985
0.271900	-1.834340
0.272000	-2.788080
0.272100	-8.510470
0.272200	-3.264940
0.272300	2.457450
0.272400	-3.741810
0.272500	-1.834340
0.272600	-0.403747
0.272700	-4.218670
0.272800	-3.264940
0.272900	-4.218670
0.273000	-3.264940
0.273100	-1.357480
0.273200	-4.218670
0.273300	-7.556740
0.273400	-8.033600
0.273500	-1.834340
0.273600	-1.357480
0.273700	-6.126140
0.273800	-8.033600
0.273900	-4.218670
0.274000	-3.264940
0.274100	-5.172410
0.274200	-7.079870
0.274300	-6.603000
0.274400	1.980580
0.274500	0.549985
0.274600	-3.264940
0.274700	-4.695540
0.274800	-9.941070
0.274900	-6.126140
0.275000	-1.834340
0.275100	-2.311210
0.275200	-4.695540
0.275300	-5.172410
0.275400	-6.603000
0.275500	0.549985
0.275600	-2.311210
0.275700	-5.172410
0.275800	-6.126140
0.275900	-4.218670
0.276000	-0.403747
0.276100	1.503720
0.276200	-2.311210
0.276300	-3.741810
0.276400	-1.834340
0.276500	1.980580
0.276600	2.457450
0.276700	1.026850
0.276800	-1.357480
0.276900	-3.264940
0.277000	-5.172410
0.277100	-7.079870
0.277200	-5.172410
0.277300	-1.357480
0.277400	-1.357480
0.277500	-6.603000
0.277600	-5.172410
0.277700	-7.079870
0.277800	-3.741810
0.277900	-0.880613
0.278000	-0.403747
0.278100	2.934320
0.278200	-1.834340
0.278300	-3.264940
0.278400	-1.834340
0.278500	-0.403747
0.278600	2.457450
0.278700	2.457450
0.278800	-1.357480
0.278900	-8.033600
0.279000	-4.218670
0.279100	-4.218670
0.279200	-4.218670
0.279300	-1.357480
0.279400	-1.834340
0.279500	-4.218670
0.279600	-4.218670
0.279700	-3.264940
0.279800	-2.788080
0.279900	-3.264940
0.280000	-1.357480
0.280100	-4.218670
0.280200	-6.603000
0.280300	-5.172410
0.280400	-2.311210
0.280500	-1.834340
0.280600	-0.403747
0.280700	0.549985
0.280800	-3.264940
0.280900	-4.218670
0.281000	-1.357480
0.281100	-3.264940
0.281200	-5.172410
0.281300	-2.311210
0.281400	-3.264940
0.281500	-4.218670
0.281600	-3.264940
0.281700	-0.403747
0.281800	-1.357480
0.281900	-2.311210
0.282000	-2.788080
0.282100	-6.603000
0.282200	-3.264940
0.282300	0.073119
0.282400	-1.357480
0.282500	-3.741810
0.282600	-2.311210
0.282700	-8.033600
0.282800	-4.218670
0.282900	2.457450
0.283000	0.073119
0.283100	-0.403747
0.283200	1.503720
0.283300	-1.357480
0.283400	-4.695540
0.283500	-2.311210
0.283600	-2.311210
0.283700	-4.218670
0.283800	-0.403747
0.283900	1.026850
0.284000	2.457450
0.284100	0.549985
0.284200	-1.834340
0.284300	1.026850
0.284400	-1.357480
0.284500	-3.264940
0.284600	2.457450
0.284700	1.503720
0.284800	-4.218670
0.284900	-3.264940
0.285000	-1.834340
0.285100	-1.357480
0.285200	0.549985
0.285300	0.549985
0.285400	-1.357480
0.285500	-3.264940
0.285600	-5.649270
0.285700	-2.311210
0.285800	-0.880613
0.285900	-2.311210
0.286000	-4.218670
0.286100	-2.311210
0.286200	1.026850
0.286300	0.073119
0.286400	-3.264940
0.286500	-2.311210
0.286600	-3.264940
0.286700	-5.649270
0.286800	-1.357480
0.286900	-2.311210
0.287000	-4.695540
0.287100	-6.126140
0.287200	-6.126140
0.287300	-0.880613
0.287400	-2.788080
0.287500	-4.218670
0.287600	-4.218670
0.287700	-7.556740
0.287800	-3.264940
0.287900	-2.311210
0.288000	-3.741810
0.288100	-0.403747
0.288200	5.318650
0.288300	-0.403747
0.288400	-1.834340
0.288500	-3.741810
0.288600	-5.649270
0.288700	-4.695540
0.288800	-6.126140
0.288900	-0.403747
0.289000	3.888050
0.289100	2.457450
0.289200	0.073119
0.289300	-3.264940
0.289400	-4.218670
0.289500	-0.403747
0.289600	-4.695540
0.289700	-6.126140
0.289800	-1.834340
0.289900	-3.741810
0.290000	-3.264940
0.290100	-5.172410
0.290200	-8.033600
0.290300	-3.264940
0.290400	-1.357480
0.290500	-6.603000
0.290600	-7.079870
0.290700	-5.172410
0.290800	-4.218670
0.290900	-1.357480
0.291000	-3.264940
0.291100	-3.264940
0.291200	-2.311210
0.291300	-2.311210
0.291400	-1.357480
0.291500	-5.649270
0.291600	-6.126140
0.291700	-3.264940
0.291800	-1.357480
0.291900	-0.403747
0.292000	-2.311210
0.292100	-8.033600
0.292200	-2.311210
0.292300	0.073119
0.292400	-2.311210
0.292500	1.980580
0.292600	0.549985
0.292700	-0.403747
0.292800	-2.311210
0.292900	-6.126140
0.293000	-4.218670
0.293100	-2.311210
0.293200	-4.218670
0.293300	-5.649270
0.293400	-5.172410
0.293500	-4.218670
0.293600	-1.834340
0.293700	-5.172410
0.293800	-5.172410
0.293900	-1.834340
0.294000	-1.357480
0.294100	2.934320
0.294200	1.026850
0.294300	-2.311210
0.294400	-2.311210
0.294500	1.503720
0.294600	-2.311210
0.294700	-4.218670
0.294800	-2.788080
0.294900	2.457450
0.295000	1.503720
0.295100	-1.834340
0.295200	-1.357480
0.295300	-5.172410
0.295400	-7.079870
0.295500	0.549985
0.295600	-2.311210
0.295700	-0.880613
0.295800	1.503720
0.295900	-2.788080
0.296000	-4.218670
0.296100	-5.649270
0.296200	-1.357480
0.296300	5.318650
0.296400	1.026850
0.296500	-1.834340
0.296600	-3.741810
0.296700	-5.649270
0.296800	-4.218670
0.296900	-2.311210
0.297000	-3.264940
0.297100	-3.741810
0.297200	-3.741810
0.297300	-7.079870
0.297400	-6.126140
0.297500	-5.172410
0.297600	0.549985
0.297700	-2.311210
0.297800	-6.603000
0.297900	-2.311210
0.298000	-2.311210
0.298100	0.549985
0.298200	0.549985
0.298300	-3.741810
0.298400	-8.510470
0.298500	-7.079870
0.298600	-4.218670
0.298700	-1.834340
0.298800	-2.311210
0.298900	-4.218670
0.299000	-1.357480
0.299100	-2.311210
0.299200	-5.172410
0.299300	-4.218670
0.299400	-4.218670
0.299500	-2.788080
0.299600	-1.357480
0.299700	-4.695540
0.299800	-3.741810
0.299900	-2.311210
