-0.050000	-0.862724
-0.049900	-2.279610
-0.049800	0.554158
-0.049700	-0.390430
-0.049600	0.554158
-0.049500	1.026450
-0.049400	1.498750
-0.049300	-1.807310
-0.049200	-7.947130
-0.049100	-5.113370
-0.049000	0.554158
-0.048900	-0.390430
-0.048800	-2.279610
-0.048700	-0.390430
-0.048600	2.915630
-0.048500	4.332510
-0.048400	1.498750
-0.048300	3.387920
-0.048200	-2.279610
-0.048100	-5.113370
-0.048000	-1.335020
-0.047900	4.332510
-0.047800	6.221690
-0.047700	0.554158
-0.047600	0.554158
-0.047500	-1.807310
-0.047400	-3.696490
-0.047300	-1.335020
-0.047200	-1.335020
-0.047100	-1.335020
-0.047000	-5.113370
-0.046900	-8.891720
-0.046800	-6.057960
-0.046700	-2.279610
-0.046600	-3.224190
-0.046500	-5.113370
-0.046400	0.554158
-0.046300	-2.279610
-0.046200	-1.807310
-0.046100	0.554158
-0.046000	-1.335020
-0.045900	2.443330
-0.045800	5.277100
-0.045700	1.498750
-0.045600	-3.224190
-0.045500	-4.168780
-0.045400	1.026450
-0.045300	-1.335020
-0.045200	-3.224190
-0.045100	-3.224190
-0.045000	-3.224190
-0.044900	1.498750
-0.044800	2.443330
-0.044700	-2.751900
-0.044600	0.554158
-0.044500	3.387920
-0.044400	6.221690
-0.044300	4.332510
-0.044200	-3.224190
-0.044100	-1.807310
-0.044000	0.554158
-0.043900	-1.335020
-0.043800	2.443330
-0.043700	-0.390430
-0.043600	4.332510
-0.043500	4.332510
-0.043400	1.498750
-0.043300	4.332510
-0.043200	0.081864
-0.043100	1.498750
-0.043000	4.332510
-0.042900	4.332510
-0.042800	-0.390430
-0.042700	0.554158
-0.042600	5.277100
-0.042500	1.498750
-0.042400	-2.279610
-0.042300	-5.113370
-0.042200	-7.002550
-0.042100	-3.224190
-0.042000	0.554158
-0.041900	-0.390430
-0.041800	0.554158
-0.041700	6.221690
-0.041600	6.221690
-0.041500	0.554158
-0.041400	0.554158
-0.041300	-1.335020
-0.041200	4.332510
-0.041100	-3.224190
-0.041000	-2.751900
-0.040900	5.277100
-0.040800	4.332510
-0.040700	-1.807310
-0.040600	1.971040
-0.040500	2.443330
-0.040400	0.554158
-0.040300	2.443330
-0.040200	4.332510
-0.040100	0.554158
-0.040000	0.554158
-0.039900	-2.279610
-0.039800	-5.113370
-0.039700	-2.279610
-0.039600	0.554158
-0.039500	-0.390430
-0.039400	2.443330
-0.039300	1.498750
-0.039200	4.332510
-0.039100	7.166270
-0.039000	2.443330
-0.038900	2.443330
-0.038800	4.332510
-0.038700	0.554158
-0.038600	-1.335020
-0.038500	0.554158
-0.038400	-0.390430
-0.038300	0.554158
-0.038200	5.277100
-0.038100	6.221690
-0.038000	4.332510
-0.037900	1.498750
-0.037800	-2.279610
-0.037700	0.554158
-0.037600	5.277100
-0.037500	4.332510
-0.037400	4.332510
-0.037300	3.387920
-0.037200	-0.390430
-0.037100	1.498750
-0.037000	4.332510
-0.036900	1.026450
-0.036800	4.332510
-0.036700	1.498750
-0.036600	-1.335020
-0.036500	-1.335020
-0.036400	-5.585660
-0.036300	-1.335020
-0.036200	-2.751900
-0.036100	-2.279610
-0.036000	-0.390430
-0.035900	1.498750
-0.035800	-3.224190
-0.035700	-5.113370
-0.035600	-1.335020
-0.035500	-0.390430
-0.035400	-1.335020
-0.035300	1.498750
-0.035200	2.443330
-0.035100	0.554158
-0.035000	-3.224190
-0.034900	-4.168780
-0.034800	0.554158
-0.034700	-0.862724
-0.034600	-3.224190
-0.034500	-1.807310
-0.034400	4.332510
-0.034300	2.443330
-0.034200	-3.224190
-0.034100	-7.002550
-0.034000	-1.335020
-0.033900	4.332510
-0.033800	6.221690
-0.033700	0.554158
-0.033600	-6.057960
-0.033500	-1.335020
-0.033400	1.498750
-0.033300	2.443330
-0.033200	2.443330
-0.033100	0.554158
-0.033000	0.554158
-0.032900	4.332510
-0.032800	0.554158
-0.032700	0.554158
-0.032600	-1.335020
-0.032500	-1.335020
-0.032400	0.554158
-0.032300	4.332510
-0.032200	6.221690
-0.032100	1.498750
-0.032000	-2.279610
-0.031900	2.443330
-0.031800	2.443330
-0.031700	-0.390430
-0.031600	0.554158
-0.031500	1.498750
-0.031400	4.332510
-0.031300	2.443330
-0.031200	2.443330
-0.031100	-0.390430
-0.031000	-3.224190
-0.030900	-2.279610
-0.030800	-2.279610
-0.030700	4.332510
-0.030600	4.804800
-0.030500	0.554158
-0.030400	0.554158
-0.030300	5.277100
-0.030200	4.332510
-0.030100	2.443330
-0.030000	4.332510
-0.029900	0.554158
-0.029800	-3.224190
-0.029700	-0.862724
-0.029600	-2.279610
-0.029500	-3.224190
-0.029400	0.554158
-0.029300	-3.224190
-0.029200	-6.057960
-0.029100	-4.168780
-0.029000	0.081864
-0.028900	0.554158
-0.028800	-0.862724
-0.028700	0.554158
-0.028600	0.554158
-0.028500	-1.335020
-0.028400	-4.168780
-0.028300	-2.279610
-0.028200	-2.279610
-0.028100	-3.224190
-0.028000	-3.224190
-0.027900	1.498750
-0.027800	-1.335020
-0.027700	-4.168780
-0.027600	4.332510
-0.027500	4.332510
-0.027400	0.554158
-0.027300	1.498750
-0.027200	-1.335020
-0.027100	0.554158
-0.027000	-1.335020
-0.026900	1.498750
-0.026800	2.443330
-0.026700	2.443330
-0.026600	4.332510
-0.026500	0.554158
-0.026400	1.498750
-0.026300	1.498750
-0.026200	2.443330
-0.026100	4.332510
-0.026000	0.554158
-0.025900	0.554158
-0.025800	1.498750
-0.025700	2.443330
-0.025600	0.554158
-0.025500	-5.113370
-0.025400	-1.335020
-0.025300	-0.390430
-0.025200	-1.335020
-0.025100	-1.335020
-0.025000	1.498750
-0.024900	0.554158
-0.024800	-3.224190
-0.024700	-1.335020
-0.024600	-2.279610
-0.024500	-3.224190
-0.024400	1.498750
-0.024300	4.332510
-0.024200	1.498750
-0.024100	-3.224190
-0.024000	-5.113370
-0.023900	-0.390430
-0.023800	-1.335020
-0.023700	-1.335020
-0.023600	5.277100
-0.023500	6.221690
-0.023400	2.443330
-0.023300	0.554158
-0.023200	-0.862724
-0.023100	0.554158
-0.023000	2.915630
-0.022900	-1.807310
-0.022800	0.554158
-0.022700	-1.335020
-0.022600	2.443330
-0.022500	4.332510
-0.022400	-1.335020
-0.022300	-1.335020
-0.022200	0.554158
-0.022100	2.443330
-0.022000	1.026450
-0.021900	0.554158
-0.021800	-3.224190
-0.021700	-4.168780
-0.021600	-7.002550
-0.021500	-3.224190
-0.021400	1.498750
-0.021300	0.554158
-0.021200	-2.279610
-0.021100	2.443330
-0.021000	0.554158
-0.020900	0.554158
-0.020800	2.443330
-0.020700	-5.113370
-0.020600	-3.224190
-0.020500	2.443330
-0.020400	0.554158
-0.020300	2.443330
-0.020200	2.915630
-0.020100	4.332510
-0.020000	-0.390430
-0.019900	-4.168780
-0.019800	-3.224190
-0.019700	-1.335020
-0.019600	-1.335020
-0.019500	0.554158
-0.019400	-0.390430
-0.019300	-3.224190
-0.019200	4.332510
-0.019100	4.332510
-0.019000	-3.224190
-0.018900	-1.335020
-0.018800	-1.335020
-0.018700	0.554158
-0.018600	-1.335020
-0.018500	-5.113370
-0.018400	0.554158
-0.018300	2.443330
-0.018200	2.443330
-0.018100	-1.335020
-0.018000	-3.224190
-0.017900	-2.279610
-0.017800	-1.335020
-0.017700	8.110860
-0.017600	6.221690
-0.017500	-1.335020
-0.017400	-2.279610
-0.017300	-1.335020
-0.017200	0.554158
-0.017100	3.387920
-0.017000	2.443330
-0.016900	0.554158
-0.016800	-1.335020
-0.016700	0.554158
-0.016600	4.332510
-0.016500	-0.390430
-0.016400	-1.335020
-0.016300	0.554158
-0.016200	2.443330
-0.016100	6.221690
-0.016000	-3.224190
-0.015900	-5.113370
-0.015800	-0.390430
-0.015700	-2.279610
-0.015600	-1.335020
-0.015500	2.443330
-0.015400	9.055450
-0.015300	4.332510
-0.015200	-5.113370
-0.015100	-7.002550
-0.015000	-8.891720
-0.014900	-4.641080
-0.014800	-3.224190
-0.014700	-7.002550
-0.014600	-2.751900
-0.014500	-3.224190
-0.014400	-4.168780
-0.014300	1.498750
-0.014200	4.332510
-0.014100	1.498750
-0.014000	-4.168780
-0.013900	1.026450
-0.013800	6.221690
-0.013700	2.443330
-0.013600	0.554158
-0.013500	-1.335020
-0.013400	-2.279610
-0.013300	0.554158
-0.013200	-5.113370
-0.013100	-7.002550
-0.013000	-5.113370
-0.012900	-3.224190
-0.012800	-1.335020
-0.012700	-1.335020
-0.012600	-3.224190
-0.012500	-6.057960
-0.012400	-2.279610
-0.012300	0.554158
-0.012200	-2.279610
-0.012100	2.443330
-0.012000	-0.862724
-0.011900	-2.279610
-0.011800	2.443330
-0.011700	-2.279610
-0.011600	-5.585660
-0.011500	-1.335020
-0.011400	0.554158
-0.011300	2.443330
-0.011200	0.554158
-0.011100	1.498750
-0.011000	-3.224190
-0.010900	-4.168780
-0.010800	-0.390430
-0.010700	1.026450
-0.010600	-1.335020
-0.010500	-2.279610
-0.010400	0.554158
-0.010300	-0.390430
-0.010200	-0.390430
-0.010100	4.332510
-0.010000	5.277100
-0.009900	4.332510
-0.009800	0.554158
-0.009700	-1.335020
-0.009600	-2.279610
-0.009500	-1.335020
-0.009400	2.443330
-0.009300	0.554158
-0.009200	2.443330
-0.009100	2.443330
-0.009000	0.554158
-0.008900	-1.335020
-0.008800	-4.168780
-0.008700	-7.002550
-0.008600	-6.057960
-0.008500	1.498750
-0.008400	-3.224190
-0.008300	-5.113370
-0.008200	0.554158
-0.008100	0.554158
-0.008000	0.554158
-0.007900	1.026450
-0.007800	-3.224190
-0.007700	-5.113370
-0.007600	-1.335020
-0.007500	-5.113370
-0.007400	-2.279610
-0.007300	0.554158
-0.007200	-3.224190
-0.007100	-5.113370
-0.007000	-3.224190
-0.006900	-5.113370
-0.006800	-4.168780
-0.006700	0.554158
-0.006600	4.332510
-0.006500	0.554158
-0.006400	-0.862724
-0.006300	-1.335020
-0.006200	-1.335020
-0.006100	0.554158
-0.006000	-1.335020
-0.005900	-7.002550
-0.005800	-0.862724
-0.005700	-1.335020
-0.005600	-7.002550
-0.005500	-5.113370
-0.005400	-5.113370
-0.005300	-3.224190
-0.005200	0.554158
-0.005100	4.332510
-0.005000	4.332510
-0.004900	-0.390430
-0.004800	1.498750
-0.004700	-1.335020
-0.004600	1.498750
-0.004500	4.332510
-0.004400	2.443330
-0.004300	1.498750
-0.004200	-2.279610
-0.004100	-2.279610
-0.004000	1.498750
-0.003900	2.443330
-0.003800	2.443330
-0.003700	-1.335020
-0.003600	4.332510
-0.003500	1.498750
-0.003400	-4.641080
-0.003300	-5.113370
-0.003200	-5.113370
-0.003100	-7.002550
-0.003000	-5.113370
-0.002900	-5.113370
-0.002800	-8.891720
-0.002700	-4.168780
-0.002600	-1.335020
-0.002500	-1.335020
-0.002400	-0.390430
-0.002300	-0.862724
-0.002200	-3.224190
-0.002100	-4.641080
-0.002000	-0.390430
-0.001900	3.387920
-0.001800	0.554158
-0.001700	0.554158
-0.001600	-3.224190
-0.001500	-4.168780
-0.001400	-0.862724
-0.001300	-3.224190
-0.001200	-5.113370
-0.001100	-6.057960
-0.001000	0.554158
-0.000900	1.498750
-0.000800	0.554158
-0.000700	-1.335020
-0.000600	0.554158
-0.000500	2.443330
-0.000400	1.026450
-0.000300	-0.862724
-0.000200	-3.224190
-0.000100	0.554158
0.000000	0.554158
0.000100	-1.335020
0.000200	-0.390430
0.000300	2.443330
0.000400	2.443330
0.000500	1.498750
0.000600	-0.390430
0.000700	-3.224190
0.000800	-2.279610
0.000900	5.277100
0.001000	6.221690
0.001100	5.277100
0.001200	4.332510
0.001300	-0.390430
0.001400	-1.335020
0.001500	-5.113370
0.001600	-5.113370
0.001700	-2.751900
0.001800	1.498750
0.001900	0.554158
0.002000	-5.113370
0.002100	-7.002550
0.002200	-10.780900
0.002300	-4.641080
0.002400	0.554158
0.002500	-1.335020
0.002600	2.443330
0.002700	2.443330
0.002800	1.498750
0.002900	2.915630
0.003000	2.443330
0.003100	-1.335020
0.003200	-5.113370
0.003300	-3.224190
0.003400	-5.113370
0.003500	-5.113370
0.003600	-3.224190
0.003700	-2.279610
0.003800	-3.224190
0.003900	-4.641080
0.004000	-3.224190
0.004100	2.443330
0.004200	0.554158
0.004300	-1.335020
0.004400	-1.335020
0.004500	-1.335020
0.004600	-3.224190
0.004700	0.081864
0.004800	6.221690
0.004900	5.277100
0.005000	4.332510
0.005100	-1.335020
0.005200	-1.335020
0.005300	-3.224190
0.005400	-6.057960
0.005500	-2.279610
0.005600	-1.335020
0.005700	-3.224190
0.005800	2.443330
0.005900	2.443330
0.006000	-0.390430
0.006100	-3.224190
0.006200	0.554158
0.006300	8.110860
0.006400	4.332510
0.006500	2.443330
0.006600	-1.335020
0.006700	-2.279610
0.006800	-6.057960
0.006900	-2.279610
0.007000	-1.335020
0.007100	-1.335020
0.007200	-6.057960
0.007300	-8.891720
0.007400	-4.168780
0.007500	0.554158
0.007600	2.443330
0.007700	2.443330
0.007800	-1.335020
0.007900	-5.113370
0.008000	0.554158
0.008100	8.110860
0.008200	-1.335020
0.008300	-6.057960
0.008400	1.026450
0.008500	-4.168780
0.008600	-1.335020
0.008700	-1.335020
0.008800	-7.002550
0.008900	-7.002550
0.009000	-2.751900
0.009100	-7.947130
0.009200	-2.279610
0.009300	-1.335020
0.009400	-3.224190
0.009500	1.498750
0.009600	0.554158
0.009700	1.498750
0.009800	5.277100
0.009900	0.554158
0.010000	-0.862724
0.010100	6.221690
0.010200	-1.335020
0.010300	-0.390430
0.010400	5.277100
0.010500	0.554158
0.010600	-5.113370
0.010700	-7.002550
0.010800	-7.947130
0.010900	-7.002550
0.011000	-7.002550
0.011100	-12.670100
0.011200	-10.780900
0.011300	-7.002550
0.011400	-6.057960
0.011500	-5.113370
0.011600	-5.113370
0.011700	-8.891720
0.011800	-9.364020
0.011900	-7.002550
0.012000	-5.113370
0.012100	-5.113370
0.012200	-5.113370
0.012300	-1.335020
0.012400	-0.862724
0.012500	0.554158
0.012600	-7.947130
0.012700	-6.057960
0.012800	1.026450
0.012900	1.498750
0.013000	-7.002550
0.013100	0.554158
0.013200	0.554158
0.013300	-3.224190
0.013400	-6.057960
0.013500	-14.559200
0.013600	-8.419430
0.013700	-6.057960
0.013800	-13.614700
0.013900	-13.614700
0.014000	-14.559200
0.014100	-14.559200
0.014200	-8.891720
0.014300	-12.670100
0.014400	-16.448400
0.014500	-13.614700
0.014600	-8.419430
0.014700	-12.670100
0.014800	-8.891720
0.014900	-3.224190
0.015000	-3.224190
0.015100	-0.862724
0.015200	0.554158
0.015300	-5.113370
0.015400	-3.224190
0.015500	3.387920
0.015600	6.221690
0.015700	8.110860
0.015800	16.612200
0.015900	19.445900
0.016000	15.667600
0.016100	8.110860
0.016200	6.693980
0.016300	1.498750
0.016400	2.443330
0.016500	0.554158
0.016600	-0.390430
0.016700	-1.335020
0.016800	-4.168780
0.016900	-7.002550
0.017000	-23.060499
0.017100	-31.561800
0.017200	-36.757099
0.017300	-38.173901
0.017400	-33.451000
0.017500	-27.783501
0.017600	-24.005100
0.017700	-25.894300
0.017800	-22.115999
0.017900	-16.448400
0.018000	-12.670100
0.018100	-6.057960
0.018200	-3.224190
0.018300	-3.224190
0.018400	-2.279610
0.018500	-4.168780
0.018600	-6.057960
0.018700	0.554158
0.018800	-1.335020
0.018900	-10.780900
0.019000	-10.780900
0.019100	-3.224190
0.019200	4.332510
0.019300	6.221690
0.019400	6.221690
0.019500	10.000000
0.019600	13.778400
0.019700	23.224300
0.019800	21.335100
0.019900	17.556700
0.020000	20.390499
0.020100	21.807400
0.020200	21.335100
0.020300	13.778400
0.020400	6.221690
0.020500	0.554158
0.020600	-12.670100
0.020700	-20.226801
0.020800	-22.588200
0.020900	-24.005100
0.021000	-28.728100
0.021100	-39.118500
0.021200	-39.118500
0.021300	-29.672701
0.021400	-24.005100
0.021500	-24.005100
0.021600	-22.115999
0.021700	-11.725500
0.021800	-5.113370
0.021900	4.332510
0.022000	8.110860
0.022100	4.804800
0.022200	-5.113370
0.022300	-13.614700
0.022400	-8.891720
0.022500	-2.279610
0.022600	5.277100
0.022700	11.889200
0.022800	16.139900
0.022900	23.224300
0.023000	30.781000
0.023100	40.226898
0.023200	38.337700
0.023300	38.337700
0.023400	40.226898
0.023500	40.226898
0.023600	38.337700
0.023700	29.836399
0.023800	17.556700
0.023900	8.110860
0.024000	4.332510
0.024100	2.443330
0.024200	4.804800
0.024300	7.166270
0.024400	9.055450
0.024500	9.055450
0.024600	11.889200
0.024700	12.833800
0.024800	0.554158
0.024900	-7.002550
0.025000	-3.224190
0.025100	0.554158
0.025200	-3.224190
0.025300	-5.113370
0.025400	-16.448400
0.025500	-22.115999
0.025600	-23.060499
0.025700	-25.422001
0.025800	-32.506401
0.025900	-38.173901
0.026000	-41.007702
0.026100	-40.535400
0.026200	-40.063099
0.026300	-40.063099
0.026400	-40.063099
0.026500	-29.672701
0.026600	-21.171400
0.026700	-10.780900
0.026800	-12.197800
0.026900	-10.780900
0.027000	-8.891720
0.027100	-1.335020
0.027200	0.554158
0.027300	2.443330
0.027400	8.110860
0.027500	11.889200
0.027600	11.889200
0.027700	8.110860
0.027800	1.498750
0.027900	2.443330
0.028000	4.332510
0.028100	4.332510
0.028200	2.443330
0.028300	5.277100
0.028400	0.554158
0.028500	11.889200
0.028600	51.561901
0.028700	64.786102
0.028800	34.559299
0.028900	23.224300
0.029000	18.501301
0.029100	8.110860
0.029200	8.110860
0.029300	10.000000
0.029400	2.443330
0.029500	1.498750
0.029600	10.000000
0.029700	13.778400
0.029800	15.667600
0.029900	9.055450
0.030000	8.110860
0.030100	8.110860
0.030200	11.889200
0.030300	13.778400
0.030400	13.778400
0.030500	13.778400
0.030600	9.055450
0.030700	8.110860
0.030800	2.915630
0.030900	4.332510
0.031000	6.221690
0.031100	8.583160
0.031200	2.443330
0.031300	-2.279610
0.031400	7.166270
0.031500	17.556700
0.031600	19.445900
0.031700	23.224300
0.031800	27.002600
0.031900	30.781000
0.032000	31.725599
0.032100	30.781000
0.032200	27.947201
0.032300	27.474899
0.032400	19.445900
0.032500	18.028999
0.032600	23.224300
0.032700	19.445900
0.032800	12.833800
0.032900	12.833800
0.033000	8.110860
0.033100	4.332510
0.033200	4.332510
0.033300	5.277100
0.033400	4.332510
0.033500	-2.751900
0.033600	-7.947130
0.033700	-8.891720
0.033800	-11.725500
0.033900	-6.057960
0.034000	-7.002550
0.034100	-14.559200
0.034200	-16.448400
0.034300	-23.060499
0.034400	-24.949699
0.034500	-19.282200
0.034600	-14.559200
0.034700	-4.641080
0.034800	4.332510
0.034900	4.332510
0.035000	8.110860
0.035100	8.110860
0.035200	10.000000
0.035300	13.778400
0.035400	19.445900
0.035500	13.778400
0.035600	9.055450
0.035700	3.387920
0.035800	-6.057960
0.035900	-13.614700
0.036000	-16.448400
0.036100	-18.337601
0.036200	-25.894300
0.036300	-24.949699
0.036400	-21.171400
0.036500	-16.448400
0.036600	-15.031500
0.036700	-16.448400
0.036800	-10.780900
0.036900	-3.224190
0.037000	0.554158
0.037100	3.387920
0.037200	4.332510
0.037300	8.110860
0.037400	12.833800
0.037500	10.944600
0.037600	4.332510
0.037700	4.332510
0.037800	5.277100
0.037900	2.443330
0.038000	-3.224190
0.038100	-5.113370
0.038200	-0.390430
0.038300	-1.335020
0.038400	-3.224190
0.038500	-4.168780
0.038600	2.443330
0.038700	6.221690
0.038800	7.166270
0.038900	9.055450
0.039000	13.778400
0.039100	13.778400
0.039200	17.556700
0.039300	22.279699
0.039400	25.113400
0.039500	23.224300
0.039600	16.612200
0.039700	14.723000
0.039800	21.335100
0.039900	23.224300
0.040000	10.472300
0.040100	8.110860
0.040200	6.221690
0.040300	3.387920
0.040400	0.554158
0.040500	-3.224190
0.040600	-0.862724
0.040700	0.554158
0.040800	-4.168780
0.040900	-3.224190
0.041000	-6.057960
0.041100	-0.390430
0.041200	1.026450
0.041300	-2.279610
0.041400	-2.751900
0.041500	0.554158
0.041600	4.332510
0.041700	4.332510
0.041800	-1.335020
0.041900	-2.751900
0.042000	-1.807310
0.042100	-7.002550
0.042200	-7.002550
0.042300	-7.002550
0.042400	-5.113370
0.042500	-2.279610
0.042600	-3.224190
0.042700	-0.390430
0.042800	-2.279610
0.042900	-3.224190
0.043000	-7.002550
0.043100	-6.057960
0.043200	-3.224190
0.043300	-3.224190
0.043400	2.443330
0.043500	0.554158
0.043600	-5.585660
0.043700	-6.057960
0.043800	0.554158
0.043900	-0.862724
0.044000	-2.279610
0.044100	1.026450
0.044200	2.443330
0.044300	-1.335020
0.044400	-7.002550
0.044500	-8.891720
0.044600	-12.670100
0.044700	-8.891720
0.044800	-5.113370
0.044900	-3.224190
0.045000	-10.780900
0.045100	-3.224190
0.045200	-7.002550
0.045300	-18.337601
0.045400	-22.115999
0.045500	-14.559200
0.045600	-8.891720
0.045700	-7.002550
0.045800	-5.113370
0.045900	-4.168780
0.046000	-2.279610
0.046100	-0.390430
0.046200	4.332510
0.046300	5.277100
0.046400	0.554158
0.046500	-1.335020
0.046600	2.443330
0.046700	0.554158
0.046800	-3.224190
0.046900	-2.279610
0.047000	-1.335020
0.047100	-7.002550
0.047200	-6.530250
0.047300	-3.224190
0.047400	-1.335020
0.047500	2.443330
0.047600	4.332510
0.047700	-3.224190
0.047800	-1.335020
0.047900	0.554158
0.048000	-1.335020
0.048100	-1.335020
0.048200	-6.057960
0.048300	-3.224190
0.048400	5.277100
0.048500	32.670200
0.048600	91.234596
0.048700	-1.335020
0.048800	-86.347900
0.048900	-28.728100
0.049000	-3.224190
0.049100	-3.224190
0.049200	7.166270
0.049300	-6.530250
0.049400	-12.670100
0.049500	-0.390430
0.049600	10.472300
0.049700	11.889200
0.049800	-7.002550
0.049900	-16.448400
0.050000	-7.002550
0.050100	-0.390430
0.050200	-2.279610
0.050300	-1.335020
0.050400	2.443330
0.050500	0.554158
0.050600	1.498750
0.050700	0.554158
0.050800	0.554158
0.050900	1.026450
0.051000	4.332510
0.051100	2.443330
0.051200	-4.168780
0.051300	-5.113370
0.051400	-4.168780
0.051500	-5.113370
0.051600	-3.224190
0.051700	-3.224190
0.051800	2.443330
0.051900	2.443330
0.052000	0.081864
0.052100	-1.335020
0.052200	-1.335020
0.052300	-0.390430
0.052400	-3.224190
0.052500	-5.113370
0.052600	2.443330
0.052700	7.166270
0.052800	1.498750
0.052900	-1.335020
0.053000	1.026450
0.053100	2.443330
0.053200	8.110860
0.053300	6.693980
0.053400	4.332510
0.053500	2.443330
0.053600	4.332510
0.053700	6.221690
0.053800	0.554158
0.053900	-3.224190
0.054000	-5.113370
0.054100	-2.279610
0.054200	-6.057960
0.054300	-8.891720
0.054400	-9.836310
0.054500	-7.947130
0.054600	-8.891720
0.054700	-7.002550
0.054800	-8.419430
0.054900	-6.057960
0.055000	-22.115999
0.055100	-45.730701
0.055200	-12.197800
0.055300	19.445900
0.055400	14.250700
0.055500	4.332510
0.055600	4.332510
0.055700	2.443330
0.055800	0.554158
0.055900	-2.279610
0.056000	4.332510
0.056100	8.110860
0.056200	1.498750
0.056300	0.554158
0.056400	-0.390430
0.056500	-6.057960
0.056600	-7.002550
0.056700	-2.279610
0.056800	1.498750
0.056900	1.498750
0.057000	-1.335020
0.057100	-3.224190
0.057200	-1.335020
0.057300	1.026450
0.057400	-1.335020
0.057500	-0.862724
0.057600	0.554158
0.057700	4.332510
0.057800	8.110860
0.057900	1.498750
0.058000	-3.224190
0.058100	-1.335020
0.058200	4.332510
0.058300	4.332510
0.058400	5.277100
0.058500	4.332510
0.058600	4.332510
0.058700	4.332510
0.058800	2.443330
0.058900	0.554158
0.059000	-1.335020
0.059100	1.498750
0.059200	0.554158
0.059300	-4.168780
0.059400	-3.224190
0.059500	-1.335020
0.059600	-2.279610
0.059700	-4.168780
0.059800	0.554158
0.059900	-1.335020
0.060000	-1.335020
0.060100	-3.224190
0.060200	-3.224190
0.060300	-1.335020
0.060400	-1.335020
0.060500	-6.057960
0.060600	-7.002550
0.060700	-3.224190
0.060800	-1.335020
0.060900	0.554158
0.061000	-1.335020
0.061100	-2.279610
0.061200	-3.224190
0.061300	0.554158
0.061400	1.498750
0.061500	0.554158
0.061600	1.498750
0.061700	4.332510
0.061800	6.221690
0.061900	6.221690
0.062000	4.804800
0.062100	5.277100
0.062200	4.332510
0.062300	4.332510
0.062400	8.110860
0.062500	8.110860
0.062600	8.110860
0.062700	6.221690
0.062800	8.110860
0.062900	7.638570
0.063000	2.443330
0.063100	4.332510
0.063200	4.332510
0.063300	4.332510
0.063400	6.221690
0.063500	7.166270
0.063600	6.221690
0.063700	5.277100
0.063800	6.693980
0.063900	1.498750
0.064000	0.554158
0.064100	-0.390430
0.064200	-0.862724
0.064300	-2.279610
0.064400	-1.335020
0.064500	-1.335020
0.064600	-5.113370
0.064700	-7.947130
0.064800	-8.891720
0.064900	-1.335020
0.065000	4.332510
0.065100	9.055450
0.065200	5.277100
0.065300	4.332510
0.065400	5.277100
0.065500	2.443330
0.065600	5.277100
0.065700	5.277100
0.065800	-0.390430
0.065900	-1.335020
0.066000	0.554158
0.066100	-5.113370
0.066200	-7.002550
0.066300	-7.002550
0.066400	-2.279610
0.066500	1.498750
0.066600	1.498750
0.066700	1.498750
0.066800	-3.224190
0.066900	-1.335020
0.067000	-4.641080
0.067100	-2.279610
0.067200	0.554158
0.067300	2.443330
0.067400	5.277100
0.067500	6.221690
0.067600	-2.279610
0.067700	-7.002550
0.067800	-6.057960
0.067900	-3.224190
0.068000	-3.224190
0.068100	-3.224190
0.068200	-2.279610
0.068300	-5.113370
0.068400	-6.057960
0.068500	-2.279610
0.068600	-5.113370
0.068700	-8.891720
0.068800	-10.780900
0.068900	-7.947130
0.069000	-5.113370
0.069100	-7.002550
0.069200	-8.891720
0.069300	-8.891720
0.069400	-3.224190
0.069500	-3.224190
0.069600	0.554158
0.069700	4.332510
0.069800	1.498750
0.069900	-2.279610
0.070000	-3.224190
0.070100	-5.113370
0.070200	-2.279610
0.070300	0.554158
0.070400	1.498750
0.070500	0.554158
0.070600	-0.862724
0.070700	1.498750
0.070800	0.554158
0.070900	-1.807310
0.071000	-2.279610
0.071100	-0.862724
0.071200	4.332510
0.071300	5.277100
0.071400	4.804800
0.071500	8.110860
0.071600	2.443330
0.071700	-2.279610
0.071800	1.498750
0.071900	6.221690
0.072000	0.554158
0.072100	-1.335020
0.072200	1.498750
0.072300	-1.335020
0.072400	0.554158
0.072500	-1.335020
0.072600	-1.335020
0.072700	-4.168780
0.072800	1.498750
0.072900	0.554158
0.073000	-1.335020
0.073100	-0.390430
0.073200	-1.335020
0.073300	-5.113370
0.073400	-1.335020
0.073500	5.277100
0.073600	4.332510
0.073700	5.749390
0.073800	4.332510
0.073900	4.332510
0.074000	4.332510
0.074100	4.332510
0.074200	2.443330
0.074300	0.554158
0.074400	-0.390430
0.074500	-2.751900
0.074600	-0.390430
0.074700	2.443330
0.074800	-1.335020
0.074900	-6.057960
0.075000	-2.279610
0.075100	-4.168780
0.075200	-1.335020
0.075300	0.554158
0.075400	1.498750
0.075500	-0.390430
0.075600	-3.224190
0.075700	-4.641080
0.075800	-1.335020
0.075900	1.026450
0.076000	0.554158
0.076100	-3.224190
0.076200	-6.057960
0.076300	-0.862724
0.076400	-3.224190
0.076500	-1.335020
0.076600	4.332510
0.076700	1.498750
0.076800	-3.224190
0.076900	0.554158
0.077000	2.443330
0.077100	0.554158
0.077200	5.277100
0.077300	8.583160
0.077400	5.277100
0.077500	4.332510
0.077600	6.221690
0.077700	4.332510
0.077800	1.498750
0.077900	4.332510
0.078000	8.110860
0.078100	5.277100
0.078200	4.332510
0.078300	4.804800
0.078400	4.804800
0.078500	4.332510
0.078600	0.554158
0.078700	-5.113370
0.078800	-1.335020
0.078900	1.498750
0.079000	-3.224190
0.079100	0.554158
0.079200	-1.335020
0.079300	-3.224190
0.079400	-4.168780
0.079500	-0.862724
0.079600	0.554158
0.079700	4.332510
0.079800	0.554158
0.079900	1.971040
0.080000	4.332510
0.080100	1.498750
0.080200	3.387920
0.080300	5.277100
0.080400	2.443330
0.080500	0.554158
0.080600	0.554158
0.080700	0.554158
0.080800	4.332510
0.080900	0.554158
0.081000	1.971040
0.081100	-2.279610
0.081200	-0.390430
0.081300	2.443330
0.081400	2.443330
0.081500	0.554158
0.081600	2.443330
0.081700	4.332510
0.081800	8.110860
0.081900	4.332510
0.082000	-1.335020
0.082100	-1.335020
0.082200	0.554158
0.082300	-0.390430
0.082400	-0.862724
0.082500	0.554158
0.082600	4.332510
0.082700	0.554158
0.082800	-6.530250
0.082900	-7.002550
0.083000	-3.224190
0.083100	0.554158
0.083200	0.554158
0.083300	1.498750
0.083400	4.332510
0.083500	6.221690
0.083600	1.498750
0.083700	0.554158
0.083800	1.498750
0.083900	2.443330
0.084000	1.498750
0.084100	0.554158
0.084200	-1.335020
0.084300	0.554158
0.084400	0.554158
0.084500	0.554158
0.084600	2.443330
0.084700	4.332510
0.084800	4.332510
0.084900	0.554158
0.085000	2.443330
0.085100	-4.168780
0.085200	-2.279610
0.085300	2.443330
0.085400	4.332510
0.085500	1.498750
0.085600	4.332510
0.085700	2.443330
0.085800	1.026450
0.085900	-0.862724
0.086000	-0.862724
0.086100	1.026450
0.086200	5.277100
0.086300	5.277100
0.086400	4.332510
0.086500	2.443330
0.086600	-3.224190
0.086700	-6.057960
0.086800	0.554158
0.086900	5.277100
0.087000	1.498750
0.087100	0.554158
0.087200	1.498750
0.087300	-1.335020
0.087400	0.554158
0.087500	4.332510
0.087600	4.332510
0.087700	4.332510
0.087800	1.498750
0.087900	5.277100
0.088000	4.332510
0.088100	0.554158
0.088200	-3.224190
0.088300	4.332510
0.088400	8.110860
0.088500	4.332510
0.088600	2.443330
0.088700	4.332510
0.088800	1.026450
0.088900	5.277100
0.089000	4.332510
0.089100	2.443330
0.089200	4.332510
0.089300	4.804800
0.089400	6.221690
0.089500	0.554158
0.089600	1.498750
0.089700	4.332510
0.089800	7.166270
0.089900	5.277100
0.090000	2.443330
0.090100	-3.224190
0.090200	0.554158
0.090300	3.387920
0.090400	1.498750
0.090500	4.332510
0.090600	0.554158
0.090700	-3.224190
0.090800	-3.224190
0.090900	-0.862724
0.091000	-6.057960
0.091100	-1.335020
0.091200	-1.335020
0.091300	-0.390430
0.091400	-5.113370
0.091500	-0.390430
0.091600	0.554158
0.091700	0.554158
0.091800	-4.168780
0.091900	-1.807310
0.092000	0.554158
0.092100	-1.335020
0.092200	1.498750
0.092300	-1.335020
0.092400	-3.224190
0.092500	0.554158
0.092600	4.332510
0.092700	4.332510
0.092800	4.332510
0.092900	4.332510
0.093000	6.221690
0.093100	9.055450
0.093200	8.110860
0.093300	6.221690
0.093400	2.443330
0.093500	2.443330
0.093600	10.000000
0.093700	6.221690
0.093800	5.277100
0.093900	7.166270
0.094000	7.166270
0.094100	1.498750
0.094200	4.332510
0.094300	1.498750
0.094400	1.026450
0.094500	2.443330
0.094600	4.332510
0.094700	0.554158
0.094800	0.554158
0.094900	3.387920
0.095000	6.221690
0.095100	0.554158
0.095200	-2.751900
0.095300	-0.390430
0.095400	4.332510
0.095500	0.554158
0.095600	0.554158
0.095700	1.498750
0.095800	2.443330
0.095900	4.332510
0.096000	2.443330
0.096100	-4.641080
0.096200	-3.224190
0.096300	0.554158
0.096400	-1.335020
0.096500	4.804800
0.096600	4.332510
0.096700	5.277100
0.096800	4.332510
0.096900	4.332510
0.097000	4.332510
0.097100	2.443330
0.097200	4.332510
0.097300	0.554158
0.097400	-6.057960
0.097500	-7.002550
0.097600	-1.335020
0.097700	2.443330
0.097800	0.081864
0.097900	-5.113370
0.098000	-2.279610
0.098100	-0.390430
0.098200	2.443330
0.098300	0.554158
0.098400	0.554158
0.098500	6.221690
0.098600	6.221690
0.098700	5.277100
0.098800	0.554158
0.098900	0.554158
0.099000	-2.279610
0.099100	0.554158
0.099200	-1.335020
0.099300	4.332510
0.099400	6.221690
0.099500	2.443330
0.099600	-1.335020
0.099700	-1.335020
0.099800	0.554158
0.099900	-0.390430
0.100000	2.443330
0.100100	3.387920
0.100200	-1.335020
0.100300	-0.390430
0.100400	2.443330
0.100500	3.387920
0.100600	4.332510
0.100700	0.554158
0.100800	0.554158
0.100900	2.915630
0.101000	1.498750
0.101100	0.554158
0.101200	0.554158
0.101300	2.443330
0.101400	2.443330
0.101500	0.554158
0.101600	2.443330
0.101700	6.221690
0.101800	2.443330
0.101900	2.443330
0.102000	-1.335020
0.102100	-2.279610
0.102200	0.554158
0.102300	0.554158
0.102400	-5.113370
0.102500	-3.224190
0.102600	0.554158
0.102700	-3.224190
0.102800	-2.279610
0.102900	-7.002550
0.103000	0.554158
0.103100	-3.224190
0.103200	-3.224190
0.103300	0.554158
0.103400	2.443330
0.103500	0.554158
0.103600	-1.335020
0.103700	0.554158
0.103800	-3.224190
0.103900	-3.224190
0.104000	1.498750
0.104100	6.221690
0.104200	8.583160
0.104300	8.110860
0.104400	2.915630
0.104500	0.554158
0.104600	0.554158
0.104700	-2.279610
0.104800	-3.224190
0.104900	-7.002550
0.105000	-1.335020
0.105100	2.443330
0.105200	-0.390430
0.105300	-4.168780
0.105400	-1.807310
0.105500	1.498750
0.105600	6.221690
0.105700	4.332510
0.105800	-1.335020
0.105900	-5.113370
0.106000	0.554158
0.106100	-2.279610
0.106200	-3.224190
0.106300	-4.168780
0.106400	1.498750
0.106500	4.332510
0.106600	1.498750
0.106700	-1.335020
0.106800	1.498750
0.106900	8.110860
0.107000	4.332510
0.107100	4.332510
0.107200	0.554158
0.107300	-1.335020
0.107400	-3.224190
0.107500	0.554158
0.107600	0.554158
0.107700	4.332510
0.107800	2.443330
0.107900	-3.224190
0.108000	-3.224190
0.108100	1.498750
0.108200	4.332510
0.108300	1.498750
0.108400	2.443330
0.108500	0.554158
0.108600	2.443330
0.108700	5.277100
0.108800	2.443330
0.108900	2.443330
0.109000	2.443330
0.109100	-1.335020
0.109200	1.498750
0.109300	9.055450
0.109400	6.221690
0.109500	4.332510
0.109600	4.332510
0.109700	-1.335020
0.109800	0.554158
0.109900	6.221690
0.110000	1.971040
0.110100	1.498750
0.110200	2.443330
0.110300	0.554158
0.110400	-2.279610
0.110500	-1.335020
0.110600	4.332510
0.110700	6.221690
0.110800	5.277100
0.110900	0.554158
0.111000	0.081864
0.111100	-0.862724
0.111200	0.554158
0.111300	4.804800
0.111400	6.221690
0.111500	4.332510
0.111600	2.443330
0.111700	4.332510
0.111800	2.443330
0.111900	1.971040
0.112000	-1.335020
0.112100	-0.390430
0.112200	0.554158
0.112300	1.498750
0.112400	2.443330
0.112500	0.554158
0.112600	0.554158
0.112700	0.554158
0.112800	4.332510
0.112900	2.443330
0.113000	0.554158
0.113100	-4.168780
0.113200	-1.335020
0.113300	1.498750
0.113400	4.332510
0.113500	5.277100
0.113600	4.332510
0.113700	0.554158
0.113800	0.554158
0.113900	0.554158
0.114000	-3.224190
0.114100	-2.279610
0.114200	0.554158
0.114300	0.554158
0.114400	0.554158
0.114500	0.554158
0.114600	0.554158
0.114700	4.332510
0.114800	2.443330
0.114900	2.443330
0.115000	0.554158
0.115100	-3.224190
0.115200	-1.335020
0.115300	0.554158
0.115400	0.554158
0.115500	-3.224190
0.115600	1.498750
0.115700	4.332510
0.115800	2.443330
0.115900	6.221690
0.116000	8.110860
0.116100	5.277100
0.116200	4.332510
0.116300	2.443330
0.116400	0.554158
0.116500	-3.224190
0.116600	-4.168780
0.116700	-1.335020
0.116800	-0.862724
0.116900	-2.279610
0.117000	0.554158
0.117100	2.443330
0.117200	0.554158
0.117300	0.554158
0.117400	-3.224190
0.117500	-3.224190
0.117600	2.443330
0.117700	2.443330
0.117800	-1.335020
0.117900	-2.279610
0.118000	1.498750
0.118100	4.332510
0.118200	4.332510
0.118300	4.332510
0.118400	2.443330
0.118500	4.332510
0.118600	6.221690
0.118700	4.332510
0.118800	0.554158
0.118900	0.554158
0.119000	0.554158
0.119100	2.443330
0.119200	1.498750
0.119300	2.443330
0.119400	4.332510
0.119500	1.026450
0.119600	-0.390430
0.119700	1.026450
0.119800	0.554158
0.119900	1.498750
0.120000	0.554158
0.120100	4.332510
0.120200	1.026450
0.120300	0.554158
0.120400	3.387920
0.120500	3.387920
0.120600	-1.807310
0.120700	-0.390430
0.120800	4.332510
0.120900	3.387920
0.121000	2.443330
0.121100	8.110860
0.121200	1.026450
0.121300	-8.891720
0.121400	-5.585660
0.121500	1.498750
0.121600	0.554158
0.121700	-0.390430
0.121800	-2.279610
0.121900	-1.335020
0.122000	-3.224190
0.122100	-2.279610
0.122200	-1.335020
0.122300	-0.390430
0.122400	-2.279610
0.122500	-4.168780
0.122600	-0.390430
0.122700	0.554158
0.122800	1.971040
0.122900	2.443330
0.123000	0.554158
0.123100	-2.279610
0.123200	-1.335020
0.123300	-1.335020
0.123400	-2.279610
0.123500	0.554158
0.123600	4.332510
0.123700	-1.335020
0.123800	-0.390430
0.123900	3.387920
0.124000	1.026450
0.124100	4.332510
0.124200	6.221690
0.124300	2.443330
0.124400	6.221690
0.124500	5.277100
0.124600	-3.224190
0.124700	-1.807310
0.124800	0.554158
0.124900	-1.335020
0.125000	1.026450
0.125100	0.554158
0.125200	-3.224190
0.125300	-7.002550
0.125400	-2.279610
0.125500	-0.390430
0.125600	0.554158
0.125700	-0.390430
0.125800	-3.224190
0.125900	-1.335020
0.126000	0.554158
0.126100	0.554158
0.126200	0.554158
0.126300	-1.335020
0.126400	-2.279610
0.126500	-1.335020
0.126600	-2.279610
0.126700	4.332510
0.126800	-0.862724
0.126900	-5.113370
0.127000	-5.113370
0.127100	-3.224190
0.127200	-6.057960
0.127300	-3.224190
0.127400	-1.335020
0.127500	-2.279610
0.127600	-1.335020
0.127700	-2.751900
0.127800	-5.113370
0.127900	0.554158
0.128000	1.498750
0.128100	-3.224190
0.128200	-2.279610
0.128300	0.554158
0.128400	4.332510
0.128500	0.554158
0.128600	6.221690
0.128700	5.277100
0.128800	2.443330
0.128900	0.554158
0.129000	-1.335020
0.129100	0.554158
0.129200	2.443330
0.129300	-0.390430
0.129400	-4.641080
0.129500	-4.641080
0.129600	-6.057960
0.129700	-0.390430
0.129800	2.443330
0.129900	2.443330
0.130000	4.332510
0.130100	8.110860
0.130200	0.554158
0.130300	-5.113370
0.130400	-1.335020
0.130500	-2.751900
0.130600	-1.335020
0.130700	4.332510
0.130800	4.332510
0.130900	0.554158
0.131000	-1.807310
0.131100	-5.113370
0.131200	-0.390430
0.131300	1.498750
0.131400	2.443330
0.131500	-3.224190
0.131600	-6.057960
0.131700	-4.641080
0.131800	-1.335020
0.131900	0.554158
0.132000	-1.807310
0.132100	-3.224190
0.132200	-3.224190
0.132300	-1.335020
0.132400	-3.224190
0.132500	0.554158
0.132600	-2.279610
0.132700	-5.113370
0.132800	-6.530250
0.132900	-7.002550
0.133000	-5.113370
0.133100	-1.335020
0.133200	0.554158
0.133300	0.554158
0.133400	0.554158
0.133500	0.554158
0.133600	-3.224190
0.133700	-5.113370
0.133800	-1.335020
0.133900	0.554158
0.134000	0.554158
0.134100	0.554158
0.134200	-1.335020
0.134300	-3.224190
0.134400	-7.002550
0.134500	-6.057960
0.134600	-1.335020
0.134700	2.443330
0.134800	4.332510
0.134900	4.332510
0.135000	0.554158
0.135100	0.554158
0.135200	-1.335020
0.135300	-1.335020
0.135400	0.554158
0.135500	1.498750
0.135600	-1.335020
0.135700	-5.113370
0.135800	-7.002550
0.135900	-7.002550
0.136000	-1.335020
0.136100	-1.335020
0.136200	-6.057960
0.136300	-5.113370
0.136400	-1.335020
0.136500	2.443330
0.136600	4.332510
0.136700	2.443330
0.136800	4.332510
0.136900	-1.335020
0.137000	-3.224190
0.137100	-3.224190
0.137200	-0.390430
0.137300	-1.335020
0.137400	-1.335020
0.137500	0.554158
0.137600	0.554158
0.137700	-3.224190
0.137800	-5.113370
0.137900	-3.224190
0.138000	-1.335020
0.138100	-1.335020
0.138200	-3.224190
0.138300	-3.224190
0.138400	-3.696490
0.138500	-1.335020
0.138600	-4.641080
0.138700	-3.224190
0.138800	-1.335020
0.138900	1.971040
0.139000	0.554158
0.139100	-4.641080
0.139200	-5.113370
0.139300	-5.113370
0.139400	-5.113370
0.139500	-6.057960
0.139600	-2.279610
0.139700	0.554158
0.139800	0.554158
0.139900	-3.224190
0.140000	0.554158
0.140100	0.554158
0.140200	-1.335020
0.140300	-1.335020
0.140400	1.026450
0.140500	1.971040
0.140600	0.554158
0.140700	-0.390430
0.140800	-5.113370
0.140900	-3.224190
0.141000	-3.224190
0.141100	0.554158
0.141200	0.554158
0.141300	0.554158
0.141400	-1.335020
0.141500	-2.279610
0.141600	-4.168780
0.141700	0.554158
0.141800	4.332510
0.141900	-0.390430
0.142000	-7.002550
0.142100	-7.002550
0.142200	-1.335020
0.142300	1.498750
0.142400	0.554158
0.142500	-7.002550
0.142600	-7.002550
0.142700	-0.390430
0.142800	1.498750
0.142900	-1.335020
0.143000	-2.279610
0.143100	-4.168780
0.143200	-1.335020
0.143300	2.443330
0.143400	5.277100
0.143500	0.554158
0.143600	-3.224190
0.143700	-2.751900
0.143800	-0.390430
0.143900	4.332510
0.144000	5.277100
0.144100	6.221690
0.144200	0.554158
0.144300	-1.335020
0.144400	2.443330
0.144500	-0.862724
0.144600	-3.224190
0.144700	-0.390430
0.144800	-1.335020
0.144900	-2.279610
0.145000	4.332510
0.145100	-1.807310
0.145200	0.554158
0.145300	5.277100
0.145400	5.277100
0.145500	-5.113370
0.145600	-6.057960
0.145700	-1.335020
0.145800	-2.279610
0.145900	-3.224190
0.146000	0.554158
0.146100	1.498750
0.146200	-2.279610
0.146300	-2.279610
0.146400	-3.224190
0.146500	-1.335020
0.146600	1.498750
0.146700	-1.335020
0.146800	-3.224190
0.146900	-1.335020
0.147000	-3.224190
0.147100	-5.113370
0.147200	-6.057960
0.147300	-0.390430
0.147400	0.554158
0.147500	0.554158
0.147600	1.498750
0.147700	-1.335020
0.147800	-4.168780
0.147900	-3.224190
0.148000	-0.390430
0.148100	-1.335020
0.148200	0.554158
0.148300	-4.641080
0.148400	-7.002550
0.148500	-4.168780
0.148600	2.443330
0.148700	0.554158
0.148800	-1.335020
0.148900	-2.279610
0.149000	0.554158
0.149100	-0.390430
0.149200	-1.335020
0.149300	0.554158
0.149400	0.554158
0.149500	0.554158
0.149600	0.554158
0.149700	-3.224190
0.149800	-5.113370
0.149900	2.443330
0.150000	2.915630
0.150100	0.554158
0.150200	-3.224190
0.150300	-2.279610
0.150400	-1.335020
0.150500	-1.335020
0.150600	-3.224190
0.150700	-2.279610
0.150800	2.443330
0.150900	1.026450
0.151000	4.332510
0.151100	-1.335020
0.151200	-4.168780
0.151300	-3.224190
0.151400	-1.335020
0.151500	-5.113370
0.151600	-6.530250
0.151700	-5.113370
0.151800	-0.390430
0.151900	5.277100
0.152000	4.332510
0.152100	-5.113370
0.152200	-5.113370
0.152300	0.554158
0.152400	-3.224190
0.152500	-7.002550
0.152600	-3.224190
0.152700	2.443330
0.152800	-0.390430
0.152900	1.498750
0.153000	2.443330
0.153100	-0.862724
0.153200	-6.057960
0.153300	-3.224190
0.153400	-1.335020
0.153500	1.498750
0.153600	-0.390430
0.153700	-7.002550
0.153800	-5.113370
0.153900	0.554158
0.154000	4.332510
0.154100	-0.390430
0.154200	-6.057960
0.154300	-7.002550
0.154400	-6.057960
0.154500	-6.057960
0.154600	-6.057960
0.154700	-5.113370
0.154800	2.443330
0.154900	-1.335020
0.155000	0.554158
0.155100	4.332510
0.155200	4.332510
0.155300	4.332510
0.155400	-2.279610
0.155500	-7.002550
0.155600	-6.057960
0.155700	-4.641080
0.155800	-7.002550
0.155900	-3.224190
0.156000	-5.113370
0.156100	-2.751900
0.156200	-1.335020
0.156300	-0.862724
0.156400	-1.335020
0.156500	-7.002550
0.156600	-3.224190
0.156700	-1.335020
0.156800	-3.224190
0.156900	-4.641080
0.157000	-6.057960
0.157100	0.554158
0.157200	0.554158
0.157300	1.498750
0.157400	-0.390430
0.157500	-3.224190
0.157600	-5.113370
0.157700	-3.224190
0.157800	-2.279610
0.157900	-3.224190
0.158000	-2.279610
0.158100	1.498750
0.158200	0.554158
0.158300	3.387920
0.158400	-1.335020
0.158500	-5.113370
0.158600	-3.224190
0.158700	3.387920
0.158800	0.554158
0.158900	-4.168780
0.159000	0.554158
0.159100	0.554158
0.159200	-2.279610
0.159300	-3.224190
0.159400	1.498750
0.159500	0.554158
0.159600	-1.335020
0.159700	-5.113370
0.159800	-6.057960
0.159900	-3.224190
0.160000	1.498750
0.160100	1.498750
0.160200	0.554158
0.160300	4.332510
0.160400	1.498750
0.160500	0.554158
0.160600	0.554158
0.160700	4.332510
0.160800	0.554158
0.160900	0.554158
0.161000	-1.335020
0.161100	1.498750
0.161200	2.443330
0.161300	1.498750
0.161400	4.332510
0.161500	0.554158
0.161600	1.498750
0.161700	1.498750
0.161800	2.443330
0.161900	0.554158
0.162000	0.554158
0.162100	0.554158
0.162200	0.554158
0.162300	-2.279610
0.162400	-0.390430
0.162500	1.498750
0.162600	5.277100
0.162700	4.332510
0.162800	2.443330
0.162900	1.971040
0.163000	2.443330
0.163100	2.443330
0.163200	0.554158
0.163300	1.026450
0.163400	1.498750
0.163500	0.554158
0.163600	2.915630
0.163700	-0.390430
0.163800	-10.780900
0.163900	-6.530250
0.164000	-3.224190
0.164100	2.443330
0.164200	0.554158
0.164300	0.554158
0.164400	3.387920
0.164500	5.277100
0.164600	5.277100
0.164700	2.443330
0.164800	2.443330
0.164900	-0.390430
0.165000	-2.279610
0.165100	-7.002550
0.165200	-5.113370
0.165300	-1.335020
0.165400	0.554158
0.165500	-4.168780
0.165600	-6.530250
0.165700	-1.807310
0.165800	2.443330
0.165900	0.554158
0.166000	-7.002550
0.166100	-7.002550
0.166200	-1.335020
0.166300	1.498750
0.166400	-3.224190
0.166500	1.498750
0.166600	0.554158
0.166700	-2.279610
0.166800	1.498750
0.166900	8.110860
0.167000	0.554158
0.167100	-2.279610
0.167200	-3.224190
0.167300	-0.862724
0.167400	0.554158
0.167500	0.554158
0.167600	0.554158
0.167700	1.498750
0.167800	4.332510
0.167900	0.554158
0.168000	-1.335020
0.168100	-0.862724
0.168200	1.498750
0.168300	4.332510
0.168400	4.332510
0.168500	6.221690
0.168600	0.554158
0.168700	-5.113370
0.168800	-1.335020
0.168900	0.554158
0.169000	0.554158
0.169100	2.443330
0.169200	-1.335020
0.169300	0.554158
0.169400	-3.224190
0.169500	-5.113370
0.169600	-1.335020
0.169700	0.554158
0.169800	-3.224190
0.169900	-4.168780
0.170000	-4.168780
0.170100	-2.279610
0.170200	-0.862724
0.170300	-5.113370
0.170400	-1.335020
0.170500	-5.113370
0.170600	-0.862724
0.170700	-2.279610
0.170800	-4.641080
0.170900	-2.279610
0.171000	-1.335020
0.171100	2.443330
0.171200	-1.335020
0.171300	-5.113370
0.171400	-2.279610
0.171500	2.443330
0.171600	0.554158
0.171700	0.554158
0.171800	0.554158
0.171900	0.554158
0.172000	-1.335020
0.172100	-7.002550
0.172200	-5.113370
0.172300	-3.224190
0.172400	-3.224190
0.172500	0.554158
0.172600	2.443330
0.172700	-1.807310
0.172800	-2.279610
0.172900	0.554158
0.173000	-3.224190
0.173100	-5.113370
0.173200	-5.113370
0.173300	-5.113370
0.173400	-8.891720
0.173500	-7.002550
0.173600	-5.113370
0.173700	-6.057960
0.173800	-2.279610
0.173900	4.332510
0.174000	3.387920
0.174100	-0.390430
0.174200	-1.335020
0.174300	-0.390430
0.174400	0.081864
0.174500	0.554158
0.174600	-6.057960
0.174700	-6.057960
0.174800	0.554158
0.174900	2.443330
0.175000	-3.696490
0.175100	-2.279610
0.175200	1.498750
0.175300	-5.113370
0.175400	-1.335020
0.175500	-0.862724
0.175600	-0.862724
0.175700	-1.335020
0.175800	-2.751900
0.175900	2.443330
0.176000	2.915630
0.176100	0.554158
0.176200	-2.279610
0.176300	-2.279610
0.176400	-2.751900
0.176500	-6.057960
0.176600	0.554158
0.176700	1.498750
0.176800	0.554158
0.176900	0.554158
0.177000	2.443330
0.177100	-1.335020
0.177200	-1.807310
0.177300	-1.335020
0.177400	-1.335020
0.177500	1.498750
0.177600	0.554158
0.177700	-5.113370
0.177800	-6.057960
0.177900	-1.335020
0.178000	0.554158
0.178100	-0.390430
0.178200	-2.279610
0.178300	4.332510
0.178400	2.443330
0.178500	-3.224190
0.178600	-4.168780
0.178700	1.498750
0.178800	-4.168780
0.178900	-6.530250
0.179000	-2.279610
0.179100	-2.279610
0.179200	-2.279610
0.179300	2.443330
0.179400	4.332510
0.179500	-1.335020
0.179600	-3.224190
0.179700	-3.224190
0.179800	-3.224190
0.179900	-3.224190
0.180000	-1.335020
0.180100	-0.390430
0.180200	1.498750
0.180300	-1.335020
0.180400	-1.335020
0.180500	1.498750
0.180600	1.498750
0.180700	-2.751900
0.180800	-2.279610
0.180900	-1.335020
0.181000	-1.335020
0.181100	4.332510
0.181200	-2.751900
0.181300	-1.335020
0.181400	0.554158
0.181500	2.443330
0.181600	1.026450
0.181700	1.498750
0.181800	2.443330
0.181900	-5.113370
0.182000	-5.113370
0.182100	-0.862724
0.182200	1.498750
0.182300	0.554158
0.182400	0.554158
0.182500	6.221690
0.182600	5.749390
0.182700	-2.751900
0.182800	-3.224190
0.182900	-5.113370
0.183000	-2.279610
0.183100	1.498750
0.183200	0.554158
0.183300	-1.335020
0.183400	-1.807310
0.183500	0.554158
0.183600	2.443330
0.183700	0.554158
0.183800	0.554158
0.183900	-1.335020
0.184000	-1.335020
0.184100	0.554158
0.184200	4.332510
0.184300	4.332510
0.184400	0.554158
0.184500	-2.279610
0.184600	-2.279610
0.184700	1.026450
0.184800	-3.224190
0.184900	-3.224190
0.185000	0.554158
0.185100	1.498750
0.185200	0.081864
0.185300	-0.390430
0.185400	4.332510
0.185500	4.332510
0.185600	0.554158
0.185700	4.332510
0.185800	2.443330
0.185900	-4.641080
0.186000	0.554158
0.186100	4.332510
0.186200	1.026450
0.186300	0.554158
0.186400	-3.224190
0.186500	0.554158
0.186600	4.332510
0.186700	-0.390430
0.186800	-1.335020
0.186900	-3.224190
0.187000	-7.002550
0.187100	-3.224190
0.187200	-6.057960
0.187300	-3.224190
0.187400	2.443330
0.187500	4.332510
0.187600	0.554158
0.187700	-1.335020
0.187800	-1.335020
0.187900	0.554158
0.188000	1.498750
0.188100	-1.335020
0.188200	0.554158
0.188300	-0.390430
0.188400	0.554158
0.188500	2.443330
0.188600	0.554158
0.188700	-0.390430
0.188800	2.443330
0.188900	-3.224190
0.189000	-1.335020
0.189100	1.498750
0.189200	2.443330
0.189300	2.443330
0.189400	1.498750
0.189500	4.332510
0.189600	4.332510
0.189700	4.332510
0.189800	6.221690
0.189900	5.277100
0.190000	2.443330
0.190100	0.554158
0.190200	-4.641080
0.190300	-2.279610
0.190400	0.554158
0.190500	-1.335020
0.190600	-5.113370
0.190700	-2.279610
0.190800	0.554158
0.190900	0.554158
0.191000	-3.224190
0.191100	0.554158
0.191200	7.166270
0.191300	8.110860
0.191400	4.332510
0.191500	4.332510
0.191600	4.332510
0.191700	0.554158
0.191800	-1.335020
0.191900	-4.168780
0.192000	-0.390430
0.192100	4.332510
0.192200	4.332510
0.192300	1.498750
0.192400	0.554158
0.192500	0.554158
0.192600	0.554158
0.192700	2.443330
0.192800	-1.335020
0.192900	-3.224190
0.193000	-2.751900
0.193100	-1.335020
0.193200	0.554158
0.193300	0.554158
0.193400	-0.390430
0.193500	-0.862724
0.193600	0.554158
0.193700	-5.113370
0.193800	-2.751900
0.193900	2.443330
0.194000	4.332510
0.194100	-2.279610
0.194200	-3.224190
0.194300	4.332510
0.194400	2.443330
0.194500	-5.113370
0.194600	-8.891720
0.194700	-2.751900
0.194800	0.554158
0.194900	-2.279610
0.195000	-1.335020
0.195100	-2.279610
0.195200	-5.113370
0.195300	0.554158
0.195400	2.443330
0.195500	-2.279610
0.195600	-6.057960
0.195700	-1.335020
0.195800	0.081864
0.195900	-2.751900
0.196000	-3.224190
0.196100	-3.224190
0.196200	-1.335020
0.196300	-5.113370
0.196400	-2.279610
0.196500	-1.335020
0.196600	2.915630
0.196700	0.554158
0.196800	2.443330
0.196900	-3.224190
0.197000	-5.113370
0.197100	-2.279610
0.197200	-3.224190
0.197300	-3.224190
0.197400	-5.113370
0.197500	-6.057960
0.197600	-2.279610
0.197700	-7.002550
0.197800	0.554158
0.197900	2.443330
0.198000	4.332510
0.198100	1.498750
0.198200	0.554158
0.198300	0.554158
0.198400	1.498750
0.198500	0.554158
0.198600	1.026450
0.198700	0.554158
0.198800	-3.224190
0.198900	0.554158
0.199000	4.332510
0.199100	-1.335020
0.199200	4.332510
0.199300	8.110860
0.199400	4.332510
0.199500	0.554158
0.199600	-3.224190
0.199700	0.554158
0.199800	0.554158
0.199900	-1.335020
0.200000	0.554158
0.200100	2.443330
0.200200	4.332510
0.200300	4.332510
0.200400	0.554158
0.200500	-1.335020
0.200600	-3.224190
0.200700	-1.335020
0.200800	2.443330
0.200900	1.498750
0.201000	-3.224190
0.201100	-2.279610
0.201200	0.554158
0.201300	0.554158
0.201400	-1.335020
0.201500	-6.057960
0.201600	-2.279610
0.201700	-0.390430
0.201800	6.221690
0.201900	4.332510
0.202000	-6.057960
0.202100	-2.279610
0.202200	1.026450
0.202300	1.498750
0.202400	0.554158
0.202500	-0.390430
0.202600	0.554158
0.202700	-3.224190
0.202800	0.554158
0.202900	4.332510
0.203000	-3.224190
0.203100	-7.002550
0.203200	-5.113370
0.203300	0.554158
0.203400	-1.335020
0.203500	-4.168780
0.203600	-3.224190
0.203700	-3.224190
0.203800	-5.113370
0.203900	-6.057960
0.204000	-3.224190
0.204100	-7.002550
0.204200	-6.057960
0.204300	-6.057960
0.204400	-5.113370
0.204500	0.554158
0.204600	4.332510
0.204700	-1.335020
0.204800	-1.335020
0.204900	-3.224190
0.205000	-3.224190
0.205100	1.498750
0.205200	2.443330
0.205300	-1.335020
0.205400	-5.113370
0.205500	2.443330
0.205600	1.498750
0.205700	-0.390430
0.205800	1.498750
0.205900	-1.335020
0.206000	-5.113370
0.206100	-1.807310
0.206200	4.332510
0.206300	2.443330
0.206400	0.554158
0.206500	0.554158
0.206600	4.332510
0.206700	5.277100
0.206800	0.554158
0.206900	0.554158
0.207000	4.332510
0.207100	6.221690
0.207200	6.221690
0.207300	5.277100
0.207400	4.332510
0.207500	1.498750
0.207600	2.443330
0.207700	5.277100
0.207800	-1.335020
0.207900	-2.279610
0.208000	-5.113370
0.208100	-5.113370
0.208200	0.554158
0.208300	0.554158
0.208400	4.332510
0.208500	1.026450
0.208600	2.443330
0.208700	1.498750
0.208800	0.554158
0.208900	0.554158
0.209000	0.554158
0.209100	2.443330
0.209200	-3.224190
0.209300	-1.335020
0.209400	1.498750
0.209500	0.081864
0.209600	0.554158
0.209700	1.498750
0.209800	4.332510
0.209900	1.498750
0.210000	-0.390430
0.210100	-1.335020
0.210200	-1.335020
0.210300	2.443330
0.210400	6.221690
0.210500	6.221690
0.210600	2.915630
0.210700	-3.224190
0.210800	-1.335020
0.210900	0.554158
0.211000	0.554158
0.211100	1.971040
0.211200	2.443330
0.211300	-1.335020
0.211400	-0.390430
0.211500	0.554158
0.211600	1.971040
0.211700	0.554158
0.211800	-1.335020
0.211900	-8.891720
0.212000	-3.224190
0.212100	0.554158
0.212200	0.554158
0.212300	-2.279610
0.212400	-3.224190
0.212500	-3.224190
0.212600	1.498750
0.212700	5.277100
0.212800	0.554158
0.212900	-0.390430
0.213000	-1.335020
0.213100	-1.335020
0.213200	-1.335020
0.213300	0.554158
0.213400	-0.862724
0.213500	0.554158
0.213600	0.554158
0.213700	0.554158
0.213800	-1.335020
0.213900	-5.113370
0.214000	-3.224190
0.214100	-5.113370
0.214200	1.026450
0.214300	4.332510
0.214400	2.443330
0.214500	-3.224190
0.214600	-3.224190
0.214700	-7.002550
0.214800	-3.224190
0.214900	0.554158
0.215000	0.554158
0.215100	-2.751900
0.215200	-0.390430
0.215300	-0.390430
0.215400	-7.002550
0.215500	-3.224190
0.215600	0.554158
0.215700	1.498750
0.215800	1.498750
0.215900	1.498750
0.216000	0.554158
0.216100	-5.113370
0.216200	-1.335020
0.216300	0.554158
0.216400	0.554158
0.216500	0.554158
0.216600	4.332510
0.216700	4.332510
0.216800	0.554158
0.216900	-6.057960
0.217000	-7.002550
0.217100	-5.113370
0.217200	-6.057960
0.217300	-7.002550
0.217400	-10.308600
0.217500	-7.002550
0.217600	-3.224190
0.217700	1.026450
0.217800	0.554158
0.217900	0.554158
0.218000	-1.807310
0.218100	4.332510
0.218200	1.498750
0.218300	-2.751900
0.218400	-2.751900
0.218500	-2.279610
0.218600	-7.002550
0.218700	-3.224190
0.218800	-5.113370
0.218900	-0.390430
0.219000	-1.335020
0.219100	-3.224190
0.219200	-7.002550
0.219300	-7.002550
0.219400	-3.224190
0.219500	-1.335020
0.219600	-2.279610
0.219700	-1.335020
0.219800	0.554158
0.219900	-3.224190
0.220000	-1.335020
0.220100	-1.335020
0.220200	0.554158
0.220300	4.332510
0.220400	4.332510
0.220500	-1.335020
0.220600	-3.224190
0.220700	1.498750
0.220800	6.221690
0.220900	4.332510
0.221000	0.554158
0.221100	-0.390430
0.221200	0.554158
0.221300	-0.390430
0.221400	-3.224190
0.221500	-1.335020
0.221600	0.554158
0.221700	0.554158
0.221800	0.554158
0.221900	-1.335020
0.222000	-5.113370
0.222100	-5.113370
0.222200	-3.224190
0.222300	-2.279610
0.222400	-0.862724
0.222500	-3.224190
0.222600	-2.751900
0.222700	-1.335020
0.222800	0.554158
0.222900	0.554158
0.223000	-7.947130
0.223100	-2.279610
0.223200	-2.279610
0.223300	-2.279610
0.223400	-0.390430
0.223500	-3.224190
0.223600	-2.751900
0.223700	-5.113370
0.223800	-5.113370
0.223900	-0.390430
0.224000	1.498750
0.224100	0.554158
0.224200	0.554158
0.224300	-1.335020
0.224400	-5.113370
0.224500	4.332510
0.224600	10.000000
0.224700	2.443330
0.224800	-2.751900
0.224900	-1.335020
0.225000	-3.224190
0.225100	-0.862724
0.225200	-1.335020
0.225300	-2.279610
0.225400	-0.390430
0.225500	-1.335020
0.225600	-0.390430
0.225700	-0.390430
0.225800	-1.335020
0.225900	1.498750
0.226000	8.110860
0.226100	6.221690
0.226200	0.554158
0.226300	5.277100
0.226400	6.221690
0.226500	1.498750
0.226600	-1.335020
0.226700	-2.279610
0.226800	0.081864
0.226900	0.554158
0.227000	-2.279610
0.227100	-1.335020
0.227200	-1.335020
0.227300	-2.751900
0.227400	1.498750
0.227500	1.026450
0.227600	0.554158
0.227700	0.554158
0.227800	0.554158
0.227900	-3.224190
0.228000	-2.279610
0.228100	-5.113370
0.228200	-4.168780
0.228300	-0.390430
0.228400	2.443330
0.228500	-1.335020
0.228600	-2.279610
0.228700	-1.335020
0.228800	0.554158
0.228900	4.332510
0.229000	0.554158
0.229100	-3.224190
0.229200	-3.224190
0.229300	-0.390430
0.229400	-0.390430
0.229500	-1.335020
0.229600	-1.335020
0.229700	0.554158
0.229800	-2.279610
0.229900	0.554158
0.230000	2.443330
0.230100	1.498750
0.230200	4.332510
0.230300	5.277100
0.230400	2.443330
0.230500	0.554158
0.230600	-3.224190
0.230700	-5.585660
0.230800	1.026450
0.230900	-1.335020
0.231000	-1.335020
0.231100	-1.335020
0.231200	0.554158
0.231300	4.332510
0.231400	5.277100
0.231500	0.554158
0.231600	-1.335020
0.231700	-1.335020
0.231800	-1.335020
0.231900	-1.335020
0.232000	0.554158
0.232100	4.332510
0.232200	6.221690
0.232300	1.971040
0.232400	-1.335020
0.232500	-6.530250
0.232600	-7.002550
0.232700	-5.113370
0.232800	-7.002550
0.232900	-1.335020
0.233000	-0.390430
0.233100	0.554158
0.233200	1.498750
0.233300	0.554158
0.233400	-0.390430
0.233500	-1.335020
0.233600	4.332510
0.233700	4.332510
0.233800	4.332510
0.233900	0.554158
0.234000	2.443330
0.234100	4.332510
0.234200	4.332510
0.234300	1.498750
0.234400	0.554158
0.234500	2.443330
0.234600	3.387920
0.234700	4.332510
0.234800	4.332510
0.234900	2.443330
0.235000	-2.279610
0.235100	-3.224190
0.235200	-2.279610
0.235300	2.443330
0.235400	4.332510
0.235500	5.277100
0.235600	1.498750
0.235700	-3.224190
0.235800	-1.335020
0.235900	-4.641080
0.236000	0.554158
0.236100	1.026450
0.236200	0.554158
0.236300	-1.335020
0.236400	-5.113370
0.236500	-7.002550
0.236600	-4.168780
0.236700	-1.807310
0.236800	-1.335020
0.236900	-6.057960
0.237000	-1.335020
0.237100	-1.335020
0.237200	0.554158
0.237300	2.443330
0.237400	0.554158
0.237500	-3.224190
0.237600	-1.335020
0.237700	-0.390430
0.237800	-3.224190
0.237900	-3.224190
0.238000	-1.335020
0.238100	-1.335020
0.238200	-5.113370
0.238300	-1.335020
0.238400	-2.279610
0.238500	2.443330
0.238600	1.498750
0.238700	-5.113370
0.238800	-8.891720
0.238900	-2.279610
0.239000	1.498750
0.239100	-2.279610
0.239200	-1.335020
0.239300	-3.224190
0.239400	-2.751900
0.239500	-4.168780
0.239600	-8.891720
0.239700	-7.947130
0.239800	0.554158
0.239900	0.554158
0.240000	-2.279610
0.240100	-1.335020
0.240200	-1.335020
0.240300	0.554158
0.240400	-1.335020
0.240500	0.554158
0.240600	0.554158
0.240700	0.554158
0.240800	1.498750
0.240900	0.554158
0.241000	-1.335020
0.241100	-0.390430
0.241200	0.554158
0.241300	-0.390430
0.241400	-2.279610
0.241500	-0.862724
0.241600	-1.335020
0.241700	1.498750
0.241800	-1.335020
0.241900	1.498750
0.242000	5.277100
0.242100	0.554158
0.242200	-3.224190
0.242300	-11.725500
0.242400	-7.002550
0.242500	-3.224190
0.242600	3.387920
0.242700	4.332510
0.242800	-3.224190
0.242900	-3.224190
0.243000	-0.390430
0.243100	-1.335020
0.243200	-2.279610
0.243300	1.498750
0.243400	1.498750
0.243500	-1.335020
0.243600	0.554158
0.243700	5.749390
0.243800	4.332510
0.243900	4.332510
0.244000	2.443330
0.244100	1.498750
0.244200	-1.335020
0.244300	-6.057960
0.244400	-1.335020
0.244500	4.332510
0.244600	4.332510
0.244700	0.554158
0.244800	0.554158
0.244900	-2.279610
0.245000	-1.335020
0.245100	-1.335020
0.245200	1.498750
0.245300	2.443330
0.245400	2.443330
0.245500	1.498750
0.245600	-0.390430
0.245700	0.554158
0.245800	2.443330
0.245900	4.332510
0.246000	0.554158
0.246100	-1.335020
0.246200	0.554158
0.246300	2.443330
0.246400	1.498750
0.246500	-3.224190
0.246600	-1.807310
0.246700	1.498750
0.246800	0.554158
0.246900	-7.002550
0.247000	-5.113370
0.247100	-3.224190
0.247200	-7.002550
0.247300	-2.279610
0.247400	1.498750
0.247500	0.081864
0.247600	0.554158
0.247700	0.554158
0.247800	0.554158
0.247900	1.498750
0.248000	4.332510
0.248100	0.554158
0.248200	-0.390430
0.248300	1.026450
0.248400	0.554158
0.248500	4.332510
0.248600	4.332510
0.248700	4.332510
0.248800	3.387920
0.248900	0.554158
0.249000	2.443330
0.249100	-1.335020
0.249200	-3.224190
0.249300	0.554158
0.249400	2.443330
0.249500	1.498750
0.249600	0.554158
0.249700	-1.335020
0.249800	-5.113370
0.249900	-2.279610
0.250000	-0.390430
0.250100	-1.335020
0.250200	-1.335020
0.250300	0.554158
0.250400	1.498750
0.250500	-1.335020
0.250600	2.443330
0.250700	4.332510
0.250800	4.332510
0.250900	3.387920
0.251000	-1.335020
0.251100	0.554158
0.251200	0.554158
0.251300	-3.224190
0.251400	-5.113370
0.251500	0.554158
0.251600	4.332510
0.251700	0.554158
0.251800	4.332510
0.251900	4.332510
0.252000	1.498750
0.252100	0.554158
0.252200	2.443330
0.252300	-2.751900
0.252400	-3.224190
0.252500	0.554158
0.252600	-1.335020
0.252700	-3.224190
0.252800	0.554158
0.252900	4.332510
0.253000	-1.335020
0.253100	-0.862724
0.253200	-1.335020
0.253300	-4.168780
0.253400	0.554158
0.253500	2.443330
0.253600	-4.168780
0.253700	-4.168780
0.253800	0.554158
0.253900	4.332510
0.254000	-2.279610
0.254100	-3.224190
0.254200	-1.335020
0.254300	0.554158
0.254400	5.749390
0.254500	6.221690
0.254600	-1.335020
0.254700	-1.335020
0.254800	0.554158
0.254900	-0.390430
0.255000	0.554158
0.255100	4.332510
0.255200	1.498750
0.255300	-1.335020
0.255400	-0.390430
0.255500	4.332510
0.255600	7.166270
0.255700	8.110860
0.255800	6.221690
0.255900	0.554158
0.256000	2.443330
0.256100	6.221690
0.256200	1.026450
0.256300	-1.335020
0.256400	1.498750
0.256500	0.554158
0.256600	0.554158
0.256700	0.554158
0.256800	-2.751900
0.256900	2.443330
0.257000	8.110860
0.257100	8.110860
0.257200	2.443330
0.257300	1.498750
0.257400	4.332510
0.257500	4.332510
0.257600	-1.335020
0.257700	-1.335020
0.257800	-0.390430
0.257900	-1.335020
0.258000	-1.335020
0.258100	0.554158
0.258200	4.332510
0.258300	0.554158
0.258400	0.554158
0.258500	0.554158
0.258600	-3.224190
0.258700	-5.585660
0.258800	4.332510
0.258900	4.804800
0.259000	4.332510
0.259100	1.498750
0.259200	-3.224190
0.259300	-4.168780
0.259400	0.554158
0.259500	4.332510
0.259600	4.332510
0.259700	-1.335020
0.259800	-3.224190
0.259900	-2.279610
0.260000	-5.113370
0.260100	-1.335020
0.260200	4.332510
0.260300	6.221690
0.260400	0.554158
0.260500	2.443330
0.260600	1.498750
0.260700	-2.279610
0.260800	0.554158
0.260900	-1.335020
0.261000	-4.168780
0.261100	-5.113370
0.261200	0.554158
0.261300	-4.168780
0.261400	-0.862724
0.261500	-0.862724
0.261600	0.554158
0.261700	-3.224190
0.261800	0.554158
0.261900	2.443330
0.262000	-1.335020
0.262100	-0.390430
0.262200	-1.335020
0.262300	0.554158
0.262400	0.554158
0.262500	0.554158
0.262600	-1.335020
0.262700	-7.002550
0.262800	-7.002550
0.262900	1.498750
0.263000	-0.390430
0.263100	-3.224190
0.263200	-1.335020
0.263300	2.443330
0.263400	2.443330
0.263500	0.554158
0.263600	-3.224190
0.263700	0.554158
0.263800	1.971040
0.263900	0.554158
0.264000	2.443330
0.264100	4.332510
0.264200	2.915630
0.264300	-0.862724
0.264400	-3.224190
0.264500	-5.113370
0.264600	2.915630
0.264700	0.554158
0.264800	1.498750
0.264900	0.554158
0.265000	2.443330
0.265100	1.498750
0.265200	-1.335020
0.265300	-2.279610
0.265400	-1.335020
0.265500	-0.390430
0.265600	-3.224190
0.265700	-1.335020
0.265800	-5.113370
0.265900	-3.224190
0.266000	0.554158
0.266100	2.443330
0.266200	1.498750
0.266300	0.554158
0.266400	0.554158
0.266500	4.332510
0.266600	-1.335020
0.266700	-3.224190
0.266800	0.554158
0.266900	-0.862724
0.267000	-0.862724
0.267100	-6.057960
0.267200	-2.751900
0.267300	-4.641080
0.267400	1.498750
0.267500	0.554158
0.267600	2.443330
0.267700	5.277100
0.267800	2.443330
0.267900	-0.390430
0.268000	-3.224190
0.268100	-5.113370
0.268200	-5.113370
0.268300	-2.279610
0.268400	1.971040
0.268500	1.026450
0.268600	-2.279610
0.268700	1.498750
0.268800	4.332510
0.268900	2.443330
0.269000	0.554158
0.269100	1.498750
0.269200	1.026450
0.269300	2.443330
0.269400	1.498750
0.269500	0.554158
0.269600	7.166270
0.269700	4.332510
0.269800	-1.335020
0.269900	-3.224190
0.270000	-3.224190
0.270100	0.554158
0.270200	0.554158
0.270300	0.554158
0.270400	0.554158
0.270500	-1.335020
0.270600	-1.335020
0.270700	-1.335020
0.270800	-1.335020
0.270900	4.332510
0.271000	0.554158
0.271100	0.554158
0.271200	1.498750
0.271300	-0.862724
0.271400	-3.224190
0.271500	-3.224190
0.271600	-3.224190
0.271700	0.554158
0.271800	-0.390430
0.271900	-2.279610
0.272000	-2.751900
0.272100	-1.335020
0.272200	0.554158
0.272300	0.554158
0.272400	0.554158
0.272500	2.443330
0.272600	4.332510
0.272700	-1.335020
0.272800	-3.224190
0.272900	-3.224190
0.273000	-1.335020
0.273100	0.554158
0.273200	-2.279610
0.273300	-1.335020
0.273400	-2.279610
0.273500	-9.364020
0.273600	-7.002550
0.273700	0.554158
0.273800	0.554158
0.273900	-1.335020
0.274000	0.554158
0.274100	4.332510
0.274200	0.554158
0.274300	-0.390430
0.274400	0.554158
0.274500	-0.390430
0.274600	0.554158
0.274700	4.332510
0.274800	0.554158
0.274900	-1.335020
0.275000	-1.335020
0.275100	-0.390430
0.275200	-1.335020
0.275300	0.554158
0.275400	0.554158
0.275500	-4.168780
0.275600	-2.279610
0.275700	2.443330
0.275800	4.332510
0.275900	1.498750
0.276000	-1.335020
0.276100	-1.335020
0.276200	-2.279610
0.276300	-1.335020
0.276400	-2.279610
0.276500	-3.224190
0.276600	0.554158
0.276700	-1.335020
0.276800	-2.751900
0.276900	-0.862724
0.277000	-7.002550
0.277100	-5.113370
0.277200	-5.113370
0.277300	0.554158
0.277400	-1.335020
0.277500	-2.279610
0.277600	-2.279610
0.277700	0.554158
0.277800	0.554158
0.277900	-3.224190
0.278000	-1.335020
0.278100	0.554158
0.278200	0.554158
0.278300	2.443330
0.278400	-0.390430
0.278500	-0.390430
0.278600	-3.224190
0.278700	-1.335020
0.278800	1.498750
0.278900	6.221690
0.279000	4.332510
0.279100	-4.168780
0.279200	-8.419430
0.279300	-1.335020
0.279400	4.332510
0.279500	2.443330
0.279600	1.498750
0.279700	-4.168780
0.279800	-5.113370
0.279900	-1.335020
0.280000	0.554158
0.280100	-0.390430
0.280200	4.332510
0.280300	2.443330
0.280400	4.332510
0.280500	0.554158
0.280600	4.332510
0.280700	2.443330
0.280800	-1.335020
0.280900	-2.279610
0.281000	0.554158
0.281100	1.498750
0.281200	-2.279610
0.281300	-4.168780
0.281400	-2.751900
0.281500	4.804800
0.281600	6.693980
0.281700	2.443330
0.281800	0.554158
0.281900	0.554158
0.282000	0.554158
0.282100	-2.751900
0.282200	-1.335020
0.282300	0.554158
0.282400	4.332510
0.282500	6.221690
0.282600	2.443330
0.282700	-1.335020
0.282800	4.332510
0.282900	7.166270
0.283000	4.332510
0.283100	0.554158
0.283200	0.554158
0.283300	0.554158
0.283400	0.554158
0.283500	0.554158
0.283600	0.554158
0.283700	-2.279610
0.283800	-2.279610
0.283900	-0.390430
0.284000	0.554158
0.284100	2.443330
0.284200	0.554158
0.284300	-6.530250
0.284400	-7.002550
0.284500	-1.335020
0.284600	0.554158
0.284700	0.554158
0.284800	1.498750
0.284900	0.554158
0.285000	-5.113370
0.285100	-9.836310
0.285200	-7.002550
0.285300	2.443330
0.285400	1.498750
0.285500	0.554158
0.285600	4.332510
0.285700	1.498750
0.285800	-5.113370
0.285900	-5.113370
0.286000	0.554158
0.286100	1.026450
0.286200	-0.390430
0.286300	-2.279610
0.286400	-3.224190
0.286500	-3.224190
0.286600	0.554158
0.286700	0.554158
0.286800	-0.862724
0.286900	0.554158
0.287000	0.554158
0.287100	0.554158
0.287200	-6.057960
0.287300	-6.057960
0.287400	-2.279610
0.287500	2.443330
0.287600	1.498750
0.287700	0.554158
0.287800	0.554158
0.287900	0.554158
0.288000	-1.335020
0.288100	-0.862724
0.288200	0.554158
0.288300	-1.335020
0.288400	0.554158
0.288500	-2.751900
0.288600	-5.113370
0.288700	-7.002550
0.288800	-5.113370
0.288900	-3.224190
0.289000	1.026450
0.289100	0.554158
0.289200	-3.224190
0.289300	-3.224190
0.289400	0.554158
0.289500	4.332510
0.289600	0.554158
0.289700	-3.224190
0.289800	-3.224190
0.289900	0.554158
0.290000	0.554158
0.290100	-2.279610
0.290200	-4.168780
0.290300	-5.113370
0.290400	-6.057960
0.290500	-4.641080
0.290600	-0.390430
0.290700	-3.224190
0.290800	-1.335020
0.290900	-2.279610
0.291000	-3.224190
0.291100	-3.224190
0.291200	-2.279610
0.291300	-1.335020
0.291400	1.498750
0.291500	4.332510
0.291600	-1.335020
0.291700	-1.335020
0.291800	-2.279610
0.291900	-6.057960
0.292000	-3.224190
0.292100	-0.390430
0.292200	-1.335020
0.292300	-5.113370
0.292400	-4.168780
0.292500	0.554158
0.292600	1.498750
0.292700	0.554158
0.292800	-1.335020
0.292900	-6.057960
0.293000	-3.224190
0.293100	1.498750
0.293200	4.332510
0.293300	2.443330
0.293400	0.554158
0.293500	-2.751900
0.293600	-1.335020
0.293700	1.498750
0.293800	-1.335020
0.293900	-1.335020
0.294000	1.498750
0.294100	0.554158
0.294200	-6.057960
0.294300	-5.113370
0.294400	0.554158
0.294500	-2.279610
0.294600	-2.279610
0.294700	0.554158
0.294800	-2.751900
0.294900	-4.168780
0.295000	0.554158
0.295100	4.332510
0.295200	4.332510
0.295300	-1.335020
0.295400	-3.224190
0.295500	-1.335020
0.295600	0.554158
0.295700	0.554158
0.295800	0.554158
0.295900	-1.335020
0.296000	-1.335020
0.296100	-2.279610
0.296200	0.554158
0.296300	0.554158
0.296400	1.498750
0.296500	4.332510
0.296600	4.332510
0.296700	5.277100
0.296800	4.332510
0.296900	1.498750
0.297000	-6.057960
0.297100	0.554158
0.297200	1.498750
0.297300	2.443330
0.297400	4.332510
0.297500	0.554158
0.297600	-1.335020
0.297700	0.554158
0.297800	0.554158
0.297900	-5.113370
0.298000	-8.891720
0.298100	-7.002550
0.298200	0.554158
0.298300	1.498750
0.298400	-3.224190
0.298500	-1.335020
0.298600	-0.390430
0.298700	-1.335020
0.298800	-0.390430
0.298900	0.554158
0.299000	-2.751900
0.299100	-1.335020
0.299200	-2.279610
0.299300	0.554158
0.299400	2.443330
0.299500	2.443330
0.299600	0.554158
0.299700	2.443330
0.299800	2.443330
0.299900	0.554158
