-0.050000	-1.339570
-0.049900	-2.319750
-0.049800	1.600950
-0.049700	1.600950
-0.049600	-2.319750
-0.049500	-0.359397
-0.049400	0.130690
-0.049300	5.521650
-0.049200	-5.260270
-0.049100	-4.280090
-0.049000	-0.359397
-0.048900	2.581120
-0.048800	2.091040
-0.048700	-3.299920
-0.048600	0.130690
-0.048500	3.561300
-0.048400	-0.359397
-0.048300	-6.240440
-0.048200	-0.359397
-0.048100	3.561300
-0.048000	-3.790010
-0.047900	-2.319750
-0.047800	0.620777
-0.047700	-3.299920
-0.047600	-6.240440
-0.047500	-0.359397
-0.047400	-0.359397
-0.047300	-2.319750
-0.047200	-4.280090
-0.047100	-0.359397
-0.047000	-3.299920
-0.046900	-5.260270
-0.046800	-10.161100
-0.046700	-3.790010
-0.046600	7.481990
-0.046500	1.600950
-0.046400	-0.359397
-0.046300	-0.359397
-0.046200	1.600950
-0.046100	-1.339570
-0.046000	-2.319750
-0.045900	-4.280090
-0.045800	-0.359397
-0.045700	1.600950
-0.045600	-3.299920
-0.045500	-0.359397
-0.045400	5.521650
-0.045300	0.130690
-0.045200	-2.319750
-0.045100	-0.359397
-0.045000	-6.240440
-0.044900	-4.280090
-0.044800	-2.319750
-0.044700	-2.319750
-0.044600	-0.359397
-0.044500	4.541470
-0.044400	4.541470
-0.044300	1.600950
-0.044200	-2.319750
-0.044100	-2.319750
-0.044000	-0.359397
-0.043900	1.600950
-0.043800	-0.359397
-0.043700	-0.359397
-0.043600	7.481990
-0.043500	3.561300
-0.043400	-2.319750
-0.043300	1.600950
-0.043200	-2.319750
-0.043100	-6.240440
-0.043000	-2.319750
-0.042900	4.541470
-0.042800	1.600950
-0.042700	-4.280090
-0.042600	-1.339570
-0.042500	-0.359397
-0.042400	-3.299920
-0.042300	-4.280090
-0.042200	0.620777
-0.042100	4.051390
-0.042000	-0.359397
-0.041900	-4.280090
-0.041800	-1.829660
-0.041700	4.541470
-0.041600	1.600950
-0.041500	0.620777
-0.041400	-0.359397
-0.041300	-0.359397
-0.041200	-1.339570
-0.041100	-1.339570
-0.041000	0.620777
-0.040900	0.620777
-0.040800	0.620777
-0.040700	-1.339570
-0.040600	-3.299920
-0.040500	0.620777
-0.040400	-2.319750
-0.040300	-4.280090
-0.040200	-4.280090
-0.040100	1.600950
-0.040000	3.561300
-0.039900	4.051390
-0.039800	-0.359397
-0.039700	-3.299920
-0.039600	4.541470
-0.039500	3.561300
-0.039400	1.600950
-0.039300	7.481990
-0.039200	0.620777
-0.039100	-4.280090
-0.039000	3.561300
-0.038900	4.541470
-0.038800	-1.829660
-0.038700	-7.220620
-0.038600	-0.359397
-0.038500	0.620777
-0.038400	-4.280090
-0.038300	-8.200790
-0.038200	-0.359397
-0.038100	-0.359397
-0.038000	2.581120
-0.037900	1.600950
-0.037800	-2.319750
-0.037700	2.581120
-0.037600	-2.319750
-0.037500	-3.299920
-0.037400	-2.319750
-0.037300	-5.260270
-0.037200	0.620777
-0.037100	-0.359397
-0.037000	2.581120
-0.036900	-0.359397
-0.036800	3.561300
-0.036700	3.561300
-0.036600	-0.359397
-0.036500	-3.790010
-0.036400	-3.299920
-0.036300	3.561300
-0.036200	3.561300
-0.036100	-0.359397
-0.036000	-0.359397
-0.035900	4.541470
-0.035800	6.501820
-0.035700	-4.280090
-0.035600	-1.339570
-0.035500	-2.319750
-0.035400	1.600950
-0.035300	3.561300
-0.035200	4.541470
-0.035100	-5.260270
-0.035000	-4.280090
-0.034900	1.600950
-0.034800	1.600950
-0.034700	-2.319750
-0.034600	-7.220620
-0.034500	-8.200790
-0.034400	-2.319750
-0.034300	1.600950
-0.034200	-1.829660
-0.034100	-2.319750
-0.034000	1.600950
-0.033900	-0.359397
-0.033800	-2.319750
-0.033700	-6.240440
-0.033600	-0.359397
-0.033500	-0.359397
-0.033400	1.600950
-0.033300	3.561300
-0.033200	-0.359397
-0.033100	-0.359397
-0.033000	-0.359397
-0.032900	-5.750350
-0.032800	-3.299920
-0.032700	0.620777
-0.032600	-0.359397
-0.032500	-2.319750
-0.032400	2.581120
-0.032300	1.600950
-0.032200	3.561300
-0.032100	2.581120
-0.032000	-3.299920
-0.031900	0.620777
-0.031800	-1.829660
-0.031700	-0.359397
-0.031600	-4.280090
-0.031500	3.561300
-0.031400	-0.359397
-0.031300	-6.240440
-0.031200	-0.359397
-0.031100	1.600950
-0.031000	-4.280090
-0.030900	0.620777
-0.030800	3.561300
-0.030700	0.620777
-0.030600	0.620777
-0.030500	-4.280090
-0.030400	1.600950
-0.030300	5.521650
-0.030200	1.600950
-0.030100	-2.319750
-0.030000	1.600950
-0.029900	-0.359397
-0.029800	1.600950
-0.029700	0.620777
-0.029600	4.541470
-0.029500	1.600950
-0.029400	2.581120
-0.029300	1.600950
-0.029200	-0.359397
-0.029100	-3.299920
-0.029000	-6.240440
-0.028900	-0.359397
-0.028800	0.620777
-0.028700	0.620777
-0.028600	3.561300
-0.028500	3.561300
-0.028400	-2.319750
-0.028300	-2.319750
-0.028200	2.581120
-0.028100	0.130690
-0.028000	-2.319750
-0.027900	3.561300
-0.027800	3.561300
-0.027700	-0.359397
-0.027600	1.600950
-0.027500	-3.299920
-0.027400	-1.339570
-0.027300	3.561300
-0.027200	-0.359397
-0.027100	-1.829660
-0.027000	-0.359397
-0.026900	3.561300
-0.026800	3.561300
-0.026700	-0.359397
-0.026600	0.620777
-0.026500	2.091040
-0.026400	9.442340
-0.026300	1.600950
-0.026200	0.620777
-0.026100	3.561300
-0.026000	1.600950
-0.025900	-0.359397
-0.025800	0.620777
-0.025700	1.600950
-0.025600	-3.299920
-0.025500	-2.319750
-0.025400	3.561300
-0.025300	1.600950
-0.025200	-4.280090
-0.025100	0.620777
-0.025000	3.561300
-0.024900	1.600950
-0.024800	2.091040
-0.024700	-3.299920
-0.024600	0.620777
-0.024500	7.481990
-0.024400	3.561300
-0.024300	-4.280090
-0.024200	-2.319750
-0.024100	1.600950
-0.024000	3.561300
-0.023900	1.600950
-0.023800	-0.359397
-0.023700	2.581120
-0.023600	-4.280090
-0.023500	-2.319750
-0.023400	-3.790010
-0.023300	3.561300
-0.023200	1.600950
-0.023100	0.620777
-0.023000	3.561300
-0.022900	4.541470
-0.022800	0.620777
-0.022700	-0.359397
-0.022600	1.600950
-0.022500	0.620777
-0.022400	-2.319750
-0.022300	0.130690
-0.022200	3.561300
-0.022100	4.541470
-0.022000	5.521650
-0.021900	1.600950
-0.021800	7.481990
-0.021700	7.481990
-0.021600	3.561300
-0.021500	11.402700
-0.021400	9.442340
-0.021300	2.581120
-0.021200	1.600950
-0.021100	5.521650
-0.021000	0.620777
-0.020900	-0.359397
-0.020800	-0.359397
-0.020700	-2.319750
-0.020600	1.600950
-0.020500	-1.339570
-0.020400	-2.319750
-0.020300	0.620777
-0.020200	-4.280090
-0.020100	-9.180960
-0.020000	-4.280090
-0.019900	2.581120
-0.019800	-0.359397
-0.019700	-1.829660
-0.019600	-0.359397
-0.019500	1.600950
-0.019400	3.561300
-0.019300	-2.319750
-0.019200	-0.359397
-0.019100	0.620777
-0.019000	1.600950
-0.018900	1.600950
-0.018800	4.541470
-0.018700	-0.359397
-0.018600	-2.319750
-0.018500	3.561300
-0.018400	3.561300
-0.018300	-4.280090
-0.018200	-4.280090
-0.018100	3.561300
-0.018000	-2.319750
-0.017900	-9.180960
-0.017800	-4.280090
-0.017700	1.600950
-0.017600	1.600950
-0.017500	0.620777
-0.017400	-1.339570
-0.017300	4.051390
-0.017200	-2.319750
-0.017100	-0.359397
-0.017000	-0.359397
-0.016900	-4.280090
-0.016800	-2.319750
-0.016700	1.600950
-0.016600	5.521650
-0.016500	3.561300
-0.016400	0.620777
-0.016300	1.600950
-0.016200	5.521650
-0.016100	5.521650
-0.016000	5.521650
-0.015900	-2.319750
-0.015800	3.561300
-0.015700	5.521650
-0.015600	1.600950
-0.015500	-2.319750
-0.015400	1.600950
-0.015300	-0.359397
-0.015200	-3.299920
-0.015100	-3.299920
-0.015000	-4.280090
-0.014900	-0.359397
-0.014800	3.561300
-0.014700	-6.730530
-0.014600	-8.200790
-0.014500	-4.280090
-0.014400	-3.299920
-0.014300	-4.280090
-0.014200	-3.299920
-0.014100	-4.280090
-0.014000	-4.280090
-0.013900	-3.299920
-0.013800	-0.359397
-0.013700	1.600950
-0.013600	-0.359397
-0.013500	-8.200790
-0.013400	-4.280090
-0.013300	3.561300
-0.013200	-2.319750
-0.013100	-8.200790
-0.013000	-0.849484
-0.012900	5.521650
-0.012800	0.620777
-0.012700	-6.240440
-0.012600	-2.319750
-0.012500	-0.359397
-0.012400	1.600950
-0.012300	-1.829660
-0.012200	-3.299920
-0.012100	2.581120
-0.012000	1.600950
-0.011900	-6.240440
-0.011800	-3.299920
-0.011700	0.620777
-0.011600	1.600950
-0.011500	-2.319750
-0.011400	-4.280090
-0.011300	-3.299920
-0.011200	-2.319750
-0.011100	-8.200790
-0.011000	-4.280090
-0.010900	1.600950
-0.010800	1.110860
-0.010700	-4.280090
-0.010600	-2.319750
-0.010500	1.600950
-0.010400	1.600950
-0.010300	3.561300
-0.010200	-0.359397
-0.010100	-3.299920
-0.010000	-5.260270
-0.009900	-6.240440
-0.009800	1.600950
-0.009700	2.581120
-0.009600	-4.280090
-0.009500	-7.220620
-0.009400	-3.299920
-0.009300	-4.280090
-0.009200	-2.319750
-0.009100	2.581120
-0.009000	0.620777
-0.008900	-5.260270
-0.008800	-2.319750
-0.008700	0.130690
-0.008600	2.581120
-0.008500	-2.319750
-0.008400	-4.280090
-0.008300	-2.319750
-0.008200	3.561300
-0.008100	-0.359397
-0.008000	-2.809830
-0.007900	-2.319750
-0.007800	3.561300
-0.007700	0.130690
-0.007600	0.620777
-0.007500	1.600950
-0.007400	0.620777
-0.007300	-4.280090
-0.007200	-0.359397
-0.007100	-5.260270
-0.007000	-8.200790
-0.006900	-4.280090
-0.006800	-0.359397
-0.006700	1.600950
-0.006600	-2.319750
-0.006500	-2.319750
-0.006400	0.620777
-0.006300	1.600950
-0.006200	-1.829660
-0.006100	2.581120
-0.006000	4.541470
-0.005900	3.561300
-0.005800	2.581120
-0.005700	0.620777
-0.005600	-2.319750
-0.005500	-2.319750
-0.005400	3.561300
-0.005300	1.600950
-0.005200	3.561300
-0.005100	-0.359397
-0.005000	-0.359397
-0.004900	1.600950
-0.004800	3.561300
-0.004700	1.600950
-0.004600	4.541470
-0.004500	3.561300
-0.004400	-2.319750
-0.004300	-4.280090
-0.004200	-7.220620
-0.004100	1.600950
-0.004000	-0.359397
-0.003900	3.561300
-0.003800	3.561300
-0.003700	-2.319750
-0.003600	-2.319750
-0.003500	-8.200790
-0.003400	-7.220620
-0.003300	-4.280090
-0.003200	-3.299920
-0.003100	-4.280090
-0.003000	7.481990
-0.002900	2.581120
-0.002800	-0.359397
-0.002700	3.561300
-0.002600	3.561300
-0.002500	1.600950
-0.002400	-0.359397
-0.002300	-2.319750
-0.002200	-3.299920
-0.002100	2.581120
-0.002000	5.521650
-0.001900	-0.359397
-0.001800	-4.280090
-0.001700	4.541470
-0.001600	7.481990
-0.001500	-2.319750
-0.001400	-0.359397
-0.001300	1.600950
-0.001200	1.600950
-0.001100	-1.339570
-0.001000	-2.319750
-0.000900	-0.359397
-0.000800	1.600950
-0.000700	-4.280090
-0.000600	-4.280090
-0.000500	1.600950
-0.000400	-2.319750
-0.000300	-5.260270
-0.000200	3.561300
-0.000100	-0.359397
0.000000	-3.299920
0.000100	1.110860
0.000200	-4.280090
0.000300	0.620777
0.000400	1.600950
0.000500	-0.359397
0.000600	-0.359397
0.000700	2.581120
0.000800	-1.339570
0.000900	-4.280090
0.001000	-3.299920
0.001100	3.561300
0.001200	3.561300
0.001300	-4.280090
0.001400	1.110860
0.001500	3.561300
0.001600	-4.280090
0.001700	-4.280090
0.001800	11.402700
0.001900	32.966499
0.002000	27.085501
0.002100	-19.962900
0.002200	-46.427601
0.002300	-32.705101
0.002400	-10.161100
0.002500	17.283701
0.002600	37.377300
0.002700	-6.730530
0.002800	-29.764601
0.002900	-9.180960
0.003000	15.323400
0.003100	-3.299920
0.003200	-38.586201
0.003300	-33.685299
0.003400	-3.299920
0.003500	3.561300
0.003600	-7.220620
0.003700	-11.141300
0.003800	-0.359397
0.003900	2.581120
0.004000	7.481990
0.004100	5.521650
0.004200	3.561300
0.004300	5.521650
0.004400	-0.359397
0.004500	-6.240440
0.004600	-4.280090
0.004700	3.561300
0.004800	7.481990
0.004900	13.363000
0.005000	16.303600
0.005100	-4.280090
0.005200	-7.220620
0.005300	9.442340
0.005400	0.620777
0.005500	-12.121500
0.005600	-13.101700
0.005700	-12.121500
0.005800	-8.200790
0.005900	-8.200790
0.006000	-9.671050
0.006100	-14.081800
0.006200	-19.962900
0.006300	-19.962900
0.006400	-27.804300
0.006500	-25.843901
0.006600	-23.883600
0.006700	-19.962900
0.006800	-18.982700
0.006900	-22.903400
0.007000	-18.982700
0.007100	-14.081800
0.007200	-8.200790
0.007300	-14.081800
0.007400	-27.804300
0.007500	-18.002501
0.007600	-14.081800
0.007700	-27.804300
0.007800	-23.883600
0.007900	-21.923201
0.008000	-18.002501
0.008100	-4.280090
0.008200	-6.240440
0.008300	-13.101700
0.008400	-10.161100
0.008500	-14.081800
0.008600	-17.512400
0.008700	-16.042200
0.008800	-12.121500
0.008900	-23.393499
0.009000	-9.180960
0.009100	1.600950
0.009200	-14.081800
0.009300	-17.022400
0.009400	-10.161100
0.009500	-25.843901
0.009600	-16.042200
0.009700	-4.280090
0.009800	-17.022400
0.009900	-14.081800
0.010000	-6.240440
0.010100	-19.962900
0.010200	-18.982700
0.010300	-30.744801
0.010400	-33.195202
0.010500	-26.824100
0.010600	-29.764601
0.010700	-20.943100
0.010800	-23.883600
0.010900	-12.121500
0.011000	-2.319750
0.011100	-5.750350
0.011200	-2.319750
0.011300	25.125099
0.011400	44.728600
0.011500	55.510502
0.011600	70.213097
0.011700	103.539001
0.011800	119.222000
0.011900	113.341003
0.012000	121.181999
0.012100	132.944000
0.012200	122.162003
0.012300	113.341003
0.012400	111.379997
0.012500	107.459999
0.012600	90.796799
0.012700	80.014900
0.012800	70.213097
0.012900	59.431198
0.013000	41.788101
0.013100	36.887199
0.013200	46.688999
0.013300	36.887199
0.013400	28.065599
0.013500	15.323400
0.013600	-2.319750
0.013700	-8.200790
0.013800	-10.161100
0.013900	3.561300
0.014000	4.541470
0.014100	0.620777
0.014200	11.402700
0.014300	6.501820
0.014400	-12.121500
0.014500	-27.804300
0.014600	-35.645699
0.014700	-33.685299
0.014800	-33.195202
0.014900	-22.903400
0.015000	-16.042200
0.015100	-7.220620
0.015200	-2.319750
0.015300	11.402700
0.015400	17.283701
0.015500	13.363000
0.015600	31.006201
0.015700	19.244101
0.015800	-10.161100
0.015900	-35.645699
0.016000	-60.640099
0.016100	-88.575104
0.016200	-108.179001
0.016300	-84.654404
0.016400	-59.169800
0.016500	-25.843901
0.016600	3.561300
0.016700	21.204399
0.016800	27.085501
0.016900	29.045799
0.017000	34.926899
0.017100	17.773800
0.017200	5.521650
0.017300	7.481990
0.017400	16.303600
0.017500	23.164801
0.017600	35.907001
0.017700	54.530300
0.017800	51.589802
0.017900	52.570000
0.018000	52.570000
0.018100	38.847599
0.018200	32.966499
0.018300	25.125099
0.018400	4.541470
0.018500	7.481990
0.018600	17.283701
0.018700	27.085501
0.018800	32.966499
0.018900	35.907001
0.019000	60.411400
0.019100	73.153702
0.019200	64.822197
0.019300	46.688999
0.019400	21.204399
0.019500	7.481990
0.019600	-12.121500
0.019700	-19.962900
0.019800	-14.081800
0.019900	-27.804300
0.020000	-24.863701
0.020100	-0.359397
0.020200	9.442340
0.020300	8.462170
0.020400	19.244101
0.020500	12.382900
0.020600	0.620777
0.020700	6.501820
0.020800	1.600950
0.020900	-6.240440
0.021000	31.006201
0.021100	42.768299
0.021200	5.521650
0.021300	21.204399
0.021400	58.451000
0.021500	44.728600
0.021600	1.600950
0.021700	-33.685299
0.021800	-35.645699
0.021900	-31.725000
0.022000	-14.081800
0.022100	-14.081800
0.022200	-21.923201
0.022300	-12.121500
0.022400	-4.280090
0.022500	-16.042200
0.022600	-11.141300
0.022700	17.283701
0.022800	32.966499
0.022900	29.045799
0.023000	31.006201
0.023100	25.125099
0.023200	14.343200
0.023300	13.363000
0.023400	17.283701
0.023500	9.442340
0.023600	17.283701
0.023700	28.065599
0.023800	25.125099
0.023900	23.164801
0.024000	26.105301
0.024100	33.946701
0.024200	56.490700
0.024300	70.213097
0.024400	70.703201
0.024500	76.094200
0.024600	88.836403
0.024700	87.856300
0.024800	52.570000
0.024900	39.337601
0.025000	36.887199
0.025100	23.164801
0.025200	15.323400
0.025300	30.025999
0.025400	28.065599
0.025500	18.263901
0.025600	21.204399
0.025700	27.085501
0.025800	19.244101
0.025900	3.561300
0.026000	-19.962900
0.026100	-29.764601
0.026200	-31.725000
0.026300	-37.605999
0.026400	-21.923201
0.026500	-8.200790
0.026600	-8.200790
0.026700	-3.299920
0.026800	-15.062000
0.026900	-16.042200
0.027000	-4.280090
0.027100	-0.359397
0.027200	4.541470
0.027300	3.561300
0.027400	-10.161100
0.027500	-14.081800
0.027600	-15.062000
0.027700	-19.962900
0.027800	-17.512400
0.027900	-2.319750
0.028000	24.145000
0.028100	25.125099
0.028200	22.184601
0.028300	25.125099
0.028400	24.145000
0.028500	46.688999
0.028600	105.499001
0.028700	129.024002
0.028800	107.949997
0.028900	78.054497
0.029000	60.411400
0.029100	48.649300
0.029200	60.901501
0.029300	74.133797
0.029400	87.856300
0.029500	79.034698
0.029600	74.133797
0.029700	81.975197
0.029800	74.133797
0.029900	64.332100
0.030000	56.490700
0.030100	45.708801
0.030200	50.609699
0.030300	33.456600
0.030400	15.323400
0.030500	12.382900
0.030600	11.402700
0.030700	21.694500
0.030800	20.714300
0.030900	15.323400
0.031000	2.091040
0.031100	-22.903400
0.031200	-42.506901
0.031300	-47.407700
0.031400	-31.234900
0.031500	-18.002501
0.031600	-21.923201
0.031700	-23.883600
0.031800	-25.843901
0.031900	-36.625801
0.032000	-30.744801
0.032100	-19.962900
0.032200	-12.121500
0.032300	-6.240440
0.032400	-5.260270
0.032500	-4.280090
0.032600	-16.042200
0.032700	-19.962900
0.032800	-29.764601
0.032900	-21.923201
0.033000	-18.982700
0.033100	-23.883600
0.033200	-16.042200
0.033300	-35.645699
0.033400	-61.130199
0.033500	-55.249100
0.033600	-39.566399
0.033700	-35.645699
0.033800	-27.804300
0.033900	-16.042200
0.034000	-20.943100
0.034100	-21.923201
0.034200	-16.042200
0.034300	-19.962900
0.034400	-27.804300
0.034500	-27.804300
0.034600	-37.605999
0.034700	-35.645699
0.034800	-39.566399
0.034900	-29.764601
0.035000	-21.923201
0.035100	-19.472799
0.035200	-19.962900
0.035300	-31.725000
0.035400	-46.917702
0.035500	-46.427601
0.035600	-46.427601
0.035700	-54.269001
0.035800	-46.917702
0.035900	-41.526699
0.036000	-45.447399
0.036100	-51.328400
0.036200	-54.269001
0.036300	-43.487099
0.036400	-31.725000
0.036500	-16.042200
0.036600	-20.943100
0.036700	-25.843901
0.036800	-29.764601
0.036900	-19.962900
0.037000	-15.552100
0.037100	-10.161100
0.037200	0.130690
0.037300	3.561300
0.037400	3.561300
0.037500	-7.220620
0.037600	-10.161100
0.037700	-13.101700
0.037800	-13.101700
0.037900	-12.121500
0.038000	-13.101700
0.038100	-6.240440
0.038200	-6.240440
0.038300	-9.180960
0.038400	-5.260270
0.038500	-7.220620
0.038600	-12.121500
0.038700	-6.730530
0.038800	-1.339570
0.038900	0.620777
0.039000	2.091040
0.039100	3.561300
0.039200	4.051390
0.039300	0.620777
0.039400	9.442340
0.039500	9.442340
0.039600	9.442340
0.039700	20.224300
0.039800	23.164801
0.039900	23.164801
0.040000	31.986300
0.040100	31.006201
0.040200	33.946701
0.040300	34.926899
0.040400	29.045799
0.040500	22.184601
0.040600	21.204399
0.040700	23.164801
0.040800	20.224300
0.040900	27.085501
0.041000	41.298000
0.041100	38.847599
0.041200	29.045799
0.041300	27.085501
0.041400	29.045799
0.041500	31.006201
0.041600	27.085501
0.041700	19.244101
0.041800	21.204399
0.041900	20.224300
0.042000	9.442340
0.042100	5.521650
0.042200	1.600950
0.042300	0.620777
0.042400	4.541470
0.042500	2.581120
0.042600	-6.240440
0.042700	-11.141300
0.042800	-15.062000
0.042900	-4.280090
0.043000	-10.161100
0.043100	-9.671050
0.043200	2.581120
0.043300	1.600950
0.043400	-4.280090
0.043500	-11.141300
0.043600	-15.062000
0.043700	-8.200790
0.043800	-4.280090
0.043900	-2.319750
0.044000	-3.790010
0.044100	-9.671050
0.044200	-15.062000
0.044300	-22.903400
0.044400	-22.903400
0.044500	-10.161100
0.044600	-8.200790
0.044700	-12.121500
0.044800	-5.260270
0.044900	-0.359397
0.045000	4.541470
0.045100	9.442340
0.045200	18.263901
0.045300	21.204399
0.045400	21.204399
0.045500	22.184601
0.045600	13.363000
0.045700	12.382900
0.045800	3.561300
0.045900	3.561300
0.046000	11.402700
0.046100	11.402700
0.046200	19.244101
0.046300	19.244101
0.046400	11.402700
0.046500	8.462170
0.046600	1.600950
0.046700	3.561300
0.046800	9.442340
0.046900	9.442340
0.047000	6.501820
0.047100	1.600950
0.047200	1.600950
0.047300	7.481990
0.047400	18.263901
0.047500	25.125099
0.047600	29.045799
0.047700	31.986300
0.047800	23.164801
0.047900	22.184601
0.048000	29.045799
0.048100	27.085501
0.048200	20.224300
0.048300	15.323400
0.048400	1.600950
0.048500	-23.883600
0.048600	-68.971603
0.048700	-19.962900
0.048800	28.065599
0.048900	-2.319750
0.049000	-4.280090
0.049100	-4.280090
0.049200	-16.042200
0.049300	-10.161100
0.049400	-7.710700
0.049500	-16.042200
0.049600	-11.631400
0.049700	-14.081800
0.049800	-18.002501
0.049900	3.561300
0.050000	3.561300
0.050100	-10.161100
0.050200	-10.161100
0.050300	0.620777
0.050400	-7.220620
0.050500	-10.161100
0.050600	-14.081800
0.050700	-14.081800
0.050800	-18.002501
0.050900	-16.042200
0.051000	-6.240440
0.051100	-4.280090
0.051200	-5.260270
0.051300	-8.200790
0.051400	-8.200790
0.051500	-8.200790
0.051600	-4.280090
0.051700	-6.240440
0.051800	-6.240440
0.051900	-6.240440
0.052000	-5.260270
0.052100	-6.240440
0.052200	-2.319750
0.052300	-0.359397
0.052400	-7.220620
0.052500	-0.359397
0.052600	2.581120
0.052700	5.521650
0.052800	-0.359397
0.052900	-12.121500
0.053000	-18.982700
0.053100	-18.002501
0.053200	-12.121500
0.053300	-12.121500
0.053400	-9.180960
0.053500	-12.121500
0.053600	-12.121500
0.053700	-11.141300
0.053800	-14.081800
0.053900	-12.121500
0.054000	-14.081800
0.054100	-12.121500
0.054200	-4.280090
0.054300	-3.299920
0.054400	0.620777
0.054500	3.561300
0.054600	5.521650
0.054700	5.521650
0.054800	-3.299920
0.054900	-22.903400
0.055000	-12.121500
0.055100	13.363000
0.055200	23.164801
0.055300	11.402700
0.055400	1.600950
0.055500	3.561300
0.055600	1.600950
0.055700	-6.240440
0.055800	-6.240440
0.055900	1.600950
0.056000	-7.220620
0.056100	-6.240440
0.056200	-4.280090
0.056300	-15.062000
0.056400	-26.334000
0.056500	-27.804300
0.056600	-26.824100
0.056700	-21.923201
0.056800	-23.883600
0.056900	-19.962900
0.057000	-14.081800
0.057100	-14.081800
0.057200	-2.319750
0.057300	3.561300
0.057400	3.561300
0.057500	12.382900
0.057600	9.442340
0.057700	7.481990
0.057800	8.462170
0.057900	1.600950
0.058000	2.581120
0.058100	-0.359397
0.058200	-0.359397
0.058300	11.402700
0.058400	15.323400
0.058500	12.382900
0.058600	11.402700
0.058700	11.402700
0.058800	17.283701
0.058900	17.283701
0.059000	18.263901
0.059100	20.224300
0.059200	13.363000
0.059300	12.382900
0.059400	12.382900
0.059500	4.541470
0.059600	1.600950
0.059700	3.561300
0.059800	5.521650
0.059900	9.442340
0.060000	9.442340
0.060100	5.521650
0.060200	0.620777
0.060300	-9.180960
0.060400	-0.359397
0.060500	-7.220620
0.060600	-13.101700
0.060700	-12.121500
0.060800	-19.962900
0.060900	-21.923201
0.061000	-19.962900
0.061100	-20.943100
0.061200	-18.002501
0.061300	-18.002501
0.061400	-15.062000
0.061500	-12.121500
0.061600	-16.042200
0.061700	-16.042200
0.061800	-12.121500
0.061900	-14.081800
0.062000	-12.121500
0.062100	-4.280090
0.062200	-6.240440
0.062300	-7.220620
0.062400	-3.299920
0.062500	-0.359397
0.062600	-6.240440
0.062700	-7.220620
0.062800	-4.280090
0.062900	-10.161100
0.063000	-17.022400
0.063100	-13.101700
0.063200	-14.081800
0.063300	-18.982700
0.063400	-16.042200
0.063500	-20.943100
0.063600	-25.843901
0.063700	-20.943100
0.063800	-19.962900
0.063900	-21.923201
0.064000	-18.982700
0.064100	-21.923201
0.064200	-27.804300
0.064300	-20.943100
0.064400	-15.062000
0.064500	-16.042200
0.064600	-22.903400
0.064700	-21.923201
0.064800	-18.982700
0.064900	-14.081800
0.065000	-16.042200
0.065100	-21.923201
0.065200	-18.982700
0.065300	-18.002501
0.065400	-21.923201
0.065500	-23.393499
0.065600	-19.962900
0.065700	-12.121500
0.065800	-15.062000
0.065900	-15.552100
0.066000	-14.081800
0.066100	-8.200790
0.066200	-12.121500
0.066300	-15.062000
0.066400	-10.161100
0.066500	-12.121500
0.066600	-12.121500
0.066700	-14.081800
0.066800	-18.982700
0.066900	-13.591700
0.067000	-10.161100
0.067100	-15.062000
0.067200	-14.081800
0.067300	-10.161100
0.067400	-13.101700
0.067500	-17.022400
0.067600	-18.982700
0.067700	-21.923201
0.067800	-22.903400
0.067900	-14.081800
0.068000	-19.962900
0.068100	-15.062000
0.068200	-7.710700
0.068300	-16.042200
0.068400	-18.002501
0.068500	-19.962900
0.068600	-23.883600
0.068700	-20.943100
0.068800	-14.081800
0.068900	-14.081800
0.069000	-16.042200
0.069100	-16.042200
0.069200	-21.923201
0.069300	-19.962900
0.069400	-19.962900
0.069500	-25.843901
0.069600	-20.943100
0.069700	-22.903400
0.069800	-25.843901
0.069900	-21.433100
0.070000	-24.863701
0.070100	-25.843901
0.070200	-19.962900
0.070300	-21.923201
0.070400	-16.042200
0.070500	-15.062000
0.070600	-21.923201
0.070700	-16.042200
0.070800	-16.042200
0.070900	-18.982700
0.071000	-19.962900
0.071100	-15.062000
0.071200	-7.220620
0.071300	-11.141300
0.071400	-12.121500
0.071500	-12.121500
0.071600	-12.611600
0.071700	-12.121500
0.071800	-9.671050
0.071900	-12.121500
0.072000	-15.062000
0.072100	-11.141300
0.072200	-15.062000
0.072300	-12.121500
0.072400	-12.121500
0.072500	-12.121500
0.072600	-17.022400
0.072700	-2.319750
0.072800	-0.359397
0.072900	-4.280090
0.073000	-10.161100
0.073100	-7.220620
0.073200	-4.280090
0.073300	-0.359397
0.073400	-2.319750
0.073500	4.051390
0.073600	1.600950
0.073700	1.600950
0.073800	3.561300
0.073900	-2.319750
0.074000	3.561300
0.074100	16.303600
0.074200	9.442340
0.074300	8.462170
0.074400	13.363000
0.074500	11.402700
0.074600	10.422500
0.074700	12.382900
0.074800	9.442340
0.074900	5.521650
0.075000	11.402700
0.075100	11.402700
0.075200	7.481990
0.075300	10.422500
0.075400	8.462170
0.075500	8.462170
0.075600	10.422500
0.075700	11.402700
0.075800	12.382900
0.075900	9.932430
0.076000	3.561300
0.076100	6.011730
0.076200	3.561300
0.076300	-2.319750
0.076400	1.600950
0.076500	1.600950
0.076600	-0.359397
0.076700	-2.319750
0.076800	-3.790010
0.076900	2.581120
0.077000	3.561300
0.077100	-3.299920
0.077200	2.581120
0.077300	7.481990
0.077400	-2.319750
0.077500	3.561300
0.077600	10.422500
0.077700	4.541470
0.077800	7.481990
0.077900	9.442340
0.078000	3.561300
0.078100	3.561300
0.078200	7.481990
0.078300	7.481990
0.078400	7.481990
0.078500	9.442340
0.078600	9.442340
0.078700	4.541470
0.078800	10.422500
0.078900	9.442340
0.079000	11.402700
0.079100	12.873000
0.079200	16.303600
0.079300	11.402700
0.079400	11.402700
0.079500	19.244101
0.079600	17.283701
0.079700	11.402700
0.079800	23.164801
0.079900	19.244101
0.080000	11.402700
0.080100	12.873000
0.080200	16.303600
0.080300	15.323400
0.080400	13.363000
0.080500	14.343200
0.080600	7.481990
0.080700	12.382900
0.080800	3.561300
0.080900	5.521650
0.081000	5.521650
0.081100	7.481990
0.081200	4.541470
0.081300	5.521650
0.081400	4.541470
0.081500	7.481990
0.081600	3.561300
0.081700	9.442340
0.081800	7.481990
0.081900	6.011730
0.082000	5.521650
0.082100	1.600950
0.082200	3.561300
0.082300	4.541470
0.082400	8.462170
0.082500	0.620777
0.082600	-2.319750
0.082700	-1.339570
0.082800	-4.280090
0.082900	-2.319750
0.083000	-2.319750
0.083100	1.600950
0.083200	4.541470
0.083300	0.130690
0.083400	0.130690
0.083500	3.561300
0.083600	0.620777
0.083700	-0.359397
0.083800	5.521650
0.083900	8.462170
0.084000	5.521650
0.084100	6.501820
0.084200	3.561300
0.084300	4.541470
0.084400	11.402700
0.084500	13.363000
0.084600	7.481990
0.084700	1.600950
0.084800	3.561300
0.084900	1.600950
0.085000	-5.260270
0.085100	-0.359397
0.085200	1.600950
0.085300	-6.240440
0.085400	-4.280090
0.085500	4.541470
0.085600	1.600950
0.085700	1.600950
0.085800	3.561300
0.085900	1.600950
0.086000	1.600950
0.086100	3.561300
0.086200	2.581120
0.086300	3.561300
0.086400	9.442340
0.086500	5.521650
0.086600	3.561300
0.086700	-4.280090
0.086800	1.600950
0.086900	-2.319750
0.087000	-4.280090
0.087100	-0.359397
0.087200	-7.220620
0.087300	-5.750350
0.087400	-1.339570
0.087500	0.620777
0.087600	-0.359397
0.087700	1.600950
0.087800	-4.280090
0.087900	0.620777
0.088000	0.620777
0.088100	-4.280090
0.088200	1.600950
0.088300	-0.359397
0.088400	-2.319750
0.088500	-3.299920
0.088600	-8.200790
0.088700	-3.299920
0.088800	-0.359397
0.088900	3.561300
0.089000	0.620777
0.089100	-0.359397
0.089200	-2.319750
0.089300	0.620777
0.089400	-4.280090
0.089500	-2.319750
0.089600	-4.280090
0.089700	-2.319750
0.089800	3.561300
0.089900	5.521650
0.090000	-1.339570
0.090100	0.620777
0.090200	3.561300
0.090300	-0.359397
0.090400	1.600950
0.090500	-2.319750
0.090600	-0.359397
0.090700	1.600950
0.090800	-2.319750
0.090900	0.130690
0.091000	3.561300
0.091100	-0.359397
0.091200	-7.220620
0.091300	-0.359397
0.091400	3.561300
0.091500	1.600950
0.091600	1.600950
0.091700	2.581120
0.091800	8.462170
0.091900	3.561300
0.092000	1.600950
0.092100	1.600950
0.092200	0.620777
0.092300	2.581120
0.092400	5.521650
0.092500	-5.260270
0.092600	-8.200790
0.092700	-2.319750
0.092800	4.541470
0.092900	1.600950
0.093000	-1.829660
0.093100	1.600950
0.093200	2.581120
0.093300	-2.319750
0.093400	-4.280090
0.093500	-2.319750
0.093600	-0.359397
0.093700	1.600950
0.093800	-0.359397
0.093900	-0.359397
0.094000	3.561300
0.094100	-0.359397
0.094200	-3.299920
0.094300	-6.240440
0.094400	-3.299920
0.094500	3.561300
0.094600	0.620777
0.094700	-6.240440
0.094800	-1.339570
0.094900	1.600950
0.095000	-8.200790
0.095100	-0.359397
0.095200	1.600950
0.095300	-1.829660
0.095400	-3.299920
0.095500	-6.240440
0.095600	-2.319750
0.095700	-8.200790
0.095800	-12.121500
0.095900	-0.359397
0.096000	-1.829660
0.096100	-10.161100
0.096200	-10.161100
0.096300	-7.710700
0.096400	-14.081800
0.096500	-10.161100
0.096600	-8.200790
0.096700	-7.220620
0.096800	-11.141300
0.096900	-12.121500
0.097000	-13.591700
0.097100	-14.081800
0.097200	-10.161100
0.097300	-3.299920
0.097400	-5.260270
0.097500	-10.161100
0.097600	-7.220620
0.097700	-6.240440
0.097800	-12.121500
0.097900	-11.141300
0.098000	-4.280090
0.098100	-10.651200
0.098200	-8.200790
0.098300	-6.240440
0.098400	-7.220620
0.098500	-10.161100
0.098600	-8.200790
0.098700	-12.121500
0.098800	-14.081800
0.098900	-11.141300
0.099000	-4.280090
0.099100	-13.101700
0.099200	-16.042200
0.099300	-11.141300
0.099400	-12.121500
0.099500	-18.002501
0.099600	-8.200790
0.099700	-8.200790
0.099800	-12.121500
0.099900	-18.002501
0.100000	-11.141300
0.100100	-10.161100
0.100200	-6.240440
0.100300	-4.280090
0.100400	-5.260270
0.100500	1.600950
0.100600	-2.319750
0.100700	-8.200790
0.100800	-10.161100
0.100900	-11.141300
0.101000	-4.280090
0.101100	-6.240440
0.101200	-6.240440
0.101300	-2.319750
0.101400	-3.299920
0.101500	-3.299920
0.101600	0.620777
0.101700	-11.141300
0.101800	-8.200790
0.101900	-10.161100
0.102000	-18.002501
0.102100	-12.121500
0.102200	-6.240440
0.102300	-16.042200
0.102400	-14.081800
0.102500	-11.141300
0.102600	-19.962900
0.102700	-11.631400
0.102800	-8.200790
0.102900	-6.240440
0.103000	-12.121500
0.103100	-7.710700
0.103200	-4.280090
0.103300	-11.141300
0.103400	-8.200790
0.103500	-0.359397
0.103600	-9.180960
0.103700	-12.121500
0.103800	-8.200790
0.103900	-8.200790
0.104000	-5.260270
0.104100	-0.359397
0.104200	-6.240440
0.104300	-3.299920
0.104400	-6.240440
0.104500	-5.260270
0.104600	-4.280090
0.104700	-0.359397
0.104800	-0.359397
0.104900	5.521650
0.105000	9.442340
0.105100	-1.339570
0.105200	1.600950
0.105300	-1.339570
0.105400	0.620777
0.105500	-1.339570
0.105600	-0.359397
0.105700	3.561300
0.105800	1.600950
0.105900	-7.220620
0.106000	2.581120
0.106100	-2.319750
0.106200	1.600950
0.106300	11.402700
0.106400	2.581120
0.106500	-4.280090
0.106600	4.541470
0.106700	5.521650
0.106800	-0.849484
0.106900	-1.339570
0.107000	-2.319750
0.107100	-0.359397
0.107200	0.620777
0.107300	5.521650
0.107400	2.581120
0.107500	9.442340
0.107600	7.972080
0.107700	-0.359397
0.107800	1.600950
0.107900	3.561300
0.108000	1.600950
0.108100	8.462170
0.108200	5.521650
0.108300	4.541470
0.108400	11.402700
0.108500	13.363000
0.108600	3.561300
0.108700	1.600950
0.108800	10.422500
0.108900	11.402700
0.109000	3.561300
0.109100	10.422500
0.109200	5.521650
0.109300	3.561300
0.109400	8.462170
0.109500	14.343200
0.109600	11.402700
0.109700	13.363000
0.109800	8.462170
0.109900	6.011730
0.110000	15.323400
0.110100	13.363000
0.110200	7.481990
0.110300	12.382900
0.110400	13.363000
0.110500	11.892800
0.110600	13.363000
0.110700	15.323400
0.110800	11.402700
0.110900	13.363000
0.111000	9.442340
0.111100	11.402700
0.111200	13.853100
0.111300	15.323400
0.111400	11.402700
0.111500	12.382900
0.111600	13.363000
0.111700	13.363000
0.111800	14.343200
0.111900	9.442340
0.112000	9.442340
0.112100	13.363000
0.112200	7.481990
0.112300	8.462170
0.112400	9.932430
0.112500	7.481990
0.112600	9.442340
0.112700	7.481990
0.112800	7.481990
0.112900	8.462170
0.113000	11.402700
0.113100	7.481990
0.113200	5.521650
0.113300	12.382900
0.113400	9.442340
0.113500	10.422500
0.113600	15.323400
0.113700	8.462170
0.113800	11.402700
0.113900	9.442340
0.114000	-1.829660
0.114100	7.481990
0.114200	11.402700
0.114300	3.561300
0.114400	7.481990
0.114500	4.541470
0.114600	-1.339570
0.114700	-0.359397
0.114800	4.541470
0.114900	3.561300
0.115000	3.561300
0.115100	11.402700
0.115200	7.481990
0.115300	-1.339570
0.115400	2.581120
0.115500	9.442340
0.115600	5.031560
0.115700	11.402700
0.115800	11.402700
0.115900	-1.339570
0.116000	3.561300
0.116100	15.323400
0.116200	7.481990
0.116300	4.541470
0.116400	11.402700
0.116500	8.462170
0.116600	5.521650
0.116700	5.521650
0.116800	5.521650
0.116900	1.600950
0.117000	3.561300
0.117100	7.481990
0.117200	-0.359397
0.117300	3.561300
0.117400	3.561300
0.117500	-4.280090
0.117600	3.561300
0.117700	3.561300
0.117800	-2.809830
0.117900	3.561300
0.118000	0.620777
0.118100	-3.790010
0.118200	4.541470
0.118300	5.521650
0.118400	0.620777
0.118500	-7.220620
0.118600	-0.359397
0.118700	5.521650
0.118800	-1.339570
0.118900	3.561300
0.119000	6.501820
0.119100	-3.299920
0.119200	3.561300
0.119300	11.402700
0.119400	2.581120
0.119500	-2.319750
0.119600	3.561300
0.119700	-0.359397
0.119800	1.600950
0.119900	-0.359397
0.120000	-0.359397
0.120100	-5.750350
0.120200	-2.319750
0.120300	0.620777
0.120400	-4.280090
0.120500	-5.750350
0.120600	-3.299920
0.120700	0.620777
0.120800	-2.319750
0.120900	-2.319750
0.121000	3.561300
0.121100	1.600950
0.121200	3.561300
0.121300	6.501820
0.121400	-2.319750
0.121500	-3.299920
0.121600	0.620777
0.121700	-2.319750
0.121800	-2.319750
0.121900	-2.319750
0.122000	1.600950
0.122100	-0.359397
0.122200	-4.280090
0.122300	1.600950
0.122400	1.600950
0.122500	-5.260270
0.122600	-4.280090
0.122700	-0.359397
0.122800	-2.319750
0.122900	-7.220620
0.123000	1.600950
0.123100	1.600950
0.123200	-6.240440
0.123300	-2.319750
0.123400	1.600950
0.123500	-2.319750
0.123600	3.561300
0.123700	3.561300
0.123800	-4.280090
0.123900	-1.339570
0.124000	-4.280090
0.124100	-5.260270
0.124200	-0.359397
0.124300	1.600950
0.124400	-4.280090
0.124500	-5.260270
0.124600	-3.299920
0.124700	-3.299920
0.124800	-2.319750
0.124900	1.600950
0.125000	-4.280090
0.125100	-10.161100
0.125200	0.620777
0.125300	-1.339570
0.125400	-2.319750
0.125500	-2.319750
0.125600	-1.339570
0.125700	-0.359397
0.125800	-4.280090
0.125900	-2.319750
0.126000	-0.359397
0.126100	-4.280090
0.126200	-3.299920
0.126300	7.481990
0.126400	1.600950
0.126500	3.561300
0.126600	3.561300
0.126700	-4.280090
0.126800	-8.200790
0.126900	-4.280090
0.127000	-3.790010
0.127100	-8.200790
0.127200	-2.319750
0.127300	-1.339570
0.127400	-12.121500
0.127500	-8.200790
0.127600	-12.121500
0.127700	-10.161100
0.127800	-4.280090
0.127900	-8.200790
0.128000	-12.121500
0.128100	-2.319750
0.128200	1.600950
0.128300	3.561300
0.128400	1.600950
0.128500	1.600950
0.128600	-3.299920
0.128700	-4.280090
0.128800	-0.359397
0.128900	-4.280090
0.129000	2.581120
0.129100	2.091040
0.129200	-3.299920
0.129300	-3.299920
0.129400	1.600950
0.129500	-4.280090
0.129600	-6.240440
0.129700	-3.299920
0.129800	0.620777
0.129900	5.521650
0.130000	6.501820
0.130100	3.561300
0.130200	0.130690
0.130300	3.561300
0.130400	3.561300
0.130500	3.561300
0.130600	7.481990
0.130700	7.481990
0.130800	3.561300
0.130900	2.091040
0.131000	6.501820
0.131100	0.620777
0.131200	-0.359397
0.131300	3.561300
0.131400	1.600950
0.131500	-1.829660
0.131600	6.501820
0.131700	9.442340
0.131800	2.091040
0.131900	5.521650
0.132000	5.521650
0.132100	5.521650
0.132200	5.031560
0.132300	7.481990
0.132400	3.561300
0.132500	2.581120
0.132600	7.481990
0.132700	7.481990
0.132800	6.501820
0.132900	-0.359397
0.133000	0.620777
0.133100	4.541470
0.133200	9.932430
0.133300	7.481990
0.133400	5.521650
0.133500	3.561300
0.133600	7.481990
0.133700	9.442340
0.133800	3.561300
0.133900	3.561300
0.134000	7.481990
0.134100	9.442340
0.134200	3.561300
0.134300	1.600950
0.134400	2.091040
0.134500	6.011730
0.134600	0.620777
0.134700	3.561300
0.134800	-0.359397
0.134900	0.130690
0.135000	3.561300
0.135100	0.620777
0.135200	1.600950
0.135300	1.600950
0.135400	0.620777
0.135500	3.561300
0.135600	1.600950
0.135700	-2.319750
0.135800	3.561300
0.135900	1.600950
0.136000	-2.319750
0.136100	7.481990
0.136200	1.600950
0.136300	-0.359397
0.136400	5.521650
0.136500	3.561300
0.136600	1.600950
0.136700	1.600950
0.136800	-0.359397
0.136900	0.620777
0.137000	-0.359397
0.137100	-1.829660
0.137200	5.521650
0.137300	4.541470
0.137400	-4.280090
0.137500	2.581120
0.137600	3.561300
0.137700	4.541470
0.137800	6.011730
0.137900	1.600950
0.138000	1.600950
0.138100	5.521650
0.138200	5.521650
0.138300	3.561300
0.138400	5.521650
0.138500	4.541470
0.138600	4.541470
0.138700	3.561300
0.138800	3.561300
0.138900	1.110860
0.139000	0.620777
0.139100	3.561300
0.139200	6.501820
0.139300	3.561300
0.139400	1.600950
0.139500	2.581120
0.139600	-2.809830
0.139700	0.620777
0.139800	6.501820
0.139900	0.130690
0.140000	-0.359397
0.140100	5.521650
0.140200	-1.339570
0.140300	-3.299920
0.140400	-0.359397
0.140500	-0.359397
0.140600	-2.319750
0.140700	-4.280090
0.140800	3.561300
0.140900	-5.750350
0.141000	-7.220620
0.141100	-2.319750
0.141200	-8.200790
0.141300	-4.280090
0.141400	2.581120
0.141500	-6.240440
0.141600	-6.240440
0.141700	-3.299920
0.141800	-3.299920
0.141900	-4.280090
0.142000	-2.319750
0.142100	-6.240440
0.142200	-6.240440
0.142300	-0.359397
0.142400	-7.710700
0.142500	-8.200790
0.142600	-3.299920
0.142700	3.561300
0.142800	-1.339570
0.142900	4.541470
0.143000	3.561300
0.143100	-7.220620
0.143200	-2.319750
0.143300	-3.299920
0.143400	-12.121500
0.143500	-4.280090
0.143600	1.600950
0.143700	-2.319750
0.143800	-6.240440
0.143900	-4.280090
0.144000	-8.200790
0.144100	-12.121500
0.144200	-3.299920
0.144300	-2.319750
0.144400	-4.280090
0.144500	-3.299920
0.144600	-4.280090
0.144700	-7.220620
0.144800	0.620777
0.144900	1.600950
0.145000	-4.280090
0.145100	-2.319750
0.145200	4.541470
0.145300	-4.280090
0.145400	0.620777
0.145500	4.541470
0.145600	-0.359397
0.145700	-4.280090
0.145800	-2.319750
0.145900	-2.319750
0.146000	3.561300
0.146100	3.561300
0.146200	2.581120
0.146300	2.581120
0.146400	-2.319750
0.146500	-0.359397
0.146600	0.130690
0.146700	1.600950
0.146800	2.581120
0.146900	1.600950
0.147000	-0.359397
0.147100	-2.319750
0.147200	-2.319750
0.147300	4.541470
0.147400	5.521650
0.147500	-2.319750
0.147600	-2.809830
0.147700	6.011730
0.147800	3.561300
0.147900	-4.280090
0.148000	0.620777
0.148100	-3.790010
0.148200	-0.359397
0.148300	5.521650
0.148400	0.620777
0.148500	-2.319750
0.148600	-6.240440
0.148700	-1.339570
0.148800	1.600950
0.148900	-1.339570
0.149000	0.620777
0.149100	0.620777
0.149200	1.110860
0.149300	4.541470
0.149400	-3.299920
0.149500	-3.299920
0.149600	5.521650
0.149700	-0.359397
0.149800	3.561300
0.149900	5.521650
0.150000	-3.299920
0.150100	3.561300
0.150200	3.561300
0.150300	1.600950
0.150400	-1.339570
0.150500	-0.359397
0.150600	7.481990
0.150700	5.521650
0.150800	3.561300
0.150900	4.541470
0.151000	2.581120
0.151100	3.561300
0.151200	1.600950
0.151300	6.501820
0.151400	5.521650
0.151500	9.932430
0.151600	7.481990
0.151700	3.561300
0.151800	3.561300
0.151900	7.481990
0.152000	7.481990
0.152100	7.972080
0.152200	10.422500
0.152300	-2.319750
0.152400	-0.359397
0.152500	1.600950
0.152600	-4.280090
0.152700	-3.299920
0.152800	0.620777
0.152900	3.561300
0.153000	2.091040
0.153100	5.521650
0.153200	-0.359397
0.153300	-2.319750
0.153400	1.600950
0.153500	0.620777
0.153600	-8.200790
0.153700	1.600950
0.153800	-4.280090
0.153900	-4.280090
0.154000	5.521650
0.154100	-1.339570
0.154200	-0.359397
0.154300	0.620777
0.154400	-1.339570
0.154500	0.620777
0.154600	-3.790010
0.154700	0.620777
0.154800	-4.280090
0.154900	-1.339570
0.155000	-0.359397
0.155100	7.481990
0.155200	9.442340
0.155300	3.561300
0.155400	-0.359397
0.155500	1.600950
0.155600	0.130690
0.155700	7.481990
0.155800	-0.359397
0.155900	-2.809830
0.156000	7.481990
0.156100	1.600950
0.156200	-4.280090
0.156300	3.561300
0.156400	3.561300
0.156500	-2.319750
0.156600	-0.359397
0.156700	3.561300
0.156800	-4.280090
0.156900	-2.319750
0.157000	-0.359397
0.157100	-4.280090
0.157200	-2.319750
0.157300	5.521650
0.157400	-0.359397
0.157500	3.561300
0.157600	-4.280090
0.157700	-6.240440
0.157800	-3.299920
0.157900	-4.280090
0.158000	-0.359397
0.158100	3.561300
0.158200	-2.319750
0.158300	-8.200790
0.158400	-0.359397
0.158500	-0.359397
0.158600	1.600950
0.158700	-0.359397
0.158800	-0.359397
0.158900	-0.359397
0.159000	-3.299920
0.159100	-3.790010
0.159200	-6.730530
0.159300	-1.829660
0.159400	-0.359397
0.159500	-1.339570
0.159600	-1.339570
0.159700	-0.359397
0.159800	-2.319750
0.159900	-2.319750
0.160000	-5.260270
0.160100	3.561300
0.160200	1.600950
0.160300	-4.280090
0.160400	1.600950
0.160500	4.541470
0.160600	4.541470
0.160700	1.600950
0.160800	-2.319750
0.160900	-5.260270
0.161000	2.581120
0.161100	-0.359397
0.161200	-8.200790
0.161300	3.561300
0.161400	-0.359397
0.161500	-6.240440
0.161600	-2.319750
0.161700	-1.339570
0.161800	-10.161100
0.161900	-8.200790
0.162000	-3.299920
0.162100	-4.280090
0.162200	-4.280090
0.162300	0.620777
0.162400	-6.240440
0.162500	-7.220620
0.162600	-2.319750
0.162700	-2.809830
0.162800	-8.200790
0.162900	-7.710700
0.163000	1.600950
0.163100	-4.280090
0.163200	-7.220620
0.163300	-4.280090
0.163400	-8.200790
0.163500	-8.200790
0.163600	0.620777
0.163700	-2.319750
0.163800	-4.280090
0.163900	-0.359397
0.164000	-0.359397
0.164100	-0.359397
0.164200	-0.359397
0.164300	-10.161100
0.164400	-4.280090
0.164500	4.051390
0.164600	-0.359397
0.164700	-4.280090
0.164800	-4.280090
0.164900	-2.319750
0.165000	-4.280090
0.165100	-0.359397
0.165200	1.600950
0.165300	-4.280090
0.165400	-3.299920
0.165500	-4.280090
0.165600	-7.710700
0.165700	-0.359397
0.165800	0.620777
0.165900	-2.809830
0.166000	1.600950
0.166100	-3.299920
0.166200	0.620777
0.166300	3.561300
0.166400	3.561300
0.166500	-3.299920
0.166600	-0.359397
0.166700	2.581120
0.166800	3.561300
0.166900	-5.260270
0.167000	-2.319750
0.167100	1.600950
0.167200	-4.280090
0.167300	-8.200790
0.167400	3.561300
0.167500	-0.359397
0.167600	-2.319750
0.167700	-0.359397
0.167800	-2.319750
0.167900	-0.359397
0.168000	4.541470
0.168100	0.130690
0.168200	0.620777
0.168300	3.561300
0.168400	4.051390
0.168500	5.521650
0.168600	-0.359397
0.168700	-3.299920
0.168800	-10.651200
0.168900	-2.319750
0.169000	3.561300
0.169100	-2.319750
0.169200	1.600950
0.169300	4.541470
0.169400	-1.829660
0.169500	-0.359397
0.169600	8.462170
0.169700	1.600950
0.169800	3.561300
0.169900	9.932430
0.170000	1.600950
0.170100	-0.359397
0.170200	1.600950
0.170300	-2.319750
0.170400	-6.240440
0.170500	-1.339570
0.170600	-4.280090
0.170700	-4.280090
0.170800	-3.299920
0.170900	1.600950
0.171000	-3.299920
0.171100	1.600950
0.171200	8.462170
0.171300	3.561300
0.171400	3.561300
0.171500	9.442340
0.171600	3.561300
0.171700	-0.359397
0.171800	3.561300
0.171900	3.561300
0.172000	9.442340
0.172100	8.462170
0.172200	1.600950
0.172300	-0.359397
0.172400	4.541470
0.172500	5.521650
0.172600	2.581120
0.172700	1.600950
0.172800	7.481990
0.172900	-1.339570
0.173000	1.600950
0.173100	5.521650
0.173200	0.620777
0.173300	2.581120
0.173400	3.561300
0.173500	4.541470
0.173600	8.462170
0.173700	8.462170
0.173800	-1.339570
0.173900	3.561300
0.174000	3.561300
0.174100	-0.359397
0.174200	3.561300
0.174300	0.130690
0.174400	1.600950
0.174500	-0.359397
0.174600	-3.299920
0.174700	1.600950
0.174800	-4.280090
0.174900	-4.280090
0.175000	1.600950
0.175100	1.600950
0.175200	-4.280090
0.175300	-3.299920
0.175400	-3.299920
0.175500	-0.359397
0.175600	3.561300
0.175700	-0.359397
0.175800	3.561300
0.175900	1.600950
0.176000	4.541470
0.176100	7.481990
0.176200	1.600950
0.176300	-4.280090
0.176400	3.561300
0.176500	-0.359397
0.176600	-3.299920
0.176700	0.130690
0.176800	-0.359397
0.176900	3.561300
0.177000	-0.359397
0.177100	-0.359397
0.177200	-4.280090
0.177300	1.600950
0.177400	3.561300
0.177500	-0.359397
0.177600	-3.299920
0.177700	-6.240440
0.177800	-7.220620
0.177900	-0.359397
0.178000	-4.280090
0.178100	-8.200790
0.178200	-4.280090
0.178300	-3.299920
0.178400	-0.359397
0.178500	3.561300
0.178600	-2.319750
0.178700	-10.161100
0.178800	-5.260270
0.178900	-2.319750
0.179000	-4.280090
0.179100	-4.280090
0.179200	-4.280090
0.179300	-4.280090
0.179400	0.620777
0.179500	-0.359397
0.179600	-2.319750
0.179700	0.620777
0.179800	-3.299920
0.179900	1.600950
0.180000	-2.319750
0.180100	-10.161100
0.180200	-8.200790
0.180300	1.600950
0.180400	-8.200790
0.180500	-4.280090
0.180600	-7.220620
0.180700	-2.319750
0.180800	-0.359397
0.180900	-3.299920
0.181000	0.620777
0.181100	-0.359397
0.181200	-4.280090
0.181300	-6.240440
0.181400	-0.359397
0.181500	-3.299920
0.181600	-6.240440
0.181700	-1.339570
0.181800	-2.319750
0.181900	-4.280090
0.182000	-0.359397
0.182100	1.600950
0.182200	-3.299920
0.182300	-2.319750
0.182400	1.600950
0.182500	7.481990
0.182600	-4.280090
0.182700	-0.359397
0.182800	1.600950
0.182900	-4.280090
0.183000	-4.280090
0.183100	-3.299920
0.183200	-6.240440
0.183300	-2.319750
0.183400	-6.240440
0.183500	-6.240440
0.183600	-6.240440
0.183700	-6.240440
0.183800	-2.319750
0.183900	-0.359397
0.184000	-2.319750
0.184100	2.091040
0.184200	-0.359397
0.184300	-6.240440
0.184400	3.561300
0.184500	3.561300
0.184600	-2.809830
0.184700	-7.220620
0.184800	-5.750350
0.184900	-3.299920
0.185000	-2.319750
0.185100	-1.339570
0.185200	0.620777
0.185300	0.620777
0.185400	1.600950
0.185500	-2.319750
0.185600	-7.220620
0.185700	1.600950
0.185800	-2.319750
0.185900	0.620777
0.186000	5.521650
0.186100	0.620777
0.186200	2.581120
0.186300	3.561300
0.186400	-3.790010
0.186500	-2.319750
0.186600	-0.359397
0.186700	2.581120
0.186800	-0.359397
0.186900	3.561300
0.187000	1.600950
0.187100	-7.220620
0.187200	1.600950
0.187300	3.561300
0.187400	-2.319750
0.187500	1.600950
0.187600	-0.359397
0.187700	-3.299920
0.187800	0.620777
0.187900	5.521650
0.188000	7.481990
0.188100	4.051390
0.188200	2.581120
0.188300	4.541470
0.188400	3.561300
0.188500	-2.319750
0.188600	1.600950
0.188700	4.541470
0.188800	3.561300
0.188900	1.600950
0.189000	5.521650
0.189100	3.561300
0.189200	3.561300
0.189300	4.541470
0.189400	1.110860
0.189500	3.561300
0.189600	0.620777
0.189700	-4.280090
0.189800	3.561300
0.189900	2.581120
0.190000	-2.319750
0.190100	3.561300
0.190200	3.561300
0.190300	4.541470
0.190400	3.561300
0.190500	7.481990
0.190600	5.521650
0.190700	3.561300
0.190800	7.481990
0.190900	0.620777
0.191000	-2.319750
0.191100	2.581120
0.191200	0.620777
0.191300	3.561300
0.191400	-0.359397
0.191500	3.561300
0.191600	5.521650
0.191700	-0.359397
0.191800	4.541470
0.191900	1.600950
0.192000	-0.359397
0.192100	7.481990
0.192200	2.091040
0.192300	-3.790010
0.192400	1.600950
0.192500	3.561300
0.192600	3.561300
0.192700	5.521650
0.192800	9.442340
0.192900	0.620777
0.193000	-0.359397
0.193100	7.481990
0.193200	0.620777
0.193300	1.600950
0.193400	4.541470
0.193500	-0.359397
0.193600	-0.359397
0.193700	5.521650
0.193800	-2.319750
0.193900	3.561300
0.194000	9.442340
0.194100	8.462170
0.194200	5.521650
0.194300	3.561300
0.194400	0.620777
0.194500	-2.319750
0.194600	-4.280090
0.194700	3.561300
0.194800	-4.280090
0.194900	-2.319750
0.195000	1.600950
0.195100	-3.299920
0.195200	-0.359397
0.195300	-3.299920
0.195400	-3.299920
0.195500	2.581120
0.195600	-2.319750
0.195700	-4.280090
0.195800	-2.319750
0.195900	-4.280090
0.196000	-4.280090
0.196100	1.600950
0.196200	-5.260270
0.196300	-4.280090
0.196400	-0.359397
0.196500	3.561300
0.196600	-0.359397
0.196700	-4.280090
0.196800	3.561300
0.196900	-4.280090
0.197000	-10.161100
0.197100	-4.280090
0.197200	-2.319750
0.197300	-1.339570
0.197400	-0.359397
0.197500	-8.200790
0.197600	-6.240440
0.197700	-1.339570
0.197800	-2.319750
0.197900	-4.280090
0.198000	-7.220620
0.198100	-5.260270
0.198200	-2.319750
0.198300	-8.200790
0.198400	-11.141300
0.198500	-4.280090
0.198600	-4.280090
0.198700	1.600950
0.198800	-4.280090
0.198900	-4.280090
0.199000	-2.319750
0.199100	-4.280090
0.199200	-3.299920
0.199300	-3.299920
0.199400	-4.280090
0.199500	-4.280090
0.199600	-3.299920
0.199700	-4.280090
0.199800	-2.319750
0.199900	-0.359397
0.200000	-5.260270
0.200100	-3.299920
0.200200	-0.359397
0.200300	-6.240440
0.200400	-8.200790
0.200500	-9.180960
0.200600	-4.280090
0.200700	-0.359397
0.200800	-8.200790
0.200900	-2.319750
0.201000	0.620777
0.201100	-4.280090
0.201200	-0.359397
0.201300	1.600950
0.201400	-3.299920
0.201500	-0.359397
0.201600	-2.319750
0.201700	-8.200790
0.201800	-4.280090
0.201900	-2.319750
0.202000	-2.319750
0.202100	-4.280090
0.202200	-4.280090
0.202300	-4.280090
0.202400	-4.280090
0.202500	3.561300
0.202600	-3.299920
0.202700	-7.220620
0.202800	-5.260270
0.202900	-1.829660
0.203000	-1.829660
0.203100	-4.280090
0.203200	-4.280090
0.203300	-4.280090
0.203400	-10.161100
0.203500	-4.280090
0.203600	-0.359397
0.203700	-7.220620
0.203800	-8.200790
0.203900	-2.319750
0.204000	-6.240440
0.204100	-8.200790
0.204200	0.620777
0.204300	-6.240440
0.204400	-6.240440
0.204500	0.620777
0.204600	-3.299920
0.204700	-4.280090
0.204800	-4.280090
0.204900	-2.319750
0.205000	-11.141300
0.205100	-4.280090
0.205200	0.620777
0.205300	-0.359397
0.205400	1.600950
0.205500	-0.359397
0.205600	-6.240440
0.205700	0.130690
0.205800	4.541470
0.205900	-4.280090
0.206000	-4.280090
0.206100	8.462170
0.206200	4.541470
0.206300	-3.299920
0.206400	1.600950
0.206500	-2.809830
0.206600	-6.240440
0.206700	0.620777
0.206800	1.600950
0.206900	0.620777
0.207000	0.620777
0.207100	1.600950
0.207200	-3.299920
0.207300	-0.359397
0.207400	2.581120
0.207500	-7.220620
0.207600	-2.319750
0.207700	3.561300
0.207800	-6.240440
0.207900	-2.319750
0.208000	3.561300
0.208100	0.620777
0.208200	-2.319750
0.208300	6.501820
0.208400	-0.359397
0.208500	-0.359397
0.208600	3.561300
0.208700	7.481990
0.208800	-2.319750
0.208900	3.561300
0.209000	6.501820
0.209100	0.620777
0.209200	1.600950
0.209300	5.521650
0.209400	-2.319750
0.209500	-4.280090
0.209600	0.620777
0.209700	-2.319750
0.209800	-0.359397
0.209900	7.481990
0.210000	1.600950
0.210100	2.581120
0.210200	3.561300
0.210300	-5.260270
0.210400	1.600950
0.210500	5.521650
0.210600	1.600950
0.210700	0.130690
0.210800	4.541470
0.210900	-3.299920
0.211000	-4.280090
0.211100	6.501820
0.211200	5.521650
0.211300	-3.299920
0.211400	3.561300
0.211500	7.481990
0.211600	3.561300
0.211700	3.561300
0.211800	7.481990
0.211900	2.091040
0.212000	1.600950
0.212100	3.561300
0.212200	-3.299920
0.212300	-0.359397
0.212400	5.521650
0.212500	3.561300
0.212600	0.620777
0.212700	3.561300
0.212800	0.620777
0.212900	0.620777
0.213000	4.541470
0.213100	1.600950
0.213200	-6.240440
0.213300	-0.359397
0.213400	3.561300
0.213500	-0.359397
0.213600	-3.299920
0.213700	0.620777
0.213800	-1.339570
0.213900	-0.359397
0.214000	4.541470
0.214100	-0.359397
0.214200	-1.339570
0.214300	-2.319750
0.214400	-0.359397
0.214500	-0.359397
0.214600	-0.359397
0.214700	-0.359397
0.214800	-0.359397
0.214900	-2.319750
0.215000	2.581120
0.215100	0.620777
0.215200	0.620777
0.215300	-1.339570
0.215400	0.620777
0.215500	3.561300
0.215600	-1.829660
0.215700	1.600950
0.215800	-2.319750
0.215900	-2.319750
0.216000	3.561300
0.216100	3.561300
0.216200	-1.829660
0.216300	-0.359397
0.216400	-2.319750
0.216500	-0.359397
0.216600	2.581120
0.216700	1.600950
0.216800	-3.299920
0.216900	3.561300
0.217000	3.561300
0.217100	-2.319750
0.217200	-0.359397
0.217300	3.561300
0.217400	-4.280090
0.217500	-3.299920
0.217600	0.620777
0.217700	-2.319750
0.217800	-2.319750
0.217900	0.620777
0.218000	-6.240440
0.218100	-6.240440
0.218200	-0.359397
0.218300	-6.240440
0.218400	-6.240440
0.218500	-0.359397
0.218600	-1.339570
0.218700	-4.280090
0.218800	-0.359397
0.218900	-3.299920
0.219000	-6.240440
0.219100	-4.280090
0.219200	-3.299920
0.219300	-4.280090
0.219400	-4.280090
0.219500	2.581120
0.219600	-2.319750
0.219700	-4.280090
0.219800	-6.240440
0.219900	-2.319750
0.220000	-0.359397
0.220100	-4.280090
0.220200	-6.240440
0.220300	-9.180960
0.220400	0.620777
0.220500	-2.319750
0.220600	-8.200790
0.220700	-2.319750
0.220800	1.600950
0.220900	-9.180960
0.221000	-4.280090
0.221100	-6.240440
0.221200	-12.121500
0.221300	-3.299920
0.221400	0.130690
0.221500	-4.280090
0.221600	-4.280090
0.221700	-6.240440
0.221800	-0.359397
0.221900	-0.359397
0.222000	-4.280090
0.222100	-3.790010
0.222200	-1.339570
0.222300	-4.280090
0.222400	-1.339570
0.222500	0.130690
0.222600	-2.319750
0.222700	-4.280090
0.222800	-4.280090
0.222900	-3.299920
0.223000	-8.200790
0.223100	-5.260270
0.223200	2.581120
0.223300	-0.359397
0.223400	-8.200790
0.223500	-3.299920
0.223600	-4.280090
0.223700	-4.280090
0.223800	-4.280090
0.223900	-4.280090
0.224000	-9.180960
0.224100	-3.299920
0.224200	-2.319750
0.224300	-8.200790
0.224400	-4.280090
0.224500	-4.280090
0.224600	-6.240440
0.224700	-4.280090
0.224800	-3.299920
0.224900	-0.359397
0.225000	-7.710700
0.225100	0.620777
0.225200	-0.359397
0.225300	-4.280090
0.225400	-3.299920
0.225500	-4.280090
0.225600	-4.280090
0.225700	-6.240440
0.225800	-3.299920
0.225900	2.581120
0.226000	0.620777
0.226100	-0.359397
0.226200	1.600950
0.226300	-2.809830
0.226400	-0.359397
0.226500	-2.319750
0.226600	-4.280090
0.226700	3.561300
0.226800	-0.359397
0.226900	-0.359397
0.227000	-1.339570
0.227100	-3.299920
0.227200	1.600950
0.227300	-4.280090
0.227400	-6.240440
0.227500	3.561300
0.227600	0.620777
0.227700	-3.790010
0.227800	0.620777
0.227900	-0.359397
0.228000	3.561300
0.228100	4.541470
0.228200	3.561300
0.228300	1.600950
0.228400	3.561300
0.228500	0.620777
0.228600	-4.280090
0.228700	-2.319750
0.228800	0.130690
0.228900	-0.359397
0.229000	-0.359397
0.229100	1.600950
0.229200	1.600950
0.229300	0.620777
0.229400	-4.280090
0.229500	-7.220620
0.229600	-0.359397
0.229700	4.541470
0.229800	2.091040
0.229900	-2.809830
0.230000	3.561300
0.230100	0.620777
0.230200	-0.359397
0.230300	4.541470
0.230400	-2.319750
0.230500	2.091040
0.230600	4.541470
0.230700	4.541470
0.230800	-2.319750
0.230900	-0.359397
0.231000	-0.359397
0.231100	-4.280090
0.231200	3.561300
0.231300	3.561300
0.231400	-2.319750
0.231500	5.521650
0.231600	3.561300
0.231700	-3.299920
0.231800	-2.319750
0.231900	1.600950
0.232000	-3.299920
0.232100	2.091040
0.232200	3.561300
0.232300	-1.339570
0.232400	3.561300
0.232500	2.581120
0.232600	-2.319750
0.232700	-3.790010
0.232800	3.561300
0.232900	-2.319750
0.233000	1.600950
0.233100	-0.359397
0.233200	-4.280090
0.233300	1.600950
0.233400	1.600950
0.233500	-0.359397
0.233600	-4.280090
0.233700	-4.280090
0.233800	1.600950
0.233900	-0.359397
0.234000	-4.280090
0.234100	1.600950
0.234200	-2.319750
0.234300	-4.280090
0.234400	-2.319750
0.234500	-1.829660
0.234600	-4.280090
0.234700	0.620777
0.234800	-2.319750
0.234900	3.561300
0.235000	3.561300
0.235100	-4.280090
0.235200	1.600950
0.235300	2.581120
0.235400	-3.299920
0.235500	-0.359397
0.235600	2.581120
0.235700	-1.339570
0.235800	-2.319750
0.235900	-2.319750
0.236000	-4.280090
0.236100	-3.299920
0.236200	-6.240440
0.236300	1.600950
0.236400	2.581120
0.236500	-0.359397
0.236600	-0.359397
0.236700	1.600950
0.236800	3.561300
0.236900	-0.359397
0.237000	-0.359397
0.237100	1.600950
0.237200	-2.319750
0.237300	-3.299920
0.237400	0.620777
0.237500	-0.359397
0.237600	-2.319750
0.237700	-3.299920
0.237800	-4.280090
0.237900	1.600950
0.238000	-0.359397
0.238100	-2.319750
0.238200	-0.359397
0.238300	-4.280090
0.238400	-2.319750
0.238500	-0.359397
0.238600	-4.280090
0.238700	-4.280090
0.238800	-2.319750
0.238900	-6.240440
0.239000	-5.750350
0.239100	-2.319750
0.239200	-5.260270
0.239300	-3.299920
0.239400	-0.359397
0.239500	-6.240440
0.239600	-2.319750
0.239700	4.541470
0.239800	-2.319750
0.239900	-4.280090
0.240000	3.561300
0.240100	0.620777
0.240200	-3.299920
0.240300	-3.299920
0.240400	-2.319750
0.240500	-4.280090
0.240600	-10.161100
0.240700	-2.319750
0.240800	-5.260270
0.240900	-3.299920
0.241000	1.600950
0.241100	-4.280090
0.241200	-4.280090
0.241300	-4.280090
0.241400	-13.101700
0.241500	-7.220620
0.241600	-6.240440
0.241700	-8.200790
0.241800	-2.319750
0.241900	-2.319750
0.242000	-5.260270
0.242100	-2.319750
0.242200	-0.359397
0.242300	-6.240440
0.242400	-3.299920
0.242500	2.091040
0.242600	-3.299920
0.242700	-8.200790
0.242800	1.600950
0.242900	2.581120
0.243000	-4.280090
0.243100	1.600950
0.243200	2.581120
0.243300	-6.240440
0.243400	-6.240440
0.243500	1.600950
0.243600	-1.339570
0.243700	-0.359397
0.243800	0.620777
0.243900	-3.299920
0.244000	-0.359397
0.244100	1.600950
0.244200	-1.339570
0.244300	-4.280090
0.244400	-7.220620
0.244500	-0.359397
0.244600	1.600950
0.244700	-0.359397
0.244800	-4.280090
0.244900	-4.280090
0.245000	-4.280090
0.245100	-3.299920
0.245200	-3.299920
0.245300	-6.240440
0.245400	-4.280090
0.245500	-0.359397
0.245600	-3.299920
0.245700	7.481990
0.245800	8.462170
0.245900	1.600950
0.246000	0.130690
0.246100	2.581120
0.246200	-6.240440
0.246300	-0.359397
0.246400	5.521650
0.246500	1.600950
0.246600	-3.790010
0.246700	1.600950
0.246800	-3.299920
0.246900	-5.750350
0.247000	-0.359397
0.247100	-4.280090
0.247200	-6.240440
0.247300	2.581120
0.247400	-3.299920
0.247500	-6.240440
0.247600	4.541470
0.247700	3.561300
0.247800	-0.359397
0.247900	4.541470
0.248000	1.600950
0.248100	-6.240440
0.248200	-2.319750
0.248300	-5.750350
0.248400	-2.319750
0.248500	-0.359397
0.248600	-2.319750
0.248700	-2.319750
0.248800	-3.299920
0.248900	4.541470
0.249000	-2.319750
0.249100	1.600950
0.249200	4.541470
0.249300	-3.299920
0.249400	1.600950
0.249500	-2.319750
0.249600	-7.220620
0.249700	-0.359397
0.249800	-0.359397
0.249900	4.051390
0.250000	3.561300
0.250100	3.561300
0.250200	-4.280090
0.250300	1.600950
0.250400	5.521650
0.250500	3.561300
0.250600	5.521650
0.250700	3.561300
0.250800	7.481990
0.250900	2.581120
0.251000	1.600950
0.251100	1.600950
0.251200	0.620777
0.251300	3.561300
0.251400	7.481990
0.251500	0.620777
0.251600	2.091040
0.251700	3.561300
0.251800	-3.299920
0.251900	4.541470
0.252000	10.422500
0.252100	-3.299920
0.252200	-0.359397
0.252300	5.521650
0.252400	-4.280090
0.252500	-3.790010
0.252600	-2.319750
0.252700	0.620777
0.252800	-5.260270
0.252900	1.600950
0.253000	1.600950
0.253100	1.600950
0.253200	4.541470
0.253300	-0.359397
0.253400	1.600950
0.253500	-1.339570
0.253600	-7.220620
0.253700	-4.280090
0.253800	2.091040
0.253900	-3.299920
0.254000	-2.319750
0.254100	-0.359397
0.254200	-2.319750
0.254300	1.600950
0.254400	1.600950
0.254500	3.561300
0.254600	3.561300
0.254700	3.561300
0.254800	0.620777
0.254900	-8.200790
0.255000	-0.359397
0.255100	3.561300
0.255200	-3.299920
0.255300	1.600950
0.255400	-4.280090
0.255500	-4.280090
0.255600	-2.319750
0.255700	-3.299920
0.255800	1.600950
0.255900	-1.339570
0.256000	-4.280090
0.256100	-4.280090
0.256200	-7.220620
0.256300	-5.750350
0.256400	0.620777
0.256500	-3.299920
0.256600	0.130690
0.256700	1.600950
0.256800	-0.359397
0.256900	-6.240440
0.257000	2.091040
0.257100	-0.359397
0.257200	-6.240440
0.257300	3.561300
0.257400	-0.359397
0.257500	-7.220620
0.257600	-1.339570
0.257700	-2.319750
0.257800	-0.359397
0.257900	-0.359397
0.258000	-0.359397
0.258100	-8.200790
0.258200	-0.359397
0.258300	5.521650
0.258400	-4.280090
0.258500	-7.220620
0.258600	-0.359397
0.258700	-3.299920
0.258800	-3.299920
0.258900	-4.280090
0.259000	-4.280090
0.259100	-1.339570
0.259200	-4.280090
0.259300	-3.299920
0.259400	-4.280090
0.259500	-4.280090
0.259600	-2.809830
0.259700	1.600950
0.259800	3.561300
0.259900	-3.299920
0.260000	-4.280090
0.260100	-2.809830
0.260200	0.620777
0.260300	-3.299920
0.260400	-7.220620
0.260500	0.620777
0.260600	1.600950
0.260700	-0.359397
0.260800	-0.359397
0.260900	-3.299920
0.261000	-2.319750
0.261100	-2.319750
0.261200	-1.339570
0.261300	-0.359397
0.261400	1.600950
0.261500	1.600950
0.261600	-0.359397
0.261700	-3.299920
0.261800	-2.319750
0.261900	-4.280090
0.262000	-2.319750
0.262100	3.561300
0.262200	-5.260270
0.262300	-8.200790
0.262400	1.600950
0.262500	1.600950
0.262600	-4.280090
0.262700	-3.790010
0.262800	-0.359397
0.262900	-3.299920
0.263000	-2.319750
0.263100	-3.299920
0.263200	-6.240440
0.263300	-7.220620
0.263400	2.091040
0.263500	-2.319750
0.263600	-4.280090
0.263700	2.091040
0.263800	-1.339570
0.263900	1.600950
0.264000	1.600950
0.264100	-4.280090
0.264200	-2.319750
0.264300	-1.339570
0.264400	-5.260270
0.264500	-6.240440
0.264600	-0.359397
0.264700	-2.319750
0.264800	-4.280090
0.264900	3.561300
0.265000	0.620777
0.265100	-4.280090
0.265200	3.561300
0.265300	-0.359397
0.265400	-0.359397
0.265500	2.581120
0.265600	3.561300
0.265700	-3.299920
0.265800	-8.200790
0.265900	1.600950
0.266000	3.561300
0.266100	-4.280090
0.266200	-0.359397
0.266300	-3.299920
0.266400	0.620777
0.266500	5.521650
0.266600	-0.359397
0.266700	-0.359397
0.266800	-0.359397
0.266900	3.561300
0.267000	-1.339570
0.267100	1.600950
0.267200	3.561300
0.267300	-4.280090
0.267400	-0.359397
0.267500	7.481990
0.267600	-5.750350
0.267700	-4.770180
0.267800	4.541470
0.267900	1.600950
0.268000	-0.359397
0.268100	1.600950
0.268200	0.620777
0.268300	-0.359397
0.268400	-2.319750
0.268500	-1.339570
0.268600	-0.359397
0.268700	1.600950
0.268800	1.600950
0.268900	3.561300
0.269000	-2.319750
0.269100	0.620777
0.269200	-2.319750
0.269300	-4.280090
0.269400	3.561300
0.269500	2.581120
0.269600	2.581120
0.269700	1.600950
0.269800	3.561300
0.269900	-3.299920
0.270000	1.600950
0.270100	3.561300
0.270200	-3.299920
0.270300	-0.359397
0.270400	5.521650
0.270500	7.481990
0.270600	2.091040
0.270700	1.600950
0.270800	-0.359397
0.270900	-3.790010
0.271000	5.521650
0.271100	3.561300
0.271200	1.600950
0.271300	3.561300
0.271400	1.600950
0.271500	-1.339570
0.271600	3.561300
0.271700	-5.750350
0.271800	3.561300
0.271900	5.521650
0.272000	-0.359397
0.272100	-4.280090
0.272200	1.600950
0.272300	0.620777
0.272400	-2.319750
0.272500	5.521650
0.272600	-1.339570
0.272700	-4.280090
0.272800	3.561300
0.272900	-1.829660
0.273000	0.620777
0.273100	5.521650
0.273200	5.521650
0.273300	-2.809830
0.273400	-2.319750
0.273500	1.600950
0.273600	-3.299920
0.273700	0.620777
0.273800	3.561300
0.273900	-1.339570
0.274000	2.581120
0.274100	8.462170
0.274200	1.600950
0.274300	-6.730530
0.274400	-0.359397
0.274500	2.581120
0.274600	2.581120
0.274700	-2.319750
0.274800	2.581120
0.274900	-0.359397
0.275000	2.581120
0.275100	-2.319750
0.275200	-4.280090
0.275300	-2.319750
0.275400	-0.359397
0.275500	5.521650
0.275600	1.600950
0.275700	-2.809830
0.275800	5.521650
0.275900	5.521650
0.276000	-4.280090
0.276100	-0.359397
0.276200	-2.319750
0.276300	-2.319750
0.276400	3.561300
0.276500	3.561300
0.276600	-6.240440
0.276700	0.130690
0.276800	0.620777
0.276900	-1.339570
0.277000	3.561300
0.277100	2.091040
0.277200	-7.220620
0.277300	1.600950
0.277400	3.561300
0.277500	-0.359397
0.277600	3.561300
0.277700	-0.359397
0.277800	-5.750350
0.277900	-1.339570
0.278000	-4.280090
0.278100	-6.240440
0.278200	2.581120
0.278300	0.620777
0.278400	-0.359397
0.278500	0.130690
0.278600	-3.790010
0.278700	-4.280090
0.278800	1.600950
0.278900	0.620777
0.279000	-3.790010
0.279100	2.581120
0.279200	5.521650
0.279300	-0.359397
0.279400	-0.359397
0.279500	-0.359397
0.279600	-3.299920
0.279700	-3.299920
0.279800	1.600950
0.279900	0.620777
0.280000	-4.280090
0.280100	3.561300
0.280200	-4.280090
0.280300	-4.280090
0.280400	-2.319750
0.280500	-0.359397
0.280600	-0.359397
0.280700	0.130690
0.280800	1.600950
0.280900	1.600950
0.281000	-2.809830
0.281100	-0.359397
0.281200	0.620777
0.281300	-5.260270
0.281400	-2.319750
0.281500	2.581120
0.281600	-2.319750
0.281700	-0.359397
0.281800	-1.339570
0.281900	-12.121500
0.282000	-3.299920
0.282100	3.561300
0.282200	-0.359397
0.282300	-3.299920
0.282400	-3.299920
0.282500	-3.299920
0.282600	-3.790010
0.282700	3.561300
0.282800	-1.339570
0.282900	-0.359397
0.283000	1.600950
0.283100	-2.319750
0.283200	-2.319750
0.283300	-0.359397
0.283400	0.620777
0.283500	1.600950
0.283600	2.091040
0.283700	-3.299920
0.283800	-3.299920
0.283900	-0.359397
0.284000	3.561300
0.284100	1.110860
0.284200	3.561300
0.284300	-2.319750
0.284400	1.600950
0.284500	3.561300
0.284600	-2.319750
0.284700	-3.299920
0.284800	-1.339570
0.284900	-4.280090
0.285000	5.031560
0.285100	3.561300
0.285200	-2.319750
0.285300	1.600950
0.285400	-0.359397
0.285500	-6.240440
0.285600	-2.319750
0.285700	4.541470
0.285800	0.620777
0.285900	3.561300
0.286000	7.481990
0.286100	-0.359397
0.286200	3.561300
0.286300	1.600950
0.286400	-2.319750
0.286500	3.561300
0.286600	3.561300
0.286700	3.561300
0.286800	0.620777
0.286900	3.561300
0.287000	0.620777
0.287100	-2.319750
0.287200	5.521650
0.287300	0.620777
0.287400	-3.299920
0.287500	3.561300
0.287600	2.091040
0.287700	-3.299920
0.287800	1.600950
0.287900	0.620777
0.288000	0.620777
0.288100	4.541470
0.288200	0.620777
0.288300	-4.280090
0.288400	1.600950
0.288500	7.481990
0.288600	-0.359397
0.288700	-4.280090
0.288800	2.581120
0.288900	1.600950
0.289000	-0.359397
0.289100	3.561300
0.289200	-0.359397
0.289300	-2.319750
0.289400	-0.359397
0.289500	2.581120
0.289600	-3.790010
0.289700	-4.280090
0.289800	0.130690
0.289900	-2.319750
0.290000	-0.359397
0.290100	0.620777
0.290200	-0.359397
0.290300	1.600950
0.290400	3.561300
0.290500	5.521650
0.290600	3.561300
0.290700	-0.359397
0.290800	-2.319750
0.290900	-1.339570
0.291000	5.521650
0.291100	3.071210
0.291200	-0.359397
0.291300	3.561300
0.291400	0.130690
0.291500	-2.319750
0.291600	-2.319750
0.291700	-4.280090
0.291800	3.561300
0.291900	1.600950
0.292000	-3.299920
0.292100	1.600950
0.292200	-2.319750
0.292300	-0.359397
0.292400	4.541470
0.292500	3.561300
0.292600	-5.750350
0.292700	-6.240440
0.292800	-2.319750
0.292900	-3.299920
0.293000	3.561300
0.293100	3.561300
0.293200	-2.319750
0.293300	4.541470
0.293400	-0.359397
0.293500	-6.240440
0.293600	-0.359397
0.293700	3.561300
0.293800	-1.339570
0.293900	3.561300
0.294000	2.581120
0.294100	-8.200790
0.294200	-4.280090
0.294300	3.561300
0.294400	-4.280090
0.294500	-0.359397
0.294600	-4.280090
0.294700	-7.220620
0.294800	-9.180960
0.294900	1.600950
0.295000	-5.260270
0.295100	-7.220620
0.295200	-0.359397
0.295300	-3.299920
0.295400	3.561300
0.295500	1.600950
0.295600	-3.299920
0.295700	-0.359397
0.295800	-0.359397
0.295900	-4.280090
0.296000	0.620777
0.296100	1.600950
0.296200	-6.240440
0.296300	-5.260270
0.296400	-6.240440
0.296500	-0.359397
0.296600	-2.319750
0.296700	-0.359397
0.296800	-0.359397
0.296900	-9.671050
0.297000	-2.319750
0.297100	-2.319750
0.297200	-9.180960
0.297300	-6.240440
0.297400	-9.180960
0.297500	-8.200790
0.297600	-2.319750
0.297700	-4.280090
0.297800	-5.260270
0.297900	-4.280090
0.298000	-3.299920
0.298100	-4.280090
0.298200	0.620777
0.298300	0.620777
0.298400	-3.790010
0.298500	-6.240440
0.298600	-6.240440
0.298700	-0.359397
0.298800	-11.141300
0.298900	-3.299920
0.299000	3.561300
0.299100	-4.280090
0.299200	-2.319750
0.299300	-0.359397
0.299400	-3.299920
0.299500	-2.319750
0.299600	-8.200790
0.299700	-2.319750
0.299800	-2.319750
0.299900	-7.220620
