-0.050000	-1.753660
-0.049900	-5.201870
-0.049800	-0.768458
-0.049700	-4.709270
-0.049600	-3.724060
-0.049500	4.157550
-0.049400	3.172350
-0.049300	-0.768458
-0.049200	2.679750
-0.049100	1.694550
-0.049000	5.142750
-0.048900	0.216744
-0.048800	-0.275857
-0.048700	-9.635280
-0.048600	-9.635280
-0.048500	-0.275857
-0.048400	9.576160
-0.048300	15.487400
-0.048200	11.054000
-0.048100	-1.753660
-0.048000	5.142750
-0.047900	11.054000
-0.047800	-6.679670
-0.047700	-10.620500
-0.047600	-1.753660
-0.047500	-0.768458
-0.047400	-0.275857
-0.047300	6.127960
-0.047200	3.172350
-0.047100	-1.261060
-0.047000	4.157550
-0.046900	-1.261060
-0.046800	-7.172270
-0.046700	4.157550
-0.046600	6.127960
-0.046500	-2.246260
-0.046400	-2.738860
-0.046300	-6.187070
-0.046200	1.201950
-0.046100	13.024400
-0.046000	9.083560
-0.045900	7.113160
-0.045800	3.172350
-0.045700	5.142750
-0.045600	9.576160
-0.045500	4.650150
-0.045400	3.664950
-0.045300	-7.664870
-0.045200	-5.694470
-0.045100	-4.709270
-0.045000	-5.694470
-0.044900	4.157550
-0.044800	-2.738860
-0.044700	-12.590900
-0.044600	1.201950
-0.044500	6.127960
-0.044400	-5.694470
-0.044300	-2.738860
-0.044200	4.157550
-0.044100	-1.753660
-0.044000	-2.738860
-0.043900	5.635360
-0.043800	6.127960
-0.043700	5.142750
-0.043600	12.039200
-0.043500	12.531800
-0.043400	0.216744
-0.043300	-3.724060
-0.043200	-2.738860
-0.043100	-4.709270
-0.043000	3.172350
-0.042900	-0.275857
-0.042800	-3.724060
-0.042700	3.664950
-0.042600	-2.246260
-0.042500	-3.724060
-0.042400	4.157550
-0.042300	-1.261060
-0.042200	1.201950
-0.042100	1.201950
-0.042000	-2.738860
-0.041900	-7.172270
-0.041800	-5.694470
-0.041700	8.098360
-0.041600	11.054000
-0.041500	8.098360
-0.041400	-0.768458
-0.041300	5.142750
-0.041200	11.054000
-0.041100	4.157550
-0.041000	-0.768458
-0.040900	-11.605700
-0.040800	-1.753660
-0.040700	3.172350
-0.040600	-2.738860
-0.040500	-0.275857
-0.040400	0.216744
-0.040300	-2.246260
-0.040200	0.216744
-0.040100	-4.709270
-0.040000	-3.724060
-0.039900	7.113160
-0.039800	4.157550
-0.039700	-2.738860
-0.039600	-3.724060
-0.039500	1.694550
-0.039400	8.098360
-0.039300	5.142750
-0.039200	4.157550
-0.039100	9.576160
-0.039000	9.083560
-0.038900	6.127960
-0.038800	4.157550
-0.038700	-4.709270
-0.038600	-12.590900
-0.038500	-6.679670
-0.038400	-2.246260
-0.038300	-1.753660
-0.038200	4.157550
-0.038100	7.113160
-0.038000	5.142750
-0.037900	3.172350
-0.037800	2.187150
-0.037700	-10.620500
-0.037600	-10.620500
-0.037500	1.201950
-0.037400	4.157550
-0.037300	4.650150
-0.037200	2.187150
-0.037100	3.172350
-0.037000	-3.724060
-0.036900	-0.768458
-0.036800	5.635360
-0.036700	4.157550
-0.036600	-1.753660
-0.036500	0.216744
-0.036400	10.068800
-0.036300	12.039200
-0.036200	3.172350
-0.036100	5.635360
-0.036000	4.157550
-0.035900	-2.738860
-0.035800	-7.664870
-0.035700	1.201950
-0.035600	3.172350
-0.035500	3.172350
-0.035400	1.694550
-0.035300	-2.738860
-0.035200	-3.724060
-0.035100	-3.724060
-0.035000	-6.679670
-0.034900	-1.753660
-0.034800	7.113160
-0.034700	-0.768458
-0.034600	-3.724060
-0.034500	-8.650070
-0.034400	-0.768458
-0.034300	14.009600
-0.034200	3.172350
-0.034100	-0.275857
-0.034000	5.635360
-0.033900	2.187150
-0.033800	8.098360
-0.033700	14.994800
-0.033600	12.039200
-0.033500	-1.753660
-0.033400	-0.275857
-0.033300	13.517000
-0.033200	6.127960
-0.033100	-0.768458
-0.033000	-5.201870
-0.032900	-5.694470
-0.032800	-2.246260
-0.032700	2.187150
-0.032600	1.694550
-0.032500	2.187150
-0.032400	8.590960
-0.032300	7.113160
-0.032200	-4.216660
-0.032100	-13.576100
-0.032000	-4.709270
-0.031900	-1.261060
-0.031800	2.187150
-0.031700	2.679750
-0.031600	-3.724060
-0.031500	-2.246260
-0.031400	-3.724060
-0.031300	3.664950
-0.031200	9.083560
-0.031100	5.635360
-0.031000	7.605760
-0.030900	2.679750
-0.030800	5.635360
-0.030700	4.157550
-0.030600	-7.664870
-0.030500	-7.172270
-0.030400	4.157550
-0.030300	1.201950
-0.030200	1.201950
-0.030100	2.187150
-0.030000	-2.738860
-0.029900	2.187150
-0.029800	2.187150
-0.029700	7.113160
-0.029600	5.142750
-0.029500	-4.709270
-0.029400	2.187150
-0.029300	2.679750
-0.029200	-11.605700
-0.029100	-2.738860
-0.029000	10.561400
-0.028900	-2.246260
-0.028800	-10.620500
-0.028700	0.709345
-0.028600	-2.246260
-0.028500	-5.694470
-0.028400	-5.694470
-0.028300	3.172350
-0.028200	10.561400
-0.028100	4.157550
-0.028000	-3.724060
-0.027900	0.216744
-0.027800	14.994800
-0.027700	4.157550
-0.027600	-5.694470
-0.027500	-6.679670
-0.027400	-3.724060
-0.027300	-0.275857
-0.027200	-2.246260
-0.027100	-1.753660
-0.027000	-6.187070
-0.026900	1.201950
-0.026800	-0.768458
-0.026700	-2.738860
-0.026600	7.605760
-0.026500	-0.768458
-0.026400	-12.590900
-0.026300	-10.127900
-0.026200	2.187150
-0.026100	-2.246260
-0.026000	-0.275857
-0.025900	12.039200
-0.025800	13.024400
-0.025700	12.039200
-0.025600	11.054000
-0.025500	8.590960
-0.025400	1.201950
-0.025300	-11.113100
-0.025200	-8.157470
-0.025100	-3.724060
-0.025000	1.201950
-0.024900	-2.246260
-0.024800	-4.709270
-0.024700	-3.724060
-0.024600	0.216744
-0.024500	2.187150
-0.024400	-0.768458
-0.024300	3.664950
-0.024200	-8.650070
-0.024100	-9.635280
-0.024000	-4.709270
-0.023900	-6.679670
-0.023800	0.216744
-0.023700	4.157550
-0.023600	9.083560
-0.023500	9.083560
-0.023400	4.157550
-0.023300	9.576160
-0.023200	13.024400
-0.023100	0.216744
-0.023000	-11.113100
-0.022900	-2.246260
-0.022800	-2.246260
-0.022700	-0.275857
-0.022600	1.694550
-0.022500	-1.753660
-0.022400	-3.724060
-0.022300	3.172350
-0.022200	-3.724060
-0.022100	-7.664870
-0.022000	-1.753660
-0.021900	-1.261060
-0.021800	-8.650070
-0.021700	-4.709270
-0.021600	1.201950
-0.021500	-6.187070
-0.021400	-4.216660
-0.021300	4.650150
-0.021200	-1.753660
-0.021100	-1.753660
-0.021000	-0.275857
-0.020900	4.650150
-0.020800	4.650150
-0.020700	-4.709270
-0.020600	-10.127900
-0.020500	-11.605700
-0.020400	-2.738860
-0.020300	1.201950
-0.020200	-3.724060
-0.020100	-4.216660
-0.020000	2.679750
-0.019900	6.127960
-0.019800	-3.724060
-0.019700	-7.664870
-0.019600	-0.768458
-0.019500	-1.753660
-0.019400	-1.753660
-0.019300	-5.694470
-0.019200	-0.768458
-0.019100	3.172350
-0.019000	4.157550
-0.018900	-3.724060
-0.018800	2.187150
-0.018700	11.054000
-0.018600	6.127960
-0.018500	4.650150
-0.018400	12.039200
-0.018300	2.187150
-0.018200	-3.231460
-0.018100	3.172350
-0.018000	-3.724060
-0.017900	-10.620500
-0.017800	-4.709270
-0.017700	-1.753660
-0.017600	-0.768458
-0.017500	-0.275857
-0.017400	-4.216660
-0.017300	-8.650070
-0.017200	-3.724060
-0.017100	0.216744
-0.017000	-2.246260
-0.016900	-4.709270
-0.016800	-7.664870
-0.016700	-6.187070
-0.016600	5.142750
-0.016500	6.127960
-0.016400	-0.768458
-0.016300	0.216744
-0.016200	4.157550
-0.016100	6.127960
-0.016000	5.142750
-0.015900	-0.275857
-0.015800	-5.201870
-0.015700	-2.246260
-0.015600	-1.261060
-0.015500	-4.216660
-0.015400	3.172350
-0.015300	0.216744
-0.015200	1.201950
-0.015100	-2.738860
-0.015000	-11.605700
-0.014900	-3.724060
-0.014800	0.709345
-0.014700	-3.724060
-0.014600	-4.709270
-0.014500	-9.142670
-0.014400	-3.724060
-0.014300	-0.768458
-0.014200	1.201950
-0.014100	8.098360
-0.014000	14.994800
-0.013900	4.157550
-0.013800	-0.275857
-0.013700	-0.275857
-0.013600	-2.738860
-0.013500	-2.738860
-0.013400	-9.635280
-0.013300	-8.650070
-0.013200	-5.694470
-0.013100	-8.650070
-0.013000	-10.127900
-0.012900	-5.694470
-0.012800	-8.157470
-0.012700	-4.709270
-0.012600	-2.738860
-0.012500	-2.738860
-0.012400	-8.650070
-0.012300	-4.709270
-0.012200	9.576160
-0.012100	9.576160
-0.012000	5.142750
-0.011900	1.201950
-0.011800	-8.157470
-0.011700	-2.738860
-0.011600	2.187150
-0.011500	0.709345
-0.011400	-4.709270
-0.011300	2.679750
-0.011200	4.157550
-0.011100	0.216744
-0.011000	3.172350
-0.010900	10.561400
-0.010800	3.172350
-0.010700	-2.738860
-0.010600	8.098360
-0.010500	10.561400
-0.010400	-1.261060
-0.010300	-5.694470
-0.010200	-9.635280
-0.010100	-8.650070
-0.010000	-0.768458
-0.009900	-0.768458
-0.009800	-3.724060
-0.009700	-5.694470
-0.009600	-0.275857
-0.009500	3.664950
-0.009400	-5.201870
-0.009300	-7.172270
-0.009200	-2.246260
-0.009100	-2.246260
-0.009000	-3.724060
-0.008900	1.201950
-0.008800	-3.724060
-0.008700	2.187150
-0.008600	11.054000
-0.008500	5.142750
-0.008400	6.127960
-0.008300	-1.753660
-0.008200	-5.694470
-0.008100	0.709345
-0.008000	-2.246260
-0.007900	-3.724060
-0.007800	-2.246260
-0.007700	-1.753660
-0.007600	2.679750
-0.007500	3.172350
-0.007400	-0.768458
-0.007300	-10.620500
-0.007200	-12.590900
-0.007100	-8.650070
-0.007000	-11.605700
-0.006900	-5.694470
-0.006800	3.172350
-0.006700	6.127960
-0.006600	0.216744
-0.006500	5.635360
-0.006400	-3.231460
-0.006300	-9.142670
-0.006200	-10.127900
-0.006100	-8.650070
-0.006000	-4.216660
-0.005900	-3.231460
-0.005800	-6.187070
-0.005700	-9.142670
-0.005600	-4.709270
-0.005500	-1.753660
-0.005400	-1.753660
-0.005300	0.216744
-0.005200	-2.738860
-0.005100	-3.724060
-0.005000	-7.664870
-0.004900	0.216744
-0.004800	5.142750
-0.004700	-2.738860
-0.004600	1.201950
-0.004500	-0.275857
-0.004400	-0.768458
-0.004300	2.187150
-0.004200	6.620560
-0.004100	10.561400
-0.004000	5.142750
-0.003900	6.127960
-0.003800	6.127960
-0.003700	2.679750
-0.003600	-5.694470
-0.003500	-7.664870
-0.003400	-7.172270
-0.003300	-1.753660
-0.003200	-2.738860
-0.003100	-6.187070
-0.003000	3.664950
-0.002900	-3.724060
-0.002800	-3.231460
-0.002700	7.113160
-0.002600	-2.738860
-0.002500	-5.694470
-0.002400	5.142750
-0.002300	-3.724060
-0.002200	-10.127900
-0.002100	-11.605700
-0.002000	-8.157470
-0.001900	-8.650070
-0.001800	1.201950
-0.001700	9.576160
-0.001600	3.172350
-0.001500	-5.694470
-0.001400	4.650150
-0.001300	8.098360
-0.001200	-5.694470
-0.001100	-13.576100
-0.001000	-4.709270
-0.000900	-4.709270
-0.000800	6.127960
-0.000700	5.635360
-0.000600	-10.620500
-0.000500	-4.216660
-0.000400	-3.724060
-0.000300	-5.694470
-0.000200	-5.694470
-0.000100	-4.709270
0.000000	-2.738860
0.000100	-8.650070
0.000200	-14.561300
0.000300	-7.172270
0.000400	4.157550
0.000500	6.620560
0.000600	1.201950
0.000700	5.142750
0.000800	9.083560
0.000900	15.980000
0.001000	-12.098300
0.001100	-21.457701
0.001200	16.965200
0.001300	-14.561300
0.001400	-47.073002
0.001500	12.039200
0.001600	12.531800
0.001700	-2.738860
0.001800	13.024400
0.001900	-24.413300
0.002000	-18.009501
0.002100	5.142750
0.002200	9.576160
0.002300	21.398600
0.002400	-10.127900
0.002500	-27.861500
0.002600	6.127960
0.002700	12.039200
0.002800	-0.275857
0.002900	-1.753660
0.003000	2.187150
0.003100	-12.590900
0.003200	-23.428101
0.003300	60.314098
0.003400	228.783997
0.003500	147.996994
0.003600	104.155998
0.003700	190.360992
0.003800	223.858002
0.003900	165.731003
0.004000	134.203995
0.004100	215.975998
0.004200	223.858002
0.004300	151.938004
0.004400	195.287003
0.004500	248.979996
0.004600	179.524002
0.004700	166.716003
0.004800	182.479004
0.004900	141.100998
0.005000	72.136497
0.005100	86.914497
0.005200	140.115005
0.005300	122.382004
0.005400	92.825699
0.005500	130.263000
0.005600	133.712006
0.005700	113.022003
0.005800	80.018097
0.005900	71.643898
0.006000	78.540298
0.006100	56.865898
0.006200	64.254898
0.006300	87.899696
0.006400	46.521198
0.006500	-10.620500
0.006600	-0.768458
0.006700	-5.694470
0.006800	-7.664870
0.006900	19.428200
0.007000	43.565601
0.007100	40.610001
0.007200	21.891199
0.007300	-8.650070
0.007400	-87.466202
0.007500	-156.429993
0.007600	-112.588997
0.007700	45.535999
0.007800	25.339399
0.007900	-63.821400
0.008000	-9.635280
0.008100	13.517000
0.008200	-26.383699
0.008300	-23.920700
0.008400	25.832001
0.008500	45.535999
0.008600	54.402901
0.008700	14.502200
0.008800	-34.757900
0.008900	-35.250500
0.009000	-50.028599
0.009100	-60.373199
0.009200	-72.688202
0.009300	-12.590900
0.009400	12.039200
0.009500	-91.406998
0.009600	-88.451401
0.009700	-95.347801
0.009800	-106.184998
0.009900	-126.874001
0.010000	-137.712006
0.010100	-91.406998
0.010200	-116.037003
0.010300	-135.740997
0.010400	-133.278000
0.010500	-138.697006
0.010600	-107.169998
0.010700	-185.001007
0.010800	-191.897995
0.010900	-148.548996
0.011000	-112.096001
0.011100	-128.352005
0.011200	-161.356003
0.011300	-72.688202
0.011400	81.988503
0.011500	89.870102
0.011600	65.732697
0.011700	69.180901
0.011800	30.757999
0.011900	13.517000
0.012000	42.580399
0.012100	41.102600
0.012200	108.588997
0.012300	117.947998
0.012400	37.654400
0.012500	25.832001
0.012600	25.339399
0.012700	24.846800
0.012800	35.191399
0.012900	50.462002
0.013000	100.707001
0.013100	115.977997
0.013200	76.569901
0.013300	45.535999
0.013400	26.324600
0.013500	36.669201
0.013600	88.392303
0.013700	81.988503
0.013800	50.954601
0.013900	28.295000
0.014000	-9.635280
0.014100	12.039200
0.014200	44.550800
0.014300	13.517000
0.014400	21.891199
0.014500	62.777100
0.014600	45.535999
0.014700	10.068800
0.014800	16.965200
0.014900	35.683998
0.015000	55.388100
0.015100	75.092102
0.015200	62.284500
0.015300	70.166100
0.015400	46.028599
0.015500	-6.679670
0.015600	11.054000
0.015700	50.462002
0.015800	57.358501
0.015900	38.639599
0.016000	13.517000
0.016100	14.994800
0.016200	12.039200
0.016300	14.009600
0.016400	8.098360
0.016500	-9.635280
0.016600	-18.009501
0.016700	-27.861500
0.016800	-14.068700
0.016900	16.965200
0.017000	39.624802
0.017100	61.299301
0.017200	71.643898
0.017300	90.855301
0.017400	101.693001
0.017500	68.688301
0.017600	57.358501
0.017700	71.151299
0.017800	58.343700
0.017900	48.491600
0.018000	43.565601
0.018100	39.624802
0.018200	29.772800
0.018300	8.098360
0.018400	-2.738860
0.018500	-9.635280
0.018600	10.561400
0.018700	24.354200
0.018800	12.039200
0.018900	-10.127900
0.019000	-47.073002
0.019100	-54.954601
0.019200	-36.235699
0.019300	5.142750
0.019400	36.669201
0.019500	39.624802
0.019600	34.698799
0.019700	41.595200
0.019800	35.683998
0.019900	21.891199
0.020000	2.187150
0.020100	-12.590900
0.020200	0.216744
0.020300	15.980000
0.020400	34.206200
0.020500	20.906000
0.020600	-10.620500
0.020700	-15.053900
0.020800	14.994800
0.020900	3.664950
0.021000	-118.992996
0.021100	-492.877014
0.021200	-631.297974
0.021300	-406.671997
0.021400	-368.740997
0.021500	-517.013977
0.021600	-430.808990
0.021700	-61.851002
0.021800	241.591003
0.021900	280.014008
0.022000	177.552994
0.022100	-37.220901
0.022200	-428.346008
0.022300	-650.017029
0.022400	-599.770996
0.022500	-500.757996
0.022600	-440.169006
0.022700	-363.322998
0.022800	-304.703003
0.022900	-285.492004
0.023000	-232.291000
0.023100	-180.567993
0.023200	-203.227005
0.023300	-222.438995
0.023400	-187.957001
0.023500	-152.490005
0.023600	-126.874001
0.023700	-36.235699
0.023800	60.314098
0.023900	-27.368900
0.024000	-130.815002
0.024100	-129.337006
0.024200	-98.303497
0.024300	-77.121597
0.024400	-41.161701
0.024500	13.024400
0.024600	118.933998
0.024700	18.935600
0.024800	-353.963013
0.024900	-526.374023
0.025000	-420.957001
0.025100	-233.276001
0.025200	-224.901993
0.025300	-178.597000
0.025400	-149.041000
0.025500	-124.903999
0.025600	-76.628998
0.025700	-52.984200
0.025800	-86.481003
0.025900	-108.648003
0.026000	-110.125999
0.026100	-118.992996
0.026200	-130.815002
0.026300	-100.274002
0.026400	-50.028599
0.026500	-71.703003
0.026600	-96.333099
0.026700	-114.067001
0.026800	-160.371002
0.026900	-134.755997
0.027000	-63.821400
0.027100	-48.058201
0.027200	10.068800
0.027300	36.176601
0.027400	-6.679670
0.027500	-56.924999
0.027600	-126.382004
0.027700	-140.667007
0.027800	-40.176498
0.027900	26.817200
0.028000	3.172350
0.028100	-15.546500
0.028200	-6.679670
0.028300	-24.413300
0.028400	13.024400
0.028500	918.424988
0.028600	2301.159912
0.028700	2380.459961
0.028800	1641.069946
0.028900	1192.310059
0.029000	961.773987
0.029100	763.747986
0.029200	657.838989
0.029300	575.081970
0.029400	511.536987
0.029500	482.472992
0.029600	429.272003
0.029700	356.367004
0.029800	320.899994
0.029900	303.658997
0.030000	283.462006
0.030100	283.954987
0.030200	294.791992
0.030300	281.492004
0.030400	238.636002
0.030500	214.005997
0.030600	182.479004
0.030700	160.804993
0.030800	151.445007
0.030900	131.248993
0.031000	126.322998
0.031100	133.218994
0.031200	126.815002
0.031300	128.785995
0.031400	148.981995
0.031500	146.026993
0.031600	143.070999
0.031700	122.382004
0.031800	86.421898
0.031900	64.747498
0.032000	46.521198
0.032100	35.683998
0.032200	59.328899
0.032300	79.032898
0.032400	74.106903
0.032500	80.018097
0.032600	83.958900
0.032700	99.722099
0.032800	84.944099
0.032900	54.402901
0.033000	64.254898
0.033100	89.870102
0.033200	98.244301
0.033300	96.766502
0.033400	74.599503
0.033500	36.176601
0.033600	14.994800
0.033700	12.531800
0.033800	23.368999
0.033900	25.339399
0.034000	58.343700
0.034100	97.259102
0.034200	90.362701
0.034300	82.973701
0.034400	114.008003
0.034500	109.573997
0.034600	93.810898
0.034700	107.603996
0.034800	118.441002
0.034900	105.633003
0.035000	69.180901
0.035100	54.402901
0.035200	48.491600
0.035300	33.713600
0.035400	62.284500
0.035500	48.491600
0.035600	64.254898
0.035700	94.303497
0.035800	61.299301
0.035900	51.447201
0.036000	86.914497
0.036100	109.573997
0.036200	108.096001
0.036300	96.766502
0.036400	112.037003
0.036500	124.351997
0.036600	124.351997
0.036700	133.218994
0.036800	136.175003
0.036900	130.263000
0.037000	104.648003
0.037100	49.476799
0.037200	7.605760
0.037300	6.127960
0.037400	9.576160
0.037500	18.935600
0.037600	37.161800
0.037700	69.180901
0.037800	67.703102
0.037900	41.102600
0.038000	43.565601
0.038100	39.624802
0.038200	46.028599
0.038300	67.210503
0.038400	73.614304
0.038500	52.925098
0.038600	42.087799
0.038700	29.772800
0.038800	33.713600
0.038900	34.206200
0.039000	26.817200
0.039100	34.698799
0.039200	42.580399
0.039300	43.565601
0.039400	52.925098
0.039500	54.402901
0.039600	52.432499
0.039700	49.476799
0.039800	40.610001
0.039900	29.772800
0.040000	20.906000
0.040100	12.039200
0.040200	11.054000
0.040300	25.832001
0.040400	33.221001
0.040500	32.728401
0.040600	38.639599
0.040700	44.550800
0.040800	17.457800
0.040900	27.802401
0.041000	56.865898
0.041100	55.388100
0.041200	45.535999
0.041300	49.969398
0.041400	52.925098
0.041500	54.895500
0.041600	50.462002
0.041700	42.580399
0.041800	50.462002
0.041900	55.880699
0.042000	44.550800
0.042100	50.462002
0.042200	52.432499
0.042300	45.535999
0.042400	50.954601
0.042500	53.910301
0.042600	33.713600
0.042700	30.757999
0.042800	45.535999
0.042900	37.161800
0.043000	26.324600
0.043100	34.206200
0.043200	25.339399
0.043300	19.428200
0.043400	26.817200
0.043500	28.787600
0.043600	34.698799
0.043700	42.087799
0.043800	51.447201
0.043900	46.521198
0.044000	34.698799
0.044100	43.565601
0.044200	55.388100
0.044300	72.136497
0.044400	70.658699
0.044500	38.639599
0.044600	38.639599
0.044700	34.206200
0.044800	-8.650070
0.044900	-6.679670
0.045000	19.920799
0.045100	26.817200
0.045200	25.832001
0.045300	15.980000
0.045400	19.920799
0.045500	45.535999
0.045600	55.880699
0.045700	37.161800
0.045800	5.142750
0.045900	9.083560
0.046000	35.191399
0.046100	43.565601
0.046200	34.698799
0.046300	34.698799
0.046400	45.535999
0.046500	78.540298
0.046600	95.781303
0.046700	74.106903
0.046800	59.821499
0.046900	76.077301
0.047000	84.944099
0.047100	101.693001
0.047200	102.184998
0.047300	97.259102
0.047400	112.529999
0.047500	76.077301
0.047600	43.565601
0.047700	97.751701
0.047800	100.214996
0.047900	71.151299
0.048000	56.865898
0.048100	24.846800
0.048200	54.402901
0.048300	110.067001
0.048400	82.973701
0.048500	71.643898
0.048600	27.802401
0.048700	-163.819000
0.048800	-187.957001
0.048900	42.580399
0.049000	133.218994
0.049100	54.895500
0.049200	-66.777000
0.049300	-21.950300
0.049400	104.648003
0.049500	99.722099
0.049600	-47.073002
0.049700	-189.434998
0.049800	-81.555000
0.049900	92.825699
0.050000	97.751701
0.050100	49.476799
0.050200	43.565601
0.050300	54.895500
0.050400	64.747498
0.050500	60.806702
0.050600	64.747498
0.050700	79.525497
0.050800	87.899696
0.050900	98.736900
0.051000	108.588997
0.051100	112.037003
0.051200	103.663002
0.051300	112.529999
0.051400	122.382004
0.051500	106.619003
0.051600	102.184998
0.051700	120.903999
0.051800	122.382004
0.051900	105.633003
0.052000	84.944099
0.052100	79.525497
0.052200	77.555099
0.052300	75.092102
0.052400	49.476799
0.052500	25.832001
0.052600	14.994800
0.052700	-9.635280
0.052800	-17.516899
0.052900	15.487400
0.053000	32.728401
0.053100	40.610001
0.053200	51.939800
0.053300	42.580399
0.053400	27.802401
0.053500	36.669201
0.053600	51.447201
0.053700	47.013802
0.053800	43.565601
0.053900	56.373299
0.054000	53.910301
0.054100	58.343700
0.054200	51.447201
0.054300	59.328899
0.054400	75.092102
0.054500	59.328899
0.054600	61.299301
0.054700	82.973701
0.054800	99.722099
0.054900	12.039200
0.055000	-188.449005
0.055100	-33.280102
0.055200	208.093994
0.055300	148.981995
0.055400	43.565601
0.055500	56.373299
0.055600	84.451500
0.055700	78.047699
0.055800	84.944099
0.055900	91.840500
0.056000	68.195702
0.056100	47.999001
0.056200	64.254898
0.056300	89.377502
0.056400	95.781303
0.056500	101.693001
0.056600	133.712006
0.056700	168.194000
0.056800	148.490005
0.056900	122.382004
0.057000	89.870102
0.057100	57.851101
0.057200	48.491600
0.057300	24.354200
0.057400	-3.724060
0.057500	0.216744
0.057600	20.906000
0.057700	26.324600
0.057800	21.398600
0.057900	21.891199
0.058000	31.743200
0.058100	34.698799
0.058200	37.161800
0.058300	39.624802
0.058400	43.565601
0.058500	60.314098
0.058600	119.426003
0.058700	174.597000
0.058800	169.671005
0.058900	142.085999
0.059000	87.899696
0.059100	-9.142670
0.059200	-14.561300
0.059300	51.447201
0.059400	76.077301
0.059500	82.973701
0.059600	81.988503
0.059700	66.225304
0.059800	63.269699
0.059900	56.373299
0.060000	27.802401
0.060100	6.127960
0.060200	-6.679670
0.060300	-47.073002
0.060400	-75.151199
0.060500	-25.398500
0.060600	61.791901
0.060700	111.544998
0.060800	93.318298
0.060900	67.210503
0.061000	66.225304
0.061100	73.614304
0.061200	73.121696
0.061300	82.973701
0.061400	95.781303
0.061500	105.633003
0.061600	116.471001
0.061700	110.558998
0.061800	118.441002
0.061900	173.612000
0.062000	259.325012
0.062100	245.531998
0.062200	186.912994
0.062300	166.716003
0.062400	151.445007
0.062500	154.401001
0.062600	153.908005
0.062700	129.278000
0.062800	100.707001
0.062900	58.343700
0.063000	42.580399
0.063100	78.047699
0.063200	95.288696
0.063300	91.840500
0.063400	108.096001
0.063500	125.830002
0.063600	127.307999
0.063700	106.619003
0.063800	92.333099
0.063900	102.678001
0.064000	115.977997
0.064100	115.485001
0.064200	103.663002
0.064300	106.619003
0.064400	124.845001
0.064500	155.386002
0.064600	154.893005
0.064700	118.933998
0.064800	81.988503
0.064900	50.462002
0.065000	26.817200
0.065100	20.906000
0.065200	29.772800
0.065300	45.535999
0.065400	56.373299
0.065500	62.284500
0.065600	65.240097
0.065700	66.225304
0.065800	70.658699
0.065900	72.629097
0.066000	67.210503
0.066100	56.373299
0.066200	60.314098
0.066300	84.451500
0.066400	102.678001
0.066500	106.619003
0.066600	114.500000
0.066700	111.052002
0.066800	101.693001
0.066900	100.707001
0.067000	97.751701
0.067100	94.303497
0.067200	83.958900
0.067300	93.318298
0.067400	84.451500
0.067500	62.284500
0.067600	41.595200
0.067700	14.994800
0.067800	-12.590900
0.067900	-27.861500
0.068000	-3.724060
0.068100	55.880699
0.068200	100.214996
0.068300	96.273903
0.068400	75.584702
0.068500	72.136497
0.068600	70.166100
0.068700	73.121696
0.068800	80.510696
0.068900	81.003304
0.069000	81.003304
0.069100	92.333099
0.069200	109.573997
0.069300	123.366997
0.069400	120.411003
0.069500	120.411003
0.069600	122.382004
0.069700	114.992996
0.069800	98.736900
0.069900	73.121696
0.070000	54.402901
0.070100	47.013802
0.070200	37.654400
0.070300	23.368999
0.070400	13.517000
0.070500	18.443001
0.070600	33.713600
0.070700	35.683998
0.070800	48.491600
0.070900	64.254898
0.071000	74.106903
0.071100	82.973701
0.071200	112.529999
0.071300	133.218994
0.071400	132.233994
0.071500	128.292999
0.071600	114.500000
0.071700	105.633003
0.071800	107.603996
0.071900	115.485001
0.072000	120.903999
0.072100	110.558998
0.072200	91.840500
0.072300	67.210503
0.072400	40.610001
0.072500	27.802401
0.072600	14.009600
0.072700	-4.709270
0.072800	6.127960
0.072900	40.610001
0.073000	41.595200
0.073100	35.683998
0.073200	31.250601
0.073300	-17.516899
0.073400	2.187150
0.073500	98.736900
0.073600	104.648003
0.073700	69.180901
0.073800	69.180901
0.073900	68.688301
0.074000	82.973701
0.074100	100.214996
0.074200	115.977997
0.074300	127.307999
0.074400	131.248993
0.074500	131.740997
0.074600	113.514999
0.074700	108.096001
0.074800	121.397003
0.074900	115.485001
0.075000	100.214996
0.075100	101.693001
0.075200	90.855301
0.075300	61.299301
0.075400	43.565601
0.075500	23.861601
0.075600	14.009600
0.075700	-2.246260
0.075800	-6.679670
0.075900	9.083560
0.076000	32.728401
0.076100	34.698799
0.076200	35.683998
0.076300	43.565601
0.076400	43.565601
0.076500	47.506401
0.076600	43.565601
0.076700	27.802401
0.076800	47.999001
0.076900	97.751701
0.077000	115.485001
0.077100	103.663002
0.077200	106.619003
0.077300	117.456001
0.077400	121.397003
0.077500	122.382004
0.077600	111.544998
0.077700	95.781303
0.077800	79.032898
0.077900	52.925098
0.078000	33.713600
0.078100	17.950399
0.078200	14.009600
0.078300	4.157550
0.078400	8.590960
0.078500	20.906000
0.078600	20.906000
0.078700	35.683998
0.078800	65.240097
0.078900	76.569901
0.079000	86.421898
0.079100	95.781303
0.079200	92.333099
0.079300	95.781303
0.079400	110.067001
0.079500	116.471001
0.079600	114.500000
0.079700	104.155998
0.079800	100.707001
0.079900	96.766502
0.080000	77.062500
0.080100	64.254898
0.080200	49.476799
0.080300	16.965200
0.080400	-7.172270
0.080500	-12.098300
0.080600	-33.280102
0.080700	-36.235699
0.080800	-5.201870
0.080900	13.024400
0.081000	15.487400
0.081100	20.906000
0.081200	25.832001
0.081300	26.817200
0.081400	43.565601
0.081500	51.447201
0.081600	60.314098
0.081700	78.047699
0.081800	84.944099
0.081900	85.929298
0.082000	88.392303
0.082100	89.377502
0.082200	87.899696
0.082300	87.899696
0.082400	88.884903
0.082500	81.003304
0.082600	76.077301
0.082700	67.210503
0.082800	62.284500
0.082900	69.180901
0.083000	61.299301
0.083100	37.161800
0.083200	11.054000
0.083300	-6.187070
0.083400	-12.590900
0.083500	-18.009501
0.083600	-18.009501
0.083700	-28.354099
0.083800	-25.398500
0.083900	-1.261060
0.084000	14.994800
0.084100	16.472601
0.084200	36.669201
0.084300	62.284500
0.084400	68.195702
0.084500	70.658699
0.084600	64.747498
0.084700	67.210503
0.084800	73.121696
0.084900	70.166100
0.085000	72.136497
0.085100	70.166100
0.085200	68.688301
0.085300	62.284500
0.085400	43.565601
0.085500	33.713600
0.085600	19.428200
0.085700	-0.768458
0.085800	-7.664870
0.085900	-17.516899
0.086000	-25.398500
0.086100	-37.220901
0.086200	-37.220901
0.086300	-14.068700
0.086400	1.694550
0.086500	25.832001
0.086600	40.610001
0.086700	48.491600
0.086800	53.417702
0.086900	72.136497
0.087000	86.421898
0.087100	81.495903
0.087200	68.195702
0.087300	69.180901
0.087400	76.077301
0.087500	78.540298
0.087600	74.599503
0.087700	69.180901
0.087800	54.402901
0.087900	40.610001
0.088000	16.965200
0.088100	-13.576100
0.088200	-38.206100
0.088300	-48.058201
0.088400	-52.984200
0.088500	-57.910198
0.088600	-47.073002
0.088700	-12.590900
0.088800	-13.083500
0.088900	-17.516899
0.089000	-12.590900
0.089100	-5.694470
0.089200	5.142750
0.089300	24.354200
0.089400	45.535999
0.089500	63.269699
0.089600	63.269699
0.089700	69.180901
0.089800	76.077301
0.089900	69.180901
0.090000	67.210503
0.090100	70.166100
0.090200	66.225304
0.090300	62.284500
0.090400	53.417702
0.090500	48.491600
0.090600	44.550800
0.090700	48.491600
0.090800	31.743200
0.090900	10.068800
0.091000	-6.679670
0.091100	-15.546500
0.091200	-16.039101
0.091300	-15.053900
0.091400	-8.650070
0.091500	-2.738860
0.091600	-0.768458
0.091700	10.068800
0.091800	25.339399
0.091900	44.058201
0.092000	58.343700
0.092100	62.284500
0.092200	68.688301
0.092300	59.328899
0.092400	48.491600
0.092500	50.462002
0.092600	48.984200
0.092700	39.624802
0.092800	40.610001
0.092900	27.309799
0.093000	0.216744
0.093100	-3.724060
0.093200	-15.546500
0.093300	-25.891100
0.093400	-26.383699
0.093500	-20.472500
0.093600	-23.920700
0.093700	-25.398500
0.093800	-12.590900
0.093900	-5.694470
0.094000	13.024400
0.094100	39.624802
0.094200	53.417702
0.094300	60.806702
0.094400	60.806702
0.094500	58.343700
0.094600	54.402901
0.094700	60.314098
0.094800	59.328899
0.094900	56.373299
0.095000	62.284500
0.095100	58.836300
0.095200	45.535999
0.095300	44.550800
0.095400	60.314098
0.095500	60.314098
0.095600	37.654400
0.095700	18.935600
0.095800	1.694550
0.095900	-15.053900
0.096000	-29.339300
0.096100	-25.398500
0.096200	-30.817101
0.096300	-29.339300
0.096400	-11.605700
0.096500	-8.650070
0.096600	-3.724060
0.096700	-1.753660
0.096800	7.113160
0.096900	29.280199
0.097000	45.535999
0.097100	41.102600
0.097200	40.610001
0.097300	49.969398
0.097400	55.880699
0.097500	62.284500
0.097600	66.225304
0.097700	54.402901
0.097800	37.654400
0.097900	29.772800
0.098000	20.906000
0.098100	25.832001
0.098200	26.817200
0.098300	-3.724060
0.098400	-14.561300
0.098500	17.950399
0.098600	35.683998
0.098700	16.965200
0.098800	11.054000
0.098900	21.398600
0.099000	19.428200
0.099100	29.772800
0.099200	49.476799
0.099300	62.777100
0.099400	58.343700
0.099500	47.999001
0.099600	51.939800
0.099700	53.910301
0.099800	50.954601
0.099900	47.999001
0.100000	41.102600
0.100100	32.235802
0.100200	34.698799
0.100300	40.117401
0.100400	13.024400
0.100500	-19.487301
0.100600	-31.802299
0.100700	-47.073002
0.100800	-61.851002
0.100900	-71.703003
0.101000	-80.569801
0.101100	-76.628998
0.101200	-40.176498
0.101300	5.142750
0.101400	14.994800
0.101500	6.127960
0.101600	-1.753660
0.101700	20.906000
0.101800	36.669201
0.101900	42.087799
0.102000	59.328899
0.102100	58.343700
0.102200	56.373299
0.102300	59.328899
0.102400	50.462002
0.102500	48.984200
0.102600	47.506401
0.102700	46.028599
0.102800	46.521198
0.102900	48.491600
0.103000	43.565601
0.103100	34.698799
0.103200	19.920799
0.103300	-5.694470
0.103400	-27.368900
0.103500	-32.294899
0.103600	-47.073002
0.103700	-49.043400
0.103800	-73.673401
0.103900	-80.569801
0.104000	-61.851002
0.104100	-51.999001
0.104200	-28.354099
0.104300	35.683998
0.104400	69.180901
0.104500	58.343700
0.104600	44.550800
0.104700	51.447201
0.104800	51.447201
0.104900	43.565601
0.105000	54.402901
0.105100	47.506401
0.105200	39.624802
0.105300	41.102600
0.105400	36.669201
0.105500	36.669201
0.105600	35.683998
0.105700	17.950399
0.105800	2.187150
0.105900	-18.502100
0.106000	-33.280102
0.106100	-29.339300
0.106200	-19.487301
0.106300	-18.502100
0.106400	-9.635280
0.106500	-3.724060
0.106600	21.891199
0.106700	39.132198
0.106800	40.610001
0.106900	36.669201
0.107000	30.757999
0.107100	20.413401
0.107200	17.950399
0.107300	25.339399
0.107400	29.772800
0.107500	30.757999
0.107600	27.802401
0.107700	27.802401
0.107800	23.368999
0.107900	7.113160
0.108000	-27.861500
0.108100	-47.073002
0.108200	-39.191299
0.108300	-48.550800
0.108400	-55.939800
0.108500	-64.806602
0.108600	-65.791801
0.108700	-51.013802
0.108800	-49.043400
0.108900	-55.939800
0.109000	-49.043400
0.109100	-47.073002
0.109200	-26.383699
0.109300	-5.694470
0.109400	21.398600
0.109500	68.688301
0.109600	95.781303
0.109700	73.121696
0.109800	46.521198
0.109900	40.610001
0.110000	41.102600
0.110100	37.654400
0.110200	35.191399
0.110300	30.265400
0.110400	23.368999
0.110500	26.324600
0.110600	16.965200
0.110700	-12.590900
0.110800	-24.413300
0.110900	-33.280102
0.111000	-52.491600
0.111100	-54.954601
0.111200	-48.058201
0.111300	-38.206100
0.111400	-29.339300
0.111500	-24.413300
0.111600	-16.531700
0.111700	-3.724060
0.111800	5.635360
0.111900	18.443001
0.112000	31.250601
0.112100	32.728401
0.112200	41.595200
0.112300	41.595200
0.112400	36.669201
0.112500	46.028599
0.112600	34.206200
0.112700	19.920799
0.112800	30.265400
0.112900	34.698799
0.113000	17.950399
0.113100	-4.216660
0.113200	-18.994699
0.113300	-19.487301
0.113400	-37.713501
0.113500	-48.058201
0.113600	-47.073002
0.113700	-47.073002
0.113800	-38.206100
0.113900	-28.354099
0.114000	-14.068700
0.114100	11.054000
0.114200	29.280199
0.114300	31.743200
0.114400	29.772800
0.114500	27.802401
0.114600	24.846800
0.114700	19.428200
0.114800	4.157550
0.114900	-4.216660
0.115000	3.172350
0.115100	6.620560
0.115200	8.098360
0.115300	8.098360
0.115400	-4.709270
0.115500	-21.457701
0.115600	-49.043400
0.115700	-66.284401
0.115800	-65.791801
0.115900	-74.658600
0.116000	-79.092003
0.116100	-67.762199
0.116200	-56.924999
0.116300	-55.447201
0.116400	-49.043400
0.116500	-47.073002
0.116600	-34.265301
0.116700	-4.709270
0.116800	6.127960
0.116900	3.664950
0.117000	9.083560
0.117100	18.443001
0.117200	12.039200
0.117300	10.561400
0.117400	16.965200
0.117500	15.980000
0.117600	14.009600
0.117700	17.950399
0.117800	22.876400
0.117900	17.950399
0.118000	20.906000
0.118100	13.517000
0.118200	-3.724060
0.118300	-15.053900
0.118400	-18.009501
0.118500	-14.068700
0.118600	-26.876301
0.118700	-32.294899
0.118800	-24.905899
0.118900	-21.950300
0.119000	-10.620500
0.119100	17.457800
0.119200	34.698799
0.119300	27.309799
0.119400	19.428200
0.119500	25.339399
0.119600	27.802401
0.119700	25.832001
0.119800	19.428200
0.119900	15.980000
0.120000	13.517000
0.120100	19.920799
0.120200	25.832001
0.120300	8.098360
0.120400	-5.694470
0.120500	-16.531700
0.120600	-35.250500
0.120700	-47.073002
0.120800	-40.669102
0.120900	-49.043400
0.121000	-47.073002
0.121100	-28.846701
0.121200	-21.457701
0.121300	-13.083500
0.121400	14.994800
0.121500	26.817200
0.121600	38.639599
0.121700	45.535999
0.121800	43.565601
0.121900	53.417702
0.122000	55.388100
0.122100	43.565601
0.122200	34.698799
0.122300	28.787600
0.122400	23.861601
0.122500	28.295000
0.122600	13.517000
0.122700	13.517000
0.122800	8.098360
0.122900	-9.635280
0.123000	-29.339300
0.123100	-53.969398
0.123200	-63.821400
0.123300	-61.851002
0.123400	-55.939800
0.123500	-47.073002
0.123600	-27.368900
0.123700	-21.950300
0.123800	-23.920700
0.123900	-11.605700
0.124000	5.635360
0.124100	12.039200
0.124200	35.683998
0.124300	51.447201
0.124400	40.610001
0.124500	29.772800
0.124600	37.654400
0.124700	36.669201
0.124800	30.757999
0.124900	28.295000
0.125000	27.802401
0.125100	25.339399
0.125200	22.876400
0.125300	14.009600
0.125400	5.142750
0.125500	-4.216660
0.125600	-21.457701
0.125700	-39.191299
0.125800	-51.999001
0.125900	-50.028599
0.126000	-47.073002
0.126100	-50.028599
0.126200	-35.250500
0.126300	-3.724060
0.126400	20.906000
0.126500	20.906000
0.126600	26.324600
0.126700	27.309799
0.126800	23.368999
0.126900	27.309799
0.127000	27.309799
0.127100	21.891199
0.127200	15.980000
0.127300	9.576160
0.127400	6.620560
0.127500	10.068800
0.127600	1.201950
0.127700	-4.709270
0.127800	-11.605700
0.127900	-20.965099
0.128000	-37.220901
0.128100	-41.161701
0.128200	-23.920700
0.128300	-13.576100
0.128400	-12.590900
0.128500	-3.724060
0.128600	-11.605700
0.128700	-25.891100
0.128800	-17.516899
0.128900	-5.201870
0.129000	-17.516899
0.129100	-16.531700
0.129200	-6.679670
0.129300	-10.127900
0.129400	-19.487301
0.129500	-26.383699
0.129600	-24.413300
0.129700	-22.442900
0.129800	-12.098300
0.129900	-2.738860
0.130000	7.113160
0.130100	4.157550
0.130200	9.083560
0.130300	10.068800
0.130400	9.576160
0.130500	5.142750
0.130600	1.201950
0.130700	7.605760
0.130800	3.172350
0.130900	-0.768458
0.131000	1.694550
0.131100	-3.724060
0.131200	-16.531700
0.131300	-21.950300
0.131400	-15.053900
0.131500	-12.590900
0.131600	-9.142670
0.131700	4.157550
0.131800	24.846800
0.131900	13.517000
0.132000	7.605760
0.132100	4.157550
0.132200	2.679750
0.132300	4.157550
0.132400	1.201950
0.132500	4.157550
0.132600	1.694550
0.132700	-13.576100
0.132800	-18.502100
0.132900	-2.738860
0.133000	-10.127900
0.133100	-9.635280
0.133200	8.590960
0.133300	12.039200
0.133400	19.428200
0.133500	18.935600
0.133600	14.994800
0.133700	11.054000
0.133800	14.994800
0.133900	18.935600
0.134000	13.517000
0.134100	0.709345
0.134200	-6.679670
0.134300	1.201950
0.134400	-7.664870
0.134500	-13.083500
0.134600	-9.635280
0.134700	1.201950
0.134800	16.472601
0.134900	18.935600
0.135000	14.994800
0.135100	13.517000
0.135200	11.054000
0.135300	6.127960
0.135400	-1.753660
0.135500	1.201950
0.135600	3.172350
0.135700	-1.753660
0.135800	-7.664870
0.135900	-13.576100
0.136000	-16.531700
0.136100	-6.187070
0.136200	0.709345
0.136300	9.083560
0.136400	5.142750
0.136500	9.083560
0.136600	12.531800
0.136700	3.172350
0.136800	-0.768458
0.136900	11.054000
0.137000	11.054000
0.137100	-1.753660
0.137200	-10.620500
0.137300	-7.664870
0.137400	-6.679670
0.137500	-8.157470
0.137600	-9.635280
0.137700	-1.753660
0.137800	12.039200
0.137900	14.994800
0.138000	5.635360
0.138100	1.201950
0.138200	-1.753660
0.138300	1.694550
0.138400	-0.768458
0.138500	-10.127900
0.138600	-5.694470
0.138700	-11.605700
0.138800	-18.502100
0.138900	-5.201870
0.139000	3.172350
0.139100	2.187150
0.139200	13.024400
0.139300	6.127960
0.139400	4.157550
0.139500	10.068800
0.139600	12.039200
0.139700	3.172350
0.139800	-7.172270
0.139900	-9.635280
0.140000	-10.620500
0.140100	-13.576100
0.140200	-10.127900
0.140300	-9.635280
0.140400	-9.635280
0.140500	-0.768458
0.140600	5.142750
0.140700	4.157550
0.140800	2.187150
0.140900	-3.724060
0.141000	-4.709270
0.141100	4.157550
0.141200	-2.246260
0.141300	-13.576100
0.141400	-21.457701
0.141500	-17.516899
0.141600	-5.694470
0.141700	-2.738860
0.141800	9.083560
0.141900	6.620560
0.142000	-4.709270
0.142100	0.709345
0.142200	-1.753660
0.142300	-6.679670
0.142400	-3.724060
0.142500	-3.724060
0.142600	-4.709270
0.142700	-4.216660
0.142800	-4.709270
0.142900	-2.738860
0.143000	2.187150
0.143100	10.068800
0.143200	10.068800
0.143300	8.590960
0.143400	6.620560
0.143500	-8.650070
0.143600	-6.679670
0.143700	-1.753660
0.143800	-3.724060
0.143900	-9.635280
0.144000	-10.127900
0.144100	-13.083500
0.144200	-15.546500
0.144300	0.709345
0.144400	7.113160
0.144500	-5.694470
0.144600	2.187150
0.144700	15.487400
0.144800	2.679750
0.144900	-9.635280
0.145000	-7.664870
0.145100	-8.650070
0.145200	-7.664870
0.145300	-5.201870
0.145400	1.694550
0.145500	-2.738860
0.145600	-0.275857
0.145700	14.009600
0.145800	19.920799
0.145900	13.517000
0.146000	3.664950
0.146100	-5.694470
0.146200	6.127960
0.146300	9.576160
0.146400	-3.231460
0.146500	-0.768458
0.146600	6.620560
0.146700	3.172350
0.146800	1.201950
0.146900	1.201950
0.147000	2.679750
0.147100	-1.753660
0.147200	-6.679670
0.147300	-11.113100
0.147400	-7.172270
0.147500	0.216744
0.147600	-1.753660
0.147700	-3.231460
0.147800	-1.753660
0.147900	-7.664870
0.148000	-5.201870
0.148100	9.083560
0.148200	7.113160
0.148300	-0.768458
0.148400	1.201950
0.148500	3.172350
0.148600	-8.157470
0.148700	-10.620500
0.148800	-9.635280
0.148900	-13.576100
0.149000	-8.650070
0.149100	-0.275857
0.149200	-0.768458
0.149300	1.694550
0.149400	12.039200
0.149500	10.068800
0.149600	4.157550
0.149700	13.024400
0.149800	5.142750
0.149900	4.157550
0.150000	-2.246260
0.150100	-4.216660
0.150200	3.664950
0.150300	4.157550
0.150400	9.083560
0.150500	5.142750
0.150600	4.157550
0.150700	-8.157470
0.150800	-8.650070
0.150900	-3.724060
0.151000	-11.605700
0.151100	-4.709270
0.151200	-3.724060
0.151300	-10.127900
0.151400	-4.216660
0.151500	-0.768458
0.151600	6.127960
0.151700	2.679750
0.151800	-1.753660
0.151900	4.157550
0.152000	11.054000
0.152100	4.157550
0.152200	-10.127900
0.152300	-10.620500
0.152400	-10.620500
0.152500	-4.709270
0.152600	3.172350
0.152700	-1.753660
0.152800	7.113160
0.152900	9.083560
0.153000	9.576160
0.153100	12.039200
0.153200	8.590960
0.153300	2.679750
0.153400	-2.246260
0.153500	-2.738860
0.153600	-1.753660
0.153700	-8.650070
0.153800	-8.157470
0.153900	-4.709270
0.154000	-2.738860
0.154100	3.664950
0.154200	9.576160
0.154300	-2.738860
0.154400	-5.201870
0.154500	-2.738860
0.154600	-6.679670
0.154700	-10.620500
0.154800	-14.068700
0.154900	-6.187070
0.155000	7.113160
0.155100	13.517000
0.155200	3.172350
0.155300	-11.605700
0.155400	-14.068700
0.155500	-1.753660
0.155600	4.157550
0.155700	2.187150
0.155800	2.187150
0.155900	3.664950
0.156000	0.709345
0.156100	4.157550
0.156200	13.517000
0.156300	13.024400
0.156400	4.157550
0.156500	5.635360
0.156600	2.187150
0.156700	-1.753660
0.156800	-8.157470
0.156900	-12.590900
0.157000	-16.531700
0.157100	-8.650070
0.157200	-5.694470
0.157300	2.679750
0.157400	9.083560
0.157500	5.142750
0.157600	-1.753660
0.157700	-6.679670
0.157800	-10.620500
0.157900	2.187150
0.158000	2.679750
0.158100	-1.753660
0.158200	0.216744
0.158300	-2.738860
0.158400	-2.738860
0.158500	4.157550
0.158600	5.142750
0.158700	0.216744
0.158800	-4.709270
0.158900	-1.261060
0.159000	4.157550
0.159100	8.590960
0.159200	6.127960
0.159300	0.216744
0.159400	3.172350
0.159500	19.920799
0.159600	11.054000
0.159700	-4.709270
0.159800	-1.753660
0.159900	-9.635280
0.160000	-4.709270
0.160100	4.157550
0.160200	-1.753660
0.160300	-9.635280
0.160400	-1.753660
0.160500	3.172350
0.160600	-3.231460
0.160700	-3.724060
0.160800	-0.768458
0.160900	-8.650070
0.161000	-9.635280
0.161100	-3.231460
0.161200	2.187150
0.161300	-4.709270
0.161400	-5.694470
0.161500	-6.187070
0.161600	0.709345
0.161700	2.187150
0.161800	3.664950
0.161900	7.113160
0.162000	6.620560
0.162100	7.113160
0.162200	6.127960
0.162300	3.172350
0.162400	7.605760
0.162500	2.187150
0.162600	-3.724060
0.162700	2.187150
0.162800	3.172350
0.162900	1.694550
0.163000	-3.724060
0.163100	4.157550
0.163200	5.142750
0.163300	-7.172270
0.163400	-8.157470
0.163500	2.187150
0.163600	-1.753660
0.163700	-3.724060
0.163800	5.142750
0.163900	11.546600
0.164000	-2.738860
0.164100	-5.201870
0.164200	-0.768458
0.164300	-1.753660
0.164400	1.694550
0.164500	0.709345
0.164600	-1.261060
0.164700	2.679750
0.164800	5.635360
0.164900	8.098360
0.165000	6.127960
0.165100	9.083560
0.165200	9.083560
0.165300	6.127960
0.165400	7.113160
0.165500	10.068800
0.165600	9.083560
0.165700	4.157550
0.165800	5.142750
0.165900	10.068800
0.166000	8.590960
0.166100	0.216744
0.166200	-1.753660
0.166300	2.187150
0.166400	-4.709270
0.166500	-10.127900
0.166600	-8.650070
0.166700	-6.187070
0.166800	1.694550
0.166900	0.709345
0.167000	-4.216660
0.167100	2.679750
0.167200	-3.231460
0.167300	-5.694470
0.167400	4.157550
0.167500	4.650150
0.167600	-3.724060
0.167700	-0.768458
0.167800	5.142750
0.167900	-3.231460
0.168000	-8.650070
0.168100	-3.724060
0.168200	-4.709270
0.168300	-3.724060
0.168400	0.709345
0.168500	3.172350
0.168600	-0.768458
0.168700	5.142750
0.168800	5.635360
0.168900	2.187150
0.169000	0.216744
0.169100	0.709345
0.169200	-8.650070
0.169300	-7.664870
0.169400	-4.216660
0.169500	-3.231460
0.169600	-5.694470
0.169700	0.709345
0.169800	10.068800
0.169900	-3.724060
0.170000	-15.546500
0.170100	-6.679670
0.170200	-4.709270
0.170300	-14.561300
0.170400	-8.650070
0.170500	-5.694470
0.170600	2.187150
0.170700	0.216744
0.170800	-8.650070
0.170900	-4.216660
0.171000	-7.664870
0.171100	-8.650070
0.171200	-5.694470
0.171300	1.694550
0.171400	6.127960
0.171500	3.172350
0.171600	5.142750
0.171700	5.142750
0.171800	0.216744
0.171900	9.083560
0.172000	16.472601
0.172100	3.172350
0.172200	-3.724060
0.172300	-3.724060
0.172400	-5.694470
0.172500	0.709345
0.172600	-0.768458
0.172700	-2.246260
0.172800	7.605760
0.172900	10.068800
0.173000	-5.694470
0.173100	-3.724060
0.173200	0.709345
0.173300	-6.187070
0.173400	-12.590900
0.173500	-2.246260
0.173600	1.201950
0.173700	4.650150
0.173800	2.187150
0.173900	2.187150
0.174000	2.187150
0.174100	4.157550
0.174200	5.142750
0.174300	0.216744
0.174400	-3.724060
0.174500	-4.216660
0.174600	-5.694470
0.174700	3.172350
0.174800	2.187150
0.174900	6.127960
0.175000	11.054000
0.175100	12.039200
0.175200	5.142750
0.175300	6.127960
0.175400	-3.724060
0.175500	-10.127900
0.175600	-3.724060
0.175700	-3.724060
0.175800	-0.768458
0.175900	4.157550
0.176000	0.216744
0.176100	3.172350
0.176200	7.113160
0.176300	-2.738860
0.176400	-6.679670
0.176500	-0.275857
0.176600	2.187150
0.176700	-1.753660
0.176800	3.172350
0.176900	2.187150
0.177000	-2.246260
0.177100	-0.275857
0.177200	-1.261060
0.177300	-11.605700
0.177400	-6.187070
0.177500	4.650150
0.177600	13.024400
0.177700	4.157550
0.177800	2.187150
0.177900	5.635360
0.178000	10.068800
0.178100	5.142750
0.178200	7.113160
0.178300	12.039200
0.178400	9.083560
0.178500	12.531800
0.178600	4.650150
0.178700	-0.768458
0.178800	-11.605700
0.178900	-6.679670
0.179000	-7.664870
0.179100	-11.605700
0.179200	7.113160
0.179300	12.039200
0.179400	-0.768458
0.179500	-8.157470
0.179600	-6.679670
0.179700	-5.694470
0.179800	-4.216660
0.179900	-7.664870
0.180000	-3.724060
0.180100	3.664950
0.180200	-2.246260
0.180300	-6.679670
0.180400	1.201950
0.180500	4.157550
0.180600	-0.275857
0.180700	-4.709270
0.180800	-0.768458
0.180900	11.054000
0.181000	4.157550
0.181100	8.590960
0.181200	7.113160
0.181300	3.172350
0.181400	12.531800
0.181500	16.965200
0.181600	5.635360
0.181700	-0.768458
0.181800	9.576160
0.181900	-0.275857
0.182000	-14.561300
0.182100	-8.650070
0.182200	-5.694470
0.182300	-1.753660
0.182400	-3.724060
0.182500	5.142750
0.182600	10.561400
0.182700	4.157550
0.182800	-2.738860
0.182900	-5.201870
0.183000	-8.650070
0.183100	-10.620500
0.183200	-1.261060
0.183300	10.561400
0.183400	9.083560
0.183500	-0.275857
0.183600	7.605760
0.183700	6.127960
0.183800	-3.724060
0.183900	-6.679670
0.184000	6.127960
0.184100	2.187150
0.184200	-0.275857
0.184300	13.517000
0.184400	12.039200
0.184500	14.994800
0.184600	9.083560
0.184700	1.201950
0.184800	10.068800
0.184900	11.054000
0.185000	-3.724060
0.185100	-5.694470
0.185200	0.709345
0.185300	4.650150
0.185400	-0.768458
0.185500	-2.246260
0.185600	8.098360
0.185700	18.443001
0.185800	5.142750
0.185900	1.201950
0.186000	3.172350
0.186100	1.201950
0.186200	-1.261060
0.186300	1.201950
0.186400	-0.768458
0.186500	8.590960
0.186600	7.113160
0.186700	-2.246260
0.186800	4.157550
0.186900	9.576160
0.187000	5.635360
0.187100	11.546600
0.187200	11.546600
0.187300	12.531800
0.187400	2.679750
0.187500	-5.694470
0.187600	-7.664870
0.187700	1.694550
0.187800	5.142750
0.187900	-8.650070
0.188000	-5.201870
0.188100	2.679750
0.188200	1.694550
0.188300	-0.768458
0.188400	-3.724060
0.188500	2.187150
0.188600	-4.216660
0.188700	-3.724060
0.188800	-0.768458
0.188900	0.216744
0.189000	0.216744
0.189100	-1.753660
0.189200	-3.724060
0.189300	-2.738860
0.189400	-4.709270
0.189500	-9.635280
0.189600	1.201950
0.189700	10.068800
0.189800	7.605760
0.189900	2.187150
0.190000	3.172350
0.190100	5.635360
0.190200	1.694550
0.190300	-0.768458
0.190400	11.546600
0.190500	7.113160
0.190600	-8.650070
0.190700	-11.605700
0.190800	-3.724060
0.190900	-3.724060
0.191000	4.157550
0.191100	2.187150
0.191200	-9.635280
0.191300	-1.753660
0.191400	13.024400
0.191500	-0.768458
0.191600	-7.664870
0.191700	-3.724060
0.191800	-3.724060
0.191900	-1.753660
0.192000	0.709345
0.192100	-1.261060
0.192200	-3.724060
0.192300	-6.679670
0.192400	-7.172270
0.192500	-1.753660
0.192600	1.201950
0.192700	-5.201870
0.192800	-4.709270
0.192900	-1.753660
0.193000	-2.738860
0.193100	3.172350
0.193200	10.068800
0.193300	8.098360
0.193400	6.127960
0.193500	6.127960
0.193600	11.546600
0.193700	10.068800
0.193800	-4.709270
0.193900	-12.590900
0.194000	0.216744
0.194100	-3.724060
0.194200	-5.201870
0.194300	8.098360
0.194400	2.187150
0.194500	-5.694470
0.194600	-0.768458
0.194700	-0.768458
0.194800	-3.724060
0.194900	-13.576100
0.195000	1.201950
0.195100	7.113160
0.195200	-3.724060
0.195300	-8.650070
0.195400	-1.261060
0.195500	3.172350
0.195600	-1.753660
0.195700	-6.187070
0.195800	-0.768458
0.195900	-1.753660
0.196000	-2.738860
0.196100	5.142750
0.196200	4.157550
0.196300	2.187150
0.196400	4.157550
0.196500	7.113160
0.196600	4.650150
0.196700	4.157550
0.196800	8.590960
0.196900	0.709345
0.197000	-1.753660
0.197100	3.664950
0.197200	8.098360
0.197300	1.201950
0.197400	-4.216660
0.197500	-6.187070
0.197600	-11.605700
0.197700	-3.724060
0.197800	4.157550
0.197900	6.127960
0.198000	2.679750
0.198100	-3.724060
0.198200	-4.216660
0.198300	-2.738860
0.198400	-1.753660
0.198500	2.187150
0.198600	0.216744
0.198700	2.187150
0.198800	1.201950
0.198900	-2.246260
0.199000	-3.724060
0.199100	-0.768458
0.199200	4.650150
0.199300	7.113160
0.199400	3.172350
0.199500	2.187150
0.199600	4.157550
0.199700	12.039200
0.199800	4.157550
0.199900	-7.664870
0.200000	-1.261060
0.200100	-2.738860
0.200200	-6.187070
0.200300	-1.753660
0.200400	3.664950
0.200500	3.664950
0.200600	1.201950
0.200700	5.635360
0.200800	-0.275857
0.200900	-9.635280
0.201000	-8.650070
0.201100	4.157550
0.201200	-1.753660
0.201300	-6.679670
0.201400	-0.275857
0.201500	-0.275857
0.201600	-6.187070
0.201700	-4.709270
0.201800	2.187150
0.201900	3.172350
0.202000	2.187150
0.202100	6.127960
0.202200	7.113160
0.202300	3.664950
0.202400	-2.738860
0.202500	1.201950
0.202600	9.576160
0.202700	6.127960
0.202800	-4.216660
0.202900	-2.738860
0.203000	-3.724060
0.203100	-7.664870
0.203200	-0.275857
0.203300	4.157550
0.203400	-5.694470
0.203500	1.201950
0.203600	5.142750
0.203700	-0.768458
0.203800	-4.216660
0.203900	-6.187070
0.204000	-4.216660
0.204100	-6.679670
0.204200	-1.261060
0.204300	10.068800
0.204400	2.187150
0.204500	-6.679670
0.204600	-7.664870
0.204700	-10.127900
0.204800	-1.261060
0.204900	5.142750
0.205000	4.157550
0.205100	0.216744
0.205200	6.127960
0.205300	9.083560
0.205400	5.635360
0.205500	2.679750
0.205600	0.216744
0.205700	7.113160
0.205800	13.024400
0.205900	4.650150
0.206000	6.127960
0.206100	13.024400
0.206200	7.113160
0.206300	3.172350
0.206400	9.083560
0.206500	7.113160
0.206600	4.157550
0.206700	0.216744
0.206800	4.157550
0.206900	0.216744
0.207000	-1.261060
0.207100	3.172350
0.207200	1.694550
0.207300	-0.768458
0.207400	-2.738860
0.207500	-3.724060
0.207600	-4.709270
0.207700	-2.246260
0.207800	-0.275857
0.207900	-1.753660
0.208000	2.679750
0.208100	-0.275857
0.208200	-5.694470
0.208300	-11.605700
0.208400	-0.768458
0.208500	9.083560
0.208600	4.157550
0.208700	-4.709270
0.208800	-9.635280
0.208900	-8.650070
0.209000	-3.724060
0.209100	3.664950
0.209200	5.142750
0.209300	15.487400
0.209400	10.068800
0.209500	7.113160
0.209600	7.113160
0.209700	3.664950
0.209800	-2.738860
0.209900	3.172350
0.210000	2.679750
0.210100	-4.709270
0.210200	-13.083500
0.210300	-10.127900
0.210400	-5.694470
0.210500	-7.664870
0.210600	-4.216660
0.210700	7.113160
0.210800	4.157550
0.210900	-1.753660
0.211000	-3.724060
0.211100	7.113160
0.211200	5.142750
0.211300	-5.694470
0.211400	-0.768458
0.211500	0.709345
0.211600	4.157550
0.211700	4.157550
0.211800	-5.694470
0.211900	-3.724060
0.212000	3.172350
0.212100	9.083560
0.212200	-0.768458
0.212300	0.216744
0.212400	-1.261060
0.212500	-3.231460
0.212600	3.172350
0.212700	8.098360
0.212800	-0.768458
0.212900	2.679750
0.213000	8.098360
0.213100	11.054000
0.213200	0.216744
0.213300	-1.261060
0.213400	9.083560
0.213500	8.590960
0.213600	2.187150
0.213700	-2.738860
0.213800	-3.724060
0.213900	-3.231460
0.214000	-0.768458
0.214100	-6.187070
0.214200	-10.620500
0.214300	2.187150
0.214400	6.127960
0.214500	3.172350
0.214600	-2.738860
0.214700	-4.709270
0.214800	-4.709270
0.214900	-9.635280
0.215000	-7.664870
0.215100	1.201950
0.215200	4.157550
0.215300	9.083560
0.215400	1.201950
0.215500	-14.068700
0.215600	-14.068700
0.215700	2.187150
0.215800	4.157550
0.215900	4.157550
0.216000	10.068800
0.216100	10.068800
0.216200	4.157550
0.216300	7.113160
0.216400	4.157550
0.216500	-4.709270
0.216600	-6.187070
0.216700	-5.201870
0.216800	-5.694470
0.216900	-1.261060
0.217000	-7.664870
0.217100	-15.546500
0.217200	-10.620500
0.217300	2.187150
0.217400	-1.753660
0.217500	-6.187070
0.217600	-5.694470
0.217700	-7.664870
0.217800	-4.709270
0.217900	-3.231460
0.218000	-5.694470
0.218100	1.201950
0.218200	2.187150
0.218300	0.216744
0.218400	-6.187070
0.218500	-6.187070
0.218600	3.172350
0.218700	2.679750
0.218800	-8.650070
0.218900	-4.709270
0.219000	1.201950
0.219100	-3.724060
0.219200	1.694550
0.219300	12.039200
0.219400	8.590960
0.219500	7.113160
0.219600	4.650150
0.219700	11.054000
0.219800	13.517000
0.219900	9.083560
0.220000	10.068800
0.220100	-2.738860
0.220200	-9.635280
0.220300	-7.172270
0.220400	-4.709270
0.220500	3.664950
0.220600	3.172350
0.220700	6.127960
0.220800	11.054000
0.220900	2.187150
0.221000	-3.724060
0.221100	-1.753660
0.221200	7.605760
0.221300	9.083560
0.221400	4.650150
0.221500	-6.679670
0.221600	3.172350
0.221700	7.113160
0.221800	-3.724060
0.221900	4.157550
0.222000	5.635360
0.222100	-5.694470
0.222200	3.172350
0.222300	7.113160
0.222400	7.113160
0.222500	9.576160
0.222600	-0.275857
0.222700	1.201950
0.222800	1.201950
0.222900	-7.664870
0.223000	-10.620500
0.223100	-7.664870
0.223200	-1.753660
0.223300	0.709345
0.223400	1.201950
0.223500	2.187150
0.223600	2.187150
0.223700	-0.275857
0.223800	-1.753660
0.223900	3.172350
0.224000	7.113160
0.224100	4.157550
0.224200	-6.187070
0.224300	-13.576100
0.224400	-7.664870
0.224500	3.172350
0.224600	6.127960
0.224700	3.172350
0.224800	5.142750
0.224900	8.590960
0.225000	8.098360
0.225100	8.098360
0.225200	10.068800
0.225300	7.113160
0.225400	-2.738860
0.225500	-3.724060
0.225600	1.694550
0.225700	1.201950
0.225800	-0.768458
0.225900	-4.709270
0.226000	-6.187070
0.226100	-3.724060
0.226200	3.172350
0.226300	-6.679670
0.226400	-6.679670
0.226500	-1.753660
0.226600	4.157550
0.226700	-2.738860
0.226800	-6.679670
0.226900	-6.679670
0.227000	-5.694470
0.227100	-0.768458
0.227200	-2.738860
0.227300	-2.246260
0.227400	-1.753660
0.227500	-4.216660
0.227600	-1.753660
0.227700	2.187150
0.227800	6.127960
0.227900	1.201950
0.228000	1.201950
0.228100	2.679750
0.228200	3.172350
0.228300	6.127960
0.228400	3.664950
0.228500	3.664950
0.228600	3.172350
0.228700	-5.694470
0.228800	-8.650070
0.228900	-5.201870
0.229000	-6.679670
0.229100	0.216744
0.229200	2.679750
0.229300	0.216744
0.229400	-1.753660
0.229500	-1.753660
0.229600	7.113160
0.229700	1.201950
0.229800	-5.201870
0.229900	2.187150
0.230000	-2.738860
0.230100	-7.664870
0.230200	-4.709270
0.230300	4.157550
0.230400	2.679750
0.230500	6.127960
0.230600	13.024400
0.230700	0.216744
0.230800	-0.768458
0.230900	5.142750
0.231000	-0.768458
0.231100	-8.650070
0.231200	-6.679670
0.231300	-4.709270
0.231400	-2.738860
0.231500	4.157550
0.231600	4.157550
0.231700	3.172350
0.231800	4.157550
0.231900	5.635360
0.232000	4.157550
0.232100	7.113160
0.232200	10.561400
0.232300	1.201950
0.232400	-2.738860
0.232500	2.187150
0.232600	-4.216660
0.232700	-0.768458
0.232800	-0.768458
0.232900	-4.216660
0.233000	-9.635280
0.233100	-5.694470
0.233200	-1.753660
0.233300	4.650150
0.233400	9.083560
0.233500	-0.275857
0.233600	-8.650070
0.233700	-4.709270
0.233800	2.187150
0.233900	7.113160
0.234000	2.679750
0.234100	-3.724060
0.234200	0.709345
0.234300	3.172350
0.234400	-2.246260
0.234500	-3.724060
0.234600	2.187150
0.234700	-2.246260
0.234800	-8.157470
0.234900	-0.768458
0.235000	2.187150
0.235100	-0.768458
0.235200	4.157550
0.235300	1.201950
0.235400	7.113160
0.235500	13.024400
0.235600	6.127960
0.235700	2.187150
0.235800	7.113160
0.235900	8.098360
0.236000	4.650150
0.236100	1.201950
0.236200	-6.679670
0.236300	-3.724060
0.236400	-3.231460
0.236500	-4.709270
0.236600	-1.753660
0.236700	5.635360
0.236800	6.127960
0.236900	-5.201870
0.237000	-2.738860
0.237100	2.187150
0.237200	-0.768458
0.237300	-6.187070
0.237400	-8.157470
0.237500	-1.753660
0.237600	1.201950
0.237700	-5.694470
0.237800	-7.664870
0.237900	-3.724060
0.238000	-3.724060
0.238100	-4.709270
0.238200	1.201950
0.238300	5.142750
0.238400	7.113160
0.238500	11.054000
0.238600	11.054000
0.238700	8.098360
0.238800	6.127960
0.238900	10.068800
0.239000	12.531800
0.239100	-1.753660
0.239200	4.157550
0.239300	9.576160
0.239400	-6.187070
0.239500	-10.620500
0.239600	-11.605700
0.239700	-11.605700
0.239800	0.216744
0.239900	5.142750
0.240000	1.201950
0.240100	6.127960
0.240200	-0.275857
0.240300	-4.709270
0.240400	-0.768458
0.240500	-0.768458
0.240600	-3.724060
0.240700	0.216744
0.240800	4.157550
0.240900	-3.724060
0.241000	-5.694470
0.241100	-4.709270
0.241200	-1.753660
0.241300	4.157550
0.241400	0.216744
0.241500	-1.753660
0.241600	-0.275857
0.241700	6.127960
0.241800	6.127960
0.241900	2.679750
0.242000	6.620560
0.242100	3.172350
0.242200	-3.231460
0.242300	-6.187070
0.242400	-6.679670
0.242500	-6.679670
0.242600	1.694550
0.242700	1.201950
0.242800	1.201950
0.242900	1.201950
0.243000	-1.753660
0.243100	-5.201870
0.243200	-1.753660
0.243300	-2.738860
0.243400	-4.216660
0.243500	-2.738860
0.243600	-3.724060
0.243700	-0.768458
0.243800	-0.768458
0.243900	-6.679670
0.244000	-8.157470
0.244100	4.157550
0.244200	9.576160
0.244300	6.127960
0.244400	-1.261060
0.244500	3.172350
0.244600	12.531800
0.244700	17.950399
0.244800	8.098360
0.244900	-1.261060
0.245000	1.201950
0.245100	-2.738860
0.245200	-3.724060
0.245300	7.113160
0.245400	2.187150
0.245500	-4.709270
0.245600	-2.738860
0.245700	1.694550
0.245800	4.157550
0.245900	2.187150
0.246000	4.650150
0.246100	0.216744
0.246200	-4.709270
0.246300	-1.753660
0.246400	7.113160
0.246500	5.142750
0.246600	2.187150
0.246700	-2.738860
0.246800	-2.246260
0.246900	4.650150
0.247000	-2.246260
0.247100	-4.709270
0.247200	4.157550
0.247300	9.576160
0.247400	4.157550
0.247500	1.201950
0.247600	9.576160
0.247700	10.068800
0.247800	-2.738860
0.247900	4.157550
0.248000	14.009600
0.248100	0.216744
0.248200	0.709345
0.248300	14.009600
0.248400	4.650150
0.248500	-5.694470
0.248600	-10.620500
0.248700	-1.261060
0.248800	5.142750
0.248900	3.664950
0.249000	-5.201870
0.249100	-1.753660
0.249200	-0.768458
0.249300	1.201950
0.249400	-3.231460
0.249500	-3.724060
0.249600	-2.738860
0.249700	-0.768458
0.249800	-1.753660
0.249900	-6.679670
0.250000	-9.635280
0.250100	-5.694470
0.250200	4.157550
0.250300	4.157550
0.250400	-7.664870
0.250500	-6.679670
0.250600	3.172350
0.250700	0.216744
0.250800	-1.753660
0.250900	3.664950
0.251000	5.142750
0.251100	5.635360
0.251200	6.127960
0.251300	6.127960
0.251400	-0.768458
0.251500	-10.620500
0.251600	-9.635280
0.251700	5.142750
0.251800	-2.738860
0.251900	-7.172270
0.252000	4.157550
0.252100	9.576160
0.252200	-0.768458
0.252300	-9.635280
0.252400	-7.664870
0.252500	2.187150
0.252600	3.172350
0.252700	-1.753660
0.252800	-5.694470
0.252900	-3.724060
0.253000	1.201950
0.253100	-4.709270
0.253200	-3.724060
0.253300	5.142750
0.253400	11.054000
0.253500	8.098360
0.253600	6.620560
0.253700	5.142750
0.253800	1.694550
0.253900	-4.709270
0.254000	-7.664870
0.254100	-2.738860
0.254200	1.694550
0.254300	5.635360
0.254400	-0.768458
0.254500	-4.709270
0.254600	2.187150
0.254700	-7.664870
0.254800	-12.590900
0.254900	-11.605700
0.255000	-1.753660
0.255100	9.083560
0.255200	8.098360
0.255300	-7.664870
0.255400	-11.605700
0.255500	-4.709270
0.255600	1.694550
0.255700	7.113160
0.255800	4.157550
0.255900	-7.664870
0.256000	-5.694470
0.256100	3.172350
0.256200	12.039200
0.256300	2.679750
0.256400	-2.738860
0.256500	3.664950
0.256600	11.054000
0.256700	9.083560
0.256800	9.083560
0.256900	12.039200
0.257000	1.201950
0.257100	-6.679670
0.257200	-5.694470
0.257300	-5.694470
0.257400	-4.709270
0.257500	4.157550
0.257600	3.664950
0.257700	1.694550
0.257800	5.142750
0.257900	2.187150
0.258000	-1.753660
0.258100	-6.679670
0.258200	-0.768458
0.258300	9.576160
0.258400	2.679750
0.258500	-3.724060
0.258600	-8.650070
0.258700	3.172350
0.258800	3.172350
0.258900	2.187150
0.259000	6.127960
0.259100	9.576160
0.259200	10.068800
0.259300	10.068800
0.259400	14.994800
0.259500	10.068800
0.259600	1.694550
0.259700	5.142750
0.259800	-3.724060
0.259900	-4.709270
0.260000	-1.753660
0.260100	-3.724060
0.260200	-3.231460
0.260300	-14.561300
0.260400	-3.724060
0.260500	5.142750
0.260600	-4.709270
0.260700	-3.724060
0.260800	-4.709270
0.260900	-7.664870
0.261000	-5.694470
0.261100	-7.664870
0.261200	-3.724060
0.261300	-4.709270
0.261400	-5.201870
0.261500	-3.231460
0.261600	4.157550
0.261700	6.127960
0.261800	4.157550
0.261900	4.157550
0.262000	6.127960
0.262100	0.216744
0.262200	2.187150
0.262300	7.113160
0.262400	4.157550
0.262500	1.694550
0.262600	-8.650070
0.262700	-10.620500
0.262800	-1.753660
0.262900	7.113160
0.263000	2.187150
0.263100	1.201950
0.263200	-1.261060
0.263300	-2.738860
0.263400	-1.753660
0.263500	-3.724060
0.263600	3.172350
0.263700	2.187150
0.263800	3.172350
0.263900	5.142750
0.264000	-0.768458
0.264100	-4.709270
0.264200	0.216744
0.264300	-0.768458
0.264400	0.216744
0.264500	-5.201870
0.264600	0.216744
0.264700	4.650150
0.264800	4.157550
0.264900	1.694550
0.265000	2.679750
0.265100	5.142750
0.265200	11.054000
0.265300	12.531800
0.265400	6.620560
0.265500	0.709345
0.265600	-3.724060
0.265700	-7.664870
0.265800	-5.694470
0.265900	-4.216660
0.266000	5.142750
0.266100	9.083560
0.266200	-4.709270
0.266300	-3.724060
0.266400	1.201950
0.266500	1.201950
0.266600	2.187150
0.266700	4.157550
0.266800	-0.275857
0.266900	6.127960
0.267000	-1.753660
0.267100	-5.694470
0.267200	-1.753660
0.267300	-1.261060
0.267400	6.127960
0.267500	1.694550
0.267600	-0.275857
0.267700	-2.738860
0.267800	-1.753660
0.267900	-1.753660
0.268000	1.694550
0.268100	2.679750
0.268200	6.620560
0.268300	18.443001
0.268400	13.024400
0.268500	9.083560
0.268600	8.098360
0.268700	8.590960
0.268800	10.068800
0.268900	3.172350
0.269000	-4.709270
0.269100	-2.738860
0.269200	8.098360
0.269300	5.142750
0.269400	-6.679670
0.269500	5.142750
0.269600	3.172350
0.269700	5.142750
0.269800	6.127960
0.269900	-0.275857
0.270000	-3.724060
0.270100	-0.768458
0.270200	2.187150
0.270300	-2.738860
0.270400	-3.724060
0.270500	-0.768458
0.270600	-3.724060
0.270700	1.201950
0.270800	-0.768458
0.270900	-4.709270
0.271000	-1.753660
0.271100	-3.724060
0.271200	-4.709270
0.271300	-0.768458
0.271400	-1.753660
0.271500	-2.738860
0.271600	8.098360
0.271700	0.216744
0.271800	-3.724060
0.271900	4.650150
0.272000	11.054000
0.272100	12.039200
0.272200	8.098360
0.272300	5.635360
0.272400	10.068800
0.272500	4.157550
0.272600	0.216744
0.272700	5.635360
0.272800	-2.738860
0.272900	-8.157470
0.273000	-0.768458
0.273100	-2.738860
0.273200	-5.694470
0.273300	3.172350
0.273400	3.172350
0.273500	-1.753660
0.273600	6.127960
0.273700	0.216744
0.273800	-7.664870
0.273900	-1.261060
0.274000	4.157550
0.274100	2.187150
0.274200	-0.768458
0.274300	5.142750
0.274400	3.172350
0.274500	-7.664870
0.274600	-5.694470
0.274700	7.113160
0.274800	14.502200
0.274900	8.590960
0.275000	2.187150
0.275100	8.098360
0.275200	14.009600
0.275300	10.068800
0.275400	7.113160
0.275500	12.039200
0.275600	8.098360
0.275700	-5.694470
0.275800	-7.664870
0.275900	-3.724060
0.276000	-0.768458
0.276100	-8.650070
0.276200	-5.694470
0.276300	2.187150
0.276400	4.650150
0.276500	-0.768458
0.276600	-6.679670
0.276700	-4.709270
0.276800	-2.738860
0.276900	-2.246260
0.277000	-4.709270
0.277100	-3.724060
0.277200	2.187150
0.277300	10.068800
0.277400	-4.216660
0.277500	-7.172270
0.277600	0.216744
0.277700	6.620560
0.277800	-2.738860
0.277900	-2.246260
0.278000	8.098360
0.278100	4.157550
0.278200	-3.724060
0.278300	5.142750
0.278400	14.009600
0.278500	10.561400
0.278600	10.068800
0.278700	3.172350
0.278800	3.172350
0.278900	4.157550
0.279000	-0.768458
0.279100	-3.724060
0.279200	-0.768458
0.279300	0.709345
0.279400	-5.201870
0.279500	-7.664870
0.279600	-3.724060
0.279700	4.157550
0.279800	1.201950
0.279900	-2.738860
0.280000	5.142750
0.280100	1.694550
0.280200	-3.724060
0.280300	-5.694470
0.280400	-0.768458
0.280500	-4.709270
0.280600	-3.231460
0.280700	1.694550
0.280800	3.172350
0.280900	-1.753660
0.281000	-3.724060
0.281100	-0.275857
0.281200	6.127960
0.281300	-0.275857
0.281400	-7.664870
0.281500	-6.679670
0.281600	-3.231460
0.281700	2.187150
0.281800	0.216744
0.281900	-3.724060
0.282000	1.201950
0.282100	4.157550
0.282200	-6.187070
0.282300	-3.724060
0.282400	4.157550
0.282500	9.576160
0.282600	12.039200
0.282700	5.142750
0.282800	7.113160
0.282900	12.039200
0.283000	6.620560
0.283100	12.039200
0.283200	9.083560
0.283300	3.172350
0.283400	1.694550
0.283500	3.172350
0.283600	-1.753660
0.283700	-7.664870
0.283800	-4.709270
0.283900	-5.694470
0.284000	2.187150
0.284100	3.172350
0.284200	-5.201870
0.284300	-3.724060
0.284400	-0.275857
0.284500	1.201950
0.284600	-1.753660
0.284700	2.679750
0.284800	-1.753660
0.284900	-1.753660
0.285000	2.679750
0.285100	12.039200
0.285200	0.216744
0.285300	-11.113100
0.285400	-6.679670
0.285500	-0.275857
0.285600	3.172350
0.285700	-3.724060
0.285800	-5.694470
0.285900	0.216744
0.286000	9.083560
0.286100	8.590960
0.286200	4.157550
0.286300	4.157550
0.286400	11.546600
0.286500	9.083560
0.286600	9.083560
0.286700	12.039200
0.286800	0.216744
0.286900	-6.187070
0.287000	4.650150
0.287100	4.650150
0.287200	-4.709270
0.287300	-2.738860
0.287400	2.187150
0.287500	-0.275857
0.287600	-8.157470
0.287700	5.142750
0.287800	7.605760
0.287900	-0.768458
0.288000	-6.187070
0.288100	-1.753660
0.288200	4.157550
0.288300	-0.275857
0.288400	-3.724060
0.288500	4.157550
0.288600	9.083560
0.288700	8.098360
0.288800	2.679750
0.288900	4.157550
0.289000	4.157550
0.289100	11.054000
0.289200	9.083560
0.289300	5.142750
0.289400	10.068800
0.289500	4.157550
0.289600	-9.635280
0.289700	-10.620500
0.289800	-0.768458
0.289900	1.201950
0.290000	3.172350
0.290100	-1.753660
0.290200	-1.753660
0.290300	4.157550
0.290400	5.635360
0.290500	1.694550
0.290600	-7.172270
0.290700	-7.664870
0.290800	3.172350
0.290900	3.172350
0.291000	3.172350
0.291100	0.216744
0.291200	-0.768458
0.291300	1.201950
0.291400	-5.201870
0.291500	-2.738860
0.291600	1.201950
0.291700	-0.275857
0.291800	9.576160
0.291900	10.068800
0.292000	15.980000
0.292100	16.965200
0.292200	7.113160
0.292300	10.068800
0.292400	11.054000
0.292500	-8.650070
0.292600	-9.635280
0.292700	3.172350
0.292800	-0.275857
0.292900	-4.709270
0.293000	-9.142670
0.293100	-1.753660
0.293200	7.605760
0.293300	6.127960
0.293400	8.590960
0.293500	-2.738860
0.293600	-3.724060
0.293700	9.576160
0.293800	3.172350
0.293900	-6.679670
0.294000	5.142750
0.294100	13.024400
0.294200	-0.768458
0.294300	-6.187070
0.294400	3.172350
0.294500	8.098360
0.294600	-1.261060
0.294700	-2.738860
0.294800	3.172350
0.294900	10.068800
0.295000	8.098360
0.295100	1.201950
0.295200	10.561400
0.295300	14.009600
0.295400	7.113160
0.295500	1.201950
0.295600	2.187150
0.295700	-0.275857
0.295800	-3.724060
0.295900	-5.694470
0.296000	-1.261060
0.296100	4.157550
0.296200	0.216744
0.296300	-0.275857
0.296400	14.994800
0.296500	12.039200
0.296600	-5.694470
0.296700	-3.724060
0.296800	4.650150
0.296900	2.679750
0.297000	3.172350
0.297100	6.127960
0.297200	1.694550
0.297300	4.157550
0.297400	5.142750
0.297500	1.201950
0.297600	4.157550
0.297700	-1.261060
0.297800	8.590960
0.297900	11.054000
0.298000	-1.753660
0.298100	-2.246260
0.298200	9.083560
0.298300	5.142750
0.298400	4.157550
0.298500	11.546600
0.298600	10.068800
0.298700	7.113160
0.298800	4.157550
0.298900	2.679750
0.299000	5.635360
0.299100	6.620560
0.299200	1.694550
0.299300	4.157550
0.299400	-2.246260
0.299500	-9.635280
0.299600	-11.605700
0.299700	-4.709270
0.299800	-0.768458
0.299900	-2.246260
