-0.050000	3.761370
-0.049900	-2.138820
-0.049800	-7.055650
-0.049700	-0.663772
-0.049600	1.794640
-0.049500	3.269690
-0.049400	5.236420
-0.049300	3.761370
-0.049200	-3.613870
-0.049100	-1.155460
-0.049000	14.086700
-0.048900	11.628300
-0.048800	0.319594
-0.048700	-6.072290
-0.048600	-4.105550
-0.048500	1.794640
-0.048400	2.778010
-0.048300	0.319594
-0.048200	2.778010
-0.048100	0.811277
-0.048000	0.811277
-0.047900	-0.172089
-0.047800	6.219790
-0.047700	7.203160
-0.047600	1.794640
-0.047500	-1.647140
-0.047400	-3.122190
-0.047300	0.811277
-0.047200	-4.105550
-0.047100	-0.172089
-0.047000	2.778010
-0.046900	3.761370
-0.046800	4.744740
-0.046700	1.794640
-0.046600	3.761370
-0.046500	3.269690
-0.046400	-1.647140
-0.046300	0.811277
-0.046200	0.319594
-0.046100	0.319594
-0.046000	5.728110
-0.045900	5.728110
-0.045800	2.778010
-0.045700	7.694840
-0.045600	8.678200
-0.045500	1.302960
-0.045400	-1.647140
-0.045300	2.778010
-0.045200	-2.138820
-0.045100	-4.597240
-0.045000	3.761370
-0.044900	5.728110
-0.044800	2.778010
-0.044700	1.794640
-0.044600	-0.172089
-0.044500	4.744740
-0.044400	3.761370
-0.044300	4.253060
-0.044200	3.761370
-0.044100	2.778010
-0.044000	-1.155460
-0.043900	0.319594
-0.043800	0.811277
-0.043700	0.811277
-0.043600	1.794640
-0.043500	2.286330
-0.043400	2.778010
-0.043300	2.778010
-0.043200	3.761370
-0.043100	4.744740
-0.043000	-4.105550
-0.042900	-3.122190
-0.042800	-2.138820
-0.042700	-1.155460
-0.042600	0.811277
-0.042500	-0.172089
-0.042400	-1.155460
-0.042300	-2.138820
-0.042200	-1.647140
-0.042100	0.811277
-0.042000	2.286330
-0.041900	1.794640
-0.041800	2.778010
-0.041700	2.778010
-0.041600	2.778010
-0.041500	2.778010
-0.041400	-1.647140
-0.041300	-2.138820
-0.041200	-0.172089
-0.041100	0.811277
-0.041000	1.794640
-0.040900	-1.155460
-0.040800	2.778010
-0.040700	0.811277
-0.040600	0.811277
-0.040500	1.794640
-0.040400	0.811277
-0.040300	-3.122190
-0.040200	2.778010
-0.040100	3.761370
-0.040000	3.761370
-0.039900	-1.155460
-0.039800	-0.663772
-0.039700	2.778010
-0.039600	1.794640
-0.039500	-0.663772
-0.039400	0.811277
-0.039300	1.302960
-0.039200	1.794640
-0.039100	4.744740
-0.039000	-3.122190
-0.038900	-3.122190
-0.038800	-0.172089
-0.038700	3.761370
-0.038600	3.761370
-0.038500	1.794640
-0.038400	-3.122190
-0.038300	-0.663772
-0.038200	2.778010
-0.038100	4.744740
-0.038000	0.319594
-0.037900	0.811277
-0.037800	0.811277
-0.037700	-4.105550
-0.037600	1.302960
-0.037500	5.728110
-0.037400	1.302960
-0.037300	2.286330
-0.037200	5.728110
-0.037100	-1.155460
-0.037000	-4.105550
-0.036900	2.778010
-0.036800	6.219790
-0.036700	6.219790
-0.036600	4.253060
-0.036500	0.319594
-0.036400	-0.663772
-0.036300	0.811277
-0.036200	-3.122190
-0.036100	1.794640
-0.036000	8.186520
-0.035900	5.728110
-0.035800	-5.088920
-0.035700	-7.055650
-0.035600	0.811277
-0.035500	7.694840
-0.035400	2.778010
-0.035300	-3.122190
-0.035200	-2.630500
-0.035100	0.811277
-0.035000	2.778010
-0.034900	3.761370
-0.034800	5.236420
-0.034700	4.253060
-0.034600	4.744740
-0.034500	3.761370
-0.034400	3.761370
-0.034300	9.661570
-0.034200	0.811277
-0.034100	-1.647140
-0.034000	3.761370
-0.033900	1.794640
-0.033800	-3.122190
-0.033700	0.811277
-0.033600	1.302960
-0.033500	1.794640
-0.033400	-5.088920
-0.033300	-7.055650
-0.033200	5.728110
-0.033100	6.711470
-0.033000	1.302960
-0.032900	1.794640
-0.032800	-3.122190
-0.032700	-4.105550
-0.032600	0.811277
-0.032500	1.794640
-0.032400	1.302960
-0.032300	2.286330
-0.032200	3.761370
-0.032100	4.253060
-0.032000	5.728110
-0.031900	2.286330
-0.031800	-1.155460
-0.031700	-5.088920
-0.031600	1.794640
-0.031500	6.219790
-0.031400	0.319594
-0.031300	-1.647140
-0.031200	-5.088920
-0.031100	-3.122190
-0.031000	4.744740
-0.030900	7.694840
-0.030800	5.728110
-0.030700	1.794640
-0.030600	4.744740
-0.030500	0.319594
-0.030400	-0.663772
-0.030300	1.794640
-0.030200	-3.122190
-0.030100	-2.138820
-0.030000	2.286330
-0.029900	1.794640
-0.029800	-4.105550
-0.029700	-5.088920
-0.029600	5.728110
-0.029500	2.286330
-0.029400	-3.122190
-0.029300	-4.597240
-0.029200	0.319594
-0.029100	-1.647140
-0.029000	-6.072290
-0.028900	-2.138820
-0.028800	3.761370
-0.028700	4.744740
-0.028600	3.269690
-0.028500	3.761370
-0.028400	1.794640
-0.028300	-3.122190
-0.028200	-4.105550
-0.028100	-0.172089
-0.028000	0.319594
-0.027900	6.219790
-0.027800	0.319594
-0.027700	-6.072290
-0.027600	-5.088920
-0.027500	-1.155460
-0.027400	2.286330
-0.027300	0.811277
-0.027200	-2.138820
-0.027100	0.811277
-0.027000	3.761370
-0.026900	-3.122190
-0.026800	-4.105550
-0.026700	-5.088920
-0.026600	-3.122190
-0.026500	-1.155460
-0.026400	-3.122190
-0.026300	-3.122190
-0.026200	4.744740
-0.026100	7.694840
-0.026000	3.761370
-0.025900	-1.155460
-0.025800	-1.155460
-0.025700	-6.072290
-0.025600	-5.580600
-0.025500	0.811277
-0.025400	2.778010
-0.025300	1.302960
-0.025200	-1.155460
-0.025100	-1.155460
-0.025000	0.811277
-0.024900	-0.172089
-0.024800	-1.155460
-0.024700	-0.663772
-0.024600	4.744740
-0.024500	-1.155460
-0.024400	-5.088920
-0.024300	0.811277
-0.024200	7.203160
-0.024100	3.761370
-0.024000	-1.155460
-0.023900	0.811277
-0.023800	3.269690
-0.023700	-3.122190
-0.023600	-1.155460
-0.023500	3.761370
-0.023400	7.203160
-0.023300	0.811277
-0.023200	-7.055650
-0.023100	-7.055650
-0.023000	-0.663772
-0.022900	4.253060
-0.022800	0.811277
-0.022700	-2.138820
-0.022600	1.794640
-0.022500	4.744740
-0.022400	0.811277
-0.022300	0.811277
-0.022200	2.286330
-0.022100	2.778010
-0.022000	0.811277
-0.021900	-0.663772
-0.021800	-1.155460
-0.021700	-9.514070
-0.021600	-6.072290
-0.021500	3.761370
-0.021400	0.319594
-0.021300	-4.105550
-0.021200	-4.597240
-0.021100	-6.563970
-0.021000	-0.172089
-0.020900	0.319594
-0.020800	-1.155460
-0.020700	-4.105550
-0.020600	-5.088920
-0.020500	-0.663772
-0.020400	1.794640
-0.020300	-1.155460
-0.020200	-6.072290
-0.020100	-2.138820
-0.020000	0.811277
-0.019900	1.794640
-0.019800	-3.122190
-0.019700	-4.597240
-0.019600	-3.122190
-0.019500	-1.155460
-0.019400	2.286330
-0.019300	2.778010
-0.019200	2.286330
-0.019100	-1.155460
-0.019000	-6.072290
-0.018900	-7.055650
-0.018800	2.778010
-0.018700	5.236420
-0.018600	0.811277
-0.018500	-1.155460
-0.018400	-3.122190
-0.018300	0.811277
-0.018200	-1.155460
-0.018100	0.811277
-0.018000	2.778010
-0.017900	0.811277
-0.017800	-0.172089
-0.017700	6.711470
-0.017600	1.302960
-0.017500	-5.088920
-0.017400	-3.122190
-0.017300	-5.088920
-0.017200	-2.138820
-0.017100	2.778010
-0.017000	1.794640
-0.016900	-1.155460
-0.016800	1.302960
-0.016700	3.269690
-0.016600	-3.122190
-0.016500	-7.055650
-0.016400	-1.155460
-0.016300	7.203160
-0.016200	4.253060
-0.016100	-3.122190
-0.016000	-4.597240
-0.015900	0.319594
-0.015800	1.794640
-0.015700	0.319594
-0.015600	0.811277
-0.015500	0.811277
-0.015400	0.811277
-0.015300	-3.122190
-0.015200	-1.155460
-0.015100	0.811277
-0.015000	2.286330
-0.014900	1.302960
-0.014800	-1.155460
-0.014700	-4.597240
-0.014600	0.811277
-0.014500	3.761370
-0.014400	0.811277
-0.014300	-0.172089
-0.014200	0.811277
-0.014100	2.286330
-0.014000	2.286330
-0.013900	2.286330
-0.013800	-2.138820
-0.013700	1.794640
-0.013600	3.761370
-0.013500	1.302960
-0.013400	0.811277
-0.013300	-3.122190
-0.013200	-10.005700
-0.013100	-1.155460
-0.013000	3.269690
-0.012900	-0.172089
-0.012800	-5.088920
-0.012700	-4.597240
-0.012600	-5.088920
-0.012500	-4.105550
-0.012400	-1.155460
-0.012300	0.811277
-0.012200	-1.155460
-0.012100	-7.055650
-0.012000	-4.105550
-0.011900	-4.105550
-0.011800	-4.105550
-0.011700	0.811277
-0.011600	-0.663772
-0.011500	-0.172089
-0.011400	-0.172089
-0.011300	-3.122190
-0.011200	-5.088920
-0.011100	-3.613870
-0.011000	0.319594
-0.010900	-0.172089
-0.010800	-6.563970
-0.010700	-9.022380
-0.010600	-5.580600
-0.010500	1.794640
-0.010400	2.778010
-0.010300	-3.122190
-0.010200	-3.122190
-0.010100	-1.155460
-0.010000	2.778010
-0.009900	2.778010
-0.009800	-4.105550
-0.009700	-7.055650
-0.009600	-4.105550
-0.009500	2.286330
-0.009400	1.794640
-0.009300	-1.155460
-0.009200	-6.072290
-0.009100	-6.072290
-0.009000	-1.155460
-0.008900	-0.172089
-0.008800	0.811277
-0.008700	2.778010
-0.008600	-1.155460
-0.008500	-2.138820
-0.008400	-2.630500
-0.008300	-3.122190
-0.008200	-6.072290
-0.008100	-6.072290
-0.008000	2.778010
-0.007900	0.811277
-0.007800	-4.105550
-0.007700	-6.072290
-0.007600	-5.580600
-0.007500	-3.122190
-0.007400	-3.613870
-0.007300	-9.022380
-0.007200	-5.088920
-0.007100	-9.022380
-0.007000	-7.055650
-0.006900	-3.613870
-0.006800	-3.122190
-0.006700	-0.172089
-0.006600	-1.155460
-0.006500	2.286330
-0.006400	-5.580600
-0.006300	-4.597240
-0.006200	-3.613870
-0.006100	1.794640
-0.006000	2.778010
-0.005900	2.286330
-0.005800	-0.172089
-0.005700	-7.055650
-0.005600	-5.088920
-0.005500	-0.663772
-0.005400	-3.122190
-0.005300	-7.055650
-0.005200	-5.088920
-0.005100	0.319594
-0.005000	1.302960
-0.004900	-5.088920
-0.004800	-7.055650
-0.004700	-0.663772
-0.004600	-0.172089
-0.004500	-4.105550
-0.004400	-8.530700
-0.004300	-3.122190
-0.004200	-3.122190
-0.004100	-4.597240
-0.004000	0.319594
-0.003900	-2.138820
-0.003800	-4.105550
-0.003700	2.778010
-0.003600	2.778010
-0.003500	-3.122190
-0.003400	-6.072290
-0.003300	-5.088920
-0.003200	-3.122190
-0.003100	-4.597240
-0.003000	-5.088920
-0.002900	-1.155460
-0.002800	-3.122190
-0.002700	-5.088920
-0.002600	-5.088920
-0.002500	-5.088920
-0.002400	-4.597240
-0.002300	-5.580600
-0.002200	-12.955800
-0.002100	-9.022380
-0.002000	-4.105550
-0.001900	-0.663772
-0.001800	-0.172089
-0.001700	-3.122190
-0.001600	-3.122190
-0.001500	-1.155460
-0.001400	-3.122190
-0.001300	-3.122190
-0.001200	-3.122190
-0.001100	-0.172089
-0.001000	-3.122190
-0.000900	-7.547330
-0.000800	-6.563970
-0.000700	0.811277
-0.000600	-3.613870
-0.000500	-2.138820
-0.000400	-2.138820
-0.000300	-6.563970
-0.000200	-6.072290
-0.000100	-4.105550
0.000000	-3.613870
0.000100	-5.088920
0.000200	-6.072290
0.000300	-7.055650
0.000400	-5.088920
0.000500	-5.088920
0.000600	-1.155460
0.000700	-1.155460
0.000800	-3.613870
0.000900	-2.138820
0.001000	-4.105550
0.001100	-7.055650
0.001200	-3.122190
0.001300	0.811277
0.001400	-0.172089
0.001500	1.302960
0.001600	-0.663772
0.001700	0.811277
0.001800	-3.613870
0.001900	-3.122190
0.002000	-0.172089
0.002100	-6.072290
0.002200	-5.088920
0.002300	-8.530700
0.002400	-6.563970
0.002500	6.711470
0.002600	5.236420
0.002700	-5.088920
0.002800	-3.122190
0.002900	4.744740
0.003000	8.678200
0.003100	-11.480800
0.003200	-8.039020
0.003300	9.661570
0.003400	2.286330
0.003500	-5.580600
0.003600	0.811277
0.003700	0.811277
0.003800	-4.597240
0.003900	-3.122190
0.004000	1.302960
0.004100	-4.105550
0.004200	-9.022380
0.004300	-1.155460
0.004400	-3.122190
0.004500	-10.497400
0.004600	-11.480800
0.004700	-11.972500
0.004800	-12.955800
0.004900	-11.480800
0.005000	0.319594
0.005100	8.678200
0.005200	9.661570
0.005300	10.153300
0.005400	0.811277
0.005500	-6.072290
0.005600	-4.105550
0.005700	2.778010
0.005800	0.811277
0.005900	-5.088920
0.006000	-0.172089
0.006100	5.728110
0.006200	2.286330
0.006300	-4.105550
0.006400	-7.055650
0.006500	-3.613870
0.006600	2.286330
0.006700	0.811277
0.006800	-7.547330
0.006900	-7.547330
0.007000	-6.072290
0.007100	-3.122190
0.007200	2.778010
0.007300	7.694840
0.007400	0.811277
0.007500	-6.072290
0.007600	2.778010
0.007700	10.644900
0.007800	-1.155460
0.007900	0.811277
0.008000	6.711470
0.008100	-5.580600
0.008200	-3.122190
0.008300	-8.039020
0.008400	-3.613870
0.008500	11.628300
0.008600	6.711470
0.008700	6.711470
0.008800	14.578400
0.008900	3.761370
0.009000	2.778010
0.009100	10.153300
0.009200	14.578400
0.009300	0.811277
0.009400	0.811277
0.009500	5.728110
0.009600	3.761370
0.009700	3.761370
0.009800	8.678200
0.009900	5.236420
0.010000	1.302960
0.010100	-0.172089
0.010200	-1.647140
0.010300	2.778010
0.010400	7.694840
0.010500	6.711470
0.010600	14.086700
0.010700	6.711470
0.010800	4.744740
0.010900	7.694840
0.011000	9.661570
0.011100	5.236420
0.011200	1.302960
0.011300	12.120000
0.011400	17.036800
0.011500	19.003500
0.011600	18.020201
0.011700	18.511900
0.011800	12.120000
0.011900	8.678200
0.012000	17.036800
0.012100	26.378799
0.012200	19.986900
0.012300	17.528500
0.012400	27.853800
0.012500	10.153300
0.012600	2.286330
0.012700	6.711470
0.012800	7.694840
0.012900	-4.105550
0.013000	-2.138820
0.013100	11.628300
0.013200	8.678200
0.013300	-5.088920
0.013400	-14.430900
0.013500	-13.939200
0.013600	-7.547330
0.013700	-13.939200
0.013800	-5.580600
0.013900	-5.580600
0.014000	-33.606499
0.014100	-59.174000
0.014200	-84.249901
0.014300	-97.525299
0.014400	-107.359001
0.014500	-119.158997
0.014600	-94.575203
0.014700	-69.991096
0.014800	-66.057602
0.014900	-51.307098
0.015000	-41.473499
0.015100	-34.589901
0.015200	-46.390301
0.015300	-56.223999
0.015400	-55.240601
0.015500	-66.057602
0.015600	-78.841400
0.015700	-82.774803
0.015800	-66.057602
0.015900	-29.181400
0.016000	-5.088920
0.016100	22.445299
0.016200	54.896400
0.016300	66.205101
0.016400	59.813202
0.016500	58.829899
0.016600	58.338200
0.016700	52.929699
0.016800	37.195801
0.016900	35.229099
0.017000	41.620998
0.017100	46.046101
0.017200	45.062698
0.017300	45.554401
0.017400	51.946301
0.017500	42.112598
0.017600	32.278999
0.017700	36.212502
0.017800	39.162601
0.017900	27.362200
0.018000	7.694840
0.018100	-0.172089
0.018200	6.219790
0.018300	9.661570
0.018400	24.412100
0.018500	43.096001
0.018600	61.779999
0.018700	81.447304
0.018800	94.231003
0.018900	88.330902
0.019000	80.463898
0.019100	70.630302
0.019200	40.637600
0.019300	8.678200
0.019400	-7.055650
0.019500	-19.839399
0.019600	-19.347700
0.019700	-11.480800
0.019800	-2.138820
0.019900	4.744740
0.020000	-5.088920
0.020100	-23.772900
0.020200	-44.423599
0.020300	-45.406898
0.020400	-35.573299
0.020500	-25.739599
0.020600	-29.673100
0.020700	-15.905900
0.020800	0.811277
0.020900	38.670898
0.021000	130.615997
0.021100	85.872398
0.021200	12.611700
0.021300	61.779999
0.021400	108.982002
0.021500	72.597000
0.021600	-26.231300
0.021700	-68.024300
0.021800	-30.656401
0.021900	1.794640
0.022000	42.112598
0.022100	107.014999
0.022200	111.440002
0.022300	92.755997
0.022400	87.347504
0.022500	85.380798
0.022600	90.789299
0.022700	87.347504
0.022800	76.530502
0.022900	74.563698
0.023000	89.314201
0.023100	102.098000
0.023200	118.815002
0.023300	127.665001
0.023400	126.681999
0.023500	125.698997
0.023600	103.081001
0.023700	71.613602
0.023800	90.297600
0.023900	90.297600
0.024000	54.404701
0.024100	34.737400
0.024200	16.545099
0.024300	3.761370
0.024400	4.253060
0.024500	-13.939200
0.024600	22.445299
0.024700	144.382996
0.024800	125.698997
0.024900	59.813202
0.025000	46.046101
0.025100	18.511900
0.025200	-0.172089
0.025300	-1.155460
0.025400	-1.647140
0.025500	-9.022380
0.025600	-17.381001
0.025700	-10.005700
0.025800	-7.055650
0.025900	-17.872700
0.026000	-32.131500
0.026100	-45.406898
0.026200	-55.240601
0.026300	-51.798801
0.026400	-66.057602
0.026500	-77.858002
0.026600	-68.515999
0.026700	-53.273899
0.026800	-51.307098
0.026900	-40.490101
0.027000	-10.989100
0.027100	-11.480800
0.027200	-36.556599
0.027300	-39.506699
0.027400	-52.782200
0.027500	-54.257198
0.027600	-18.364401
0.027700	2.286330
0.027800	8.678200
0.027900	-3.122190
0.028000	2.778010
0.028100	0.811277
0.028200	-0.172089
0.028300	22.445299
0.028400	-206.679001
0.028500	-484.971985
0.028600	-274.531006
0.028700	-71.957802
0.028800	-94.083504
0.028900	-93.591904
0.029000	-52.290501
0.029100	-42.456799
0.029200	-42.456799
0.029300	-39.506699
0.029400	-42.456799
0.029500	-45.898602
0.029600	-56.223999
0.029700	-72.449501
0.029800	-71.466103
0.029900	-66.057602
0.030000	-66.057602
0.030100	-55.240601
0.030200	-43.440201
0.030300	-27.214701
0.030400	-24.264601
0.030500	-19.839399
0.030600	-30.656401
0.030700	-48.848701
0.030800	-51.307098
0.030900	-52.290501
0.031000	-47.865299
0.031100	-24.264601
0.031200	-14.922600
0.031300	-3.122190
0.031400	18.511900
0.031500	32.278999
0.031600	22.445299
0.031700	27.853800
0.031800	35.229099
0.031900	26.378799
0.032000	16.545099
0.032100	16.545099
0.032200	14.578400
0.032300	11.628300
0.032400	10.153300
0.032500	16.053400
0.032600	10.644900
0.032700	-14.430900
0.032800	-27.706301
0.032900	-23.281200
0.033000	-24.756201
0.033100	-20.822800
0.033200	-24.756201
0.033300	-22.789499
0.033400	-16.397600
0.033500	-25.247900
0.033600	-29.181400
0.033700	-32.623199
0.033800	-43.440201
0.033900	-42.456799
0.034000	-26.723000
0.034100	-24.756201
0.034200	-20.822800
0.034300	-8.039020
0.034400	-7.055650
0.034500	-10.005700
0.034600	-8.039020
0.034700	-7.055650
0.034800	-12.955800
0.034900	-17.872700
0.035000	-18.856001
0.035100	-19.347700
0.035200	-22.789499
0.035300	-28.689699
0.035400	-30.656401
0.035500	-27.706301
0.035600	-27.706301
0.035700	-28.198000
0.035800	-47.373699
0.035900	-47.865299
0.036000	-39.014999
0.036100	-36.556599
0.036200	-30.656401
0.036300	-22.789499
0.036400	-17.872700
0.036500	-34.589901
0.036600	-36.556599
0.036700	-32.131500
0.036800	-34.589901
0.036900	-30.164801
0.037000	-22.789499
0.037100	-16.889299
0.037200	-13.939200
0.037300	-18.856001
0.037400	-20.822800
0.037500	-12.955800
0.037600	-7.547330
0.037700	-7.055650
0.037800	-12.955800
0.037900	3.761370
0.038000	23.428699
0.038100	18.511900
0.038200	7.694840
0.038300	16.545099
0.038400	23.428699
0.038500	27.362200
0.038600	38.179199
0.038700	37.687500
0.038800	34.737400
0.038900	41.620998
0.039000	37.687500
0.039100	27.853800
0.039200	21.953600
0.039300	8.678200
0.039400	-0.663772
0.039500	-0.172089
0.039600	-7.055650
0.039700	-18.856001
0.039800	-29.673100
0.039900	-37.540001
0.040000	-29.673100
0.040100	-13.447500
0.040200	-17.872700
0.040300	-16.889299
0.040400	-7.547330
0.040500	-3.122190
0.040600	1.302960
0.040700	8.678200
0.040800	1.794640
0.040900	-3.122190
0.041000	-4.105550
0.041100	-10.497400
0.041200	-12.955800
0.041300	-16.889299
0.041400	-10.989100
0.041500	1.794640
0.041600	-5.580600
0.041700	-7.055650
0.041800	3.269690
0.041900	-4.105550
0.042000	-16.889299
0.042100	-21.806101
0.042200	-19.839399
0.042300	-10.989100
0.042400	-13.939200
0.042500	-6.072290
0.042600	8.678200
0.042700	-12.955800
0.042800	-30.164801
0.042900	-22.789499
0.043000	-33.606499
0.043100	-40.490101
0.043200	-24.756201
0.043300	-4.105550
0.043400	3.761370
0.043500	-1.155460
0.043600	-17.872700
0.043700	-35.081600
0.043800	-26.723000
0.043900	-12.464200
0.044000	-11.480800
0.044100	-7.055650
0.044200	-8.039020
0.044300	-5.088920
0.044400	1.302960
0.044500	-10.989100
0.044600	-22.789499
0.044700	-25.247900
0.044800	-24.264601
0.044900	-11.972500
0.045000	-21.806101
0.045100	-35.573299
0.045200	-28.689699
0.045300	-34.589901
0.045400	-33.114899
0.045500	-28.689699
0.045600	-40.490101
0.045700	-44.915199
0.045800	-35.573299
0.045900	-19.839399
0.046000	-9.022380
0.046100	-22.789499
0.046200	-28.198000
0.046300	3.761370
0.046400	26.870501
0.046500	10.644900
0.046600	-8.039020
0.046700	-20.822800
0.046800	-15.905900
0.046900	-0.663772
0.047000	5.728110
0.047100	0.811277
0.047200	-1.155460
0.047300	8.678200
0.047400	15.561800
0.047500	11.628300
0.047600	4.253060
0.047700	6.219790
0.047800	0.811277
0.047900	-3.122190
0.048000	6.711470
0.048100	4.744740
0.048200	-16.889299
0.048300	-21.806101
0.048400	-47.373699
0.048500	-176.195007
0.048600	-15.414300
0.048700	268.778992
0.048800	144.873993
0.048900	4.744740
0.049000	14.578400
0.049100	19.495199
0.049200	30.803900
0.049300	11.628300
0.049400	-33.606499
0.049500	-46.390301
0.049600	-42.456799
0.049700	-27.706301
0.049800	-36.556599
0.049900	-66.549301
0.050000	-66.057602
0.050100	-42.948502
0.050200	-39.506699
0.050300	-42.948502
0.050400	-44.423599
0.050500	-49.340401
0.050600	-53.273899
0.050700	-52.782200
0.050800	-44.423599
0.050900	-38.523399
0.051000	-38.523399
0.051100	-36.556599
0.051200	-38.523399
0.051300	-39.506699
0.051400	-25.247900
0.051500	-9.022380
0.051600	-13.447500
0.051700	-16.889299
0.051800	-19.347700
0.051900	-28.689699
0.052000	-29.181400
0.052100	-24.756201
0.052200	-31.639799
0.052300	-44.423599
0.052400	-33.114899
0.052500	-24.264601
0.052600	-28.689699
0.052700	-42.456799
0.052800	-47.373699
0.052900	-36.556599
0.053000	-41.965099
0.053100	-52.290501
0.053200	-48.356998
0.053300	-40.490101
0.053400	-22.789499
0.053500	-23.281200
0.053600	-24.264601
0.053700	-11.972500
0.053800	-13.939200
0.053900	-16.889299
0.054000	-14.922600
0.054100	-22.789499
0.054200	-28.198000
0.054300	-27.706301
0.054400	-32.623199
0.054500	-40.981800
0.054600	-34.589901
0.054700	-37.540001
0.054800	-343.367004
0.054900	-668.861023
0.055000	85.380798
0.055100	398.091003
0.055200	39.654202
0.055300	-26.723000
0.055400	36.212502
0.055500	0.811277
0.055600	-23.281200
0.055700	-14.922600
0.055800	-14.922600
0.055900	-17.381001
0.056000	-11.480800
0.056100	-18.856001
0.056200	-28.689699
0.056300	-25.739599
0.056400	-10.989100
0.056500	-1.155460
0.056600	0.811277
0.056700	-4.597240
0.056800	-8.039020
0.056900	-5.580600
0.057000	-4.105550
0.057100	-10.989100
0.057200	-17.872700
0.057300	-11.480800
0.057400	-0.172089
0.057500	1.302960
0.057600	-3.122190
0.057700	-8.039020
0.057800	-14.922600
0.057900	-13.939200
0.058000	-14.922600
0.058100	-24.756201
0.058200	-15.905900
0.058300	-6.072290
0.058400	-5.088920
0.058500	-0.172089
0.058600	0.811277
0.058700	-7.547330
0.058800	-14.922600
0.058900	-38.523399
0.059000	-66.057602
0.059100	-13.447500
0.059200	34.245701
0.059300	23.920401
0.059400	18.511900
0.059500	24.412100
0.059600	21.953600
0.059700	33.262402
0.059800	44.079399
0.059900	38.670898
0.060000	39.654202
0.060100	35.229099
0.060200	26.378799
0.060300	23.428699
0.060400	34.245701
0.060500	43.096001
0.060600	43.096001
0.060700	31.295601
0.060800	32.770699
0.060900	40.145901
0.061000	32.278999
0.061100	28.345501
0.061200	30.312300
0.061300	29.820601
0.061400	21.953600
0.061500	20.478600
0.061600	24.412100
0.061700	29.328899
0.061800	70.630302
0.061900	107.998001
0.062000	58.829899
0.062100	13.595000
0.062200	2.778010
0.062300	10.644900
0.062400	23.920401
0.062500	13.103400
0.062600	-0.172089
0.062700	-4.105550
0.062800	6.711470
0.062900	22.937000
0.063000	7.203160
0.063100	-9.022380
0.063200	-6.563970
0.063300	-4.105550
0.063400	2.286330
0.063500	4.744740
0.063600	-7.055650
0.063700	-3.122190
0.063800	10.644900
0.063900	10.644900
0.064000	8.678200
0.064100	4.744740
0.064200	3.269690
0.064300	13.595000
0.064400	31.295601
0.064500	30.312300
0.064600	14.578400
0.064700	11.628300
0.064800	11.628300
0.064900	19.003500
0.065000	14.578400
0.065100	10.644900
0.065200	14.086700
0.065300	15.070100
0.065400	16.545099
0.065500	16.053400
0.065600	10.644900
0.065700	10.644900
0.065800	14.578400
0.065900	10.644900
0.066000	7.694840
0.066100	8.678200
0.066200	18.511900
0.066300	26.378799
0.066400	32.278999
0.066500	32.278999
0.066600	27.853800
0.066700	26.870501
0.066800	23.428699
0.066900	22.937000
0.067000	20.478600
0.067100	18.511900
0.067200	12.120000
0.067300	12.611700
0.067400	3.761370
0.067500	7.694840
0.067600	14.578400
0.067700	14.086700
0.067800	15.561800
0.067900	23.428699
0.068000	31.787300
0.068100	31.295601
0.068200	17.528500
0.068300	3.761370
0.068400	6.711470
0.068500	8.678200
0.068600	7.203160
0.068700	6.711470
0.068800	5.728110
0.068900	3.761370
0.069000	2.778010
0.069100	4.253060
0.069200	2.778010
0.069300	0.811277
0.069400	-1.155460
0.069500	2.778010
0.069600	6.219790
0.069700	6.219790
0.069800	5.236420
0.069900	1.794640
0.070000	0.811277
0.070100	6.219790
0.070200	4.253060
0.070300	2.778010
0.070400	4.253060
0.070500	13.595000
0.070600	10.644900
0.070700	0.319594
0.070800	-1.647140
0.070900	-3.122190
0.071000	6.219790
0.071100	11.628300
0.071200	10.153300
0.071300	10.644900
0.071400	8.186520
0.071500	7.694840
0.071600	9.661570
0.071700	14.086700
0.071800	22.445299
0.071900	19.495199
0.072000	10.644900
0.072100	16.053400
0.072200	17.036800
0.072300	9.661570
0.072400	2.778010
0.072500	3.269690
0.072600	-1.155460
0.072700	-10.497400
0.072800	-7.055650
0.072900	-7.055650
0.073000	-9.022380
0.073100	-4.105550
0.073200	14.578400
0.073300	55.879799
0.073400	27.362200
0.073500	-26.723000
0.073600	-14.922600
0.073700	2.286330
0.073800	4.744740
0.073900	4.253060
0.074000	8.186520
0.074100	9.661570
0.074200	10.153300
0.074300	9.661570
0.074400	9.661570
0.074500	6.711470
0.074600	4.253060
0.074700	-0.172089
0.074800	1.794640
0.074900	2.286330
0.075000	0.319594
0.075100	4.744740
0.075200	9.169890
0.075300	13.595000
0.075400	18.020201
0.075500	11.628300
0.075600	4.253060
0.075700	2.286330
0.075800	8.678200
0.075900	8.186520
0.076000	7.694840
0.076100	5.728110
0.076200	3.761370
0.076300	8.678200
0.076400	4.253060
0.076500	-1.155460
0.076600	-3.122190
0.076700	-1.155460
0.076800	7.694840
0.076900	11.136600
0.077000	6.711470
0.077100	2.778010
0.077200	0.319594
0.077300	1.794640
0.077400	0.811277
0.077500	-1.155460
0.077600	0.811277
0.077700	-3.122190
0.077800	-7.547330
0.077900	-4.597240
0.078000	0.811277
0.078100	2.778010
0.078200	1.794640
0.078300	2.778010
0.078400	0.811277
0.078500	-0.172089
0.078600	7.694840
0.078700	6.711470
0.078800	8.186520
0.078900	10.153300
0.079000	7.694840
0.079100	2.778010
0.079200	6.219790
0.079300	8.186520
0.079400	2.778010
0.079500	-1.155460
0.079600	-3.122190
0.079700	0.811277
0.079800	-0.172089
0.079900	-2.138820
0.080000	-3.122190
0.080100	-1.155460
0.080200	-1.155460
0.080300	0.811277
0.080400	-4.105550
0.080500	-5.088920
0.080600	-1.155460
0.080700	-11.972500
0.080800	-10.497400
0.080900	-9.022380
0.081000	-10.005700
0.081100	-1.647140
0.081200	-4.105550
0.081300	-10.989100
0.081400	-7.547330
0.081500	-0.172089
0.081600	-2.138820
0.081700	1.302960
0.081800	12.120000
0.081900	10.644900
0.082000	12.611700
0.082100	22.937000
0.082200	20.478600
0.082300	14.086700
0.082400	14.578400
0.082500	17.036800
0.082600	19.495199
0.082700	20.478600
0.082800	19.003500
0.082900	13.595000
0.083000	7.694840
0.083100	10.153300
0.083200	9.661570
0.083300	-7.547330
0.083400	-14.922600
0.083500	-11.480800
0.083600	-10.497400
0.083700	-7.547330
0.083800	-9.022380
0.083900	-10.989100
0.084000	-9.022380
0.084100	-6.072290
0.084200	-3.613870
0.084300	2.778010
0.084400	0.811277
0.084500	1.794640
0.084600	10.153300
0.084700	12.611700
0.084800	11.628300
0.084900	7.694840
0.085000	8.678200
0.085100	10.153300
0.085200	12.611700
0.085300	12.120000
0.085400	7.694840
0.085500	5.728110
0.085600	-3.122190
0.085700	-7.055650
0.085800	-1.155460
0.085900	1.794640
0.086000	-0.172089
0.086100	1.302960
0.086200	2.778010
0.086300	2.778010
0.086400	2.778010
0.086500	-3.122190
0.086600	-7.547330
0.086700	6.219790
0.086800	11.628300
0.086900	6.711470
0.087000	7.694840
0.087100	12.611700
0.087200	11.628300
0.087300	9.661570
0.087400	4.744740
0.087500	-3.122190
0.087600	-2.138820
0.087700	0.811277
0.087800	7.694840
0.087900	6.711470
0.088000	-0.172089
0.088100	2.778010
0.088200	3.269690
0.088300	-1.155460
0.088400	1.794640
0.088500	7.694840
0.088600	8.678200
0.088700	8.186520
0.088800	3.761370
0.088900	4.253060
0.089000	6.219790
0.089100	3.761370
0.089200	4.744740
0.089300	8.678200
0.089400	8.186520
0.089500	1.794640
0.089600	0.811277
0.089700	6.219790
0.089800	11.628300
0.089900	10.644900
0.090000	6.219790
0.090100	8.678200
0.090200	9.661570
0.090300	10.644900
0.090400	14.578400
0.090500	12.611700
0.090600	11.628300
0.090700	14.578400
0.090800	10.153300
0.090900	6.219790
0.091000	12.611700
0.091100	4.744740
0.091200	3.269690
0.091300	6.711470
0.091400	1.794640
0.091500	-1.647140
0.091600	-1.155460
0.091700	-4.597240
0.091800	8.678200
0.091900	11.628300
0.092000	7.694840
0.092100	7.694840
0.092200	10.153300
0.092300	11.628300
0.092400	12.611700
0.092500	10.644900
0.092600	12.120000
0.092700	17.528500
0.092800	7.694840
0.092900	8.186520
0.093000	15.561800
0.093100	9.661570
0.093200	5.236420
0.093300	4.744740
0.093400	-1.155460
0.093500	-6.563970
0.093600	-6.563970
0.093700	-6.563970
0.093800	-7.055650
0.093900	-1.155460
0.094000	0.811277
0.094100	0.811277
0.094200	0.319594
0.094300	4.253060
0.094400	8.678200
0.094500	11.628300
0.094600	12.611700
0.094700	14.578400
0.094800	17.528500
0.094900	15.561800
0.095000	10.153300
0.095100	12.611700
0.095200	12.611700
0.095300	17.036800
0.095400	11.628300
0.095500	2.778010
0.095600	5.236420
0.095700	10.644900
0.095800	7.694840
0.095900	4.744740
0.096000	5.236420
0.096100	2.778010
0.096200	3.269690
0.096300	0.811277
0.096400	0.319594
0.096500	-4.597240
0.096600	-0.172089
0.096700	2.286330
0.096800	4.744740
0.096900	7.694840
0.097000	4.744740
0.097100	13.103400
0.097200	10.153300
0.097300	4.253060
0.097400	3.269690
0.097500	3.761370
0.097600	2.778010
0.097700	5.236420
0.097800	6.711470
0.097900	8.678200
0.098000	10.644900
0.098100	11.628300
0.098200	9.169890
0.098300	11.628300
0.098400	18.020201
0.098500	17.036800
0.098600	6.711470
0.098700	-3.122190
0.098800	6.219790
0.098900	6.711470
0.099000	0.811277
0.099100	3.269690
0.099200	10.644900
0.099300	8.678200
0.099400	4.744740
0.099500	6.711470
0.099600	6.711470
0.099700	8.678200
0.099800	5.728110
0.099900	6.711470
0.100000	10.644900
0.100100	12.611700
0.100200	7.694840
0.100300	6.711470
0.100400	6.711470
0.100500	5.728110
0.100600	-1.155460
0.100700	-8.039020
0.100800	-3.122190
0.100900	-0.663772
0.101000	-5.088920
0.101100	-2.138820
0.101200	1.794640
0.101300	-0.172089
0.101400	-4.597240
0.101500	-3.122190
0.101600	-7.055650
0.101700	-1.155460
0.101800	4.744740
0.101900	1.794640
0.102000	2.286330
0.102100	6.711470
0.102200	2.778010
0.102300	3.761370
0.102400	9.169890
0.102500	10.153300
0.102600	6.711470
0.102700	4.744740
0.102800	10.153300
0.102900	9.169890
0.103000	-0.663772
0.103100	5.236420
0.103200	10.153300
0.103300	6.219790
0.103400	-4.105550
0.103500	-5.088920
0.103600	0.811277
0.103700	2.778010
0.103800	2.778010
0.103900	-6.072290
0.104000	-5.088920
0.104100	6.711470
0.104200	15.561800
0.104300	6.219790
0.104400	2.286330
0.104500	1.302960
0.104600	0.319594
0.104700	12.120000
0.104800	12.611700
0.104900	8.678200
0.105000	4.744740
0.105100	3.761370
0.105200	6.219790
0.105300	3.761370
0.105400	0.319594
0.105500	6.711470
0.105600	8.678200
0.105700	4.744740
0.105800	1.794640
0.105900	0.811277
0.106000	5.236420
0.106100	2.286330
0.106200	0.811277
0.106300	0.811277
0.106400	5.728110
0.106500	0.811277
0.106600	3.761370
0.106700	2.778010
0.106800	-3.122190
0.106900	0.811277
0.107000	3.761370
0.107100	2.778010
0.107200	1.794640
0.107300	3.761370
0.107400	6.711470
0.107500	11.136600
0.107600	8.678200
0.107700	4.744740
0.107800	10.644900
0.107900	8.678200
0.108000	-4.105550
0.108100	-1.155460
0.108200	4.744740
0.108300	0.811277
0.108400	-5.580600
0.108500	-8.530700
0.108600	-8.039020
0.108700	-7.055650
0.108800	-3.122190
0.108900	-0.172089
0.109000	-4.597240
0.109100	-5.580600
0.109200	-1.155460
0.109300	1.794640
0.109400	6.219790
0.109500	0.811277
0.109600	-1.647140
0.109700	-6.072290
0.109800	0.811277
0.109900	10.644900
0.110000	12.120000
0.110100	2.778010
0.110200	0.319594
0.110300	0.811277
0.110400	14.578400
0.110500	10.644900
0.110600	3.761370
0.110700	2.778010
0.110800	-0.663772
0.110900	-4.105550
0.111000	-4.597240
0.111100	-4.105550
0.111200	-1.647140
0.111300	0.319594
0.111400	-2.138820
0.111500	-3.122190
0.111600	-2.138820
0.111700	0.319594
0.111800	6.711470
0.111900	4.744740
0.112000	0.811277
0.112100	1.302960
0.112200	8.186520
0.112300	2.778010
0.112400	6.711470
0.112500	9.661570
0.112600	10.153300
0.112700	8.678200
0.112800	6.219790
0.112900	-0.172089
0.113000	-5.088920
0.113100	-5.088920
0.113200	-0.172089
0.113300	0.811277
0.113400	-2.630500
0.113500	-5.088920
0.113600	-3.613870
0.113700	-0.172089
0.113800	1.302960
0.113900	3.761370
0.114000	2.286330
0.114100	0.811277
0.114200	6.711470
0.114300	2.286330
0.114400	5.728110
0.114500	2.778010
0.114600	1.794640
0.114700	9.661570
0.114800	9.169890
0.114900	7.694840
0.115000	18.020201
0.115100	17.036800
0.115200	12.611700
0.115300	14.578400
0.115400	6.711470
0.115500	6.711470
0.115600	11.628300
0.115700	6.219790
0.115800	-0.172089
0.115900	0.319594
0.116000	0.319594
0.116100	4.744740
0.116200	8.186520
0.116300	6.219790
0.116400	-1.647140
0.116500	-1.155460
0.116600	8.186520
0.116700	10.644900
0.116800	11.628300
0.116900	3.269690
0.117000	10.644900
0.117100	13.595000
0.117200	8.678200
0.117300	12.120000
0.117400	12.611700
0.117500	10.153300
0.117600	13.103400
0.117700	10.153300
0.117800	6.711470
0.117900	13.595000
0.118000	14.086700
0.118100	15.561800
0.118200	13.595000
0.118300	8.678200
0.118400	0.811277
0.118500	3.761370
0.118600	-0.663772
0.118700	0.811277
0.118800	3.761370
0.118900	-0.172089
0.119000	-3.122190
0.119100	0.811277
0.119200	5.728110
0.119300	9.661570
0.119400	4.253060
0.119500	5.728110
0.119600	9.661570
0.119700	7.203160
0.119800	4.744740
0.119900	9.169890
0.120000	9.661570
0.120100	13.595000
0.120200	10.644900
0.120300	3.269690
0.120400	1.794640
0.120500	2.778010
0.120600	-0.172089
0.120700	3.761370
0.120800	8.678200
0.120900	6.711470
0.121000	3.761370
0.121100	4.744740
0.121200	1.302960
0.121300	2.778010
0.121400	4.253060
0.121500	4.253060
0.121600	14.578400
0.121700	11.628300
0.121800	5.728110
0.121900	8.186520
0.122000	4.744740
0.122100	5.236420
0.122200	0.811277
0.122300	0.811277
0.122400	8.678200
0.122500	8.678200
0.122600	3.761370
0.122700	5.236420
0.122800	0.811277
0.122900	-1.647140
0.123000	-0.172089
0.123100	0.811277
0.123200	-5.580600
0.123300	-3.122190
0.123400	-1.647140
0.123500	-7.055650
0.123600	0.319594
0.123700	-0.172089
0.123800	-3.122190
0.123900	4.253060
0.124000	3.761370
0.124100	0.811277
0.124200	6.219790
0.124300	4.744740
0.124400	0.811277
0.124500	4.253060
0.124600	10.153300
0.124700	4.744740
0.124800	3.269690
0.124900	11.136600
0.125000	11.628300
0.125100	6.219790
0.125200	9.169890
0.125300	8.186520
0.125400	8.678200
0.125500	8.678200
0.125600	4.253060
0.125700	8.678200
0.125800	4.253060
0.125900	3.269690
0.126000	8.678200
0.126100	1.302960
0.126200	0.811277
0.126300	4.253060
0.126400	3.269690
0.126500	4.744740
0.126600	6.219790
0.126700	4.744740
0.126800	1.302960
0.126900	-0.663772
0.127000	0.811277
0.127100	2.778010
0.127200	-0.172089
0.127300	3.761370
0.127400	8.678200
0.127500	13.595000
0.127600	8.678200
0.127700	7.694840
0.127800	5.236420
0.127900	2.778010
0.128000	9.661570
0.128100	5.728110
0.128200	1.794640
0.128300	2.286330
0.128400	-1.647140
0.128500	-0.172089
0.128600	-2.138820
0.128700	-1.155460
0.128800	0.811277
0.128900	8.678200
0.129000	7.694840
0.129100	1.794640
0.129200	6.219790
0.129300	2.778010
0.129400	0.811277
0.129500	6.711470
0.129600	8.678200
0.129700	5.728110
0.129800	3.761370
0.129900	5.728110
0.130000	6.711470
0.130100	7.694840
0.130200	6.711470
0.130300	9.661570
0.130400	9.169890
0.130500	-0.172089
0.130600	-1.647140
0.130700	2.778010
0.130800	3.761370
0.130900	3.761370
0.131000	6.711470
0.131100	6.711470
0.131200	7.694840
0.131300	4.744740
0.131400	7.694840
0.131500	10.644900
0.131600	4.744740
0.131700	0.811277
0.131800	-0.172089
0.131900	5.728110
0.132000	2.778010
0.132100	2.286330
0.132200	5.236420
0.132300	6.219790
0.132400	1.794640
0.132500	6.219790
0.132600	13.103400
0.132700	7.203160
0.132800	-0.172089
0.132900	3.761370
0.133000	1.794640
0.133100	0.319594
0.133200	0.811277
0.133300	-1.647140
0.133400	-1.155460
0.133500	8.678200
0.133600	8.678200
0.133700	7.694840
0.133800	9.661570
0.133900	6.219790
0.134000	4.744740
0.134100	6.711470
0.134200	4.253060
0.134300	7.694840
0.134400	4.253060
0.134500	3.269690
0.134600	7.694840
0.134700	3.269690
0.134800	-3.122190
0.134900	1.794640
0.135000	8.186520
0.135100	5.728110
0.135200	-0.172089
0.135300	0.811277
0.135400	1.302960
0.135500	0.811277
0.135600	2.778010
0.135700	1.794640
0.135800	8.678200
0.135900	8.678200
0.136000	2.778010
0.136100	4.744740
0.136200	2.778010
0.136300	1.794640
0.136400	6.711470
0.136500	8.186520
0.136600	4.744740
0.136700	0.811277
0.136800	-0.172089
0.136900	1.794640
0.137000	8.678200
0.137100	7.694840
0.137200	3.269690
0.137300	7.203160
0.137400	6.711470
0.137500	4.744740
0.137600	8.678200
0.137700	8.678200
0.137800	10.644900
0.137900	10.644900
0.138000	8.186520
0.138100	3.761370
0.138200	4.253060
0.138300	-0.172089
0.138400	-1.155460
0.138500	7.694840
0.138600	2.778010
0.138700	-0.172089
0.138800	2.778010
0.138900	1.794640
0.139000	1.794640
0.139100	2.286330
0.139200	0.811277
0.139300	1.302960
0.139400	0.811277
0.139500	5.236420
0.139600	5.728110
0.139700	2.778010
0.139800	3.761370
0.139900	9.169890
0.140000	5.728110
0.140100	2.778010
0.140200	2.286330
0.140300	6.711470
0.140400	6.219790
0.140500	4.253060
0.140600	-4.105550
0.140700	-5.088920
0.140800	3.761370
0.140900	6.711470
0.141000	4.253060
0.141100	5.236420
0.141200	1.794640
0.141300	1.794640
0.141400	5.236420
0.141500	4.744740
0.141600	0.319594
0.141700	6.219790
0.141800	8.678200
0.141900	8.678200
0.142000	9.661570
0.142100	16.545099
0.142200	10.644900
0.142300	0.811277
0.142400	5.728110
0.142500	11.628300
0.142600	10.153300
0.142700	3.761370
0.142800	5.728110
0.142900	6.219790
0.143000	7.694840
0.143100	8.678200
0.143200	4.744740
0.143300	8.678200
0.143400	2.778010
0.143500	-1.647140
0.143600	7.203160
0.143700	8.678200
0.143800	1.794640
0.143900	7.203160
0.144000	9.661570
0.144100	6.711470
0.144200	2.778010
0.144300	2.778010
0.144400	7.203160
0.144500	4.744740
0.144600	0.811277
0.144700	0.811277
0.144800	0.811277
0.144900	0.811277
0.145000	3.269690
0.145100	-0.663772
0.145200	-0.172089
0.145300	-1.155460
0.145400	4.253060
0.145500	7.694840
0.145600	0.811277
0.145700	-3.613870
0.145800	3.269690
0.145900	11.136600
0.146000	7.694840
0.146100	0.319594
0.146200	6.711470
0.146300	7.694840
0.146400	-0.172089
0.146500	6.711470
0.146600	8.186520
0.146700	0.319594
0.146800	1.794640
0.146900	6.219790
0.147000	0.319594
0.147100	1.302960
0.147200	6.711470
0.147300	6.219790
0.147400	8.186520
0.147500	10.644900
0.147600	4.253060
0.147700	7.203160
0.147800	6.711470
0.147900	2.778010
0.148000	8.678200
0.148100	8.678200
0.148200	4.744740
0.148300	6.711470
0.148400	3.269690
0.148500	-0.172089
0.148600	0.319594
0.148700	-1.155460
0.148800	6.711470
0.148900	7.203160
0.149000	3.761370
0.149100	5.728110
0.149200	4.744740
0.149300	4.744740
0.149400	3.269690
0.149500	6.219790
0.149600	0.811277
0.149700	0.319594
0.149800	3.761370
0.149900	7.694840
0.150000	5.728110
0.150100	3.269690
0.150200	1.794640
0.150300	6.711470
0.150400	7.203160
0.150500	3.269690
0.150600	2.286330
0.150700	0.319594
0.150800	1.794640
0.150900	7.694840
0.151000	4.744740
0.151100	4.744740
0.151200	9.661570
0.151300	3.761370
0.151400	4.253060
0.151500	6.711470
0.151600	0.811277
0.151700	-0.172089
0.151800	7.694840
0.151900	6.711470
0.152000	1.794640
0.152100	10.644900
0.152200	6.711470
0.152300	0.811277
0.152400	9.661570
0.152500	10.153300
0.152600	5.728110
0.152700	2.778010
0.152800	-3.122190
0.152900	5.236420
0.153000	9.661570
0.153100	-0.172089
0.153200	2.286330
0.153300	8.678200
0.153400	1.794640
0.153500	-4.597240
0.153600	8.678200
0.153700	8.186520
0.153800	2.778010
0.153900	8.678200
0.154000	6.711470
0.154100	0.811277
0.154200	2.778010
0.154300	8.678200
0.154400	13.103400
0.154500	11.628300
0.154600	5.728110
0.154700	4.744740
0.154800	9.661570
0.154900	1.794640
0.155000	3.761370
0.155100	5.728110
0.155200	-1.155460
0.155300	2.286330
0.155400	9.661570
0.155500	7.694840
0.155600	4.744740
0.155700	7.203160
0.155800	2.778010
0.155900	0.811277
0.156000	5.728110
0.156100	12.611700
0.156200	12.611700
0.156300	4.253060
0.156400	2.778010
0.156500	8.678200
0.156600	5.236420
0.156700	2.778010
0.156800	2.778010
0.156900	1.302960
0.157000	2.286330
0.157100	5.236420
0.157200	-3.122190
0.157300	-3.613870
0.157400	3.269690
0.157500	4.744740
0.157600	6.711470
0.157700	3.761370
0.157800	5.728110
0.157900	9.661570
0.158000	11.628300
0.158100	7.694840
0.158200	8.678200
0.158300	10.153300
0.158400	6.711470
0.158500	-2.138820
0.158600	1.794640
0.158700	13.103400
0.158800	8.678200
0.158900	1.794640
0.159000	3.761370
0.159100	0.811277
0.159200	-1.155460
0.159300	-0.172089
0.159400	4.744740
0.159500	5.728110
0.159600	0.811277
0.159700	2.778010
0.159800	2.286330
0.159900	0.811277
0.160000	8.186520
0.160100	11.628300
0.160200	6.219790
0.160300	2.778010
0.160400	8.186520
0.160500	5.236420
0.160600	8.186520
0.160700	2.778010
0.160800	0.319594
0.160900	6.711470
0.161000	8.678200
0.161100	6.711470
0.161200	5.236420
0.161300	3.761370
0.161400	5.236420
0.161500	3.761370
0.161600	-1.155460
0.161700	-0.172089
0.161800	2.286330
0.161900	-0.663772
0.162000	-0.663772
0.162100	1.302960
0.162200	2.286330
0.162300	6.711470
0.162400	4.253060
0.162500	4.744740
0.162600	13.595000
0.162700	7.694840
0.162800	2.778010
0.162900	6.711470
0.163000	7.694840
0.163100	7.203160
0.163200	-3.122190
0.163300	-2.138820
0.163400	5.236420
0.163500	14.086700
0.163600	9.661570
0.163700	0.811277
0.163800	2.778010
0.163900	5.728110
0.164000	4.744740
0.164100	4.744740
0.164200	1.302960
0.164300	5.728110
0.164400	4.253060
0.164500	6.219790
0.164600	13.103400
0.164700	4.744740
0.164800	-0.172089
0.164900	8.678200
0.165000	3.269690
0.165100	-1.155460
0.165200	6.711470
0.165300	3.761370
0.165400	2.778010
0.165500	4.744740
0.165600	6.219790
0.165700	4.253060
0.165800	-0.172089
0.165900	0.811277
0.166000	10.153300
0.166100	10.153300
0.166200	0.811277
0.166300	-0.663772
0.166400	6.219790
0.166500	7.694840
0.166600	0.319594
0.166700	2.778010
0.166800	1.794640
0.166900	1.302960
0.167000	4.744740
0.167100	7.694840
0.167200	2.778010
0.167300	6.711470
0.167400	1.794640
0.167500	7.694840
0.167600	8.678200
0.167700	5.236420
0.167800	3.761370
0.167900	1.794640
0.168000	4.744740
0.168100	10.644900
0.168200	8.186520
0.168300	3.761370
0.168400	3.761370
0.168500	0.811277
0.168600	2.286330
0.168700	9.661570
0.168800	9.661570
0.168900	5.236420
0.169000	1.794640
0.169100	0.811277
0.169200	-4.597240
0.169300	5.728110
0.169400	9.661570
0.169500	6.219790
0.169600	10.153300
0.169700	6.219790
0.169800	2.778010
0.169900	8.186520
0.170000	5.236420
0.170100	4.253060
0.170200	9.169890
0.170300	6.711470
0.170400	3.761370
0.170500	4.253060
0.170600	6.711470
0.170700	4.744740
0.170800	7.694840
0.170900	5.236420
0.171000	8.186520
0.171100	2.778010
0.171200	2.286330
0.171300	8.678200
0.171400	4.744740
0.171500	3.269690
0.171600	10.153300
0.171700	7.694840
0.171800	0.811277
0.171900	2.778010
0.172000	4.744740
0.172100	6.711470
0.172200	8.678200
0.172300	10.644900
0.172400	6.711470
0.172500	6.219790
0.172600	4.744740
0.172700	-5.088920
0.172800	-0.172089
0.172900	8.186520
0.173000	6.219790
0.173100	7.203160
0.173200	6.219790
0.173300	5.728110
0.173400	8.186520
0.173500	6.219790
0.173600	3.269690
0.173700	3.761370
0.173800	4.253060
0.173900	-0.663772
0.174000	3.761370
0.174100	4.744740
0.174200	6.711470
0.174300	9.661570
0.174400	6.711470
0.174500	-3.122190
0.174600	0.811277
0.174700	4.253060
0.174800	7.694840
0.174900	4.744740
0.175000	1.302960
0.175100	3.761370
0.175200	5.236420
0.175300	1.794640
0.175400	6.711470
0.175500	2.778010
0.175600	1.302960
0.175700	8.678200
0.175800	8.678200
0.175900	0.811277
0.176000	6.219790
0.176100	12.120000
0.176200	6.711470
0.176300	4.253060
0.176400	7.694840
0.176500	6.711470
0.176600	8.678200
0.176700	10.153300
0.176800	4.253060
0.176900	3.761370
0.177000	3.269690
0.177100	2.778010
0.177200	6.219790
0.177300	2.286330
0.177400	0.811277
0.177500	3.761370
0.177600	4.744740
0.177700	6.711470
0.177800	11.136600
0.177900	9.661570
0.178000	6.711470
0.178100	3.269690
0.178200	4.744740
0.178300	7.694840
0.178400	7.694840
0.178500	6.711470
0.178600	9.661570
0.178700	10.644900
0.178800	7.203160
0.178900	11.628300
0.179000	8.678200
0.179100	4.744740
0.179200	11.628300
0.179300	8.186520
0.179400	1.794640
0.179500	0.811277
0.179600	2.778010
0.179700	6.711470
0.179800	6.711470
0.179900	4.253060
0.180000	6.219790
0.180100	3.761370
0.180200	1.794640
0.180300	6.711470
0.180400	8.678200
0.180500	0.319594
0.180600	6.219790
0.180700	7.694840
0.180800	5.236420
0.180900	8.678200
0.181000	7.694840
0.181100	2.778010
0.181200	8.678200
0.181300	7.203160
0.181400	-3.122190
0.181500	-3.613870
0.181600	7.203160
0.181700	9.169890
0.181800	5.728110
0.181900	2.778010
0.182000	6.711470
0.182100	13.103400
0.182200	8.678200
0.182300	2.778010
0.182400	2.778010
0.182500	9.661570
0.182600	10.644900
0.182700	8.678200
0.182800	4.744740
0.182900	-4.105550
0.183000	1.794640
0.183100	8.678200
0.183200	8.678200
0.183300	3.761370
0.183400	1.302960
0.183500	4.253060
0.183600	4.744740
0.183700	1.302960
0.183800	3.761370
0.183900	5.728110
0.184000	1.302960
0.184100	3.761370
0.184200	2.778010
0.184300	-1.155460
0.184400	9.661570
0.184500	12.120000
0.184600	1.794640
0.184700	-0.172089
0.184800	-0.172089
0.184900	6.219790
0.185000	8.678200
0.185100	8.186520
0.185200	6.711470
0.185300	9.169890
0.185400	6.711470
0.185500	6.219790
0.185600	2.778010
0.185700	0.811277
0.185800	0.811277
0.185900	4.744740
0.186000	6.219790
0.186100	1.794640
0.186200	4.744740
0.186300	4.253060
0.186400	0.811277
0.186500	-0.172089
0.186600	2.778010
0.186700	4.744740
0.186800	6.219790
0.186900	3.761370
0.187000	4.744740
0.187100	8.678200
0.187200	7.694840
0.187300	7.694840
0.187400	1.302960
0.187500	-1.155460
0.187600	4.253060
0.187700	6.219790
0.187800	8.678200
0.187900	9.169890
0.188000	11.628300
0.188100	8.678200
0.188200	6.711470
0.188300	7.203160
0.188400	5.728110
0.188500	4.253060
0.188600	0.811277
0.188700	0.811277
0.188800	4.253060
0.188900	11.136600
0.189000	8.678200
0.189100	2.286330
0.189200	1.794640
0.189300	2.778010
0.189400	4.744740
0.189500	2.778010
0.189600	7.694840
0.189700	12.611700
0.189800	6.219790
0.189900	2.778010
0.190000	5.728110
0.190100	5.728110
0.190200	2.778010
0.190300	5.236420
0.190400	5.728110
0.190500	8.678200
0.190600	3.269690
0.190700	6.711470
0.190800	8.678200
0.190900	4.253060
0.191000	3.761370
0.191100	4.744740
0.191200	8.678200
0.191300	8.678200
0.191400	2.778010
0.191500	5.728110
0.191600	8.678200
0.191700	6.711470
0.191800	6.219790
0.191900	8.678200
0.192000	3.269690
0.192100	2.286330
0.192200	5.728110
0.192300	4.253060
0.192400	7.694840
0.192500	5.236420
0.192600	6.711470
0.192700	5.728110
0.192800	-0.172089
0.192900	4.744740
0.193000	5.728110
0.193100	6.711470
0.193200	9.661570
0.193300	7.694840
0.193400	7.694840
0.193500	4.253060
0.193600	-0.172089
0.193700	3.761370
0.193800	9.661570
0.193900	8.678200
0.194000	4.744740
0.194100	3.269690
0.194200	3.761370
0.194300	6.711470
0.194400	9.661570
0.194500	4.744740
0.194600	3.761370
0.194700	4.744740
0.194800	4.253060
0.194900	6.219790
0.195000	3.269690
0.195100	7.694840
0.195200	15.561800
0.195300	9.169890
0.195400	11.628300
0.195500	8.678200
0.195600	-1.155460
0.195700	0.319594
0.195800	6.711470
0.195900	8.678200
0.196000	6.711470
0.196100	5.728110
0.196200	2.286330
0.196300	8.678200
0.196400	4.744740
0.196500	-3.122190
0.196600	1.794640
0.196700	2.286330
0.196800	1.794640
0.196900	2.286330
0.197000	3.269690
0.197100	4.744740
0.197200	6.219790
0.197300	6.711470
0.197400	6.711470
0.197500	4.744740
0.197600	3.761370
0.197700	0.811277
0.197800	4.744740
0.197900	7.694840
0.198000	6.711470
0.198100	12.611700
0.198200	11.136600
0.198300	5.728110
0.198400	10.153300
0.198500	8.186520
0.198600	1.794640
0.198700	4.253060
0.198800	8.678200
0.198900	0.811277
0.199000	-0.172089
0.199100	4.744740
0.199200	4.744740
0.199300	10.153300
0.199400	9.661570
0.199500	2.778010
0.199600	3.761370
0.199700	9.661570
0.199800	7.694840
0.199900	6.711470
0.200000	5.728110
0.200100	3.761370
0.200200	3.761370
0.200300	2.778010
0.200400	2.286330
0.200500	6.219790
0.200600	3.761370
0.200700	3.761370
0.200800	6.219790
0.200900	6.711470
0.201000	4.744740
0.201100	7.694840
0.201200	4.744740
0.201300	1.794640
0.201400	1.794640
0.201500	7.694840
0.201600	5.236420
0.201700	2.778010
0.201800	4.744740
0.201900	8.186520
0.202000	4.744740
0.202100	2.778010
0.202200	7.203160
0.202300	9.661570
0.202400	6.711470
0.202500	6.711470
0.202600	6.711470
0.202700	5.236420
0.202800	8.678200
0.202900	0.811277
0.203000	3.761370
0.203100	8.678200
0.203200	2.778010
0.203300	5.728110
0.203400	5.728110
0.203500	5.728110
0.203600	6.219790
0.203700	4.744740
0.203800	6.219790
0.203900	8.678200
0.204000	10.644900
0.204100	5.728110
0.204200	4.744740
0.204300	6.711470
0.204400	9.169890
0.204500	7.694840
0.204600	3.269690
0.204700	3.269690
0.204800	8.678200
0.204900	10.153300
0.205000	8.678200
0.205100	15.561800
0.205200	8.678200
0.205300	13.103400
0.205400	10.153300
0.205500	8.678200
0.205600	2.778010
0.205700	7.694840
0.205800	12.120000
0.205900	9.661570
0.206000	4.253060
0.206100	6.711470
0.206200	4.744740
0.206300	6.711470
0.206400	8.678200
0.206500	6.711470
0.206600	1.794640
0.206700	3.761370
0.206800	-3.122190
0.206900	-1.155460
0.207000	3.761370
0.207100	4.253060
0.207200	1.794640
0.207300	1.794640
0.207400	2.778010
0.207500	6.711470
0.207600	3.761370
0.207700	-1.155460
0.207800	4.744740
0.207900	8.678200
0.208000	8.678200
0.208100	11.136600
0.208200	5.728110
0.208300	0.811277
0.208400	4.744740
0.208500	0.319594
0.208600	0.811277
0.208700	8.678200
0.208800	5.728110
0.208900	3.761370
0.209000	3.761370
0.209100	2.778010
0.209200	7.694840
0.209300	7.694840
0.209400	2.778010
0.209500	2.778010
0.209600	6.219790
0.209700	5.728110
0.209800	1.794640
0.209900	6.219790
0.210000	7.694840
0.210100	-5.580600
0.210200	0.811277
0.210300	13.595000
0.210400	8.186520
0.210500	3.761370
0.210600	4.744740
0.210700	2.778010
0.210800	6.711470
0.210900	3.761370
0.211000	2.778010
0.211100	5.728110
0.211200	4.744740
0.211300	9.661570
0.211400	10.644900
0.211500	6.219790
0.211600	8.678200
0.211700	9.661570
0.211800	7.203160
0.211900	6.711470
0.212000	8.678200
0.212100	8.678200
0.212200	8.186520
0.212300	7.694840
0.212400	8.678200
0.212500	5.728110
0.212600	5.236420
0.212700	0.811277
0.212800	3.761370
0.212900	0.811277
0.213000	2.286330
0.213100	8.678200
0.213200	4.253060
0.213300	-0.172089
0.213400	4.744740
0.213500	5.728110
0.213600	5.728110
0.213700	5.728110
0.213800	3.761370
0.213900	5.236420
0.214000	5.236420
0.214100	3.269690
0.214200	1.302960
0.214300	7.694840
0.214400	7.694840
0.214500	1.794640
0.214600	2.778010
0.214700	-0.663772
0.214800	3.761370
0.214900	6.219790
0.215000	4.253060
0.215100	10.644900
0.215200	4.253060
0.215300	1.794640
0.215400	4.744740
0.215500	8.186520
0.215600	2.778010
0.215700	2.778010
0.215800	8.186520
0.215900	3.761370
0.216000	6.711470
0.216100	8.678200
0.216200	5.236420
0.216300	7.694840
0.216400	4.744740
0.216500	2.778010
0.216600	6.711470
0.216700	3.761370
0.216800	6.711470
0.216900	10.644900
0.217000	8.186520
0.217100	6.711470
0.217200	2.778010
0.217300	4.744740
0.217400	10.644900
0.217500	9.661570
0.217600	4.744740
0.217700	5.728110
0.217800	10.644900
0.217900	8.678200
0.218000	4.744740
0.218100	3.761370
0.218200	2.778010
0.218300	6.711470
0.218400	8.678200
0.218500	6.219790
0.218600	7.694840
0.218700	7.694840
0.218800	0.811277
0.218900	2.778010
0.219000	4.253060
0.219100	5.728110
0.219200	4.253060
0.219300	4.744740
0.219400	13.595000
0.219500	12.611700
0.219600	7.694840
0.219700	4.744740
0.219800	6.711470
0.219900	8.678200
0.220000	6.219790
0.220100	4.744740
0.220200	4.744740
0.220300	8.186520
0.220400	7.203160
0.220500	5.728110
0.220600	3.269690
0.220700	4.253060
0.220800	2.778010
0.220900	0.811277
0.221000	12.120000
0.221100	11.628300
0.221200	6.711470
0.221300	0.811277
0.221400	4.744740
0.221500	7.694840
0.221600	5.236420
0.221700	6.219790
0.221800	4.253060
0.221900	4.744740
0.222000	6.219790
0.222100	6.711470
0.222200	10.644900
0.222300	4.744740
0.222400	3.269690
0.222500	5.728110
0.222600	3.761370
0.222700	5.728110
0.222800	4.744740
0.222900	5.728110
0.223000	6.219790
0.223100	4.253060
0.223200	3.761370
0.223300	5.728110
0.223400	8.678200
0.223500	12.611700
0.223600	11.136600
0.223700	5.236420
0.223800	4.744740
0.223900	6.711470
0.224000	4.744740
0.224100	13.595000
0.224200	18.511900
0.224300	9.661570
0.224400	4.253060
0.224500	10.644900
0.224600	5.728110
0.224700	0.811277
0.224800	2.778010
0.224900	3.761370
0.225000	5.728110
0.225100	1.794640
0.225200	-0.172089
0.225300	6.219790
0.225400	6.219790
0.225500	2.778010
0.225600	2.778010
0.225700	2.778010
0.225800	8.678200
0.225900	14.086700
0.226000	5.728110
0.226100	3.269690
0.226200	4.744740
0.226300	3.269690
0.226400	2.778010
0.226500	7.203160
0.226600	3.761370
0.226700	5.728110
0.226800	6.711470
0.226900	7.694840
0.227000	5.236420
0.227100	6.711470
0.227200	2.286330
0.227300	-0.663772
0.227400	5.236420
0.227500	3.761370
0.227600	3.761370
0.227700	8.678200
0.227800	12.611700
0.227900	12.120000
0.228000	9.661570
0.228100	6.711470
0.228200	8.678200
0.228300	8.186520
0.228400	1.794640
0.228500	2.778010
0.228600	4.744740
0.228700	10.153300
0.228800	8.678200
0.228900	4.253060
0.229000	6.219790
0.229100	8.678200
0.229200	-0.663772
0.229300	0.811277
0.229400	4.744740
0.229500	4.253060
0.229600	8.186520
0.229700	10.153300
0.229800	8.678200
0.229900	8.678200
0.230000	9.169890
0.230100	13.595000
0.230200	9.169890
0.230300	5.728110
0.230400	2.286330
0.230500	0.811277
0.230600	8.678200
0.230700	8.186520
0.230800	8.678200
0.230900	4.253060
0.231000	-0.663772
0.231100	7.203160
0.231200	1.794640
0.231300	-5.088920
0.231400	0.811277
0.231500	10.153300
0.231600	7.203160
0.231700	1.794640
0.231800	3.761370
0.231900	9.661570
0.232000	10.644900
0.232100	7.694840
0.232200	1.794640
0.232300	6.219790
0.232400	6.711470
0.232500	5.236420
0.232600	6.711470
0.232700	6.711470
0.232800	0.319594
0.232900	2.778010
0.233000	0.811277
0.233100	-1.155460
0.233200	12.611700
0.233300	8.678200
0.233400	2.778010
0.233500	2.778010
0.233600	2.778010
0.233700	7.203160
0.233800	5.236420
0.233900	-1.647140
0.234000	0.811277
0.234100	3.269690
0.234200	5.728110
0.234300	8.186520
0.234400	6.219790
0.234500	5.236420
0.234600	2.778010
0.234700	6.219790
0.234800	4.744740
0.234900	8.186520
0.235000	8.678200
0.235100	7.694840
0.235200	2.778010
0.235300	4.744740
0.235400	5.728110
0.235500	6.219790
0.235600	4.253060
0.235700	1.794640
0.235800	7.694840
0.235900	11.628300
0.236000	7.694840
0.236100	-0.172089
0.236200	2.286330
0.236300	8.678200
0.236400	8.678200
0.236500	8.678200
0.236600	7.694840
0.236700	12.611700
0.236800	11.136600
0.236900	3.761370
0.237000	6.711470
0.237100	7.694840
0.237200	7.694840
0.237300	8.678200
0.237400	5.728110
0.237500	2.286330
0.237600	5.728110
0.237700	6.711470
0.237800	3.269690
0.237900	6.219790
0.238000	5.728110
0.238100	4.253060
0.238200	-2.138820
0.238300	1.302960
0.238400	14.578400
0.238500	10.153300
0.238600	6.219790
0.238700	12.611700
0.238800	9.661570
0.238900	2.778010
0.239000	7.203160
0.239100	4.744740
0.239200	3.761370
0.239300	1.794640
0.239400	0.811277
0.239500	1.302960
0.239600	5.728110
0.239700	4.253060
0.239800	3.269690
0.239900	1.794640
0.240000	4.253060
0.240100	10.644900
0.240200	2.778010
0.240300	0.319594
0.240400	7.694840
0.240500	0.811277
0.240600	-2.138820
0.240700	3.761370
0.240800	2.778010
0.240900	8.678200
0.241000	8.186520
0.241100	3.269690
0.241200	1.794640
0.241300	2.778010
0.241400	2.778010
0.241500	8.678200
0.241600	9.661570
0.241700	8.678200
0.241800	8.678200
0.241900	6.711470
0.242000	7.694840
0.242100	10.644900
0.242200	10.153300
0.242300	8.678200
0.242400	7.694840
0.242500	4.253060
0.242600	2.778010
0.242700	-0.663772
0.242800	0.811277
0.242900	8.186520
0.243000	8.678200
0.243100	4.744740
0.243200	1.794640
0.243300	12.120000
0.243400	10.644900
0.243500	-0.663772
0.243600	5.236420
0.243700	9.169890
0.243800	4.744740
0.243900	10.644900
0.244000	12.611700
0.244100	7.694840
0.244200	8.678200
0.244300	5.728110
0.244400	3.761370
0.244500	9.661570
0.244600	7.694840
0.244700	9.661570
0.244800	9.169890
0.244900	4.744740
0.245000	0.319594
0.245100	4.253060
0.245200	4.744740
0.245300	3.761370
0.245400	6.711470
0.245500	6.711470
0.245600	1.794640
0.245700	7.694840
0.245800	9.661570
0.245900	5.728110
0.246000	0.811277
0.246100	1.302960
0.246200	4.744740
0.246300	4.744740
0.246400	3.761370
0.246500	6.219790
0.246600	6.219790
0.246700	3.761370
0.246800	6.711470
0.246900	12.120000
0.247000	7.694840
0.247100	-1.155460
0.247200	4.253060
0.247300	4.744740
0.247400	0.319594
0.247500	2.286330
0.247600	6.711470
0.247700	-0.172089
0.247800	2.286330
0.247900	8.678200
0.248000	8.678200
0.248100	5.728110
0.248200	1.794640
0.248300	4.744740
0.248400	2.778010
0.248500	2.778010
0.248600	4.744740
0.248700	0.319594
0.248800	8.678200
0.248900	4.253060
0.249000	-0.172089
0.249100	2.778010
0.249200	8.678200
0.249300	9.661570
0.249400	2.778010
0.249500	3.761370
0.249600	2.778010
0.249700	2.778010
0.249800	6.711470
0.249900	5.728110
0.250000	4.744740
0.250100	9.661570
0.250200	6.711470
0.250300	2.778010
0.250400	5.728110
0.250500	2.778010
0.250600	4.744740
0.250700	3.761370
0.250800	2.778010
0.250900	4.744740
0.251000	8.678200
0.251100	7.694840
0.251200	6.711470
0.251300	2.778010
0.251400	1.794640
0.251500	2.778010
0.251600	0.319594
0.251700	2.286330
0.251800	11.628300
0.251900	6.711470
0.252000	5.236420
0.252100	6.711470
0.252200	3.761370
0.252300	0.811277
0.252400	8.678200
0.252500	11.136600
0.252600	6.711470
0.252700	0.811277
0.252800	5.728110
0.252900	11.628300
0.253000	6.711470
0.253100	2.778010
0.253200	7.694840
0.253300	1.794640
0.253400	-0.172089
0.253500	4.253060
0.253600	4.253060
0.253700	3.761370
0.253800	1.794640
0.253900	2.286330
0.254000	3.761370
0.254100	0.811277
0.254200	-0.172089
0.254300	4.744740
0.254400	8.186520
0.254500	7.694840
0.254600	8.186520
0.254700	7.694840
0.254800	4.744740
0.254900	-2.138820
0.255000	7.203160
0.255100	7.694840
0.255200	0.811277
0.255300	2.778010
0.255400	1.794640
0.255500	-0.172089
0.255600	0.811277
0.255700	5.236420
0.255800	3.761370
0.255900	5.728110
0.256000	2.286330
0.256100	0.811277
0.256200	-1.647140
0.256300	-3.122190
0.256400	7.203160
0.256500	7.694840
0.256600	4.744740
0.256700	2.286330
0.256800	2.778010
0.256900	1.302960
0.257000	4.253060
0.257100	6.711470
0.257200	-0.172089
0.257300	3.761370
0.257400	8.186520
0.257500	4.253060
0.257600	2.778010
0.257700	6.711470
0.257800	7.694840
0.257900	10.644900
0.258000	3.761370
0.258100	-3.122190
0.258200	3.269690
0.258300	12.120000
0.258400	7.694840
0.258500	4.744740
0.258600	10.644900
0.258700	8.186520
0.258800	7.694840
0.258900	6.711470
0.259000	8.186520
0.259100	11.136600
0.259200	10.644900
0.259300	6.711470
0.259400	8.186520
0.259500	8.678200
0.259600	0.811277
0.259700	0.811277
0.259800	5.728110
0.259900	7.694840
0.260000	6.711470
0.260100	2.778010
0.260200	2.286330
0.260300	6.219790
0.260400	7.694840
0.260500	8.186520
0.260600	15.070100
0.260700	9.169890
0.260800	6.711470
0.260900	7.694840
0.261000	4.744740
0.261100	8.678200
0.261200	15.561800
0.261300	14.086700
0.261400	9.169890
0.261500	7.694840
0.261600	-0.172089
0.261700	2.286330
0.261800	9.661570
0.261900	5.728110
0.262000	0.811277
0.262100	8.186520
0.262200	7.694840
0.262300	4.744740
0.262400	-0.172089
0.262500	0.811277
0.262600	3.761370
0.262700	6.219790
0.262800	3.761370
0.262900	-0.663772
0.263000	1.302960
0.263100	6.219790
0.263200	4.253060
0.263300	4.744740
0.263400	3.269690
0.263500	2.778010
0.263600	5.728110
0.263700	1.302960
0.263800	6.711470
0.263900	8.186520
0.264000	5.728110
0.264100	2.778010
0.264200	3.761370
0.264300	3.761370
0.264400	6.711470
0.264500	6.711470
0.264600	4.253060
0.264700	4.744740
0.264800	2.778010
0.264900	3.761370
0.265000	10.644900
0.265100	8.186520
0.265200	5.728110
0.265300	7.694840
0.265400	8.678200
0.265500	2.778010
0.265600	6.711470
0.265700	9.661570
0.265800	7.694840
0.265900	2.778010
0.266000	3.269690
0.266100	3.761370
0.266200	5.728110
0.266300	2.778010
0.266400	6.219790
0.266500	6.711470
0.266600	6.219790
0.266700	4.253060
0.266800	6.219790
0.266900	8.678200
0.267000	7.203160
0.267100	7.694840
0.267200	6.219790
0.267300	-0.172089
0.267400	1.302960
0.267500	5.236420
0.267600	8.678200
0.267700	7.694840
0.267800	5.236420
0.267900	6.711470
0.268000	7.694840
0.268100	3.761370
0.268200	8.678200
0.268300	6.711470
0.268400	4.744740
0.268500	8.678200
0.268600	7.694840
0.268700	0.811277
0.268800	1.794640
0.268900	5.728110
0.269000	4.253060
0.269100	8.186520
0.269200	6.711470
0.269300	-3.122190
0.269400	5.728110
0.269500	8.678200
0.269600	6.711470
0.269700	4.744740
0.269800	3.761370
0.269900	4.253060
0.270000	8.678200
0.270100	4.744740
0.270200	3.761370
0.270300	6.711470
0.270400	2.778010
0.270500	2.286330
0.270600	3.761370
0.270700	2.778010
0.270800	6.219790
0.270900	13.595000
0.271000	7.203160
0.271100	0.811277
0.271200	8.678200
0.271300	6.711470
0.271400	8.678200
0.271500	4.744740
0.271600	-0.172089
0.271700	2.778010
0.271800	6.711470
0.271900	8.678200
0.272000	8.678200
0.272100	6.219790
0.272200	3.761370
0.272300	3.269690
0.272400	6.219790
0.272500	7.694840
0.272600	6.219790
0.272700	4.744740
0.272800	7.694840
0.272900	8.678200
0.273000	10.153300
0.273100	3.761370
0.273200	2.778010
0.273300	6.711470
0.273400	8.678200
0.273500	7.694840
0.273600	4.744740
0.273700	0.811277
0.273800	1.302960
0.273900	6.711470
0.274000	8.678200
0.274100	9.661570
0.274200	14.578400
0.274300	11.628300
0.274400	7.694840
0.274500	6.711470
0.274600	5.728110
0.274700	4.253060
0.274800	0.811277
0.274900	0.811277
0.275000	4.744740
0.275100	2.778010
0.275200	2.286330
0.275300	6.711470
0.275400	6.711470
0.275500	4.253060
0.275600	5.728110
0.275700	1.794640
0.275800	2.286330
0.275900	7.694840
0.276000	5.728110
0.276100	1.794640
0.276200	2.778010
0.276300	3.761370
0.276400	10.644900
0.276500	12.611700
0.276600	5.236420
0.276700	6.711470
0.276800	4.744740
0.276900	0.811277
0.277000	7.694840
0.277100	8.186520
0.277200	4.253060
0.277300	5.728110
0.277400	10.644900
0.277500	11.136600
0.277600	8.678200
0.277700	8.186520
0.277800	4.744740
0.277900	3.761370
0.278000	4.253060
0.278100	2.778010
0.278200	2.286330
0.278300	8.186520
0.278400	5.728110
0.278500	2.778010
0.278600	10.153300
0.278700	7.694840
0.278800	6.711470
0.278900	5.728110
0.279000	2.778010
0.279100	0.811277
0.279200	2.778010
0.279300	7.694840
0.279400	7.694840
0.279500	8.678200
0.279600	9.169890
0.279700	7.203160
0.279800	1.794640
0.279900	2.778010
0.280000	12.611700
0.280100	12.611700
0.280200	7.203160
0.280300	5.728110
0.280400	4.744740
0.280500	3.761370
0.280600	6.219790
0.280700	7.694840
0.280800	12.611700
0.280900	10.153300
0.281000	4.253060
0.281100	4.744740
0.281200	10.153300
0.281300	9.169890
0.281400	8.678200
0.281500	10.153300
0.281600	6.711470
0.281700	6.711470
0.281800	6.711470
0.281900	5.728110
0.282000	7.203160
0.282100	6.219790
0.282200	1.302960
0.282300	-3.122190
0.282400	0.811277
0.282500	8.186520
0.282600	11.628300
0.282700	0.319594
0.282800	-0.172089
0.282900	2.778010
0.283000	4.253060
0.283100	10.153300
0.283200	14.578400
0.283300	11.628300
0.283400	8.678200
0.283500	6.711470
0.283600	10.153300
0.283700	10.153300
0.283800	3.761370
0.283900	0.811277
0.284000	2.286330
0.284100	7.203160
0.284200	4.744740
0.284300	7.203160
0.284400	6.711470
0.284500	3.761370
0.284600	7.694840
0.284700	8.186520
0.284800	6.711470
0.284900	5.236420
0.285000	3.269690
0.285100	7.694840
0.285200	5.728110
0.285300	4.253060
0.285400	8.678200
0.285500	2.286330
0.285600	2.778010
0.285700	9.661570
0.285800	2.778010
0.285900	3.761370
0.286000	12.611700
0.286100	10.644900
0.286200	9.661570
0.286300	12.120000
0.286400	8.678200
0.286500	-0.172089
0.286600	9.169890
0.286700	11.136600
0.286800	1.794640
0.286900	2.778010
0.287000	6.711470
0.287100	6.711470
0.287200	3.269690
0.287300	4.744740
0.287400	9.169890
0.287500	11.628300
0.287600	10.644900
0.287700	7.694840
0.287800	8.186520
0.287900	6.711470
0.288000	2.778010
0.288100	5.728110
0.288200	6.711470
0.288300	-1.155460
0.288400	0.319594
0.288500	2.286330
0.288600	5.728110
0.288700	6.219790
0.288800	12.611700
0.288900	9.661570
0.289000	7.694840
0.289100	14.578400
0.289200	12.611700
0.289300	7.694840
0.289400	5.728110
0.289500	4.253060
0.289600	3.761370
0.289700	7.694840
0.289800	5.728110
0.289900	5.728110
0.290000	3.761370
0.290100	0.811277
0.290200	2.778010
0.290300	6.711470
0.290400	2.286330
0.290500	0.319594
0.290600	6.219790
0.290700	7.694840
0.290800	5.728110
0.290900	4.744740
0.291000	8.678200
0.291100	8.678200
0.291200	4.744740
0.291300	5.728110
0.291400	8.678200
0.291500	5.236420
0.291600	7.203160
0.291700	18.020201
0.291800	7.694840
0.291900	0.811277
0.292000	5.728110
0.292100	10.644900
0.292200	9.169890
0.292300	8.678200
0.292400	6.219790
0.292500	1.794640
0.292600	2.778010
0.292700	5.728110
0.292800	3.761370
0.292900	4.744740
0.293000	5.236420
0.293100	7.694840
0.293200	5.728110
0.293300	2.778010
0.293400	7.694840
0.293500	6.219790
0.293600	5.728110
0.293700	4.744740
0.293800	3.269690
0.293900	8.678200
0.294000	8.186520
0.294100	4.253060
0.294200	8.678200
0.294300	8.186520
0.294400	2.286330
0.294500	4.253060
0.294600	3.761370
0.294700	1.794640
0.294800	6.219790
0.294900	9.661570
0.295000	10.153300
0.295100	4.744740
0.295200	4.744740
0.295300	7.203160
0.295400	8.678200
0.295500	2.286330
0.295600	10.153300
0.295700	10.153300
0.295800	2.778010
0.295900	8.678200
0.296000	16.545099
0.296100	10.153300
0.296200	8.678200
0.296300	8.678200
0.296400	2.286330
0.296500	8.678200
0.296600	7.694840
0.296700	2.778010
0.296800	8.678200
0.296900	10.644900
0.297000	5.728110
0.297100	7.694840
0.297200	9.661570
0.297300	6.219790
0.297400	6.219790
0.297500	-1.155460
0.297600	-4.105550
0.297700	4.744740
0.297800	8.186520
0.297900	4.744740
0.298000	3.269690
0.298100	2.778010
0.298200	7.694840
0.298300	9.661570
0.298400	8.186520
0.298500	8.678200
0.298600	4.744740
0.298700	2.778010
0.298800	8.678200
0.298900	6.711470
0.299000	0.811277
0.299100	6.219790
0.299200	6.711470
0.299300	1.794640
0.299400	4.253060
0.299500	7.203160
0.299600	4.253060
0.299700	7.203160
0.299800	7.694840
0.299900	4.744740
