-0.050000	-2.546920
-0.049900	-0.156194
-0.049800	1.278240
-0.049700	1.278240
-0.049600	0.800098
-0.049500	0.800098
-0.049400	0.321952
-0.049300	1.278240
-0.049200	3.190830
-0.049100	1.756390
-0.049000	3.668970
-0.048900	2.712680
-0.048800	-0.156194
-0.048700	-3.981360
-0.048600	-0.156194
-0.048500	5.581560
-0.048400	4.625270
-0.048300	2.234540
-0.048200	1.278240
-0.048100	-2.546920
-0.048000	-3.503220
-0.047900	-1.590630
-0.047800	0.321952
-0.047700	2.234540
-0.047600	3.668970
-0.047500	3.190830
-0.047400	1.756390
-0.047300	-1.590630
-0.047200	0.321952
-0.047100	-0.156194
-0.047000	-3.025070
-0.046900	-2.546920
-0.046800	-5.415800
-0.046700	-1.112490
-0.046600	3.668970
-0.046500	1.756390
-0.046400	1.278240
-0.046300	1.756390
-0.046200	4.625270
-0.046100	0.800098
-0.046000	-2.068780
-0.045900	-0.634340
-0.045800	2.234540
-0.045700	0.800098
-0.045600	-1.112490
-0.045500	-1.590630
-0.045400	0.800098
-0.045300	2.712680
-0.045200	-1.590630
-0.045100	-3.025070
-0.045000	-3.503220
-0.044900	-2.546920
-0.044800	-2.546920
-0.044700	-0.156194
-0.044600	0.321952
-0.044500	2.712680
-0.044400	1.278240
-0.044300	-2.068780
-0.044200	-5.415800
-0.044100	-2.068780
-0.044000	2.234540
-0.043900	1.278240
-0.043800	-0.634340
-0.043700	0.800098
-0.043600	0.321952
-0.043500	-0.634340
-0.043400	-3.981360
-0.043300	-1.112490
-0.043200	1.278240
-0.043100	1.278240
-0.043000	0.321952
-0.042900	0.800098
-0.042800	0.321952
-0.042700	0.800098
-0.042600	-0.634340
-0.042500	-0.156194
-0.042400	4.625270
-0.042300	1.756390
-0.042200	-0.634340
-0.042100	0.321952
-0.042000	1.278240
-0.041900	-0.156194
-0.041800	-3.025070
-0.041700	-3.981360
-0.041600	-1.590630
-0.041500	0.321952
-0.041400	0.321952
-0.041300	-0.634340
-0.041200	-0.156194
-0.041100	2.234540
-0.041000	0.321952
-0.040900	-2.546920
-0.040800	-0.634340
-0.040700	2.234540
-0.040600	0.321952
-0.040500	-2.068780
-0.040400	2.234540
-0.040300	2.234540
-0.040200	-1.112490
-0.040100	-1.590630
-0.040000	1.756390
-0.039900	-0.634340
-0.039800	0.800098
-0.039700	-0.156194
-0.039600	3.190830
-0.039500	-1.590630
-0.039400	-0.634340
-0.039300	4.147120
-0.039200	2.234540
-0.039100	1.278240
-0.039000	1.278240
-0.038900	2.234540
-0.038800	2.712680
-0.038700	0.800098
-0.038600	-0.156194
-0.038500	-1.590630
-0.038400	0.800098
-0.038300	0.800098
-0.038200	-2.546920
-0.038100	-1.590630
-0.038000	1.278240
-0.037900	1.278240
-0.037800	0.321952
-0.037700	-1.112490
-0.037600	1.756390
-0.037500	2.712680
-0.037400	-1.590630
-0.037300	-2.068780
-0.037200	-1.590630
-0.037100	0.800098
-0.037000	-1.590630
-0.036900	-2.068780
-0.036800	-2.546920
-0.036700	-2.068780
-0.036600	-3.981360
-0.036500	-2.068780
-0.036400	-0.634340
-0.036300	-1.112490
-0.036200	-0.156194
-0.036100	-0.634340
-0.036000	-0.156194
-0.035900	-0.156194
-0.035800	-1.590630
-0.035700	1.278240
-0.035600	2.234540
-0.035500	-1.112490
-0.035400	0.321952
-0.035300	-1.112490
-0.035200	0.800098
-0.035100	1.278240
-0.035000	-0.156194
-0.034900	-1.590630
-0.034800	1.278240
-0.034700	-0.634340
-0.034600	-5.415800
-0.034500	-2.546920
-0.034400	-0.156194
-0.034300	0.321952
-0.034200	-0.634340
-0.034100	-2.068780
-0.034000	-2.068780
-0.033900	-2.068780
-0.033800	-1.590630
-0.033700	-1.112490
-0.033600	-1.590630
-0.033500	0.800098
-0.033400	2.712680
-0.033300	3.668970
-0.033200	0.321952
-0.033100	0.800098
-0.033000	0.800098
-0.032900	-0.156194
-0.032800	-3.981360
-0.032700	-5.415800
-0.032600	-4.459510
-0.032500	-1.590630
-0.032400	-1.112490
-0.032300	1.278240
-0.032200	-0.156194
-0.032100	-2.546920
-0.032000	-1.590630
-0.031900	1.278240
-0.031800	-0.634340
-0.031700	0.321952
-0.031600	0.321952
-0.031500	-1.590630
-0.031400	-2.068780
-0.031300	1.278240
-0.031200	0.800098
-0.031100	-1.590630
-0.031000	-3.981360
-0.030900	-4.937650
-0.030800	-1.590630
-0.030700	-1.112490
-0.030600	-1.590630
-0.030500	0.321952
-0.030400	0.321952
-0.030300	-0.156194
-0.030200	-6.372090
-0.030100	-4.937650
-0.030000	-2.068780
-0.029900	-1.112490
-0.029800	3.190830
-0.029700	2.712680
-0.029600	-3.025070
-0.029500	-4.459510
-0.029400	-0.634340
-0.029300	-0.156194
-0.029200	-3.981360
-0.029100	-3.025070
-0.029000	-2.546920
-0.028900	1.278240
-0.028800	0.800098
-0.028700	2.234540
-0.028600	1.756390
-0.028500	-1.590630
-0.028400	-3.025070
-0.028300	1.278240
-0.028200	-1.112490
-0.028100	-1.590630
-0.028000	-0.156194
-0.027900	0.800098
-0.027800	-0.634340
-0.027700	-2.068780
-0.027600	-2.546920
-0.027500	-0.156194
-0.027400	0.800098
-0.027300	0.321952
-0.027200	0.800098
-0.027100	1.756390
-0.027000	0.800098
-0.026900	-0.156194
-0.026800	-0.634340
-0.026700	-0.634340
-0.026600	-1.112490
-0.026500	-1.112490
-0.026400	0.321952
-0.026300	1.756390
-0.026200	1.278240
-0.026100	-3.025070
-0.026000	-3.503220
-0.025900	-3.503220
-0.025800	-0.634340
-0.025700	0.800098
-0.025600	-0.156194
-0.025500	-1.112490
-0.025400	0.321952
-0.025300	1.756390
-0.025200	-2.546920
-0.025100	-4.459510
-0.025000	-7.328380
-0.024900	-7.328380
-0.024800	-1.590630
-0.024700	0.800098
-0.024600	2.234540
-0.024500	1.278240
-0.024400	-1.590630
-0.024300	-0.634340
-0.024200	-0.156194
-0.024100	0.321952
-0.024000	1.756390
-0.023900	1.756390
-0.023800	1.756390
-0.023700	1.756390
-0.023600	1.756390
-0.023500	-0.634340
-0.023400	-1.112490
-0.023300	-0.634340
-0.023200	-2.546920
-0.023100	-1.590630
-0.023000	-0.634340
-0.022900	-1.112490
-0.022800	-2.546920
-0.022700	1.756390
-0.022600	1.278240
-0.022500	2.234540
-0.022400	-0.156194
-0.022300	-1.590630
-0.022200	-0.156194
-0.022100	3.190830
-0.022000	3.190830
-0.021900	3.668970
-0.021800	1.278240
-0.021700	-1.590630
-0.021600	-3.503220
-0.021500	-3.981360
-0.021400	-2.546920
-0.021300	-2.068780
-0.021200	-1.112490
-0.021100	-2.546920
-0.021000	-2.546920
-0.020900	1.278240
-0.020800	-0.634340
-0.020700	-2.068780
-0.020600	2.234540
-0.020500	0.800098
-0.020400	-2.546920
-0.020300	-2.546920
-0.020200	0.321952
-0.020100	3.668970
-0.020000	3.190830
-0.019900	0.321952
-0.019800	0.800098
-0.019700	1.278240
-0.019600	4.625270
-0.019500	1.278240
-0.019400	-1.590630
-0.019300	0.800098
-0.019200	-1.590630
-0.019100	-4.459510
-0.019000	1.756390
-0.018900	3.668970
-0.018800	0.800098
-0.018700	-0.156194
-0.018600	-0.634340
-0.018500	-0.156194
-0.018400	0.800098
-0.018300	0.800098
-0.018200	-1.112490
-0.018100	-6.372090
-0.018000	0.800098
-0.017900	1.756390
-0.017800	-0.634340
-0.017700	0.800098
-0.017600	-1.112490
-0.017500	-0.634340
-0.017400	0.321952
-0.017300	1.756390
-0.017200	2.712680
-0.017100	3.190830
-0.017000	-1.112490
-0.016900	-0.634340
-0.016800	2.234540
-0.016700	2.234540
-0.016600	1.278240
-0.016500	1.278240
-0.016400	-1.112490
-0.016300	-0.156194
-0.016200	0.800098
-0.016100	0.321952
-0.016000	-2.068780
-0.015900	-1.590630
-0.015800	0.321952
-0.015700	-0.634340
-0.015600	-1.112490
-0.015500	0.321952
-0.015400	0.800098
-0.015300	0.321952
-0.015200	-1.112490
-0.015100	1.756390
-0.015000	2.712680
-0.014900	3.668970
-0.014800	3.668970
-0.014700	0.800098
-0.014600	3.668970
-0.014500	5.581560
-0.014400	2.234540
-0.014300	-0.634340
-0.014200	3.190830
-0.014100	3.668970
-0.014000	-1.112490
-0.013900	-2.068780
-0.013800	2.712680
-0.013700	3.190830
-0.013600	2.234540
-0.013500	1.756390
-0.013400	2.712680
-0.013300	0.321952
-0.013200	-0.634340
-0.013100	0.321952
-0.013000	1.278240
-0.012900	1.756390
-0.012800	0.800098
-0.012700	1.278240
-0.012600	3.190830
-0.012500	3.190830
-0.012400	2.712680
-0.012300	2.712680
-0.012200	5.103410
-0.012100	3.668970
-0.012000	-0.156194
-0.011900	-0.634340
-0.011800	-0.156194
-0.011700	1.756390
-0.011600	4.625270
-0.011500	7.016000
-0.011400	6.537850
-0.011300	1.278240
-0.011200	0.800098
-0.011100	-0.156194
-0.011000	0.800098
-0.010900	3.190830
-0.010800	2.234540
-0.010700	1.278240
-0.010600	3.668970
-0.010500	1.278240
-0.010400	-2.546920
-0.010300	-2.546920
-0.010200	0.800098
-0.010100	1.278240
-0.010000	0.321952
-0.009900	0.800098
-0.009800	2.712680
-0.009700	0.321952
-0.009600	3.190830
-0.009500	0.800098
-0.009400	1.756390
-0.009300	-1.112490
-0.009200	-0.156194
-0.009100	2.234540
-0.009000	0.321952
-0.008900	1.278240
-0.008800	4.147120
-0.008700	3.190830
-0.008600	-0.156194
-0.008500	1.756390
-0.008400	3.668970
-0.008300	1.756390
-0.008200	1.278240
-0.008100	3.190830
-0.008000	2.712680
-0.007900	-0.634340
-0.007800	-1.590630
-0.007700	0.800098
-0.007600	0.321952
-0.007500	4.147120
-0.007400	2.234540
-0.007300	1.756390
-0.007200	2.712680
-0.007100	1.278240
-0.007000	1.278240
-0.006900	1.756390
-0.006800	1.756390
-0.006700	2.234540
-0.006600	6.059700
-0.006500	5.103410
-0.006400	3.190830
-0.006300	-0.156194
-0.006200	-0.156194
-0.006100	0.800098
-0.006000	6.059700
-0.005900	3.190830
-0.005800	1.278240
-0.005700	1.278240
-0.005600	1.278240
-0.005500	0.800098
-0.005400	1.756390
-0.005300	4.625270
-0.005200	4.625270
-0.005100	7.016000
-0.005000	5.581560
-0.004900	1.756390
-0.004800	2.712680
-0.004700	4.625270
-0.004600	2.712680
-0.004500	-0.634340
-0.004400	2.712680
-0.004300	5.581560
-0.004200	3.190830
-0.004100	0.321952
-0.004000	2.712680
-0.003900	4.625270
-0.003800	3.668970
-0.003700	0.800098
-0.003600	0.800098
-0.003500	0.800098
-0.003400	0.321952
-0.003300	-1.112490
-0.003200	2.712680
-0.003100	1.756390
-0.003000	2.712680
-0.002900	3.668970
-0.002800	1.278240
-0.002700	0.800098
-0.002600	4.147120
-0.002500	7.972290
-0.002400	3.668970
-0.002300	-1.112490
-0.002200	-0.156194
-0.002100	-3.025070
-0.002000	-1.590630
-0.001900	2.712680
-0.001800	4.625270
-0.001700	4.625270
-0.001600	3.668970
-0.001500	1.278240
-0.001400	1.278240
-0.001300	3.190830
-0.001200	2.712680
-0.001100	4.625270
-0.001000	5.103410
-0.000900	3.190830
-0.000800	4.147120
-0.000700	5.103410
-0.000600	6.537850
-0.000500	4.147120
-0.000400	2.234540
-0.000300	1.756390
-0.000200	5.103410
-0.000100	6.537850
0.000000	4.625270
0.000100	3.668970
0.000200	3.190830
0.000300	0.800098
0.000400	2.234540
0.000500	4.147120
0.000600	1.278240
0.000700	1.756390
0.000800	1.756390
0.000900	6.537850
0.001000	4.625270
0.001100	2.234540
0.001200	3.190830
0.001300	5.103410
0.001400	7.494140
0.001500	5.581560
0.001600	3.190830
0.001700	3.668970
0.001800	6.059700
0.001900	4.625270
0.002000	1.756390
0.002100	-0.634340
0.002200	1.756390
0.002300	5.103410
0.002400	5.581560
0.002500	3.190830
0.002600	3.190830
0.002700	2.712680
0.002800	5.581560
0.002900	3.190830
0.003000	-0.156194
0.003100	0.800098
0.003200	2.234540
0.003300	1.756390
0.003400	2.712680
0.003500	7.016000
0.003600	7.494140
0.003700	1.756390
0.003800	1.756390
0.003900	1.756390
0.004000	0.321952
0.004100	-2.068780
0.004200	-0.156194
0.004300	-0.156194
0.004400	0.800098
0.004500	-0.634340
0.004600	1.278240
0.004700	1.756390
0.004800	5.581560
0.004900	7.494140
0.005000	4.147120
0.005100	2.234540
0.005200	5.103410
0.005300	2.712680
0.005400	2.234540
0.005500	1.278240
0.005600	5.103410
0.005700	6.059700
0.005800	4.147120
0.005900	3.190830
0.006000	-0.156194
0.006100	-1.112490
0.006200	2.234540
0.006300	1.756390
0.006400	2.234540
0.006500	4.147120
0.006600	2.712680
0.006700	-0.156194
0.006800	0.321952
0.006900	3.668970
0.007000	5.581560
0.007100	1.756390
0.007200	2.712680
0.007300	4.147120
0.007400	3.190830
0.007500	6.537850
0.007600	5.581560
0.007700	1.756390
0.007800	-0.634340
0.007900	-0.156194
0.008000	4.147120
0.008100	1.756390
0.008200	1.756390
0.008300	-0.156194
0.008400	2.234540
0.008500	5.581560
0.008600	2.712680
0.008700	-1.590630
0.008800	-1.590630
0.008900	3.668970
0.009000	1.756390
0.009100	1.756390
0.009200	4.147120
0.009300	1.278240
0.009400	-2.546920
0.009500	-0.156194
0.009600	2.234540
0.009700	2.234540
0.009800	-2.068780
0.009900	-4.459510
0.010000	-3.025070
0.010100	-2.546920
0.010200	1.278240
0.010300	2.234540
0.010400	0.800098
0.010500	4.147120
0.010600	3.668970
0.010700	3.668970
0.010800	0.321952
0.010900	1.278240
0.011000	1.756390
0.011100	0.800098
0.011200	1.278240
0.011300	2.712680
0.011400	2.712680
0.011500	4.625270
0.011600	2.234540
0.011700	-1.112490
0.011800	0.321952
0.011900	-0.156194
0.012000	-1.112490
0.012100	-2.068780
0.012200	1.278240
0.012300	3.668970
0.012400	1.756390
0.012500	-2.546920
0.012600	-1.590630
0.012700	-0.634340
0.012800	-2.068780
0.012900	-1.590630
0.013000	-2.068780
0.013100	-4.459510
0.013200	-2.068780
0.013300	0.800098
0.013400	4.147120
0.013500	4.147120
0.013600	5.103410
0.013700	5.103410
0.013800	2.712680
0.013900	-1.590630
0.014000	1.278240
0.014100	7.494140
0.014200	3.190830
0.014300	3.190830
0.014400	1.756390
0.014500	3.190830
0.014600	0.800098
0.014700	-2.068780
0.014800	-3.503220
0.014900	2.712680
0.015000	7.016000
0.015100	8.450430
0.015200	5.103410
0.015300	4.147120
0.015400	3.668970
0.015500	3.668970
0.015600	1.278240
0.015700	3.668970
0.015800	-1.112490
0.015900	2.234540
0.016000	2.234540
0.016100	1.756390
0.016200	5.581560
0.016300	4.625270
0.016400	4.625270
0.016500	7.494140
0.016600	5.103410
0.016700	3.668970
0.016800	1.756390
0.016900	1.756390
0.017000	3.190830
0.017100	3.190830
0.017200	1.756390
0.017300	2.234540
0.017400	7.016000
0.017500	4.147120
0.017600	1.278240
0.017700	4.147120
0.017800	5.103410
0.017900	2.234540
0.018000	-0.156194
0.018100	-1.112490
0.018200	-2.068780
0.018300	3.668970
0.018400	6.059700
0.018500	6.059700
0.018600	6.059700
0.018700	5.103410
0.018800	1.756390
0.018900	1.278240
0.019000	-0.156194
0.019100	-0.156194
0.019200	-0.634340
0.019300	-3.025070
0.019400	-2.546920
0.019500	-3.025070
0.019600	-2.546920
0.019700	1.756390
0.019800	7.494140
0.019900	8.450430
0.020000	7.494140
0.020100	7.494140
0.020200	11.797500
0.020300	10.363000
0.020400	12.753700
0.020500	14.188200
0.020600	14.666300
0.020700	15.144500
0.020800	17.535200
0.020900	17.057100
0.021000	13.710000
0.021100	10.841200
0.021200	10.841200
0.021300	12.275600
0.021400	14.666300
0.021500	15.144500
0.021600	18.013399
0.021700	16.578899
0.021800	10.841200
0.021900	9.884870
0.022000	14.666300
0.022100	15.144500
0.022200	12.275600
0.022300	13.231900
0.022400	13.231900
0.022500	8.928580
0.022600	5.103410
0.022700	4.147120
0.022800	5.103410
0.022900	1.756390
0.023000	-1.590630
0.023100	-0.156194
0.023200	-0.156194
0.023300	-10.675400
0.023400	-14.022400
0.023500	-18.803900
0.023600	-16.413200
0.023700	-15.456900
0.023800	-19.760201
0.023900	-22.629101
0.024000	-18.325701
0.024100	-25.497900
0.024200	-26.454201
0.024300	-26.454201
0.024400	-28.844999
0.024500	-26.932400
0.024600	-28.366800
0.024700	-28.366800
0.024800	-33.148300
0.024900	-35.060902
0.025000	-40.320499
0.025100	-47.492599
0.025200	-52.274101
0.025300	-45.580101
0.025400	-43.189301
0.025500	-49.405201
0.025600	-50.361500
0.025700	-49.883400
0.025800	-48.448898
0.025900	-57.533699
0.026000	-60.402599
0.026100	-63.271500
0.026200	-73.790703
0.026300	-74.268799
0.026400	-67.096603
0.026500	-55.143002
0.026600	-54.664799
0.026700	-66.618500
0.026800	-82.397301
0.026900	-80.484703
0.027000	-65.662201
0.027100	-60.402599
0.027200	-59.446301
0.027300	-61.837002
0.027400	-69.487396
0.027500	-78.094002
0.027600	-75.703300
0.027700	-63.271500
0.027800	-61.358898
0.027900	-59.924400
0.028000	-59.446301
0.028100	-61.358898
0.028200	-65.662201
0.028300	-75.703300
0.028400	-85.266197
0.028500	-77.137703
0.028600	-66.618500
0.028700	-58.968201
0.028800	-57.533699
0.028900	-65.184097
0.029000	-79.528397
0.029100	-91.003899
0.029200	-93.872803
0.029300	-95.785400
0.029400	-89.569504
0.029500	-83.831703
0.029600	-81.441002
0.029700	-84.788002
0.029800	-89.091400
0.029900	-91.003899
0.030000	-98.176102
0.030100	-105.825996
0.030200	-103.914001
0.030300	-90.047600
0.030400	-77.137703
0.030500	-78.094002
0.030600	-87.656898
0.030700	-102.958000
0.030800	-106.305000
0.030900	-92.916496
0.031000	-83.831703
0.031100	-83.831703
0.031200	-84.309898
0.031300	-87.178802
0.031400	-94.829102
0.031500	-97.219803
0.031600	-92.438400
0.031700	-85.744301
0.031800	-79.528397
0.031900	-83.353600
0.032000	-82.875504
0.032100	-81.441002
0.032200	-89.569504
0.032300	-93.872803
0.032400	-91.482101
0.032500	-96.263496
0.032600	-103.914001
0.032700	-99.610603
0.032800	-95.785400
0.032900	-99.610603
0.033000	-102.958000
0.033100	-102.478996
0.033200	-100.567001
0.033300	-107.738998
0.033400	-117.302002
0.033500	-130.212006
0.033600	-134.992996
0.033700	-123.040001
0.033800	-108.695000
0.033900	-108.217003
0.034000	-124.473999
0.034100	-134.037003
0.034200	-145.513000
0.034300	-150.772003
0.034400	-152.684998
0.034500	-146.468994
0.034600	-142.643997
0.034700	-141.209000
0.034800	-136.427994
0.034900	-138.819000
0.035000	-153.162994
0.035100	-159.378998
0.035200	-158.901001
0.035300	-153.162994
0.035400	-148.380997
0.035500	-152.207001
0.035600	-157.944000
0.035700	-165.595001
0.035800	-173.244995
0.035900	-168.464005
0.036000	-158.423004
0.036100	-153.162994
0.036200	-149.815994
0.036300	-156.509995
0.036400	-156.509995
0.036500	-156.509995
0.036600	-161.291000
0.036700	-166.550995
0.036800	-161.770004
0.036900	-155.554001
0.037000	-154.597000
0.037100	-154.119003
0.037200	-148.860001
0.037300	-146.947006
0.037400	-145.513000
0.037500	-144.078003
0.037600	-145.990997
0.037700	-150.772003
0.037800	-154.597000
0.037900	-154.597000
0.038000	-154.119003
0.038100	-153.162994
0.038200	-154.597000
0.038300	-158.423004
0.038400	-166.550995
0.038500	-157.466003
0.038600	-148.380997
0.038700	-141.686996
0.038800	-150.294006
0.038900	-160.335007
0.039000	-163.682007
0.039100	-160.335007
0.039200	-150.772003
0.039300	-148.380997
0.039400	-151.727997
0.039500	-156.031998
0.039600	-150.772003
0.039700	-150.294006
0.039800	-153.641006
0.039900	-152.684998
0.040000	-153.162994
0.040100	-150.294006
0.040200	-145.033997
0.040300	-142.643997
0.040400	-144.078003
0.040500	-146.468994
0.040600	-146.468994
0.040700	-143.121994
0.040800	-145.033997
0.040900	-147.425003
0.041000	-151.727997
0.041100	-155.554001
0.041200	-153.162994
0.041300	-145.990997
0.041400	-138.819000
0.041500	-138.819000
0.041600	-144.556000
0.041700	-152.207001
0.041800	-146.468994
0.041900	-140.253006
0.042000	-145.513000
0.042100	-152.207001
0.042200	-153.641006
0.042300	-148.380997
0.042400	-149.337997
0.042500	-152.207001
0.042600	-157.466003
0.042700	-161.291000
0.042800	-157.944000
0.042900	-155.554001
0.043000	-156.988007
0.043100	-162.248001
0.043200	-167.985001
0.043300	-176.113998
0.043400	-172.289001
0.043500	-165.595001
0.043600	-162.725998
0.043700	-170.376007
0.043800	-179.938995
0.043900	-187.589005
0.044000	-187.110992
0.044100	-189.024002
0.044200	-189.024002
0.044300	-188.067993
0.044400	-186.154999
0.044500	-186.632996
0.044600	-187.589005
0.044700	-191.893005
0.044800	-199.542999
0.044900	-201.934006
0.045000	-196.195999
0.045100	-192.848999
0.045200	-190.457993
0.045300	-193.326996
0.045400	-192.371002
0.045500	-200.020996
0.045600	-203.845993
0.045700	-201.934006
0.045800	-201.934006
0.045900	-203.367996
0.046000	-202.889999
0.046100	-203.367996
0.046200	-200.977997
0.046300	-202.412003
0.046400	-206.714996
0.046500	-211.018997
0.046600	-212.931000
0.046700	-210.539993
0.046800	-205.759003
0.046900	-202.889999
0.047000	-199.065002
0.047100	-204.802994
0.047200	-214.365997
0.047300	-211.018997
0.047400	-207.192993
0.047500	-203.367996
0.047600	-198.587006
0.047700	-193.804993
0.047800	-196.673996
0.047900	-195.240005
0.048000	-196.195999
0.048100	-200.020996
0.048200	-202.889999
0.048300	-198.587006
0.048400	-197.151993
0.048500	-195.718002
0.048600	-192.371002
0.048700	-196.195999
0.048800	-200.498993
0.048900	-193.326996
0.049000	-194.283005
0.049100	-193.804993
0.049200	-191.893005
0.049300	-193.804993
0.049400	-199.065002
0.049500	-203.845993
0.049600	-200.977997
0.049700	-196.195999
0.049800	-193.804993
0.049900	-199.065002
0.050000	-198.108994
0.050100	-196.673996
0.050200	-196.195999
0.050300	-196.673996
0.050400	-196.195999
0.050500	-197.630005
0.050600	-197.630005
0.050700	-194.283005
0.050800	-187.110992
0.050900	-186.632996
0.051000	-185.677002
0.051100	-188.546005
0.051200	-186.154999
0.051300	-182.807999
0.051400	-174.679001
0.051500	-168.464005
0.051600	-162.725998
0.051700	-154.119003
0.051800	-153.641006
0.051900	-144.078003
0.052000	-133.559006
0.052100	-121.605003
0.052200	-115.389000
0.052300	-104.391998
0.052400	-94.829102
0.052500	-83.831703
0.052600	-79.050301
0.052700	-67.096603
0.052800	-52.274101
0.052900	-39.842300
0.053000	-30.757500
0.053100	-22.629101
0.053200	-18.325701
0.053300	-10.675400
0.053400	2.712680
0.053500	13.710000
0.053600	21.838499
0.053700	28.532600
0.053800	37.617298
0.053900	49.092800
0.054000	59.612099
0.054100	71.087601
0.054200	79.694199
0.054300	84.953796
0.054400	94.038597
0.054500	104.557999
0.054600	112.208000
0.054700	115.555000
0.054800	115.077003
0.054900	116.511002
0.055000	120.336998
0.055100	123.205002
0.055200	130.378006
0.055300	138.983994
0.055400	139.940994
0.055500	139.940994
0.055600	140.419006
0.055700	149.024994
0.055800	153.328995
0.055900	154.763000
0.056000	157.154007
0.056100	159.544998
0.056200	166.238998
0.056300	171.975998
0.056400	173.889008
0.056500	178.192001
0.056600	182.016998
0.056700	189.667999
0.056800	191.580002
0.056900	199.231003
0.057000	206.403000
0.057100	201.621002
0.057200	200.186996
0.057300	202.578003
0.057400	212.619003
0.057500	216.444000
0.057600	214.531006
0.057700	216.921997
0.057800	221.225006
0.057900	226.485001
0.058000	229.832001
0.058100	228.876007
0.058200	229.832001
0.058300	237.481995
0.058400	241.307999
0.058500	247.522995
0.058600	254.695999
0.058700	250.391998
0.058800	252.783005
0.058900	265.214996
0.059000	269.996002
0.059100	270.473999
0.059200	271.908997
0.059300	275.734009
0.059400	274.778015
0.059500	282.428009
0.059600	291.035004
0.059700	300.118988
0.059800	305.856995
0.059900	311.117004
0.060000	317.811005
0.060100	321.635986
0.060200	322.592010
0.060300	325.938995
0.060400	330.243011
0.060500	339.326996
0.060600	343.631012
0.060700	350.803009
0.060800	356.062988
0.060900	358.453003
0.061000	363.234985
0.061100	370.407013
0.061200	375.666992
0.061300	381.403992
0.061400	387.619995
0.061500	390.010986
0.061600	395.270996
0.061700	401.964996
0.061800	410.571014
0.061900	414.875000
0.062000	416.786987
0.062100	421.569000
0.062200	424.915985
0.062300	433.044006
0.062400	433.522003
0.062500	434.000000
0.062600	438.782013
0.062700	444.519989
0.062800	444.519989
0.062900	451.691986
0.063000	456.472992
0.063100	458.864014
0.063200	463.166992
0.063300	467.949005
0.063400	469.382996
0.063500	468.427002
0.063600	468.904999
0.063700	473.686005
0.063800	480.381012
0.063900	482.292999
0.064000	485.640015
0.064100	487.553009
0.064200	486.596008
0.064300	487.075012
0.064400	487.553009
0.064500	489.942993
0.064600	491.855988
0.064700	494.247009
0.064800	493.290009
0.064900	497.115997
0.065000	501.897003
0.065100	501.419006
0.065200	500.463013
0.065300	509.069000
0.065400	510.026001
0.065500	506.200012
0.065600	502.375000
0.065700	506.678986
0.065800	511.459991
0.065900	509.069000
0.066000	509.546997
0.066100	512.416016
0.066200	512.893982
0.066300	510.503998
0.066400	506.200012
0.066500	508.113007
0.066600	508.591003
0.066700	511.459991
0.066800	507.157013
0.066900	504.765991
0.067000	505.243988
0.067100	510.026001
0.067200	509.069000
0.067300	506.678986
0.067400	503.332001
0.067500	502.852997
0.067600	504.765991
0.067700	502.852997
0.067800	503.809998
0.067900	502.375000
0.068000	499.506012
0.068100	499.984985
0.068200	498.071991
0.068300	501.897003
0.068400	503.332001
0.068500	504.287994
0.068600	500.463013
0.068700	496.636993
0.068800	497.593994
0.068900	497.115997
0.069000	493.769012
0.069100	489.464996
0.069200	485.161987
0.069300	484.205994
0.069400	487.553009
0.069500	487.075012
0.069600	484.683990
0.069700	481.337006
0.069800	480.381012
0.069900	477.511993
0.070000	474.165009
0.070100	473.208008
0.070200	471.773987
0.070300	470.338989
0.070400	472.252014
0.070500	466.992004
0.070600	465.079987
0.070700	465.558014
0.070800	461.255005
0.070900	456.472992
0.071000	459.342010
0.071100	465.558014
0.071200	464.123993
0.071300	459.820007
0.071400	458.385986
0.071500	457.429993
0.071600	455.994995
0.071700	456.472992
0.071800	455.994995
0.071900	455.516998
0.072000	448.822998
0.072100	447.388000
0.072200	447.388000
0.072300	444.040985
0.072400	442.606995
0.072500	442.606995
0.072600	441.651001
0.072700	439.260010
0.072800	434.000000
0.072900	433.522003
0.073000	431.609985
0.073100	434.957001
0.073200	431.131012
0.073300	423.959015
0.073400	426.350006
0.073500	430.174988
0.073600	431.609985
0.073700	425.872009
0.073800	423.480988
0.073900	422.046997
0.074000	429.218994
0.074100	430.653015
0.074200	429.696991
0.074300	422.046997
0.074400	420.134003
0.074500	423.002991
0.074600	423.959015
0.074700	420.612000
0.074800	420.134003
0.074900	420.612000
0.075000	418.221985
0.075100	415.352997
0.075200	417.743011
0.075300	419.178009
0.075400	416.308990
0.075500	412.006012
0.075600	412.484009
0.075700	413.917999
0.075800	415.830994
0.075900	416.786987
0.076000	417.265015
0.076100	413.917999
0.076200	411.049011
0.076300	413.917999
0.076400	414.395996
0.076500	413.917999
0.076600	418.221985
0.076700	419.178009
0.076800	411.528015
0.076900	406.268005
0.077000	402.920990
0.077100	404.355011
0.077200	409.136993
0.077300	412.006012
0.077400	416.308990
0.077500	421.089996
0.077600	425.872009
0.077700	422.046997
0.077800	425.394012
0.077900	428.263000
0.078000	426.350006
0.078100	425.872009
0.078200	430.174988
0.078300	434.957001
0.078400	439.738007
0.078500	437.825989
0.078600	438.782013
0.078700	438.303986
0.078800	439.738007
0.078900	439.260010
0.079000	442.128998
0.079100	447.388000
0.079200	448.822998
0.079300	450.256989
0.079400	449.778992
0.079500	447.388000
0.079600	446.910004
0.079700	446.432007
0.079800	445.476013
0.079900	443.562988
0.080000	442.128998
0.080100	446.432007
0.080200	445.476013
0.080300	444.997986
0.080400	448.345001
0.080500	446.910004
0.080600	444.997986
0.080700	441.651001
0.080800	439.260010
0.080900	439.260010
0.081000	440.216003
0.081100	439.738007
0.081200	441.173004
0.081300	443.084991
0.081400	442.128998
0.081500	438.782013
0.081600	435.434998
0.081700	433.522003
0.081800	432.566010
0.081900	434.479004
0.082000	434.479004
0.082100	427.306000
0.082200	426.828003
0.082300	430.174988
0.082400	427.306000
0.082500	432.088013
0.082600	432.566010
0.082700	436.868988
0.082800	435.912994
0.082900	433.522003
0.083000	431.131012
0.083100	438.303986
0.083200	438.782013
0.083300	433.522003
0.083400	432.088013
0.083500	432.566010
0.083600	431.609985
0.083700	424.437012
0.083800	406.746002
0.083900	377.101013
0.084000	379.492004
0.084100	427.783997
0.084200	481.337006
0.084300	494.725006
0.084400	468.427002
0.084500	447.388000
0.084600	463.166992
0.084700	502.375000
0.084800	513.372986
0.084900	484.683990
0.085000	461.733002
0.085100	473.686005
0.085200	487.075012
0.085300	481.337006
0.085400	456.950989
0.085500	439.260010
0.085600	442.128998
0.085700	455.039001
0.085800	458.385986
0.085900	449.300995
0.086000	437.346985
0.086100	440.216003
0.086200	455.039001
0.086300	459.342010
0.086400	445.476013
0.086500	437.825989
0.086600	441.173004
0.086700	444.997986
0.086800	443.562988
0.086900	442.128998
0.087000	432.566010
0.087100	434.479004
0.087200	443.084991
0.087300	442.128998
0.087400	434.479004
0.087500	432.088013
0.087600	433.522003
0.087700	434.479004
0.087800	428.740997
0.087900	425.872009
0.088000	420.612000
0.088100	420.612000
0.088200	419.178009
0.088300	424.437012
0.088400	423.959015
0.088500	421.089996
0.088600	417.265015
0.088700	414.875000
0.088800	417.265015
0.088900	413.917999
0.089000	412.962006
0.089100	413.440002
0.089200	411.528015
0.089300	407.223999
0.089400	404.833008
0.089500	402.920990
0.089600	400.529999
0.089700	399.096008
0.089800	395.748993
0.089900	395.270996
0.090000	397.183014
0.090100	396.704987
0.090200	392.402008
0.090300	387.141998
0.090400	386.186005
0.090500	386.186005
0.090600	381.403992
0.090700	380.447998
0.090800	380.925995
0.090900	376.622986
0.091000	371.363007
0.091100	368.972992
0.091200	367.537994
0.091300	368.015991
0.091400	365.147003
0.091500	364.669006
0.091600	367.059998
0.091700	363.713013
0.091800	358.453003
0.091900	356.540985
0.092000	356.540985
0.092100	351.281006
0.092200	348.890015
0.092300	349.368988
0.092400	345.542999
0.092500	343.153015
0.092600	340.761993
0.092700	335.980011
0.092800	335.502014
0.092900	333.112000
0.093000	330.243011
0.093100	325.938995
0.093200	324.505005
0.093300	320.201996
0.093400	316.376007
0.093500	313.028992
0.093600	307.769989
0.093700	304.901001
0.093800	302.510010
0.093900	298.207001
0.094000	291.513000
0.094100	290.078003
0.094200	290.557007
0.094300	288.165985
0.094400	281.950012
0.094500	279.080994
0.094600	276.690002
0.094700	274.778015
0.094800	269.518005
0.094900	268.084015
0.095000	266.648987
0.095100	260.433014
0.095200	255.173996
0.095300	253.738998
0.095400	250.391998
0.095500	250.391998
0.095600	247.044998
0.095700	241.785995
0.095800	237.481995
0.095900	234.613007
0.096000	229.354004
0.096100	225.529007
0.096200	222.660004
0.096300	219.313004
0.096400	219.791000
0.096500	215.009995
0.096600	212.141006
0.096700	211.184006
0.096800	204.490005
0.096900	198.274002
0.097000	195.884003
0.097100	194.449005
0.097200	192.057999
0.097300	190.145996
0.097400	187.755005
0.097500	185.363998
0.097600	182.973999
0.097700	182.016998
0.097800	179.626999
0.097900	174.845001
0.098000	168.151001
0.098100	165.281998
0.098200	162.891998
0.098300	160.501007
0.098400	157.632004
0.098500	159.544998
0.098600	154.285004
0.098700	154.285004
0.098800	149.024994
0.098900	146.156006
0.099000	145.677994
0.099100	143.287994
0.099200	140.419006
0.099300	138.028000
0.099400	136.593994
0.099500	133.246994
0.099600	130.856003
0.099700	128.942993
0.099800	126.552002
0.099900	123.683998
0.100000	119.379997
0.100100	113.642998
0.100200	115.077003
0.100300	111.730003
0.100400	104.557999
0.100500	100.253998
0.100600	103.123001
0.100700	101.689003
0.100800	100.253998
0.100900	96.429298
0.101000	91.169701
0.101100	90.213402
0.101200	87.344498
0.101300	86.866402
0.101400	81.128601
0.101500	80.650497
0.101600	79.694199
0.101700	77.303497
0.101800	73.000099
0.101900	69.653099
0.102000	68.218697
0.102100	66.784203
0.102200	65.828003
0.102300	62.480900
0.102400	56.743198
0.102500	55.308701
0.102600	52.439899
0.102700	46.223999
0.102800	47.180302
0.102900	46.223999
0.103000	42.398800
0.103100	39.051800
0.103200	38.095501
0.103300	36.182899
0.103400	34.748501
0.103500	31.401400
0.103600	26.141800
0.103700	20.882200
0.103800	19.925900
0.103900	23.273001
0.104000	17.535200
0.104100	15.622600
0.104200	13.231900
0.104300	12.275600
0.104400	7.972290
0.104500	8.450430
0.104600	7.972290
0.104700	1.756390
0.104800	-2.068780
0.104900	1.278240
0.105000	1.756390
0.105100	-4.459510
0.105200	-8.762820
0.105300	-12.588000
0.105400	-17.369499
0.105500	-17.847601
0.105600	-16.891300
0.105700	-21.194599
0.105800	-28.844999
0.105900	-35.539001
0.106000	-33.626400
0.106100	-35.539001
0.106200	-40.320499
0.106300	-44.623798
0.106400	-42.233002
0.106500	-44.145599
0.106600	-45.101898
0.106700	-50.839699
0.106800	-56.099300
0.106900	-62.315201
0.107000	-60.880699
0.107100	-64.227798
0.107200	-69.009201
0.107300	-71.878098
0.107400	-73.790703
0.107500	-78.572098
0.107600	-80.962898
0.107700	-84.309898
0.107800	-86.222504
0.107900	-84.788002
0.108000	-85.266197
0.108100	-89.091400
0.108200	-92.916496
0.108300	-96.263496
0.108400	-100.088997
0.108500	-96.263496
0.108600	-97.697998
0.108700	-99.610603
0.108800	-104.391998
0.108900	-103.435997
0.109000	-101.523003
0.109100	-102.000999
0.109200	-102.478996
0.109300	-105.825996
0.109400	-109.172997
0.109500	-109.172997
0.109600	-110.129997
0.109700	-109.172997
0.109800	-108.695000
0.109900	-112.521004
0.110000	-113.955002
0.110100	-112.999001
0.110200	-118.736000
0.110300	-116.823997
0.110400	-117.302002
0.110500	-121.126999
0.110600	-124.473999
0.110700	-120.649002
0.110800	-119.693001
0.110900	-125.908997
0.111000	-127.820999
0.111100	-126.864998
0.111200	-131.645996
0.111300	-132.123993
0.111400	-133.559006
0.111500	-135.472000
0.111600	-137.384003
0.111700	-135.472000
0.111800	-135.949997
0.111900	-136.906006
0.112000	-138.339996
0.112100	-142.166000
0.112200	-142.643997
0.112300	-144.078003
0.112400	-147.903000
0.112500	-149.337997
0.112600	-148.860001
0.112700	-151.250000
0.112800	-150.294006
0.112900	-154.119003
0.113000	-160.335007
0.113100	-160.813004
0.113200	-163.203995
0.113300	-163.682007
0.113400	-161.770004
0.113500	-163.682007
0.113600	-170.854004
0.113700	-168.464005
0.113800	-160.813004
0.113900	-160.335007
0.114000	-164.638000
0.114100	-164.638000
0.114200	-164.638000
0.114300	-167.507004
0.114400	-166.550995
0.114500	-163.682007
0.114600	-167.985001
0.114700	-170.376007
0.114800	-170.376007
0.114900	-171.332001
0.115000	-172.766998
0.115100	-172.766998
0.115200	-174.201004
0.115300	-174.679001
0.115400	-177.548004
0.115500	-180.895004
0.115600	-185.199005
0.115700	-188.067993
0.115800	-184.242004
0.115900	-185.199005
0.116000	-186.632996
0.116100	-189.024002
0.116200	-188.546005
0.116300	-189.501999
0.116400	-189.024002
0.116500	-189.979996
0.116600	-195.240005
0.116700	-193.326996
0.116800	-186.632996
0.116900	-192.371002
0.117000	-191.414993
0.117100	-191.893005
0.117200	-189.979996
0.117300	-189.024002
0.117400	-186.632996
0.117500	-189.979996
0.117600	-199.065002
0.117700	-204.802994
0.117800	-198.587006
0.117900	-191.414993
0.118000	-190.936005
0.118100	-194.283005
0.118200	-194.283005
0.118300	-185.677002
0.118400	-178.983002
0.118500	-171.332001
0.118600	-167.985001
0.118700	-168.942001
0.118800	-166.072998
0.118900	-156.988007
0.119000	-155.074997
0.119100	-155.074997
0.119200	-156.509995
0.119300	-153.162994
0.119400	-147.425003
0.119500	-145.990997
0.119600	-145.033997
0.119700	-144.078003
0.119800	-141.209000
0.119900	-138.339996
0.120000	-138.819000
0.120100	-138.339996
0.120200	-138.339996
0.120300	-135.949997
0.120400	-137.862000
0.120500	-135.949997
0.120600	-135.472000
0.120700	-136.906006
0.120800	-137.384003
0.120900	-136.906006
0.121000	-137.384003
0.121100	-140.253006
0.121200	-139.774994
0.121300	-138.339996
0.121400	-137.384003
0.121500	-138.819000
0.121600	-138.339996
0.121700	-140.253006
0.121800	-140.253006
0.121900	-140.731003
0.122000	-139.296997
0.122100	-140.253006
0.122200	-145.513000
0.122300	-142.643997
0.122400	-139.774994
0.122500	-136.906006
0.122600	-140.731003
0.122700	-143.121994
0.122800	-143.121994
0.122900	-142.166000
0.123000	-143.600006
0.123100	-140.731003
0.123200	-144.078003
0.123300	-140.731003
0.123400	-139.774994
0.123500	-135.949997
0.123600	-140.731003
0.123700	-141.209000
0.123800	-144.556000
0.123900	-145.990997
0.124000	-144.556000
0.124100	-145.513000
0.124200	-145.033997
0.124300	-145.513000
0.124400	-145.513000
0.124500	-143.600006
0.124600	-145.033997
0.124700	-144.556000
0.124800	-146.468994
0.124900	-147.903000
0.125000	-150.294006
0.125100	-152.207001
0.125200	-152.207001
0.125300	-151.727997
0.125400	-149.815994
0.125500	-149.337997
0.125600	-153.641006
0.125700	-155.554001
0.125800	-154.119003
0.125900	-156.031998
0.126000	-157.466003
0.126100	-156.988007
0.126200	-160.335007
0.126300	-161.291000
0.126400	-158.423004
0.126500	-161.291000
0.126600	-165.117004
0.126700	-162.725998
0.126800	-164.638000
0.126900	-163.682007
0.127000	-161.770004
0.127100	-163.203995
0.127200	-168.942001
0.127300	-170.376007
0.127400	-171.332001
0.127500	-166.072998
0.127600	-167.029007
0.127700	-169.419998
0.127800	-168.942001
0.127900	-169.419998
0.128000	-170.376007
0.128100	-172.289001
0.128200	-172.289001
0.128300	-173.723007
0.128400	-177.070007
0.128500	-179.938995
0.128600	-181.852005
0.128700	-180.417007
0.128800	-186.154999
0.128900	-189.024002
0.129000	-187.110992
0.129100	-182.330002
0.129200	-184.242004
0.129300	-190.936005
0.129400	-192.848999
0.129500	-197.151993
0.129600	-199.065002
0.129700	-197.151993
0.129800	-201.455994
0.129900	-202.412003
0.130000	-205.281006
0.130100	-208.628006
0.130200	-210.061996
0.130300	-203.367996
0.130400	-199.065002
0.130500	-204.324997
0.130600	-209.106003
0.130700	-206.714996
0.130800	-208.628006
0.130900	-209.106003
0.131000	-212.931000
0.131100	-211.496994
0.131200	-208.149994
0.131300	-207.671997
0.131400	-211.975006
0.131500	-213.408997
0.131600	-217.233994
0.131700	-215.322006
0.131800	-217.233994
0.131900	-218.190994
0.132000	-219.625000
0.132100	-219.147003
0.132200	-223.929001
0.132300	-228.231995
0.132400	-234.447998
0.132500	-234.447998
0.132600	-236.360001
0.132700	-233.013000
0.132800	-231.578995
0.132900	-236.360001
0.133000	-240.664001
0.133100	-246.401001
0.133200	-246.880005
0.133300	-244.011002
0.133400	-244.488998
0.133500	-249.748001
0.133600	-251.182999
0.133700	-251.660995
0.133800	-253.095001
0.133900	-253.574005
0.134000	-255.485992
0.134100	-256.920990
0.134200	-257.877014
0.134300	-261.223999
0.134400	-262.179993
0.134500	-262.179993
0.134600	-265.049011
0.134700	-264.571014
0.134800	-263.135986
0.134900	-262.657990
0.135000	-266.962006
0.135100	-269.351990
0.135200	-270.308990
0.135300	-268.395996
0.135400	-270.308990
0.135500	-272.699005
0.135600	-274.612000
0.135700	-274.134003
0.135800	-276.045990
0.135900	-278.915009
0.136000	-283.696991
0.136100	-284.174988
0.136200	-281.783997
0.136300	-283.696991
0.136400	-283.218994
0.136500	-283.218994
0.136600	-283.696991
0.136700	-288.477997
0.136800	-292.782013
0.136900	-290.868988
0.137000	-287.044006
0.137100	-285.131012
0.137200	-288.477997
0.137300	-291.825012
0.137400	-295.649994
0.137500	-297.084991
0.137600	-300.432007
0.137700	-301.388000
0.137800	-298.519012
0.137900	-296.128998
0.138000	-298.997009
0.138100	-302.822998
0.138200	-304.256989
0.138300	-303.300995
0.138400	-301.865997
0.138500	-302.822998
0.138600	-302.343994
0.138700	-304.256989
0.138800	-308.082001
0.138900	-305.691010
0.139000	-304.256989
0.139100	-305.213013
0.139200	-309.516998
0.139300	-313.342010
0.139400	-316.688995
0.139500	-319.079987
0.139600	-319.558014
0.139700	-319.079987
0.139800	-315.253998
0.139900	-318.601013
0.140000	-318.601013
0.140100	-321.947998
0.140200	-314.298004
0.140300	-309.516998
0.140400	-314.298004
0.140500	-327.686005
0.140600	-333.424011
0.140700	-326.730011
0.140800	-321.470001
0.140900	-324.338989
0.141000	-323.382996
0.141100	-323.382996
0.141200	-324.816986
0.141300	-328.164001
0.141400	-325.773987
0.141500	-323.382996
0.141600	-327.208008
0.141700	-327.686005
0.141800	-325.295013
0.141900	-326.252014
0.142000	-327.208008
0.142100	-327.686005
0.142200	-333.424011
0.142300	-337.248993
0.142400	-341.074005
0.142500	-343.464996
0.142600	-344.420990
0.142700	-339.640015
0.142800	-332.946014
0.142900	-329.598999
0.143000	-335.337006
0.143100	-337.726990
0.143200	-337.726990
0.143300	-339.161987
0.143400	-340.596008
0.143500	-340.118011
0.143600	-341.552002
0.143700	-341.074005
0.143800	-336.292999
0.143900	-339.640015
0.144000	-342.031006
0.144100	-342.031006
0.144200	-343.942993
0.144300	-345.855988
0.144400	-347.290009
0.144500	-347.290009
0.144600	-342.031006
0.144700	-342.031006
0.144800	-344.898987
0.144900	-341.074005
0.145000	-339.640015
0.145100	-343.464996
0.145200	-345.855988
0.145300	-344.898987
0.145400	-344.420990
0.145500	-346.812012
0.145600	-339.640015
0.145700	-341.552002
0.145800	-343.464996
0.145900	-345.377991
0.146000	-342.031006
0.146100	-343.942993
0.146200	-343.464996
0.146300	-343.942993
0.146400	-340.596008
0.146500	-335.337006
0.146600	-337.248993
0.146700	-339.640015
0.146800	-341.074005
0.146900	-337.726990
0.147000	-334.858002
0.147100	-334.858002
0.147200	-337.726990
0.147300	-339.161987
0.147400	-339.161987
0.147500	-338.204987
0.147600	-335.815002
0.147700	-332.946014
0.147800	-331.510986
0.147900	-330.554993
0.148000	-333.902008
0.148100	-336.292999
0.148200	-338.683990
0.148300	-339.161987
0.148400	-334.858002
0.148500	-333.424011
0.148600	-332.467987
0.148700	-331.510986
0.148800	-329.121002
0.148900	-332.467987
0.149000	-330.076996
0.149100	-330.554993
0.149200	-327.208008
0.149300	-324.338989
0.149400	-323.382996
0.149500	-325.295013
0.149600	-323.382996
0.149700	-317.644989
0.149800	-316.210999
0.149900	-318.122986
0.150000	-318.601013
0.150100	-317.644989
0.150200	-316.210999
0.150300	-313.820007
0.150400	-318.601013
0.150500	-321.947998
0.150600	-316.688995
0.150700	-313.342010
0.150800	-316.210999
0.150900	-316.210999
0.151000	-309.994995
0.151100	-306.648010
0.151200	-305.691010
0.151300	-308.082001
0.151400	-306.170013
0.151500	-304.734985
0.151600	-306.648010
0.151700	-305.213013
0.151800	-300.432007
0.151900	-300.432007
0.152000	-302.822998
0.152100	-299.476013
0.152200	-297.084991
0.152300	-293.738007
0.152400	-294.216003
0.152500	-294.694000
0.152600	-293.738007
0.152700	-291.825012
0.152800	-291.346985
0.152900	-288.477997
0.153000	-286.566010
0.153100	-289.912994
0.153200	-288.955994
0.153300	-285.131012
0.153400	-285.131012
0.153500	-288.477997
0.153600	-284.174988
0.153700	-280.350006
0.153800	-279.872009
0.153900	-277.002991
0.154000	-273.656006
0.154100	-276.524994
0.154200	-274.612000
0.154300	-275.089996
0.154400	-274.612000
0.154500	-271.265015
0.154600	-270.308990
0.154700	-272.221008
0.154800	-271.743011
0.154900	-266.005005
0.155000	-263.135986
0.155100	-261.701996
0.155200	-261.701996
0.155300	-260.268005
0.155400	-258.355011
0.155500	-255.007996
0.155600	-255.007996
0.155700	-259.789001
0.155800	-261.223999
0.155900	-254.529999
0.156000	-248.792007
0.156100	-245.445007
0.156200	-250.227005
0.156300	-247.835999
0.156400	-247.358002
0.156500	-245.923004
0.156600	-245.923004
0.156700	-243.533005
0.156800	-247.835999
0.156900	-247.358002
0.157000	-243.054001
0.157100	-239.707001
0.157200	-242.576004
0.157300	-241.619995
0.157400	-241.619995
0.157500	-240.184998
0.157600	-237.317001
0.157700	-238.272995
0.157800	-238.272995
0.157900	-238.272995
0.158000	-238.272995
0.158100	-237.317001
0.158200	-229.188004
0.158300	-231.578995
0.158400	-234.447998
0.158500	-231.100998
0.158600	-228.710007
0.158700	-226.796997
0.158800	-232.535004
0.158900	-233.970001
0.159000	-231.100998
0.159100	-224.884995
0.159200	-226.319000
0.159300	-227.276001
0.159400	-225.363007
0.159500	-221.059998
0.159600	-221.059998
0.159700	-219.147003
0.159800	-226.796997
0.159900	-227.753998
0.160000	-224.884995
0.160100	-217.712997
0.160200	-215.322006
0.160300	-218.190994
0.160400	-220.102997
0.160500	-214.365997
0.160600	-215.322006
0.160700	-218.669006
0.160800	-217.233994
0.160900	-217.233994
0.161000	-216.755997
0.161100	-215.800003
0.161200	-214.843994
0.161300	-216.278000
0.161400	-213.408997
0.161500	-213.408997
0.161600	-215.800003
0.161700	-214.365997
0.161800	-212.453003
0.161900	-213.886993
0.162000	-211.975006
0.162100	-212.453003
0.162200	-210.061996
0.162300	-204.802994
0.162400	-205.759003
0.162500	-208.628006
0.162600	-207.671997
0.162700	-211.496994
0.162800	-211.018997
0.162900	-207.671997
0.163000	-206.237000
0.163100	-200.977997
0.163200	-202.412003
0.163300	-203.845993
0.163400	-202.889999
0.163500	-203.845993
0.163600	-204.324997
0.163700	-202.412003
0.163800	-200.977997
0.163900	-200.977997
0.164000	-198.587006
0.164100	-199.542999
0.164200	-201.455994
0.164300	-199.542999
0.164400	-196.195999
0.164500	-196.195999
0.164600	-194.761993
0.164700	-193.326996
0.164800	-193.326996
0.164900	-194.761993
0.165000	-192.371002
0.165100	-193.804993
0.165200	-196.195999
0.165300	-194.761993
0.165400	-194.283005
0.165500	-190.457993
0.165600	-193.804993
0.165700	-194.283005
0.165800	-189.501999
0.165900	-188.067993
0.166000	-185.199005
0.166100	-185.199005
0.166200	-186.154999
0.166300	-185.677002
0.166400	-184.720993
0.166500	-183.285995
0.166600	-181.852005
0.166700	-180.895004
0.166800	-181.373993
0.166900	-187.589005
0.167000	-183.764008
0.167100	-179.938995
0.167200	-178.505005
0.167300	-181.852005
0.167400	-181.373993
0.167500	-178.505005
0.167600	-178.505005
0.167700	-175.636002
0.167800	-173.723007
0.167900	-175.158005
0.168000	-178.026993
0.168100	-175.636002
0.168200	-173.723007
0.168300	-173.723007
0.168400	-175.636002
0.168500	-173.723007
0.168600	-169.419998
0.168700	-170.376007
0.168800	-168.942001
0.168900	-169.897995
0.169000	-166.550995
0.169100	-163.203995
0.169200	-164.160004
0.169300	-166.550995
0.169400	-167.507004
0.169500	-167.507004
0.169600	-166.550995
0.169700	-168.464005
0.169800	-165.595001
0.169900	-163.682007
0.170000	-162.725998
0.170100	-159.856995
0.170200	-162.248001
0.170300	-161.291000
0.170400	-158.423004
0.170500	-156.509995
0.170600	-161.291000
0.170700	-162.248001
0.170800	-157.466003
0.170900	-154.597000
0.171000	-155.074997
0.171100	-154.119003
0.171200	-156.031998
0.171300	-153.641006
0.171400	-152.207001
0.171500	-151.727997
0.171600	-154.119003
0.171700	-150.294006
0.171800	-150.772003
0.171900	-149.815994
0.172000	-148.380997
0.172100	-150.772003
0.172200	-148.380997
0.172300	-145.513000
0.172400	-147.903000
0.172500	-150.772003
0.172600	-146.468994
0.172700	-144.078003
0.172800	-144.078003
0.172900	-144.078003
0.173000	-146.947006
0.173100	-144.556000
0.173200	-144.556000
0.173300	-143.121994
0.173400	-140.731003
0.173500	-137.862000
0.173600	-135.472000
0.173700	-135.472000
0.173800	-137.862000
0.173900	-139.296997
0.174000	-137.862000
0.174100	-137.384003
0.174200	-135.472000
0.174300	-132.602997
0.174400	-131.645996
0.174500	-128.298996
0.174600	-129.733994
0.174700	-128.776993
0.174800	-130.690002
0.174900	-129.733994
0.175000	-127.343002
0.175100	-128.298996
0.175200	-130.690002
0.175300	-128.776993
0.175400	-125.430000
0.175500	-125.908997
0.175600	-128.776993
0.175700	-125.430000
0.175800	-127.343002
0.175900	-127.820999
0.176000	-124.473999
0.176100	-125.430000
0.176200	-119.693001
0.176300	-119.214996
0.176400	-119.214996
0.176500	-116.346001
0.176600	-119.214996
0.176700	-122.561996
0.176800	-118.258003
0.176900	-118.258003
0.177000	-115.389000
0.177100	-117.302002
0.177200	-118.258003
0.177300	-118.736000
0.177400	-118.258003
0.177500	-117.779999
0.177600	-115.867996
0.177700	-116.823997
0.177800	-116.346001
0.177900	-114.432999
0.178000	-112.999001
0.178100	-110.608002
0.178200	-112.521004
0.178300	-115.389000
0.178400	-112.042000
0.178500	-112.521004
0.178600	-112.521004
0.178700	-110.608002
0.178800	-112.521004
0.178900	-112.999001
0.179000	-108.695000
0.179100	-106.305000
0.179200	-111.085999
0.179300	-109.652000
0.179400	-109.652000
0.179500	-104.391998
0.179600	-103.914001
0.179700	-105.825996
0.179800	-108.695000
0.179900	-104.391998
0.180000	-103.435997
0.180100	-105.348000
0.180200	-105.825996
0.180300	-104.391998
0.180400	-102.000999
0.180500	-99.610603
0.180600	-104.391998
0.180700	-101.523003
0.180800	-100.567001
0.180900	-101.044998
0.181000	-102.958000
0.181100	-101.523003
0.181200	-100.567001
0.181300	-95.785400
0.181400	-96.741699
0.181500	-98.176102
0.181600	-102.478996
0.181700	-99.132401
0.181800	-94.829102
0.181900	-95.307198
0.182000	-98.176102
0.182100	-100.567001
0.182200	-95.307198
0.182300	-93.872803
0.182400	-95.785400
0.182500	-93.872803
0.182600	-92.916496
0.182700	-94.829102
0.182800	-97.219803
0.182900	-94.350998
0.183000	-90.525803
0.183100	-90.525803
0.183200	-91.960197
0.183300	-91.482101
0.183400	-91.482101
0.183500	-95.785400
0.183600	-93.872803
0.183700	-91.482101
0.183800	-83.353600
0.183900	-79.528397
0.184000	-82.397301
0.184100	-87.178802
0.184200	-88.135101
0.184300	-90.047600
0.184400	-88.613197
0.184500	-86.700600
0.184600	-82.875504
0.184700	-85.744301
0.184800	-85.744301
0.184900	-86.700600
0.185000	-85.266197
0.185100	-87.178802
0.185200	-83.353600
0.185300	-83.831703
0.185400	-88.613197
0.185500	-90.047600
0.185600	-88.135101
0.185700	-87.178802
0.185800	-86.222504
0.185900	-83.353600
0.186000	-85.266197
0.186100	-89.091400
0.186200	-86.700600
0.186300	-85.266197
0.186400	-86.222504
0.186500	-86.222504
0.186600	-86.222504
0.186700	-88.613197
0.186800	-84.788002
0.186900	-84.309898
0.187000	-85.266197
0.187100	-84.788002
0.187200	-84.788002
0.187300	-85.744301
0.187400	-84.788002
0.187500	-86.700600
0.187600	-84.788002
0.187700	-86.700600
0.187800	-86.222504
0.187900	-88.135101
0.188000	-88.613197
0.188100	-91.003899
0.188200	-86.222504
0.188300	-86.222504
0.188400	-87.656898
0.188500	-85.266197
0.188600	-85.266197
0.188700	-87.178802
0.188800	-85.744301
0.188900	-84.309898
0.189000	-81.919197
0.189100	-81.919197
0.189200	-83.831703
0.189300	-84.788002
0.189400	-89.091400
0.189500	-88.613197
0.189600	-84.309898
0.189700	-79.528397
0.189800	-82.397301
0.189900	-83.831703
0.190000	-82.397301
0.190100	-82.397301
0.190200	-82.875504
0.190300	-82.875504
0.190400	-83.353600
0.190500	-85.266197
0.190600	-86.222504
0.190700	-87.178802
0.190800	-83.831703
0.190900	-81.919197
0.191000	-80.962898
0.191100	-81.919197
0.191200	-79.050301
0.191300	-80.484703
0.191400	-79.050301
0.191500	-82.875504
0.191600	-81.919197
0.191700	-77.615799
0.191800	-76.659599
0.191900	-79.050301
0.192000	-75.703300
0.192100	-75.225098
0.192200	-77.137703
0.192300	-80.484703
0.192400	-80.962898
0.192500	-75.703300
0.192600	-73.790703
0.192700	-78.094002
0.192800	-80.484703
0.192900	-74.747002
0.193000	-77.615799
0.193100	-78.094002
0.193200	-76.659599
0.193300	-73.790703
0.193400	-73.312500
0.193500	-74.268799
0.193600	-77.137703
0.193700	-78.094002
0.193800	-74.268799
0.193900	-75.703300
0.194000	-74.268799
0.194100	-74.268799
0.194200	-73.790703
0.194300	-72.356201
0.194400	-70.921799
0.194500	-69.965500
0.194600	-69.009201
0.194700	-71.878098
0.194800	-74.268799
0.194900	-73.312500
0.195000	-74.268799
0.195100	-73.790703
0.195200	-75.703300
0.195300	-75.703300
0.195400	-71.878098
0.195500	-74.268799
0.195600	-74.747002
0.195700	-72.834396
0.195800	-71.399902
0.195900	-69.009201
0.196000	-75.703300
0.196100	-77.615799
0.196200	-73.790703
0.196300	-68.531097
0.196400	-70.921799
0.196500	-70.443703
0.196600	-68.052902
0.196700	-67.096603
0.196800	-66.140297
0.196900	-66.618500
0.197000	-69.487396
0.197100	-70.921799
0.197200	-67.096603
0.197300	-66.140297
0.197400	-67.096603
0.197500	-64.705902
0.197600	-68.531097
0.197700	-66.618500
0.197800	-67.096603
0.197900	-65.184097
0.198000	-64.227798
0.198100	-63.749599
0.198200	-66.140297
0.198300	-70.443703
0.198400	-70.443703
0.198500	-66.140297
0.198600	-65.184097
0.198700	-65.184097
0.198800	-65.184097
0.198900	-64.705902
0.199000	-63.271500
0.199100	-65.184097
0.199200	-62.315201
0.199300	-62.315201
0.199400	-63.271500
0.199500	-59.924400
0.199600	-62.315201
0.199700	-62.315201
0.199800	-62.793301
0.199900	-64.227798
0.200000	-60.880699
0.200100	-59.924400
0.200200	-62.793301
0.200300	-58.968201
0.200400	-57.533699
0.200500	-58.011902
0.200600	-61.837002
0.200700	-60.402599
0.200800	-60.880699
0.200900	-59.924400
0.201000	-59.924400
0.201100	-57.055599
0.201200	-57.055599
0.201300	-57.533699
0.201400	-58.968201
0.201500	-54.664799
0.201600	-55.143002
0.201700	-61.358898
0.201800	-60.402599
0.201900	-55.143002
0.202000	-54.664799
0.202100	-54.664799
0.202200	-55.621101
0.202300	-52.274101
0.202400	-50.839699
0.202500	-48.448898
0.202600	-50.839699
0.202700	-53.708500
0.202800	-52.752300
0.202900	-50.839699
0.203000	-49.405201
0.203100	-49.405201
0.203200	-49.405201
0.203300	-51.796001
0.203400	-47.492599
0.203500	-47.492599
0.203600	-48.448898
0.203700	-47.492599
0.203800	-48.448898
0.203900	-46.536400
0.204000	-47.014500
0.204100	-44.623798
0.204200	-45.101898
0.204300	-47.014500
0.204400	-44.623798
0.204500	-43.189301
0.204600	-42.711201
0.204700	-40.798599
0.204800	-41.754902
0.204900	-41.276798
0.205000	-37.451599
0.205100	-38.407902
0.205200	-37.929699
0.205300	-38.886002
0.205400	-36.495300
0.205500	-35.060902
0.205600	-38.407902
0.205700	-36.017101
0.205800	-36.017101
0.205900	-33.626400
0.206000	-36.973400
0.206100	-33.626400
0.206200	-31.713800
0.206300	-31.235701
0.206400	-32.670101
0.206500	-29.801201
0.206600	-31.235701
0.206700	-30.279400
0.206800	-29.323099
0.206900	-27.888700
0.207000	-28.844999
0.207100	-31.713800
0.207200	-30.279400
0.207300	-28.366800
0.207400	-25.497900
0.207500	-22.629101
0.207600	-24.541599
0.207700	-28.366800
0.207800	-25.976101
0.207900	-25.976101
0.208000	-23.585300
0.208100	-23.107201
0.208200	-23.107201
0.208300	-25.497900
0.208400	-28.366800
0.208500	-25.976101
0.208600	-28.366800
0.208700	-26.454201
0.208800	-26.932400
0.208900	-26.932400
0.209000	-26.932400
0.209100	-27.410500
0.209200	-25.976101
0.209300	-22.150900
0.209400	-21.194599
0.209500	-25.019800
0.209600	-23.585300
0.209700	-20.716499
0.209800	-20.716499
0.209900	-20.716499
0.210000	-23.585300
0.210100	-22.629101
0.210200	-24.541599
0.210300	-26.932400
0.210400	-25.976101
0.210500	-23.107201
0.210600	-23.585300
0.210700	-22.150900
0.210800	-21.194599
0.210900	-22.629101
0.211000	-20.716499
0.211100	-23.585300
0.211200	-22.150900
0.211300	-18.325701
0.211400	-18.325701
0.211500	-18.325701
0.211600	-19.282000
0.211700	-17.369499
0.211800	-14.978700
0.211900	-13.544300
0.212000	-17.847601
0.212100	-17.369499
0.212200	-17.369499
0.212300	-19.282000
0.212400	-16.413200
0.212500	-14.500600
0.212600	-14.022400
0.212700	-12.109800
0.212800	-10.675400
0.212900	-8.284680
0.213000	-11.153600
0.213100	-11.631700
0.213200	-14.022400
0.213300	-15.935000
0.213400	-13.544300
0.213500	-13.066100
0.213600	-14.022400
0.213700	-12.588000
0.213800	-10.675400
0.213900	-6.850240
0.214000	-12.588000
0.214100	-15.935000
0.214200	-14.022400
0.214300	-12.588000
0.214400	-8.284680
0.214500	-9.719110
0.214600	-7.806530
0.214700	-10.675400
0.214800	-8.762820
0.214900	-3.503220
0.215000	-2.068780
0.215100	-1.590630
0.215200	-2.068780
0.215300	-3.025070
0.215400	-3.025070
0.215500	-5.893950
0.215600	-4.937650
0.215700	-3.025070
0.215800	-2.068780
0.215900	-6.372090
0.216000	-3.981360
0.216100	-1.112490
0.216200	0.321952
0.216300	0.321952
0.216400	-3.025070
0.216500	-2.068780
0.216600	2.234540
0.216700	4.625270
0.216800	0.321952
0.216900	-4.459510
0.217000	-1.112490
0.217100	0.800098
0.217200	5.581560
0.217300	4.147120
0.217400	2.234540
0.217500	1.756390
0.217600	6.059700
0.217700	5.103410
0.217800	3.668970
0.217900	2.712680
0.218000	2.712680
0.218100	5.581560
0.218200	5.103410
0.218300	5.581560
0.218400	9.406730
0.218500	7.494140
0.218600	9.406730
0.218700	8.450430
0.218800	10.363000
0.218900	9.406730
0.219000	8.928580
0.219100	9.884870
0.219200	11.319300
0.219300	6.537850
0.219400	7.972290
0.219500	12.275600
0.219600	10.363000
0.219700	8.450430
0.219800	11.797500
0.219900	13.231900
0.220000	12.275600
0.220100	13.710000
0.220200	15.622600
0.220300	12.753700
0.220400	10.841200
0.220500	14.188200
0.220600	13.710000
0.220700	14.666300
0.220800	14.188200
0.220900	13.231900
0.221000	14.666300
0.221100	17.535200
0.221200	17.535200
0.221300	18.013399
0.221400	18.969601
0.221500	18.013399
0.221600	11.797500
0.221700	12.753700
0.221800	14.188200
0.221900	17.057100
0.222000	15.622600
0.222100	14.188200
0.222200	16.578899
0.222300	19.925900
0.222400	23.751101
0.222500	23.273001
0.222600	18.969601
0.222700	17.535200
0.222800	18.969601
0.222900	14.188200
0.223000	16.100800
0.223100	18.491501
0.223200	16.578899
0.223300	14.666300
0.223400	18.491501
0.223500	20.882200
0.223600	21.360399
0.223700	21.360399
0.223800	20.404100
0.223900	18.969601
0.224000	20.882200
0.224100	22.794800
0.224200	26.141800
0.224300	23.273001
0.224400	22.794800
0.224500	22.794800
0.224600	23.273001
0.224700	20.404100
0.224800	23.751101
0.224900	26.620001
0.225000	26.141800
0.225100	24.707399
0.225200	25.663700
0.225300	24.707399
0.225400	21.838499
0.225500	24.229300
0.225600	31.879601
0.225700	29.010700
0.225800	27.098101
0.225900	23.751101
0.226000	24.707399
0.226100	30.445101
0.226200	31.879601
0.226300	30.923300
0.226400	30.923300
0.226500	31.401400
0.226600	30.445101
0.226700	30.923300
0.226800	30.923300
0.226900	34.748501
0.227000	35.226601
0.227100	35.226601
0.227200	38.573601
0.227300	38.095501
0.227400	36.182899
0.227500	36.660999
0.227600	37.139198
0.227700	35.704800
0.227800	33.313999
0.227900	33.313999
0.228000	32.835899
0.228100	30.923300
0.228200	31.401400
0.228300	28.054399
0.228400	26.141800
0.228500	28.532600
0.228600	26.141800
0.228700	27.576300
0.228800	27.098101
0.228900	28.532600
0.229000	25.663700
0.229100	26.141800
0.229200	23.273001
0.229300	22.794800
0.229400	23.273001
0.229500	23.751101
0.229600	25.185499
0.229700	28.532600
0.229800	29.488899
0.229900	28.054399
0.230000	29.488899
0.230100	32.835899
0.230200	32.835899
0.230300	34.748501
0.230400	30.445101
0.230500	33.792198
0.230600	35.704800
0.230700	35.704800
0.230800	38.573601
0.230900	40.008099
0.231000	43.833199
0.231100	44.311401
0.231200	43.355099
0.231300	40.964401
0.231400	42.398800
0.231500	43.833199
0.231600	38.573601
0.231700	37.139198
0.231800	38.573601
0.231900	37.617298
0.232000	40.008099
0.232100	35.704800
0.232200	36.660999
0.232300	38.095501
0.232400	38.573601
0.232500	35.226601
0.232600	39.051800
0.232700	36.660999
0.232800	35.226601
0.232900	35.704800
0.233000	36.182899
0.233100	35.226601
0.233200	37.139198
0.233300	37.617298
0.233400	40.008099
0.233500	39.051800
0.233600	36.182899
0.233700	34.748501
0.233800	38.095501
0.233900	40.008099
0.234000	36.660999
0.234100	35.704800
0.234200	41.920700
0.234300	39.051800
0.234400	35.226601
0.234500	37.139198
0.234600	41.442501
0.234700	44.311401
0.234800	38.573601
0.234900	40.964401
0.235000	45.267700
0.235100	43.833199
0.235200	43.833199
0.235300	42.876900
0.235400	46.223999
0.235500	45.745800
0.235600	43.833199
0.235700	44.311401
0.235800	43.355099
0.235900	45.267700
0.236000	46.223999
0.236100	46.702099
0.236200	47.658401
0.236300	49.092800
0.236400	47.180302
0.236500	46.223999
0.236600	47.180302
0.236700	50.049099
0.236800	51.483601
0.236900	49.092800
0.237000	49.092800
0.237100	46.223999
0.237200	45.267700
0.237300	47.180302
0.237400	48.614700
0.237500	46.702099
0.237600	48.614700
0.237700	49.570999
0.237800	47.658401
0.237900	47.658401
0.238000	46.702099
0.238100	45.745800
0.238200	45.267700
0.238300	44.789501
0.238400	48.136600
0.238500	48.614700
0.238600	47.180302
0.238700	49.092800
0.238800	48.614700
0.238900	45.267700
0.239000	46.223999
0.239100	49.092800
0.239200	51.483601
0.239300	47.658401
0.239400	50.049099
0.239500	51.005402
0.239600	51.961700
0.239700	50.527302
0.239800	44.789501
0.239900	45.267700
0.240000	49.570999
0.240100	51.005402
0.240200	49.092800
0.240300	49.570999
0.240400	48.136600
0.240500	51.005402
0.240600	50.527302
0.240700	51.005402
0.240800	52.917999
0.240900	48.614700
0.241000	51.005402
0.241100	55.308701
0.241200	56.264999
0.241300	53.874298
0.241400	52.917999
0.241500	52.917999
0.241600	51.961700
0.241700	53.396198
0.241800	52.917999
0.241900	55.786900
0.242000	58.177601
0.242100	53.396198
0.242200	49.092800
0.242300	55.308701
0.242400	56.743198
0.242500	54.830601
0.242600	52.917999
0.242700	56.743198
0.242800	58.655800
0.242900	56.264999
0.243000	54.352402
0.243100	54.830601
0.243200	55.308701
0.243300	52.917999
0.243400	53.874298
0.243500	53.874298
0.243600	54.352402
0.243700	55.308701
0.243800	59.133900
0.243900	60.568298
0.244000	54.830601
0.244100	51.005402
0.244200	53.396198
0.244300	56.743198
0.244400	57.221298
0.244500	53.874298
0.244600	54.352402
0.244700	56.743198
0.244800	55.308701
0.244900	57.221298
0.245000	55.786900
0.245100	56.743198
0.245200	55.786900
0.245300	57.221298
0.245400	55.786900
0.245500	56.743198
0.245600	56.264999
0.245700	57.221298
0.245800	55.786900
0.245900	56.264999
0.246000	56.743198
0.246100	57.699501
0.246200	55.308701
0.246300	55.308701
0.246400	58.655800
0.246500	60.568298
0.246600	59.612099
0.246700	59.133900
0.246800	64.871696
0.246900	59.133900
0.247000	58.177601
0.247100	57.221298
0.247200	59.133900
0.247300	55.786900
0.247400	58.177601
0.247500	61.524601
0.247600	61.046501
0.247700	61.524601
0.247800	64.393501
0.247900	59.612099
0.248000	58.177601
0.248100	61.046501
0.248200	62.480900
0.248300	60.090199
0.248400	59.133900
0.248500	59.133900
0.248600	58.177601
0.248700	56.264999
0.248800	56.743198
0.248900	58.177601
0.249000	57.699501
0.249100	56.264999
0.249200	58.177601
0.249300	61.046501
0.249400	61.046501
0.249500	58.177601
0.249600	59.133900
0.249700	60.090199
0.249800	56.264999
0.249900	57.221298
0.250000	57.699501
0.250100	58.177601
0.250200	58.177601
0.250300	58.177601
0.250400	59.612099
0.250500	59.612099
0.250600	57.699501
0.250700	57.699501
0.250800	57.221298
0.250900	62.002800
0.251000	63.437199
0.251100	62.002800
0.251200	59.133900
0.251300	59.133900
0.251400	59.133900
0.251500	60.090199
0.251600	61.524601
0.251700	59.612099
0.251800	59.612099
0.251900	61.046501
0.252000	59.133900
0.252100	59.133900
0.252200	60.090199
0.252300	59.133900
0.252400	59.612099
0.252500	58.655800
0.252600	61.524601
0.252700	58.655800
0.252800	61.046501
0.252900	61.046501
0.253000	57.221298
0.253100	56.743198
0.253200	59.133900
0.253300	61.524601
0.253400	60.090199
0.253500	60.568298
0.253600	62.002800
0.253700	63.437199
0.253800	62.002800
0.253900	61.046501
0.254000	61.524601
0.254100	64.393501
0.254200	59.133900
0.254300	56.264999
0.254400	58.655800
0.254500	57.699501
0.254600	60.568298
0.254700	60.090199
0.254800	62.959099
0.254900	63.915401
0.255000	61.524601
0.255100	61.524601
0.255200	62.002800
0.255300	59.133900
0.255400	60.090199
0.255500	62.002800
0.255600	62.959099
0.255700	60.090199
0.255800	62.480900
0.255900	62.959099
0.256000	62.480900
0.256100	62.959099
0.256200	61.046501
0.256300	59.612099
0.256400	60.568298
0.256500	61.046501
0.256600	60.568298
0.256700	59.133900
0.256800	60.090199
0.256900	58.655800
0.257000	60.568298
0.257100	61.046501
0.257200	60.090199
0.257300	58.655800
0.257400	55.308701
0.257500	57.221298
0.257600	60.090199
0.257700	62.002800
0.257800	57.221298
0.257900	58.655800
0.258000	63.437199
0.258100	58.655800
0.258200	58.177601
0.258300	58.177601
0.258400	59.133900
0.258500	54.830601
0.258600	53.396198
0.258700	50.527302
0.258800	51.483601
0.258900	50.049099
0.259000	49.092800
0.259100	54.830601
0.259200	54.830601
0.259300	52.439899
0.259400	55.308701
0.259500	58.177601
0.259600	53.396198
0.259700	52.439899
0.259800	54.352402
0.259900	54.830601
0.260000	52.439899
0.260100	53.396198
0.260200	50.049099
0.260300	51.005402
0.260400	53.396198
0.260500	52.917999
0.260600	51.005402
0.260700	49.570999
0.260800	49.092800
0.260900	50.527302
0.261000	53.874298
0.261100	52.917999
0.261200	52.439899
0.261300	51.961700
0.261400	54.830601
0.261500	54.352402
0.261600	55.786900
0.261700	57.221298
0.261800	53.396198
0.261900	50.049099
0.262000	53.396198
0.262100	53.874298
0.262200	54.352402
0.262300	53.874298
0.262400	59.133900
0.262500	61.046501
0.262600	55.308701
0.262700	57.221298
0.262800	60.568298
0.262900	62.480900
0.263000	61.524601
0.263100	62.480900
0.263200	59.612099
0.263300	61.046501
0.263400	60.568298
0.263500	59.612099
0.263600	59.612099
0.263700	59.612099
0.263800	61.046501
0.263900	62.959099
0.264000	63.437199
0.264100	63.437199
0.264200	64.871696
0.264300	65.349800
0.264400	63.915401
0.264500	63.437199
0.264600	65.828003
0.264700	66.306099
0.264800	65.349800
0.264900	70.609398
0.265000	70.609398
0.265100	71.565697
0.265200	72.043900
0.265300	73.478302
0.265400	69.653099
0.265500	70.131302
0.265600	72.043900
0.265700	67.740501
0.265800	68.696800
0.265900	73.000099
0.266000	75.390900
0.266100	72.522003
0.266200	77.781601
0.266300	77.303497
0.266400	73.956398
0.266500	77.303497
0.266600	82.084900
0.266700	77.303497
0.266800	80.172302
0.266900	83.997498
0.267000	85.431900
0.267100	80.650497
0.267200	83.997498
0.267300	86.866402
0.267400	84.953796
0.267500	85.910103
0.267600	86.388199
0.267700	87.822701
0.267800	92.125999
0.267900	88.778999
0.268000	89.735298
0.268100	90.691498
0.268200	92.125999
0.268300	90.213402
0.268400	90.691498
0.268500	91.169701
0.268600	91.169701
0.268700	93.560402
0.268800	94.516701
0.268900	96.429298
0.269000	96.429298
0.269100	96.907402
0.269200	97.385597
0.269300	99.776299
0.269400	97.863701
0.269500	96.907402
0.269600	100.733002
0.269700	104.080002
0.269800	102.644997
0.269900	102.167000
0.270000	102.167000
0.270100	103.600998
0.270200	102.167000
0.270300	103.600998
0.270400	105.514000
0.270500	103.600998
0.270600	104.080002
0.270700	104.557999
0.270800	106.948997
0.270900	106.948997
0.271000	105.036003
0.271100	107.427002
0.271200	106.948997
0.271300	108.383003
0.271400	110.295998
0.271500	108.383003
0.271600	106.948997
0.271700	107.904999
0.271800	107.427002
0.271900	106.948997
0.272000	104.557999
0.272100	106.470001
0.272200	105.991997
0.272300	108.383003
0.272400	107.904999
0.272500	111.730003
0.272600	112.208000
0.272700	108.383003
0.272800	104.557999
0.272900	103.600998
0.273000	101.689003
0.273100	105.991997
0.273200	107.904999
0.273300	106.470001
0.273400	105.991997
0.273500	107.904999
0.273600	103.600998
0.273700	103.123001
0.273800	106.470001
0.273900	105.514000
0.274000	102.644997
0.274100	103.600998
0.274200	105.036003
0.274300	100.733002
0.274400	100.733002
0.274500	100.253998
0.274600	99.776299
0.274700	97.863701
0.274800	99.298203
0.274900	100.733002
0.275000	99.776299
0.275100	96.907402
0.275200	99.776299
0.275300	97.863701
0.275400	94.994904
0.275500	92.604103
0.275600	89.735298
0.275700	90.213402
0.275800	91.169701
0.275900	89.735298
0.276000	87.822701
0.276100	87.822701
0.276200	87.344498
0.276300	90.213402
0.276400	87.344498
0.276500	83.041199
0.276600	83.041199
0.276700	84.475601
0.276800	83.519402
0.276900	78.737900
0.277000	82.084900
0.277100	83.041199
0.277200	80.650497
0.277300	76.825302
0.277400	75.390900
0.277500	73.000099
0.277600	72.043900
0.277700	73.478302
0.277800	72.522003
0.277900	69.175003
0.278000	66.784203
0.278100	66.784203
0.278200	68.218697
0.278300	70.131302
0.278400	64.871696
0.278500	67.740501
0.278600	65.828003
0.278700	61.046501
0.278800	59.133900
0.278900	62.480900
0.279000	63.915401
0.279100	62.480900
0.279200	58.655800
0.279300	57.221298
0.279400	56.264999
0.279500	54.830601
0.279600	53.396198
0.279700	52.917999
0.279800	50.527302
0.279900	49.092800
0.280000	47.180302
0.280100	48.136600
0.280200	47.658401
0.280300	45.745800
0.280400	47.180302
0.280500	45.745800
0.280600	43.833199
0.280700	44.789501
0.280800	44.311401
0.280900	44.311401
0.281000	41.920700
0.281100	40.964401
0.281200	38.095501
0.281300	40.008099
0.281400	37.139198
0.281500	36.660999
0.281600	35.704800
0.281700	36.182899
0.281800	37.617298
0.281900	37.139198
0.282000	33.792198
0.282100	34.270302
0.282200	34.748501
0.282300	32.357700
0.282400	31.401400
0.282500	30.445101
0.282600	29.966999
0.282700	28.054399
0.282800	26.141800
0.282900	24.229300
0.283000	24.229300
0.283100	23.751101
0.283200	21.838499
0.283300	24.229300
0.283400	23.751101
0.283500	23.751101
0.283600	24.707399
0.283700	25.663700
0.283800	23.273001
0.283900	22.794800
0.284000	18.491501
0.284100	18.969601
0.284200	18.013399
0.284300	17.057100
0.284400	17.057100
0.284500	14.188200
0.284600	16.100800
0.284700	13.231900
0.284800	11.797500
0.284900	10.363000
0.285000	10.363000
0.285100	8.928580
0.285200	9.406730
0.285300	6.059700
0.285400	5.103410
0.285500	5.103410
0.285600	5.581560
0.285700	2.712680
0.285800	5.103410
0.285900	5.581560
0.286000	2.712680
0.286100	1.756390
0.286200	2.712680
0.286300	-0.634340
0.286400	2.712680
0.286500	-1.112490
0.286600	-2.546920
0.286700	-2.546920
0.286800	-2.068780
0.286900	-1.112490
0.287000	-0.634340
0.287100	-3.503220
0.287200	-5.893950
0.287300	-4.937650
0.287400	-3.025070
0.287500	-4.459510
0.287600	-9.240970
0.287700	-6.850240
0.287800	-8.762820
0.287900	-7.806530
0.288000	-10.675400
0.288100	-13.066100
0.288200	-11.153600
0.288300	-11.153600
0.288400	-12.109800
0.288500	-13.066100
0.288600	-16.413200
0.288700	-15.935000
0.288800	-13.066100
0.288900	-15.935000
0.289000	-16.413200
0.289100	-14.978700
0.289200	-15.456900
0.289300	-21.194599
0.289400	-18.803900
0.289500	-16.413200
0.289600	-12.588000
0.289700	-17.847601
0.289800	-17.847601
0.289900	-17.847601
0.290000	-17.369499
0.290100	-19.760201
0.290200	-19.760201
0.290300	-17.369499
0.290400	-19.760201
0.290500	-20.716499
0.290600	-20.238300
0.290700	-20.716499
0.290800	-21.194599
0.290900	-25.976101
0.291000	-26.932400
0.291100	-28.844999
0.291200	-31.235701
0.291300	-30.757500
0.291400	-26.932400
0.291500	-26.932400
0.291600	-30.279400
0.291700	-26.454201
0.291800	-30.279400
0.291900	-34.104599
0.292000	-35.060902
0.292100	-25.976101
0.292200	-29.801201
0.292300	-33.148300
0.292400	-34.104599
0.292500	-31.235701
0.292600	-31.235701
0.292700	-34.582699
0.292800	-36.017101
0.292900	-34.104599
0.293000	-36.495300
0.293100	-39.364201
0.293200	-36.017101
0.293300	-34.104599
0.293400	-36.973400
0.293500	-39.364201
0.293600	-38.886002
0.293700	-37.451599
0.293800	-35.539001
0.293900	-33.148300
0.294000	-34.104599
0.294100	-37.451599
0.294200	-37.929699
0.294300	-36.973400
0.294400	-35.060902
0.294500	-34.582699
0.294600	-35.060902
0.294700	-37.929699
0.294800	-36.495300
0.294900	-36.017101
0.295000	-33.626400
0.295100	-34.582699
0.295200	-34.104599
0.295300	-32.670101
0.295400	-32.670101
0.295500	-33.148300
0.295600	-34.582699
0.295700	-33.626400
0.295800	-34.582699
0.295900	-33.626400
0.296000	-33.626400
0.296100	-31.713800
0.296200	-30.757500
0.296300	-32.192001
0.296400	-31.235701
0.296500	-30.757500
0.296600	-33.626400
0.296700	-33.148300
0.296800	-35.539001
0.296900	-35.060902
0.297000	-29.801201
0.297100	-31.713800
0.297200	-36.017101
0.297300	-32.670101
0.297400	-31.235701
0.297500	-30.757500
0.297600	-30.757500
0.297700	-35.060902
0.297800	-34.104599
0.297900	-35.060902
0.298000	-34.104599
0.298100	-31.713800
0.298200	-33.148300
0.298300	-29.801201
0.298400	-30.279400
0.298500	-31.713800
0.298600	-32.670101
0.298700	-29.323099
0.298800	-29.323099
0.298900	-31.235701
0.299000	-33.626400
0.299100	-32.670101
0.299200	-32.670101
0.299300	-31.713800
0.299400	-31.235701
0.299500	-31.235701
0.299600	-27.888700
0.299700	-26.454201
0.299800	-29.323099
0.299900	-24.063499
