-0.050000	-2.136840
-0.049900	-1.659160
-0.049800	3.117690
-0.049700	5.028430
-0.049600	4.073060
-0.049500	0.729266
-0.049400	-3.092210
-0.049300	-1.659160
-0.049200	1.684640
-0.049100	2.162320
-0.049000	1.206950
-0.048900	0.251581
-0.048800	-1.659160
-0.048700	0.251581
-0.048600	4.073060
-0.048500	-0.703789
-0.048400	4.073060
-0.048300	0.251581
-0.048200	-4.525270
-0.048100	-4.047580
-0.048000	-0.703789
-0.047900	-1.659160
-0.047800	0.251581
-0.047700	0.251581
-0.047600	-1.659160
-0.047500	-2.136840
-0.047400	-3.569900
-0.047300	-5.480640
-0.047200	-9.302120
-0.047100	-0.703789
-0.047000	2.162320
-0.046900	2.162320
-0.046800	-0.703789
-0.046700	0.251581
-0.046600	4.073060
-0.046500	2.162320
-0.046400	-0.703789
-0.046300	-1.659160
-0.046200	2.162320
-0.046100	0.729266
-0.046000	2.162320
-0.045900	-3.092210
-0.045800	-4.525270
-0.045700	3.117690
-0.045600	5.983800
-0.045500	-1.659160
-0.045400	-1.659160
-0.045300	0.729266
-0.045200	-3.569900
-0.045100	-1.659160
-0.045000	-0.703789
-0.044900	1.206950
-0.044800	-0.703789
-0.044700	2.162320
-0.044600	-0.226104
-0.044500	1.206950
-0.044400	2.162320
-0.044300	-1.659160
-0.044200	-2.614530
-0.044100	-5.480640
-0.044000	-4.525270
-0.043900	-3.569900
-0.043800	-1.659160
-0.043700	-1.181470
-0.043600	3.117690
-0.043500	2.640010
-0.043400	0.251581
-0.043300	4.073060
-0.043200	3.595380
-0.043100	-1.659160
-0.043000	-1.181470
-0.042900	-3.569900
-0.042800	-3.569900
-0.042700	2.162320
-0.042600	1.206950
-0.042500	2.162320
-0.042400	-0.703789
-0.042300	-0.703789
-0.042200	0.729266
-0.042100	4.073060
-0.042000	2.162320
-0.041900	-0.703789
-0.041800	-4.525270
-0.041700	-6.913690
-0.041600	-3.092210
-0.041500	-1.659160
-0.041400	-1.659160
-0.041300	4.073060
-0.041200	4.550750
-0.041100	4.073060
-0.041000	0.251581
-0.040900	-1.659160
-0.040800	1.206950
-0.040700	-3.569900
-0.040600	-2.614530
-0.040500	-0.703789
-0.040400	-1.659160
-0.040300	0.729266
-0.040200	2.640010
-0.040100	0.729266
-0.040000	3.595380
-0.039900	4.073060
-0.039800	-0.703789
-0.039700	-2.614530
-0.039600	2.162320
-0.039500	2.162320
-0.039400	4.550750
-0.039300	3.117690
-0.039200	2.162320
-0.039100	-0.703789
-0.039000	1.206950
-0.038900	2.162320
-0.038800	5.983800
-0.038700	5.506120
-0.038600	2.162320
-0.038500	5.028430
-0.038400	0.251581
-0.038300	-1.659160
-0.038200	-0.703789
-0.038100	2.162320
-0.038000	3.595380
-0.037900	1.206950
-0.037800	1.206950
-0.037700	-0.703789
-0.037600	2.162320
-0.037500	2.162320
-0.037400	1.206950
-0.037300	-0.703789
-0.037200	0.251581
-0.037100	-5.002950
-0.037000	-5.480640
-0.036900	-1.659160
-0.036800	3.117690
-0.036700	4.073060
-0.036600	-1.659160
-0.036500	-2.614530
-0.036400	2.162320
-0.036300	2.162320
-0.036200	-4.525270
-0.036100	-5.480640
-0.036000	-0.226104
-0.035900	-0.703789
-0.035800	0.251581
-0.035700	-2.614530
-0.035600	-0.703789
-0.035500	0.729266
-0.035400	0.251581
-0.035300	0.729266
-0.035200	-0.703789
-0.035100	-0.703789
-0.035000	-0.703789
-0.034900	-2.614530
-0.034800	1.206950
-0.034700	2.162320
-0.034600	-0.703789
-0.034500	2.162320
-0.034400	-2.614530
-0.034300	-0.703789
-0.034200	0.729266
-0.034100	2.162320
-0.034000	-0.703789
-0.033900	-1.659160
-0.033800	-1.181470
-0.033700	-1.659160
-0.033600	0.251581
-0.033500	0.729266
-0.033400	-0.703789
-0.033300	-3.092210
-0.033200	-3.569900
-0.033100	-3.569900
-0.033000	-1.181470
-0.032900	4.073060
-0.032800	5.983800
-0.032700	3.117690
-0.032600	-1.181470
-0.032500	-0.703789
-0.032400	-1.659160
-0.032300	-1.181470
-0.032200	-0.703789
-0.032100	3.117690
-0.032000	-0.703789
-0.031900	-5.480640
-0.031800	1.206950
-0.031700	1.206950
-0.031600	-0.703789
-0.031500	-0.703789
-0.031400	-4.047580
-0.031300	-5.480640
-0.031200	-0.703789
-0.031100	-2.614530
-0.031000	-3.569900
-0.030900	3.117690
-0.030800	4.073060
-0.030700	2.162320
-0.030600	2.162320
-0.030500	3.117690
-0.030400	4.073060
-0.030300	-0.703789
-0.030200	-0.703789
-0.030100	-3.092210
-0.030000	-3.569900
-0.029900	-1.181470
-0.029800	0.251581
-0.029700	-0.703789
-0.029600	-1.659160
-0.029500	-0.703789
-0.029400	1.206950
-0.029300	-0.703789
-0.029200	-1.659160
-0.029100	-6.913690
-0.029000	0.251581
-0.028900	1.206950
-0.028800	2.162320
-0.028700	2.162320
-0.028600	-0.703789
-0.028500	-2.614530
-0.028400	2.162320
-0.028300	3.117690
-0.028200	0.251581
-0.028100	-2.136840
-0.028000	-3.569900
-0.027900	-1.659160
-0.027800	-4.525270
-0.027700	-1.659160
-0.027600	-2.614530
-0.027500	-1.659160
-0.027400	5.028430
-0.027300	5.983800
-0.027200	2.162320
-0.027100	-1.181470
-0.027000	-1.181470
-0.026900	1.206950
-0.026800	1.206950
-0.026700	-0.703789
-0.026600	-0.703789
-0.026500	2.162320
-0.026400	-1.659160
-0.026300	-2.614530
-0.026200	-3.569900
-0.026100	-5.480640
-0.026000	-3.569900
-0.025900	-1.659160
-0.025800	-2.614530
-0.025700	-4.525270
-0.025600	-5.480640
-0.025500	-1.659160
-0.025400	-0.703789
-0.025300	-0.703789
-0.025200	0.251581
-0.025100	-1.659160
-0.025000	-1.659160
-0.024900	0.729266
-0.024800	0.251581
-0.024700	1.206950
-0.024600	-0.703789
-0.024500	-1.659160
-0.024400	-1.659160
-0.024300	-0.226104
-0.024200	-3.092210
-0.024100	-3.092210
-0.024000	-1.659160
-0.023900	0.729266
-0.023800	-1.659160
-0.023700	0.251581
-0.023600	-1.659160
-0.023500	2.162320
-0.023400	4.073060
-0.023300	-1.659160
-0.023200	-8.346750
-0.023100	-1.659160
-0.023000	5.983800
-0.022900	1.206950
-0.022800	-1.659160
-0.022700	-2.136840
-0.022600	-1.659160
-0.022500	0.251581
-0.022400	-2.136840
-0.022300	-4.525270
-0.022200	2.162320
-0.022100	0.251581
-0.022000	-0.226104
-0.021900	0.251581
-0.021800	2.162320
-0.021700	2.162320
-0.021600	4.550750
-0.021500	5.983800
-0.021400	4.550750
-0.021300	0.251581
-0.021200	0.729266
-0.021100	2.162320
-0.021000	1.206950
-0.020900	2.640010
-0.020800	3.117690
-0.020700	-2.614530
-0.020600	2.162320
-0.020500	4.073060
-0.020400	4.073060
-0.020300	2.162320
-0.020200	1.206950
-0.020100	-1.659160
-0.020000	0.251581
-0.019900	4.073060
-0.019800	2.162320
-0.019700	4.073060
-0.019600	-2.614530
-0.019500	-4.047580
-0.019400	-1.181470
-0.019300	0.251581
-0.019200	0.251581
-0.019100	-1.181470
-0.019000	1.206950
-0.018900	3.117690
-0.018800	2.162320
-0.018700	3.117690
-0.018600	3.117690
-0.018500	0.251581
-0.018400	1.206950
-0.018300	3.117690
-0.018200	1.206950
-0.018100	-2.614530
-0.018000	-1.659160
-0.017900	0.251581
-0.017800	-1.659160
-0.017700	-1.659160
-0.017600	-5.958320
-0.017500	-4.525270
-0.017400	-0.226104
-0.017300	3.595380
-0.017200	-0.226104
-0.017100	-1.659160
-0.017000	0.251581
-0.016900	-0.703789
-0.016800	0.251581
-0.016700	-0.703789
-0.016600	4.073060
-0.016500	3.117690
-0.016400	5.983800
-0.016300	5.983800
-0.016200	3.117690
-0.016100	4.073060
-0.016000	3.117690
-0.015900	-0.703789
-0.015800	-1.659160
-0.015700	-2.614530
-0.015600	1.206950
-0.015500	0.251581
-0.015400	-0.703789
-0.015300	2.162320
-0.015200	4.550750
-0.015100	1.206950
-0.015000	2.162320
-0.014900	2.640010
-0.014800	-0.226104
-0.014700	-0.703789
-0.014600	4.073060
-0.014500	0.251581
-0.014400	3.117690
-0.014300	-0.703789
-0.014200	-1.659160
-0.014100	0.251581
-0.014000	0.251581
-0.013900	2.162320
-0.013800	0.251581
-0.013700	-1.659160
-0.013600	-1.659160
-0.013500	-0.703789
-0.013400	2.162320
-0.013300	1.206950
-0.013200	-1.659160
-0.013100	-3.569900
-0.013000	-0.703789
-0.012900	-1.659160
-0.012800	-5.480640
-0.012700	-1.659160
-0.012600	2.640010
-0.012500	4.073060
-0.012400	0.251581
-0.012300	-1.659160
-0.012200	0.729266
-0.012100	0.729266
-0.012000	-3.092210
-0.011900	-3.569900
-0.011800	-1.659160
-0.011700	-1.181470
-0.011600	4.073060
-0.011500	2.640010
-0.011400	-0.703789
-0.011300	-1.659160
-0.011200	-0.703789
-0.011100	-2.614530
-0.011000	-0.226104
-0.010900	-0.703789
-0.010800	-1.659160
-0.010700	-2.614530
-0.010600	-1.659160
-0.010500	-3.569900
-0.010400	-3.092210
-0.010300	-1.659160
-0.010200	-1.659160
-0.010100	-4.525270
-0.010000	-5.958320
-0.009900	-2.614530
-0.009800	2.162320
-0.009700	-0.703789
-0.009600	1.206950
-0.009500	2.162320
-0.009400	-1.659160
-0.009300	-4.525270
-0.009200	-1.181470
-0.009100	-5.002950
-0.009000	-2.614530
-0.008900	-1.659160
-0.008800	-1.659160
-0.008700	2.162320
-0.008600	-1.659160
-0.008500	0.251581
-0.008400	-1.659160
-0.008300	2.162320
-0.008200	-2.136840
-0.008100	-2.614530
-0.008000	-0.226104
-0.007900	0.251581
-0.007800	2.640010
-0.007700	2.162320
-0.007600	2.162320
-0.007500	-1.659160
-0.007400	-1.659160
-0.007300	2.162320
-0.007200	4.073060
-0.007100	2.162320
-0.007000	-6.436010
-0.006900	-3.092210
-0.006800	-1.181470
-0.006700	0.251581
-0.006600	1.206950
-0.006500	2.640010
-0.006400	2.162320
-0.006300	1.684640
-0.006200	5.028430
-0.006100	4.550750
-0.006000	2.640010
-0.005900	-1.659160
-0.005800	-1.659160
-0.005700	2.162320
-0.005600	0.251581
-0.005500	3.117690
-0.005400	0.251581
-0.005300	-4.525270
-0.005200	0.251581
-0.005100	3.117690
-0.005000	-1.659160
-0.004900	-3.569900
-0.004800	2.162320
-0.004700	10.283000
-0.004600	5.028430
-0.004500	4.073060
-0.004400	-0.703789
-0.004300	-0.703789
-0.004200	2.162320
-0.004100	3.117690
-0.004000	7.894540
-0.003900	6.461490
-0.003800	5.983800
-0.003700	-0.703789
-0.003600	2.162320
-0.003500	0.729266
-0.003400	-1.659160
-0.003300	-1.181470
-0.003200	0.729266
-0.003100	-0.703789
-0.003000	-2.614530
-0.002900	-3.569900
-0.002800	2.162320
-0.002700	4.073060
-0.002600	-1.659160
-0.002500	1.684640
-0.002400	2.162320
-0.002300	1.206950
-0.002200	0.251581
-0.002100	-1.659160
-0.002000	-4.047580
-0.001900	0.251581
-0.001800	-1.659160
-0.001700	-1.181470
-0.001600	-1.181470
-0.001500	3.595380
-0.001400	6.939170
-0.001300	5.506120
-0.001200	4.550750
-0.001100	2.162320
-0.001000	-1.659160
-0.000900	-5.002950
-0.000800	-7.391380
-0.000700	-4.525270
-0.000600	-4.525270
-0.000500	0.729266
-0.000400	-1.659160
-0.000300	0.251581
-0.000200	5.028430
-0.000100	0.251581
0.000000	0.729266
0.000100	0.251581
0.000200	2.162320
0.000300	-1.181470
0.000400	2.162320
0.000500	2.162320
0.000600	0.251581
0.000700	-1.659160
0.000800	-3.569900
0.000900	2.162320
0.001000	-1.181470
0.001100	-5.480640
0.001200	-3.569900
0.001300	-1.659160
0.001400	2.162320
0.001500	-1.659160
0.001600	0.251581
0.001700	2.162320
0.001800	3.117690
0.001900	0.729266
0.002000	4.073060
0.002100	-1.659160
0.002200	0.251581
0.002300	7.416860
0.002400	4.073060
0.002500	5.983800
0.002600	2.162320
0.002700	-4.525270
0.002800	0.251581
0.002900	-2.614530
0.003000	-0.703789
0.003100	4.073060
0.003200	-0.703789
0.003300	-5.002950
0.003400	-6.436010
0.003500	-1.659160
0.003600	0.251581
0.003700	2.162320
0.003800	2.162320
0.003900	-1.659160
0.004000	-1.659160
0.004100	-0.703789
0.004200	-1.659160
0.004300	0.729266
0.004400	0.729266
0.004500	-2.614530
0.004600	-3.569900
0.004700	-1.659160
0.004800	-5.002950
0.004900	-1.659160
0.005000	-3.092210
0.005100	-0.703789
0.005200	-3.569900
0.005300	-6.436010
0.005400	-6.913690
0.005500	-6.913690
0.005600	-8.346750
0.005700	-4.047580
0.005800	-4.525270
0.005900	-5.480640
0.006000	-3.569900
0.006100	-2.614530
0.006200	-2.614530
0.006300	-5.480640
0.006400	-1.659160
0.006500	2.162320
0.006600	-1.659160
0.006700	-2.136840
0.006800	-1.659160
0.006900	-5.480640
0.007000	-5.002950
0.007100	-3.569900
0.007200	-9.302120
0.007300	-5.480640
0.007400	-3.569900
0.007500	-6.436010
0.007600	-2.614530
0.007700	-4.525270
0.007800	-6.436010
0.007900	-8.346750
0.008000	-7.391380
0.008100	-7.391380
0.008200	-6.913690
0.008300	-5.958320
0.008400	0.251581
0.008500	0.251581
0.008600	-4.525270
0.008700	-6.436010
0.008800	-3.569900
0.008900	-3.569900
0.009000	-9.302120
0.009100	-9.302120
0.009200	-13.123600
0.009300	-12.168200
0.009400	-12.645900
0.009500	-14.079000
0.009600	-10.257500
0.009700	-9.302120
0.009800	-8.346750
0.009900	-5.480640
0.010000	-9.302120
0.010100	-11.212900
0.010200	-7.391380
0.010300	-10.257500
0.010400	-16.945101
0.010500	-18.855801
0.010600	-10.257500
0.010700	-4.525270
0.010800	-9.779800
0.010900	-6.913690
0.011000	-4.525270
0.011100	-9.302120
0.011200	-7.869060
0.011300	-16.945101
0.011400	-26.498800
0.011500	-20.766600
0.011600	-15.034300
0.011700	-13.123600
0.011800	-7.391380
0.011900	2.162320
0.012000	6.939170
0.012100	7.416860
0.012200	8.372230
0.012300	5.028430
0.012400	4.550750
0.012500	-2.614530
0.012600	-10.735200
0.012700	-7.391380
0.012800	-8.346750
0.012900	-6.436010
0.013000	-7.391380
0.013100	-7.391380
0.013200	-5.480640
0.013300	-11.212900
0.013400	-21.721901
0.013500	-18.855801
0.013600	-19.811199
0.013700	-20.288900
0.013800	-24.587999
0.013900	-22.199600
0.014000	-13.123600
0.014100	-10.257500
0.014200	-13.123600
0.014300	-3.569900
0.014400	5.028430
0.014500	-6.436010
0.014600	-1.659160
0.014700	2.162320
0.014800	5.983800
0.014900	-3.569900
0.015000	-20.766600
0.015100	-20.766600
0.015200	-7.869060
0.015300	-9.302120
0.015400	-10.257500
0.015500	-16.945101
0.015600	-9.779800
0.015700	5.983800
0.015800	-0.703789
0.015900	-8.346750
0.016000	-1.659160
0.016100	-2.614530
0.016200	2.162320
0.016300	-0.703789
0.016400	2.162320
0.016500	6.461490
0.016600	0.251581
0.016700	-2.614530
0.016800	4.073060
0.016900	9.805280
0.017000	6.939170
0.017100	6.461490
0.017200	6.939170
0.017300	5.983800
0.017400	10.760700
0.017500	5.983800
0.017600	-1.659160
0.017700	-4.047580
0.017800	-7.391380
0.017900	-5.480640
0.018000	-5.480640
0.018100	-11.212900
0.018200	-13.123600
0.018300	-9.302120
0.018400	-4.047580
0.018500	-11.212900
0.018600	-2.614530
0.018700	2.162320
0.018800	-4.525270
0.018900	2.162320
0.019000	-0.703789
0.019100	-5.002950
0.019200	-4.047580
0.019300	-0.703789
0.019400	5.983800
0.019500	5.506120
0.019600	-0.703789
0.019700	-3.569900
0.019800	-6.436010
0.019900	-18.855801
0.020000	-15.989700
0.020100	-8.824430
0.020200	-6.436010
0.020300	-1.659160
0.020400	7.894540
0.020500	13.626800
0.020600	12.193700
0.020700	1.206950
0.020800	0.251581
0.020900	13.626800
0.021000	21.269699
0.021100	22.225100
0.021200	18.403601
0.021300	6.939170
0.021400	-3.569900
0.021500	3.117690
0.021600	3.117690
0.021700	-5.480640
0.021800	-1.659160
0.021900	4.550750
0.022000	4.073060
0.022100	22.702801
0.022200	32.734200
0.022300	27.479601
0.022400	24.135799
0.022500	28.912701
0.022600	26.046600
0.022700	22.225100
0.022800	27.001900
0.022900	34.644901
0.023000	28.912701
0.023100	29.868099
0.023200	27.001900
0.023300	25.091200
0.023400	21.269699
0.023500	12.671400
0.023600	7.894540
0.023700	4.073060
0.023800	7.894540
0.023900	14.104400
0.024000	18.403601
0.024100	15.537500
0.024200	13.626800
0.024300	9.805280
0.024400	10.760700
0.024500	7.894540
0.024600	4.073060
0.024700	13.626800
0.024800	30.823400
0.024900	16.015200
0.025000	8.849910
0.025100	4.073060
0.025200	2.640010
0.025300	9.805280
0.025400	18.403601
0.025500	18.403601
0.025600	12.671400
0.025700	13.626800
0.025800	9.805280
0.025900	13.626800
0.026000	3.595380
0.026100	4.073060
0.026200	11.716000
0.026300	-0.703789
0.026400	-3.569900
0.026500	-7.391380
0.026600	-7.869060
0.026700	11.238300
0.026800	19.358999
0.026900	24.135799
0.027000	32.734200
0.027100	15.537500
0.027200	3.595380
0.027300	-0.703789
0.027400	-13.601300
0.027500	-8.346750
0.027600	-0.703789
0.027700	5.983800
0.027800	8.849910
0.027900	4.073060
0.028000	7.416860
0.028100	12.193700
0.028200	5.028430
0.028300	11.716000
0.028400	6.939170
0.028500	-63.758202
0.028600	-111.527000
0.028700	-89.075500
0.028800	-62.802799
0.028900	-62.325199
0.029000	-51.338402
0.029100	-28.409500
0.029200	-20.766600
0.029300	-21.721901
0.029400	-21.721901
0.029500	-24.587999
0.029600	-32.230999
0.029700	-16.945101
0.029800	-15.034300
0.029900	-14.556700
0.030000	-20.288900
0.030100	-20.766600
0.030200	-25.543400
0.030300	-24.587999
0.030400	-17.422800
0.030500	1.206950
0.030600	19.358999
0.030700	22.702801
0.030800	17.448200
0.030900	6.939170
0.031000	-0.703789
0.031100	-11.212900
0.031200	-9.302120
0.031300	-6.436010
0.031400	9.805280
0.031500	14.582100
0.031600	5.983800
0.031700	-3.569900
0.031800	-5.002950
0.031900	-1.659160
0.032000	-9.302120
0.032100	-1.659160
0.032200	-0.703789
0.032300	-9.302120
0.032400	-7.391380
0.032500	-13.123600
0.032600	-16.945101
0.032700	-13.123600
0.032800	-12.168200
0.032900	-8.346750
0.033000	2.162320
0.033100	-3.569900
0.033200	-9.302120
0.033300	-24.587999
0.033400	-29.842600
0.033500	-24.587999
0.033600	-21.244200
0.033700	-15.034300
0.033800	-9.302120
0.033900	-16.467400
0.034000	-20.766600
0.034100	-20.766600
0.034200	-9.302120
0.034300	1.206950
0.034400	5.028430
0.034500	0.729266
0.034600	-1.659160
0.034700	9.805280
0.034800	13.149100
0.034900	10.283000
0.035000	5.983800
0.035100	8.849910
0.035200	4.073060
0.035300	-1.659160
0.035400	-0.703789
0.035500	-2.614530
0.035600	-6.436010
0.035700	6.461490
0.035800	12.671400
0.035900	-0.703789
0.036000	-3.569900
0.036100	-6.436010
0.036200	-16.945101
0.036300	-20.288900
0.036400	-19.811199
0.036500	-12.645900
0.036600	-11.690500
0.036700	-19.811199
0.036800	-16.945101
0.036900	-11.212900
0.037000	-19.811199
0.037100	-22.677299
0.037200	-18.855801
0.037300	-11.690500
0.037400	-19.333500
0.037500	-32.230999
0.037600	-43.695400
0.037700	-53.726799
0.037800	-47.516899
0.037900	-47.516899
0.038000	-38.440899
0.038100	-20.766600
0.038200	-23.632700
0.038300	-32.230999
0.038400	-46.561501
0.038500	-47.516899
0.038600	-47.516899
0.038700	-41.306999
0.038800	-38.918598
0.038900	-39.874001
0.039000	-31.275600
0.039100	-17.422800
0.039200	-19.811199
0.039300	-24.110399
0.039400	-15.989700
0.039500	-22.199600
0.039600	-22.677299
0.039700	-12.168200
0.039800	-16.945101
0.039900	-16.467400
0.040000	-9.302120
0.040100	-3.569900
0.040200	0.251581
0.040300	-1.659160
0.040400	-6.436010
0.040500	-11.212900
0.040600	-15.034300
0.040700	-11.212900
0.040800	-5.480640
0.040900	-1.659160
0.041000	0.251581
0.041100	4.073060
0.041200	-4.525270
0.041300	-18.855801
0.041400	-24.587999
0.041500	-22.199600
0.041600	-13.123600
0.041700	-3.569900
0.041800	1.206950
0.041900	7.894540
0.042000	-5.480640
0.042100	-13.123600
0.042200	-9.302120
0.042300	-11.212900
0.042400	-1.181470
0.042500	9.805280
0.042600	7.416860
0.042700	2.640010
0.042800	4.550750
0.042900	4.073060
0.043000	8.372230
0.043100	14.582100
0.043200	26.046600
0.043300	27.001900
0.043400	17.448200
0.043500	19.358999
0.043600	15.059800
0.043700	14.582100
0.043800	4.073060
0.043900	0.729266
0.044000	6.939170
0.044100	3.117690
0.044200	0.251581
0.044300	-0.703789
0.044400	-1.659160
0.044500	3.117690
0.044600	5.028430
0.044700	5.983800
0.044800	7.894540
0.044900	6.939170
0.045000	8.849910
0.045100	-0.226104
0.045200	-3.569900
0.045300	-8.346750
0.045400	-1.659160
0.045500	6.939170
0.045600	12.671400
0.045700	11.716000
0.045800	7.894540
0.045900	-0.703789
0.046000	4.073060
0.046100	5.983800
0.046200	4.073060
0.046300	2.162320
0.046400	-9.302120
0.046500	-13.123600
0.046600	-15.034300
0.046700	-9.302120
0.046800	0.729266
0.046900	-0.226104
0.047000	-1.659160
0.047100	-0.703789
0.047200	0.729266
0.047300	2.162320
0.047400	-8.824430
0.047500	-4.525270
0.047600	-6.913690
0.047700	-10.257500
0.047800	-9.302120
0.047900	-9.302120
0.048000	-10.735200
0.048100	-6.913690
0.048200	-11.690500
0.048300	-12.168200
0.048400	0.251581
0.048500	51.841599
0.048600	95.788597
0.048700	-32.230999
0.048800	-80.954903
0.048900	-26.976500
0.049000	-10.257500
0.049100	-3.569900
0.049200	9.805280
0.049300	-2.136840
0.049400	-15.034300
0.049500	-10.735200
0.049600	2.162320
0.049700	0.251581
0.049800	-10.735200
0.049900	-13.123600
0.050000	-4.525270
0.050100	2.162320
0.050200	-5.480640
0.050300	-9.302120
0.050400	-4.525270
0.050500	2.162320
0.050600	3.595380
0.050700	-2.614530
0.050800	-4.525270
0.050900	-0.703789
0.051000	4.073060
0.051100	4.073060
0.051200	9.805280
0.051300	6.939170
0.051400	3.117690
0.051500	-0.226104
0.051600	-9.302120
0.051700	-5.480640
0.051800	1.206950
0.051900	4.550750
0.052000	5.983800
0.052100	8.849910
0.052200	5.983800
0.052300	0.251581
0.052400	2.162320
0.052500	4.073060
0.052600	7.894540
0.052700	8.849910
0.052800	2.162320
0.052900	3.117690
0.053000	7.894540
0.053100	16.492901
0.053200	17.448200
0.053300	22.702801
0.053400	18.403601
0.053500	7.894540
0.053600	5.028430
0.053700	10.283000
0.053800	13.626800
0.053900	11.716000
0.054000	12.193700
0.054100	7.894540
0.054200	4.073060
0.054300	2.640010
0.054400	0.729266
0.054500	-1.659160
0.054600	-1.659160
0.054700	-1.181470
0.054800	9.805280
0.054900	63.306000
0.055000	23.180500
0.055100	-37.963200
0.055200	-16.945101
0.055300	10.760700
0.055400	4.073060
0.055500	-1.659160
0.055600	2.640010
0.055700	-0.703789
0.055800	-0.703789
0.055900	4.073060
0.056000	3.117690
0.056100	5.028430
0.056200	3.595380
0.056300	7.894540
0.056400	14.104400
0.056500	13.626800
0.056600	16.970600
0.056700	13.626800
0.056800	14.582100
0.056900	11.238300
0.057000	8.849910
0.057100	20.314400
0.057200	15.537500
0.057300	16.492901
0.057400	12.193700
0.057500	9.805280
0.057600	10.283000
0.057700	15.537500
0.057800	10.760700
0.057900	9.805280
0.058000	5.506120
0.058100	5.983800
0.058200	4.550750
0.058300	-3.569900
0.058400	-6.913690
0.058500	-3.569900
0.058600	-5.002950
0.058700	-7.391380
0.058800	-2.614530
0.058900	7.894540
0.059000	21.269699
0.059100	31.778799
0.059200	17.448200
0.059300	10.760700
0.059400	13.626800
0.059500	7.894540
0.059600	5.028430
0.059700	5.983800
0.059800	-0.703789
0.059900	-3.569900
0.060000	2.162320
0.060100	5.028430
0.060200	12.193700
0.060300	19.358999
0.060400	18.403601
0.060500	4.550750
0.060600	-1.659160
0.060700	5.983800
0.060800	4.073060
0.060900	5.028430
0.061000	13.149100
0.061100	17.448200
0.061200	13.626800
0.061300	6.461490
0.061400	0.251581
0.061500	1.206950
0.061600	-0.226104
0.061700	2.162320
0.061800	-2.614530
0.061900	-16.945101
0.062000	-17.900400
0.062100	-15.034300
0.062200	-11.212900
0.062300	-8.824430
0.062400	2.162320
0.062500	4.550750
0.062600	8.372230
0.062700	11.716000
0.062800	6.939170
0.062900	5.983800
0.063000	5.028430
0.063100	10.283000
0.063200	13.149100
0.063300	19.836700
0.063400	24.613501
0.063500	31.301100
0.063600	28.912701
0.063700	23.180500
0.063800	25.091200
0.063900	28.434999
0.064000	30.823400
0.064100	34.167198
0.064200	34.644901
0.064300	25.091200
0.064400	17.448200
0.064500	21.269699
0.064600	28.912701
0.064700	27.957300
0.064800	24.135799
0.064900	25.091200
0.065000	25.091200
0.065100	15.537500
0.065200	12.671400
0.065300	15.537500
0.065400	14.582100
0.065500	15.537500
0.065600	19.836700
0.065700	21.269699
0.065800	18.403601
0.065900	13.626800
0.066000	12.193700
0.066100	12.193700
0.066200	8.372230
0.066300	8.849910
0.066400	17.448200
0.066500	20.314400
0.066600	10.760700
0.066700	5.983800
0.066800	7.894540
0.066900	10.760700
0.067000	14.582100
0.067100	19.358999
0.067200	13.149100
0.067300	16.015200
0.067400	14.582100
0.067500	10.760700
0.067600	7.894540
0.067700	12.193700
0.067800	9.805280
0.067900	10.760700
0.068000	5.028430
0.068100	0.251581
0.068200	-0.703789
0.068300	-0.703789
0.068400	3.117690
0.068500	2.162320
0.068600	0.251581
0.068700	6.939170
0.068800	4.073060
0.068900	-1.181470
0.069000	2.162320
0.069100	2.640010
0.069200	-0.703789
0.069300	0.729266
0.069400	4.073060
0.069500	7.894540
0.069600	5.983800
0.069700	5.983800
0.069800	4.550750
0.069900	6.461490
0.070000	8.372230
0.070100	6.939170
0.070200	7.894540
0.070300	2.162320
0.070400	5.983800
0.070500	2.162320
0.070600	-0.703789
0.070700	1.206950
0.070800	5.506120
0.070900	8.372230
0.071000	4.550750
0.071100	2.162320
0.071200	2.162320
0.071300	3.117690
0.071400	0.251581
0.071500	3.117690
0.071600	4.550750
0.071700	5.983800
0.071800	5.983800
0.071900	5.983800
0.072000	-0.703789
0.072100	2.640010
0.072200	5.028430
0.072300	4.073060
0.072400	7.894540
0.072500	7.894540
0.072600	-1.659160
0.072700	-1.659160
0.072800	-1.659160
0.072900	-1.181470
0.073000	0.251581
0.073100	2.162320
0.073200	10.760700
0.073300	11.716000
0.073400	4.073060
0.073500	0.251581
0.073600	2.640010
0.073700	3.117690
0.073800	3.117690
0.073900	2.162320
0.074000	-1.659160
0.074100	-5.958320
0.074200	-1.659160
0.074300	-0.703789
0.074400	3.117690
0.074500	2.162320
0.074600	1.206950
0.074700	-0.703789
0.074800	-1.181470
0.074900	-1.659160
0.075000	-1.659160
0.075100	-1.659160
0.075200	0.251581
0.075300	2.162320
0.075400	5.983800
0.075500	2.162320
0.075600	-0.703789
0.075700	-1.659160
0.075800	-2.136840
0.075900	-5.480640
0.076000	-0.703789
0.076100	5.983800
0.076200	4.073060
0.076300	5.028430
0.076400	5.028430
0.076500	2.162320
0.076600	-0.226104
0.076700	-1.659160
0.076800	-2.614530
0.076900	-0.703789
0.077000	6.939170
0.077100	3.117690
0.077200	-1.659160
0.077300	2.162320
0.077400	6.461490
0.077500	5.983800
0.077600	0.251581
0.077700	2.640010
0.077800	4.550750
0.077900	5.028430
0.078000	2.162320
0.078100	-0.703789
0.078200	-1.659160
0.078300	4.073060
0.078400	5.028430
0.078500	2.162320
0.078600	2.162320
0.078700	2.162320
0.078800	0.251581
0.078900	3.117690
0.079000	-1.659160
0.079100	-3.092210
0.079200	4.073060
0.079300	4.550750
0.079400	-0.703789
0.079500	-1.659160
0.079600	5.983800
0.079700	4.073060
0.079800	2.640010
0.079900	0.251581
0.080000	1.206950
0.080100	0.729266
0.080200	4.550750
0.080300	4.073060
0.080400	3.117690
0.080500	1.206950
0.080600	-1.659160
0.080700	-3.569900
0.080800	0.729266
0.080900	-2.614530
0.081000	-1.659160
0.081100	-0.226104
0.081200	3.595380
0.081300	2.162320
0.081400	-0.703789
0.081500	-5.002950
0.081600	2.162320
0.081700	5.028430
0.081800	0.251581
0.081900	-4.525270
0.082000	-1.659160
0.082100	-1.659160
0.082200	-0.703789
0.082300	-0.703789
0.082400	-0.703789
0.082500	0.251581
0.082600	0.251581
0.082700	0.251581
0.082800	-1.659160
0.082900	-2.614530
0.083000	4.073060
0.083100	0.251581
0.083200	-5.480640
0.083300	-6.436010
0.083400	-7.391380
0.083500	-9.302120
0.083600	-8.346750
0.083700	-6.436010
0.083800	-5.002950
0.083900	-5.480640
0.084000	-7.391380
0.084100	-4.525270
0.084200	-1.181470
0.084300	0.251581
0.084400	-4.525270
0.084500	-6.436010
0.084600	-2.136840
0.084700	-2.136840
0.084800	-3.569900
0.084900	-7.391380
0.085000	-5.480640
0.085100	-0.703789
0.085200	-3.569900
0.085300	-3.569900
0.085400	-5.480640
0.085500	-5.480640
0.085600	-6.913690
0.085700	-9.302120
0.085800	-9.302120
0.085900	-4.525270
0.086000	-2.136840
0.086100	-1.659160
0.086200	-1.659160
0.086300	-5.480640
0.086400	-8.346750
0.086500	-4.525270
0.086600	-4.047580
0.086700	-6.913690
0.086800	-2.614530
0.086900	-6.436010
0.087000	-2.614530
0.087100	-3.569900
0.087200	-0.703789
0.087300	3.117690
0.087400	-1.181470
0.087500	-1.659160
0.087600	-1.659160
0.087700	2.162320
0.087800	-1.659160
0.087900	-4.047580
0.088000	-6.436010
0.088100	-3.569900
0.088200	1.206950
0.088300	0.729266
0.088400	2.162320
0.088500	2.162320
0.088600	-1.659160
0.088700	-1.659160
0.088800	-2.136840
0.088900	-2.614530
0.089000	2.640010
0.089100	2.640010
0.089200	-3.569900
0.089300	-1.659160
0.089400	-2.136840
0.089500	-1.659160
0.089600	-1.659160
0.089700	2.162320
0.089800	2.162320
0.089900	4.073060
0.090000	-1.659160
0.090100	-3.569900
0.090200	-4.525270
0.090300	-3.092210
0.090400	-3.569900
0.090500	-1.659160
0.090600	0.251581
0.090700	-3.092210
0.090800	-4.047580
0.090900	-6.436010
0.091000	-3.569900
0.091100	-7.391380
0.091200	-4.525270
0.091300	-7.391380
0.091400	-9.302120
0.091500	-7.391380
0.091600	-2.614530
0.091700	-2.614530
0.091800	-7.391380
0.091900	-8.346750
0.092000	-5.002950
0.092100	-1.659160
0.092200	-1.659160
0.092300	-3.092210
0.092400	-8.346750
0.092500	-11.212900
0.092600	-5.958320
0.092700	-1.659160
0.092800	0.729266
0.092900	-2.614530
0.093000	-2.136840
0.093100	-2.614530
0.093200	-9.302120
0.093300	-9.302120
0.093400	-7.869060
0.093500	-3.092210
0.093600	2.162320
0.093700	-3.569900
0.093800	-4.525270
0.093900	-3.569900
0.094000	-3.092210
0.094100	-8.346750
0.094200	-9.302120
0.094300	-4.525270
0.094400	-2.614530
0.094500	-1.659160
0.094600	-0.703789
0.094700	-0.703789
0.094800	1.206950
0.094900	-1.659160
0.095000	-3.092210
0.095100	-3.569900
0.095200	0.251581
0.095300	2.162320
0.095400	2.640010
0.095500	1.206950
0.095600	-2.614530
0.095700	-3.569900
0.095800	-1.659160
0.095900	-3.092210
0.096000	-8.346750
0.096100	-6.913690
0.096200	-6.913690
0.096300	-1.659160
0.096400	-1.659160
0.096500	-7.869060
0.096600	-4.525270
0.096700	-4.525270
0.096800	-9.302120
0.096900	-4.047580
0.097000	0.729266
0.097100	-1.659160
0.097200	-4.525270
0.097300	-3.569900
0.097400	-6.436010
0.097500	2.162320
0.097600	4.073060
0.097700	4.073060
0.097800	-1.659160
0.097900	1.206950
0.098000	-2.136840
0.098100	-2.136840
0.098200	-5.002950
0.098300	-5.958320
0.098400	-1.659160
0.098500	-1.659160
0.098600	-4.047580
0.098700	-2.614530
0.098800	0.251581
0.098900	1.206950
0.099000	-1.181470
0.099100	0.251581
0.099200	-1.659160
0.099300	-0.703789
0.099400	-4.047580
0.099500	-0.703789
0.099600	-1.659160
0.099700	-1.659160
0.099800	-3.569900
0.099900	-3.569900
0.100000	-0.703789
0.100100	-2.614530
0.100200	-0.703789
0.100300	-1.659160
0.100400	-1.181470
0.100500	-1.659160
0.100600	-4.047580
0.100700	-1.659160
0.100800	-3.569900
0.100900	-0.703789
0.101000	-6.436010
0.101100	-8.346750
0.101200	-9.302120
0.101300	-8.346750
0.101400	-6.913690
0.101500	0.251581
0.101600	-2.136840
0.101700	-3.092210
0.101800	-1.659160
0.101900	2.640010
0.102000	-3.092210
0.102100	-1.659160
0.102200	-5.480640
0.102300	-3.569900
0.102400	2.162320
0.102500	2.162320
0.102600	1.206950
0.102700	-3.092210
0.102800	-5.480640
0.102900	-5.480640
0.103000	-1.659160
0.103100	-3.092210
0.103200	-1.659160
0.103300	-2.614530
0.103400	-5.002950
0.103500	-5.480640
0.103600	-9.302120
0.103700	-4.525270
0.103800	-3.569900
0.103900	-7.869060
0.104000	-9.302120
0.104100	-7.391380
0.104200	-4.525270
0.104300	-10.257500
0.104400	-5.480640
0.104500	-3.569900
0.104600	-9.779800
0.104700	-4.525270
0.104800	0.251581
0.104900	-1.659160
0.105000	-3.092210
0.105100	-4.525270
0.105200	-1.659160
0.105300	-3.092210
0.105400	-7.391380
0.105500	-3.569900
0.105600	-1.659160
0.105700	-2.614530
0.105800	-1.181470
0.105900	-3.569900
0.106000	-2.614530
0.106100	4.073060
0.106200	2.640010
0.106300	4.073060
0.106400	4.073060
0.106500	2.162320
0.106600	0.729266
0.106700	5.028430
0.106800	11.716000
0.106900	8.849910
0.107000	13.626800
0.107100	19.358999
0.107200	17.925900
0.107300	13.626800
0.107400	13.626800
0.107500	7.894540
0.107600	6.939170
0.107700	5.983800
0.107800	3.117690
0.107900	3.117690
0.108000	1.206950
0.108100	-1.659160
0.108200	-1.181470
0.108300	-0.226104
0.108400	3.117690
0.108500	5.028430
0.108600	5.506120
0.108700	0.251581
0.108800	0.251581
0.108900	-0.703789
0.109000	2.640010
0.109100	0.251581
0.109200	2.162320
0.109300	4.073060
0.109400	-1.659160
0.109500	-2.614530
0.109600	-3.569900
0.109700	0.729266
0.109800	5.983800
0.109900	5.028430
0.110000	5.983800
0.110100	2.162320
0.110200	8.849910
0.110300	6.939170
0.110400	5.983800
0.110500	6.939170
0.110600	4.550750
0.110700	-0.703789
0.110800	-3.569900
0.110900	4.073060
0.111000	2.162320
0.111100	-1.659160
0.111200	2.162320
0.111300	0.729266
0.111400	-0.226104
0.111500	3.117690
0.111600	6.939170
0.111700	1.206950
0.111800	3.117690
0.111900	4.073060
0.112000	-0.703789
0.112100	4.073060
0.112200	0.251581
0.112300	-1.659160
0.112400	-1.659160
0.112500	2.162320
0.112600	4.073060
0.112700	0.251581
0.112800	2.162320
0.112900	2.162320
0.113000	5.983800
0.113100	2.162320
0.113200	-1.659160
0.113300	-2.614530
0.113400	-3.092210
0.113500	-3.092210
0.113600	-1.659160
0.113700	1.206950
0.113800	2.162320
0.113900	-1.659160
0.114000	-2.614530
0.114100	0.251581
0.114200	0.251581
0.114300	2.162320
0.114400	-0.703789
0.114500	-0.703789
0.114600	-0.703789
0.114700	-1.659160
0.114800	-0.703789
0.114900	3.117690
0.115000	5.983800
0.115100	1.206950
0.115200	2.640010
0.115300	-1.181470
0.115400	-1.659160
0.115500	-4.525270
0.115600	-3.569900
0.115700	-3.092210
0.115800	-0.703789
0.115900	-0.703789
0.116000	-1.659160
0.116100	-1.659160
0.116200	-0.703789
0.116300	-2.614530
0.116400	-4.047580
0.116500	-7.391380
0.116600	-3.569900
0.116700	0.251581
0.116800	-3.569900
0.116900	-1.659160
0.117000	-1.659160
0.117100	-0.703789
0.117200	-0.703789
0.117300	2.162320
0.117400	-1.659160
0.117500	-3.569900
0.117600	-5.958320
0.117700	-1.659160
0.117800	-1.659160
0.117900	-1.659160
0.118000	-0.703789
0.118100	-2.614530
0.118200	-1.659160
0.118300	-3.569900
0.118400	-7.391380
0.118500	-4.525270
0.118600	-1.659160
0.118700	-3.092210
0.118800	-0.703789
0.118900	0.251581
0.119000	1.206950
0.119100	-0.703789
0.119200	-3.092210
0.119300	-1.659160
0.119400	2.162320
0.119500	-1.181470
0.119600	-3.092210
0.119700	-1.181470
0.119800	-1.659160
0.119900	-2.614530
0.120000	-4.525270
0.120100	-1.659160
0.120200	-1.659160
0.120300	-1.181470
0.120400	-1.181470
0.120500	-0.703789
0.120600	-2.614530
0.120700	-3.569900
0.120800	-5.002950
0.120900	-10.257500
0.121000	-2.614530
0.121100	2.162320
0.121200	3.117690
0.121300	2.162320
0.121400	0.251581
0.121500	-5.002950
0.121600	-4.525270
0.121700	0.251581
0.121800	3.117690
0.121900	-3.569900
0.122000	-3.569900
0.122100	2.162320
0.122200	-0.226104
0.122300	2.162320
0.122400	2.162320
0.122500	1.206950
0.122600	4.073060
0.122700	0.251581
0.122800	-1.659160
0.122900	-2.136840
0.123000	-1.659160
0.123100	-0.703789
0.123200	-1.659160
0.123300	-3.092210
0.123400	0.251581
0.123500	1.206950
0.123600	-1.659160
0.123700	-1.659160
0.123800	-1.659160
0.123900	0.251581
0.124000	-5.958320
0.124100	-8.346750
0.124200	-8.824430
0.124300	-4.525270
0.124400	-0.703789
0.124500	2.162320
0.124600	0.729266
0.124700	-3.569900
0.124800	-2.614530
0.124900	2.162320
0.125000	-1.659160
0.125100	-0.703789
0.125200	3.117690
0.125300	-6.436010
0.125400	-3.569900
0.125500	-2.614530
0.125600	-1.659160
0.125700	-6.913690
0.125800	-6.436010
0.125900	-5.480640
0.126000	-2.614530
0.126100	-3.092210
0.126200	-6.436010
0.126300	-5.480640
0.126400	-6.436010
0.126500	-3.569900
0.126600	-0.703789
0.126700	-0.703789
0.126800	-1.659160
0.126900	-0.703789
0.127000	0.729266
0.127100	2.162320
0.127200	-1.659160
0.127300	-0.703789
0.127400	-0.703789
0.127500	-2.614530
0.127600	0.251581
0.127700	-1.659160
0.127800	-3.092210
0.127900	-0.703789
0.128000	-0.226104
0.128100	-4.525270
0.128200	-5.958320
0.128300	-1.659160
0.128400	-3.569900
0.128500	-5.002950
0.128600	-1.659160
0.128700	-2.614530
0.128800	-3.569900
0.128900	-2.614530
0.129000	-1.659160
0.129100	-5.480640
0.129200	-9.302120
0.129300	-3.569900
0.129400	2.162320
0.129500	0.251581
0.129600	-3.569900
0.129700	-5.480640
0.129800	-3.092210
0.129900	-5.480640
0.130000	-3.569900
0.130100	-2.614530
0.130200	-6.436010
0.130300	-7.391380
0.130400	-3.569900
0.130500	0.251581
0.130600	-1.181470
0.130700	-1.659160
0.130800	0.251581
0.130900	2.162320
0.131000	2.640010
0.131100	-0.703789
0.131200	-2.136840
0.131300	-3.569900
0.131400	-3.569900
0.131500	-1.659160
0.131600	-1.659160
0.131700	-1.659160
0.131800	-3.569900
0.131900	0.251581
0.132000	-1.659160
0.132100	-0.703789
0.132200	0.251581
0.132300	-3.092210
0.132400	-1.659160
0.132500	-2.614530
0.132600	-8.346750
0.132700	-3.569900
0.132800	2.640010
0.132900	-3.569900
0.133000	-3.569900
0.133100	-3.569900
0.133200	-4.047580
0.133300	-4.525270
0.133400	-8.824430
0.133500	-3.092210
0.133600	-1.181470
0.133700	2.162320
0.133800	-4.525270
0.133900	-5.480640
0.134000	-3.569900
0.134100	-1.659160
0.134200	-1.181470
0.134300	-1.659160
0.134400	2.162320
0.134500	2.162320
0.134600	-3.092210
0.134700	-0.703789
0.134800	-2.136840
0.134900	-0.226104
0.135000	4.073060
0.135100	2.162320
0.135200	-4.525270
0.135300	-2.614530
0.135400	-4.047580
0.135500	-5.480640
0.135600	-5.002950
0.135700	0.251581
0.135800	-0.703789
0.135900	-1.181470
0.136000	-0.703789
0.136100	-2.614530
0.136200	-7.391380
0.136300	-2.136840
0.136400	-1.659160
0.136500	-4.047580
0.136600	-4.525270
0.136700	-4.525270
0.136800	-2.136840
0.136900	-1.659160
0.137000	0.251581
0.137100	1.206950
0.137200	1.206950
0.137300	1.206950
0.137400	4.073060
0.137500	0.729266
0.137600	-1.181470
0.137700	2.162320
0.137800	-0.703789
0.137900	-0.703789
0.138000	-1.659160
0.138100	-0.703789
0.138200	-2.614530
0.138300	-4.525270
0.138400	0.251581
0.138500	3.595380
0.138600	4.073060
0.138700	2.162320
0.138800	-3.569900
0.138900	-4.047580
0.139000	-0.703789
0.139100	-2.136840
0.139200	0.729266
0.139300	-1.659160
0.139400	3.117690
0.139500	2.162320
0.139600	0.251581
0.139700	-2.614530
0.139800	-1.659160
0.139900	-4.525270
0.140000	-5.480640
0.140100	-0.703789
0.140200	-0.703789
0.140300	-2.614530
0.140400	-4.525270
0.140500	0.251581
0.140600	3.117690
0.140700	5.983800
0.140800	0.251581
0.140900	2.162320
0.141000	-2.614530
0.141100	-5.002950
0.141200	-5.002950
0.141300	-4.525270
0.141400	-3.092210
0.141500	-2.614530
0.141600	0.251581
0.141700	-0.703789
0.141800	-1.659160
0.141900	-1.659160
0.142000	-2.614530
0.142100	-3.569900
0.142200	0.251581
0.142300	-0.703789
0.142400	-1.659160
0.142500	-2.136840
0.142600	-1.659160
0.142700	-0.703789
0.142800	0.251581
0.142900	-3.092210
0.143000	-3.569900
0.143100	-1.659160
0.143200	-0.703789
0.143300	0.251581
0.143400	0.251581
0.143500	1.206950
0.143600	2.162320
0.143700	-2.614530
0.143800	2.162320
0.143900	-0.703789
0.144000	3.117690
0.144100	4.073060
0.144200	0.729266
0.144300	-0.703789
0.144400	-0.703789
0.144500	-1.659160
0.144600	0.251581
0.144700	-3.569900
0.144800	0.251581
0.144900	-2.614530
0.145000	-1.659160
0.145100	0.251581
0.145200	2.162320
0.145300	-1.659160
0.145400	-3.092210
0.145500	-1.659160
0.145600	-0.703789
0.145700	-0.226104
0.145800	-3.569900
0.145900	-3.569900
0.146000	2.162320
0.146100	-1.659160
0.146200	-1.181470
0.146300	-7.391380
0.146400	-3.569900
0.146500	-4.525270
0.146600	-1.659160
0.146700	-4.525270
0.146800	-1.659160
0.146900	-1.659160
0.147000	-6.436010
0.147100	-3.092210
0.147200	-0.703789
0.147300	-1.659160
0.147400	-1.659160
0.147500	2.640010
0.147600	-1.659160
0.147700	0.251581
0.147800	-0.703789
0.147900	-0.703789
0.148000	4.550750
0.148100	-0.226104
0.148200	-1.659160
0.148300	-0.703789
0.148400	-1.659160
0.148500	-3.092210
0.148600	-4.525270
0.148700	-3.569900
0.148800	-1.659160
0.148900	-1.181470
0.149000	-5.480640
0.149100	-0.703789
0.149200	0.251581
0.149300	2.162320
0.149400	1.206950
0.149500	0.251581
0.149600	-3.569900
0.149700	-3.092210
0.149800	-0.703789
0.149900	-3.569900
0.150000	-3.569900
0.150100	-1.659160
0.150200	-0.703789
0.150300	0.251581
0.150400	3.595380
0.150500	0.251581
0.150600	-3.569900
0.150700	-6.436010
0.150800	-2.614530
0.150900	-1.659160
0.151000	-0.703789
0.151100	2.162320
0.151200	4.073060
0.151300	0.729266
0.151400	-1.659160
0.151500	0.251581
0.151600	4.550750
0.151700	4.073060
0.151800	2.162320
0.151900	5.028430
0.152000	3.117690
0.152100	2.162320
0.152200	-2.136840
0.152300	-1.659160
0.152400	-3.569900
0.152500	-1.659160
0.152600	-5.002950
0.152700	-5.002950
0.152800	-2.614530
0.152900	0.251581
0.153000	3.595380
0.153100	4.073060
0.153200	2.162320
0.153300	2.162320
0.153400	0.729266
0.153500	-3.569900
0.153600	-2.614530
0.153700	-3.092210
0.153800	-3.569900
0.153900	1.206950
0.154000	1.206950
0.154100	-1.659160
0.154200	-6.436010
0.154300	-1.181470
0.154400	-0.703789
0.154500	-3.092210
0.154600	2.162320
0.154700	2.162320
0.154800	-3.092210
0.154900	-5.002950
0.155000	-0.703789
0.155100	-0.226104
0.155200	-1.659160
0.155300	-0.703789
0.155400	-0.226104
0.155500	0.251581
0.155600	-1.659160
0.155700	0.251581
0.155800	-0.226104
0.155900	2.162320
0.156000	-0.703789
0.156100	-1.181470
0.156200	-1.659160
0.156300	2.162320
0.156400	5.028430
0.156500	5.983800
0.156600	3.117690
0.156700	3.117690
0.156800	2.640010
0.156900	3.117690
0.157000	0.729266
0.157100	-5.480640
0.157200	-3.569900
0.157300	-4.525270
0.157400	-3.092210
0.157500	-0.703789
0.157600	0.729266
0.157700	-0.226104
0.157800	-5.002950
0.157900	2.640010
0.158000	6.461490
0.158100	3.117690
0.158200	3.117690
0.158300	-1.659160
0.158400	-2.614530
0.158500	-1.659160
0.158600	0.251581
0.158700	5.983800
0.158800	2.162320
0.158900	2.162320
0.159000	3.117690
0.159100	-0.703789
0.159200	0.251581
0.159300	-0.703789
0.159400	-2.614530
0.159500	0.729266
0.159600	0.251581
0.159700	2.162320
0.159800	4.550750
0.159900	0.251581
0.160000	2.162320
0.160100	-0.703789
0.160200	2.162320
0.160300	-1.659160
0.160400	-3.569900
0.160500	-1.181470
0.160600	-0.703789
0.160700	1.206950
0.160800	-3.092210
0.160900	-1.659160
0.161000	-0.226104
0.161100	4.073060
0.161200	-1.659160
0.161300	1.206950
0.161400	3.595380
0.161500	6.939170
0.161600	3.117690
0.161700	2.162320
0.161800	0.251581
0.161900	-0.703789
0.162000	2.162320
0.162100	-1.659160
0.162200	-0.703789
0.162300	2.640010
0.162400	4.550750
0.162500	1.206950
0.162600	0.251581
0.162700	2.162320
0.162800	0.729266
0.162900	4.073060
0.163000	-1.659160
0.163100	4.073060
0.163200	3.117690
0.163300	-0.703789
0.163400	-1.659160
0.163500	-1.659160
0.163600	-0.703789
0.163700	0.251581
0.163800	2.162320
0.163900	2.640010
0.164000	4.550750
0.164100	4.073060
0.164200	2.162320
0.164300	-0.703789
0.164400	-0.703789
0.164500	2.162320
0.164600	-1.659160
0.164700	-1.659160
0.164800	0.251581
0.164900	2.162320
0.165000	-1.659160
0.165100	0.729266
0.165200	4.550750
0.165300	5.028430
0.165400	1.206950
0.165500	2.162320
0.165600	2.162320
0.165700	2.162320
0.165800	5.983800
0.165900	4.073060
0.166000	-0.703789
0.166100	-3.092210
0.166200	0.251581
0.166300	-0.703789
0.166400	-2.614530
0.166500	-1.181470
0.166600	4.550750
0.166700	5.028430
0.166800	4.550750
0.166900	-1.659160
0.167000	-5.002950
0.167100	-3.569900
0.167200	-3.569900
0.167300	-0.226104
0.167400	-1.181470
0.167500	-0.226104
0.167600	-0.703789
0.167700	3.117690
0.167800	5.983800
0.167900	-0.226104
0.168000	-1.181470
0.168100	0.251581
0.168200	0.729266
0.168300	0.251581
0.168400	-0.703789
0.168500	-0.703789
0.168600	-1.659160
0.168700	0.251581
0.168800	0.729266
0.168900	2.162320
0.169000	0.729266
0.169100	0.251581
0.169200	0.251581
0.169300	-2.614530
0.169400	-1.659160
0.169500	-0.703789
0.169600	1.206950
0.169700	-1.659160
0.169800	-0.703789
0.169900	4.550750
0.170000	-0.703789
0.170100	-1.659160
0.170200	0.251581
0.170300	-1.659160
0.170400	-2.614530
0.170500	-1.659160
0.170600	-3.569900
0.170700	-3.569900
0.170800	-1.659160
0.170900	-2.614530
0.171000	-1.659160
0.171100	-1.181470
0.171200	3.117690
0.171300	-2.136840
0.171400	-1.659160
0.171500	-0.703789
0.171600	0.251581
0.171700	0.251581
0.171800	-1.659160
0.171900	-0.703789
0.172000	2.162320
0.172100	4.073060
0.172200	0.251581
0.172300	0.729266
0.172400	-0.226104
0.172500	1.206950
0.172600	-0.703789
0.172700	-2.614530
0.172800	-5.480640
0.172900	-3.569900
0.173000	1.206950
0.173100	-1.659160
0.173200	2.162320
0.173300	6.461490
0.173400	-0.703789
0.173500	-1.659160
0.173600	4.073060
0.173700	-1.181470
0.173800	-3.569900
0.173900	-0.703789
0.174000	-0.703789
0.174100	3.117690
0.174200	-0.703789
0.174300	-3.569900
0.174400	0.251581
0.174500	2.162320
0.174600	-0.703789
0.174700	-1.659160
0.174800	0.251581
0.174900	-0.226104
0.175000	-2.614530
0.175100	-3.092210
0.175200	-1.659160
0.175300	-1.659160
0.175400	3.117690
0.175500	5.983800
0.175600	2.162320
0.175700	0.251581
0.175800	0.729266
0.175900	-0.703789
0.176000	2.162320
0.176100	4.073060
0.176200	1.206950
0.176300	1.206950
0.176400	-2.136840
0.176500	-0.703789
0.176600	0.251581
0.176700	2.162320
0.176800	-0.703789
0.176900	-3.569900
0.177000	-7.391380
0.177100	-1.659160
0.177200	-1.181470
0.177300	-1.659160
0.177400	-0.703789
0.177500	4.073060
0.177600	2.640010
0.177700	-1.181470
0.177800	-3.092210
0.177900	0.251581
0.178000	3.117690
0.178100	-0.226104
0.178200	2.162320
0.178300	-1.659160
0.178400	0.729266
0.178500	4.073060
0.178600	-0.703789
0.178700	0.729266
0.178800	-1.659160
0.178900	2.162320
0.179000	4.073060
0.179100	-1.659160
0.179200	-0.703789
0.179300	2.162320
0.179400	-0.703789
0.179500	-5.480640
0.179600	-3.569900
0.179700	-3.569900
0.179800	1.206950
0.179900	-0.703789
0.180000	0.251581
0.180100	-1.659160
0.180200	-1.659160
0.180300	-2.614530
0.180400	-2.614530
0.180500	-1.659160
0.180600	-1.659160
0.180700	-1.181470
0.180800	3.117690
0.180900	3.117690
0.181000	2.162320
0.181100	-1.181470
0.181200	-4.525270
0.181300	-2.614530
0.181400	-4.525270
0.181500	-4.525270
0.181600	0.251581
0.181700	0.251581
0.181800	-1.659160
0.181900	2.162320
0.182000	-1.181470
0.182100	-3.569900
0.182200	-3.569900
0.182300	4.073060
0.182400	0.729266
0.182500	1.206950
0.182600	-1.181470
0.182700	-1.659160
0.182800	2.162320
0.182900	0.729266
0.183000	-1.659160
0.183100	1.206950
0.183200	4.073060
0.183300	0.251581
0.183400	-3.569900
0.183500	-1.659160
0.183600	-2.614530
0.183700	2.162320
0.183800	-2.614530
0.183900	-1.659160
0.184000	-1.181470
0.184100	2.162320
0.184200	2.162320
0.184300	-2.136840
0.184400	-0.703789
0.184500	1.206950
0.184600	0.729266
0.184700	-1.659160
0.184800	3.117690
0.184900	2.162320
0.185000	-1.659160
0.185100	-1.659160
0.185200	2.162320
0.185300	0.251581
0.185400	-1.659160
0.185500	-1.659160
0.185600	-1.659160
0.185700	-2.614530
0.185800	-1.659160
0.185900	-0.226104
0.186000	5.983800
0.186100	2.640010
0.186200	2.640010
0.186300	-0.703789
0.186400	-1.659160
0.186500	-1.659160
0.186600	-1.659160
0.186700	-0.703789
0.186800	-3.092210
0.186900	-3.569900
0.187000	-3.092210
0.187100	0.251581
0.187200	-2.614530
0.187300	-1.659160
0.187400	0.251581
0.187500	-0.703789
0.187600	2.162320
0.187700	3.117690
0.187800	0.729266
0.187900	0.251581
0.188000	2.162320
0.188100	0.251581
0.188200	2.162320
0.188300	-2.136840
0.188400	-2.614530
0.188500	0.251581
0.188600	0.251581
0.188700	-2.614530
0.188800	0.729266
0.188900	-2.614530
0.189000	-1.659160
0.189100	0.251581
0.189200	3.117690
0.189300	3.117690
0.189400	-1.659160
0.189500	-5.480640
0.189600	-1.181470
0.189700	-0.703789
0.189800	-1.181470
0.189900	-1.659160
0.190000	-1.659160
0.190100	-3.569900
0.190200	-4.047580
0.190300	-3.569900
0.190400	-0.226104
0.190500	0.729266
0.190600	-1.659160
0.190700	0.251581
0.190800	0.251581
0.190900	0.251581
0.191000	2.162320
0.191100	2.162320
0.191200	-1.659160
0.191300	0.251581
0.191400	-2.614530
0.191500	-0.703789
0.191600	-1.659160
0.191700	-4.047580
0.191800	-2.136840
0.191900	2.162320
0.192000	0.251581
0.192100	2.162320
0.192200	-1.659160
0.192300	-3.569900
0.192400	-6.436010
0.192500	-0.703789
0.192600	2.162320
0.192700	-1.659160
0.192800	-5.480640
0.192900	-3.569900
0.193000	-1.659160
0.193100	-6.436010
0.193200	-5.480640
0.193300	-1.659160
0.193400	-0.703789
0.193500	-1.659160
0.193600	-0.703789
0.193700	-1.659160
0.193800	-2.614530
0.193900	0.251581
0.194000	-1.659160
0.194100	-3.092210
0.194200	-3.569900
0.194300	-1.659160
0.194400	2.162320
0.194500	0.251581
0.194600	-0.703789
0.194700	-0.226104
0.194800	3.117690
0.194900	3.117690
0.195000	-0.703789
0.195100	-4.047580
0.195200	-1.659160
0.195300	-1.659160
0.195400	-4.047580
0.195500	-4.525270
0.195600	0.251581
0.195700	0.251581
0.195800	2.162320
0.195900	4.073060
0.196000	1.206950
0.196100	-1.659160
0.196200	0.251581
0.196300	-0.703789
0.196400	-3.569900
0.196500	-1.659160
0.196600	-1.659160
0.196700	-3.569900
0.196800	-4.525270
0.196900	-1.181470
0.197000	-1.181470
0.197100	-0.703789
0.197200	0.251581
0.197300	-2.614530
0.197400	-1.659160
0.197500	-3.569900
0.197600	-1.659160
0.197700	1.206950
0.197800	4.550750
0.197900	-1.659160
0.198000	-1.659160
0.198100	-1.659160
0.198200	-3.569900
0.198300	-6.913690
0.198400	-3.569900
0.198500	-1.659160
0.198600	-1.659160
0.198700	-1.659160
0.198800	0.251581
0.198900	-1.659160
0.199000	-0.703789
0.199100	-2.614530
0.199200	-0.703789
0.199300	-1.181470
0.199400	2.640010
0.199500	2.162320
0.199600	0.251581
0.199700	-0.703789
0.199800	-2.136840
0.199900	2.162320
0.200000	-0.703789
0.200100	-1.181470
0.200200	-3.569900
0.200300	-1.659160
0.200400	1.206950
0.200500	0.251581
0.200600	2.162320
0.200700	1.206950
0.200800	2.162320
0.200900	2.162320
0.201000	-1.181470
0.201100	-5.480640
0.201200	-4.525270
0.201300	-4.525270
0.201400	-7.391380
0.201500	-3.092210
0.201600	-4.525270
0.201700	-1.659160
0.201800	-1.181470
0.201900	-0.703789
0.202000	0.729266
0.202100	-2.614530
0.202200	-0.703789
0.202300	-1.659160
0.202400	-4.525270
0.202500	-4.525270
0.202600	-3.092210
0.202700	-0.703789
0.202800	1.206950
0.202900	-0.703789
0.203000	-3.569900
0.203100	-0.703789
0.203200	-1.659160
0.203300	1.206950
0.203400	-0.703789
0.203500	2.162320
0.203600	-0.703789
0.203700	-1.659160
0.203800	-1.659160
0.203900	-2.614530
0.204000	-3.092210
0.204100	-1.659160
0.204200	3.117690
0.204300	0.251581
0.204400	-2.614530
0.204500	-2.614530
0.204600	-1.659160
0.204700	-1.659160
0.204800	-0.703789
0.204900	-1.659160
0.205000	-2.136840
0.205100	-1.659160
0.205200	-7.391380
0.205300	-3.569900
0.205400	1.206950
0.205500	-2.614530
0.205600	-2.614530
0.205700	-3.092210
0.205800	0.251581
0.205900	-3.569900
0.206000	0.251581
0.206100	-0.226104
0.206200	2.162320
0.206300	-3.569900
0.206400	-5.480640
0.206500	-1.659160
0.206600	-0.226104
0.206700	-2.614530
0.206800	-5.002950
0.206900	1.206950
0.207000	-1.181470
0.207100	1.206950
0.207200	2.640010
0.207300	2.162320
0.207400	2.162320
0.207500	4.073060
0.207600	3.117690
0.207700	-2.614530
0.207800	-2.136840
0.207900	-3.569900
0.208000	-6.913690
0.208100	0.251581
0.208200	3.595380
0.208300	2.162320
0.208400	1.206950
0.208500	0.251581
0.208600	0.251581
0.208700	0.251581
0.208800	-0.703789
0.208900	2.162320
0.209000	0.251581
0.209100	-3.569900
0.209200	-2.614530
0.209300	-1.659160
0.209400	-0.226104
0.209500	-0.703789
0.209600	0.251581
0.209700	3.117690
0.209800	0.251581
0.209900	-0.703789
0.210000	3.117690
0.210100	2.640010
0.210200	2.162320
0.210300	0.251581
0.210400	2.162320
0.210500	-1.659160
0.210600	-8.346750
0.210700	0.251581
0.210800	-0.703789
0.210900	0.251581
0.211000	-0.226104
0.211100	2.162320
0.211200	4.073060
0.211300	2.162320
0.211400	0.729266
0.211500	0.729266
0.211600	-4.525270
0.211700	-0.703789
0.211800	0.251581
0.211900	0.251581
0.212000	2.640010
0.212100	4.550750
0.212200	2.162320
0.212300	-3.092210
0.212400	-1.659160
0.212500	-0.226104
0.212600	-3.092210
0.212700	-1.659160
0.212800	1.206950
0.212900	4.073060
0.213000	0.251581
0.213100	-2.136840
0.213200	2.162320
0.213300	0.251581
0.213400	-1.659160
0.213500	-1.659160
0.213600	5.983800
0.213700	5.028430
0.213800	-0.703789
0.213900	0.251581
0.214000	2.162320
0.214100	4.073060
0.214200	-0.703789
0.214300	0.251581
0.214400	4.073060
0.214500	2.640010
0.214600	2.162320
0.214700	-0.226104
0.214800	2.162320
0.214900	-5.002950
0.215000	-6.436010
0.215100	0.251581
0.215200	6.939170
0.215300	5.028430
0.215400	-0.703789
0.215500	0.251581
0.215600	2.162320
0.215700	2.162320
0.215800	0.729266
0.215900	4.073060
0.216000	2.162320
0.216100	-0.703789
0.216200	-1.181470
0.216300	0.251581
0.216400	-1.659160
0.216500	0.251581
0.216600	-0.703789
0.216700	2.162320
0.216800	3.117690
0.216900	2.162320
0.217000	-1.659160
0.217100	-2.136840
0.217200	-1.181470
0.217300	-0.703789
0.217400	-0.703789
0.217500	-0.703789
0.217600	0.251581
0.217700	0.251581
0.217800	2.640010
0.217900	-1.181470
0.218000	-0.226104
0.218100	1.206950
0.218200	4.073060
0.218300	-0.703789
0.218400	1.206950
0.218500	0.251581
0.218600	-1.659160
0.218700	-3.092210
0.218800	-1.659160
0.218900	-1.659160
0.219000	-3.569900
0.219100	-1.659160
0.219200	-0.703789
0.219300	2.162320
0.219400	-1.181470
0.219500	-5.002950
0.219600	-1.181470
0.219700	0.251581
0.219800	0.251581
0.219900	-1.659160
0.220000	0.251581
0.220100	-0.703789
0.220200	-0.703789
0.220300	3.117690
0.220400	2.162320
0.220500	-5.002950
0.220600	-7.391380
0.220700	-3.569900
0.220800	2.640010
0.220900	-3.092210
0.221000	-2.614530
0.221100	-6.913690
0.221200	-0.703789
0.221300	-1.659160
0.221400	-5.002950
0.221500	-4.525270
0.221600	-5.958320
0.221700	-6.913690
0.221800	-5.002950
0.221900	0.251581
0.222000	1.206950
0.222100	0.251581
0.222200	-1.181470
0.222300	0.251581
0.222400	-4.525270
0.222500	-1.181470
0.222600	0.251581
0.222700	3.117690
0.222800	-1.659160
0.222900	-7.391380
0.223000	-5.480640
0.223100	0.251581
0.223200	4.073060
0.223300	0.251581
0.223400	-1.659160
0.223500	3.117690
0.223600	4.073060
0.223700	1.206950
0.223800	-0.703789
0.223900	2.640010
0.224000	5.983800
0.224100	2.162320
0.224200	-0.703789
0.224300	0.729266
0.224400	0.251581
0.224500	0.251581
0.224600	-4.525270
0.224700	-4.525270
0.224800	-0.703789
0.224900	-1.659160
0.225000	0.251581
0.225100	-0.703789
0.225200	-0.703789
0.225300	1.206950
0.225400	3.117690
0.225500	1.206950
0.225600	-1.659160
0.225700	-7.869060
0.225800	-5.480640
0.225900	-1.659160
0.226000	-2.614530
0.226100	-4.525270
0.226200	-2.614530
0.226300	0.729266
0.226400	3.117690
0.226500	-1.659160
0.226600	-2.614530
0.226700	-2.614530
0.226800	-4.525270
0.226900	-4.525270
0.227000	-5.480640
0.227100	-3.569900
0.227200	2.162320
0.227300	2.162320
0.227400	-2.614530
0.227500	-5.002950
0.227600	-3.569900
0.227700	-2.136840
0.227800	2.162320
0.227900	-0.226104
0.228000	-0.703789
0.228100	-5.480640
0.228200	-5.002950
0.228300	-3.569900
0.228400	-5.480640
0.228500	-5.002950
0.228600	-0.703789
0.228700	-0.703789
0.228800	-0.703789
0.228900	-0.703789
0.229000	-1.659160
0.229100	-1.659160
0.229200	-3.569900
0.229300	-0.703789
0.229400	-3.092210
0.229500	-1.659160
0.229600	-0.703789
0.229700	0.251581
0.229800	-5.002950
0.229900	-8.346750
0.230000	0.251581
0.230100	1.206950
0.230200	0.251581
0.230300	-0.703789
0.230400	0.251581
0.230500	-1.659160
0.230600	-3.092210
0.230700	-3.092210
0.230800	-1.659160
0.230900	-0.703789
0.231000	-1.659160
0.231100	-0.703789
0.231200	-4.525270
0.231300	-1.181470
0.231400	1.206950
0.231500	2.162320
0.231600	4.073060
0.231700	-0.703789
0.231800	0.251581
0.231900	-0.703789
0.232000	-0.703789
0.232100	2.162320
0.232200	2.162320
0.232300	2.162320
0.232400	2.162320
0.232500	0.251581
0.232600	2.162320
0.232700	0.251581
0.232800	-0.703789
0.232900	-1.181470
0.233000	0.251581
0.233100	2.162320
0.233200	-2.614530
0.233300	-2.614530
0.233400	-2.614530
0.233500	-0.703789
0.233600	-0.226104
0.233700	2.162320
0.233800	-1.659160
0.233900	-3.092210
0.234000	-0.703789
0.234100	-0.226104
0.234200	2.162320
0.234300	2.162320
0.234400	-1.181470
0.234500	2.162320
0.234600	2.162320
0.234700	-4.525270
0.234800	-4.047580
0.234900	-1.181470
0.235000	-3.569900
0.235100	-1.659160
0.235200	-0.703789
0.235300	-1.659160
0.235400	-0.703789
0.235500	2.640010
0.235600	2.162320
0.235700	3.117690
0.235800	2.162320
0.235900	-6.436010
0.236000	-3.092210
0.236100	-1.659160
0.236200	3.117690
0.236300	-1.659160
0.236400	-2.614530
0.236500	-2.614530
0.236600	-5.480640
0.236700	-2.614530
0.236800	-1.659160
0.236900	-1.659160
0.237000	-5.002950
0.237100	-2.136840
0.237200	2.162320
0.237300	2.162320
0.237400	-3.569900
0.237500	-1.659160
0.237600	-1.181470
0.237700	0.251581
0.237800	-3.092210
0.237900	-1.181470
0.238000	-3.569900
0.238100	-5.958320
0.238200	-1.659160
0.238300	-3.569900
0.238400	-6.436010
0.238500	-4.525270
0.238600	-0.703789
0.238700	0.251581
0.238800	-0.703789
0.238900	0.729266
0.239000	-4.525270
0.239100	0.251581
0.239200	1.206950
0.239300	0.251581
0.239400	-1.659160
0.239500	0.729266
0.239600	-1.181470
0.239700	-0.703789
0.239800	0.251581
0.239900	-2.614530
0.240000	-1.659160
0.240100	-1.181470
0.240200	-0.703789
0.240300	-0.703789
0.240400	2.162320
0.240500	-1.659160
0.240600	-1.659160
0.240700	-0.703789
0.240800	0.251581
0.240900	0.251581
0.241000	0.251581
0.241100	-5.480640
0.241200	-3.092210
0.241300	-4.525270
0.241400	-3.092210
0.241500	-2.614530
0.241600	3.117690
0.241700	5.983800
0.241800	3.117690
0.241900	0.251581
0.242000	-1.659160
0.242100	-0.703789
0.242200	-4.525270
0.242300	-4.525270
0.242400	-1.659160
0.242500	-3.092210
0.242600	-1.659160
0.242700	-2.614530
0.242800	-1.659160
0.242900	-0.226104
0.243000	2.162320
0.243100	1.206950
0.243200	0.251581
0.243300	-4.525270
0.243400	-3.092210
0.243500	-3.569900
0.243600	-3.569900
0.243700	-1.659160
0.243800	0.251581
0.243900	-0.703789
0.244000	0.251581
0.244100	-2.614530
0.244200	-2.136840
0.244300	2.162320
0.244400	1.206950
0.244500	-1.659160
0.244600	-2.614530
0.244700	-3.092210
0.244800	-0.703789
0.244900	0.729266
0.245000	-1.659160
0.245100	-6.436010
0.245200	-0.703789
0.245300	-1.659160
0.245400	-1.659160
0.245500	-3.569900
0.245600	-2.136840
0.245700	-5.480640
0.245800	-5.002950
0.245900	-1.659160
0.246000	0.251581
0.246100	-0.703789
0.246200	-2.136840
0.246300	-0.703789
0.246400	1.206950
0.246500	2.162320
0.246600	-0.703789
0.246700	-2.614530
0.246800	-3.092210
0.246900	-0.703789
0.247000	0.729266
0.247100	4.073060
0.247200	0.729266
0.247300	-0.703789
0.247400	-2.614530
0.247500	-0.703789
0.247600	2.162320
0.247700	2.162320
0.247800	3.117690
0.247900	-0.703789
0.248000	-1.659160
0.248100	-2.614530
0.248200	-1.659160
0.248300	-0.703789
0.248400	-0.226104
0.248500	-0.226104
0.248600	0.251581
0.248700	2.162320
0.248800	0.251581
0.248900	0.251581
0.249000	4.073060
0.249100	3.117690
0.249200	5.028430
0.249300	0.251581
0.249400	-2.614530
0.249500	-1.659160
0.249600	-1.659160
0.249700	0.729266
0.249800	-1.181470
0.249900	0.251581
0.250000	-0.703789
0.250100	4.073060
0.250200	3.117690
0.250300	-0.703789
0.250400	-4.525270
0.250500	2.640010
0.250600	4.073060
0.250700	2.162320
0.250800	-2.614530
0.250900	0.251581
0.251000	6.939170
0.251100	4.073060
0.251200	-0.226104
0.251300	-2.614530
0.251400	-0.703789
0.251500	2.162320
0.251600	-0.703789
0.251700	-3.569900
0.251800	-1.659160
0.251900	2.162320
0.252000	1.206950
0.252100	0.251581
0.252200	-2.614530
0.252300	2.162320
0.252400	1.206950
0.252500	2.162320
0.252600	1.206950
0.252700	-1.659160
0.252800	3.117690
0.252900	1.206950
0.253000	2.162320
0.253100	-2.614530
0.253200	-1.659160
0.253300	2.162320
0.253400	0.729266
0.253500	0.251581
0.253600	2.162320
0.253700	3.117690
0.253800	-1.659160
0.253900	-3.569900
0.254000	-0.703789
0.254100	2.162320
0.254200	-3.092210
0.254300	-3.569900
0.254400	2.162320
0.254500	6.461490
0.254600	5.028430
0.254700	5.983800
0.254800	2.162320
0.254900	-1.659160
0.255000	-3.569900
0.255100	-1.659160
0.255200	-2.614530
0.255300	-6.436010
0.255400	-5.480640
0.255500	-1.181470
0.255600	-1.659160
0.255700	-0.703789
0.255800	2.640010
0.255900	5.983800
0.256000	4.073060
0.256100	4.073060
0.256200	0.251581
0.256300	-7.391380
0.256400	-2.614530
0.256500	-1.659160
0.256600	-1.659160
0.256700	-1.659160
0.256800	5.983800
0.256900	4.550750
0.257000	3.117690
0.257100	0.251581
0.257200	-4.525270
0.257300	-1.181470
0.257400	2.162320
0.257500	3.117690
0.257600	4.073060
0.257700	-0.703789
0.257800	0.251581
0.257900	-1.181470
0.258000	4.073060
0.258100	3.117690
0.258200	5.983800
0.258300	-0.703789
0.258400	4.073060
0.258500	4.073060
0.258600	-0.703789
0.258700	-2.614530
0.258800	0.251581
0.258900	0.251581
0.259000	0.251581
0.259100	2.162320
0.259200	-1.659160
0.259300	-5.002950
0.259400	-3.569900
0.259500	2.162320
0.259600	4.073060
0.259700	2.162320
0.259800	-1.659160
0.259900	-4.525270
0.260000	-2.614530
0.260100	-1.659160
0.260200	-3.569900
0.260300	-5.480640
0.260400	-3.092210
0.260500	2.162320
0.260600	-2.614530
0.260700	-3.569900
0.260800	-1.181470
0.260900	0.729266
0.261000	-1.181470
0.261100	-1.659160
0.261200	-6.436010
0.261300	-5.480640
0.261400	-1.659160
0.261500	-2.614530
0.261600	-1.659160
0.261700	2.162320
0.261800	0.251581
0.261900	-0.703789
0.262000	-1.181470
0.262100	-1.659160
0.262200	-0.703789
0.262300	1.206950
0.262400	-0.703789
0.262500	-1.659160
0.262600	1.206950
0.262700	4.073060
0.262800	-1.659160
0.262900	-0.703789
0.263000	-0.703789
0.263100	2.162320
0.263200	1.206950
0.263300	2.640010
0.263400	2.162320
0.263500	-1.659160
0.263600	-5.480640
0.263700	-0.703789
0.263800	-1.659160
0.263900	-1.659160
0.264000	1.206950
0.264100	2.162320
0.264200	-1.659160
0.264300	-3.569900
0.264400	-3.569900
0.264500	0.251581
0.264600	-0.226104
0.264700	1.684640
0.264800	0.251581
0.264900	2.162320
0.265000	-2.614530
0.265100	-1.659160
0.265200	2.162320
0.265300	3.595380
0.265400	-2.614530
0.265500	-3.569900
0.265600	-2.614530
0.265700	-0.226104
0.265800	-0.703789
0.265900	-0.703789
0.266000	-0.703789
0.266100	-2.614530
0.266200	-1.659160
0.266300	-3.569900
0.266400	-4.525270
0.266500	-5.002950
0.266600	-1.659160
0.266700	3.117690
0.266800	-1.181470
0.266900	-2.614530
0.267000	-1.659160
0.267100	0.251581
0.267200	0.251581
0.267300	0.251581
0.267400	2.640010
0.267500	2.162320
0.267600	2.162320
0.267700	-3.569900
0.267800	-7.869060
0.267900	-1.659160
0.268000	-1.659160
0.268100	-1.181470
0.268200	-3.569900
0.268300	-5.480640
0.268400	-8.824430
0.268500	-7.391380
0.268600	-3.092210
0.268700	-1.181470
0.268800	-1.659160
0.268900	-3.092210
0.269000	-3.092210
0.269100	-1.659160
0.269200	0.729266
0.269300	-0.226104
0.269400	4.073060
0.269500	0.251581
0.269600	-4.047580
0.269700	-4.525270
0.269800	2.162320
0.269900	-0.703789
0.270000	-2.136840
0.270100	-1.659160
0.270200	0.251581
0.270300	-1.659160
0.270400	-2.614530
0.270500	-1.659160
0.270600	-5.480640
0.270700	-1.659160
0.270800	-3.092210
0.270900	-5.480640
0.271000	1.206950
0.271100	2.162320
0.271200	-1.659160
0.271300	-1.659160
0.271400	0.251581
0.271500	0.729266
0.271600	-0.703789
0.271700	-0.703789
0.271800	2.162320
0.271900	1.206950
0.272000	5.983800
0.272100	-0.703789
0.272200	-2.614530
0.272300	-2.614530
0.272400	2.162320
0.272500	2.162320
0.272600	1.684640
0.272700	4.073060
0.272800	4.073060
0.272900	2.162320
0.273000	-2.614530
0.273100	-3.569900
0.273200	-0.703789
0.273300	5.983800
0.273400	4.073060
0.273500	-2.614530
0.273600	2.162320
0.273700	-1.181470
0.273800	-3.092210
0.273900	-7.869060
0.274000	-6.436010
0.274100	-1.659160
0.274200	-3.569900
0.274300	-1.659160
0.274400	0.729266
0.274500	2.162320
0.274600	-0.226104
0.274700	-0.226104
0.274800	3.117690
0.274900	1.206950
0.275000	2.162320
0.275100	3.595380
0.275200	-1.659160
0.275300	-3.569900
0.275400	-0.703789
0.275500	-0.703789
0.275600	-1.659160
0.275700	-1.659160
0.275800	-0.703789
0.275900	2.162320
0.276000	-3.569900
0.276100	-3.569900
0.276200	-3.092210
0.276300	-1.659160
0.276400	-0.226104
0.276500	2.162320
0.276600	2.640010
0.276700	0.251581
0.276800	2.162320
0.276900	-1.659160
0.277000	-0.703789
0.277100	-0.703789
0.277200	-2.614530
0.277300	-1.659160
0.277400	-1.659160
0.277500	-1.659160
0.277600	1.206950
0.277700	2.640010
0.277800	-0.703789
0.277900	-5.480640
0.278000	-3.092210
0.278100	4.550750
0.278200	1.206950
0.278300	0.729266
0.278400	-0.703789
0.278500	1.206950
0.278600	0.729266
0.278700	-3.569900
0.278800	-1.659160
0.278900	0.251581
0.279000	4.073060
0.279100	2.640010
0.279200	0.251581
0.279300	-1.659160
0.279400	-2.614530
0.279500	-1.659160
0.279600	-0.703789
0.279700	2.640010
0.279800	3.117690
0.279900	-0.703789
0.280000	-3.569900
0.280100	-0.703789
0.280200	0.251581
0.280300	2.162320
0.280400	-2.614530
0.280500	-3.569900
0.280600	-2.136840
0.280700	-2.614530
0.280800	0.251581
0.280900	1.206950
0.281000	3.117690
0.281100	2.162320
0.281200	4.073060
0.281300	0.251581
0.281400	0.729266
0.281500	2.162320
0.281600	-2.136840
0.281700	-0.703789
0.281800	0.729266
0.281900	0.729266
0.282000	-3.569900
0.282100	-2.614530
0.282200	-1.659160
0.282300	-1.659160
0.282400	2.162320
0.282500	4.073060
0.282600	1.206950
0.282700	4.073060
0.282800	2.640010
0.282900	1.206950
0.283000	2.162320
0.283100	1.206950
0.283200	0.251581
0.283300	1.206950
0.283400	-1.659160
0.283500	0.729266
0.283600	0.251581
0.283700	-1.659160
0.283800	-3.569900
0.283900	-1.659160
0.284000	-2.136840
0.284100	0.729266
0.284200	0.251581
0.284300	4.550750
0.284400	5.028430
0.284500	-3.569900
0.284600	-1.659160
0.284700	0.251581
0.284800	-1.659160
0.284900	5.028430
0.285000	3.117690
0.285100	-0.703789
0.285200	2.162320
0.285300	2.162320
0.285400	2.162320
0.285500	2.162320
0.285600	-1.659160
0.285700	3.117690
0.285800	-1.659160
0.285900	-2.614530
0.286000	-3.569900
0.286100	-0.226104
0.286200	2.162320
0.286300	-2.614530
0.286400	-3.569900
0.286500	-1.659160
0.286600	0.251581
0.286700	0.729266
0.286800	-3.569900
0.286900	0.251581
0.287000	-0.226104
0.287100	0.251581
0.287200	3.117690
0.287300	2.640010
0.287400	0.729266
0.287500	2.162320
0.287600	2.162320
0.287700	-1.181470
0.287800	-1.181470
0.287900	-1.659160
0.288000	-3.569900
0.288100	-1.181470
0.288200	3.117690
0.288300	-0.703789
0.288400	-1.181470
0.288500	2.640010
0.288600	0.729266
0.288700	-0.703789
0.288800	3.117690
0.288900	-1.659160
0.289000	-0.226104
0.289100	-1.659160
0.289200	-2.614530
0.289300	-0.703789
0.289400	-0.703789
0.289500	-4.525270
0.289600	-2.136840
0.289700	3.117690
0.289800	2.162320
0.289900	0.251581
0.290000	0.251581
0.290100	0.251581
0.290200	-1.659160
0.290300	0.251581
0.290400	0.251581
0.290500	-3.569900
0.290600	-0.703789
0.290700	2.162320
0.290800	0.729266
0.290900	-3.569900
0.291000	-3.569900
0.291100	1.206950
0.291200	0.251581
0.291300	0.729266
0.291400	-1.659160
0.291500	-0.703789
0.291600	-2.614530
0.291700	0.251581
0.291800	-3.569900
0.291900	-2.136840
0.292000	0.251581
0.292100	-0.226104
0.292200	-1.181470
0.292300	-4.525270
0.292400	-2.614530
0.292500	-3.092210
0.292600	-5.958320
0.292700	-5.480640
0.292800	-3.569900
0.292900	-1.659160
0.293000	-0.703789
0.293100	-2.614530
0.293200	-6.913690
0.293300	-3.092210
0.293400	-3.569900
0.293500	-0.703789
0.293600	2.640010
0.293700	5.028430
0.293800	3.117690
0.293900	-0.703789
0.294000	-3.092210
0.294100	2.162320
0.294200	-0.226104
0.294300	0.251581
0.294400	4.073060
0.294500	5.983800
0.294600	2.162320
0.294700	-1.659160
0.294800	1.206950
0.294900	-0.226104
0.295000	3.117690
0.295100	3.117690
0.295200	1.206950
0.295300	-0.703789
0.295400	-3.569900
0.295500	0.251581
0.295600	0.251581
0.295700	-0.703789
0.295800	-1.181470
0.295900	-5.002950
0.296000	-3.092210
0.296100	-1.659160
0.296200	-4.047580
0.296300	-2.614530
0.296400	-2.614530
0.296500	-1.659160
0.296600	2.162320
0.296700	-1.659160
0.296800	-5.480640
0.296900	-1.659160
0.297000	2.162320
0.297100	-2.614530
0.297200	2.162320
0.297300	-2.614530
0.297400	-1.659160
0.297500	0.251581
0.297600	2.162320
0.297700	-0.703789
0.297800	-0.703789
0.297900	1.206950
0.298000	-2.614530
0.298100	-3.569900
0.298200	-1.659160
0.298300	1.206950
0.298400	5.983800
0.298500	3.117690
0.298600	2.640010
0.298700	-0.703789
0.298800	-1.659160
0.298900	0.251581
0.299000	0.251581
0.299100	-0.703789
0.299200	-0.703789
0.299300	0.251581
0.299400	0.251581
0.299500	1.206950
0.299600	-1.659160
0.299700	-1.659160
0.299800	-1.659160
0.299900	-1.659160
